# diffractive D0 cross section, Pb target, LHAPDF fragmentation, An0n channel
# generated      : 2026-08-19 15:30:54 EEST
# calls          : 1e5 (VEGAS calls per point, see CALLS_EXCL/CALLS_EXCL_FACTORIZED/CALLS_DIFF)
# dipole samples : data/Pb/bk_posterior/member_0097/glauber_mve_<b>
# pD0 sweep      : 0.2 0.3 0.4 0.5 0.6 0.7 0.8 0.9 1.0 1.1 1.2 1.3 1.4 1.5 1.6 1.7 1.8 1.9 2.0 2.5 3.0 3.5 4.0 4.5 5.0 5.5 6.0 6.5 7.0 7.5 8.0 8.5 9.0 9.5 10.0 10.5 11.0 11.5 12.0
# fixed rapidity y : 1.0
# ============================================================
# b  pD0  dsigma_dyd2pD0
0  0.4  0.767345
0  0.5  0.852785
0  0.2  0.426834
0  0.3  0.612437
0  0.7  0.812861
0  0.6  0.858503
0  0.8  0.728701
0  0.9  0.635537
0  1.0  0.541959
0  1.1  0.45144
0  1.2  0.375534
0  1.5  0.208563
0  1.4  0.254525
0  1.3  0.308903
0  1.6  0.168709
0  1.7  0.140702
0  1.8  0.116011
0  2.0  0.0796617
0  1.9  0.0954438
0  2.5  0.0328778
0  3.0  0.0148797
0  3.5  0.00717006
0  4.5  0.00209163
0  5.0  0.00122764
0  4.0  0.00376486
0  5.5  0.000745883
0  6.5  0.00029894
0  7.5  0.000131977
0  6.0  0.000464272
0  7.0  0.00020213
0  8.0  8.93893e-05
0  8.5  6.41092e-05
0  10.0  2.39155e-05
0  9.0  4.55466e-05
0  9.5  3.36546e-05
0  10.5  1.79135e-05
0  11.0  1.31585e-05
10  0.2  0.414161
10  0.3  0.601044
10  0.4  0.750649
10  0.5  0.837503
10  0.6  0.842156
10  0.7  0.801011
10  0.8  0.713517
10  0.9  0.605917
10  1.0  0.524128
0  11.5  1.00726e-05
10  1.1  0.435359
10  1.2  0.358987
10  1.3  0.296963
10  1.4  0.242771
10  1.5  0.202439
10  1.6  0.164517
10  1.7  0.136818
10  1.8  0.110609
10  1.9  0.091986
10  2.5  0.0314301
10  2.0  0.0759524
10  3.0  0.0141609
10  3.5  0.00694749
0  12.0  7.43794e-06
10  5.0  0.00116077
10  4.0  0.00355649
10  4.5  0.00201482
10  5.5  0.000700044
10  6.5  0.000284146
10  6.0  0.000443179
10  7.5  0.000126429
10  7.0  0.000194147
10  8.0  8.69873e-05
10  8.5  5.88734e-05
10  9.0  4.29879e-05
10  10.5  1.68798e-05
10  9.5  3.18161e-05
10  10.0  2.29558e-05
12  0.2  0.41741
12  0.3  0.597624
12  0.4  0.756915
12  0.5  0.828973
12  0.6  0.830378
10  11.0  1.29093e-05
12  0.7  0.784642
12  0.8  0.6951
12  0.9  0.605981
12  1.0  0.515072
12  1.1  0.431205
12  1.2  0.359017
12  1.3  0.290818
12  1.4  0.239776
12  1.5  0.195155
12  1.6  0.160712
12  1.7  0.132975
12  1.8  0.109442
12  1.9  0.0899228
12  2.0  0.0736189
10  12.0  7.06643e-06
12  2.5  0.0306751
10  11.5  9.3788e-06
12  3.0  0.0137793
12  3.5  0.00677496
12  4.0  0.0035088
12  4.5  0.00196033
12  5.0  0.00109442
12  5.5  0.000699302
12  6.5  0.000272581
12  7.5  0.000123753
12  6.0  0.000415982
12  7.0  0.000176364
12  8.0  8.14191e-05
12  8.5  5.91332e-05
12  10.0  2.20857e-05
12  9.0  4.26527e-05
12  9.5  3.10052e-05
12  10.5  1.6361e-05
12  11.5  8.93089e-06
14  0.2  0.408222
14  0.3  0.59968
14  0.4  0.746547
14  0.5  0.822151
12  11.0  1.2168e-05
14  0.6  0.827103
14  0.7  0.763538
14  0.8  0.683656
14  0.9  0.592097
14  1.0  0.502145
14  1.2  0.351098
14  1.1  0.418181
14  1.4  0.234468
14  1.5  0.190745
14  1.3  0.286014
14  1.6  0.155161
14  1.7  0.128442
14  1.8  0.105684
14  1.9  0.0880093
14  2.0  0.0717831
14  2.5  0.0296509
14  3.5  0.00657221
14  3.0  0.0134198
12  12.0  7.20549e-06
14  4.5  0.00189634
14  5.5  0.000664813
14  5.0  0.00111598
14  4.0  0.00338338
14  6.0  0.000415394
14  6.5  0.000267233
14  7.5  0.000118809
14  7.0  0.000178448
14  8.0  8.26048e-05
14  8.5  5.82782e-05
14  9.0  4.10401e-05
14  9.5  3.04385e-05
14  10.5  1.57779e-05
14  11.5  9.11477e-06
14  10.0  2.18665e-05
16  0.2  0.406241
16  0.3  0.594253
14  11.0  1.21389e-05
16  0.4  0.740353
16  0.5  0.818913
16  0.6  0.806893
16  0.7  0.746537
16  0.8  0.667202
16  0.9  0.573934
16  1.0  0.491916
16  1.2  0.334473
16  1.1  0.406083
16  1.4  0.225029
16  1.3  0.277054
16  1.5  0.184658
16  1.7  0.125197
16  1.6  0.151852
16  1.8  0.101539
16  1.9  0.08384
16  2.5  0.0283437
16  2.0  0.0689269
16  3.0  0.0129069
16  3.5  0.00628655
14  12.0  6.8557e-06
16  4.5  0.00180536
16  5.5  0.00065272
16  4.0  0.00334956
16  5.0  0.00106682
16  6.0  0.000396181
16  7.5  0.000115327
16  6.5  0.000260898
16  7.0  0.000170332
16  8.0  7.92912e-05
16  8.5  5.51354e-05
16  9.0  4.03541e-05
16  9.5  2.82638e-05
16  10.0  2.10991e-05
16  11.0  1.16682e-05
18  0.2  0.40231
18  0.3  0.586268
16  10.5  1.53134e-05
18  0.5  0.805767
18  0.4  0.73133
18  0.6  0.7894
18  0.7  0.732321
18  0.8  0.652808
18  1.0  0.47628
18  0.9  0.56424
18  1.1  0.390023
18  1.2  0.329063
18  1.4  0.218097
18  1.3  0.265357
18  1.5  0.179522
16  11.5  8.58967e-06
18  1.6  0.147522
18  1.7  0.11978
18  1.9  0.0818803
18  1.8  0.0980689
18  2.0  0.066742
18  2.5  0.0274827
18  3.0  0.0125544
18  3.5  0.00612871
16  12.0  6.53009e-06
18  5.0  0.00102878
18  4.0  0.00321717
18  4.5  0.00176679
18  6.0  0.000386667
18  5.5  0.000602828
18  7.5  0.000108789
18  6.5  0.00024147
18  7.0  0.000164317
18  8.0  7.60557e-05
18  8.5  5.30341e-05
18  10.0  2.03476e-05
18  9.0  3.74732e-05
18  10.5  1.46918e-05
18  9.5  2.67935e-05
18  11.5  8.20055e-06
2  0.2  0.423876
2  0.3  0.61416
2  0.4  0.768987
18  11.0  1.08144e-05
2  0.5  0.848764
2  0.6  0.861345
2  0.7  0.81495
2  0.8  0.731654
2  0.9  0.634259
2  1.0  0.543291
2  1.1  0.451319
2  1.2  0.374322
2  1.3  0.304774
2  1.4  0.253455
2  1.5  0.20971
2  1.7  0.140508
2  1.6  0.172091
2  1.8  0.114617
2  1.9  0.0953963
2  2.0  0.0784291
2  2.5  0.0326265
2  3.0  0.014802
2  3.5  0.00725274
18  12.0  6.27798e-06
2  4.5  0.00207278
2  5.0  0.00121796
2  4.0  0.00377228
2  6.5  0.000298862
2  5.5  0.000740925
2  7.5  0.000132808
2  6.0  0.00045996
2  7.0  0.000196131
2  8.0  9.03549e-05
2  8.5  6.46598e-05
2  10.0  2.34648e-05
2  9.0  4.40467e-05
2  9.5  3.19884e-05
2  10.5  1.73882e-05
20  0.2  0.400701
20  0.3  0.575068
2  11.0  1.30194e-05
20  0.4  0.717212
20  0.5  0.771873
20  0.6  0.764665
20  0.7  0.709111
20  0.8  0.626049
20  0.9  0.534902
20  1.0  0.4579
2  11.5  9.84021e-06
20  1.1  0.375582
20  1.2  0.308757
20  1.3  0.256599
20  1.4  0.205553
20  1.6  0.13967
20  1.5  0.170092
20  1.7  0.111779
20  1.8  0.0928787
20  1.9  0.0765594
20  2.0  0.0632386
20  2.5  0.0259652
20  3.0  0.0117224
20  3.5  0.00561749
2  12.0  7.67422e-06
20  4.5  0.00167073
20  4.0  0.00297895
20  5.0  0.000999675
20  5.5  0.000576191
20  6.5  0.000236128
20  6.0  0.000368958
20  7.5  0.000103469
20  7.0  0.000153418
20  8.0  7.2487e-05
20  8.5  4.94455e-05
20  10.0  1.86647e-05
20  9.0  3.52753e-05
20  10.5  1.3702e-05
20  9.5  2.60894e-05
22  0.2  0.389247
22  0.3  0.568435
22  0.4  0.704448
22  0.5  0.747097
22  0.6  0.74225
22  0.7  0.677768
22  0.8  0.605938
22  0.9  0.514806
22  1.0  0.430958
22  1.1  0.355058
20  11.0  1.03735e-05
22  1.2  0.287466
22  1.3  0.239467
22  1.4  0.195255
22  1.5  0.159629
22  1.6  0.129497
22  1.7  0.107064
22  1.8  0.0868145
22  1.9  0.0719829
22  2.0  0.0596084
22  2.5  0.0241417
22  3.0  0.0107389
22  3.5  0.00529005
20  11.5  7.84777e-06
20  12.0  5.99096e-06
22  4.5  0.00154223
22  4.0  0.00278003
22  5.0  0.00089789
22  5.5  0.000533484
22  6.0  0.000334915
22  6.5  0.000220256
22  8.0  6.53737e-05
22  7.0  0.000142604
22  7.5  9.74432e-05
22  9.0  3.31594e-05
22  8.5  4.67065e-05
22  10.0  1.73554e-05
22  9.5  2.33287e-05
22  10.5  1.26451e-05
24  0.2  0.385916
22  11.0  9.67202e-06
24  0.3  0.548922
24  0.4  0.677677
24  0.5  0.734615
24  0.6  0.704241
24  0.7  0.639377
24  0.8  0.560487
24  1.0  0.401209
24  0.9  0.477797
24  1.1  0.329836
24  1.3  0.222492
24  1.2  0.269912
24  1.4  0.179448
24  1.5  0.147392
24  1.6  0.118903
24  1.7  0.0971729
24  1.9  0.0654531
24  1.8  0.0789612
24  2.0  0.0540652
24  2.5  0.0220024
24  3.0  0.00980163
24  3.5  0.0048751
22  11.5  7.3749e-06
22  12.0  5.48119e-06
24  5.0  0.000786792
24  4.0  0.00255381
24  4.5  0.00141968
24  5.5  0.000497984
24  6.0  0.000306458
24  6.5  0.000199672
24  8.0  6.04624e-05
24  7.5  8.60307e-05
24  7.0  0.000130504
24  8.5  4.27723e-05
24  9.0  3.01001e-05
24  9.5  2.16224e-05
24  10.5  1.15901e-05
26  0.2  0.369529
24  10.0  1.5896e-05
24  11.5  6.4544e-06
26  0.3  0.52413
26  0.4  0.646065
26  0.5  0.674692
26  0.6  0.652593
26  0.8  0.517397
26  0.7  0.59258
26  0.9  0.437537
26  1.0  0.361211
26  1.1  0.291848
26  1.3  0.197287
26  1.2  0.24464
26  1.4  0.159972
26  1.5  0.130696
26  1.7  0.0871366
26  1.6  0.105451
24  11.0  8.74314e-06
26  1.8  0.0706749
26  1.9  0.0583938
26  2.0  0.0480417
26  3.0  0.00856406
26  2.5  0.0194015
26  3.5  0.00426923
24  12.0  5.02769e-06
26  4.0  0.00225515
26  4.5  0.00124917
26  5.5  0.00044294
26  5.0  0.000698657
26  6.0  0.000275902
26  7.0  0.000115526
26  8.0  5.30152e-05
26  8.5  3.75813e-05
26  6.5  0.000176481
26  7.5  7.75241e-05
26  9.0  2.64594e-05
26  10.0  1.3862e-05
26  11.0  7.84776e-06
26  9.5  1.90773e-05
26  10.5  1.02298e-05
28  0.2  0.355804
28  0.3  0.501258
28  0.4  0.590787
28  0.5  0.625003
28  0.7  0.529018
28  0.6  0.592502
28  0.8  0.451748
28  0.9  0.384231
28  1.0  0.31018
28  1.1  0.256658
28  1.2  0.211
28  1.3  0.168021
28  1.4  0.136713
28  1.5  0.110673
28  1.6  0.0898489
28  1.7  0.0733414
28  1.8  0.0599772
28  1.9  0.0488722
28  2.0  0.0404991
28  2.5  0.0169537
28  3.5  0.00364507
28  3.0  0.00731307
26  11.5  5.83007e-06
26  12.0  4.4452e-06
28  4.0  0.00190808
28  4.5  0.00101417
28  5.0  0.000605875
28  5.5  0.000370305
28  6.0  0.000220567
28  7.0  9.75618e-05
28  6.5  0.000147463
28  7.5  6.50889e-05
28  8.0  4.46505e-05
28  8.5  3.13481e-05
28  10.0  1.17175e-05
28  9.0  2.2034e-05
28  9.5  1.61033e-05
30  0.2  0.326322
30  0.3  0.454864
30  0.4  0.527187
30  0.5  0.534576
30  0.6  0.503397
28  10.5  8.56703e-06
30  0.7  0.443081
30  0.8  0.375505
30  0.9  0.307065
30  1.0  0.252242
30  1.1  0.203238
30  1.3  0.135052
30  1.2  0.166385
30  1.4  0.108533
30  1.5  0.0886831
28  12.0  3.70953e-06
30  1.6  0.0716068
28  11.0  6.45095e-06
30  1.7  0.0577617
30  1.8  0.0474266
30  2.0  0.0320678
30  1.9  0.0387288
30  2.5  0.0128268
30  3.0  0.00598725
28  11.5  4.96623e-06
30  3.5  0.00283378
30  5.5  0.000288074
30  4.0  0.00148942
30  4.5  0.000813582
30  5.0  0.000471861
30  6.5  0.000115421
30  6.0  0.000181046
30  7.5  5.0755e-05
30  7.0  7.59309e-05
30  8.5  2.45536e-05
30  8.0  3.49982e-05
30  10.0  9.07636e-06
30  9.0  1.72691e-05
30  9.5  1.24292e-05
30  10.5  6.69889e-06
30  11.5  3.76701e-06
32  0.2  0.2951
32  0.3  0.394729
32  0.4  0.44056
32  0.5  0.434614
30  11.0  4.99714e-06
32  0.6  0.391177
32  0.7  0.342737
32  0.8  0.281214
32  0.9  0.233534
32  1.0  0.189389
32  1.1  0.149022
32  1.2  0.120718
32  1.3  0.0967773
32  1.4  0.0796312
32  1.5  0.0636515
32  1.6  0.0511399
32  1.7  0.0409109
32  1.8  0.0335892
32  1.9  0.0277016
32  2.0  0.0228436
30  12.0  2.91515e-06
32  2.5  0.00944483
32  3.5  0.00200741
32  3.0  0.00413113
32  4.5  0.00057607
32  4.0  0.00106064
32  5.0  0.000339383
32  5.5  0.000207415
32  6.0  0.00012711
32  7.5  3.60815e-05
32  6.5  8.25034e-05
32  7.0  5.36557e-05
32  8.0  2.48867e-05
32  9.0  1.21238e-05
32  9.5  8.86079e-06
32  8.5  1.72258e-05
32  11.0  3.56326e-06
32  10.5  4.75469e-06
34  0.2  0.242914
34  0.3  0.316738
32  10.0  6.58981e-06
34  0.4  0.330187
34  0.5  0.311806
34  0.6  0.273346
34  0.7  0.231236
34  0.8  0.193398
34  0.9  0.155841
34  1.0  0.125084
34  1.1  0.0995433
34  1.2  0.0797055
34  1.3  0.0634713
34  1.4  0.0507619
34  1.5  0.04136
34  1.6  0.0337049
34  1.7  0.0275051
34  1.8  0.022489
34  1.9  0.0186656
34  2.0  0.0147628
34  2.5  0.00600134
34  3.0  0.00269254
32  11.5  2.68171e-06
34  3.5  0.00134577
32  12.0  2.0316e-06
34  5.0  0.000219785
34  4.0  0.000679857
34  5.5  0.000132554
34  4.5  0.000383036
34  6.0  8.24597e-05
34  7.5  2.34728e-05
34  6.5  5.24951e-05
34  7.0  3.47642e-05
34  8.0  1.58669e-05
34  9.0  7.86835e-06
34  8.5  1.10744e-05
34  9.5  5.66148e-06
34  10.0  4.28089e-06
34  10.5  3.14827e-06
4  0.2  0.418969
4  0.3  0.613458
4  0.4  0.769963
4  0.5  0.846869
4  0.6  0.861842
4  0.7  0.804565
4  0.8  0.730026
4  0.9  0.637442
4  1.0  0.536479
4  1.1  0.4501
4  1.2  0.371611
4  1.3  0.309716
4  1.4  0.252994
4  1.5  0.209413
4  1.7  0.142361
34  11.0  2.29375e-06
4  1.6  0.169657
4  1.8  0.116303
4  1.9  0.0941449
4  2.0  0.078765
4  2.5  0.0324012
4  3.0  0.0147394
4  3.5  0.00715158
34  11.5  1.74465e-06
34  12.0  1.34338e-06
4  4.5  0.00208463
4  5.0  0.00121036
4  4.0  0.00374796
4  6.0  0.000460674
4  6.5  0.000296724
4  5.5  0.000715421
4  7.5  0.000131605
4  7.0  0.000189629
4  8.0  9.17774e-05
4  8.5  6.26769e-05
4  10.0  2.38924e-05
4  9.0  4.49114e-05
4  9.5  3.35165e-05
4  10.5  1.79588e-05
6  0.2  0.421222
6  0.3  0.610642
6  0.4  0.767339
4  11.0  1.31443e-05
6  0.5  0.84614
6  0.6  0.855519
6  0.7  0.800019
6  0.8  0.714818
6  0.9  0.620556
6  1.0  0.534879
6  1.1  0.452522
6  1.2  0.371135
6  1.3  0.303862
6  1.4  0.249721
6  1.5  0.205517
6  1.6  0.168281
6  1.7  0.138713
6  1.8  0.11432
6  2.0  0.07907
6  1.9  0.0942741
6  2.5  0.0318979
6  3.0  0.0146618
6  3.5  0.00714037
4  11.5  9.71988e-06
4  12.0  7.59002e-06
6  4.5  0.00205222
6  5.0  0.00120885
6  4.0  0.00374482
6  5.5  0.000714718
6  6.5  0.000290624
6  6.0  0.000456461
6  7.0  0.000191452
6  7.5  0.000130415
6  8.0  8.87028e-05
6  9.0  4.54118e-05
6  8.5  6.26463e-05
6  10.0  2.32003e-05
6  9.5  3.24085e-05
8  0.2  0.433631
6  11.0  1.27206e-05
8  0.3  0.611214
8  0.4  0.767827
8  0.5  0.84283
6  10.5  1.69588e-05
8  0.6  0.851215
8  0.7  0.790184
8  0.8  0.711397
8  0.9  0.61611
8  1.0  0.527725
8  1.1  0.443677
8  1.2  0.365718
8  1.3  0.303195
8  1.4  0.246361
8  1.5  0.204016
8  1.7  0.139431
8  1.6  0.165611
8  1.8  0.111657
8  1.9  0.0933398
8  2.0  0.0783707
8  2.5  0.031943
8  3.0  0.0143432
8  3.5  0.00710089
6  12.0  7.43808e-06
6  11.5  9.99508e-06
8  5.0  0.00118658
8  4.0  0.00371486
8  4.5  0.00205216
8  5.5  0.000720185
8  6.0  0.000441439
8  6.5  0.000289525
8  7.5  0.000126176
8  7.0  0.00019513
8  9.0  4.3862e-05
8  8.0  8.55198e-05
8  8.5  6.15541e-05
8  10.0  2.36427e-05
8  9.5  3.21933e-05
8  11.0  1.26649e-05
8  10.5  1.6372e-05
8  12.0  7.2475e-06
8  11.5  9.64678e-06
