# exclusive D0 cross section, Pb target, HymnD fragmentation, An0n channel
# generated      : 2026-08-20 10:20:14 EEST
# calls          : 1e5 below 4.0 GeV, 2e3 above (see EXCL_PT_THRESHOLD) (VEGAS calls per point, see CALLS_EXCL/CALLS_EXCL_FACTORIZED/CALLS_DIFF)
# dipole samples : data/Pb/mve/glauber_mve_<b>
# pD0 sweep      : 0.2 0.3 0.4 0.5 0.6 0.7 0.8 0.9 1.0 1.1 1.2 1.3 1.4 1.5 1.6 1.7 1.8 1.9 2.0 2.5 3.0 3.5 4.0 4.5 5.0 5.5 6.0 6.5 7.0 7.5 8.0 8.5 9.0 9.5 10.0 10.5 11.0 11.5 12.0
# fixed rapidity y : 0.0
# ============================================================
# b  pD0  dsigma_dyd2pD0
0  0.3  2.33162
0  0.5  1.4511
0  0.2  2.81554
0  0.4  1.86874
0  0.6  1.09823
0  0.7  0.816592
0  0.8  0.601528
0  1.0  0.320772
0  0.9  0.440059
0  1.1  0.233505
0  1.3  0.124462
0  1.2  0.170875
0  1.5  0.0675997
0  1.4  0.0913035
0  1.6  0.0497114
0  1.7  0.0371435
0  1.8  0.0274354
0  1.9  0.0209526
0  2.0  0.0155658
0  3.0  0.00114261
0  2.5  0.00418422
0  3.5  0.000428042
0  4.0  0.000135969
0  5.5  9.41e-06
0  4.5  5.30734e-05
0  5.0  2.18592e-05
0  6.0  4.42555e-06
0  6.5  2.15338e-06
0  7.5  5.77684e-07
0  7.0  1.08914e-06
0  8.0  3.17553e-07
0  8.5  1.78744e-07
0  10.0  3.78256e-08
0  9.0  1.04141e-07
0  9.5  6.23261e-08
10  0.2  2.67005
10  0.3  2.20841
10  0.4  1.76605
0  12.0  6.62905e-09
10  0.5  1.36886
10  0.6  1.03489
0  10.5  2.38942e-08
10  0.7  0.768327
10  0.8  0.563474
10  0.9  0.411862
10  1.0  0.299039
10  1.1  0.217464
10  1.2  0.15794
0  11.0  1.5362e-08
10  1.3  0.115457
10  1.4  0.0846374
10  1.5  0.0623359
10  1.6  0.0466565
10  1.7  0.0344236
10  1.9  0.019183
10  1.8  0.0255999
10  2.0  0.0141429
10  3.0  0.00122296
10  2.5  0.00391382
10  3.5  0.000431591
0  11.5  9.98483e-09
10  4.0  0.000123975
10  5.5  8.55763e-06
10  4.5  4.83026e-05
10  5.0  1.98538e-05
10  6.0  4.03072e-06
10  8.0  2.86715e-07
10  6.5  1.95763e-06
10  7.0  9.88853e-07
10  7.5  5.24522e-07
10  8.5  1.62147e-07
10  10.0  3.42815e-08
10  9.0  9.44542e-08
10  9.5  5.65433e-08
12  0.2  2.60279
12  0.3  2.15195
10  10.5  2.16727e-08
12  0.5  1.32989
12  0.4  1.71831
10  12.0  6.0039e-09
12  0.6  1.00467
12  0.7  0.745653
12  0.8  0.546233
12  0.9  0.398383
12  1.0  0.289781
12  1.1  0.210671
10  11.0  1.39289e-08
12  1.2  0.153196
12  1.3  0.11121
12  1.4  0.081404
12  1.5  0.0604775
12  1.6  0.0441404
12  1.8  0.0249084
12  1.7  0.0329429
12  1.9  0.0185649
12  2.0  0.0134549
12  2.5  0.00362168
12  3.0  0.000847207
12  3.5  0.00026378
10  11.5  9.04402e-09
12  4.0  0.000118623
12  5.0  1.87699e-05
12  5.5  8.18072e-06
12  4.5  4.61815e-05
12  6.0  3.86856e-06
12  6.5  1.8679e-06
12  7.0  9.4487e-07
12  7.5  5.00651e-07
12  8.0  2.7468e-07
12  8.5  1.54747e-07
12  9.0  9.0168e-08
12  9.5  5.39001e-08
14  0.2  2.52211
12  10.0  3.29584e-08
14  0.3  2.08082
14  0.4  1.6602
14  0.5  1.28417
12  12.0  5.72583e-09
14  0.6  0.967989
14  0.7  0.716526
12  10.5  2.06783e-08
14  0.8  0.525928
14  0.9  0.38221
14  1.0  0.277836
14  1.1  0.201366
14  1.2  0.146431
14  1.3  0.106325
14  1.4  0.0788225
14  1.5  0.0579327
14  1.6  0.041921
12  11.0  1.32193e-08
14  1.7  0.0312178
14  1.8  0.0232705
14  1.9  0.0174217
14  2.0  0.0131436
14  2.5  0.00341413
14  3.0  0.000841291
14  3.5  0.000414417
12  11.5  8.63032e-09
14  4.0  0.000112221
14  5.0  1.77247e-05
14  5.5  7.73016e-06
14  4.5  4.36725e-05
14  6.0  3.63295e-06
14  6.5  1.76396e-06
14  7.0  8.90375e-07
14  7.5  4.71513e-07
14  8.0  2.5841e-07
14  8.5  1.4598e-07
14  9.0  8.50474e-08
14  9.5  5.08982e-08
14  10.0  3.10763e-08
14  11.5  8.10784e-09
16  0.2  2.42186
16  0.3  1.99756
16  0.4  1.59098
16  0.5  1.22864
14  10.5  1.94885e-08
16  0.6  0.925539
16  0.7  0.684972
16  0.8  0.49976
16  0.9  0.363476
16  1.0  0.263411
16  1.1  0.191278
16  1.2  0.138952
16  1.3  0.100642
16  1.4  0.0735996
16  1.5  0.0540186
16  1.6  0.0396741
14  11.0  1.24806e-08
16  1.7  0.0295708
16  1.8  0.0219583
16  1.9  0.0168418
16  2.0  0.012235
14  12.0  5.36854e-09
16  3.5  0.000445139
16  2.5  0.0032701
16  3.0  0.000976751
16  4.0  0.00010482
16  5.0  1.65136e-05
16  5.5  7.2045e-06
16  4.5  4.07592e-05
16  6.5  1.64945e-06
16  7.5  4.36666e-07
16  6.0  3.38296e-06
16  7.0  8.28842e-07
16  8.0  2.41053e-07
16  8.5  1.35775e-07
16  9.0  7.9037e-08
16  9.5  4.73101e-08
16  10.0  2.89885e-08
16  11.5  7.52707e-09
16  10.5  1.81361e-08
18  0.2  2.30148
18  0.3  1.89653
18  0.4  1.5084
18  0.5  1.16252
18  0.6  0.873854
18  0.7  0.644578
18  0.8  0.470483
18  0.9  0.340963
18  1.0  0.247095
18  1.2  0.129869
18  1.1  0.178339
18  1.3  0.0938758
18  1.4  0.0685603
18  1.6  0.0371967
18  1.5  0.0499978
16  11.0  1.15792e-08
18  1.8  0.0203655
18  1.7  0.0273649
18  1.9  0.0156218
18  2.0  0.0118442
18  2.5  0.00314597
18  3.0  0.00072053
18  3.5  0.000285445
16  12.0  5.07391e-09
18  4.0  9.62404e-05
18  5.0  1.51575e-05
18  4.5  3.74304e-05
18  5.5  6.6026e-06
18  6.5  1.50996e-06
18  7.5  3.9961e-07
18  6.0  3.09553e-06
18  7.0  7.61615e-07
18  8.0  2.19662e-07
18  8.5  1.24057e-07
18  9.0  7.22752e-08
18  9.5  4.31668e-08
18  10.0  2.63769e-08
18  11.5  6.87573e-09
2  0.2  2.81022
2  0.3  2.32838
2  0.4  1.86219
2  0.5  1.44643
2  0.6  1.09621
18  10.5  1.65274e-08
2  0.7  0.816199
2  0.8  0.600343
2  0.9  0.439048
2  1.0  0.320337
2  1.1  0.233815
2  1.2  0.170591
2  1.3  0.12379
18  11.0  1.0588e-08
2  1.5  0.0677479
2  1.4  0.0913056
2  1.7  0.0370677
2  1.6  0.0494203
2  1.9  0.0207063
2  1.8  0.0272853
2  2.0  0.0155065
2  2.5  0.00421583
2  3.5  0.000393236
2  3.0  0.0010688
2  4.0  0.000135492
18  12.0  4.62671e-09
2  5.5  9.37616e-06
2  4.5  5.28847e-05
2  5.0  2.18488e-05
2  6.0  4.40946e-06
2  6.5  2.14551e-06
2  7.0  1.08505e-06
2  8.0  3.16363e-07
2  7.5  5.77519e-07
2  8.5  1.78061e-07
2  9.0  1.03759e-07
2  9.5  6.20971e-08
2  10.0  3.77689e-08
20  0.2  2.15984
20  0.3  1.77622
2  12.0  6.60394e-09
2  10.5  2.38044e-08
20  0.4  1.40997
20  0.5  1.08394
20  0.6  0.812116
20  0.7  0.597611
20  0.8  0.435233
20  0.9  0.315505
20  1.0  0.227583
20  1.1  0.163932
20  1.2  0.11883
20  1.4  0.0632777
20  1.3  0.0860298
2  11.0  1.53097e-08
20  1.5  0.0457159
20  1.6  0.0340583
20  1.8  0.0191292
20  1.7  0.0248772
20  1.9  0.0145107
20  2.0  0.0102794
20  2.5  0.00266842
20  3.0  0.000714799
20  3.5  0.000264964
2  11.5  9.94586e-09
20  4.0  8.66729e-05
20  5.0  1.3596e-05
20  5.5  5.91969e-06
20  4.5  3.35886e-05
20  6.0  2.77225e-06
20  7.5  3.56913e-07
20  6.5  1.34612e-06
20  8.0  1.99313e-07
20  7.0  6.81004e-07
20  8.5  1.10913e-07
20  10.5  1.48076e-08
20  9.0  6.45319e-08
20  9.5  3.86019e-08
20  10.0  2.35405e-08
22  0.2  1.98969
20  11.5  6.13693e-09
22  0.3  1.63337
22  0.4  1.29277
22  0.5  0.991183
22  0.6  0.739214
22  0.7  0.542997
22  0.8  0.394481
22  0.9  0.284686
22  1.0  0.205101
22  1.1  0.147654
22  1.2  0.10657
22  1.3  0.0775516
22  1.4  0.0564098
22  1.5  0.0411501
22  1.6  0.0307569
22  1.7  0.0220661
22  1.8  0.0169896
20  11.0  9.44779e-09
22  1.9  0.0123145
22  2.5  0.00228222
22  2.0  0.00919305
22  3.0  0.000657453
22  3.5  0.000258342
22  4.5  2.91788e-05
20  12.0  4.12498e-09
22  5.0  1.18261e-05
22  5.5  5.15254e-06
22  4.0  7.64807e-05
22  6.0  2.41091e-06
22  8.0  1.7012e-07
22  6.5  1.16968e-06
22  7.0  5.91965e-07
22  7.5  3.11598e-07
22  8.5  9.62221e-08
22  9.0  5.58455e-08
22  9.5  3.34368e-08
22  11.0  8.10928e-09
22  10.0  2.03877e-08
24  0.2  1.78599
24  0.3  1.4628
22  11.5  5.29335e-09
24  0.4  1.15305
24  0.5  0.880068
24  0.6  0.654904
24  0.7  0.478169
24  0.8  0.346118
24  0.9  0.248544
24  1.0  0.178692
22  10.5  1.27829e-08
24  1.1  0.128055
24  1.2  0.0918441
24  1.3  0.0665572
24  1.4  0.0481668
24  1.6  0.0260375
24  1.5  0.0349727
24  1.7  0.0193079
24  1.8  0.0141456
24  1.9  0.0106761
24  2.0  0.00797587
24  2.5  0.00208157
24  3.0  0.000419551
24  3.5  0.000312478
24  4.5  2.43782e-05
22  12.0  3.56583e-09
24  5.0  9.85474e-06
24  5.5  4.31474e-06
24  4.0  6.43733e-05
24  6.0  2.00928e-06
24  7.5  2.56734e-07
24  6.5  9.73756e-07
24  7.0  4.92448e-07
24  9.0  4.58051e-08
24  8.0  1.41214e-07
24  8.5  7.9082e-08
24  9.5  2.76988e-08
24  10.0  1.6893e-08
26  0.2  1.53993
26  0.3  1.25665
26  0.4  0.987189
26  0.5  0.750167
24  10.5  1.05543e-08
26  0.6  0.554773
26  0.8  0.29023
26  0.7  0.403224
26  0.9  0.207672
26  1.0  0.148451
26  1.1  0.105961
26  1.2  0.0758761
26  1.3  0.0546591
26  1.4  0.039405
26  1.5  0.0287177
26  1.6  0.0214523
24  11.0  6.78035e-09
26  1.7  0.015782
26  1.8  0.0114135
26  1.9  0.00866594
24  11.5  4.43019e-09
26  2.0  0.00646927
26  2.5  0.00163864
26  3.0  0.000308356
26  3.5  0.000181163
24  12.0  2.94663e-09
26  5.0  7.7509e-06
26  4.5  1.93518e-05
26  4.0  5.09021e-05
26  5.5  3.44224e-06
26  6.0  1.57604e-06
26  8.0  1.10329e-07
26  6.5  7.61617e-07
26  7.5  2.0307e-07
26  7.0  3.85589e-07
26  8.5  6.213e-08
26  9.0  3.61189e-08
26  9.5  2.15128e-08
26  10.0  1.31354e-08
28  0.2  1.25249
28  0.3  1.01677
28  0.4  0.793817
26  10.5  8.21472e-09
28  0.5  0.598902
28  0.6  0.440136
28  0.7  0.317887
28  0.8  0.227019
28  0.9  0.161542
28  1.1  0.08183
28  1.0  0.114676
28  1.2  0.0579292
28  1.3  0.0415685
28  1.4  0.0303416
28  1.5  0.0216118
28  1.6  0.0160698
28  1.7  0.0117321
26  11.0  5.25086e-09
28  1.8  0.00856848
28  1.9  0.00638561
28  2.5  0.00109161
28  2.0  0.00484329
28  3.0  0.000321652
28  3.5  0.000127628
26  11.5  3.42952e-09
26  12.0  2.27837e-09
28  5.0  5.60581e-06
28  4.0  3.69397e-05
28  4.5  1.39592e-05
28  5.5  2.45939e-06
28  6.0  1.12906e-06
28  6.5  5.44773e-07
28  7.0  2.72974e-07
28  7.5  1.44108e-07
28  8.0  7.84025e-08
28  10.0  9.24714e-09
28  8.5  4.41799e-08
28  9.0  2.564e-08
28  9.5  1.52401e-08
30  0.2  0.931419
30  0.3  0.751171
30  0.4  0.582078
30  0.5  0.434787
30  0.6  0.316936
30  0.7  0.226648
28  10.5  5.81023e-09
30  0.8  0.160561
30  0.9  0.11325
30  1.0  0.0798815
30  1.1  0.0564053
30  1.2  0.0398442
30  1.3  0.0283562
30  1.4  0.0203736
28  11.0  3.72294e-09
30  1.5  0.0146233
30  1.6  0.0108111
30  1.7  0.00805373
30  1.8  0.00581536
30  1.9  0.00437677
30  2.0  0.00307477
30  2.5  0.000808576
30  3.0  0.000200481
30  3.5  0.00011191
28  11.5  2.42931e-09
28  12.0  1.6116e-09
30  4.0  2.33749e-05
30  4.5  8.82076e-06
30  5.5  1.54449e-06
30  5.0  3.60237e-06
30  6.0  7.10045e-07
30  7.5  9.01294e-08
30  7.0  1.72536e-07
30  6.5  3.41691e-07
30  8.0  4.88974e-08
30  8.5  2.74179e-08
30  9.0  1.58957e-08
30  9.5  9.44295e-09
30  10.0  5.75482e-09
32  0.2  0.61292
30  10.5  3.59355e-09
32  0.3  0.490541
32  0.4  0.375833
32  0.5  0.277584
32  0.6  0.199984
32  0.7  0.141569
32  0.9  0.0693502
32  0.8  0.0991262
30  11.0  2.29319e-09
32  1.0  0.0483246
32  1.1  0.0339077
32  1.2  0.0239345
32  1.3  0.0168127
32  1.4  0.0121271
32  1.5  0.00858901
32  1.6  0.00633044
32  1.7  0.00454646
32  1.8  0.00336343
32  1.9  0.0024321
32  2.0  0.00181909
32  2.5  0.000465122
30  11.5  1.49563e-09
32  3.0  0.000107522
32  3.5  3.49657e-05
30  12.0  9.90323e-10
32  4.5  4.75576e-06
32  4.0  1.28364e-05
32  5.0  1.91737e-06
32  6.5  1.78807e-07
32  5.5  8.26891e-07
32  6.0  3.76137e-07
32  7.5  4.73516e-08
32  7.0  9.03673e-08
32  8.0  2.55328e-08
32  9.0  8.16457e-09
32  8.5  1.42669e-08
32  9.5  4.90093e-09
32  10.0  2.97495e-09
4  0.2  2.79328
4  0.3  2.31304
4  0.4  1.85269
4  0.5  1.43693
4  0.6  1.09018
32  10.5  1.85191e-09
4  0.8  0.596385
4  0.7  0.810593
4  0.9  0.435241
4  1.0  0.316653
32  11.0  1.18577e-09
4  1.2  0.168604
4  1.1  0.230823
32  12.0  5.06725e-10
4  1.3  0.122819
4  1.4  0.0897886
4  1.5  0.0662176
4  1.6  0.0492494
4  1.7  0.0366795
4  1.8  0.0278389
4  1.9  0.0205685
4  2.0  0.0158767
4  2.5  0.00417589
4  3.0  0.000925061
4  3.5  0.000506517
32  11.5  7.68946e-10
4  4.0  0.000134056
4  5.5  9.27478e-06
4  4.5  5.23176e-05
4  5.0  2.15262e-05
4  6.0  4.36113e-06
4  6.5  2.12176e-06
4  8.0  3.09301e-07
4  7.5  5.71056e-07
4  7.0  1.07287e-06
4  8.5  1.75968e-07
4  9.0  1.0261e-07
4  9.5  6.13104e-08
4  10.0  3.75439e-08
6  0.2  2.76493
4  12.0  6.53142e-09
6  0.3  2.28895
6  0.4  1.83193
6  0.5  1.4212
6  0.6  1.0766
4  10.5  2.35311e-08
6  0.7  0.800806
6  0.8  0.587943
4  11.0  1.51399e-08
6  0.9  0.429403
6  1.0  0.313416
6  1.1  0.228373
6  1.2  0.166365
6  1.3  0.12103
6  1.4  0.0898368
6  1.5  0.0661738
6  1.6  0.0488294
6  1.7  0.0360748
6  1.8  0.0267207
6  1.9  0.0206446
4  11.5  9.89612e-09
6  2.0  0.015239
6  3.0  0.00112639
6  2.5  0.00430076
6  3.5  0.000471837
6  4.0  0.000131699
6  5.5  9.10492e-06
6  4.5  5.13696e-05
6  5.0  2.1123e-05
6  6.0  4.28064e-06
6  6.5  2.08204e-06
6  8.0  3.03977e-07
6  7.0  1.0528e-06
6  7.5  5.59349e-07
6  8.5  1.72772e-07
6  9.0  1.00669e-07
6  9.5  6.00029e-08
6  10.0  3.68315e-08
8  0.2  2.72359
8  0.3  2.25412
8  0.4  1.8027
6  12.0  6.40374e-09
8  0.5  1.39815
6  10.5  2.30883e-08
8  0.6  1.05855
8  0.7  0.787269
8  0.8  0.577848
8  0.9  0.421676
8  1.0  0.307303
8  1.1  0.223377
8  1.2  0.162504
6  11.0  1.48118e-08
8  1.3  0.118719
8  1.4  0.0866749
8  1.5  0.0637296
8  1.6  0.0470722
8  1.7  0.0351671
8  1.8  0.0267825
8  1.9  0.0200291
8  2.0  0.0152804
8  3.0  0.00104251
8  2.5  0.00394297
8  3.5  0.000423088
6  11.5  9.64725e-09
8  4.0  0.000128318
8  5.5  8.8651e-06
8  4.5  5.00337e-05
8  5.0  2.05674e-05
8  6.0  4.13624e-06
8  6.5  2.04506e-06
8  7.0  1.01729e-06
8  8.0  2.98678e-07
8  7.5  5.43968e-07
8  8.5  1.66754e-07
8  9.0  9.79597e-08
8  10.0  3.57534e-08
8  9.5  5.85774e-08
8  10.5  2.24768e-08
8  12.0  6.23014e-09
8  11.0  1.43914e-08
8  11.5  9.38625e-09
