# exclusive D0 cross section, Pb target, LHAPDF fragmentation, An0n channel
# generated      : 2026-08-20 10:21:48 EEST
# calls          : 1e5 below 4.0 GeV, 2e3 above (see EXCL_PT_THRESHOLD) (VEGAS calls per point, see CALLS_EXCL/CALLS_EXCL_FACTORIZED/CALLS_DIFF)
# dipole samples : data/Pb/mve/glauber_mve_<b>
# pD0 sweep      : 0.2 0.3 0.4 0.5 0.6 0.7 0.8 0.9 1.0 1.1 1.2 1.3 1.4 1.5 1.6 1.7 1.8 1.9 2.0 2.5 3.0 3.5 4.0 4.5 5.0 5.5 6.0 6.5 7.0 7.5 8.0 8.5 9.0 9.5 10.0 10.5 11.0 11.5 12.0
# fixed rapidity y : 1.0
# ============================================================
# b  pD0  dsigma_dyd2pD0
0  0.2  2.61237
0  0.3  2.14109
0  0.4  1.69446
0  0.5  1.30025
0  0.6  0.975517
0  0.7  0.719618
0  0.8  0.525588
0  1.0  0.276701
0  0.9  0.381503
0  1.2  0.145628
0  1.1  0.200567
0  1.3  0.106687
0  1.6  0.0429028
0  1.5  0.0578305
0  1.4  0.0772998
0  1.7  0.0316474
0  1.8  0.0231809
0  1.9  0.0174514
0  2.0  0.0133751
0  2.5  0.00348189
0  3.0  0.00103757
0  3.5  0.000270639
0  4.0  0.000108263
0  4.5  4.07534e-05
0  5.0  1.63727e-05
0  5.5  7.00278e-06
0  6.0  3.15925e-06
0  7.0  7.248e-07
0  6.5  1.4897e-06
0  7.5  3.73269e-07
0  8.5  1.0826e-07
0  8.0  1.9778e-07
0  9.0  6.0925e-08
0  9.5  3.49684e-08
0  10.0  2.05241e-08
10  0.2  2.4892
0  10.5  1.23914e-08
10  0.3  2.03599
10  0.4  1.60776
10  0.5  1.22995
10  0.6  0.921336
10  0.7  0.678492
0  11.0  7.60929e-09
10  0.8  0.494577
10  0.9  0.358362
10  1.0  0.259118
0  11.5  4.75685e-09
10  1.1  0.187598
10  1.2  0.13711
10  1.3  0.0988547
10  1.4  0.0722346
10  1.6  0.0399939
10  1.5  0.0528347
10  1.7  0.0289542
10  1.9  0.0163427
10  1.8  0.0216645
10  2.0  0.0123478
10  2.5  0.00311575
10  3.0  0.000859417
10  3.5  0.000271379
10  4.0  9.89914e-05
0  12.0  3.02142e-09
10  4.5  3.71524e-05
10  5.0  1.49776e-05
10  6.0  2.88544e-06
10  5.5  6.39908e-06
10  6.5  1.35817e-06
10  7.0  6.65823e-07
10  7.5  3.40019e-07
10  8.5  9.85261e-08
10  8.0  1.79923e-07
10  9.5  3.18042e-08
10  9.0  5.50606e-08
10  10.0  1.8651e-08
12  0.2  2.43113
12  0.3  1.98803
10  11.0  6.91071e-09
12  0.4  1.56851
10  10.5  1.12657e-08
12  0.5  1.20024
10  11.5  4.31983e-09
12  0.6  0.896939
12  0.7  0.659838
12  0.8  0.480582
12  0.9  0.348086
12  1.0  0.25175
12  1.1  0.181997
12  1.2  0.132051
12  1.3  0.0960277
12  1.4  0.0697257
12  1.5  0.0512266
12  1.7  0.0278098
12  1.6  0.0375978
12  1.8  0.0213922
12  1.9  0.0157599
12  2.0  0.0120473
12  2.5  0.00306021
12  3.0  0.000968261
12  3.5  0.000239398
10  12.0  2.74242e-09
12  4.5  3.58116e-05
12  4.0  9.53324e-05
12  6.0  2.7295e-06
12  5.0  1.43485e-05
12  6.5  1.28751e-06
12  5.5  6.12986e-06
12  7.0  6.37141e-07
12  7.5  3.25203e-07
12  8.5  9.42761e-08
12  8.0  1.72152e-07
12  9.5  3.04011e-08
12  9.0  5.26029e-08
12  10.0  1.78269e-08
12  10.5  1.07699e-08
14  0.2  2.36116
14  0.3  1.92867
14  0.4  1.51971
14  0.5  1.1609
14  0.6  0.867115
12  11.0  6.59902e-09
14  0.7  0.637041
14  0.8  0.463287
14  0.9  0.335235
12  11.5  4.12539e-09
14  1.0  0.242117
14  1.2  0.126886
14  1.1  0.174933
14  1.3  0.0917904
14  1.4  0.0668105
14  1.5  0.048882
14  1.6  0.0367435
14  1.7  0.0266161
14  1.8  0.0203229
14  1.9  0.014881
14  2.0  0.0110696
14  2.5  0.00292839
14  3.5  0.000267435
14  3.0  0.000802876
12  12.0  2.62004e-09
14  4.5  3.40052e-05
14  4.0  9.04877e-05
14  5.0  1.35975e-05
14  5.5  5.80912e-06
14  6.5  1.23038e-06
14  6.0  2.59145e-06
14  7.0  6.0285e-07
14  7.5  3.07598e-07
14  9.0  4.95614e-08
14  8.5  8.9037e-08
14  8.0  1.62724e-07
14  9.5  2.87272e-08
14  10.0  1.68289e-08
14  11.0  6.22716e-09
14  10.5  1.01689e-08
16  0.2  2.27269
16  0.3  1.85661
16  0.4  1.46094
16  0.5  1.11481
16  0.6  0.830365
16  0.7  0.609572
16  0.8  0.442703
16  0.9  0.319917
16  1.0  0.230633
14  11.5  3.8939e-09
16  1.1  0.166342
16  1.2  0.120497
16  1.3  0.08718
16  1.4  0.0634313
16  1.5  0.0471178
16  1.6  0.0345583
16  1.7  0.0251025
16  1.8  0.0188201
16  1.9  0.014212
16  2.0  0.0105924
16  2.5  0.00276574
16  3.0  0.000815328
16  3.5  0.000208607
14  12.0  2.47715e-09
16  4.5  3.18386e-05
16  4.0  8.48853e-05
16  5.0  1.27215e-05
16  5.5  5.41483e-06
16  6.5  1.14941e-06
16  6.0  2.4365e-06
16  7.0  5.6276e-07
16  7.5  2.87055e-07
16  8.5  8.30392e-08
16  8.0  1.51815e-07
16  9.5  2.67733e-08
16  9.0  4.63015e-08
16  10.0  1.56888e-08
18  0.2  2.16957
16  11.0  5.79774e-09
18  0.3  1.76889
18  0.4  1.39038
16  10.5  9.47116e-09
18  0.5  1.05922
18  0.6  0.788398
18  0.7  0.577077
16  11.5  3.62461e-09
18  0.8  0.418796
18  0.9  0.302033
18  1.0  0.217126
18  1.1  0.156802
18  1.2  0.113124
18  1.3  0.0825212
18  1.4  0.059391
18  1.5  0.0433804
18  1.6  0.0326638
18  1.7  0.0240467
18  1.8  0.0175403
18  1.9  0.013035
18  2.0  0.00996346
18  2.5  0.00250865
16  12.0  2.30897e-09
18  3.0  0.000662278
18  3.5  0.000257491
18  4.0  7.83407e-05
18  4.5  2.92658e-05
18  5.0  1.17132e-05
18  6.0  2.24602e-06
18  5.5  4.99768e-06
18  6.5  1.05678e-06
18  7.0  5.16799e-07
18  7.5  2.63494e-07
18  8.5  7.6069e-08
18  8.0  1.3924e-07
18  9.5  2.45309e-08
18  9.0  4.24941e-08
18  10.0  1.42725e-08
2  0.2  2.60834
18  10.5  8.6713e-09
2  0.3  2.13792
2  0.4  1.69116
2  0.5  1.29801
2  0.6  0.973352
2  0.7  0.718042
2  0.8  0.524488
2  0.9  0.38063
2  1.0  0.276024
2  1.1  0.20019
2  1.2  0.14526
2  1.3  0.10661
18  11.0  5.29525e-09
2  1.4  0.0773377
2  1.5  0.0576763
2  1.6  0.0426441
2  1.7  0.0314142
2  1.8  0.0232689
18  11.5  3.30647e-09
2  1.9  0.0175343
2  2.0  0.013142
2  2.5  0.00343837
2  3.0  0.000927069
2  3.5  0.000244688
18  12.0  2.10499e-09
2  4.0  0.000107946
2  4.5  4.0406e-05
2  5.0  1.63185e-05
2  5.5  6.98123e-06
2  6.0  3.14842e-06
2  6.5  1.48145e-06
2  7.0  7.28396e-07
2  7.5  3.71685e-07
2  9.0  6.05453e-08
2  8.0  1.97081e-07
2  8.5  1.07878e-07
2  9.5  3.48503e-08
2  10.0  2.04496e-08
2  10.5  1.23456e-08
20  0.2  2.04665
20  0.3  1.66569
20  0.4  1.30684
20  0.5  0.993608
2  11.0  7.58165e-09
20  0.6  0.737502
20  0.7  0.538396
20  0.8  0.389399
20  1.0  0.200979
2  11.5  4.7393e-09
20  0.9  0.280213
20  1.1  0.144799
20  1.2  0.104152
20  1.3  0.0752033
20  1.4  0.0548119
20  1.5  0.0398998
20  1.6  0.0295567
20  1.7  0.0215273
20  1.8  0.016053
20  1.9  0.0119757
20  2.5  0.00228449
20  2.0  0.00914221
20  3.0  0.000669666
20  3.5  0.0002489
2  12.0  3.01028e-09
20  4.0  7.08111e-05
20  4.5  2.6394e-05
20  5.0  1.05595e-05
20  5.5  4.49124e-06
20  6.5  9.45544e-07
20  6.0  2.01266e-06
20  7.0  4.64635e-07
20  7.5  2.36641e-07
20  8.0  1.25007e-07
20  9.0  3.82671e-08
20  9.5  2.19794e-08
20  8.5  6.79881e-08
20  10.0  1.29125e-08
20  10.5  7.75416e-09
22  0.2  1.8978
22  0.3  1.54174
22  0.5  0.913432
22  0.4  1.20617
22  0.6  0.676335
22  0.7  0.492784
22  0.8  0.355402
22  0.9  0.255374
22  1.0  0.182885
22  1.1  0.130982
22  1.2  0.0942653
22  1.3  0.0686864
20  11.0  4.74019e-09
22  1.4  0.0498475
22  1.5  0.0367034
22  1.6  0.0266103
22  1.7  0.0193399
22  1.8  0.0147135
22  2.0  0.00806896
20  11.5  2.95805e-09
22  1.9  0.0107531
20  12.0  1.88681e-09
22  2.5  0.00206212
22  3.0  0.000538223
22  3.5  0.000148148
22  4.0  6.2333e-05
22  4.5  2.31944e-05
22  5.0  9.25963e-06
22  5.5  3.93436e-06
22  6.0  1.76844e-06
22  6.5  8.23354e-07
22  7.0  4.05794e-07
22  7.5  2.06423e-07
22  8.0  1.09364e-07
22  8.5  5.92177e-08
22  9.0  3.32978e-08
22  9.5  1.91209e-08
22  10.0  1.12189e-08
24  0.2  1.71922
24  0.3  1.39211
24  0.4  1.08532
22  10.5  6.73623e-09
24  0.5  0.820092
24  0.6  0.6045
24  0.7  0.438813
24  0.8  0.315294
24  0.9  0.224907
24  1.0  0.160841
24  1.1  0.115218
22  11.0  4.11661e-09
24  1.2  0.0832852
24  1.3  0.0602231
22  12.0  1.63697e-09
24  1.4  0.0429758
24  1.7  0.0171562
24  1.6  0.0234046
24  1.5  0.0312821
24  1.9  0.009405
22  11.5  2.56704e-09
24  1.8  0.0125428
24  2.5  0.00176874
24  2.0  0.00698703
24  3.0  0.000531724
24  3.5  0.000162715
24  4.5  1.94567e-05
24  5.5  3.28829e-06
24  4.0  5.29156e-05
24  5.0  7.87144e-06
24  6.0  1.48009e-06
24  6.5  6.96643e-07
24  8.5  4.91924e-08
24  7.0  3.39844e-07
24  7.5  1.72858e-07
24  8.0  9.09888e-08
24  9.5  1.59441e-08
24  9.0  2.769e-08
24  10.0  9.32491e-09
24  10.5  5.59828e-09
26  0.2  1.49992
26  0.3  1.2112
26  0.4  0.940589
26  0.5  0.707088
26  0.6  0.518599
26  0.7  0.374188
26  0.8  0.267815
26  0.9  0.190583
26  1.0  0.135639
24  11.0  3.42414e-09
26  1.1  0.0965899
26  1.3  0.0501464
26  1.2  0.0688984
26  1.5  0.0259352
26  1.4  0.0357795
26  1.7  0.0142133
26  1.6  0.0188164
26  1.8  0.0101562
26  2.0  0.00560771
26  1.9  0.00766634
24  11.5  2.13553e-09
26  3.0  0.000436547
26  2.5  0.00141887
26  3.5  0.000122273
24  12.0  1.3538e-09
26  5.0  6.17422e-06
26  4.0  4.23482e-05
26  5.5  2.61194e-06
26  4.5  1.56395e-05
26  6.0  1.17673e-06
26  6.5  5.5117e-07
26  7.0  2.68663e-07
26  7.5  1.36302e-07
26  8.0  7.1699e-08
26  9.0  2.18282e-08
26  8.5  3.8969e-08
26  9.5  1.25134e-08
26  10.5  4.36572e-09
26  10.0  7.31086e-09
28  0.2  1.24061
28  0.3  0.996563
26  11.0  2.68085e-09
28  0.4  0.769555
28  0.5  0.574627
28  0.6  0.41901
28  0.7  0.300218
28  0.8  0.213866
26  11.5  1.67558e-09
28  0.9  0.151031
28  1.1  0.0757777
28  1.0  0.107003
28  1.2  0.053909
28  1.3  0.0388134
28  1.4  0.027691
28  1.5  0.0200169
28  1.6  0.0144518
28  1.9  0.00583308
28  1.7  0.0106588
28  1.8  0.00781731
28  2.5  0.00106736
28  2.0  0.00440668
28  3.0  0.000249403
28  3.5  0.000100047
28  4.5  1.15426e-05
26  12.0  1.05732e-09
28  4.0  3.11569e-05
28  5.5  1.92222e-06
28  5.0  4.54523e-06
28  6.0  8.55194e-07
28  6.5  3.99554e-07
28  7.0  1.94287e-07
28  8.0  5.18774e-08
28  7.5  9.83561e-08
28  8.5  2.80085e-08
28  9.0  1.56709e-08
28  9.5  8.96986e-09
28  10.0  5.23371e-09
30  0.2  0.94543
30  0.3  0.755466
30  0.4  0.578162
28  10.5  3.13539e-09
30  0.5  0.428197
30  0.6  0.309048
30  0.7  0.220077
30  0.8  0.155181
30  0.9  0.108759
30  1.0  0.0764834
30  1.1  0.054185
28  11.5  1.19489e-09
30  1.2  0.0381965
28  11.0  1.91269e-09
30  1.4  0.0193157
30  1.3  0.0270893
30  1.5  0.0139005
30  1.7  0.00744521
30  1.6  0.00998392
30  1.8  0.00543967
30  1.9  0.00393724
30  2.0  0.0029622
30  3.0  0.000156613
30  2.5  0.000739452
30  3.5  6.35019e-05
30  4.5  7.43497e-06
28  12.0  7.53643e-10
30  4.0  2.0403e-05
30  5.0  2.94149e-06
30  5.5  1.2348e-06
30  6.0  5.47142e-07
30  6.5  2.56372e-07
30  7.0  1.23869e-07
30  7.5  6.26056e-08
30  8.0  3.29035e-08
30  9.5  5.63752e-09
30  8.5  1.76938e-08
30  9.0  9.85869e-09
30  11.0  1.1983e-09
30  10.0  3.28644e-09
32  0.2  0.644243
32  0.3  0.510224
32  0.4  0.386679
32  0.5  0.283262
32  0.6  0.202272
32  0.7  0.142275
32  0.9  0.0690168
32  0.8  0.0992717
32  1.0  0.0480931
30  10.5  1.95418e-09
32  1.1  0.0335699
32  1.2  0.0236627
32  1.4  0.0119213
32  1.3  0.0165944
32  1.5  0.00853083
32  1.6  0.00625373
32  1.7  0.00438256
32  1.9  0.00231031
32  1.8  0.00322601
32  2.0  0.00175691
32  2.5  0.000408884
32  3.0  9.70772e-05
32  3.5  3.95408e-05
30  11.5  7.45325e-10
30  12.0  4.70076e-10
32  4.0  1.14207e-05
32  4.5  4.15276e-06
32  5.0  1.62449e-06
32  5.5  6.7567e-07
32  6.0  2.9886e-07
32  7.0  6.68208e-08
32  6.5  1.38061e-07
32  7.5  3.37075e-08
32  8.0  1.75392e-08
32  9.0  5.22687e-09
32  8.5  9.44231e-09
32  9.5  2.98857e-09
32  10.0  1.73661e-09
32  10.5  1.03558e-09
4  0.2  2.59313
4  0.3  2.12556
4  0.4  1.67997
4  0.5  1.29007
4  0.6  0.966747
4  0.7  0.713248
4  0.8  0.520838
4  0.9  0.377768
4  1.0  0.274166
4  1.1  0.198653
4  1.2  0.144163
4  1.3  0.105509
4  1.5  0.0574782
4  1.4  0.076744
4  1.6  0.0424796
4  1.7  0.0312932
32  11.0  6.29284e-10
4  1.8  0.0229471
4  1.9  0.0172113
4  2.0  0.012955
32  12.0  2.47116e-10
4  3.0  0.00111856
4  2.5  0.00342723
4  3.5  0.000248411
32  11.5  3.91132e-10
4  4.0  0.000106514
4  4.5  4.03226e-05
4  5.0  1.61544e-05
4  5.5  6.90917e-06
4  6.0  3.11567e-06
4  6.5  1.46869e-06
4  7.0  7.2036e-07
4  7.5  3.67981e-07
4  8.0  1.94978e-07
4  8.5  1.06259e-07
4  9.0  6.00581e-08
4  9.5  3.44705e-08
4  10.0  2.02261e-08
6  0.2  2.56881
4  11.0  7.49854e-09
6  0.3  2.10501
6  0.4  1.66314
4  10.5  1.22053e-08
6  0.5  1.27609
6  0.6  0.955682
4  11.5  4.68699e-09
6  0.7  0.705598
6  0.8  0.514678
6  1.0  0.270903
6  0.9  0.373127
6  1.1  0.195865
6  1.2  0.142345
6  1.4  0.0756367
6  1.3  0.103442
6  1.5  0.0564004
6  1.6  0.0416752
6  1.7  0.0307894
6  1.8  0.0233016
6  1.9  0.0169338
6  2.0  0.0126955
6  2.5  0.00334012
4  12.0  2.98589e-09
6  3.0  0.000840695
6  3.5  0.000248924
6  4.0  0.000104791
6  4.5  3.93206e-05
6  5.0  1.58811e-05
6  5.5  6.78492e-06
6  6.0  3.05372e-06
6  6.5  1.4427e-06
6  7.0  7.07272e-07
6  7.5  3.61372e-07
6  8.5  1.04788e-07
6  8.0  1.91399e-07
6  9.0  5.87911e-08
6  9.5  3.38372e-08
6  10.0  1.98521e-08
8  0.2  2.53463
6  11.0  7.35967e-09
8  0.3  2.0749
6  10.5  1.19844e-08
8  0.4  1.63999
8  0.5  1.25609
8  0.6  0.941167
6  11.5  4.59958e-09
8  0.7  0.6939
8  0.8  0.505845
8  0.9  0.367169
8  1.0  0.265564
8  1.1  0.192406
8  1.2  0.139858
8  1.3  0.101364
8  1.4  0.0749143
8  1.5  0.055431
8  1.6  0.040065
6  12.0  2.93016e-09
8  1.7  0.0297641
8  1.8  0.0221211
8  1.9  0.0165885
8  2.0  0.0124453
8  2.5  0.00328091
8  3.0  0.000898612
8  3.5  0.000240338
8  4.0  0.000102193
8  4.5  3.83897e-05
8  5.0  1.54658e-05
8  5.5  6.61108e-06
8  6.5  1.40495e-06
8  6.0  2.97517e-06
8  7.0  6.89146e-07
8  7.5  3.52085e-07
8  8.5  1.02062e-07
8  8.0  1.86479e-07
8  9.0  5.74208e-08
8  9.5  3.29479e-08
8  10.0  1.93283e-08
8  11.0  7.16429e-09
8  10.5  1.16657e-08
8  11.5  4.47695e-09
8  12.0  2.84145e-09
