# diffractive D0 cross section, Pb target, HymnD fragmentation, An0n channel
# generated      : 2026-08-20 11:03:19 EEST
# calls          : 1e5 (VEGAS calls per point, see CALLS_EXCL/CALLS_EXCL_FACTORIZED/CALLS_DIFF)
# dipole samples : data/Pb/bk_posterior/member_0049/glauber_mve_<b>
# pD0 sweep      : 0.2 0.3 0.4 0.5 0.6 0.7 0.8 0.9 1.0 1.1 1.2 1.3 1.4 1.5 1.6 1.7 1.8 1.9 2.0 2.5 3.0 3.5 4.0 4.5 5.0 5.5 6.0 6.5 7.0 7.5 8.0 8.5 9.0 9.5 10.0 10.5 11.0 11.5 12.0
# fixed rapidity y : 0.0
# ============================================================
# b  pD0  dsigma_dyd2pD0
0  0.5  1.15476
0  0.3  0.826011
0  0.4  1.03811
0  0.2  0.564686
0  0.6  1.16742
0  0.7  1.09528
0  0.8  0.997026
0  0.9  0.858056
0  1.0  0.733623
0  1.2  0.508288
0  1.1  0.617005
0  1.3  0.418209
0  1.4  0.342699
0  1.6  0.235286
0  1.5  0.279099
0  1.7  0.192071
0  1.8  0.158262
0  1.9  0.129736
0  2.0  0.108294
0  2.5  0.0449423
0  3.5  0.0101191
0  3.0  0.0203996
0  4.0  0.00528666
0  4.5  0.002947
0  5.5  0.00108106
0  5.0  0.00174517
0  6.5  0.000448789
0  6.0  0.000683415
0  8.0  0.00014258
0  7.0  0.000296071
0  7.5  0.000204271
0  8.5  0.000101698
0  9.0  7.49368e-05
0  9.5  5.35693e-05
0  11.0  2.28013e-05
0  10.0  3.99292e-05
10  0.2  0.557755
10  0.3  0.804765
10  0.4  1.01516
10  0.5  1.1202
0  10.5  3.03122e-05
10  0.6  1.14849
0  12.0  1.36091e-05
10  0.7  1.0725
10  0.8  0.961662
10  0.9  0.838609
10  1.0  0.709021
10  1.1  0.597452
10  1.2  0.488919
10  1.3  0.40405
10  1.4  0.332972
10  1.5  0.275154
10  1.6  0.220899
10  1.7  0.181885
10  1.9  0.123485
10  1.8  0.150336
10  2.0  0.103074
10  2.5  0.0427599
10  3.0  0.0193113
10  3.5  0.00956794
0  11.5  1.75946e-05
10  4.0  0.00508246
10  4.5  0.00282392
10  5.5  0.00102165
10  5.0  0.00166423
10  6.0  0.000648491
10  6.5  0.000422803
10  8.0  0.000135228
10  7.0  0.000291505
10  7.5  0.000197603
10  8.5  9.92545e-05
10  9.0  6.96106e-05
10  9.5  5.03375e-05
10  10.0  3.77054e-05
12  0.2  0.553741
12  0.3  0.799708
12  0.4  1.01848
12  0.5  1.12147
12  0.6  1.13577
10  12.0  1.25986e-05
12  0.7  1.06012
12  0.8  0.955507
10  10.5  2.8364e-05
12  0.9  0.824426
10  11.5  1.63795e-05
12  1.0  0.697186
12  1.1  0.584009
12  1.2  0.480438
12  1.3  0.395243
12  1.4  0.323323
12  1.5  0.26284
10  11.0  2.17198e-05
12  1.6  0.221221
12  1.7  0.178712
12  1.8  0.147831
12  1.9  0.123178
12  2.0  0.101857
12  2.5  0.0415099
12  3.0  0.0189728
12  3.5  0.00939402
12  4.0  0.00497506
12  4.5  0.00277694
12  5.5  0.000985581
12  5.0  0.00162604
12  6.0  0.000647366
12  8.0  0.000134474
12  6.5  0.000417001
12  7.5  0.000188569
12  7.0  0.000276625
12  8.5  9.46955e-05
12  9.0  6.79088e-05
12  9.5  4.99361e-05
12  10.0  3.68427e-05
14  0.2  0.547036
14  0.3  0.788695
14  0.4  0.993186
14  0.5  1.09836
14  0.6  1.1171
14  0.7  1.03345
14  0.8  0.934209
14  0.9  0.804851
12  10.5  2.74774e-05
14  1.1  0.570185
14  1.0  0.686564
14  1.2  0.474253
14  1.3  0.385293
14  1.4  0.316151
14  1.5  0.261091
14  1.6  0.212423
14  1.7  0.175456
14  1.8  0.144013
14  1.9  0.118935
12  11.0  2.14718e-05
12  12.0  1.24769e-05
14  2.0  0.0986886
14  2.5  0.0403804
14  3.0  0.0186571
14  3.5  0.00910601
12  11.5  1.61265e-05
14  4.0  0.00483032
14  4.5  0.00267647
14  5.0  0.0016132
14  5.5  0.000967833
14  6.0  0.000618687
14  6.5  0.00039956
14  7.0  0.000268108
14  7.5  0.000184123
14  8.0  0.000128599
14  9.5  4.97258e-05
14  8.5  9.14576e-05
14  9.0  6.57303e-05
16  0.2  0.542416
14  10.0  3.64845e-05
16  0.3  0.790794
16  0.4  0.985472
16  0.5  1.08492
16  0.6  1.08332
14  10.5  2.71514e-05
16  0.7  1.01668
16  0.8  0.908352
16  0.9  0.793697
16  1.0  0.663695
16  1.1  0.554087
16  1.2  0.45876
16  1.3  0.376306
16  1.4  0.304983
16  1.5  0.252835
16  1.6  0.206734
16  1.7  0.170805
14  11.0  2.03067e-05
16  1.8  0.139984
14  12.0  1.20198e-05
16  1.9  0.115562
16  2.5  0.0395014
16  2.0  0.0956797
16  3.0  0.0178237
14  11.5  1.52534e-05
16  3.5  0.00880651
16  4.0  0.00456695
16  5.0  0.00153282
16  4.5  0.00262327
16  5.5  0.000942092
16  6.0  0.00059517
16  6.5  0.000392783
16  7.0  0.000259764
16  7.5  0.000177859
16  8.0  0.000124163
16  10.0  3.44473e-05
16  8.5  8.84797e-05
16  9.0  6.33737e-05
16  9.5  4.77822e-05
18  0.2  0.536863
18  0.3  0.777366
18  0.4  0.976461
18  0.5  1.06971
18  0.6  1.06076
18  0.7  0.995807
18  0.8  0.871356
18  0.9  0.769364
16  10.5  2.58808e-05
18  1.0  0.645194
18  1.1  0.540462
18  1.2  0.440036
18  1.3  0.365478
18  1.4  0.29767
18  1.5  0.236135
16  12.0  1.15633e-05
16  11.0  2.0151e-05
18  1.7  0.162049
18  1.6  0.197493
18  1.8  0.134995
18  1.9  0.111073
18  2.0  0.0912458
16  11.5  1.49904e-05
18  2.5  0.0372514
18  3.0  0.0172038
18  3.5  0.00839466
18  4.5  0.00246678
18  5.5  0.000893084
18  4.0  0.00452911
18  5.0  0.00146975
18  7.5  0.00016955
18  6.0  0.000566565
18  6.5  0.000368341
18  7.0  0.000245378
18  8.0  0.000121487
18  8.5  8.61663e-05
18  10.0  3.297e-05
18  9.0  6.04209e-05
18  9.5  4.56823e-05
2  0.2  0.563437
2  0.3  0.813539
2  0.4  1.03658
2  0.5  1.15567
18  10.5  2.53339e-05
2  0.6  1.15369
2  0.7  1.10718
2  0.8  0.986659
2  0.9  0.863818
2  1.0  0.729423
2  1.1  0.619565
2  1.2  0.507915
18  11.0  1.85218e-05
2  1.3  0.422707
2  1.4  0.347658
2  1.5  0.283909
2  1.6  0.231985
18  12.0  1.12919e-05
2  1.7  0.190349
2  1.8  0.157191
2  2.0  0.107228
18  11.5  1.44844e-05
2  1.9  0.130452
2  2.5  0.0444642
2  3.0  0.0203314
2  3.5  0.00993968
2  4.0  0.00541753
2  4.5  0.00305236
2  5.5  0.00109022
2  5.0  0.0017741
2  6.5  0.000451673
2  6.0  0.000683551
2  7.0  0.000301557
2  8.0  0.000142333
2  7.5  0.000201291
2  8.5  0.000103549
2  9.0  7.28757e-05
2  10.0  4.06107e-05
2  9.5  5.31859e-05
2  11.0  2.31241e-05
20  0.2  0.527286
2  10.5  3.05566e-05
20  0.3  0.763505
20  0.4  0.958589
20  0.5  1.04709
2  12.0  1.36789e-05
20  0.6  1.04599
20  0.7  0.956983
20  0.8  0.849111
20  0.9  0.733338
20  1.0  0.615403
20  1.1  0.514054
20  1.2  0.4256
20  1.3  0.340065
20  1.4  0.28311
20  1.5  0.231487
20  1.6  0.187826
20  1.7  0.15417
20  1.9  0.104294
20  1.8  0.126974
20  2.0  0.0863419
20  2.5  0.0352306
20  3.5  0.00788851
20  3.0  0.0160988
2  11.5  1.71517e-05
20  5.5  0.000839004
20  4.0  0.0041566
20  4.5  0.00240847
20  5.0  0.00139298
20  6.0  0.000532342
20  7.5  0.000162674
20  6.5  0.000349224
20  7.0  0.000233052
20  8.0  0.000111637
20  10.0  3.23313e-05
20  8.5  7.95119e-05
20  9.0  5.90025e-05
20  9.5  4.28841e-05
22  0.2  0.516211
22  0.3  0.749241
22  0.4  0.916444
22  0.5  1.01208
20  12.0  1.07285e-05
22  0.6  0.994279
22  0.7  0.917313
20  10.5  2.36687e-05
22  0.8  0.810152
22  0.9  0.698066
22  1.0  0.584959
22  1.1  0.482407
22  1.2  0.395174
22  1.4  0.263431
22  1.3  0.326441
22  1.5  0.218354
20  11.0  1.79133e-05
22  1.6  0.176823
22  1.7  0.143852
22  1.9  0.0975947
22  1.8  0.11867
22  2.0  0.0805718
22  3.0  0.0149187
22  3.5  0.00736608
22  2.5  0.033017
20  11.5  1.34951e-05
22  5.5  0.000774943
22  5.0  0.00127354
22  4.0  0.00385182
22  4.5  0.00217135
22  6.0  0.000504786
22  7.5  0.000149293
22  7.0  0.000216093
22  6.5  0.000328947
22  8.0  0.000103006
22  8.5  7.42243e-05
22  9.0  5.36543e-05
22  9.5  4.02316e-05
22  10.0  2.88712e-05
24  0.2  0.499172
24  0.3  0.730394
24  0.4  0.899973
24  0.5  0.970029
22  10.5  2.21686e-05
24  0.6  0.950813
24  0.7  0.86368
24  0.8  0.759054
24  0.9  0.646658
24  1.0  0.543603
24  1.1  0.450498
24  1.2  0.369353
24  1.3  0.299588
24  1.4  0.244127
22  11.0  1.68049e-05
24  1.5  0.198875
24  1.6  0.161477
24  1.7  0.130839
24  1.8  0.108109
24  2.0  0.0739051
24  1.9  0.0892393
24  2.5  0.0300483
24  3.0  0.0137034
24  3.5  0.00687516
22  11.5  1.24378e-05
22  12.0  9.78254e-06
24  4.0  0.00356213
24  5.0  0.00116897
24  4.5  0.00196649
24  5.5  0.000728015
24  6.0  0.00046596
24  7.5  0.000138847
24  7.0  0.000199806
24  6.5  0.00029971
24  8.0  9.74906e-05
24  8.5  6.67417e-05
24  9.0  4.79844e-05
24  9.5  3.60344e-05
24  10.0  2.66914e-05
26  0.2  0.488201
26  0.3  0.700979
24  12.0  8.69364e-06
24  10.5  1.98195e-05
26  0.4  0.849788
26  0.5  0.912976
26  0.6  0.874293
26  0.7  0.808194
26  0.8  0.695278
26  1.0  0.484227
26  0.9  0.59265
26  1.2  0.332341
26  1.1  0.403868
26  1.4  0.214948
24  11.0  1.533e-05
26  1.3  0.268465
26  1.6  0.14269
26  1.5  0.176624
26  1.7  0.116976
26  1.8  0.0957918
26  1.9  0.0795623
26  2.0  0.0653443
26  2.5  0.0266745
26  3.0  0.0121035
26  3.5  0.00595757
24  11.5  1.14119e-05
26  5.5  0.00064543
26  4.0  0.00307702
26  4.5  0.00175467
26  5.0  0.00102597
26  6.0  0.000395956
26  6.5  0.00025994
26  7.0  0.000175291
26  7.5  0.000122743
26  8.0  8.45439e-05
26  8.5  5.9835e-05
26  9.0  4.21639e-05
26  9.5  3.10719e-05
26  11.0  1.30354e-05
26  10.0  2.31989e-05
28  0.2  0.462155
28  0.3  0.663388
28  0.4  0.791527
28  0.5  0.820807
26  10.5  1.73127e-05
28  0.6  0.79267
28  0.7  0.713163
28  0.8  0.615088
28  0.9  0.512674
28  1.1  0.342761
28  1.0  0.421491
28  1.2  0.283566
28  1.3  0.230579
28  1.5  0.149732
28  1.4  0.186938
28  1.7  0.0984578
28  1.6  0.122294
28  1.8  0.0820599
28  1.9  0.0670267
28  2.0  0.055177
26  12.0  7.97102e-06
28  2.5  0.0226947
28  3.0  0.010237
28  3.5  0.00494979
26  11.5  1.00152e-05
28  5.0  0.000878356
28  4.0  0.00267938
28  4.5  0.00145753
28  5.5  0.000527102
28  7.5  9.81234e-05
28  6.0  0.000333766
28  6.5  0.000218755
28  8.0  6.98425e-05
28  7.0  0.000149846
28  8.5  5.05692e-05
28  9.0  3.54985e-05
28  9.5  2.5698e-05
28  10.0  1.90504e-05
28  11.5  8.45762e-06
30  0.2  0.43647
30  0.3  0.604489
30  0.4  0.708642
30  0.5  0.713615
30  0.6  0.665492
28  10.5  1.4551e-05
30  0.7  0.596271
30  0.8  0.51353
30  0.9  0.423054
30  1.0  0.347799
28  11.0  1.08597e-05
30  1.1  0.284866
30  1.2  0.228053
30  1.3  0.184676
30  1.5  0.1172
30  1.4  0.148067
30  1.7  0.0787952
30  1.6  0.0974346
30  1.8  0.0662861
30  1.9  0.0538786
30  2.0  0.0436992
30  3.0  0.00793694
30  2.5  0.0178954
30  3.5  0.00390963
28  12.0  6.662e-06
30  4.0  0.00206477
30  4.5  0.00114962
30  5.0  0.000671079
30  5.5  0.000422953
30  6.0  0.000261665
30  6.5  0.00017334
30  8.0  5.58812e-05
30  7.0  0.000113904
30  7.5  7.9931e-05
30  8.5  3.84622e-05
30  9.0  2.82799e-05
30  9.5  2.08857e-05
30  10.0  1.53171e-05
32  0.2  0.386829
32  0.3  0.528209
32  0.4  0.587082
32  0.5  0.571691
30  10.5  1.11388e-05
32  0.7  0.450435
32  0.6  0.520752
30  12.0  5.18488e-06
32  0.8  0.378679
32  0.9  0.315623
32  1.0  0.256077
32  1.1  0.20873
32  1.2  0.166829
32  1.3  0.133
32  1.4  0.10747
32  1.6  0.0709731
32  1.5  0.0873238
32  1.7  0.0569953
32  1.8  0.0458276
32  1.9  0.0384958
32  2.0  0.0317286
32  2.5  0.0125242
32  3.0  0.00581981
30  11.0  8.48514e-06
32  3.5  0.00285271
30  11.5  6.46971e-06
32  4.5  0.000850433
32  4.0  0.00146919
32  5.0  0.000482034
32  5.5  0.000292921
32  7.0  8.13265e-05
32  6.0  0.000187416
32  6.5  0.000119258
32  8.0  3.88216e-05
32  7.5  5.62998e-05
32  8.5  2.75934e-05
32  9.0  1.99099e-05
32  9.5  1.44929e-05
32  10.0  1.08818e-05
34  0.2  0.32396
32  10.5  8.00576e-06
34  0.3  0.417767
34  0.4  0.43673
34  0.5  0.412764
34  0.6  0.370678
34  0.7  0.311778
32  11.0  6.07318e-06
34  0.8  0.256975
34  1.0  0.172071
34  0.9  0.209311
34  1.1  0.134632
34  1.2  0.109315
34  1.4  0.0722873
34  1.3  0.088226
34  1.5  0.0568311
34  1.6  0.0453157
34  1.8  0.0300103
34  1.7  0.0373101
34  1.9  0.0249111
34  2.0  0.0206976
34  3.0  0.00360634
34  2.5  0.00809946
32  11.5  4.6896e-06
34  3.5  0.00182599
32  12.0  3.64457e-06
34  5.0  0.000310292
34  4.0  0.000946845
34  4.5  0.00054299
34  5.5  0.0001899
34  6.5  7.93554e-05
34  6.0  0.000119955
34  7.0  5.21374e-05
34  7.5  3.64367e-05
34  8.0  2.47771e-05
34  8.5  1.76713e-05
34  9.0  1.28505e-05
34  9.5  9.41032e-06
34  11.0  3.93531e-06
34  10.0  6.89945e-06
4  0.2  0.562405
4  0.3  0.813591
34  12.0  2.31176e-06
4  0.4  1.0334
4  0.5  1.13347
34  10.5  5.22445e-06
4  0.6  1.15268
4  0.7  1.0973
4  0.8  0.980981
4  0.9  0.862678
4  1.0  0.732198
4  1.1  0.614789
4  1.2  0.511241
4  1.3  0.423138
4  1.4  0.342218
4  1.5  0.279914
4  1.6  0.229466
4  1.7  0.190626
4  1.8  0.158152
4  1.9  0.129426
4  2.5  0.0440325
4  2.0  0.108617
4  3.0  0.0201251
4  3.5  0.0099843
34  11.5  3.00299e-06
4  4.0  0.00521412
4  4.5  0.00294955
4  5.5  0.0010822
4  5.0  0.00174004
4  6.5  0.00044226
4  6.0  0.000693203
4  8.0  0.000141524
4  7.0  0.00030342
4  7.5  0.000202384
4  8.5  0.000103361
4  9.0  7.46875e-05
4  9.5  5.455e-05
4  11.0  2.31236e-05
4  10.0  4.05527e-05
6  0.2  0.560809
6  0.3  0.811877
6  0.4  1.0244
6  0.5  1.13978
4  10.5  3.03178e-05
4  12.0  1.31029e-05
6  0.6  1.16064
6  0.7  1.08576
6  0.8  0.986145
6  0.9  0.854087
6  1.0  0.725139
6  1.1  0.610613
6  1.2  0.514438
6  1.4  0.3381
6  1.3  0.41531
6  1.5  0.282285
6  1.6  0.230934
6  1.7  0.189899
6  1.8  0.154929
6  1.9  0.128216
6  2.0  0.106758
6  2.5  0.0438219
6  3.0  0.0198901
6  3.5  0.00998079
4  11.5  1.69592e-05
6  4.0  0.005286
6  4.5  0.00294757
6  5.5  0.00105454
6  5.0  0.00172102
6  6.5  0.000435654
6  6.0  0.000669726
6  8.0  0.000142942
6  7.0  0.000301443
6  7.5  0.000203531
6  8.5  0.000102118
6  9.0  7.34347e-05
6  9.5  5.21962e-05
6  10.0  4.01656e-05
8  0.2  0.560084
8  0.3  0.804842
6  10.5  2.93724e-05
8  0.4  1.02188
8  0.5  1.14474
8  0.6  1.12686
6  12.0  1.34129e-05
8  0.7  1.0855
8  0.8  0.969205
8  0.9  0.862571
8  1.0  0.722143
8  1.1  0.60107
8  1.2  0.497084
6  11.0  2.2772e-05
8  1.3  0.411519
8  1.4  0.335798
8  1.6  0.22387
8  1.5  0.275419
8  1.7  0.187403
8  1.8  0.153324
8  1.9  0.127418
6  11.5  1.68578e-05
8  2.0  0.10486
8  2.5  0.0432622
8  3.0  0.0196658
8  3.5  0.00975728
8  4.0  0.00519298
8  4.5  0.00292239
8  5.0  0.00171343
8  5.5  0.00106246
8  6.0  0.00065577
8  6.5  0.000430214
8  8.0  0.000142473
8  7.0  0.000289196
8  7.5  0.000197649
8  8.5  0.000100829
8  9.0  7.10487e-05
8  9.5  5.32644e-05
8  11.0  2.1881e-05
8  10.0  3.85437e-05
8  12.0  1.33578e-05
8  10.5  2.84283e-05
8  11.5  1.67446e-05
