# exclusive D0 cross section, Pb target, HymnD fragmentation, An0n channel
# generated      : 2026-08-20 10:22:42 EEST
# calls          : 1e5 below 4.0 GeV, 2e3 above (see EXCL_PT_THRESHOLD) (VEGAS calls per point, see CALLS_EXCL/CALLS_EXCL_FACTORIZED/CALLS_DIFF)
# dipole samples : data/Pb/mve/glauber_mve_<b>
# pD0 sweep      : 0.2 0.3 0.4 0.5 0.6 0.7 0.8 0.9 1.0 1.1 1.2 1.3 1.4 1.5 1.6 1.7 1.8 1.9 2.0 2.5 3.0 3.5 4.0 4.5 5.0 5.5 6.0 6.5 7.0 7.5 8.0 8.5 9.0 9.5 10.0 10.5 11.0 11.5 12.0
# fixed rapidity y : 0.0
# ============================================================
# b  pD0  dsigma_dyd2pD0
0  0.5  1.39035
0  0.3  2.24413
0  0.4  1.79453
0  0.2  2.71538
0  0.7  0.782489
0  0.6  1.05414
0  0.8  0.576659
0  1.0  0.308182
0  0.9  0.421724
0  1.2  0.164065
0  1.1  0.224436
0  1.4  0.0887307
0  1.5  0.0658314
0  1.3  0.119896
0  1.6  0.0490322
0  1.8  0.0269553
0  1.7  0.0358172
0  1.9  0.0205328
0  2.5  0.00423152
0  2.0  0.0153632
0  3.0  0.00118354
0  3.5  0.0003853
0  4.0  0.000136013
0  5.5  9.57706e-06
0  4.5  5.30303e-05
0  6.0  4.44441e-06
0  5.0  2.18634e-05
0  7.5  5.8212e-07
0  8.0  3.15936e-07
0  6.5  2.17823e-06
0  7.0  1.1106e-06
0  10.0  3.85211e-08
0  8.5  1.81288e-07
0  9.0  1.05543e-07
0  10.5  2.44982e-08
0  9.5  6.30288e-08
10  0.2  2.57458
10  0.3  2.12485
0  11.5  1.01594e-08
10  0.4  1.69687
10  0.5  1.31324
10  0.6  0.991
10  0.7  0.735612
10  0.8  0.540118
10  0.9  0.394669
10  1.0  0.287045
10  1.1  0.209043
10  1.2  0.152912
10  1.3  0.111279
10  1.4  0.0820683
0  11.0  1.55952e-08
10  1.5  0.0608401
10  1.6  0.0441856
10  1.7  0.0339945
10  1.9  0.018693
10  1.8  0.0251431
10  2.0  0.014465
10  2.5  0.00388283
10  3.0  0.0009857
10  3.5  0.000429397
0  12.0  6.79605e-09
10  4.0  0.000125715
10  5.5  8.714e-06
10  5.0  1.99668e-05
10  4.5  4.83411e-05
10  6.0  4.04097e-06
10  7.5  5.26571e-07
10  6.5  1.97469e-06
10  8.0  2.87074e-07
10  7.0  1.00108e-06
10  8.5  1.64883e-07
10  9.0  9.57076e-08
10  9.5  5.71791e-08
12  0.2  2.50816
10  11.5  9.21093e-09
10  10.0  3.50823e-08
12  0.3  2.06887
12  0.4  1.65038
12  0.5  1.27479
12  0.7  0.713231
12  0.6  0.96288
12  0.8  0.523194
12  0.9  0.381634
10  10.5  2.20522e-08
12  1.0  0.277642
12  1.1  0.202299
12  1.2  0.146979
12  1.4  0.0784759
12  1.3  0.107356
12  1.6  0.0431552
12  1.5  0.0577411
12  1.7  0.0322368
12  1.8  0.0238246
12  1.9  0.018332
12  2.0  0.0132545
12  2.5  0.00350891
12  3.0  0.000900519
10  11.0  1.40696e-08
12  3.5  0.000371601
10  12.0  6.15484e-09
12  4.0  0.000120261
12  5.0  1.90914e-05
12  4.5  4.6095e-05
12  5.5  8.3489e-06
12  6.0  3.87052e-06
12  6.5  1.89006e-06
12  7.0  9.6114e-07
12  8.0  2.74236e-07
12  7.5  5.06507e-07
12  8.5  1.57366e-07
12  9.0  9.13531e-08
12  9.5  5.45675e-08
12  11.5  8.78842e-09
12  10.0  3.34843e-08
14  0.2  2.42789
14  0.3  2.00213
14  0.4  1.59436
14  0.5  1.23182
12  10.5  2.1044e-08
14  0.6  0.928169
14  0.7  0.686252
14  0.8  0.502866
14  0.9  0.366429
14  1.0  0.266122
14  1.1  0.193595
14  1.2  0.140521
14  1.3  0.102593
14  1.4  0.0750894
12  11.0  1.34501e-08
14  1.5  0.0554078
14  1.6  0.0415573
14  1.9  0.0170876
14  1.7  0.0302713
14  1.8  0.0232615
14  2.5  0.00361281
14  2.0  0.0128364
14  3.0  0.000988162
14  3.5  0.000253672
12  12.0  5.8683e-09
14  4.0  0.000113734
14  5.0  1.80183e-05
14  5.5  7.85975e-06
14  4.5  4.3589e-05
14  7.0  9.05316e-07
14  6.0  3.66448e-06
14  6.5  1.78194e-06
14  7.5  4.77994e-07
14  8.0  2.61669e-07
14  8.5  1.47994e-07
14  9.0  8.61399e-08
14  9.5  5.15451e-08
14  10.0  3.15661e-08
16  0.2  2.33181
14  11.5  8.28606e-09
16  0.3  1.92147
16  0.4  1.52686
16  0.5  1.1779
16  0.6  0.886154
14  10.5  1.98362e-08
16  0.7  0.654776
16  0.8  0.47862
16  0.9  0.348651
16  1.0  0.253072
16  1.1  0.183317
16  1.2  0.134674
16  1.3  0.097393
16  1.4  0.0709144
14  11.0  1.26812e-08
16  1.6  0.039046
16  1.5  0.0519206
16  1.7  0.0288742
16  1.8  0.0214277
16  1.9  0.0159205
16  2.0  0.0122195
16  3.0  0.000947027
16  2.5  0.00332381
16  3.5  0.000278516
14  12.0  5.5372e-09
16  5.5  7.32524e-06
16  4.0  0.00010607
16  4.5  4.06769e-05
16  5.0  1.68232e-05
16  6.0  3.38675e-06
16  7.5  4.41767e-07
16  6.5  1.65954e-06
16  7.0  8.42464e-07
16  8.0  2.4395e-07
16  8.5  1.37634e-07
16  9.0  8.00895e-08
16  9.5  4.79371e-08
16  10.0  2.93436e-08
16  11.5  7.69266e-09
18  0.2  2.21779
18  0.3  1.82419
16  10.5  1.8405e-08
18  0.4  1.44862
18  0.5  1.11517
18  0.6  0.836861
18  0.7  0.616567
18  0.8  0.450146
18  0.9  0.326883
18  1.0  0.237027
18  1.1  0.171335
18  1.2  0.124965
18  1.3  0.0910208
18  1.4  0.0662947
16  11.0  1.17813e-08
18  1.5  0.0492665
18  1.6  0.0365062
18  1.7  0.0266988
18  1.8  0.0201673
18  1.9  0.0147836
18  2.0  0.0113106
18  2.5  0.00314874
18  3.0  0.000711838
18  3.5  0.000316575
16  12.0  5.14341e-09
18  4.0  9.73106e-05
18  4.5  3.73512e-05
18  5.0  1.54241e-05
18  5.5  6.74209e-06
18  7.5  4.04832e-07
18  6.0  3.12609e-06
18  6.5  1.51928e-06
18  7.0  7.72696e-07
18  8.0  2.22389e-07
18  8.5  1.25819e-07
18  9.0  7.31727e-08
18  9.5  4.37382e-08
18  10.0  2.68001e-08
2  0.2  2.70976
18  11.5  7.02054e-09
2  0.3  2.24094
2  0.4  1.79053
2  0.5  1.38745
2  0.6  1.05166
18  10.5  1.68049e-08
2  0.7  0.781031
2  0.8  0.575448
2  0.9  0.420825
2  1.0  0.306616
2  1.1  0.223586
2  1.2  0.163503
2  1.4  0.0878303
2  1.3  0.119274
2  1.5  0.0654479
2  1.6  0.0487388
2  1.7  0.035464
2  1.8  0.0270454
2  1.9  0.0198594
2  2.0  0.0154442
18  11.0  1.075e-08
2  2.5  0.00422326
2  3.0  0.000949182
2  3.5  0.000533567
2  4.0  0.000135535
18  12.0  4.66946e-09
2  5.5  9.54454e-06
2  4.5  5.27495e-05
2  6.0  4.42815e-06
2  5.0  2.17842e-05
2  8.0  3.14802e-07
2  7.0  1.10392e-06
2  6.5  2.17287e-06
2  7.5  5.81616e-07
2  8.5  1.80617e-07
2  9.0  1.0515e-07
2  9.5  6.27988e-08
2  10.0  3.85793e-08
20  0.2  2.07947
2  11.5  1.01202e-08
20  0.3  1.70819
20  0.4  1.35325
20  0.5  1.03938
20  0.6  0.778359
20  0.7  0.572748
20  0.8  0.417209
20  0.9  0.302136
2  10.5  2.42482e-08
20  1.0  0.218384
20  1.1  0.158173
20  1.2  0.114567
20  1.4  0.0605302
20  1.3  0.0828084
20  1.5  0.0447521
20  1.6  0.0325999
20  1.7  0.0245797
2  11.0  1.55399e-08
20  1.8  0.0182765
20  1.9  0.0136947
20  2.5  0.002444
20  2.0  0.0100955
20  3.0  0.000623711
20  3.5  0.000345946
2  12.0  6.77259e-09
20  4.5  3.34051e-05
20  4.0  8.74804e-05
20  5.0  1.38406e-05
20  5.5  6.03943e-06
20  6.0  2.79353e-06
20  6.5  1.36006e-06
20  7.0  6.8728e-07
20  7.5  3.64544e-07
20  8.0  1.99123e-07
20  8.5  1.12424e-07
20  9.0  6.53269e-08
20  9.5  3.90837e-08
20  10.0  2.3884e-08
22  0.2  1.91678
22  0.3  1.57082
20  11.5  6.26033e-09
22  0.4  1.24167
22  0.5  0.950736
22  0.6  0.7095
20  10.5  1.49881e-08
22  0.7  0.520355
22  0.8  0.377817
22  0.9  0.273024
22  1.0  0.196148
22  1.1  0.141771
22  1.2  0.102213
22  1.3  0.0741044
22  1.4  0.0539351
22  1.5  0.0397061
22  1.6  0.0289231
22  1.7  0.0219688
22  1.9  0.0122378
22  1.8  0.0159799
20  11.0  9.58421e-09
22  2.5  0.00216432
22  2.0  0.00917345
22  3.0  0.000576196
22  3.5  0.000283146
22  4.5  2.91296e-05
20  12.0  4.17779e-09
22  5.5  5.23345e-06
22  6.0  2.43678e-06
22  4.0  7.66364e-05
22  5.0  1.20561e-05
22  7.0  5.99857e-07
22  7.5  3.12624e-07
22  6.5  1.18404e-06
22  8.0  1.72563e-07
22  8.5  9.68646e-08
22  10.0  2.04632e-08
22  9.0  5.66338e-08
22  9.5  3.37564e-08
22  11.5  5.41539e-09
24  0.2  1.72004
24  0.3  1.40594
24  0.4  1.10722
24  0.5  0.844147
24  0.6  0.627826
24  0.7  0.458802
24  0.8  0.331398
24  0.9  0.238979
24  1.0  0.171312
22  10.5  1.29676e-08
24  1.1  0.123098
24  1.2  0.088922
24  1.3  0.0640413
24  1.4  0.0470208
24  1.5  0.0337672
22  11.0  8.31869e-09
24  1.6  0.0248709
24  1.7  0.0188959
24  1.8  0.0137014
24  1.9  0.0105884
24  2.0  0.0079494
24  2.5  0.00203395
24  3.0  0.000576013
24  3.5  0.000242895
24  4.0  6.39258e-05
22  12.0  3.6065e-09
24  4.5  2.43876e-05
24  5.0  1.00789e-05
24  5.5  4.38367e-06
24  6.0  2.03241e-06
24  6.5  9.8634e-07
24  8.5  8.01282e-08
24  7.0  4.99099e-07
24  7.5  2.62119e-07
24  8.0  1.42879e-07
24  10.0  1.69221e-08
24  9.0  4.69485e-08
24  9.5  2.79936e-08
24  11.5  4.47506e-09
26  0.2  1.48362
26  0.3  1.20833
26  0.4  0.947372
26  0.5  0.718613
24  10.5  1.07689e-08
26  0.6  0.531835
26  0.7  0.386755
26  0.8  0.278178
26  0.9  0.198879
26  1.0  0.142303
26  1.1  0.10185
26  1.2  0.0734238
26  1.3  0.0529318
24  11.0  6.88898e-09
26  1.4  0.038442
26  1.5  0.0276239
26  1.6  0.0204077
26  1.7  0.0149955
26  1.8  0.0111003
26  1.9  0.00820062
26  2.0  0.00614476
26  2.5  0.0016806
26  3.5  0.00021057
26  3.0  0.000381656
24  12.0  2.98717e-09
26  4.5  1.92376e-05
26  5.5  3.4285e-06
26  5.0  7.93227e-06
26  4.0  5.09142e-05
26  6.0  1.58919e-06
26  7.0  3.87158e-07
26  6.5  7.68086e-07
26  8.5  6.25646e-08
26  8.0  1.12333e-07
26  7.5  2.04624e-07
26  10.0  1.31617e-08
26  9.0  3.66528e-08
26  9.5  2.17938e-08
28  0.2  1.20623
28  0.3  0.9773
26  12.0  2.28887e-09
26  10.5  8.37178e-09
28  0.4  0.761616
28  0.5  0.573983
28  0.6  0.421784
28  0.7  0.304642
28  0.8  0.217604
28  0.9  0.154859
28  1.0  0.110138
28  1.1  0.0784072
28  1.2  0.0559526
28  1.3  0.040378
26  11.0  5.32307e-09
28  1.4  0.0287813
28  1.5  0.0209742
28  1.7  0.0114132
28  1.6  0.0154224
28  1.9  0.0061788
28  1.8  0.00841746
28  2.0  0.0047422
28  2.5  0.00116924
28  3.5  0.000124679
26  11.5  3.49874e-09
28  3.0  0.000284831
28  4.5  1.39029e-05
28  5.5  2.46014e-06
28  4.0  3.69887e-05
28  5.0  5.7115e-06
28  6.0  1.13722e-06
28  7.5  1.45224e-07
28  6.5  5.49634e-07
28  7.0  2.77455e-07
28  8.0  7.93928e-08
28  8.5  4.46762e-08
28  9.0  2.59081e-08
28  9.5  1.54514e-08
28  10.0  9.43022e-09
30  0.2  0.897081
30  0.3  0.722945
30  0.4  0.55844
30  0.5  0.416768
30  0.6  0.303489
30  0.7  0.217267
28  10.5  5.90677e-09
30  0.8  0.153833
30  0.9  0.108756
30  1.0  0.0766724
30  1.1  0.0542726
30  1.2  0.0384426
30  1.3  0.0277796
30  1.4  0.0195981
30  1.5  0.0141779
28  11.0  3.76443e-09
30  1.6  0.0104601
30  1.7  0.00758443
30  1.8  0.00559731
30  1.9  0.00424352
30  2.0  0.00321321
30  2.5  0.000778029
30  3.0  0.000168758
30  3.5  8.18169e-05
28  11.5  2.46971e-09
28  12.0  1.63491e-09
30  5.5  1.5544e-06
30  4.5  8.91077e-06
30  5.0  3.62112e-06
30  4.0  2.3551e-05
30  6.0  7.14853e-07
30  6.5  3.41905e-07
30  7.5  9.09467e-08
30  7.0  1.73652e-07
30  8.0  4.94719e-08
30  10.0  5.75257e-09
30  8.5  2.78445e-08
30  9.0  1.61452e-08
30  9.5  9.57863e-09
32  0.2  0.59058
32  0.3  0.471293
32  0.5  0.266126
32  0.4  0.360539
32  0.6  0.191594
32  0.7  0.135347
32  0.8  0.0947695
32  0.9  0.0664033
30  10.5  3.66121e-09
32  1.0  0.0464449
32  1.1  0.0325733
32  1.2  0.0229281
32  1.3  0.0164585
32  1.4  0.0115831
32  1.5  0.00840435
30  11.0  2.32202e-09
32  1.6  0.00603857
32  1.7  0.00448119
32  1.8  0.00330582
32  1.9  0.0023833
32  2.0  0.00179574
32  2.5  0.000442068
32  3.5  6.27268e-05
32  3.0  0.000109329
30  11.5  1.51897e-09
30  12.0  1.00548e-09
32  4.0  1.27782e-05
32  4.5  4.80193e-06
32  5.0  1.93216e-06
32  6.0  3.8042e-07
32  5.5  8.3951e-07
32  7.0  9.08028e-08
32  6.5  1.82933e-07
32  7.5  4.78422e-08
32  8.0  2.58739e-08
32  8.5  1.45149e-08
32  9.0  8.36763e-09
32  9.5  4.97086e-09
32  11.5  7.754e-10
32  10.0  3.02872e-09
4  0.2  2.69173
4  0.3  2.22579
32  10.5  1.88141e-09
4  0.4  1.77948
4  0.5  1.37736
4  0.7  0.775852
4  0.6  1.04343
4  0.8  0.570682
4  0.9  0.417732
32  11.0  1.19766e-09
4  1.0  0.304801
4  1.2  0.161959
4  1.1  0.221586
4  1.4  0.0876443
4  1.3  0.118227
4  1.5  0.063908
4  1.7  0.0360422
4  1.6  0.0471285
4  1.8  0.0264506
4  1.9  0.0198477
4  2.0  0.0149579
4  2.5  0.00413552
4  3.0  0.00125787
4  3.5  0.000498324
4  4.0  0.000134095
32  12.0  5.19818e-10
4  5.5  9.44112e-06
4  4.5  5.22801e-05
4  6.0  4.37941e-06
4  5.0  2.15471e-05
4  8.0  3.11279e-07
4  6.5  2.14054e-06
4  7.0  1.0926e-06
4  7.5  5.74904e-07
4  8.5  1.78609e-07
4  9.0  1.03991e-07
4  9.5  6.21025e-08
4  10.0  3.81392e-08
6  0.2  2.66516
6  0.3  2.20251
4  11.5  1.00103e-08
6  0.4  1.75968
4  10.5  2.39818e-08
6  0.5  1.36201
6  0.6  1.03146
6  0.7  0.766633
6  0.8  0.563656
6  0.9  0.411813
6  1.0  0.300984
4  11.0  1.53553e-08
6  1.1  0.218731
6  1.2  0.159509
6  1.3  0.116745
6  1.4  0.0865448
6  1.5  0.0629093
6  1.6  0.0474196
6  1.7  0.0347136
6  1.8  0.0260452
6  1.9  0.0201
6  2.0  0.0148243
6  3.0  0.00131133
6  2.5  0.00400142
6  3.5  0.000297273
6  4.0  0.000131647
4  12.0  6.6886e-09
6  4.5  5.13299e-05
6  6.0  4.29811e-06
6  5.0  2.11576e-05
6  5.5  9.32033e-06
6  7.5  5.60728e-07
6  6.5  2.10256e-06
6  7.0  1.07205e-06
6  8.0  3.10278e-07
6  8.5  1.75234e-07
6  9.0  1.02033e-07
6  9.5  6.09354e-08
6  10.0  3.7423e-08
8  0.2  2.62511
8  0.3  2.16903
6  11.5  9.77911e-09
8  0.4  1.73188
8  0.5  1.3396
8  0.6  1.01334
8  0.7  0.753347
6  10.5  2.35255e-08
8  0.9  0.405368
8  0.8  0.553687
8  1.0  0.294544
8  1.1  0.214771
8  1.2  0.156231
8  1.3  0.114282
6  11.0  1.50222e-08
8  1.4  0.0836812
8  1.6  0.0468492
8  1.5  0.0614607
8  1.7  0.0343748
8  1.8  0.0251301
8  1.9  0.0196942
8  2.0  0.0149346
8  3.0  0.00100658
8  2.5  0.00407345
8  3.5  0.000455357
6  12.0  6.55713e-09
8  5.5  9.03004e-06
8  4.0  0.000129836
8  4.5  4.98942e-05
8  6.0  4.18469e-06
8  5.0  2.06131e-05
8  6.5  2.05042e-06
8  7.0  1.03685e-06
8  7.5  5.49224e-07
8  8.0  3.00588e-07
8  8.5  1.70498e-07
8  9.0  9.92598e-08
8  9.5  5.92926e-08
8  10.0  3.61045e-08
8  11.5  9.55891e-09
8  10.5  2.28908e-08
8  11.0  1.46033e-08
8  12.0  6.39233e-09
