# exclusive D0 cross section, Pb target, HymnD fragmentation, An0n channel
# generated      : 2026-08-20 10:20:12 EEST
# calls          : 1e5 below 4.0 GeV, 2e3 above (see EXCL_PT_THRESHOLD) (VEGAS calls per point, see CALLS_EXCL/CALLS_EXCL_FACTORIZED/CALLS_DIFF)
# dipole samples : data/Pb/mve/glauber_mve_<b>
# pD0 sweep      : 0.2 0.3 0.4 0.5 0.6 0.7 0.8 0.9 1.0 1.1 1.2 1.3 1.4 1.5 1.6 1.7 1.8 1.9 2.0 2.5 3.0 3.5 4.0 4.5 5.0 5.5 6.0 6.5 7.0 7.5 8.0 8.5 9.0 9.5 10.0 10.5 11.0 11.5 12.0
# fixed rapidity y : 0.0
# ============================================================
# b  pD0  dsigma_dyd2pD0
0  0.3  2.63615
0  0.5  1.56871
0  0.4  2.06443
0  0.2  3.25
0  0.6  1.16858
0  0.8  0.624941
0  0.7  0.858936
0  1.1  0.236789
0  0.9  0.45199
0  1.0  0.32625
0  1.2  0.172255
0  1.3  0.124738
0  1.4  0.0906996
0  1.5  0.0672747
0  1.6  0.0497717
0  1.7  0.0362843
0  1.9  0.0208108
0  1.8  0.0273715
0  2.5  0.00420014
0  2.0  0.0156887
0  3.0  0.00112001
0  3.5  0.000545266
0  4.0  0.000131952
0  5.0  2.08728e-05
0  5.5  9.15248e-06
0  6.0  4.22405e-06
0  4.5  5.12202e-05
0  6.5  2.07402e-06
0  8.5  1.7066e-07
0  7.0  1.05322e-06
0  7.5  5.56526e-07
0  8.0  3.04005e-07
0  10.5  2.28026e-08
0  9.0  1.0014e-07
0  9.5  5.9829e-08
10  0.2  3.08082
0  10.0  3.66228e-08
10  0.3  2.49659
10  0.4  1.95065
10  0.5  1.47992
10  0.6  1.09958
10  0.7  0.805285
10  0.8  0.584884
10  0.9  0.422362
10  1.0  0.304698
10  1.1  0.220788
10  1.2  0.160019
10  1.3  0.115776
10  1.4  0.0840744
10  1.5  0.0619399
0  11.0  1.47288e-08
10  1.6  0.046096
10  1.7  0.0345824
10  1.9  0.0196625
10  1.8  0.0251587
10  2.0  0.0142408
10  2.5  0.00384152
10  3.0  0.000946319
0  11.5  9.68681e-09
10  3.5  0.000325596
0  12.0  6.42738e-09
10  4.0  0.000120253
10  5.0  1.89798e-05
10  4.5  4.67143e-05
10  5.5  8.32238e-06
10  6.0  3.85027e-06
10  6.5  1.88168e-06
10  7.5  5.06088e-07
10  7.0  9.58787e-07
10  8.0  2.76355e-07
10  8.5  1.5614e-07
10  9.0  9.07524e-08
10  10.5  2.06579e-08
10  9.5  5.42272e-08
12  0.2  3.00273
10  10.0  3.31682e-08
12  0.3  2.42939
12  0.4  1.89796
12  0.5  1.43707
12  0.6  1.06944
12  0.7  0.780988
12  0.8  0.566751
12  0.9  0.408816
12  1.0  0.294727
12  1.1  0.213737
12  1.2  0.154168
10  11.0  1.33366e-08
12  1.3  0.111445
12  1.4  0.0811782
12  1.6  0.0437756
12  1.5  0.0592576
12  1.7  0.0336081
12  1.8  0.0246259
12  1.9  0.0186167
10  11.5  8.74515e-09
12  2.0  0.0142914
12  2.5  0.00361955
12  3.5  0.000347686
12  3.0  0.000907934
10  12.0  5.82181e-09
12  4.0  0.000115048
12  5.5  7.95424e-06
12  4.5  4.46588e-05
12  6.0  3.67108e-06
12  5.0  1.8255e-05
12  7.5  4.78207e-07
12  6.5  1.79577e-06
12  7.0  9.1451e-07
12  8.0  2.64363e-07
12  8.5  1.4888e-07
12  9.0  8.66107e-08
12  10.5  1.9709e-08
12  9.5  5.17502e-08
12  10.0  3.16449e-08
14  0.2  2.90668
14  0.3  2.35032
14  0.4  1.83441
14  0.5  1.38931
14  0.6  1.02855
14  0.7  0.751617
14  0.8  0.544698
14  0.9  0.391906
14  1.0  0.282638
14  1.1  0.203905
14  1.2  0.147749
12  11.0  1.27407e-08
14  1.3  0.10641
14  1.4  0.0775218
14  1.5  0.0566025
14  1.6  0.0416671
14  1.7  0.031719
14  1.8  0.0232833
14  1.9  0.0172773
14  2.0  0.0133881
14  3.0  0.000782114
14  3.5  0.000448354
14  2.5  0.003586
12  11.5  8.33892e-09
12  12.0  5.55618e-09
14  4.0  0.000109068
14  5.5  7.50991e-06
14  4.5  4.22421e-05
14  5.0  1.72681e-05
14  6.0  3.50922e-06
14  6.5  1.68225e-06
14  7.0  8.62878e-07
14  8.0  2.48952e-07
14  7.5  4.5478e-07
14  8.5  1.40445e-07
14  9.0  8.16616e-08
14  9.5  4.88248e-08
14  10.0  2.98362e-08
16  0.2  2.79163
16  0.3  2.25317
16  0.4  1.75703
14  10.5  1.86944e-08
16  0.5  1.32888
16  0.6  0.980976
16  0.7  0.716091
16  0.8  0.518619
16  0.9  0.372199
16  1.0  0.267927
16  1.1  0.192762
16  1.2  0.139931
14  11.0  1.19957e-08
16  1.3  0.100742
16  1.4  0.0730318
16  1.5  0.0535724
16  1.7  0.0290815
16  1.6  0.0393277
16  1.8  0.0216542
16  1.9  0.016328
16  2.0  0.012218
16  2.5  0.00312174
16  3.0  0.000775826
16  3.5  0.000225198
14  11.5  7.85662e-09
14  12.0  5.23578e-09
16  4.0  0.000102061
16  5.0  1.60322e-05
16  4.5  3.94198e-05
16  6.0  3.27096e-06
16  5.5  7.04347e-06
16  8.0  2.31599e-07
16  7.0  8.02958e-07
16  6.5  1.58145e-06
16  7.5  4.24671e-07
16  8.5  1.30678e-07
16  9.0  7.6058e-08
16  9.5  4.53467e-08
18  0.2  2.6553
18  0.3  2.13939
16  10.0  2.77372e-08
18  0.4  1.66458
18  0.5  1.25573
18  0.6  0.928454
16  10.5  1.73711e-08
18  0.7  0.675008
18  0.8  0.487263
18  0.9  0.349623
18  1.0  0.251544
18  1.1  0.18037
18  1.2  0.130932
18  1.3  0.0950157
18  1.4  0.0680712
18  1.5  0.0501758
18  1.6  0.0364682
18  1.7  0.0269043
16  11.0  1.1159e-08
18  1.8  0.0204878
18  2.0  0.0112567
18  1.9  0.0151617
18  2.5  0.00308188
18  3.0  0.000721965
18  3.5  0.000264174
16  11.5  7.29699e-09
16  12.0  4.86451e-09
18  4.0  9.46398e-05
18  5.5  6.40325e-06
18  4.5  3.61578e-05
18  5.0  1.48151e-05
18  6.0  2.98727e-06
18  6.5  1.4482e-06
18  8.0  2.11446e-07
18  7.0  7.32559e-07
18  7.5  3.86513e-07
18  8.5  1.19516e-07
18  9.0  6.95224e-08
18  10.0  2.54107e-08
18  9.5  4.14853e-08
2  0.2  3.24425
2  0.3  2.63192
2  0.4  2.06019
2  0.5  1.56509
2  0.6  1.16715
2  0.7  0.856553
2  0.8  0.623252
2  0.9  0.451042
18  10.5  1.58837e-08
2  1.0  0.325882
2  1.1  0.236305
2  1.2  0.171412
2  1.3  0.125336
2  1.4  0.091299
2  1.5  0.0662433
18  11.0  1.02181e-08
2  1.6  0.0487422
2  1.7  0.0363992
2  1.8  0.0277184
2  1.9  0.0202835
2  2.0  0.0156588
2  3.0  0.00114737
2  2.5  0.00397637
2  3.5  0.000364506
18  11.5  6.65503e-09
18  12.0  4.42083e-09
2  4.0  0.000131484
2  5.0  2.0797e-05
2  5.5  9.11879e-06
2  6.0  4.2088e-06
2  4.5  5.10407e-05
2  6.5  2.06667e-06
2  7.0  1.04937e-06
2  8.5  1.7003e-07
2  7.5  5.54354e-07
2  8.0  3.02952e-07
2  10.5  2.2717e-08
2  9.0  9.97575e-08
2  9.5  5.9607e-08
20  0.2  2.49004
2  10.0  3.64845e-08
20  0.3  2.00411
20  0.4  1.55431
20  0.5  1.17063
20  0.6  0.861886
20  0.7  0.626059
20  0.8  0.45028
20  0.9  0.323261
20  1.0  0.23132
20  1.1  0.166787
20  1.2  0.119254
20  1.3  0.0859143
2  11.0  1.46727e-08
20  1.4  0.0623045
20  1.5  0.0450625
20  1.6  0.0339474
20  1.7  0.0244385
20  1.8  0.0187393
20  1.9  0.0138786
20  2.0  0.0100808
20  2.5  0.00261818
20  3.0  0.000824168
2  11.5  9.6464e-09
20  3.5  0.000207133
2  12.0  6.40352e-09
20  5.0  1.32925e-05
20  5.5  5.73357e-06
20  4.0  8.49521e-05
20  4.5  3.24459e-05
20  6.0  2.67156e-06
20  7.5  3.42811e-07
20  6.5  1.29634e-06
20  7.0  6.55195e-07
20  8.0  1.89665e-07
20  8.5  1.06759e-07
20  10.0  2.2584e-08
20  9.0  6.2075e-08
20  10.5  1.40697e-08
20  11.0  8.99381e-09
20  9.5  3.70297e-08
22  0.2  2.29313
22  0.3  1.8411
22  0.4  1.42527
22  0.5  1.06949
22  0.6  0.784786
22  0.7  0.568169
22  0.8  0.408
22  0.9  0.291371
22  1.0  0.208096
22  1.1  0.149313
22  1.3  0.0776573
22  1.2  0.106501
22  1.4  0.0560222
22  1.5  0.0404253
22  1.6  0.0294478
22  1.7  0.0225734
22  1.8  0.0164034
20  11.5  5.93554e-09
22  2.0  0.00911717
22  1.9  0.0121615
22  2.5  0.00238541
22  3.0  0.000771506
22  3.5  0.000233658
20  12.0  3.95715e-09
22  4.0  7.36282e-05
22  4.5  2.80885e-05
22  5.5  4.98267e-06
22  5.0  1.16183e-05
22  6.5  1.11428e-06
22  6.0  2.32136e-06
22  7.0  5.69756e-07
22  7.5  2.9975e-07
22  8.0  1.64048e-07
22  8.5  9.2532e-08
22  9.0  5.37503e-08
22  9.5  3.2021e-08
22  10.0  1.95864e-08
24  0.2  2.05691
24  0.3  1.64754
24  0.4  1.26942
24  0.5  0.948729
24  0.6  0.69375
22  10.5  1.23036e-08
24  0.7  0.50015
24  0.8  0.357739
24  0.9  0.254741
24  1.0  0.181435
24  1.1  0.129352
24  1.2  0.0924072
24  1.3  0.0662926
24  1.4  0.0481681
22  11.0  7.84356e-09
24  1.6  0.0256672
24  1.5  0.0346672
24  1.7  0.0191261
24  1.9  0.0104192
24  1.8  0.0139687
24  2.0  0.00784542
24  2.5  0.00189941
24  3.0  0.000485943
22  11.5  5.12922e-09
24  3.5  0.000214644
22  12.0  3.40244e-09
24  4.0  6.18118e-05
24  4.5  2.34989e-05
24  5.0  9.6498e-06
24  5.5  4.15594e-06
24  6.0  1.93506e-06
24  6.5  9.39705e-07
24  7.0  4.74068e-07
24  7.5  2.4926e-07
24  8.0  1.36204e-07
24  8.5  7.67661e-08
24  9.0  4.45828e-08
24  9.5  2.65961e-08
24  10.0  1.62474e-08
26  0.2  1.77387
24  11.0  6.48239e-09
26  0.3  1.41487
26  0.4  1.08578
24  10.5  1.01638e-08
26  0.5  0.80628
26  0.6  0.587038
26  0.7  0.421193
26  0.8  0.299431
26  0.9  0.212143
26  1.0  0.150354
26  1.1  0.10716
26  1.2  0.0759609
26  1.3  0.0551608
26  1.4  0.0397344
26  1.5  0.0282961
26  1.7  0.0156173
26  1.6  0.0207272
26  1.8  0.0115894
26  1.9  0.00846465
26  2.0  0.00639308
24  11.5  4.25782e-09
26  2.5  0.00151859
26  3.0  0.000409171
26  3.5  0.00017073
24  12.0  2.83229e-09
26  4.5  1.85241e-05
26  5.5  3.26333e-06
26  4.0  4.90799e-05
26  5.0  7.6168e-06
26  6.0  1.51765e-06
26  6.5  7.3433e-07
26  7.0  3.69826e-07
26  7.5  1.94725e-07
26  8.0  1.05928e-07
26  8.5  5.98084e-08
26  9.0  3.47197e-08
26  9.5  2.0689e-08
26  10.0  1.26628e-08
28  0.2  1.44083
28  0.3  1.14343
26  10.5  7.92558e-09
28  0.4  0.871947
28  0.5  0.642794
28  0.6  0.465344
28  0.7  0.331429
28  0.8  0.233798
28  0.9  0.165156
28  1.0  0.116451
28  1.1  0.0822193
28  1.2  0.0583723
28  1.3  0.0419535
28  1.5  0.0217995
28  1.4  0.0296725
26  11.0  5.04112e-09
28  1.6  0.0160487
28  1.7  0.0114015
26  11.5  3.30685e-09
28  1.8  0.00845801
28  2.0  0.00465576
28  1.9  0.0062682
28  2.5  0.00112602
28  3.0  0.000333922
28  3.5  0.000166443
26  12.0  2.19428e-09
28  4.5  1.33856e-05
28  4.0  3.55814e-05
28  5.0  5.49442e-06
28  5.5  2.37176e-06
28  6.0  1.0867e-06
28  6.5  5.24511e-07
28  8.0  7.4395e-08
28  7.0  2.64057e-07
28  7.5  1.39094e-07
28  9.5  1.44929e-08
28  8.5  4.252e-08
28  9.0  2.46627e-08
28  10.0  8.94547e-09
30  0.2  1.07116
30  0.3  0.843386
30  0.4  0.638155
28  12.0  1.53993e-09
30  0.5  0.466976
28  10.5  5.57953e-09
30  0.6  0.334231
30  0.7  0.235849
30  0.8  0.16528
30  0.9  0.115688
30  1.0  0.081004
30  1.1  0.0566815
30  1.2  0.0399517
30  1.3  0.0286051
28  11.0  3.57279e-09
30  1.4  0.0199946
30  1.5  0.0145515
30  1.6  0.0108384
30  1.7  0.00779985
30  1.8  0.00577939
30  2.0  0.00321571
30  1.9  0.00420043
30  2.5  0.000752671
30  3.0  0.000210559
30  3.5  6.02555e-05
28  11.5  2.33524e-09
30  4.5  8.53717e-06
30  5.0  3.46474e-06
30  4.0  2.27641e-05
30  5.5  1.4978e-06
30  6.0  6.84745e-07
30  6.5  3.28942e-07
30  7.0  1.6492e-07
30  7.5  8.6659e-08
30  8.0  4.70053e-08
30  8.5  2.642e-08
30  10.0  5.50337e-09
30  9.0  1.52852e-08
30  9.5  9.08407e-09
32  0.2  0.70439
32  0.3  0.54929
32  0.4  0.41103
32  0.5  0.297494
32  0.6  0.210493
32  0.7  0.146737
30  10.5  3.44702e-09
32  0.8  0.101813
32  0.9  0.0706201
32  1.0  0.0489309
32  1.1  0.0340275
32  1.3  0.0170296
32  1.2  0.0238048
32  1.4  0.0117992
32  1.5  0.0086366
30  11.0  2.20241e-09
32  1.7  0.00461166
32  1.6  0.00619506
32  1.8  0.00332451
32  1.9  0.00243946
32  2.0  0.00180403
32  3.0  0.000107314
30  11.5  1.44353e-09
32  2.5  0.000386283
32  3.5  5.43082e-05
30  12.0  9.52026e-10
32  5.0  1.84689e-06
32  4.0  1.23898e-05
32  4.5  4.60617e-06
32  6.0  3.63505e-07
32  5.5  7.96839e-07
32  7.5  4.54402e-08
32  6.5  1.73332e-07
32  7.0  8.68259e-08
32  8.0  2.45298e-08
32  8.5  1.37413e-08
32  9.0  7.93536e-09
32  9.5  4.7009e-09
32  10.0  2.8572e-09
4  0.2  3.22482
4  0.3  2.61462
4  0.4  2.04767
4  0.5  1.55806
4  0.6  1.15837
4  0.7  0.849649
32  10.5  1.78415e-09
4  0.8  0.618229
4  0.9  0.447545
4  1.0  0.323755
4  1.1  0.234556
4  1.2  0.169641
4  1.3  0.123354
4  1.4  0.0897985
4  1.5  0.0674974
4  1.6  0.0482443
32  11.0  1.13683e-09
4  1.7  0.0368389
4  1.8  0.0274431
4  1.9  0.0204889
4  2.0  0.0154256
4  3.0  0.00127001
4  2.5  0.00409409
4  3.5  0.000403604
32  11.5  7.41622e-10
4  4.0  0.000130088
32  12.0  4.90536e-10
4  5.0  2.05698e-05
4  5.5  9.02111e-06
4  6.0  4.16306e-06
4  4.5  5.05045e-05
4  6.5  2.04426e-06
4  7.0  1.03769e-06
4  8.5  1.67983e-07
4  7.5  5.48084e-07
4  8.0  2.99613e-07
4  10.5  2.24617e-08
4  9.0  9.86433e-08
4  9.5  5.90188e-08
6  0.2  3.1912
4  10.0  3.6071e-08
6  0.3  2.58448
6  0.4  2.02463
6  0.5  1.53968
6  0.6  1.1438
6  0.7  0.839406
6  0.8  0.609971
6  0.9  0.441922
6  1.0  0.319281
6  1.1  0.232064
6  1.2  0.168063
6  1.3  0.121339
6  1.4  0.0887017
6  1.5  0.0648003
6  1.6  0.0476089
6  1.7  0.036466
6  1.9  0.0200679
6  1.8  0.0267265
4  11.0  1.45043e-08
6  2.5  0.00397044
6  2.0  0.0154971
6  3.0  0.00106377
6  3.5  0.000343918
4  11.5  9.51123e-09
4  12.0  6.33131e-09
6  4.0  0.000127789
6  5.0  2.02849e-05
6  5.5  8.8541e-06
6  6.0  4.08696e-06
6  4.5  4.96099e-05
6  6.5  2.00574e-06
6  7.0  1.01835e-06
6  8.5  1.65015e-07
6  7.5  5.37705e-07
6  8.0  2.93982e-07
6  9.0  9.6784e-08
6  9.5  5.78284e-08
8  0.2  3.14368
6  10.0  3.53807e-08
8  0.3  2.54634
8  0.4  1.99388
8  0.5  1.51346
8  0.6  1.12616
6  10.5  2.21953e-08
8  0.7  0.825266
8  0.8  0.599205
8  0.9  0.432988
8  1.0  0.312592
8  1.1  0.226796
8  1.3  0.120299
8  1.2  0.163545
8  1.4  0.0866473
8  1.5  0.0649962
8  1.6  0.0476238
8  1.7  0.0356844
8  1.8  0.0263533
8  1.9  0.0195418
8  2.0  0.0146501
6  11.0  1.42259e-08
8  2.5  0.00389624
8  3.0  0.00107429
8  3.5  0.000342922
6  11.5  9.35635e-09
6  12.0  6.2112e-09
8  4.0  0.000124514
8  5.0  1.9663e-05
8  5.5  8.62218e-06
8  6.0  3.97993e-06
8  4.5  4.84084e-05
8  6.5  1.95072e-06
8  7.0  9.91104e-07
8  8.5  1.60575e-07
8  7.5  5.23401e-07
8  8.0  2.87258e-07
8  9.0  9.41802e-08
8  9.5  5.61884e-08
8  10.0  3.44134e-08
8  10.5  2.15623e-08
8  11.0  1.38376e-08
8  11.5  9.07479e-09
8  12.0  6.04309e-09
