# exclusive D0 cross section, Pb target, LHAPDF fragmentation, An0n channel
# generated      : 2026-08-19 15:24:13 EEST
# calls          : 1e5 below 4.0 GeV, 2e3 above (see EXCL_PT_THRESHOLD) (VEGAS calls per point, see CALLS_EXCL/CALLS_EXCL_FACTORIZED/CALLS_DIFF)
# dipole samples : data/Pb/bk_posterior/member_0042/glauber_mve_<b>
# pD0 sweep      : 0.2 0.3 0.4 0.5 0.6 0.7 0.8 0.9 1.0 1.1 1.2 1.3 1.4 1.5 1.6 1.7 1.8 1.9 2.0 2.5 3.0 3.5 4.0 4.5 5.0 5.5 6.0 6.5 7.0 7.5 8.0 8.5 9.0 9.5 10.0 10.5 11.0 11.5 12.0
# fixed rapidity y : 3.0
# ============================================================
# b  pD0  dsigma_dyd2pD0
0  0.4  0.344028
0  0.5  0.254987
0  0.2  0.565411
0  0.3  0.449373
0  0.7  0.132008
0  0.8  0.0933898
0  0.6  0.184804
0  0.9  0.0657299
0  1.0  0.0461878
0  1.2  0.0228496
0  1.1  0.0324261
0  1.3  0.0160835
0  1.7  0.00416906
0  1.4  0.011387
0  1.6  0.00578804
0  1.5  0.00809155
0  1.8  0.00300881
0  1.9  0.00216375
0  2.0  0.00159148
0  2.5  0.000345815
0  3.0  8.05405e-05
0  3.5  2.06989e-05
0  4.5  1.87983e-06
0  4.0  6.14913e-06
0  5.0  6.09662e-07
0  5.5  2.09527e-07
0  6.0  7.5779e-08
0  7.5  4.61904e-09
0  6.5  2.8504e-08
0  7.0  1.12003e-08
0  9.0  3.73214e-10
0  8.0  1.91369e-09
0  8.5  8.2885e-10
0  9.5  1.67219e-10
0  10.0  7.79108e-11
10  0.2  0.542681
10  0.3  0.430996
0  11.5  8.81411e-12
10  0.4  0.329244
10  0.5  0.243688
10  0.6  0.176385
10  0.7  0.12581
0  11.0  1.75613e-11
10  0.9  0.0623666
10  0.8  0.0887969
0  10.5  3.7045e-11
10  1.0  0.043751
10  1.1  0.0306675
10  1.2  0.0216046
10  1.3  0.0152322
10  1.4  0.0107092
10  1.5  0.0076083
10  1.7  0.00391905
10  1.6  0.00543865
10  1.8  0.00283163
10  1.9  0.00204952
10  2.0  0.00149129
10  2.5  0.000321335
10  3.0  7.49099e-05
10  3.5  1.92061e-05
0  12.0  4.41602e-12
10  4.0  5.67778e-06
10  4.5  1.72131e-06
10  5.0  5.62667e-07
10  5.5  1.92643e-07
10  6.5  2.61542e-08
10  6.0  6.94351e-08
10  8.0  1.76201e-09
10  7.0  1.0253e-08
10  7.5  4.17469e-09
10  9.0  3.39666e-10
10  8.5  7.5735e-10
10  9.5  1.52599e-10
10  10.0  7.11192e-11
12  0.2  0.531995
12  0.3  0.422217
10  11.5  8.00707e-12
10  11.0  1.63868e-11
12  0.4  0.322271
12  0.5  0.238434
12  0.6  0.172513
10  10.5  3.37539e-11
12  0.7  0.12285
12  0.8  0.086659
12  0.9  0.0608804
12  1.0  0.0426287
12  1.1  0.02986
12  1.2  0.0210142
12  1.3  0.0147357
12  1.4  0.01044
12  1.5  0.00740214
12  1.6  0.00531124
12  1.7  0.0037738
12  1.9  0.00198636
12  1.8  0.00270833
12  2.0  0.00143071
12  2.5  0.000310785
12  3.0  7.2917e-05
12  3.5  1.83788e-05
10  12.0  4.03454e-12
12  4.5  1.66865e-06
12  4.0  5.46805e-06
12  5.0  5.39708e-07
12  5.5  1.84969e-07
12  6.0  6.65965e-08
12  7.0  9.86008e-09
12  6.5  2.5095e-08
12  8.0  1.68032e-09
12  7.5  3.99798e-09
12  8.5  7.25995e-10
12  9.0  3.21916e-10
12  9.5  1.45973e-10
14  0.2  0.519179
12  10.0  6.80843e-11
14  0.3  0.411631
14  0.4  0.313923
14  0.5  0.231967
14  0.6  0.167568
14  0.7  0.119223
14  0.8  0.084142
14  0.9  0.0590107
14  1.0  0.0412648
14  1.1  0.0288907
12  10.5  3.23133e-11
14  1.2  0.0202745
14  1.4  0.0101243
14  1.3  0.0142312
12  11.0  1.56363e-11
14  1.6  0.00511592
14  1.5  0.00712457
14  1.8  0.00263388
14  1.7  0.00363221
14  1.9  0.00188768
14  2.0  0.0013718
14  2.5  0.000297022
14  3.0  6.92761e-05
14  3.5  1.7753e-05
12  11.5  7.69135e-12
12  12.0  3.85895e-12
14  4.5  1.58932e-06
14  4.0  5.21538e-06
14  5.0  5.13579e-07
14  6.0  6.35871e-08
14  5.5  1.7612e-07
14  6.5  2.38205e-08
14  7.5  3.82015e-09
14  7.0  9.33733e-09
14  8.0  1.59071e-09
14  8.5  6.885e-10
14  9.0  3.04967e-10
14  9.5  1.38469e-10
14  11.0  1.47531e-11
16  0.2  0.50323
14  10.0  6.44651e-11
16  0.3  0.398716
16  0.4  0.303748
16  0.5  0.224188
16  0.6  0.161731
14  10.5  3.05186e-11
16  0.8  0.0808939
16  0.7  0.115006
16  0.9  0.0567023
16  1.0  0.0396276
16  1.1  0.0276997
16  1.2  0.0194566
16  1.3  0.0136176
16  1.4  0.009616
16  1.5  0.00688949
16  1.6  0.00485299
16  1.7  0.00349774
16  1.8  0.00251122
16  2.0  0.00131775
14  12.0  3.64462e-12
16  1.9  0.00179528
16  2.5  0.000278901
16  3.0  6.58353e-05
16  3.5  1.67859e-05
14  11.5  7.27444e-12
16  4.5  1.49632e-06
16  4.0  4.91835e-06
16  5.0  4.82706e-07
16  5.5  1.65786e-07
16  6.0  5.94315e-08
16  6.5  2.23441e-08
16  7.0  8.75074e-09
16  7.5  3.55192e-09
16  9.5  1.30676e-10
16  8.0  1.48952e-09
16  9.0  2.858e-10
16  8.5  6.42879e-10
16  11.0  1.37852e-11
16  10.0  6.0244e-11
18  0.2  0.484217
18  0.3  0.382921
16  11.5  6.85004e-12
18  0.4  0.291493
18  0.5  0.214837
18  0.6  0.154752
18  0.7  0.109892
18  0.8  0.0771905
18  0.9  0.0540153
18  1.0  0.0376711
18  1.1  0.026303
18  1.2  0.0184516
18  1.3  0.0128825
16  10.5  2.85688e-11
18  1.4  0.0091533
18  1.5  0.00644026
18  1.6  0.00459534
18  1.7  0.00325854
18  1.8  0.00239012
18  1.9  0.00168825
18  2.0  0.00122364
18  2.5  0.00026284
18  3.0  6.09049e-05
18  3.5  1.57829e-05
18  5.0  4.5197e-07
16  12.0  3.34145e-12
18  4.5  1.38836e-06
18  4.0  4.57094e-06
18  5.5  1.53341e-07
18  6.0  5.49622e-08
18  6.5  2.06526e-08
18  7.0  8.08171e-09
18  7.5  3.28134e-09
18  8.0  1.37254e-09
18  8.5  5.92276e-10
18  9.0  2.62411e-10
18  9.5  1.18983e-10
18  10.0  5.53984e-11
2  0.2  0.564754
2  0.3  0.448657
2  0.4  0.343377
2  0.5  0.254551
2  0.6  0.184542
2  0.7  0.131764
2  0.8  0.0931995
18  11.0  1.27155e-11
2  0.9  0.065591
2  1.1  0.0323599
18  10.5  2.62481e-11
2  1.0  0.0461072
2  1.2  0.022756
2  1.3  0.0160608
2  1.4  0.0113635
2  1.6  0.00577077
2  1.5  0.00807959
2  1.7  0.00416037
2  1.9  0.00215971
2  1.8  0.00298559
2  2.0  0.00157095
2  3.5  2.05351e-05
2  2.5  0.000344037
2  3.0  8.07302e-05
18  11.5  6.23978e-12
18  12.0  3.1237e-12
2  4.5  1.87414e-06
2  4.0  6.13082e-06
2  5.0  6.07759e-07
2  5.5  2.08862e-07
2  6.0  7.55279e-08
2  6.5  2.84105e-08
2  7.0  1.11626e-08
2  7.5  4.53917e-09
2  9.0  3.71967e-10
2  8.0  1.90722e-09
2  8.5  8.26134e-10
2  9.5  1.6664e-10
2  10.0  7.69142e-11
2  11.0  1.79051e-11
20  0.2  0.461131
20  0.3  0.364155
2  11.5  8.76633e-12
20  0.4  0.276672
20  0.5  0.20356
20  0.6  0.146362
20  0.7  0.103562
2  10.5  3.66272e-11
20  0.8  0.0727071
20  1.0  0.0353518
20  0.9  0.0507573
20  1.1  0.0245906
20  1.3  0.0120397
20  1.2  0.0172112
20  1.5  0.00605263
20  1.4  0.0085347
20  1.6  0.00428797
20  1.7  0.00303433
20  1.8  0.00217408
20  1.9  0.00158563
20  3.0  5.59709e-05
20  2.0  0.00113279
20  2.5  0.000243252
20  3.5  1.58568e-05
2  12.0  4.40031e-12
20  4.0  4.185e-06
20  4.5  1.26521e-06
20  5.0  4.06968e-07
20  5.5  1.39178e-07
20  6.0  4.98089e-08
20  7.0  7.32644e-09
20  6.5  1.86928e-08
20  7.5  2.96413e-09
20  9.5  1.08103e-10
20  8.0  1.2381e-09
20  8.5  5.33697e-10
20  9.0  2.36633e-10
22  0.2  0.433104
20  10.0  4.98146e-11
22  0.3  0.342028
22  0.4  0.259031
20  10.5  2.36054e-11
22  0.5  0.19006
22  0.6  0.136265
22  0.7  0.0962674
22  0.8  0.0673559
22  0.9  0.0469128
22  1.1  0.0226444
22  1.0  0.0325857
22  1.2  0.0157956
22  1.4  0.00780346
22  1.3  0.0110191
22  1.5  0.00546249
22  1.6  0.00388023
22  1.8  0.00197038
20  11.0  1.14026e-11
22  1.9  0.00143123
22  1.7  0.00275517
22  3.0  4.82236e-05
22  2.0  0.00102629
22  2.5  0.000219099
22  3.5  1.38818e-05
20  11.5  5.59997e-12
20  12.0  2.80625e-12
22  4.0  3.72437e-06
22  5.5  1.22627e-07
22  4.5  1.11918e-06
22  6.0  4.45333e-08
22  5.0  3.60322e-07
22  7.0  6.42648e-09
22  8.0  1.09659e-09
22  8.5  4.68791e-10
22  6.5  1.64745e-08
22  7.5  2.60163e-09
22  9.0  2.07319e-10
22  9.5  9.40563e-11
22  11.0  9.93989e-12
24  0.2  0.398704
22  10.0  4.35508e-11
24  0.3  0.313791
24  0.4  0.23726
24  0.6  0.124036
24  0.5  0.173538
24  0.7  0.0873186
24  0.9  0.0423107
24  0.8  0.0608717
22  10.5  2.06022e-11
24  1.0  0.0292886
24  1.1  0.0203315
24  1.2  0.0141147
24  1.3  0.00983407
24  1.4  0.00694445
24  1.5  0.00483884
24  1.6  0.00344597
24  1.7  0.00243877
24  1.8  0.00174248
24  1.9  0.00124747
24  2.0  0.000905139
24  2.5  0.000191504
24  3.0  4.16757e-05
24  3.5  1.13172e-05
22  11.5  4.8883e-12
22  12.0  2.44617e-12
24  4.0  3.18434e-06
24  4.5  9.60286e-07
24  5.0  3.07552e-07
24  5.5  1.04532e-07
24  7.0  5.43652e-09
24  6.0  3.73822e-08
24  8.0  9.27302e-10
24  6.5  1.39693e-08
24  8.5  3.96596e-10
24  7.5  2.20027e-09
24  10.0  3.68369e-11
24  9.0  1.74476e-10
24  10.5  1.74909e-11
24  9.5  7.89031e-11
24  11.0  8.3253e-12
26  0.2  0.356449
26  0.3  0.279645
26  0.5  0.153361
26  0.4  0.210544
26  0.6  0.109138
26  0.7  0.0765235
26  0.8  0.0531229
26  0.9  0.0367061
26  1.0  0.0253062
26  1.1  0.0175094
26  1.2  0.0121354
26  1.3  0.00843414
26  1.4  0.00594293
26  1.5  0.00412793
26  1.7  0.00208959
26  1.6  0.00290578
26  1.8  0.00147525
26  1.9  0.00105705
26  2.5  0.000159826
26  2.0  0.000760897
26  3.0  3.56591e-05
26  3.5  9.23082e-06
24  11.5  4.08931e-12
24  12.0  2.04552e-12
26  5.0  2.52185e-07
26  4.0  2.6115e-06
26  4.5  7.80885e-07
26  6.0  3.03674e-08
26  5.5  8.43322e-08
26  8.0  7.37261e-10
26  6.5  1.1211e-08
26  7.0  4.35984e-09
26  7.5  1.75515e-09
26  10.0  2.91359e-11
26  8.5  3.14632e-10
26  9.0  1.38572e-10
26  11.0  6.60682e-12
26  9.5  6.26249e-11
28  0.2  0.304602
26  11.5  3.2354e-12
28  0.3  0.238054
28  0.4  0.178203
28  0.5  0.12917
28  0.6  0.0913254
28  0.7  0.0636895
28  0.8  0.0439571
28  0.9  0.0302063
28  1.1  0.0142633
26  10.5  1.3705e-11
28  1.0  0.0207805
28  1.2  0.00987704
28  1.3  0.00679766
28  1.5  0.00334055
28  1.4  0.00472712
28  1.6  0.00233789
28  1.7  0.0016693
28  1.9  0.000851307
28  1.8  0.00117554
28  2.5  0.000123438
28  2.0  0.000599728
28  3.0  2.69239e-05
28  3.5  7.61044e-06
26  12.0  1.61095e-12
28  4.5  5.88056e-07
28  5.0  1.86996e-07
28  4.0  1.97289e-06
28  5.5  6.30456e-08
28  6.5  8.36026e-09
28  7.0  3.21957e-09
28  6.0  2.22893e-08
28  8.5  2.32389e-10
28  7.5  1.29013e-09
28  8.0  5.37142e-10
28  10.0  2.12322e-11
28  9.0  1.0099e-10
28  11.0  4.76069e-12
28  9.5  4.54872e-11
28  10.5  9.92706e-12
28  11.5  2.35156e-12
30  0.2  0.243876
30  0.3  0.189343
30  0.4  0.140963
30  0.5  0.101273
30  0.6  0.0711173
30  0.7  0.0491646
30  0.8  0.0336858
30  0.9  0.0229921
30  1.0  0.0156795
30  1.1  0.0107033
30  1.2  0.00734412
30  1.4  0.00349572
30  1.3  0.00504661
30  1.5  0.00244693
30  1.7  0.00119723
30  1.6  0.00169867
30  2.0  0.000437577
30  1.8  0.000847852
30  1.9  0.00060149
30  2.5  8.70845e-05
30  3.5  5.12212e-06
30  3.0  1.88827e-05
28  12.0  1.15933e-12
30  4.0  1.34235e-06
30  4.5  3.9554e-07
30  5.0  1.25012e-07
30  5.5  4.19645e-08
30  6.0  1.47631e-08
30  6.5  5.4605e-09
30  7.0  2.10372e-09
30  7.5  8.42401e-10
30  8.0  3.48481e-10
30  8.5  1.48944e-10
30  9.0  6.52009e-11
30  9.5  2.93293e-11
30  11.0  3.05203e-12
30  10.0  1.34745e-11
32  0.2  0.178512
32  0.3  0.137598
32  0.4  0.101408
32  0.5  0.0721279
32  0.6  0.0501046
32  0.7  0.0342494
32  0.8  0.0232665
32  0.9  0.015717
32  1.0  0.0105961
30  10.5  6.34496e-12
32  1.1  0.0071891
32  1.2  0.00488736
32  1.3  0.00334485
32  1.5  0.00158495
32  1.4  0.00229069
32  1.6  0.00110056
32  1.7  0.000767144
32  1.8  0.000540669
32  1.9  0.000386657
32  2.0  0.000277606
32  3.0  1.14932e-05
32  2.5  5.37905e-05
32  3.5  2.93365e-06
30  11.5  1.48525e-12
30  12.0  7.35698e-13
32  5.0  7.2499e-08
32  4.0  7.92797e-07
32  4.5  2.31493e-07
32  5.5  2.39985e-08
32  7.0  1.18758e-09
32  6.0  8.39052e-09
32  6.5  3.08275e-09
32  8.0  1.93785e-10
32  7.5  4.69473e-10
32  8.5  8.20705e-11
32  9.0  3.57858e-11
32  10.5  3.47795e-12
32  10.0  7.36956e-12
32  9.5  1.60371e-11
34  0.2  0.118299
34  0.3  0.0903304
34  0.4  0.0657289
34  0.5  0.0461606
34  0.6  0.0316046
34  0.7  0.0213827
34  0.8  0.0143241
34  0.9  0.00956026
34  1.0  0.00638345
34  1.1  0.00428111
34  1.2  0.00288266
34  1.3  0.00194794
34  1.4  0.00132856
34  1.5  0.000907624
34  1.6  0.000634477
32  11.0  1.64548e-12
34  1.7  0.000434198
34  2.0  0.000153722
34  1.8  0.00030354
34  1.9  0.000213464
34  2.5  2.91601e-05
34  3.0  6.52412e-06
34  3.5  1.66171e-06
32  11.5  7.99826e-13
32  12.0  3.95849e-13
34  4.0  4.02702e-07
34  4.5  1.15713e-07
34  5.0  3.55869e-08
34  6.0  4.10079e-09
34  5.5  1.1674e-08
34  8.0  8.98855e-11
34  6.5  1.47016e-09
34  7.0  5.58635e-10
34  7.5  2.20291e-10
34  8.5  3.8021e-11
34  9.0  1.63562e-11
34  9.5  7.32351e-12
34  10.0  3.34141e-12
4  0.2  0.561649
4  0.3  0.446494
4  0.4  0.34164
4  0.5  0.253221
4  0.6  0.18359
4  0.7  0.131021
4  0.8  0.0926204
34  11.0  7.3965e-13
4  0.9  0.065215
4  1.0  0.0458174
4  1.1  0.032159
4  1.2  0.0226753
4  1.3  0.0159382
4  1.4  0.0112579
34  10.5  1.55553e-12
4  1.5  0.00806866
4  1.7  0.00413215
4  1.6  0.00573066
4  1.8  0.0029595
4  1.9  0.00217019
4  2.0  0.00155614
4  2.5  0.000340556
4  3.0  8.11637e-05
4  3.5  2.04811e-05
34  11.5  3.57538e-13
34  12.0  1.76318e-13
4  4.5  1.85664e-06
4  4.0  6.07536e-06
4  5.0  6.02576e-07
4  6.0  7.47802e-08
4  5.5  2.0686e-07
4  7.5  4.55668e-09
4  6.5  2.81291e-08
4  7.0  1.10519e-08
4  9.0  3.68023e-10
4  8.0  1.88806e-09
4  8.5  8.17966e-10
4  10.5  3.67249e-11
4  9.5  1.64927e-10
4  10.0  7.69169e-11
6  0.2  0.557449
6  0.3  0.442812
6  0.4  0.338664
6  0.5  0.251016
6  0.6  0.181889
6  0.7  0.129774
6  0.8  0.0917325
4  11.0  1.77078e-11
6  0.9  0.0645507
6  1.0  0.0453379
6  1.1  0.0318073
6  1.2  0.0224235
6  1.3  0.0158593
6  1.4  0.0111543
6  1.5  0.00797266
6  1.6  0.0056634
6  1.7  0.00408265
6  1.8  0.00293916
6  1.9  0.00214195
6  2.0  0.00153724
6  2.5  0.000338432
6  3.0  7.79208e-05
6  3.5  2.02513e-05
4  11.5  8.71315e-12
4  12.0  4.35499e-12
6  4.5  1.82792e-06
6  4.0  5.97989e-06
6  5.0  5.92637e-07
6  6.0  7.35369e-08
6  5.5  2.0347e-07
6  6.5  2.76562e-08
6  7.0  1.08672e-08
6  7.5  4.41622e-09
6  8.0  1.85514e-09
6  9.0  3.57505e-10
6  8.5  8.02886e-10
6  9.5  1.62077e-10
6  10.0  7.54979e-11
8  0.2  0.550973
6  11.5  8.51363e-12
8  0.3  0.437958
8  0.4  0.334526
6  11.0  1.73911e-11
8  0.5  0.247852
8  0.6  0.179494
8  0.7  0.128011
8  0.8  0.0904538
8  0.9  0.0635907
6  10.5  3.58616e-11
8  1.0  0.0446357
8  1.1  0.0313139
6  12.0  4.27758e-12
8  1.2  0.0220697
8  1.3  0.0155698
8  1.4  0.0109574
8  1.5  0.0077793
8  1.6  0.00557168
8  1.7  0.00401457
8  1.8  0.00291089
8  1.9  0.00210466
8  2.0  0.00150731
8  2.5  0.000329491
8  3.0  7.8441e-05
8  3.5  2.04508e-05
8  4.5  1.78711e-06
8  4.0  5.84962e-06
8  5.0  5.79003e-07
8  5.5  1.98721e-07
8  6.0  7.16366e-08
8  7.0  1.06111e-08
8  8.0  1.82256e-09
8  6.5  2.69921e-08
8  7.5  4.31556e-09
8  9.0  3.51802e-10
8  8.5  7.83052e-10
8  9.5  1.57897e-10
8  10.0  7.35863e-11
8  11.0  1.69464e-11
8  11.5  8.28896e-12
8  10.5  3.49417e-11
8  12.0  4.17669e-12
