# diffractive D0 cross section, Pb target, HymnD fragmentation, An0n channel
# generated      : 2026-08-20 11:03:20 EEST
# calls          : 1e5 (VEGAS calls per point, see CALLS_EXCL/CALLS_EXCL_FACTORIZED/CALLS_DIFF)
# dipole samples : data/Pb/bk_posterior/member_0046/glauber_mve_<b>
# pD0 sweep      : 0.2 0.3 0.4 0.5 0.6 0.7 0.8 0.9 1.0 1.1 1.2 1.3 1.4 1.5 1.6 1.7 1.8 1.9 2.0 2.5 3.0 3.5 4.0 4.5 5.0 5.5 6.0 6.5 7.0 7.5 8.0 8.5 9.0 9.5 10.0 10.5 11.0 11.5 12.0
# fixed rapidity y : 0.0
# ============================================================
# b  pD0  dsigma_dyd2pD0
0  0.5  1.13471
0  0.2  0.560127
0  0.3  0.809592
0  0.4  1.03238
0  0.7  1.09196
0  0.6  1.15601
0  0.9  0.842572
0  0.8  0.978266
0  1.0  0.727506
0  1.1  0.605242
0  1.2  0.502547
0  1.3  0.409827
0  1.4  0.339082
0  1.6  0.22783
0  1.5  0.279995
0  1.7  0.188767
0  1.8  0.154958
0  2.0  0.106766
0  1.9  0.127685
0  3.0  0.0200723
0  2.5  0.0439803
0  3.5  0.00981273
0  4.0  0.00523976
0  4.5  0.00295619
0  5.0  0.00174729
0  6.5  0.000444191
0  5.5  0.001063
0  6.0  0.000669888
0  7.0  0.00029048
0  7.5  0.000199426
0  8.0  0.000137752
0  9.5  5.18909e-05
0  8.5  9.99885e-05
0  9.0  7.15357e-05
0  11.0  2.2044e-05
0  10.0  3.87124e-05
10  0.2  0.553574
10  0.3  0.803141
10  0.4  1.00435
10  0.5  1.12505
10  0.6  1.13051
10  0.7  1.05993
10  0.8  0.948365
10  0.9  0.827207
0  10.5  2.87357e-05
10  1.0  0.699308
10  1.1  0.584057
10  1.2  0.486009
10  1.3  0.397587
10  1.4  0.324996
10  1.6  0.216905
10  1.5  0.267336
10  1.7  0.176326
10  1.8  0.147629
10  2.0  0.101218
10  1.9  0.122526
10  2.5  0.040905
10  3.0  0.0185582
10  3.5  0.00931791
0  11.5  1.75976e-05
0  12.0  1.29391e-05
10  4.0  0.00493742
10  4.5  0.00281547
10  5.0  0.00163262
10  6.5  0.000411949
10  5.5  0.000995587
10  7.5  0.000190021
10  6.0  0.000628932
10  7.0  0.000276406
10  8.0  0.000132621
10  8.5  9.43277e-05
10  9.0  6.95838e-05
10  9.5  4.96833e-05
10  10.0  3.82704e-05
12  0.2  0.548478
12  0.3  0.796496
12  0.4  0.999537
12  0.5  1.09689
10  10.5  2.78874e-05
12  0.6  1.08961
12  0.7  1.03008
12  0.8  0.938681
12  0.9  0.808382
12  1.0  0.68444
12  1.1  0.574867
10  11.0  2.10467e-05
12  1.2  0.470977
12  1.3  0.39032
12  1.4  0.320079
12  1.5  0.260635
12  1.6  0.213479
12  1.7  0.175754
12  1.8  0.145199
12  1.9  0.120271
12  2.0  0.0993131
10  12.0  1.23891e-05
12  2.5  0.04083
12  3.0  0.0185639
12  3.5  0.00921877
10  11.5  1.6576e-05
12  4.0  0.00491641
12  4.5  0.00270462
12  5.0  0.00159605
12  6.5  0.000405076
12  5.5  0.000977803
12  6.0  0.000625383
12  7.5  0.00018936
12  7.0  0.000270937
12  9.0  6.82553e-05
12  8.0  0.0001336
12  8.5  9.2244e-05
12  9.5  4.86055e-05
12  10.0  3.569e-05
14  0.2  0.545536
14  0.3  0.78133
12  10.5  2.7712e-05
14  0.4  0.986917
14  0.5  1.08562
12  11.0  2.04735e-05
14  0.6  1.10168
14  0.7  1.03302
14  0.8  0.909583
14  0.9  0.792769
14  1.0  0.673995
14  1.1  0.562642
14  1.2  0.46174
14  1.3  0.381003
14  1.4  0.308579
14  1.5  0.248912
14  1.6  0.211092
14  1.7  0.171331
14  1.8  0.140435
14  2.0  0.0954954
14  2.5  0.0397402
14  1.9  0.116341
12  12.0  1.21889e-05
14  3.0  0.0179567
14  3.5  0.00900646
12  11.5  1.57542e-05
14  4.0  0.00476213
14  4.5  0.00261404
14  5.0  0.001555
14  6.5  0.000390208
14  5.5  0.000949861
14  6.0  0.000595401
14  7.5  0.000183775
14  7.0  0.000267962
14  8.0  0.000125938
14  8.5  9.15369e-05
14  9.0  6.48874e-05
14  9.5  4.72291e-05
14  10.0  3.43621e-05
16  0.2  0.536694
16  0.3  0.783205
16  0.4  0.978521
16  0.5  1.08271
14  10.5  2.67793e-05
16  0.6  1.06688
16  0.7  0.995931
16  0.8  0.90317
16  0.9  0.7869
16  1.0  0.656183
16  1.1  0.542261
16  1.2  0.447867
16  1.3  0.365958
16  1.4  0.301545
16  1.5  0.247648
16  1.6  0.204568
14  11.0  2.0109e-05
16  1.7  0.166337
16  1.8  0.137369
16  1.9  0.112455
16  2.0  0.0921495
16  2.5  0.0380841
16  3.0  0.0172789
16  3.5  0.00856726
14  11.5  1.56237e-05
16  4.0  0.00447742
14  12.0  1.1639e-05
16  4.5  0.00253371
16  5.0  0.001487
16  5.5  0.000920102
16  6.0  0.000591836
16  7.5  0.000176546
16  6.5  0.000378776
16  7.0  0.000253103
16  8.0  0.000120826
16  9.0  6.44303e-05
16  8.5  8.84109e-05
16  9.5  4.67299e-05
16  10.0  3.3673e-05
18  0.2  0.531025
16  11.5  1.45691e-05
18  0.3  0.775338
18  0.4  0.965595
16  10.5  2.54058e-05
18  0.5  1.05832
18  0.6  1.05151
18  0.7  0.981996
18  0.8  0.875851
18  0.9  0.755495
18  1.0  0.633041
18  1.1  0.525368
18  1.2  0.43254
18  1.3  0.357104
18  1.4  0.293853
18  1.5  0.238524
18  1.6  0.193078
18  1.8  0.129002
18  1.7  0.158734
16  11.0  1.92211e-05
18  1.9  0.107971
18  2.0  0.0893537
18  2.5  0.0366763
18  3.0  0.0168024
18  3.5  0.00817706
18  4.0  0.00433008
16  12.0  1.13179e-05
18  4.5  0.00244743
18  5.0  0.00145342
18  5.5  0.000874953
18  6.0  0.000560625
18  7.5  0.000165684
18  6.5  0.000359512
18  7.0  0.000242625
18  8.0  0.000116181
18  8.5  8.2057e-05
18  9.0  6.06819e-05
18  9.5  4.3433e-05
18  10.5  2.4795e-05
18  11.0  1.83726e-05
18  10.0  3.30891e-05
2  0.2  0.5587
2  0.3  0.811398
2  0.5  1.13512
2  0.4  1.02151
2  0.6  1.15632
2  0.7  1.07736
2  0.8  0.978899
2  0.9  0.848775
2  1.0  0.726058
2  1.1  0.610387
2  1.2  0.502017
2  1.3  0.41312
2  1.4  0.341159
2  1.5  0.283527
2  1.6  0.227181
2  1.7  0.186242
2  1.9  0.128004
2  2.0  0.104362
2  1.8  0.154279
18  12.0  1.08011e-05
2  2.5  0.0432145
2  3.0  0.0199494
2  3.5  0.00989343
18  11.5  1.39016e-05
2  4.0  0.0052194
2  4.5  0.00292083
2  5.0  0.00172196
2  6.5  0.000436351
2  6.0  0.00066813
2  5.5  0.00105142
2  7.0  0.000296392
2  7.5  0.000203105
2  8.0  0.000142098
2  8.5  9.95903e-05
2  9.0  7.19859e-05
2  9.5  5.20806e-05
2  11.0  2.20185e-05
2  10.0  3.89482e-05
20  0.2  0.524783
20  0.3  0.760062
20  0.4  0.934081
20  0.5  1.03181
20  0.6  1.02135
2  10.5  2.9638e-05
20  0.7  0.947509
20  0.8  0.846889
20  0.9  0.71954
20  1.0  0.607749
20  1.1  0.505604
20  1.2  0.413597
20  1.3  0.335854
20  1.5  0.223327
20  1.4  0.276565
20  1.6  0.185643
20  1.7  0.151306
20  1.8  0.124229
20  1.9  0.101705
20  2.0  0.0841726
20  2.5  0.0339648
20  3.0  0.0156023
20  3.5  0.00770873
2  11.5  1.67281e-05
2  12.0  1.3346e-05
20  4.0  0.00407891
20  4.5  0.00230187
20  5.0  0.00135041
20  5.5  0.000821816
20  6.0  0.000522547
20  6.5  0.000351037
20  7.5  0.000158173
20  7.0  0.000228825
20  8.0  0.000112519
20  8.5  7.72007e-05
20  9.0  5.76577e-05
20  9.5  4.05035e-05
20  10.0  3.05642e-05
22  0.2  0.51436
22  0.3  0.746162
20  10.5  2.29238e-05
22  0.4  0.917146
22  0.5  0.996781
22  0.6  0.979671
22  0.7  0.91384
22  0.8  0.805485
22  0.9  0.677108
22  1.0  0.575951
22  1.1  0.479771
22  1.2  0.391095
22  1.3  0.316674
22  1.4  0.257321
22  1.5  0.212025
20  11.0  1.7345e-05
22  1.6  0.173056
22  1.7  0.137161
22  1.8  0.115926
22  1.9  0.0955005
22  2.0  0.0787759
22  2.5  0.0322868
22  3.0  0.0144098
22  3.5  0.00729665
20  11.5  1.3075e-05
20  12.0  1.04616e-05
22  5.0  0.00126282
22  5.5  0.000758449
22  4.0  0.0037862
22  4.5  0.00213272
22  7.5  0.000147019
22  6.0  0.000486442
22  6.5  0.000316408
22  7.0  0.000211582
22  8.0  0.00010201
22  8.5  7.21885e-05
22  10.5  2.12471e-05
22  9.0  5.36249e-05
22  9.5  3.82565e-05
22  10.0  2.85188e-05
24  0.2  0.49971
24  0.3  0.727209
24  0.4  0.886588
24  0.5  0.955846
24  0.6  0.934094
24  0.7  0.85923
24  0.8  0.745498
24  0.9  0.639045
24  1.0  0.534325
24  1.1  0.440697
24  1.2  0.356513
24  1.3  0.29297
22  11.0  1.60426e-05
24  1.4  0.240236
24  1.5  0.193981
24  1.6  0.157998
24  1.8  0.105373
24  1.7  0.128582
24  2.5  0.0299861
24  1.9  0.0869469
24  2.0  0.0718666
24  3.0  0.0132434
24  3.5  0.00658963
22  11.5  1.22928e-05
22  12.0  9.54979e-06
24  5.0  0.00112495
24  4.0  0.00345877
24  4.5  0.00193736
24  5.5  0.000694126
24  6.0  0.000442894
24  6.5  0.000287819
24  7.0  0.000197748
24  7.5  0.000136553
24  8.0  9.47506e-05
24  8.5  6.49245e-05
24  9.0  4.74898e-05
24  9.5  3.49094e-05
24  10.0  2.63015e-05
26  0.2  0.483807
26  0.3  0.680614
24  10.5  1.93949e-05
26  0.4  0.844963
26  0.5  0.898359
26  0.6  0.861348
26  0.7  0.78361
26  0.8  0.684043
26  0.9  0.580259
26  1.0  0.484421
26  1.1  0.393023
26  1.2  0.320133
26  1.3  0.25877
26  1.4  0.210566
26  1.5  0.172988
24  11.0  1.462e-05
26  1.6  0.140693
24  12.0  8.59578e-06
26  1.7  0.114036
26  1.8  0.0945958
26  1.9  0.0769806
26  2.0  0.0639557
26  3.0  0.0117472
26  2.5  0.0262601
26  3.5  0.00577089
24  11.5  1.10057e-05
26  4.0  0.00305399
26  4.5  0.00173822
26  5.0  0.00100543
26  5.5  0.0006113
26  6.5  0.000253853
26  6.0  0.000386954
26  7.5  0.00011573
26  8.0  8.01934e-05
26  7.0  0.000170116
26  8.5  5.94246e-05
26  9.0  4.27821e-05
26  9.5  3.10228e-05
26  10.0  2.27423e-05
28  0.2  0.458769
26  10.5  1.73218e-05
28  0.3  0.656397
28  0.4  0.785117
28  0.5  0.812915
28  0.6  0.780308
28  0.7  0.69864
28  0.8  0.59526
28  0.9  0.505954
28  1.1  0.340067
28  1.0  0.417882
26  11.0  1.28421e-05
28  1.2  0.277517
28  1.3  0.225586
28  1.4  0.181337
28  1.5  0.149737
26  12.0  7.77446e-06
28  1.7  0.0975003
28  1.6  0.118682
28  1.8  0.0793116
28  1.9  0.0656796
28  2.0  0.0541374
28  2.5  0.0217076
28  3.0  0.00984084
28  3.5  0.00496124
26  11.5  1.0042e-05
28  4.0  0.00253704
28  4.5  0.00145872
28  5.0  0.000856086
28  5.5  0.000516106
28  6.5  0.000210738
28  6.0  0.000336176
28  7.0  0.000142063
28  7.5  0.000100447
28  8.0  6.81739e-05
28  8.5  4.75357e-05
28  9.0  3.58723e-05
28  9.5  2.62781e-05
28  10.0  1.89027e-05
30  0.2  0.425439
30  0.3  0.598512
28  10.5  1.41209e-05
30  0.4  0.689025
30  0.5  0.703207
30  0.6  0.656706
30  0.7  0.582969
30  0.8  0.4843
30  0.9  0.417561
28  11.0  1.06668e-05
30  1.0  0.339154
30  1.1  0.276877
30  1.2  0.222875
30  1.3  0.176717
30  1.4  0.140596
30  1.5  0.117304
28  12.0  6.34084e-06
30  1.6  0.0945669
30  1.8  0.0621653
30  1.7  0.0773846
30  1.9  0.0510636
30  2.0  0.0430955
30  3.0  0.00778409
30  2.5  0.0172265
28  11.5  8.15979e-06
30  3.5  0.00382894
30  4.0  0.00204605
30  4.5  0.00112575
30  5.0  0.000661899
30  5.5  0.000401538
30  7.5  7.56106e-05
30  6.0  0.000263525
30  8.0  5.30273e-05
30  6.5  0.000170752
30  7.0  0.000114681
30  8.5  3.78754e-05
30  9.0  2.73212e-05
30  9.5  1.99267e-05
32  0.2  0.380806
30  10.0  1.51829e-05
32  0.3  0.513952
32  0.4  0.574907
32  0.5  0.566073
32  0.6  0.515094
30  10.5  1.09678e-05
32  0.7  0.446281
32  0.8  0.376032
32  0.9  0.307827
32  1.0  0.250557
32  1.1  0.202382
32  1.2  0.161357
32  1.3  0.130885
32  1.4  0.103701
30  11.0  8.31886e-06
32  1.6  0.0699239
32  1.5  0.0858281
32  1.7  0.0569621
32  1.8  0.0460081
32  1.9  0.0372601
32  2.0  0.0307423
32  2.5  0.0124904
32  3.5  0.00271109
32  3.0  0.00564628
30  11.5  6.41753e-06
30  12.0  4.97627e-06
32  4.5  0.000808998
32  5.0  0.000467169
32  4.0  0.00143519
32  5.5  0.00029383
32  6.0  0.000186799
32  7.5  5.4426e-05
32  6.5  0.000120405
32  7.0  7.92394e-05
32  8.0  3.7763e-05
32  8.5  2.69758e-05
32  9.0  1.96708e-05
32  9.5  1.4277e-05
32  10.0  1.04618e-05
34  0.2  0.320604
34  0.3  0.407398
32  10.5  7.90608e-06
32  12.0  3.55942e-06
34  0.4  0.434517
34  0.5  0.401674
34  0.6  0.359839
34  0.7  0.305417
34  0.8  0.251052
34  0.9  0.207348
34  1.0  0.165806
34  1.1  0.131888
34  1.2  0.10799
34  1.3  0.0859698
32  11.0  5.95061e-06
34  1.4  0.069232
34  1.6  0.0457071
34  1.5  0.0552535
34  1.7  0.0359987
34  1.8  0.0290209
34  1.9  0.0245018
34  2.0  0.0194235
34  3.0  0.00358496
34  2.5  0.00818829
34  3.5  0.00175939
32  11.5  4.53948e-06
34  4.5  0.000520258
34  5.0  0.000301819
34  4.0  0.000917288
34  5.5  0.000182473
34  7.0  5.08926e-05
34  6.0  0.000121468
34  6.5  7.5223e-05
34  7.5  3.57321e-05
34  8.0  2.50662e-05
34  8.5  1.73825e-05
34  9.0  1.24286e-05
34  9.5  9.08592e-06
34  10.0  6.70855e-06
34  11.5  2.93914e-06
4  0.2  0.560607
4  0.3  0.809281
34  10.5  5.058e-06
4  0.4  1.01254
4  0.5  1.13552
4  0.6  1.14807
4  0.7  1.09344
4  0.8  0.978764
4  0.9  0.847354
4  1.0  0.717707
34  11.0  3.80354e-06
4  1.1  0.603539
4  1.2  0.496799
4  1.3  0.407242
4  1.4  0.333114
4  1.5  0.27402
4  1.6  0.228174
4  1.7  0.188772
4  1.8  0.152962
4  1.9  0.127838
4  2.0  0.104165
4  2.5  0.0433891
4  3.0  0.0195316
4  3.5  0.00980136
34  12.0  2.32728e-06
4  4.0  0.00504329
4  4.5  0.00292682
4  5.0  0.00171007
4  6.5  0.000429391
4  6.0  0.000662521
4  5.5  0.00103873
4  7.0  0.000285992
4  7.5  0.000198473
4  8.0  0.000142428
4  8.5  9.80452e-05
4  9.0  7.10653e-05
4  11.0  2.17384e-05
4  9.5  5.17923e-05
4  10.0  3.86273e-05
6  0.2  0.557555
6  0.3  0.805909
6  0.4  1.02341
6  0.5  1.12626
6  0.6  1.1538
4  10.5  2.92204e-05
6  0.7  1.08618
6  0.8  0.973166
6  0.9  0.837427
6  1.0  0.715246
6  1.1  0.598743
6  1.2  0.492028
6  1.3  0.408743
6  1.4  0.335933
6  1.5  0.274566
6  1.7  0.183531
6  1.6  0.225503
6  1.8  0.150298
6  2.0  0.103633
6  1.9  0.126044
6  2.5  0.0429395
6  3.5  0.00967741
6  3.0  0.0194811
4  11.5  1.68632e-05
6  4.0  0.00512623
6  4.5  0.00291178
4  12.0  1.29027e-05
6  5.0  0.00169626
6  6.5  0.000423394
6  5.5  0.0010374
6  6.0  0.000667162
6  8.0  0.00014082
6  7.0  0.000286196
6  7.5  0.000195521
6  8.5  9.78937e-05
6  9.0  6.92315e-05
6  9.5  5.27095e-05
6  11.0  2.16427e-05
6  10.0  3.93248e-05
8  0.2  0.557134
8  0.3  0.806944
8  0.4  1.01047
8  0.5  1.12933
8  0.6  1.12806
6  10.5  2.86423e-05
8  0.7  1.07541
8  0.8  0.961623
8  0.9  0.834198
8  1.0  0.708013
8  1.1  0.592064
8  1.2  0.492539
8  1.3  0.405624
8  1.5  0.268321
8  1.4  0.331156
8  1.6  0.223051
8  1.7  0.18187
8  1.8  0.149294
8  1.9  0.124116
8  2.0  0.103239
8  2.5  0.0424491
8  3.0  0.0193646
8  3.5  0.00966842
6  11.5  1.6687e-05
8  4.0  0.00504437
8  4.5  0.00281409
8  5.0  0.0016487
6  12.0  1.31193e-05
8  6.5  0.000431535
8  5.5  0.00101587
8  6.0  0.000640785
8  7.0  0.000288185
8  7.5  0.000198348
8  8.0  0.000135342
8  8.5  9.5771e-05
8  9.0  7.13821e-05
8  11.0  2.16941e-05
8  9.5  5.22004e-05
8  10.0  3.86671e-05
8  10.5  2.81174e-05
8  11.5  1.67039e-05
8  12.0  1.25165e-05
