# diffractive D0 cross section, Pb target, HymnD fragmentation, An0n channel
# generated      : 2026-08-20 11:03:20 EEST
# calls          : 1e5 (VEGAS calls per point, see CALLS_EXCL/CALLS_EXCL_FACTORIZED/CALLS_DIFF)
# dipole samples : data/Pb/bk_posterior/member_0046/glauber_mve_<b>
# pD0 sweep      : 0.2 0.3 0.4 0.5 0.6 0.7 0.8 0.9 1.0 1.1 1.2 1.3 1.4 1.5 1.6 1.7 1.8 1.9 2.0 2.5 3.0 3.5 4.0 4.5 5.0 5.5 6.0 6.5 7.0 7.5 8.0 8.5 9.0 9.5 10.0 10.5 11.0 11.5 12.0
# fixed rapidity y : 3.0
# ============================================================
# b  pD0  dsigma_dyd2pD0
0  0.2  0.0600357
0  0.3  0.0881167
0  0.5  0.111577
0  0.4  0.10626
0  0.6  0.105826
0  0.7  0.0931024
0  0.8  0.0769854
0  0.9  0.0619565
0  1.0  0.0483671
0  1.1  0.0374637
0  1.3  0.0216991
0  1.2  0.0287096
0  1.4  0.0167156
0  1.5  0.0125542
0  1.8  0.00550369
0  1.7  0.00727332
0  1.6  0.00945969
0  1.9  0.00416185
0  2.5  0.00088754
0  2.0  0.00320476
0  3.0  0.00026716
0  3.5  9.082e-05
0  4.0  3.37828e-05
0  4.5  1.32862e-05
0  5.0  5.44439e-06
0  5.5  2.30633e-06
0  6.0  1.00606e-06
0  7.0  2.21287e-07
0  7.5  1.13979e-07
0  6.5  4.74308e-07
0  8.0  5.71856e-08
0  8.5  2.89836e-08
0  10.0  4.41311e-09
0  9.0  1.50321e-08
0  9.5  7.95721e-09
10  0.2  0.0607609
10  0.3  0.0880522
10  0.4  0.104925
10  0.5  0.108456
10  0.6  0.10153
10  0.7  0.0911468
10  0.8  0.0751024
10  0.9  0.0597254
0  10.5  2.38569e-09
10  1.0  0.047238
10  1.1  0.0361696
10  1.2  0.0274337
10  1.3  0.0209378
10  1.4  0.0157542
10  1.5  0.0119665
10  1.7  0.00685513
10  1.6  0.00902792
10  1.8  0.00525804
10  1.9  0.00400071
10  2.5  0.000842802
10  2.0  0.0030369
10  3.0  0.000258934
0  11.0  1.35778e-09
10  3.5  8.67931e-05
0  11.5  7.72985e-10
0  12.0  4.34839e-10
10  5.0  4.77814e-06
10  4.0  3.19422e-05
10  4.5  1.26582e-05
10  5.5  2.18762e-06
10  6.0  9.841e-07
10  7.5  1.05889e-07
10  6.5  4.53253e-07
10  8.5  2.73988e-08
10  7.0  2.19576e-07
10  8.0  5.28488e-08
10  9.0  1.43164e-08
10  9.5  7.65338e-09
12  0.2  0.0596997
12  0.3  0.0872498
10  10.0  4.22767e-09
12  0.4  0.104508
12  0.5  0.109069
10  10.5  2.31513e-09
12  0.6  0.102746
12  0.7  0.0901302
12  0.9  0.0592589
12  0.8  0.0744493
12  1.0  0.0453727
12  1.1  0.0353008
12  1.2  0.0273323
12  1.3  0.0206897
12  1.4  0.0155333
12  1.5  0.0117706
10  11.0  1.30901e-09
12  1.7  0.00672363
12  1.6  0.0088175
12  1.9  0.00388646
12  1.8  0.00510002
12  2.0  0.0029481
12  3.0  0.000253776
12  2.5  0.000818387
12  3.5  8.40417e-05
10  11.5  7.29254e-10
12  4.5  1.18853e-05
10  12.0  4.21434e-10
12  4.0  3.06284e-05
12  5.0  5.00316e-06
12  5.5  2.15948e-06
12  6.0  9.55546e-07
12  6.5  4.37485e-07
12  7.0  2.05333e-07
12  8.5  2.694e-08
12  7.5  1.05301e-07
12  8.0  5.40146e-08
12  10.0  4.15129e-09
12  9.0  1.44756e-08
12  9.5  7.57249e-09
14  0.2  0.0597174
14  0.3  0.0867768
12  10.5  2.33247e-09
14  0.4  0.102501
14  0.5  0.107965
14  0.6  0.101697
14  0.7  0.0886682
14  0.8  0.0722119
14  0.9  0.0578428
14  1.0  0.0456192
14  1.2  0.0264846
14  1.1  0.0346631
14  1.4  0.0153363
14  1.3  0.0202365
12  11.0  1.2729e-09
14  1.5  0.0114832
14  1.6  0.00870755
14  1.7  0.00651427
14  1.9  0.00388742
14  1.8  0.00496017
14  2.0  0.00291392
14  2.5  0.000791702
14  3.5  8.22081e-05
14  3.0  0.000244471
12  11.5  7.17676e-10
12  12.0  4.14145e-10
14  4.0  3.06178e-05
14  4.5  1.15385e-05
14  5.0  4.84342e-06
14  6.5  4.34499e-07
14  5.5  2.06059e-06
14  6.0  9.35667e-07
14  8.0  4.95069e-08
14  7.0  2.03194e-07
14  8.5  2.58788e-08
14  7.5  1.03112e-07
14  10.0  3.98577e-09
14  9.0  1.34805e-08
14  9.5  7.48903e-09
14  11.0  1.23727e-09
16  0.2  0.0590986
16  0.3  0.0854583
14  11.5  6.9895e-10
16  0.4  0.100949
16  0.5  0.106584
16  0.6  0.0993519
16  0.7  0.0871829
16  0.8  0.0715169
16  0.9  0.0561303
16  1.0  0.044556
14  12.0  3.97313e-10
14  10.5  2.19376e-09
16  1.2  0.0253507
16  1.1  0.0339002
16  1.3  0.0191786
16  1.4  0.0147473
16  1.5  0.0111289
16  1.6  0.00844587
16  1.7  0.00630674
16  1.9  0.0037178
16  1.8  0.00481431
16  2.0  0.00281733
16  2.5  0.000772899
16  3.5  7.98931e-05
16  3.0  0.0002312
16  4.0  2.95211e-05
16  4.5  1.10207e-05
16  5.0  4.55065e-06
16  5.5  1.97081e-06
16  6.0  9.04491e-07
16  8.0  4.72142e-08
16  6.5  4.44487e-07
16  7.5  9.60987e-08
16  7.0  1.91618e-07
16  10.5  2.11939e-09
16  8.5  2.51398e-08
16  9.0  1.34152e-08
16  9.5  7.14675e-09
16  11.0  1.18116e-09
16  10.0  3.77712e-09
18  0.2  0.0581326
18  0.3  0.0851004
18  0.4  0.100574
18  0.5  0.104685
16  11.5  6.85716e-10
18  0.6  0.0977369
18  0.7  0.0839975
18  0.8  0.0693315
18  0.9  0.0552864
18  1.0  0.0430584
18  1.1  0.0322043
18  1.2  0.0249355
18  1.3  0.0186961
18  1.4  0.0141792
18  1.5  0.0107561
18  1.6  0.00814737
18  1.7  0.00608726
18  1.8  0.00460151
18  1.9  0.0035128
18  2.0  0.00268125
18  2.5  0.000739097
18  3.0  0.00022576
18  3.5  7.67432e-05
18  4.5  1.08234e-05
16  12.0  3.83809e-10
18  4.0  2.73297e-05
18  5.0  4.49989e-06
18  5.5  1.8654e-06
18  6.0  8.22252e-07
18  7.5  9.17651e-08
18  6.5  3.88062e-07
18  7.0  1.89671e-07
18  8.0  4.6485e-08
18  10.0  3.667e-09
18  8.5  2.43761e-08
18  9.0  1.28617e-08
18  9.5  6.82548e-09
2  0.2  0.0603213
18  11.5  6.31319e-10
2  0.3  0.0886627
2  0.4  0.106401
2  0.5  0.11203
2  0.6  0.106141
2  0.7  0.0931566
18  12.0  3.69553e-10
2  0.8  0.0777248
2  0.9  0.0620347
2  1.0  0.0485895
2  1.1  0.0374783
2  1.3  0.0219178
2  1.2  0.028786
2  1.4  0.016546
18  10.5  2.08984e-09
2  1.5  0.0125242
2  1.6  0.00933983
2  1.8  0.0055237
2  1.7  0.00716267
2  1.9  0.00415233
18  11.0  1.13511e-09
2  2.0  0.00315186
2  2.5  0.000870695
2  3.5  8.85988e-05
2  3.0  0.000263514
2  4.0  3.34692e-05
2  4.5  1.29174e-05
2  5.0  5.22607e-06
2  5.5  2.29129e-06
2  7.0  2.28551e-07
2  6.0  9.94989e-07
2  7.5  1.12875e-07
2  6.5  4.78036e-07
2  8.0  5.52611e-08
2  8.5  2.92919e-08
2  10.0  4.39188e-09
2  9.0  1.51451e-08
2  9.5  8.1736e-09
20  0.2  0.0571495
20  0.3  0.0842295
20  0.4  0.0986018
20  0.5  0.102365
20  0.6  0.0943982
20  0.7  0.0815311
20  0.8  0.0666462
20  0.9  0.0529501
20  1.0  0.0407994
2  10.5  2.43412e-09
20  1.1  0.0312871
20  1.2  0.0237351
20  1.3  0.0180347
20  1.4  0.0133803
20  1.5  0.0101374
20  1.6  0.0076804
20  1.7  0.00579824
20  1.8  0.00432091
20  2.0  0.00261633
20  1.9  0.00332831
2  11.0  1.36749e-09
20  2.5  0.000688513
20  3.0  0.000213762
20  3.5  7.30824e-05
2  11.5  7.80305e-10
2  12.0  4.40351e-10
20  4.0  2.67545e-05
20  4.5  1.02553e-05
20  5.0  4.12194e-06
20  5.5  1.81254e-06
20  6.0  7.90552e-07
20  6.5  3.80745e-07
20  7.0  1.82547e-07
20  7.5  8.72769e-08
20  8.0  4.5231e-08
20  8.5  2.29946e-08
20  9.0  1.21411e-08
20  10.5  1.93237e-09
20  9.5  6.30165e-09
20  11.0  1.06039e-09
20  10.0  3.48764e-09
22  0.2  0.0564
22  0.3  0.0827419
22  0.4  0.096247
22  0.5  0.0988783
22  0.6  0.0916689
22  0.7  0.0790035
22  0.8  0.0634214
22  0.9  0.0499017
22  1.0  0.0381475
22  1.1  0.0297028
22  1.2  0.0228067
22  1.3  0.0169813
22  1.4  0.0126422
22  1.5  0.00951388
22  1.6  0.00728287
22  1.7  0.00540229
22  1.8  0.00412259
22  2.0  0.00237539
22  1.9  0.00312856
22  2.5  0.000646974
22  3.0  0.000199994
22  3.5  6.75953e-05
20  11.5  6.00444e-10
20  12.0  3.40878e-10
22  4.0  2.45249e-05
22  4.5  9.57044e-06
22  5.0  3.96415e-06
22  5.5  1.66178e-06
22  6.0  7.47106e-07
22  6.5  3.51675e-07
22  8.0  4.0372e-08
22  7.0  1.67923e-07
22  9.0  1.09114e-08
22  7.5  8.31451e-08
22  8.5  2.05407e-08
22  10.5  1.74892e-09
22  9.5  5.81381e-09
24  0.2  0.0556978
22  10.0  3.22745e-09
24  0.3  0.0801119
22  11.5  5.66559e-10
24  0.4  0.0932142
24  0.5  0.0946372
24  0.6  0.0867359
24  0.7  0.0740399
24  0.8  0.0596572
24  0.9  0.0467874
24  1.0  0.0360029
24  1.1  0.0269621
24  1.2  0.0208645
24  1.3  0.0156031
24  1.5  0.00894142
24  1.4  0.0116408
24  1.6  0.00653869
24  1.7  0.00507901
24  1.8  0.00381188
22  11.0  1.00363e-09
22  12.0  3.2328e-10
24  1.9  0.00288059
24  2.5  0.000588331
24  2.0  0.00215937
24  3.5  5.70258e-05
24  3.0  0.00018236
24  6.0  7.04322e-07
24  4.0  2.18395e-05
24  4.5  8.56385e-06
24  5.0  3.50017e-06
24  5.5  1.57024e-06
24  7.0  1.49279e-07
24  8.0  3.74131e-08
24  7.5  7.3889e-08
24  6.5  3.07512e-07
24  8.5  1.89229e-08
24  9.0  1.02113e-08
24  9.5  5.3463e-09
24  10.0  2.89277e-09
26  0.2  0.0538427
26  0.3  0.0776092
26  0.4  0.0887258
26  0.5  0.0891517
26  0.6  0.0797672
26  0.7  0.0676614
26  0.8  0.0547251
26  0.9  0.0426619
24  10.5  1.59612e-09
26  1.0  0.032546
26  1.2  0.0188493
26  1.1  0.0246107
26  1.3  0.0140067
26  1.4  0.0104284
26  1.5  0.00780391
26  1.7  0.00438825
24  11.0  8.91833e-10
26  1.6  0.00586939
26  1.9  0.00248147
26  1.8  0.00331779
26  2.5  0.000520535
26  2.0  0.00190308
24  12.0  2.88829e-10
26  3.0  0.000161384
26  3.5  5.29259e-05
24  11.5  5.14726e-10
26  4.5  7.71197e-06
26  4.0  1.94372e-05
26  5.0  3.14518e-06
26  5.5  1.35069e-06
26  6.0  5.94859e-07
26  6.5  2.84582e-07
26  7.0  1.26943e-07
26  7.5  6.66258e-08
26  8.0  3.44834e-08
26  8.5  1.70262e-08
26  9.0  8.90635e-09
26  9.5  4.77291e-09
26  10.0  2.51798e-09
28  0.2  0.051899
28  0.3  0.0735884
28  0.4  0.083577
28  0.5  0.081658
28  0.6  0.0733511
26  10.5  1.45784e-09
28  0.7  0.0602433
28  0.8  0.0477693
28  0.9  0.0374306
28  1.0  0.0287949
26  11.5  4.62497e-10
28  1.1  0.0213197
28  1.3  0.0120769
28  1.2  0.0162394
28  1.4  0.00880666
28  1.5  0.00657161
28  1.6  0.00497549
28  1.7  0.00367253
28  1.8  0.00278608
26  11.0  7.81454e-10
28  2.0  0.00163336
26  12.0  2.59392e-10
28  1.9  0.00210712
28  2.5  0.000441001
28  3.0  0.000135152
28  3.5  4.48487e-05
28  4.0  1.67258e-05
28  4.5  6.28089e-06
28  5.0  2.52731e-06
28  6.0  4.91175e-07
28  5.5  1.13634e-06
28  6.5  2.34433e-07
28  7.0  1.11185e-07
28  7.5  5.58114e-08
28  8.0  2.80802e-08
28  10.0  2.22348e-09
28  8.5  1.39148e-08
28  9.0  7.47542e-09
28  9.5  4.06203e-09
30  0.2  0.0478632
30  0.3  0.0668991
30  0.4  0.0740443
30  0.5  0.0709159
28  10.5  1.18493e-09
30  0.6  0.0610275
30  0.8  0.0392036
30  0.7  0.0502511
30  0.9  0.0307135
28  11.5  3.81194e-10
30  1.0  0.0235281
30  1.1  0.0172652
28  11.0  6.84724e-10
30  1.2  0.0126981
30  1.3  0.00969817
30  1.4  0.00719088
30  1.5  0.00542316
30  1.6  0.00402438
30  1.8  0.00226651
30  1.7  0.00297001
30  1.9  0.00170828
30  2.0  0.00126959
30  2.5  0.000346643
30  3.0  0.000104146
30  3.5  3.59804e-05
30  4.5  4.83773e-06
28  12.0  2.16269e-10
30  4.0  1.28294e-05
30  5.0  2.02434e-06
30  5.5  8.54045e-07
30  6.0  3.92911e-07
30  6.5  1.82949e-07
30  8.0  2.13129e-08
30  7.0  8.9858e-08
30  7.5  4.26104e-08
30  8.5  1.13243e-08
30  9.0  5.91994e-09
30  9.5  3.10165e-09
30  11.0  5.34585e-10
32  0.2  0.0435604
30  10.0  1.65958e-09
30  11.5  2.94438e-10
32  0.3  0.058391
32  0.4  0.0615877
32  0.5  0.0568905
32  0.6  0.0482071
32  0.7  0.0380203
32  0.8  0.0297658
32  0.9  0.0230351
32  1.0  0.0171747
30  10.5  9.46641e-10
32  1.1  0.0126557
32  1.3  0.00697397
32  1.2  0.00935496
32  1.4  0.00525364
32  1.5  0.00387645
32  1.6  0.00290849
32  1.7  0.00219138
32  1.8  0.00163013
32  1.9  0.00118661
32  2.0  0.000948233
32  2.5  0.000254834
32  3.0  7.7212e-05
32  3.5  2.59416e-05
30  12.0  1.69403e-10
32  5.0  1.45219e-06
32  4.0  9.65469e-06
32  4.5  3.54086e-06
32  5.5  6.24475e-07
32  6.0  2.8064e-07
32  7.5  3.09271e-08
32  8.0  1.53167e-08
32  6.5  1.31467e-07
32  7.0  6.11059e-08
32  8.5  8.11248e-09
32  9.0  4.2388e-09
32  9.5  2.26621e-09
32  10.0  1.22989e-09
34  0.2  0.036939
34  0.3  0.0464008
34  0.4  0.0465019
34  0.5  0.0409035
34  0.6  0.0334726
32  12.0  1.24052e-10
32  10.5  6.81889e-10
34  0.7  0.026631
34  0.8  0.0199992
34  0.9  0.0152402
32  11.5  2.164e-10
34  1.0  0.0115471
34  1.1  0.00856396
34  1.2  0.00630178
34  1.3  0.00453538
34  1.4  0.00340337
34  1.5  0.00246914
32  11.0  3.69708e-10
34  1.6  0.00186976
34  1.7  0.00139778
34  1.8  0.0010607
34  1.9  0.000815193
34  2.5  0.000154203
34  2.0  0.000623114
34  3.0  4.61899e-05
34  3.5  1.5961e-05
34  4.0  5.75009e-06
34  4.5  2.17845e-06
34  5.0  9.21338e-07
34  5.5  3.94943e-07
34  7.0  4.00498e-08
34  7.5  1.95699e-08
34  6.0  1.77747e-07
34  6.5  8.34174e-08
34  8.0  1.01235e-08
34  8.5  5.1899e-09
34  9.0  2.70174e-09
34  9.5  1.43807e-09
34  10.0  7.59474e-10
4  0.2  0.0605404
4  0.3  0.0882585
34  10.5  4.32385e-10
4  0.4  0.106762
4  0.5  0.110897
4  0.6  0.105205
4  0.7  0.092781
4  0.8  0.0768794
4  1.0  0.0486954
4  0.9  0.0615401
4  1.1  0.037484
4  1.3  0.0217236
4  1.2  0.0285172
4  1.4  0.0163894
4  1.5  0.0122913
34  11.0  2.43299e-10
4  1.6  0.00943318
4  1.7  0.007061
4  1.8  0.0054378
4  1.9  0.00412195
4  2.0  0.00316304
4  2.5  0.000868894
4  3.0  0.00026063
4  3.5  8.84151e-05
34  11.5  1.36587e-10
4  4.0  3.32055e-05
34  12.0  7.93026e-11
4  4.5  1.30644e-05
4  5.0  5.4382e-06
4  5.5  2.28999e-06
4  7.0  2.27259e-07
4  6.0  9.81736e-07
4  7.5  1.08812e-07
4  6.5  4.64544e-07
4  8.0  5.63323e-08
4  8.5  2.91394e-08
4  10.0  4.27763e-09
4  9.0  1.50158e-08
4  9.5  7.9131e-09
6  0.2  0.0604491
6  0.3  0.088948
6  0.4  0.104607
6  0.5  0.111534
6  0.6  0.105878
6  0.7  0.092517
4  11.0  1.35723e-09
6  0.8  0.0762832
6  0.9  0.0616754
4  10.5  2.43486e-09
6  1.0  0.0480932
4  12.0  4.38885e-10
6  1.1  0.0372306
6  1.2  0.0282253
6  1.3  0.02137
6  1.4  0.0167048
6  1.5  0.0123375
6  1.6  0.0093167
6  1.7  0.00702137
6  1.8  0.00537935
6  1.9  0.00412178
6  2.0  0.00314348
6  2.5  0.000853317
6  3.0  0.000265826
6  3.5  8.98724e-05
4  11.5  7.60727e-10
6  4.0  3.3264e-05
6  4.5  1.25094e-05
6  5.0  5.09368e-06
6  5.5  2.22241e-06
6  6.0  9.94411e-07
6  7.0  2.26844e-07
6  6.5  4.6655e-07
6  7.5  1.06566e-07
6  8.0  5.64565e-08
6  10.0  4.25142e-09
6  8.5  2.91935e-08
6  9.0  1.51921e-08
6  9.5  7.96002e-09
8  0.2  0.0598122
8  0.3  0.0877414
8  0.4  0.104982
8  0.5  0.111107
8  0.6  0.103587
8  0.7  0.0918742
8  0.8  0.0756685
6  11.0  1.32847e-09
8  0.9  0.0609462
8  1.0  0.0478695
6  12.0  4.33689e-10
8  1.1  0.0365695
8  1.2  0.0274701
8  1.4  0.016383
8  1.3  0.0211679
8  1.5  0.0120868
6  10.5  2.39258e-09
8  1.6  0.00930309
8  1.7  0.00703496
8  1.8  0.00528578
8  2.0  0.00307167
8  1.9  0.00406647
8  2.5  0.000851728
8  3.0  0.000258951
8  3.5  8.47918e-05
8  4.0  3.23782e-05
6  11.5  7.6267e-10
8  5.0  5.05874e-06
8  4.5  1.30664e-05
8  5.5  2.25655e-06
8  6.0  9.63263e-07
8  6.5  4.52018e-07
8  7.0  2.15936e-07
8  7.5  1.05799e-07
8  8.0  5.54902e-08
8  9.0  1.46407e-08
8  10.0  4.30604e-09
8  8.5  2.78142e-08
8  9.5  7.92413e-09
8  10.5  2.31899e-09
8  11.0  1.32527e-09
8  11.5  7.49903e-10
8  12.0  4.28409e-10
