# exclusive D0 cross section, Pb target, LHAPDF fragmentation, An0n channel
# generated      : 2026-08-19 15:25:07 EEST
# calls          : 1e5 below 4.0 GeV, 2e3 above (see EXCL_PT_THRESHOLD) (VEGAS calls per point, see CALLS_EXCL/CALLS_EXCL_FACTORIZED/CALLS_DIFF)
# dipole samples : data/Pb/bk_posterior/member_0046/glauber_mve_<b>
# pD0 sweep      : 0.2 0.3 0.4 0.5 0.6 0.7 0.8 0.9 1.0 1.1 1.2 1.3 1.4 1.5 1.6 1.7 1.8 1.9 2.0 2.5 3.0 3.5 4.0 4.5 5.0 5.5 6.0 6.5 7.0 7.5 8.0 8.5 9.0 9.5 10.0 10.5 11.0 11.5 12.0
# fixed rapidity y : 2.0
# ============================================================
# b  pD0  dsigma_dyd2pD0
0  0.2  1.74662
0  0.4  1.09399
0  0.5  0.827316
0  0.3  1.40671
0  0.6  0.612285
0  0.7  0.447482
0  0.9  0.233978
0  0.8  0.323929
0  1.0  0.16848
0  1.1  0.121573
0  1.2  0.0882388
0  1.3  0.0643537
0  1.6  0.0254858
0  1.5  0.0343779
0  1.4  0.0466602
0  1.8  0.0141677
0  1.7  0.0187461
0  1.9  0.0103375
0  2.0  0.00784924
0  2.5  0.00198767
0  3.0  0.000554512
0  3.5  0.000177318
0  4.5  2.22013e-05
0  4.0  6.08339e-05
0  5.0  8.60818e-06
0  5.5  3.51451e-06
0  6.0  1.52682e-06
0  7.0  3.22581e-07
0  6.5  6.86036e-07
0  7.5  1.56176e-07
0  8.0  7.82375e-08
0  8.5  4.04208e-08
0  10.0  6.43609e-09
0  9.0  2.14045e-08
0  9.5  1.16002e-08
10  0.2  1.6712
10  0.3  1.34316
0  10.5  3.64868e-09
10  0.4  1.04305
10  0.5  0.787334
10  0.6  0.581856
10  0.7  0.424073
10  0.8  0.306629
10  0.9  0.220492
10  1.0  0.159179
10  1.1  0.114524
10  1.3  0.0600008
10  1.2  0.0829068
10  1.4  0.0436824
10  1.5  0.0321092
0  11.0  2.09521e-09
10  1.6  0.0235612
10  1.8  0.0130444
10  1.7  0.0175019
10  1.9  0.00968632
10  2.0  0.00730569
0  12.0  7.35288e-10
10  2.5  0.0018846
10  3.0  0.000516975
0  11.5  1.22861e-09
10  3.5  0.000161465
10  4.5  2.0404e-05
10  4.0  5.60118e-05
10  5.0  7.89964e-06
10  5.5  3.24429e-06
10  6.0  1.39862e-06
10  7.0  2.94718e-07
10  6.5  6.29075e-07
10  7.5  1.42783e-07
10  8.0  7.14907e-08
10  8.5  3.69197e-08
10  10.0  5.88162e-09
10  9.0  1.95526e-08
10  9.5  1.05827e-08
10  10.5  3.32536e-09
12  0.2  1.63602
12  0.3  1.31533
12  0.4  1.01919
12  0.5  0.76836
12  0.6  0.56762
12  0.7  0.413397
12  0.8  0.298828
12  0.9  0.214688
12  1.0  0.15488
12  1.1  0.111256
12  1.3  0.0583351
12  1.2  0.0803913
12  1.4  0.0424037
12  1.5  0.031203
12  1.6  0.0229948
12  1.7  0.0169498
12  1.8  0.0124922
12  1.9  0.00951665
12  2.0  0.00705193
12  2.5  0.00177659
12  3.0  0.000488517
12  3.5  0.000157716
10  11.0  1.90896e-09
10  12.0  6.69078e-10
10  11.5  1.11931e-09
12  4.5  1.95955e-05
12  5.0  7.60812e-06
12  4.0  5.38627e-05
12  5.5  3.11335e-06
12  6.0  1.33909e-06
12  7.0  2.82783e-07
12  6.5  6.02218e-07
12  7.5  1.36822e-07
12  8.0  6.84892e-08
12  8.5  3.53486e-08
12  10.0  5.62788e-09
12  9.0  1.87202e-08
12  9.5  1.0128e-08
12  10.5  3.18073e-09
12  11.0  1.84004e-09
14  0.2  1.59191
14  0.3  1.27756
14  0.5  0.746117
14  0.4  0.989954
14  0.6  0.550154
14  0.7  0.400611
14  0.8  0.289056
14  0.9  0.207733
14  1.0  0.149259
14  1.1  0.1074
14  1.2  0.0773764
14  1.3  0.0562982
14  1.4  0.0407728
14  1.5  0.0302039
14  1.6  0.0221043
14  1.7  0.0162542
14  1.8  0.0123274
14  1.9  0.00902717
14  2.5  0.00168112
14  2.0  0.00674228
14  3.0  0.000490121
14  3.5  0.000149049
12  12.0  6.39585e-10
12  11.5  1.06973e-09
14  4.0  5.13557e-05
14  4.5  1.86369e-05
14  5.0  7.20801e-06
14  5.5  2.95693e-06
14  6.5  5.76336e-07
14  6.0  1.27366e-06
14  7.0  2.68163e-07
14  7.5  1.29705e-07
14  8.0  6.49449e-08
14  8.5  3.34859e-08
14  10.0  5.32572e-09
14  9.0  1.76313e-08
14  9.5  9.58396e-09
14  10.5  3.00835e-09
16  0.2  1.53937
16  0.3  1.23466
16  0.4  0.9556
14  11.5  1.01852e-09
16  0.5  0.718633
16  0.6  0.529549
16  0.7  0.384661
16  0.8  0.277103
16  0.9  0.199038
16  1.0  0.142643
16  1.1  0.102764
16  1.2  0.0738676
16  1.3  0.0535886
16  1.4  0.0388957
16  1.5  0.0283928
16  1.6  0.0208136
16  1.7  0.0154425
16  1.8  0.0114015
16  1.9  0.00856522
16  2.0  0.0064732
16  3.0  0.000425145
14  11.0  1.72684e-09
16  2.5  0.00165226
16  3.5  0.000143012
14  12.0  6.03391e-10
16  4.0  4.83045e-05
16  4.5  1.75188e-05
16  5.0  6.77024e-06
16  5.5  2.76889e-06
16  6.5  5.36979e-07
16  6.0  1.19135e-06
16  7.0  2.51085e-07
16  7.5  1.21364e-07
16  8.0  6.0752e-08
16  8.5  3.13016e-08
16  9.0  1.65567e-08
16  10.0  4.97453e-09
16  9.5  8.95194e-09
16  10.5  2.8093e-09
18  0.2  1.4755
18  0.3  1.18234
18  0.4  0.91326
18  0.5  0.685818
18  0.6  0.504472
18  0.7  0.365553
18  0.8  0.263312
18  0.9  0.188773
18  1.0  0.135264
18  1.1  0.097086
18  1.2  0.0697547
18  1.3  0.050419
18  1.5  0.0267241
18  1.4  0.0366122
16  11.0  1.61171e-09
18  1.6  0.0196603
18  1.7  0.0144227
18  1.9  0.00803542
18  1.8  0.0107446
18  2.5  0.00151486
18  2.0  0.00604931
18  3.0  0.00042034
18  3.5  0.000130438
16  11.5  9.44279e-10
16  12.0  5.62472e-10
18  4.0  4.47698e-05
18  4.5  1.6226e-05
18  5.0  6.27184e-06
18  6.0  1.10602e-06
18  5.5  2.5583e-06
18  7.0  2.3132e-07
18  6.5  4.93275e-07
18  7.5  1.11755e-07
18  8.0  5.58809e-08
18  8.5  2.87886e-08
18  9.0  1.52199e-08
18  9.5  8.22572e-09
18  10.0  4.55124e-09
18  10.5  2.58066e-09
2  0.2  1.74486
2  0.3  1.40379
2  0.4  1.09227
2  0.5  0.825199
2  0.6  0.611341
2  0.7  0.446584
2  0.8  0.323611
2  0.9  0.2334
2  1.0  0.168223
2  1.1  0.121295
2  1.2  0.0879745
2  1.3  0.0637335
2  1.4  0.0465402
2  1.5  0.0343623
2  1.6  0.0254045
2  1.7  0.0187128
18  11.0  1.47933e-09
2  1.8  0.0141296
2  1.9  0.01034
2  2.0  0.00779884
2  2.5  0.00201479
2  3.0  0.000560645
2  3.5  0.000171936
18  11.5  8.65801e-10
18  12.0  5.1541e-10
2  4.5  2.21307e-05
2  4.0  6.06433e-05
2  5.0  8.58089e-06
2  5.5  3.52577e-06
2  6.0  1.52176e-06
2  7.0  3.21486e-07
2  6.5  6.83728e-07
2  7.5  1.55644e-07
2  8.0  7.79654e-08
2  10.0  6.413e-09
2  8.5  4.02821e-08
2  9.0  2.133e-08
2  9.5  1.15596e-08
20  0.2  1.39913
2  10.5  3.63594e-09
20  0.3  1.11938
20  0.4  0.863974
20  0.5  0.646782
20  0.6  0.474782
20  0.7  0.343496
20  0.9  0.176299
20  0.8  0.246766
20  1.0  0.126185
20  1.1  0.090448
20  1.2  0.0648298
20  1.4  0.0341356
20  1.3  0.0468218
20  1.5  0.0249682
20  1.6  0.0181409
20  1.7  0.0133693
20  1.8  0.00990724
2  11.0  2.08776e-09
20  1.9  0.00737614
20  2.0  0.00551357
20  2.5  0.00138098
2  12.0  7.3265e-10
20  3.0  0.000407757
20  3.5  0.000113972
2  11.5  1.22411e-09
20  4.0  4.0702e-05
20  4.5  1.47193e-05
20  5.0  5.68773e-06
20  6.0  9.95377e-07
20  5.5  2.31562e-06
20  7.0  2.08829e-07
20  6.5  4.45473e-07
20  7.5  1.00799e-07
20  8.0  5.03413e-08
20  8.5  2.59254e-08
20  9.0  1.36944e-08
20  9.5  7.39842e-09
20  10.0  4.09207e-09
20  10.5  2.31784e-09
22  0.2  1.30623
22  0.3  1.04333
22  0.4  0.803155
22  0.5  0.599732
22  0.6  0.438957
22  0.7  0.316783
22  0.8  0.226923
22  0.9  0.162004
22  1.1  0.0824156
22  1.0  0.115631
22  1.2  0.0591746
22  1.3  0.0427167
22  1.4  0.0311036
22  1.5  0.0224456
22  1.6  0.0164075
22  1.7  0.0120941
22  1.8  0.00887916
22  1.9  0.00665167
22  2.0  0.00498707
22  2.5  0.00122547
20  11.0  1.32851e-09
22  3.0  0.000351658
22  3.5  0.000105895
20  11.5  7.77078e-10
20  12.0  4.62389e-10
22  4.5  1.30058e-05
22  5.0  5.01796e-06
22  4.0  3.60616e-05
22  5.5  2.04064e-06
22  6.0  8.74554e-07
22  7.0  1.833e-07
22  6.5  3.91741e-07
22  7.5  8.84762e-08
22  8.0  4.41441e-08
22  8.5  2.26898e-08
22  9.0  1.19772e-08
22  9.5  6.4666e-09
22  10.0  3.57322e-09
24  0.2  1.19373
24  0.3  0.950174
24  0.4  0.72894
24  0.5  0.543202
24  0.6  0.395989
24  0.7  0.284562
22  10.5  2.02406e-09
24  0.8  0.203206
24  0.9  0.144588
24  1.0  0.102781
24  1.1  0.07355
24  1.3  0.0377874
24  1.2  0.0524176
24  1.5  0.019957
24  1.4  0.0271623
24  1.6  0.0144094
24  1.7  0.0105167
24  1.9  0.00584491
24  1.8  0.00779267
24  2.0  0.00432104
24  3.0  0.000284657
24  2.5  0.00108905
24  3.5  9.09489e-05
22  11.0  1.15834e-09
22  11.5  6.78007e-10
22  12.0  4.03035e-10
24  4.5  1.10823e-05
24  4.0  3.08052e-05
24  5.0  4.25129e-06
24  5.5  1.73099e-06
24  6.0  7.41885e-07
24  7.0  1.5472e-07
24  6.5  3.31248e-07
24  7.5  7.45087e-08
24  8.0  3.71646e-08
24  8.5  1.90835e-08
24  9.0  1.00591e-08
24  10.0  3.00665e-09
24  9.5  5.42684e-09
24  11.5  5.70216e-10
26  0.2  1.05525
26  0.3  0.837445
26  0.4  0.640234
26  0.5  0.474809
26  0.6  0.344721
26  0.8  0.175368
26  0.7  0.246702
26  1.0  0.0878108
26  0.9  0.12417
26  1.1  0.0624257
26  1.2  0.044456
26  1.3  0.0319283
24  10.5  1.68986e-09
26  1.4  0.0229352
26  1.5  0.016626
26  1.6  0.012114
26  1.8  0.0066315
26  1.7  0.00882129
26  1.9  0.00486093
26  2.0  0.00367949
26  2.5  0.000903769
26  3.0  0.000248687
26  3.5  6.63536e-05
24  11.0  9.69662e-10
24  12.0  3.36891e-10
26  4.0  2.49734e-05
26  5.0  3.43265e-06
26  5.5  1.39108e-06
26  4.5  8.9483e-06
26  6.0  5.9424e-07
26  7.0  1.23355e-07
26  6.5  2.64041e-07
26  7.5  5.93049e-08
26  8.0  2.95375e-08
26  8.5  1.51476e-08
26  9.0  7.98854e-09
26  9.5  4.29714e-09
26  10.0  2.39128e-09
26  11.0  7.67482e-10
28  0.2  0.888757
28  0.3  0.702002
28  0.4  0.533752
28  0.5  0.393313
28  0.6  0.28375
28  0.7  0.201722
28  0.8  0.142635
26  10.5  1.33408e-09
28  0.9  0.10041
28  1.0  0.0707223
28  1.1  0.0499772
28  1.3  0.0253234
28  1.2  0.0354311
28  1.4  0.0182327
28  1.5  0.0130812
28  1.6  0.0094892
28  1.7  0.00694284
28  1.8  0.00507652
28  1.9  0.00376631
28  2.0  0.00285216
28  2.5  0.000669468
28  3.0  0.000200831
28  3.5  5.39353e-05
26  11.5  4.46485e-10
26  12.0  2.65034e-10
28  4.5  6.67243e-06
28  5.5  1.02932e-06
28  4.0  1.86658e-05
28  5.0  2.54352e-06
28  6.0  4.37255e-07
28  6.5  1.94434e-07
28  7.0  9.01558e-08
28  7.5  4.3345e-08
28  8.0  2.15424e-08
28  8.5  1.10254e-08
28  9.0  5.7848e-09
28  9.5  3.11415e-09
28  10.0  1.71916e-09
28  11.0  5.54607e-10
30  0.2  0.695535
30  0.3  0.546197
30  0.4  0.412116
30  0.5  0.301251
30  0.6  0.215443
30  0.7  0.152128
28  10.5  9.64324e-10
30  0.8  0.106364
30  0.9  0.0745141
30  1.0  0.0520996
30  1.1  0.0365791
30  1.2  0.025762
30  1.3  0.0182804
30  1.4  0.0130296
30  1.5  0.00936944
30  1.6  0.00682263
30  1.7  0.00490251
30  1.8  0.0036287
30  2.0  0.00196875
30  1.9  0.00263173
30  2.5  0.000478887
30  3.5  4.0572e-05
30  3.0  0.000119393
28  11.5  3.21834e-10
28  12.0  1.90721e-10
30  4.5  4.44539e-06
30  4.0  1.25152e-05
30  5.5  6.77884e-07
30  5.0  1.68269e-06
30  6.5  1.2766e-07
30  6.0  2.86387e-07
30  7.0  5.8594e-08
30  8.0  1.39551e-08
30  7.5  2.80622e-08
30  9.5  2.00272e-09
30  8.5  7.08651e-09
30  9.0  3.70839e-09
30  10.0  1.09644e-09
30  10.5  6.17331e-10
32  0.2  0.492912
32  0.3  0.383947
32  0.4  0.286751
32  0.5  0.207419
32  0.6  0.146698
32  0.7  0.102505
32  0.8  0.0710967
32  0.9  0.0492443
32  1.0  0.0341222
32  1.1  0.0237345
32  1.2  0.0165914
32  1.3  0.0117416
30  11.0  3.50886e-10
32  1.5  0.00597175
32  1.4  0.00831086
32  1.6  0.00424005
32  1.7  0.00307518
32  1.9  0.00163253
32  1.8  0.00222913
32  2.0  0.00120973
30  11.5  2.04101e-10
32  2.5  0.000281708
32  3.0  8.15658e-05
32  3.5  1.90757e-05
30  12.0  1.20836e-10
32  5.0  9.53829e-07
32  4.0  7.25277e-06
32  4.5  2.54125e-06
32  5.5  3.81689e-07
32  6.5  7.07218e-08
32  7.0  3.26454e-08
32  6.0  1.60325e-07
32  7.5  1.54661e-08
32  8.0  7.62467e-09
32  9.5  1.08189e-09
32  8.5  3.8704e-09
32  9.0  2.01835e-09
32  10.0  5.92597e-10
34  0.2  0.311999
34  0.3  0.240431
34  0.4  0.177265
32  12.0  6.49565e-11
34  0.5  0.126568
34  0.6  0.0883394
34  0.7  0.0608698
34  0.8  0.0418003
34  0.9  0.0285272
32  10.5  3.30651e-10
34  1.0  0.0195517
34  1.1  0.0134906
34  1.2  0.00932739
34  1.3  0.00651454
32  11.0  1.88457e-10
34  1.4  0.00458866
34  1.5  0.00323807
34  1.6  0.00230598
34  1.7  0.00165857
34  1.8  0.00119719
34  2.0  0.000643077
34  1.9  0.000870134
34  2.5  0.000142091
34  3.0  3.6679e-05
34  3.5  9.40498e-06
32  11.5  1.093e-10
34  4.0  3.56437e-06
34  4.5  1.2329e-06
34  5.0  4.58991e-07
34  5.5  1.81355e-07
34  6.0  7.57302e-08
34  7.0  1.50974e-08
34  6.5  3.30902e-08
34  8.0  3.50351e-09
34  7.5  7.13205e-09
34  8.5  1.76415e-09
34  9.5  4.87904e-10
34  9.0  9.15678e-10
34  10.5  1.48039e-10
4  0.2  1.73603
34  10.0  2.6577e-10
4  0.3  1.39661
4  0.4  1.08606
4  0.5  0.820577
4  0.6  0.607479
4  0.7  0.44385
4  0.8  0.321389
4  0.9  0.231998
4  1.0  0.167132
4  1.1  0.12046
4  1.2  0.0874829
4  1.3  0.0634929
4  1.4  0.0461815
34  11.0  8.38846e-11
4  1.5  0.0339596
4  1.6  0.0249906
4  1.8  0.014035
4  1.7  0.0184189
4  1.9  0.0102627
4  2.5  0.00195677
4  2.0  0.00774941
4  3.5  0.000172569
4  3.0  0.000548914
34  11.5  4.85075e-11
34  12.0  2.85295e-11
4  4.5  2.19185e-05
4  4.0  6.00674e-05
4  5.0  8.49374e-06
4  5.5  3.49087e-06
4  6.0  1.50673e-06
4  7.0  3.18194e-07
4  6.5  6.7682e-07
4  7.5  1.54047e-07
4  8.0  7.71492e-08
4  8.5  3.98654e-08
4  10.0  6.34251e-09
4  9.0  2.11239e-08
4  9.5  1.14395e-08
4  10.5  3.59767e-09
6  0.2  1.72072
6  0.3  1.38394
6  0.4  1.07623
6  0.5  0.812754
6  0.6  0.601681
6  0.7  0.43924
6  0.8  0.317842
6  0.9  0.229365
6  1.0  0.165152
6  1.1  0.119064
6  1.2  0.0864156
6  1.3  0.0625594
6  1.4  0.0455858
6  1.6  0.0248498
6  1.5  0.033448
6  1.7  0.0181724
6  1.8  0.0135822
6  1.9  0.0103046
4  11.0  2.06557e-09
6  2.5  0.00201963
6  2.0  0.00776148
6  3.0  0.000537623
6  3.5  0.000171457
4  12.0  7.24742e-10
4  11.5  1.21114e-09
6  5.0  8.37885e-06
6  4.5  2.1563e-05
6  4.0  5.91177e-05
6  5.5  3.43251e-06
6  6.0  1.481e-06
6  7.0  3.12676e-07
6  6.5  6.65229e-07
6  7.5  1.51379e-07
6  8.0  7.58229e-08
6  8.5  3.9168e-08
6  10.0  6.22514e-09
6  9.0  2.07519e-08
6  9.5  1.12337e-08
6  10.5  3.53429e-09
8  0.2  1.70004
8  0.3  1.3665
8  0.4  1.06216
8  0.5  0.801652
8  0.6  0.593179
8  0.8  0.313396
8  0.7  0.432676
8  0.9  0.225125
8  1.0  0.162424
8  1.1  0.117117
8  1.3  0.0618597
8  1.2  0.0848473
8  1.4  0.0447861
8  1.5  0.0328169
8  1.6  0.0242068
6  11.0  2.02909e-09
8  1.7  0.0178624
8  1.8  0.0132736
8  2.0  0.00758335
8  1.9  0.00991662
8  2.5  0.00192443
8  3.0  0.000533549
8  3.5  0.000188175
6  11.5  1.18908e-09
6  12.0  7.11541e-10
8  4.5  2.10621e-05
8  4.0  5.77856e-05
8  5.0  8.15429e-06
8  5.5  3.35045e-06
8  6.0  1.44527e-06
8  7.0  3.04924e-07
8  6.5  6.50031e-07
8  7.5  1.47628e-07
8  8.0  7.39369e-08
8  10.0  6.06021e-09
8  8.5  3.8344e-08
8  9.0  2.02276e-08
8  9.5  1.09499e-08
8  10.5  3.43029e-09
8  12.0  6.93041e-10
8  11.0  1.97716e-09
8  11.5  1.15846e-09
