# diffractive D0 cross section, Pb target, LHAPDF fragmentation, An0n channel
# generated      : 2026-08-20 10:20:12 EEST
# calls          : 1e5 (VEGAS calls per point, see CALLS_EXCL/CALLS_EXCL_FACTORIZED/CALLS_DIFF)
# dipole samples : data/Pb/mve/glauber_mve_<b>
# pD0 sweep      : 0.2 0.3 0.4 0.5 0.6 0.7 0.8 0.9 1.0 1.1 1.2 1.3 1.4 1.5 1.6 1.7 1.8 1.9 2.0 2.5 3.0 3.5 4.0 4.5 5.0 5.5 6.0 6.5 7.0 7.5 8.0 8.5 9.0 9.5 10.0 10.5 11.0 11.5 12.0
# fixed rapidity y : 1.0
# ============================================================
# b  pD0  dsigma_dyd2pD0
0  0.5  1.05231
0  0.3  0.840366
0  0.2  0.574093
0  0.4  1.00634
0  0.7  0.93036
0  0.6  1.01242
0  0.9  0.655218
0  0.8  0.798297
0  1.0  0.551988
0  1.1  0.446403
0  1.2  0.360335
0  1.3  0.29085
0  1.4  0.238717
0  1.5  0.189302
0  1.7  0.1215
0  1.6  0.152044
0  2.0  0.06715
0  1.8  0.100041
0  1.9  0.0804428
0  2.5  0.0257055
0  3.5  0.00502549
0  3.0  0.0109233
0  4.0  0.00248626
0  4.5  0.00134492
0  5.0  0.000745089
0  5.5  0.000436425
0  6.0  0.000269408
0  6.5  0.000161933
0  7.5  6.87076e-05
0  7.0  0.000104106
0  8.0  4.74592e-05
0  8.5  3.19172e-05
0  9.0  2.20915e-05
0  9.5  1.5736e-05
10  0.2  0.575723
0  10.5  8.27579e-06
10  0.3  0.830169
0  10.0  1.1191e-05
10  0.4  0.993283
10  0.5  1.03084
10  0.6  0.990615
10  0.7  0.898885
0  11.0  5.95978e-06
10  0.8  0.769485
10  0.9  0.664392
10  1.0  0.532329
10  1.1  0.433635
10  1.2  0.349084
10  1.3  0.280967
0  11.5  4.40168e-06
10  1.4  0.226727
10  1.5  0.179462
10  1.6  0.145132
10  1.7  0.117235
10  1.8  0.0946115
0  12.0  3.37988e-06
10  1.9  0.076471
10  2.0  0.0625148
10  2.5  0.0241908
10  3.0  0.0102389
10  3.5  0.00477684
10  4.0  0.00240348
10  5.0  0.000713191
10  4.5  0.00127937
10  5.5  0.000403523
10  6.0  0.00025232
10  6.5  0.000156389
10  7.0  0.000100293
10  7.5  6.52177e-05
10  8.0  4.4327e-05
10  8.5  3.05661e-05
10  10.0  1.06267e-05
10  9.0  2.16471e-05
10  9.5  1.49278e-05
10  10.5  7.95804e-06
12  0.2  0.570449
12  0.3  0.829859
12  0.4  0.974425
10  11.0  5.72936e-06
12  0.5  1.0147
12  0.6  0.978671
12  0.7  0.877269
12  0.8  0.759015
12  0.9  0.634547
12  1.0  0.518263
12  1.1  0.422693
12  1.2  0.345024
12  1.3  0.28379
10  11.5  4.1648e-06
12  1.5  0.17684
12  1.4  0.22047
12  1.7  0.114364
12  1.6  0.142349
12  1.8  0.0925039
12  1.9  0.0759858
12  2.0  0.0620955
10  12.0  3.22138e-06
12  2.5  0.0237919
12  3.5  0.00472895
12  3.0  0.0100173
12  4.0  0.00232133
12  4.5  0.00124794
12  5.0  0.00070486
12  6.0  0.000248738
12  5.5  0.000410985
12  7.0  9.7734e-05
12  6.5  0.000147918
12  7.5  6.59961e-05
12  8.0  4.35244e-05
12  8.5  2.98228e-05
12  10.5  7.53747e-06
12  9.0  2.06319e-05
12  9.5  1.49625e-05
14  0.2  0.564827
12  10.0  1.0402e-05
14  0.3  0.817253
14  0.4  0.967396
12  11.0  5.69391e-06
14  0.5  1.0114
14  0.7  0.854521
14  0.6  0.95297
14  0.8  0.746159
14  0.9  0.629595
14  1.0  0.508757
14  1.1  0.421637
12  11.5  4.1858e-06
14  1.2  0.335289
14  1.3  0.269083
14  1.4  0.21402
14  1.5  0.172449
14  1.6  0.138751
14  1.7  0.111868
14  1.8  0.0915839
14  1.9  0.0734174
14  2.0  0.0598257
14  2.5  0.0231716
12  12.0  3.01704e-06
14  3.5  0.00451886
14  3.0  0.00968429
14  4.0  0.00227499
14  4.5  0.00120994
14  5.0  0.00068213
14  5.5  0.00040198
14  6.5  0.000145928
14  6.0  0.000236528
14  7.5  6.32695e-05
14  7.0  9.39023e-05
14  8.0  4.1379e-05
14  8.5  2.8429e-05
14  9.0  1.99776e-05
14  9.5  1.40168e-05
14  10.0  1.03774e-05
16  0.2  0.559717
16  0.4  0.963746
16  0.3  0.819556
14  11.0  5.40228e-06
16  0.5  1.00514
16  0.6  0.94131
16  0.7  0.843746
16  0.8  0.72998
14  10.5  7.3406e-06
16  0.9  0.60804
16  1.0  0.491589
16  1.1  0.400511
16  1.2  0.321605
16  1.3  0.264025
14  11.5  3.97386e-06
16  1.5  0.166525
16  1.4  0.209239
16  1.6  0.134751
16  1.7  0.108476
16  1.8  0.0879311
16  1.9  0.0708785
16  2.0  0.0571758
16  2.5  0.022341
16  3.0  0.00939075
16  3.5  0.00434228
14  12.0  3.05365e-06
16  4.0  0.00214958
16  4.5  0.00116389
16  5.0  0.000659279
16  6.0  0.000230857
16  5.5  0.000387661
16  7.5  5.94143e-05
16  7.0  9.23948e-05
16  6.5  0.000144346
16  8.0  4.06571e-05
16  8.5  2.77716e-05
16  9.0  1.93418e-05
16  10.0  9.77472e-06
16  9.5  1.35728e-05
18  0.2  0.559889
18  0.3  0.806955
18  0.4  0.95368
16  11.0  5.16003e-06
18  0.5  0.971956
18  0.6  0.932596
18  0.7  0.831723
16  10.5  7.19269e-06
18  0.8  0.70193
18  0.9  0.587896
18  1.0  0.483467
18  1.1  0.388933
18  1.2  0.311212
18  1.3  0.249924
16  11.5  3.75917e-06
18  1.4  0.199593
18  1.5  0.161828
18  1.6  0.12887
18  1.7  0.104681
18  1.8  0.0834476
18  1.9  0.0680192
18  2.5  0.021367
18  2.0  0.0548263
16  12.0  2.90484e-06
18  3.0  0.00917655
18  3.5  0.00412893
18  4.5  0.00112079
18  5.0  0.000609301
18  4.0  0.00208143
18  5.5  0.000369774
18  6.5  0.00013794
18  7.0  8.79109e-05
18  6.0  0.000219124
18  7.5  5.80307e-05
18  8.5  2.68244e-05
18  8.0  3.97338e-05
18  9.0  1.85396e-05
18  9.5  1.3064e-05
18  10.0  9.30169e-06
2  0.2  0.5867
18  11.0  4.83662e-06
2  0.3  0.842898
2  0.4  0.996067
18  10.5  6.72106e-06
2  0.5  1.0533
2  0.6  1.02624
2  0.7  0.910501
2  0.8  0.794462
18  11.5  3.67786e-06
2  0.9  0.656287
2  1.0  0.56272
2  1.1  0.450239
2  1.2  0.364166
2  1.3  0.287004
2  1.5  0.190508
2  1.4  0.234946
2  1.6  0.15162
2  1.7  0.122249
2  1.8  0.0977096
2  1.9  0.079835
2  2.0  0.0651327
2  2.5  0.0253921
2  3.0  0.0107775
2  3.5  0.00499925
18  12.0  2.71629e-06
2  4.0  0.00255421
2  4.5  0.00132632
2  5.0  0.000747047
2  5.5  0.000422891
2  6.0  0.000268385
2  6.5  0.000165367
2  7.0  0.000104003
2  7.5  6.93286e-05
2  8.0  4.66652e-05
2  8.5  3.14338e-05
2  9.0  2.21954e-05
2  9.5  1.57775e-05
2  10.5  8.13325e-06
2  10.0  1.14554e-05
20  0.2  0.558461
20  0.3  0.792254
2  11.0  5.88264e-06
20  0.4  0.922962
20  0.5  0.949698
20  0.6  0.885135
20  0.7  0.797176
20  0.8  0.686016
20  0.9  0.563125
20  1.0  0.463091
2  11.5  4.51196e-06
20  1.1  0.37436
20  1.2  0.301124
20  1.3  0.238084
20  1.4  0.191742
20  1.5  0.15342
20  1.7  0.0982853
20  1.6  0.122562
2  12.0  3.4235e-06
20  1.8  0.0795296
20  1.9  0.064708
20  2.0  0.0530968
20  2.5  0.019982
20  3.0  0.00863629
20  3.5  0.00392995
20  4.5  0.00106668
20  4.0  0.00199267
20  5.5  0.000343403
20  5.0  0.00057373
20  6.5  0.000130181
20  6.0  0.000207732
20  7.0  8.50502e-05
20  7.5  5.42556e-05
20  8.0  3.65772e-05
20  8.5  2.48284e-05
20  9.0  1.77287e-05
20  9.5  1.23103e-05
20  10.5  6.35037e-06
20  10.0  8.74358e-06
22  0.2  0.54231
22  0.3  0.771346
22  0.4  0.897357
20  11.0  4.77773e-06
22  0.5  0.91831
22  0.6  0.857295
22  0.7  0.762698
22  0.8  0.652034
22  0.9  0.535087
22  1.0  0.436654
20  11.5  3.40362e-06
22  1.1  0.348954
22  1.2  0.277374
22  1.3  0.222687
22  1.4  0.178303
22  1.5  0.143662
22  1.6  0.114936
20  12.0  2.64537e-06
22  1.7  0.0913166
22  1.9  0.0600582
22  1.8  0.0740316
22  2.5  0.0187474
22  2.0  0.0487759
22  3.0  0.00780595
22  3.5  0.00366407
22  4.0  0.00186218
22  4.5  0.000975709
22  5.5  0.000323312
22  5.0  0.00055043
22  6.0  0.000192178
22  6.5  0.000119401
22  7.0  7.7566e-05
22  8.5  2.33325e-05
22  7.5  5.08046e-05
22  9.0  1.60152e-05
22  8.0  3.43387e-05
22  9.5  1.14002e-05
22  10.5  5.95555e-06
24  0.2  0.531125
22  10.0  8.12385e-06
24  0.3  0.751621
24  0.4  0.860466
22  11.0  4.35997e-06
24  0.5  0.873776
24  0.6  0.819854
24  0.7  0.719146
24  0.8  0.604341
24  0.9  0.495395
24  1.0  0.404333
24  1.1  0.323495
24  1.2  0.271292
24  1.3  0.207769
24  1.4  0.164216
24  1.5  0.129965
22  11.5  3.26748e-06
24  1.6  0.106567
24  1.7  0.0850156
24  1.8  0.0683878
24  1.9  0.05503
24  2.0  0.0446948
24  2.5  0.0172377
24  3.5  0.00333405
24  3.0  0.00709157
22  12.0  2.45741e-06
24  4.0  0.00169988
24  4.5  0.000901129
24  5.0  0.000494354
24  5.5  0.000278584
24  7.5  4.64838e-05
24  6.0  0.000174968
24  6.5  0.000105482
24  7.0  7.06979e-05
24  8.5  2.08641e-05
24  9.0  1.4712e-05
24  8.0  3.13134e-05
24  9.5  1.04216e-05
26  0.2  0.502715
24  10.5  5.39403e-06
26  0.3  0.71097
24  10.0  7.28032e-06
26  0.4  0.812466
24  11.0  3.90195e-06
26  0.5  0.816786
26  0.6  0.756649
26  0.7  0.65246
26  0.8  0.545109
26  0.9  0.446015
26  1.0  0.361427
24  11.5  3.01243e-06
26  1.1  0.294204
26  1.2  0.230788
26  1.3  0.183787
26  1.4  0.147162
26  1.5  0.119656
26  1.6  0.0934727
26  1.8  0.0625257
26  1.7  0.0744334
26  1.9  0.0483095
26  2.0  0.0396183
26  2.5  0.0147723
26  3.0  0.00646385
24  12.0  2.23343e-06
26  3.5  0.00289745
26  5.0  0.000416301
26  4.0  0.00148844
26  4.5  0.000755225
26  5.5  0.000257932
26  6.0  0.000153876
26  6.5  9.76604e-05
26  8.5  1.79929e-05
26  7.0  6.18833e-05
26  7.5  4.08177e-05
26  8.0  2.74137e-05
26  9.0  1.29456e-05
26  10.0  6.58285e-06
26  9.5  9.08597e-06
26  10.5  4.65179e-06
28  0.2  0.490928
28  0.3  0.65992
28  0.4  0.752525
28  0.5  0.761328
28  0.6  0.67108
28  0.7  0.578971
26  11.0  3.45347e-06
28  0.8  0.478661
28  0.9  0.388276
28  1.0  0.311808
28  1.1  0.249046
28  1.2  0.199003
28  1.3  0.157274
28  1.4  0.125485
28  1.5  0.100003
28  1.6  0.0802693
26  11.5  2.59039e-06
28  1.7  0.0635203
28  1.8  0.0509553
28  1.9  0.0410175
28  2.0  0.0331597
28  2.5  0.0125667
28  3.0  0.00535246
28  3.5  0.00250907
26  12.0  1.93129e-06
28  5.5  0.000214966
28  4.0  0.00118059
28  4.5  0.000671285
28  5.0  0.000372501
28  6.0  0.000131302
28  7.5  3.42992e-05
28  6.5  8.13475e-05
28  7.0  5.22544e-05
28  8.0  2.27071e-05
28  8.5  1.55421e-05
28  9.5  7.52381e-06
28  9.0  1.10654e-05
28  10.0  5.46495e-06
28  10.5  4.00535e-06
30  0.2  0.441027
30  0.3  0.600329
30  0.4  0.663781
28  11.0  2.89862e-06
30  0.5  0.643925
30  0.6  0.56961
30  0.7  0.481096
30  0.8  0.395663
30  0.9  0.313648
30  1.0  0.250027
28  11.5  2.16124e-06
30  1.2  0.160272
30  1.1  0.202506
30  1.3  0.126014
30  1.5  0.0790923
30  1.4  0.0987804
28  12.0  1.62471e-06
30  1.6  0.0616297
30  1.7  0.0491889
30  1.8  0.0400683
30  2.0  0.026078
30  1.9  0.0322181
30  2.5  0.0101593
30  3.5  0.00196478
30  3.0  0.0042704
30  4.0  0.000950794
30  5.5  0.000171656
30  4.5  0.000514018
30  5.0  0.000291188
30  6.0  0.000101758
30  6.5  6.26878e-05
30  7.0  4.05388e-05
30  7.5  2.63243e-05
30  8.0  1.77947e-05
30  8.5  1.24162e-05
30  9.5  5.94473e-06
30  9.0  8.42035e-06
30  10.5  3.12161e-06
30  10.0  4.25363e-06
32  0.2  0.398874
32  0.3  0.513695
32  0.4  0.547937
32  0.5  0.506996
30  11.0  2.29295e-06
32  0.6  0.441468
32  0.7  0.364076
32  0.8  0.296051
32  0.9  0.237311
32  1.0  0.185842
32  1.1  0.147467
30  11.5  1.67719e-06
32  1.3  0.0892029
32  1.2  0.116798
32  1.4  0.0714948
32  1.5  0.0561068
32  1.6  0.0445659
32  1.8  0.0293566
32  1.7  0.0357452
32  1.9  0.023131
32  2.0  0.0190283
32  2.5  0.00725469
32  3.0  0.00297939
32  3.5  0.00140269
32  4.5  0.000372291
30  12.0  1.34815e-06
32  5.5  0.000118898
32  4.0  0.00068182
32  5.0  0.000207202
32  6.5  4.39671e-05
32  7.0  2.90532e-05
32  6.0  7.2021e-05
32  7.5  1.87872e-05
32  8.5  8.63516e-06
32  8.0  1.27416e-05
32  9.5  4.23258e-06
32  9.0  5.97721e-06
32  10.5  2.23255e-06
32  10.0  3.08341e-06
4  0.2  0.587415
32  11.0  1.63264e-06
4  0.3  0.837546
4  0.4  1.0035
4  0.5  1.0549
4  0.6  1.01788
4  0.7  0.912721
4  0.8  0.778548
4  0.9  0.677724
4  1.0  0.546981
32  11.5  1.19329e-06
4  1.1  0.447684
4  1.2  0.359587
4  1.3  0.290525
4  1.4  0.235628
4  1.5  0.187151
4  1.6  0.152873
4  1.7  0.122969
4  1.8  0.0992651
4  1.9  0.0802293
4  2.0  0.0652176
4  2.5  0.0253696
4  3.0  0.010639
4  3.5  0.00497953
32  12.0  8.9008e-07
4  4.0  0.00254166
4  4.5  0.00134239
4  5.0  0.000733222
4  5.5  0.000440617
4  7.5  7.06618e-05
4  6.0  0.00025925
4  6.5  0.000165245
4  7.0  0.000104717
4  8.0  4.63888e-05
4  8.5  3.17989e-05
4  9.0  2.21402e-05
4  9.5  1.60396e-05
4  10.5  8.07971e-06
6  0.2  0.575197
4  10.0  1.11641e-05
6  0.3  0.838008
6  0.4  1.0137
6  0.5  1.04698
6  0.6  1.01768
6  0.7  0.904936
6  0.8  0.786968
4  11.0  6.06074e-06
6  0.9  0.662058
6  1.0  0.5482
6  1.1  0.441248
6  1.3  0.29167
6  1.2  0.355375
4  11.5  4.41502e-06
6  1.4  0.231199
6  1.5  0.185469
6  1.7  0.121051
6  1.6  0.14978
6  1.8  0.0965744
4  12.0  3.36742e-06
6  1.9  0.0796237
6  2.0  0.0644887
6  2.5  0.0250948
6  3.0  0.0105455
6  3.5  0.00495914
6  4.0  0.00245327
6  4.5  0.00132308
6  5.0  0.000733449
6  5.5  0.000435807
6  6.0  0.000265075
6  6.5  0.000163874
6  7.0  0.000104347
6  7.5  6.86145e-05
6  8.0  4.60037e-05
6  8.5  3.10237e-05
6  9.0  2.17811e-05
6  10.0  1.09513e-05
6  9.5  1.54186e-05
6  10.5  7.91878e-06
8  0.2  0.582783
8  0.3  0.830348
8  0.4  0.994134
8  0.5  1.0409
8  0.6  1.0061
8  0.7  0.900775
8  0.8  0.78064
6  11.0  5.76617e-06
8  0.9  0.662772
8  1.0  0.53915
8  1.1  0.439413
8  1.2  0.355509
6  11.5  4.44316e-06
8  1.5  0.184805
8  1.3  0.284583
8  1.4  0.22744
8  1.7  0.120098
8  1.6  0.147928
8  1.9  0.0775684
8  1.8  0.0962869
8  2.0  0.0635075
6  12.0  3.31916e-06
8  3.0  0.0104286
8  2.5  0.0247072
8  3.5  0.00483355
8  4.0  0.00245236
8  4.5  0.0012923
8  5.0  0.000730365
8  5.5  0.000429309
8  6.5  0.000159902
8  6.0  0.000253523
8  7.5  6.76871e-05
8  7.0  0.000102837
8  8.5  3.11289e-05
8  8.0  4.64986e-05
8  9.0  2.18149e-05
8  10.0  1.08946e-05
8  9.5  1.55105e-05
8  10.5  8.0846e-06
8  11.0  5.77377e-06
8  11.5  4.23189e-06
8  12.0  3.21975e-06
