# diffractive D0 cross section, Pb target, HymnD fragmentation, An0n channel
# generated      : 2026-08-20 10:20:15 EEST
# calls          : 1e5 (VEGAS calls per point, see CALLS_EXCL/CALLS_EXCL_FACTORIZED/CALLS_DIFF)
# dipole samples : data/Pb/mve/glauber_mve_<b>
# pD0 sweep      : 0.2 0.3 0.4 0.5 0.6 0.7 0.8 0.9 1.0 1.1 1.2 1.3 1.4 1.5 1.6 1.7 1.8 1.9 2.0 2.5 3.0 3.5 4.0 4.5 5.0 5.5 6.0 6.5 7.0 7.5 8.0 8.5 9.0 9.5 10.0 10.5 11.0 11.5 12.0
# fixed rapidity y : 3.0
# ============================================================
# b  pD0  dsigma_dyd2pD0
0  0.3  0.0809116
0  0.4  0.100517
0  0.2  0.0536031
0  0.5  0.10864
0  0.6  0.10517
0  0.8  0.0791626
0  0.7  0.0936961
0  1.0  0.0495282
0  0.9  0.0626387
0  1.1  0.0382055
0  1.2  0.0294731
0  1.3  0.0224555
0  1.4  0.0169633
0  1.5  0.0127158
0  1.6  0.00958182
0  1.8  0.00563959
0  1.7  0.00742406
0  1.9  0.00425118
0  2.5  0.000882428
0  2.0  0.00326008
0  3.0  0.000267527
0  3.5  9.1819e-05
0  4.0  3.34013e-05
0  4.5  1.32456e-05
0  5.0  5.43779e-06
0  5.5  2.32677e-06
0  7.0  2.28598e-07
0  6.0  1.01994e-06
0  6.5  4.70074e-07
0  7.5  1.12953e-07
0  9.0  1.531e-08
0  8.5  2.81255e-08
0  8.0  5.56211e-08
0  10.0  4.34872e-09
0  9.5  8.05668e-09
10  0.2  0.0530696
0  10.5  2.44692e-09
10  0.3  0.0798446
10  0.4  0.0989404
10  0.5  0.106583
10  0.6  0.103267
10  0.7  0.0907748
10  0.8  0.0759445
10  0.9  0.0610379
0  11.5  7.66351e-10
0  11.0  1.3651e-09
10  1.0  0.0484405
10  1.1  0.0371659
10  1.2  0.0282658
10  1.4  0.0164559
10  1.3  0.0213737
10  1.5  0.0122553
10  1.8  0.00536886
10  1.6  0.00925485
10  1.7  0.0070161
10  1.9  0.00407807
10  2.0  0.00310418
10  2.5  0.000844509
10  3.0  0.00025936
10  3.5  8.70811e-05
0  12.0  4.35779e-10
10  4.0  3.26408e-05
10  4.5  1.19413e-05
10  5.0  5.11616e-06
10  5.5  2.1956e-06
10  6.0  9.7649e-07
10  6.5  4.4236e-07
10  7.0  2.17495e-07
10  7.5  1.09911e-07
10  8.0  5.454e-08
10  8.5  2.79899e-08
10  9.0  1.42844e-08
10  9.5  7.76552e-09
10  11.0  1.31438e-09
10  10.0  4.19319e-09
12  0.2  0.0536027
12  0.3  0.0799632
12  0.4  0.0992354
10  10.5  2.33088e-09
12  0.5  0.105379
12  0.6  0.101556
12  0.8  0.0748489
12  0.7  0.0893761
12  0.9  0.0608185
12  1.0  0.0478695
12  1.1  0.0365427
12  1.2  0.0277087
12  1.3  0.0209502
12  1.4  0.0158795
12  1.5  0.012264
12  1.7  0.00694734
12  1.8  0.0052837
12  1.6  0.00901623
12  1.9  0.0039656
12  2.0  0.00303626
12  2.5  0.000838799
12  3.0  0.000250268
12  3.5  8.50716e-05
10  11.5  7.12376e-10
10  12.0  4.14268e-10
12  4.0  3.11842e-05
12  4.5  1.21714e-05
12  5.0  5.12376e-06
12  5.5  2.17806e-06
12  6.0  9.54872e-07
12  6.5  4.39384e-07
12  7.0  2.1361e-07
12  7.5  1.02184e-07
12  9.0  1.43734e-08
12  9.5  7.5198e-09
12  8.0  5.32327e-08
12  10.0  4.17428e-09
12  8.5  2.71567e-08
14  0.2  0.0528689
14  0.3  0.0795146
14  0.4  0.0978088
14  0.5  0.103897
12  10.5  2.25732e-09
14  0.7  0.0874708
14  0.6  0.0998142
14  0.8  0.0734492
14  0.9  0.0591378
14  1.1  0.035048
14  1.0  0.0460683
12  11.0  1.28609e-09
14  1.2  0.0272561
14  1.4  0.0156673
14  1.3  0.0205542
14  1.5  0.0116999
14  1.6  0.00884495
14  1.7  0.00669026
14  1.9  0.00398667
14  1.8  0.00508491
14  2.0  0.00295941
12  11.5  7.0626e-10
14  2.5  0.000817047
14  3.0  0.000247248
14  3.5  8.3795e-05
12  12.0  4.00294e-10
14  4.0  3.08086e-05
14  4.5  1.18556e-05
14  5.0  4.72983e-06
14  5.5  2.10517e-06
14  7.0  2.0716e-07
14  7.5  1.03887e-07
14  6.0  9.25909e-07
14  6.5  4.28481e-07
14  8.0  5.14837e-08
14  8.5  2.6277e-08
14  10.0  3.9486e-09
14  9.0  1.32218e-08
14  9.5  7.29953e-09
16  0.2  0.0525239
16  0.3  0.0784444
16  0.4  0.0963033
16  0.5  0.103581
16  0.6  0.0973507
16  0.7  0.0869522
16  0.8  0.0702302
16  0.9  0.0575779
14  10.5  2.13316e-09
16  1.0  0.0451507
16  1.1  0.0346299
16  1.2  0.0262274
16  1.3  0.0199679
16  1.4  0.0151526
14  11.0  1.23242e-09
16  1.5  0.0114215
16  1.6  0.0085809
16  1.7  0.00638546
16  1.8  0.00494583
16  1.9  0.00376519
14  11.5  6.79265e-10
16  2.0  0.00285272
16  2.5  0.000794577
16  3.0  0.000236384
16  3.5  7.99509e-05
14  12.0  3.97016e-10
16  4.0  2.97589e-05
16  4.5  1.13726e-05
16  5.0  4.67366e-06
16  5.5  2.00085e-06
16  7.5  9.88698e-08
16  6.0  9.02301e-07
16  6.5  4.10503e-07
16  7.0  2.02452e-07
16  8.0  4.95524e-08
16  9.0  1.34063e-08
16  9.5  7.03919e-09
16  8.5  2.47146e-08
16  11.0  1.17774e-09
16  10.0  3.98537e-09
16  10.5  2.15848e-09
18  0.2  0.05198
18  0.3  0.0777058
18  0.4  0.0960271
18  0.5  0.100953
18  0.6  0.0967882
18  0.7  0.0843223
18  0.8  0.0703064
18  0.9  0.0559072
18  1.0  0.0438525
18  1.2  0.0253431
18  1.1  0.033489
18  1.3  0.0191725
18  1.4  0.0144379
18  1.6  0.00830221
18  1.5  0.0109558
18  1.7  0.00622557
18  1.8  0.00474557
18  1.9  0.00361414
18  2.0  0.00273828
18  2.5  0.000740997
18  3.0  0.000228341
18  3.5  7.75359e-05
16  11.5  6.67984e-10
16  12.0  3.83124e-10
18  4.0  2.81961e-05
18  4.5  1.10902e-05
18  5.0  4.53686e-06
18  5.5  1.93527e-06
18  6.0  8.20252e-07
18  7.0  1.90202e-07
18  6.5  4.01891e-07
18  7.5  9.55893e-08
18  8.0  4.76314e-08
18  9.5  6.80093e-09
18  10.0  3.7305e-09
18  9.0  1.23398e-08
18  8.5  2.43318e-08
2  0.2  0.0538662
2  0.3  0.0810343
2  0.4  0.101337
2  0.5  0.107884
2  0.6  0.104252
18  10.5  2.04139e-09
2  0.7  0.0925879
2  0.8  0.078121
2  0.9  0.0630643
2  1.0  0.0493829
2  1.1  0.0378003
2  1.2  0.0293683
18  11.0  1.10052e-09
2  1.3  0.0223099
2  1.4  0.0169241
2  1.6  0.00970342
2  1.5  0.0128904
2  1.8  0.00566793
2  1.7  0.00726925
2  1.9  0.0042585
2  2.0  0.00322671
18  11.5  6.3364e-10
2  2.5  0.00089612
2  3.5  9.13578e-05
2  3.0  0.000269508
18  12.0  3.57131e-10
2  4.0  3.36848e-05
2  4.5  1.33449e-05
2  5.0  5.41519e-06
2  5.5  2.31696e-06
2  7.0  2.21965e-07
2  6.0  1.03876e-06
2  6.5  4.69916e-07
2  7.5  1.13329e-07
2  9.0  1.5473e-08
2  8.5  2.92519e-08
2  8.0  5.54216e-08
2  10.0  4.3553e-09
2  9.5  7.96886e-09
20  0.2  0.0515885
2  10.5  2.44135e-09
20  0.3  0.0764801
20  0.4  0.0933242
20  0.5  0.0996771
20  0.6  0.0935412
20  0.7  0.0817039
20  0.8  0.0678349
20  0.9  0.0538103
2  11.0  1.35719e-09
20  1.0  0.0412689
20  1.1  0.032061
20  1.2  0.0241622
20  1.3  0.0182617
20  1.4  0.0138402
20  1.5  0.0104666
20  1.8  0.00457094
20  1.6  0.00784716
20  1.7  0.0059325
20  1.9  0.00340443
20  2.0  0.00258389
20  2.5  0.000693507
20  3.5  7.29961e-05
20  3.0  0.000216404
2  11.5  7.63905e-10
2  12.0  4.39031e-10
20  4.0  2.61975e-05
20  4.5  1.03965e-05
20  5.0  4.17526e-06
20  6.0  8.25491e-07
20  5.5  1.83596e-06
20  6.5  3.86125e-07
20  7.0  1.82529e-07
20  8.5  2.24435e-08
20  7.5  8.91935e-08
20  8.0  4.27639e-08
20  9.5  6.23376e-09
20  9.0  1.20093e-08
20  10.0  3.44053e-09
20  11.5  6.09658e-10
22  0.2  0.0508293
22  0.3  0.0751691
22  0.4  0.0917213
20  10.5  1.87691e-09
22  0.5  0.0971475
22  0.6  0.0901902
22  0.7  0.0784557
22  0.9  0.0506967
22  0.8  0.0647423
22  1.0  0.0398892
22  1.1  0.0302992
22  1.2  0.0228434
20  11.0  1.10134e-09
22  1.3  0.0170899
22  1.4  0.0129672
22  1.5  0.00987003
22  1.6  0.00740924
22  1.7  0.00572803
22  1.8  0.00411354
22  1.9  0.00318711
22  2.0  0.00243627
22  2.5  0.000674873
20  12.0  3.45505e-10
22  3.5  6.87632e-05
22  3.0  0.000199457
22  4.0  2.47999e-05
22  4.5  9.30866e-06
22  5.0  3.96562e-06
22  6.0  7.64608e-07
22  5.5  1.67989e-06
22  6.5  3.43547e-07
22  7.0  1.65816e-07
22  8.5  2.13956e-08
22  7.5  8.23788e-08
22  8.0  4.13385e-08
22  9.0  1.098e-08
22  9.5  5.94295e-09
22  10.0  3.27622e-09
22  10.5  1.79793e-09
24  0.2  0.0491498
24  0.3  0.0730984
24  0.4  0.0888647
24  0.5  0.091965
24  0.6  0.0857656
24  0.7  0.0744341
24  0.8  0.0602106
24  0.9  0.0472189
22  11.0  9.95496e-10
24  1.0  0.0371961
24  1.1  0.0282341
24  1.2  0.0211216
24  1.3  0.0162075
24  1.5  0.00900977
24  1.4  0.0120827
22  12.0  3.15768e-10
24  1.7  0.00512449
24  1.6  0.00675513
24  1.8  0.00387027
24  1.9  0.00292511
24  3.0  0.000177796
24  2.0  0.00219474
24  2.5  0.000602481
22  11.5  5.65763e-10
24  3.5  6.07007e-05
24  4.5  8.70134e-06
24  4.0  2.23275e-05
24  5.0  3.61059e-06
24  6.0  7.01336e-07
24  5.5  1.53253e-06
24  6.5  3.1965e-07
24  7.0  1.56198e-07
24  8.5  1.9601e-08
24  7.5  7.55179e-08
24  8.0  3.71002e-08
24  9.5  5.35158e-09
24  9.0  1.01141e-08
24  10.0  2.84431e-09
26  0.2  0.0485927
26  0.3  0.0708844
26  0.4  0.0850856
24  10.5  1.57279e-09
24  11.5  5.1194e-10
26  0.5  0.0867666
26  0.6  0.0800673
26  0.7  0.0682953
26  0.9  0.0433643
26  0.8  0.0555402
26  1.0  0.0336237
26  1.1  0.025524
26  1.2  0.0189774
24  11.0  9.0591e-10
26  1.3  0.014293
26  1.4  0.0106754
26  1.5  0.00807465
26  1.6  0.00599991
26  1.7  0.00444942
26  1.8  0.00337734
26  1.9  0.00256225
26  2.0  0.00197865
26  2.5  0.000539282
26  3.5  5.38102e-05
26  3.0  0.000167981
24  12.0  2.91221e-10
26  4.0  1.92665e-05
26  4.5  7.56114e-06
26  5.0  3.06335e-06
26  6.0  5.97431e-07
26  5.5  1.39717e-06
26  6.5  2.69753e-07
26  7.0  1.3356e-07
26  7.5  6.69663e-08
26  8.0  3.35544e-08
26  9.5  4.79096e-09
26  8.5  1.71214e-08
26  9.0  8.97544e-09
26  10.0  2.54853e-09
28  0.2  0.047013
28  0.3  0.0671421
28  0.4  0.0792956
28  0.5  0.0793868
26  10.5  1.41647e-09
28  0.6  0.0721057
28  0.8  0.0485128
28  0.7  0.0606986
28  1.0  0.0287192
28  0.9  0.0382218
28  1.1  0.0218567
28  1.2  0.0163062
28  1.3  0.0123683
28  1.4  0.00902179
28  1.5  0.00675214
28  1.6  0.00508361
28  1.7  0.00378255
28  1.8  0.00279585
28  1.9  0.00216752
26  11.0  8.01152e-10
28  2.0  0.0016468
28  3.0  0.00013296
28  2.5  0.000450966
28  3.5  4.55647e-05
26  11.5  4.50735e-10
26  12.0  2.5761e-10
28  4.5  6.54546e-06
28  4.0  1.68738e-05
28  5.0  2.65355e-06
28  5.5  1.09141e-06
28  6.0  5.05534e-07
28  7.0  1.09041e-07
28  6.5  2.38993e-07
28  7.5  5.38111e-08
28  8.0  2.83815e-08
28  9.0  7.65359e-09
28  8.5  1.47097e-08
28  10.0  2.22239e-09
28  9.5  4.04739e-09
30  0.2  0.0436593
30  0.3  0.0618253
30  0.4  0.0710237
30  0.5  0.0694642
30  0.6  0.0616479
30  0.7  0.0500062
30  0.8  0.0406979
30  1.0  0.0235799
30  0.9  0.0311532
30  1.1  0.0178693
28  10.5  1.16489e-09
30  1.3  0.00970694
30  1.2  0.013399
30  1.4  0.00719254
30  1.5  0.00555064
30  1.6  0.00403809
30  1.7  0.00302689
30  1.8  0.00228099
30  1.9  0.00171531
30  2.0  0.0013013
28  12.0  2.15273e-10
30  2.5  0.000348254
30  3.0  0.000109772
30  3.5  3.54678e-05
28  11.0  6.78089e-10
28  11.5  3.793e-10
30  4.0  1.31162e-05
30  4.5  4.84018e-06
30  5.0  1.98581e-06
30  5.5  8.49282e-07
30  6.0  4.00686e-07
30  6.5  1.84596e-07
30  7.0  8.89428e-08
30  7.5  4.34423e-08
30  8.0  2.18938e-08
30  9.5  3.12116e-09
30  10.0  1.68688e-09
30  8.5  1.13594e-08
30  9.0  5.89167e-09
32  0.2  0.0394962
32  0.3  0.0543363
32  0.4  0.0592603
32  0.5  0.0560535
32  0.6  0.0475894
32  0.7  0.0395225
32  0.8  0.0304082
30  10.5  9.40737e-10
32  0.9  0.0234255
30  11.5  3.00132e-10
32  1.0  0.0175951
32  1.1  0.0129446
32  1.2  0.00971718
32  1.3  0.00706528
32  1.4  0.00534213
32  1.5  0.00391101
32  1.6  0.00299263
30  11.0  5.23358e-10
32  1.7  0.00224614
30  12.0  1.67606e-10
32  1.8  0.0016622
32  2.0  0.000954542
32  1.9  0.00124112
32  3.0  7.77109e-05
32  2.5  0.000259235
32  3.5  2.59887e-05
32  4.0  9.54351e-06
32  4.5  3.42537e-06
32  5.0  1.4563e-06
32  5.5  6.06432e-07
32  6.0  2.7551e-07
32  6.5  1.32984e-07
32  8.0  1.54545e-08
32  7.0  6.32313e-08
32  7.5  3.11083e-08
32  8.5  7.95006e-09
32  9.0  4.23151e-09
32  10.0  1.21141e-09
32  9.5  2.25496e-09
4  0.2  0.0541745
4  0.3  0.0805168
4  0.4  0.100359
32  10.5  6.58925e-10
4  0.5  0.108525
4  0.6  0.103981
4  0.7  0.0935605
4  0.8  0.078469
4  0.9  0.0627567
4  1.1  0.038399
4  1.0  0.0498636
4  1.2  0.0294337
4  1.3  0.0223292
4  1.4  0.0166994
32  11.0  3.79006e-10
4  1.5  0.012819
32  11.5  2.13793e-10
4  1.6  0.00963363
4  1.7  0.00743558
4  1.9  0.00421358
4  1.8  0.00554957
4  2.0  0.00324082
4  2.5  0.000891628
4  3.5  9.19328e-05
4  3.0  0.00026784
32  12.0  1.17732e-10
4  4.0  3.35385e-05
4  4.5  1.25543e-05
4  5.0  5.17206e-06
4  5.5  2.24923e-06
4  7.0  2.26986e-07
4  6.0  9.93012e-07
4  6.5  4.67573e-07
4  7.5  1.11873e-07
4  9.0  1.49683e-08
4  8.5  3.02195e-08
4  8.0  5.67147e-08
4  9.5  8.00837e-09
4  11.0  1.34898e-09
4  10.0  4.34277e-09
6  0.2  0.0538491
6  0.3  0.0798095
6  0.4  0.100181
4  10.5  2.41108e-09
6  0.6  0.104047
6  0.5  0.107744
6  0.7  0.0920683
6  0.8  0.0775845
6  0.9  0.0624753
6  1.0  0.0491796
6  1.2  0.0287806
6  1.1  0.0381166
6  1.4  0.0166636
6  1.3  0.0219096
6  1.5  0.0125606
6  1.6  0.00949866
6  1.7  0.00730973
6  1.9  0.00420552
6  1.8  0.00549239
6  2.0  0.00320394
6  2.5  0.000888404
6  3.0  0.000265707
6  3.5  8.98878e-05
4  11.5  7.58621e-10
4  12.0  4.37891e-10
6  4.0  3.37926e-05
6  4.5  1.28738e-05
6  5.0  5.09491e-06
6  6.5  4.6206e-07
6  5.5  2.19389e-06
6  7.0  2.28083e-07
6  6.0  1.01445e-06
6  7.5  1.12185e-07
6  9.0  1.45983e-08
6  8.0  5.61536e-08
6  8.5  2.84846e-08
6  9.5  8.02665e-09
6  10.0  4.33622e-09
8  0.2  0.0530751
8  0.3  0.0803923
6  10.5  2.41512e-09
8  0.4  0.0996673
8  0.5  0.10801
8  0.6  0.10286
8  0.7  0.0912336
8  0.8  0.0761043
8  0.9  0.0619878
8  1.0  0.048599
8  1.1  0.0375854
8  1.2  0.0289868
8  1.4  0.0162788
8  1.3  0.0218276
8  1.5  0.0126885
8  1.6  0.00943297
8  1.7  0.00711362
8  1.8  0.00542061
6  11.0  1.32161e-09
8  1.9  0.00411901
8  2.0  0.00316214
8  2.5  0.000871168
8  3.0  0.000263284
8  3.5  8.98981e-05
6  11.5  7.46747e-10
6  12.0  4.29407e-10
8  4.0  3.25567e-05
8  4.5  1.29104e-05
8  5.0  5.27481e-06
8  5.5  2.15871e-06
8  7.0  2.16606e-07
8  6.0  1.05009e-06
8  7.5  1.09824e-07
8  6.5  4.51244e-07
8  8.5  2.8386e-08
8  9.5  7.67684e-09
8  8.0  5.56913e-08
8  10.5  2.35556e-09
8  9.0  1.45369e-08
8  11.0  1.31032e-09
8  10.0  4.2023e-09
8  11.5  7.43314e-10
8  12.0  4.25112e-10
