# diffractive D0 cross section, Pb target, LHAPDF fragmentation, An0n channel
# generated      : 2026-08-20 10:20:13 EEST
# calls          : 1e5 (VEGAS calls per point, see CALLS_EXCL/CALLS_EXCL_FACTORIZED/CALLS_DIFF)
# dipole samples : data/Pb/mve/glauber_mve_<b>
# pD0 sweep      : 0.2 0.3 0.4 0.5 0.6 0.7 0.8 0.9 1.0 1.1 1.2 1.3 1.4 1.5 1.6 1.7 1.8 1.9 2.0 2.5 3.0 3.5 4.0 4.5 5.0 5.5 6.0 6.5 7.0 7.5 8.0 8.5 9.0 9.5 10.0 10.5 11.0 11.5 12.0
# fixed rapidity y : 1.0
# ============================================================
# b  pD0  dsigma_dyd2pD0
0  0.2  0.370217
0  0.3  0.548652
0  0.5  0.793819
0  0.4  0.700893
0  0.6  0.812234
0  0.7  0.768225
0  0.9  0.610337
0  0.8  0.687149
0  1.2  0.347689
0  1.0  0.508487
0  1.1  0.422821
0  1.3  0.281291
0  1.6  0.151991
0  1.4  0.228465
0  1.5  0.186476
0  1.7  0.122245
0  1.8  0.0994738
0  1.9  0.0811092
0  2.5  0.0258471
0  2.0  0.0659572
0  3.0  0.0112752
0  3.5  0.00510008
0  4.0  0.00257581
0  5.0  0.000782165
0  4.5  0.00138557
0  5.5  0.000457892
0  6.0  0.000278239
0  6.5  0.000174207
0  7.0  0.000111253
0  8.0  4.93386e-05
0  7.5  7.38338e-05
0  9.0  2.33224e-05
0  8.5  3.33883e-05
0  10.0  1.21613e-05
0  9.5  1.67847e-05
0  11.0  6.47149e-06
10  0.2  0.364033
10  0.3  0.544947
10  0.4  0.696918
0  10.5  8.69152e-06
10  0.5  0.778237
10  0.6  0.80029
10  0.8  0.672868
10  0.7  0.757185
10  0.9  0.575937
10  1.0  0.491167
10  1.1  0.404894
0  11.5  4.80515e-06
10  1.2  0.333688
10  1.3  0.268836
10  1.4  0.220992
10  1.5  0.177082
10  1.6  0.14379
10  1.7  0.116209
10  1.8  0.0950496
10  1.9  0.0769801
10  2.0  0.0625048
10  3.0  0.010591
10  2.5  0.0248223
10  3.5  0.00486775
0  12.0  3.51088e-06
10  4.0  0.00244671
10  4.5  0.00132783
10  5.0  0.000745943
10  5.5  0.000439005
10  6.0  0.000258651
10  7.0  0.000105604
10  7.5  7.08285e-05
10  6.5  0.000164785
10  9.0  2.23414e-05
10  8.0  4.70892e-05
10  8.5  3.22559e-05
10  9.5  1.62992e-05
10  10.0  1.12725e-05
12  0.2  0.368757
12  0.3  0.537124
10  10.5  8.43945e-06
12  0.4  0.691798
12  0.5  0.779833
10  11.5  4.45002e-06
12  0.6  0.78555
12  0.7  0.739124
12  0.8  0.663468
12  0.9  0.567155
12  1.0  0.484531
10  11.0  6.00914e-06
12  1.1  0.399435
12  1.2  0.327139
12  1.3  0.264735
12  1.4  0.215133
12  1.6  0.13855
12  1.5  0.173411
12  1.7  0.11439
12  1.8  0.0925496
12  2.0  0.0621424
12  1.9  0.0755816
12  2.5  0.0243256
12  3.0  0.0104432
12  3.5  0.00480801
12  4.0  0.00239983
10  12.0  3.43097e-06
12  4.5  0.00129575
12  5.0  0.000738082
12  6.5  0.000156595
12  5.5  0.000430519
12  7.0  0.000103977
12  6.0  0.00026051
12  7.5  6.62565e-05
12  8.0  4.55865e-05
12  9.0  2.18221e-05
12  8.5  3.09308e-05
12  9.5  1.53805e-05
12  10.0  1.10962e-05
14  0.2  0.360851
14  0.3  0.534306
12  10.5  8.27835e-06
14  0.5  0.764879
14  0.4  0.691008
14  0.6  0.770931
14  0.7  0.730401
14  0.8  0.653441
14  0.9  0.557721
14  1.0  0.473072
14  1.1  0.388558
12  11.5  4.36054e-06
14  1.2  0.31918
14  1.3  0.262277
14  1.4  0.210445
14  1.5  0.1699
12  11.0  5.87098e-06
14  1.6  0.13687
14  1.8  0.0897051
14  1.7  0.111405
14  1.9  0.0740915
14  2.0  0.060223
14  2.5  0.0233139
14  3.0  0.00999002
14  3.5  0.00464157
12  12.0  3.35172e-06
14  4.5  0.00126096
14  4.0  0.00235058
14  5.0  0.000705283
14  5.5  0.000418975
14  6.5  0.000157089
14  7.0  0.000100195
14  6.0  0.000244626
14  7.5  6.51217e-05
14  8.0  4.49259e-05
14  9.0  2.14209e-05
14  8.5  3.12125e-05
14  9.5  1.49355e-05
14  10.0  1.05773e-05
16  0.2  0.362484
14  10.5  7.97671e-06
14  11.0  5.59631e-06
16  0.3  0.533994
16  0.4  0.672952
16  0.5  0.75969
16  0.6  0.761422
16  0.7  0.722954
16  0.8  0.633832
16  0.9  0.543272
16  1.0  0.460901
16  1.1  0.379012
16  1.2  0.307905
16  1.3  0.254077
16  1.5  0.164007
16  1.4  0.202475
16  1.6  0.133792
16  1.7  0.107875
16  1.8  0.0876752
16  1.9  0.0708543
16  2.0  0.0577652
16  3.0  0.00956832
16  2.5  0.0225136
14  11.5  4.20593e-06
16  3.5  0.00446343
14  12.0  3.15686e-06
16  4.5  0.00121069
16  4.0  0.00224943
16  5.0  0.000688349
16  6.0  0.000240904
16  5.5  0.000399644
16  6.5  0.0001527
16  7.0  9.70994e-05
16  7.5  6.40135e-05
16  8.0  4.24369e-05
16  9.0  2.07517e-05
16  8.5  2.90243e-05
16  9.5  1.4154e-05
16  10.0  1.02444e-05
18  0.2  0.35358
18  0.3  0.524007
16  11.0  5.5314e-06
18  0.4  0.664395
18  0.5  0.742218
18  0.6  0.74473
18  0.7  0.689947
18  0.8  0.619504
16  10.5  7.53646e-06
18  0.9  0.527835
18  1.0  0.445229
18  1.1  0.366081
18  1.2  0.298952
18  1.3  0.243856
18  1.5  0.159756
18  1.4  0.195835
18  1.6  0.127302
18  1.8  0.0841493
18  1.7  0.103038
18  1.9  0.0684238
18  2.5  0.021523
18  2.0  0.0560386
18  3.5  0.00425916
18  3.0  0.00917415
16  11.5  4.07764e-06
16  12.0  3.10496e-06
18  4.5  0.00116654
18  5.0  0.000655208
18  6.0  0.000229906
18  4.0  0.00215928
18  5.5  0.000379553
18  6.5  0.000144173
18  7.5  6.21868e-05
18  7.0  9.14802e-05
18  8.0  3.8976e-05
18  8.5  2.76642e-05
18  9.0  1.95078e-05
18  9.5  1.35895e-05
18  10.0  9.89975e-06
18  11.0  5.21805e-06
2  0.2  0.373489
2  0.3  0.548529
2  0.4  0.710087
2  0.5  0.789122
18  10.5  7.10164e-06
2  0.6  0.812093
2  0.7  0.769464
2  0.8  0.688431
2  0.9  0.597257
2  1.0  0.509741
2  1.1  0.419574
2  1.2  0.343912
2  1.3  0.280681
2  1.4  0.228476
2  1.5  0.187526
2  1.6  0.151961
2  1.7  0.121787
2  1.8  0.0988596
2  1.9  0.0799835
2  2.0  0.065667
2  2.5  0.0257024
18  11.5  3.87238e-06
2  3.0  0.0109483
2  3.5  0.00507884
2  4.0  0.0025999
2  5.0  0.00078275
18  12.0  2.91626e-06
2  4.5  0.00137482
2  6.0  0.000278684
2  5.5  0.000452612
2  6.5  0.000170136
2  7.0  0.000112112
2  8.0  5.03809e-05
2  7.5  7.24972e-05
2  9.0  2.35626e-05
2  8.5  3.27494e-05
2  10.0  1.18547e-05
2  9.5  1.70609e-05
2  11.0  6.49622e-06
20  0.2  0.353802
20  0.3  0.515591
2  10.5  8.82141e-06
20  0.4  0.65563
20  0.5  0.725479
20  0.6  0.724858
20  0.7  0.672258
20  0.8  0.601342
2  11.5  4.79938e-06
20  0.9  0.505089
20  1.0  0.431175
20  1.1  0.350359
20  1.2  0.284794
20  1.3  0.22924
20  1.4  0.184115
20  1.6  0.122181
20  1.5  0.150309
20  1.8  0.0782933
20  1.7  0.0973993
20  2.0  0.0527061
20  2.5  0.020523
20  1.9  0.0648913
20  3.5  0.00402437
20  3.0  0.00864249
20  4.5  0.00105723
2  12.0  3.48771e-06
20  6.0  0.000214481
20  4.0  0.00205899
20  5.0  0.000620942
20  5.5  0.000363445
20  6.5  0.000134887
20  7.5  5.74144e-05
20  7.0  8.4476e-05
20  8.0  3.86082e-05
20  8.5  2.66423e-05
20  9.5  1.30037e-05
20  9.0  1.89311e-05
20  10.0  9.5088e-06
22  0.2  0.348059
20  10.5  6.84931e-06
22  0.3  0.509156
22  0.4  0.640754
22  0.5  0.707656
22  0.6  0.70502
22  0.7  0.646558
22  0.8  0.56759
22  0.9  0.486921
22  1.0  0.406263
22  1.1  0.331965
22  1.3  0.219471
22  1.2  0.267545
22  1.4  0.173498
20  11.0  4.9343e-06
22  1.5  0.140377
22  1.6  0.113459
22  1.7  0.0907948
22  1.8  0.0734304
22  1.9  0.0601199
22  2.0  0.0492756
22  2.5  0.0189268
22  3.0  0.00814051
22  3.5  0.00371954
20  11.5  3.71952e-06
22  4.5  0.00102407
20  12.0  2.82849e-06
22  4.0  0.00189975
22  5.0  0.000566772
22  6.5  0.000124251
22  5.5  0.000336876
22  6.0  0.000205178
22  7.0  8.07652e-05
22  7.5  5.38704e-05
22  8.0  3.43949e-05
22  8.5  2.47369e-05
22  9.5  1.20936e-05
22  9.0  1.71455e-05
22  10.0  8.54156e-06
22  10.5  6.23863e-06
24  0.2  0.340229
24  0.3  0.492779
22  11.0  4.54845e-06
24  0.4  0.614764
24  0.5  0.679819
24  0.6  0.662923
24  0.7  0.614593
24  0.8  0.537798
24  0.9  0.448943
24  1.0  0.374904
24  1.1  0.306908
24  1.2  0.249549
24  1.3  0.198939
24  1.4  0.16089
24  1.6  0.10272
24  1.5  0.129622
24  1.8  0.067092
24  1.7  0.084301
24  1.9  0.054619
24  2.0  0.0453482
22  11.5  3.47563e-06
24  2.5  0.0171512
24  3.0  0.00729492
24  3.5  0.00344533
22  12.0  2.54732e-06
24  4.5  0.000947212
24  5.0  0.000516858
24  4.0  0.00173506
24  6.0  0.000186629
24  5.5  0.000300631
24  6.5  0.000116603
24  7.0  7.44837e-05
24  7.5  4.64136e-05
24  8.0  3.18231e-05
24  9.0  1.55345e-05
24  8.5  2.25955e-05
24  9.5  1.09406e-05
24  10.5  5.72587e-06
24  10.0  7.77721e-06
26  0.2  0.331636
26  0.3  0.473022
24  11.0  4.2957e-06
26  0.4  0.590995
26  0.5  0.632101
26  0.6  0.619827
26  0.7  0.567247
26  0.8  0.483992
26  1.0  0.338702
26  0.9  0.40953
26  1.2  0.22286
26  1.1  0.270628
26  1.3  0.176662
26  1.4  0.143111
26  1.5  0.114811
26  1.6  0.0916531
26  1.7  0.0743264
26  1.8  0.0606148
26  1.9  0.0486776
26  2.5  0.0156207
26  2.0  0.0401151
26  3.0  0.00649578
24  11.5  3.11066e-06
26  3.5  0.00308934
24  12.0  2.41076e-06
26  4.0  0.00152189
26  4.5  0.000812894
26  5.0  0.000455664
26  6.0  0.000162445
26  5.5  0.000258896
26  6.5  0.000101536
26  7.0  6.52494e-05
26  7.5  4.26286e-05
26  8.0  2.87577e-05
26  9.0  1.36821e-05
26  8.5  1.9743e-05
26  9.5  9.66086e-06
26  10.5  5.00358e-06
26  10.0  6.94216e-06
28  0.2  0.313818
28  0.3  0.45001
28  0.4  0.545609
26  11.0  3.67725e-06
28  0.5  0.582282
28  0.6  0.555964
28  0.8  0.433254
28  0.7  0.499651
28  0.9  0.357259
28  1.0  0.291045
28  1.1  0.23969
28  1.3  0.151774
28  1.2  0.190887
28  1.4  0.121469
28  1.5  0.0972611
28  1.6  0.0778763
28  1.7  0.0630164
28  1.8  0.050172
28  1.9  0.0414703
28  2.0  0.033925
28  2.5  0.0125761
28  3.0  0.00547807
28  3.5  0.00257384
26  11.5  2.7035e-06
26  12.0  2.01881e-06
28  4.5  0.000694669
28  5.0  0.000385554
28  4.0  0.00129529
28  5.5  0.000224647
28  6.5  8.38192e-05
28  6.0  0.000136759
28  8.0  2.41824e-05
28  7.0  5.38857e-05
28  7.5  3.60486e-05
28  8.5  1.63548e-05
28  9.5  8.088e-06
28  9.0  1.1411e-05
28  10.0  5.84835e-06
30  0.2  0.290102
30  0.3  0.412323
30  0.4  0.49141
28  10.5  4.21687e-06
30  0.5  0.503428
30  0.6  0.473621
30  0.7  0.418804
30  0.8  0.354297
28  11.5  2.28158e-06
30  0.9  0.290493
30  1.0  0.234461
30  1.1  0.190437
28  11.0  3.08086e-06
30  1.3  0.121645
30  1.2  0.152445
30  1.4  0.0969821
30  1.5  0.0781086
30  1.6  0.0614929
28  12.0  1.72743e-06
30  1.7  0.0500864
30  1.9  0.0329392
30  1.8  0.0400822
30  2.0  0.0260815
30  2.5  0.0102177
30  3.0  0.0043449
30  3.5  0.00201102
30  5.0  0.000305462
30  4.0  0.00100755
30  4.5  0.00052025
30  5.5  0.000176525
30  6.5  6.6699e-05
30  6.0  0.000106847
30  7.0  4.18391e-05
30  7.5  2.76805e-05
30  8.0  1.85418e-05
30  8.5  1.26946e-05
30  9.5  6.24949e-06
30  9.0  8.8614e-06
30  10.0  4.49846e-06
32  0.2  0.261859
30  11.0  2.40897e-06
32  0.3  0.357302
30  10.5  3.29786e-06
32  0.4  0.405839
32  0.5  0.405688
32  0.6  0.370622
32  0.7  0.321113
32  0.8  0.269584
32  0.9  0.217427
30  11.5  1.77426e-06
32  1.1  0.142002
32  1.0  0.175056
32  1.2  0.111525
32  1.3  0.0890079
32  1.4  0.0709221
32  1.6  0.045832
32  1.5  0.056242
32  1.7  0.0356896
32  1.8  0.0286664
32  1.9  0.0232321
32  2.0  0.0193866
32  2.5  0.00735845
32  3.0  0.00308065
32  3.5  0.0014277
32  4.5  0.000375127
30  12.0  1.35379e-06
32  5.0  0.000216153
32  4.0  0.000727969
32  5.5  0.000124169
32  6.0  7.52417e-05
32  6.5  4.66952e-05
32  7.0  3.01526e-05
32  8.0  1.3252e-05
32  7.5  1.98542e-05
32  8.5  9.08053e-06
32  9.0  6.27637e-06
32  10.0  3.18602e-06
32  9.5  4.46397e-06
32  10.5  2.32536e-06
4  0.2  0.367806
4  0.3  0.547108
4  0.4  0.708801
4  0.5  0.791332
4  0.6  0.817237
32  11.0  1.71519e-06
4  0.7  0.77511
4  0.8  0.685255
4  0.9  0.597987
4  1.0  0.500432
4  1.1  0.416987
4  1.2  0.342969
4  1.3  0.280714
4  1.4  0.22508
4  1.6  0.152028
4  1.5  0.186512
4  1.7  0.121524
4  1.8  0.0974238
4  1.9  0.0790948
4  2.0  0.0657655
32  12.0  9.45728e-07
4  3.0  0.010953
4  2.5  0.0256771
4  3.5  0.00510563
32  11.5  1.29897e-06
4  4.0  0.00255832
4  5.0  0.000726507
4  4.5  0.00137933
4  5.5  0.000457235
4  6.0  0.000277249
4  6.5  0.000167935
4  7.0  0.000112173
4  8.0  4.90061e-05
4  7.5  7.22703e-05
4  9.0  2.33625e-05
4  8.5  3.32967e-05
4  9.5  1.69031e-05
4  10.0  1.20903e-05
4  11.0  6.3971e-06
6  0.2  0.367628
4  10.5  8.60371e-06
6  0.3  0.550073
6  0.4  0.706379
6  0.5  0.796053
6  0.6  0.802215
6  0.8  0.685367
6  0.7  0.758503
6  0.9  0.589056
6  1.0  0.501638
4  11.5  4.62728e-06
6  1.1  0.415407
6  1.2  0.342126
6  1.3  0.276006
6  1.4  0.225045
6  1.7  0.124052
6  1.5  0.183616
6  1.6  0.149478
6  1.8  0.0973804
6  1.9  0.0789532
6  2.0  0.0648429
6  2.5  0.0256902
6  3.0  0.0108671
6  3.5  0.0050173
6  4.0  0.00253702
4  12.0  3.5048e-06
6  5.0  0.000775624
6  4.5  0.00135985
6  6.0  0.000266118
6  5.5  0.000452131
6  6.5  0.000166188
6  7.0  0.000109747
6  7.5  7.37188e-05
6  9.0  2.31356e-05
6  8.0  4.79621e-05
6  8.5  3.27065e-05
6  9.5  1.64851e-05
6  10.0  1.17595e-05
6  11.0  6.22032e-06
8  0.2  0.365077
8  0.3  0.546521
6  10.5  8.51206e-06
8  0.4  0.703612
8  0.5  0.797844
8  0.6  0.803802
8  0.7  0.757941
6  11.5  4.70956e-06
8  0.8  0.684746
8  0.9  0.588884
8  1.0  0.494084
8  1.1  0.409816
8  1.3  0.277301
8  1.2  0.336907
8  1.4  0.223657
8  1.5  0.180144
8  1.6  0.146077
8  1.8  0.0954293
8  1.7  0.118168
8  2.0  0.0640504
8  1.9  0.0781448
8  3.0  0.0106695
8  2.5  0.0249345
8  3.5  0.0050016
8  5.0  0.000756254
6  12.0  3.45567e-06
8  4.0  0.00248681
8  4.5  0.0013398
8  5.5  0.000446308
8  6.0  0.000272343
8  6.5  0.00016758
8  7.0  0.000107428
8  7.5  7.14478e-05
8  8.0  4.80005e-05
8  9.0  2.23794e-05
8  8.5  3.22981e-05
8  9.5  1.62452e-05
8  10.0  1.15293e-05
8  10.5  8.56418e-06
8  11.5  4.51474e-06
8  11.0  6.32667e-06
8  12.0  3.36255e-06
