# diffractive D0 cross section, Pb target, LHAPDF fragmentation, An0n channel
# generated      : 2026-08-19 15:24:08 EEST
# calls          : 1e5 (VEGAS calls per point, see CALLS_EXCL/CALLS_EXCL_FACTORIZED/CALLS_DIFF)
# dipole samples : data/Pb/bk_posterior/member_0026/glauber_mve_<b>
# pD0 sweep      : 0.2 0.3 0.4 0.5 0.6 0.7 0.8 0.9 1.0 1.1 1.2 1.3 1.4 1.5 1.6 1.7 1.8 1.9 2.0 2.5 3.0 3.5 4.0 4.5 5.0 5.5 6.0 6.5 7.0 7.5 8.0 8.5 9.0 9.5 10.0 10.5 11.0 11.5 12.0
# fixed rapidity y : 2.0
# ============================================================
# b  pD0  dsigma_dyd2pD0
0  0.2  0.220447
0  0.3  0.320389
0  0.4  0.402097
0  0.5  0.430163
0  0.6  0.429808
0  0.8  0.343585
0  0.9  0.29575
0  0.7  0.396783
0  1.0  0.244924
0  1.1  0.197873
0  1.2  0.160555
0  1.3  0.130622
0  1.5  0.0819789
0  1.4  0.104282
0  1.7  0.0542574
0  1.8  0.0432944
0  1.6  0.0678184
0  1.9  0.0345562
0  2.0  0.0281412
0  2.5  0.0104776
0  3.0  0.00435605
0  3.5  0.00185367
0  4.0  0.00090024
0  4.5  0.000453042
0  5.0  0.000244893
0  5.5  0.000134688
0  6.0  7.58536e-05
0  7.0  2.72789e-05
0  6.5  4.47798e-05
0  8.0  1.05508e-05
0  7.5  1.62545e-05
0  8.5  6.97618e-06
0  9.0  4.62646e-06
0  9.5  3.00522e-06
0  10.0  2.075e-06
0  10.5  1.4229e-06
10  0.2  0.215574
0  11.5  6.83337e-07
10  0.3  0.31776
10  0.4  0.388767
10  0.5  0.429089
10  0.6  0.413881
10  0.7  0.388818
10  0.8  0.339374
10  0.9  0.288496
10  1.0  0.234605
10  1.1  0.191596
10  1.2  0.155021
10  1.3  0.124441
10  1.4  0.0983711
10  1.5  0.0797235
10  1.6  0.0645383
10  1.7  0.05085
10  1.9  0.0334237
10  1.8  0.0406651
10  2.5  0.00973327
10  2.0  0.0269214
0  11.0  9.86298e-07
10  3.0  0.00419027
10  3.5  0.00177615
0  12.0  4.79175e-07
10  4.0  0.000847731
10  4.5  0.000429595
10  5.0  0.000230964
10  5.5  0.000123747
10  7.0  2.57024e-05
10  6.0  7.2428e-05
10  6.5  4.27021e-05
10  7.5  1.57494e-05
10  8.0  1.03846e-05
10  8.5  6.60991e-06
10  9.0  4.3535e-06
10  9.5  2.92162e-06
12  0.2  0.219118
12  0.3  0.315034
10  10.0  1.96626e-06
12  0.4  0.39083
12  0.5  0.419478
12  0.6  0.414939
12  0.7  0.386391
12  0.8  0.331101
12  0.9  0.281379
12  1.0  0.232926
12  1.1  0.188408
10  10.5  1.32484e-06
12  1.2  0.152955
12  1.3  0.121593
12  1.4  0.0974904
12  1.5  0.0780835
12  1.6  0.0613479
12  1.7  0.0499134
10  11.0  9.3293e-07
12  1.8  0.041154
12  1.9  0.0323413
12  2.0  0.0259576
12  2.5  0.00969123
12  3.0  0.00394795
12  3.5  0.0017623
10  11.5  6.47158e-07
10  12.0  4.6049e-07
12  4.0  0.000821933
12  4.5  0.00042159
12  5.0  0.000226802
12  5.5  0.000122569
12  6.5  4.10476e-05
12  6.0  6.89868e-05
12  7.0  2.5837e-05
12  7.5  1.59224e-05
12  8.0  9.96808e-06
12  9.5  2.84075e-06
12  8.5  6.32767e-06
12  9.0  4.1721e-06
12  11.0  9.12899e-07
14  0.2  0.215229
14  0.3  0.312652
12  10.0  1.95451e-06
14  0.4  0.384775
14  0.5  0.419618
14  0.6  0.407744
12  10.5  1.30984e-06
14  0.7  0.37102
14  0.8  0.32412
14  0.9  0.276145
14  1.1  0.185079
14  1.0  0.226188
14  1.2  0.147709
14  1.4  0.0953938
14  1.3  0.1189
14  1.5  0.0758585
14  1.6  0.0613918
14  1.7  0.0490298
14  1.8  0.0394472
14  1.9  0.0317725
14  2.0  0.0255846
14  2.5  0.00955948
14  3.0  0.00379657
14  3.5  0.00170331
12  11.5  6.46512e-07
12  12.0  4.48002e-07
14  4.0  0.000792083
14  4.5  0.000413483
14  5.0  0.000219677
14  5.5  0.000120171
14  6.0  6.84119e-05
14  7.0  2.46452e-05
14  6.5  4.05469e-05
14  7.5  1.54157e-05
14  9.5  2.78822e-06
14  8.0  9.75465e-06
14  8.5  6.2973e-06
14  9.0  4.16335e-06
14  11.0  8.86967e-07
14  11.5  6.29807e-07
16  0.2  0.212511
16  0.3  0.31191
16  0.4  0.385721
16  0.5  0.41503
14  10.0  1.85963e-06
16  0.6  0.401243
16  0.7  0.364697
16  0.8  0.319946
14  10.5  1.2872e-06
16  0.9  0.269404
16  1.0  0.220268
16  1.2  0.145411
16  1.1  0.178846
16  1.3  0.116507
16  1.4  0.0908376
16  1.5  0.0745663
16  1.6  0.0595487
16  1.8  0.0380366
16  1.7  0.0476668
16  2.0  0.0247969
16  2.5  0.00926882
16  1.9  0.0307313
16  3.5  0.00166024
16  3.0  0.00365442
14  12.0  4.40196e-07
16  4.0  0.000781726
16  4.5  0.000392318
16  5.0  0.000212661
16  5.5  0.000115332
16  7.0  2.40988e-05
16  6.0  6.82853e-05
16  6.5  3.87828e-05
16  7.5  1.47313e-05
16  9.5  2.69185e-06
16  8.0  9.37198e-06
16  8.5  5.76645e-06
16  9.0  4.00377e-06
16  11.0  8.51745e-07
16  10.5  1.2519e-06
18  0.2  0.210029
18  0.3  0.308687
18  0.4  0.376687
16  10.0  1.79963e-06
18  0.5  0.403956
18  0.6  0.395982
18  0.7  0.363297
18  0.8  0.311504
18  0.9  0.263488
18  1.0  0.214174
18  1.1  0.172158
18  1.2  0.13985
18  1.3  0.111994
18  1.4  0.0881865
18  1.5  0.0707663
18  1.6  0.0564605
18  1.7  0.0455607
18  1.8  0.0366385
18  1.9  0.0294498
18  2.5  0.00883418
18  2.0  0.0239418
18  3.0  0.00349836
18  3.5  0.00157161
16  11.5  5.98161e-07
16  12.0  4.26827e-07
18  4.0  0.000733358
18  4.5  0.00038287
18  5.0  0.00020175
18  6.0  6.4151e-05
18  5.5  0.000111251
18  7.0  2.2736e-05
18  6.5  3.73355e-05
18  7.5  1.4017e-05
18  8.0  8.96122e-06
18  8.5  5.82359e-06
18  9.5  2.56052e-06
18  9.0  3.80489e-06
18  10.0  1.69634e-06
2  0.2  0.220599
2  0.3  0.320153
2  0.4  0.401315
18  10.5  1.18316e-06
2  0.5  0.433724
2  0.6  0.423972
2  0.7  0.397288
2  0.8  0.345976
2  0.9  0.292105
2  1.0  0.242084
2  1.1  0.197651
2  1.3  0.128394
18  11.0  8.25482e-07
2  1.2  0.15995
2  1.4  0.104329
2  1.5  0.0814793
2  1.7  0.0533915
2  1.6  0.0666901
2  1.8  0.0434197
2  1.9  0.0358436
2  2.5  0.0105927
2  2.0  0.0283727
2  3.0  0.00437684
2  3.5  0.00195637
18  11.5  5.6344e-07
18  12.0  4.05247e-07
2  4.0  0.000883545
2  4.5  0.000452107
2  5.0  0.000241261
2  5.5  0.000123592
2  6.0  7.55467e-05
2  7.0  2.6996e-05
2  6.5  4.49805e-05
2  8.0  1.04983e-05
2  7.5  1.68158e-05
2  8.5  6.96797e-06
2  9.0  4.6221e-06
2  9.5  3.05353e-06
2  11.5  6.91743e-07
2  10.0  2.05715e-06
20  0.2  0.208905
20  0.3  0.302087
20  0.4  0.371292
20  0.5  0.394619
2  10.5  1.42333e-06
20  0.6  0.379166
20  0.7  0.350311
20  0.8  0.300074
20  0.9  0.253291
20  1.0  0.205364
20  1.1  0.165718
20  1.2  0.132802
20  1.3  0.106857
20  1.4  0.0835266
2  11.0  9.93646e-07
20  1.5  0.0667271
20  1.6  0.0541688
20  1.7  0.0424523
20  1.8  0.0346636
20  1.9  0.027826
20  2.0  0.0228425
20  2.5  0.0083038
20  3.0  0.00332758
20  3.5  0.0014691
2  12.0  4.80428e-07
20  4.5  0.000356624
20  5.0  0.000184304
20  4.0  0.000707925
20  5.5  0.000102721
20  6.0  5.92401e-05
20  7.0  2.15018e-05
20  6.5  3.52096e-05
20  7.5  1.34926e-05
20  8.0  8.48348e-06
20  8.5  5.37738e-06
20  9.0  3.54864e-06
20  9.5  2.43386e-06
20  10.0  1.62883e-06
20  11.0  7.61486e-07
22  0.2  0.205539
22  0.3  0.296612
22  0.4  0.360941
22  0.5  0.382677
22  0.6  0.361356
22  0.7  0.331784
22  0.9  0.237189
22  0.8  0.286022
22  1.0  0.19505
22  1.1  0.156804
20  10.5  1.12371e-06
22  1.2  0.125203
22  1.3  0.0998126
22  1.4  0.0791409
22  1.5  0.0622441
22  1.6  0.0508985
22  1.7  0.0400055
22  1.8  0.0323556
22  1.9  0.026199
22  2.0  0.0211717
22  2.5  0.00772033
22  3.0  0.00308851
22  3.5  0.00140407
20  11.5  5.43497e-07
20  12.0  3.71441e-07
22  4.5  0.00033206
22  5.5  9.71109e-05
22  4.0  0.000658168
22  5.0  0.000171864
22  6.0  5.62873e-05
22  6.5  3.25673e-05
22  7.0  2.00028e-05
22  7.5  1.23843e-05
22  8.0  7.87717e-06
22  8.5  5.0873e-06
22  10.0  1.49599e-06
22  9.0  3.33817e-06
22  9.5  2.2461e-06
24  0.2  0.202432
24  0.3  0.291503
22  10.5  1.0401e-06
24  0.4  0.350566
24  0.5  0.366927
24  0.6  0.350871
24  0.7  0.313821
24  0.9  0.223522
24  0.8  0.268075
24  1.0  0.181179
24  1.1  0.145734
24  1.2  0.114909
24  1.3  0.0924439
24  1.4  0.0722281
24  1.5  0.0581252
24  1.7  0.0372453
24  1.6  0.0465118
22  11.0  7.20033e-07
24  1.8  0.0306368
24  1.9  0.0238533
24  2.5  0.00692655
24  2.0  0.0191167
24  3.0  0.00283888
24  3.5  0.00128251
22  11.5  5.01387e-07
22  12.0  3.51268e-07
24  5.5  8.85825e-05
24  4.0  0.000576571
24  4.5  0.000301295
24  5.0  0.000152249
24  6.0  5.03594e-05
24  6.5  2.99384e-05
24  7.0  1.81199e-05
24  7.5  1.11821e-05
24  8.0  7.1471e-06
24  8.5  4.62884e-06
24  9.0  3.05786e-06
24  10.0  1.37143e-06
24  9.5  2.05748e-06
26  0.2  0.196202
26  0.3  0.28181
26  0.4  0.32989
26  0.5  0.345433
26  0.6  0.328106
26  0.7  0.286464
26  0.8  0.246182
26  0.9  0.202971
26  1.0  0.164858
24  10.5  9.26509e-07
26  1.1  0.13137
26  1.2  0.10479
26  1.3  0.083098
26  1.4  0.0662411
26  1.5  0.0515032
26  1.6  0.0414044
26  1.7  0.0330482
26  1.9  0.0214211
26  1.8  0.0260109
26  2.0  0.0170302
24  11.0  6.44791e-07
26  2.5  0.00617023
26  3.5  0.00110835
26  3.0  0.00254881
24  11.5  4.60454e-07
24  12.0  3.19327e-07
26  5.5  7.77518e-05
26  5.0  0.00013865
26  4.0  0.000528752
26  4.5  0.000264195
26  6.0  4.38069e-05
26  6.5  2.63461e-05
26  7.0  1.58711e-05
26  7.5  9.95313e-06
26  8.0  6.0774e-06
26  8.5  4.04378e-06
26  9.0  2.68264e-06
26  10.0  1.21661e-06
26  9.5  1.76495e-06
28  0.2  0.186988
28  0.3  0.263025
28  0.4  0.312425
28  0.5  0.31514
28  0.6  0.294071
28  0.7  0.256497
26  10.5  8.28609e-07
28  0.8  0.216563
28  0.9  0.177506
28  1.0  0.143026
28  1.1  0.11312
28  1.2  0.0899131
28  1.3  0.0707428
28  1.4  0.0556884
28  1.5  0.0444734
28  1.7  0.027732
28  1.6  0.0353514
28  1.8  0.0221375
28  1.9  0.0180912
26  11.0  5.66959e-07
28  2.0  0.0144116
28  3.0  0.00215688
28  2.5  0.00519601
28  3.5  0.000898102
26  11.5  3.98902e-07
26  12.0  2.80173e-07
28  4.5  0.000222578
28  5.0  0.00011986
28  4.0  0.000436562
28  5.5  6.53329e-05
28  6.0  3.6505e-05
28  6.5  2.19281e-05
28  7.0  1.33479e-05
28  8.5  3.40477e-06
28  7.5  8.3671e-06
28  8.0  5.27955e-06
28  9.5  1.46527e-06
28  9.0  2.23216e-06
28  10.0  1.01125e-06
28  11.0  4.81138e-07
30  0.2  0.173835
30  0.3  0.239264
30  0.4  0.276885
30  0.5  0.274703
28  10.5  6.83681e-07
30  0.6  0.249647
30  0.8  0.17632
30  0.7  0.215682
30  1.0  0.115361
30  0.9  0.144187
30  1.1  0.0927282
30  1.2  0.0720398
30  1.4  0.0444983
30  1.3  0.0572015
30  1.5  0.0353557
30  1.6  0.027651
30  1.8  0.0174335
30  1.7  0.021938
30  1.9  0.0141011
30  2.0  0.0114453
30  2.5  0.00422973
30  3.5  0.000742621
30  3.0  0.00168898
28  11.5  3.31778e-07
28  12.0  2.39091e-07
30  5.0  9.27136e-05
30  4.0  0.000348432
30  4.5  0.000174843
30  6.0  2.91514e-05
30  5.5  5.09979e-05
30  6.5  1.68458e-05
30  7.0  1.0514e-05
30  7.5  6.43604e-06
30  8.0  4.18613e-06
30  8.5  2.64627e-06
30  9.5  1.196e-06
30  9.0  1.7638e-06
30  10.0  7.97911e-07
30  11.0  3.7499e-07
32  0.2  0.157543
32  0.3  0.20973
32  0.5  0.221444
32  0.4  0.230907
32  0.6  0.196232
32  0.7  0.165966
32  0.8  0.1337
32  0.9  0.108375
30  12.0  1.85908e-07
32  1.0  0.0853604
32  1.2  0.0544292
32  1.1  0.0669314
32  1.3  0.0424902
30  10.5  5.50195e-07
32  1.4  0.0324438
32  1.5  0.0255976
32  1.6  0.0200158
32  1.7  0.0160604
32  1.8  0.0128953
32  2.0  0.00838189
32  1.9  0.0106102
32  2.5  0.00301398
32  3.0  0.0012127
32  3.5  0.000532279
30  11.5  2.63509e-07
32  5.0  6.48713e-05
32  4.0  0.00025205
32  4.5  0.000126237
32  5.5  3.56146e-05
32  6.5  1.26162e-05
32  6.0  2.1189e-05
32  7.5  4.73092e-06
32  7.0  7.59698e-06
32  8.0  3.04933e-06
32  8.5  1.95622e-06
32  9.0  1.26081e-06
32  9.5  8.47975e-07
34  0.2  0.130163
32  10.0  5.72368e-07
34  0.3  0.166973
34  0.4  0.177382
34  0.5  0.162716
32  10.5  3.92379e-07
34  0.6  0.13764
34  0.7  0.112998
34  0.8  0.0939387
34  0.9  0.0724779
34  1.1  0.044161
34  1.0  0.0557148
34  1.2  0.0349634
34  1.3  0.0274312
34  1.4  0.0212878
34  1.5  0.0166241
34  1.6  0.0133546
34  1.7  0.010578
32  11.0  2.6833e-07
34  1.8  0.00846549
34  1.9  0.00667477
34  2.5  0.0018943
34  2.0  0.00533357
34  3.0  0.000789609
34  3.5  0.000347748
32  11.5  1.89051e-07
32  12.0  1.32635e-07
34  4.0  0.000157537
34  5.0  4.23075e-05
34  4.5  7.7805e-05
34  5.5  2.36588e-05
34  6.0  1.39142e-05
34  6.5  7.95185e-06
34  7.5  3.00847e-06
34  7.0  4.83151e-06
34  8.5  1.19748e-06
34  9.0  8.2088e-07
34  8.0  1.9371e-06
34  9.5  5.47352e-07
34  10.0  3.69444e-07
4  0.2  0.216838
4  0.3  0.320664
34  10.5  2.49666e-07
4  0.4  0.400856
4  0.5  0.432824
4  0.6  0.429415
4  0.7  0.395258
4  0.8  0.347293
4  0.9  0.292579
34  11.0  1.73855e-07
4  1.1  0.198401
4  1.0  0.2419
4  1.2  0.1602
4  1.3  0.129055
4  1.4  0.10189
4  1.5  0.0832728
4  1.6  0.066707
4  1.7  0.0533469
4  1.8  0.0424028
4  1.9  0.0344895
4  2.0  0.0281946
4  2.5  0.0102828
4  3.0  0.00421459
4  3.5  0.00184551
34  11.5  1.21399e-07
34  12.0  8.57088e-08
4  4.0  0.000885342
4  4.5  0.000446867
4  5.0  0.000240001
4  5.5  0.000132231
4  6.0  7.54972e-05
4  7.0  2.6835e-05
4  6.5  4.40169e-05
4  7.5  1.70394e-05
4  8.0  1.07067e-05
4  8.5  6.82498e-06
4  9.0  4.58242e-06
4  9.5  3.06704e-06
4  10.0  1.95841e-06
4  11.5  6.80089e-07
6  0.2  0.218983
6  0.3  0.319039
6  0.4  0.394687
6  0.5  0.435232
4  10.5  1.41651e-06
6  0.6  0.424947
6  0.7  0.389086
6  0.8  0.341392
6  0.9  0.291772
6  1.1  0.195756
6  1.0  0.238804
6  1.2  0.158802
6  1.3  0.128114
6  1.4  0.102347
4  11.0  9.84117e-07
6  1.5  0.0830384
6  1.6  0.0657921
6  1.8  0.0419069
6  1.7  0.054307
6  1.9  0.0353023
6  2.5  0.0104529
6  2.0  0.0282667
6  3.0  0.00431031
6  3.5  0.00180866
4  12.0  4.82836e-07
6  4.0  0.000867226
6  4.5  0.000446067
6  5.0  0.000234062
6  5.5  0.000130871
6  6.0  7.45346e-05
6  7.0  2.69829e-05
6  6.5  4.39621e-05
6  7.5  1.66054e-05
6  8.0  1.06365e-05
6  8.5  6.90249e-06
6  9.5  2.99547e-06
6  9.0  4.52933e-06
6  11.5  6.79791e-07
6  10.0  2.05433e-06
8  0.2  0.216071
8  0.3  0.32225
6  10.5  1.40693e-06
8  0.4  0.391189
8  0.6  0.429595
8  0.5  0.423736
8  0.8  0.33595
8  0.7  0.386928
8  0.9  0.289765
8  1.0  0.238084
8  1.1  0.193032
8  1.2  0.15698
6  11.0  9.47259e-07
8  1.3  0.12535
8  1.4  0.101209
8  1.5  0.0814947
8  1.6  0.0667447
8  1.7  0.0524667
8  1.8  0.0414224
8  1.9  0.0338911
8  2.0  0.0276271
8  2.5  0.0102108
8  3.0  0.00411134
8  3.5  0.00179388
6  12.0  4.5267e-07
8  4.0  0.000861708
8  4.5  0.000440743
8  5.0  0.00023128
8  5.5  0.000129755
8  6.0  7.51135e-05
8  7.0  2.6624e-05
8  6.5  4.36525e-05
8  7.5  1.64901e-05
8  8.0  1.04362e-05
8  8.5  6.82291e-06
8  9.0  4.3139e-06
8  11.0  9.45316e-07
8  9.5  2.99042e-06
8  11.5  6.6238e-07
8  10.0  2.00606e-06
8  10.5  1.38165e-06
8  12.0  4.73883e-07
