# exclusive D0 cross section, Pb target, HymnD fragmentation, An0n channel
# generated      : 2026-08-20 11:01:50 EEST
# calls          : 1e5 below 4.0 GeV, 2e3 above (see EXCL_PT_THRESHOLD) (VEGAS calls per point, see CALLS_EXCL/CALLS_EXCL_FACTORIZED/CALLS_DIFF)
# dipole samples : data/Pb/bk_posterior/member_0026/glauber_mve_<b>
# pD0 sweep      : 0.2 0.3 0.4 0.5 0.6 0.7 0.8 0.9 1.0 1.1 1.2 1.3 1.4 1.5 1.6 1.7 1.8 1.9 2.0 2.5 3.0 3.5 4.0 4.5 5.0 5.5 6.0 6.5 7.0 7.5 8.0 8.5 9.0 9.5 10.0 10.5 11.0 11.5 12.0
# fixed rapidity y : -1.0
# ============================================================
# b  pD0  dsigma_dyd2pD0
0  0.2  3.1327
0  0.4  1.9801
0  0.3  2.53441
0  0.5  1.50172
0  0.6  1.11331
0  0.8  0.589118
0  0.9  0.425811
0  0.7  0.813837
0  1.1  0.220123
0  1.3  0.117022
0  1.2  0.158284
0  1.0  0.306287
0  1.4  0.0830392
0  1.5  0.0600718
0  1.6  0.044124
0  1.7  0.0331085
0  1.9  0.0189023
0  1.8  0.0246115
0  2.5  0.00365835
0  2.0  0.0145451
0  3.5  0.000332737
0  3.0  0.0010145
0  5.5  7.1917e-06
0  4.0  0.000107264
0  5.0  1.65781e-05
0  4.5  4.05445e-05
0  6.0  3.3956e-06
0  6.5  1.65866e-06
0  7.5  4.55481e-07
0  7.0  8.58447e-07
0  8.0  2.56476e-07
0  9.0  8.79305e-08
0  9.5  5.36151e-08
0  8.5  1.48267e-07
0  10.0  3.43883e-08
0  10.5  2.22234e-08
10  0.2  2.95895
0  12.0  6.71455e-09
10  0.3  2.38974
10  0.4  1.86203
10  0.5  1.4087
10  0.6  1.04161
0  11.5  9.82002e-09
10  0.7  0.758571
10  0.8  0.548883
10  0.9  0.394701
0  11.0  1.47588e-08
10  1.0  0.284194
10  1.1  0.204942
10  1.2  0.146307
10  1.3  0.105233
10  1.5  0.0571217
10  1.4  0.0762673
10  1.6  0.0409065
10  1.7  0.0311051
10  1.9  0.0171955
10  1.8  0.0232547
10  2.0  0.0133535
10  2.5  0.00309515
10  3.5  0.000426973
10  3.0  0.000966169
10  5.5  6.50418e-06
10  4.0  9.76792e-05
10  4.5  3.67932e-05
10  5.0  1.50151e-05
10  6.0  3.07164e-06
10  7.5  4.13508e-07
10  6.5  1.50083e-06
10  7.0  7.71893e-07
10  8.0  2.29617e-07
10  9.0  7.95122e-08
10  8.5  1.34109e-07
10  9.5  4.93618e-08
10  10.0  3.1316e-08
10  10.5  1.99213e-08
12  0.2  2.88023
12  0.3  2.32145
12  0.4  1.80617
12  0.5  1.36481
10  12.0  6.1091e-09
12  0.6  1.00945
12  0.7  0.73371
12  0.8  0.531555
12  0.9  0.380998
12  1.0  0.274203
12  1.1  0.196408
12  1.2  0.141014
12  1.3  0.101315
12  1.4  0.075055
10  11.0  1.33424e-08
12  1.6  0.0399207
12  1.5  0.0533289
12  1.7  0.0292533
12  1.8  0.0217481
12  1.9  0.0166869
12  2.0  0.0117663
12  3.0  0.000545543
12  2.5  0.00313035
12  3.5  0.000434608
10  11.5  8.92892e-09
12  5.5  6.24096e-06
12  4.0  9.32832e-05
12  4.5  3.49549e-05
12  5.0  1.43236e-05
12  6.0  2.92956e-06
12  7.5  3.92342e-07
12  8.0  2.20452e-07
12  6.5  1.43052e-06
12  7.0  7.3593e-07
12  9.0  7.58617e-08
12  9.5  4.61277e-08
12  8.5  1.27828e-07
12  10.0  2.97961e-08
12  10.5  1.92873e-08
14  0.2  2.77944
12  11.5  8.46807e-09
14  0.3  2.24107
14  0.4  1.74245
14  0.5  1.31325
14  0.6  0.969753
14  0.7  0.705036
12  11.0  1.27223e-08
14  0.8  0.50862
14  0.9  0.36358
14  1.0  0.262045
14  1.2  0.134373
14  1.1  0.187379
14  1.3  0.0975783
14  1.5  0.0505443
14  1.4  0.0699306
14  1.6  0.0371681
14  1.7  0.0282314
14  1.9  0.0151843
14  1.8  0.0207526
14  2.0  0.01174
14  2.5  0.00281035
14  3.0  0.000767823
14  3.5  0.000319338
12  12.0  5.8694e-09
14  5.5  5.92677e-06
14  4.0  8.75188e-05
14  4.5  3.30823e-05
14  5.0  1.35013e-05
14  6.0  2.75785e-06
14  7.0  6.88528e-07
14  7.5  3.69591e-07
14  6.5  1.34851e-06
14  8.0  2.06242e-07
14  9.0  7.1476e-08
14  8.5  1.20283e-07
14  10.0  2.771e-08
14  9.5  4.43042e-08
14  10.5  1.78883e-08
16  0.2  2.66165
14  12.0  5.48658e-09
16  0.3  2.14217
16  0.4  1.66029
16  0.5  1.25272
16  0.6  0.922481
14  11.0  1.13836e-08
16  0.7  0.669569
16  0.8  0.482469
16  0.9  0.344935
16  1.0  0.247035
16  1.2  0.126632
16  1.3  0.0926683
16  1.1  0.176627
16  1.4  0.0669329
16  1.6  0.0357159
16  1.5  0.0478533
16  1.7  0.0270113
16  1.8  0.0191501
16  1.9  0.0146673
14  11.5  8.01541e-09
16  2.0  0.0109209
16  3.0  0.000884702
16  2.5  0.00252995
16  3.5  0.000236087
16  5.5  5.48256e-06
16  4.0  8.1637e-05
16  4.5  3.08424e-05
16  5.0  1.25488e-05
16  6.0  2.55929e-06
16  6.5  1.25561e-06
16  7.0  6.46572e-07
16  7.5  3.46531e-07
16  9.0  6.63827e-08
16  8.0  1.92802e-07
16  8.5  1.11833e-07
16  10.0  2.56294e-08
16  9.5  4.07705e-08
16  10.5  1.68127e-08
18  0.2  2.5212
16  12.0  5.05493e-09
18  0.3  2.02556
18  0.4  1.56984
18  0.6  0.864806
18  0.5  1.17986
16  11.0  1.11192e-08
18  0.7  0.627942
18  0.8  0.450784
18  1.0  0.230862
18  0.9  0.322255
18  1.1  0.16486
18  1.2  0.117673
18  1.3  0.0858674
18  1.5  0.0452639
18  1.4  0.0623522
18  1.6  0.0336723
18  1.7  0.0240188
18  1.9  0.0133803
18  1.8  0.0179141
18  2.0  0.010298
18  3.5  0.000149722
18  2.5  0.00231183
16  11.5  7.46183e-09
18  3.0  0.000727931
18  4.0  7.45686e-05
18  5.5  5.00855e-06
18  4.5  2.78586e-05
18  5.0  1.14415e-05
18  7.0  5.81574e-07
18  6.0  2.33723e-06
18  6.5  1.14145e-06
18  8.0  1.73404e-07
18  7.5  3.16487e-07
18  9.0  6.01451e-08
18  9.5  3.73744e-08
18  8.5  1.01785e-07
18  10.0  2.37656e-08
18  10.5  1.52471e-08
2  0.2  3.12972
18  11.5  6.77337e-09
2  0.3  2.52789
2  0.4  1.97353
2  0.5  1.49711
2  0.6  1.10961
18  11.0  1.01335e-08
2  0.7  0.810968
2  0.8  0.587214
2  0.9  0.423397
2  1.0  0.304976
2  1.1  0.219462
2  1.2  0.157966
2  1.3  0.113955
18  12.0  4.62952e-09
2  1.5  0.0614132
2  1.4  0.0825622
2  1.6  0.0453172
2  1.7  0.0335616
2  1.8  0.0244283
2  1.9  0.018236
2  2.0  0.0143024
2  2.5  0.00353474
2  3.0  0.00102849
2  3.5  0.000288523
2  5.5  7.16441e-06
2  4.0  0.000106872
2  5.0  1.65148e-05
2  4.5  4.039e-05
2  6.5  1.62772e-06
2  6.0  3.38258e-06
2  7.5  4.5369e-07
2  7.0  8.52885e-07
2  8.5  1.45948e-07
2  9.0  8.75768e-08
2  9.5  5.34385e-08
2  8.0  2.55546e-07
2  10.0  3.40091e-08
2  10.5  2.21344e-08
20  0.2  2.35379
2  12.0  6.69182e-09
20  0.3  1.88875
20  0.4  1.45989
20  0.5  1.09371
20  0.6  0.801703
2  11.0  1.47124e-08
20  0.7  0.578655
20  0.8  0.415372
20  0.9  0.29544
20  1.0  0.210724
20  1.1  0.150171
20  1.2  0.107693
2  11.5  9.88445e-09
20  1.3  0.0767752
20  1.4  0.055221
20  1.5  0.0410766
20  1.6  0.0295257
20  1.8  0.0161794
20  1.7  0.0217623
20  1.9  0.0122393
20  2.0  0.00917291
20  2.5  0.00234429
20  3.0  0.000553991
20  3.5  9.52543e-05
20  4.5  2.4611e-05
20  5.5  4.46842e-06
20  4.0  6.65189e-05
20  5.0  1.02305e-05
20  7.0  5.17856e-07
20  6.0  2.08364e-06
20  7.5  2.77798e-07
20  6.5  1.01578e-06
20  9.0  5.37711e-08
20  8.0  1.56481e-07
20  8.5  9.06575e-08
20  9.5  3.30512e-08
20  10.5  1.35399e-08
20  10.0  2.11529e-08
20  11.0  8.88931e-09
22  0.2  2.15503
22  0.3  1.72469
22  0.4  1.3283
22  0.5  0.991958
22  0.6  0.72486
22  0.7  0.521448
22  0.9  0.265035
22  0.8  0.372012
22  1.0  0.18812
22  1.1  0.133534
22  1.2  0.0958585
22  1.4  0.0494486
22  1.3  0.0680078
20  11.5  6.05569e-09
22  1.5  0.0353347
22  1.6  0.0257156
22  1.7  0.0192604
22  1.8  0.0141331
22  1.9  0.0105522
22  2.0  0.00771786
22  3.0  0.000435104
22  2.5  0.00178148
22  3.5  0.000195444
20  12.0  4.14593e-09
22  5.5  3.8654e-06
22  4.0  5.75771e-05
22  4.5  2.15335e-05
22  5.0  8.83971e-06
22  6.0  1.79947e-06
22  7.5  2.39708e-07
22  7.0  4.48545e-07
22  6.5  8.79671e-07
22  8.0  1.34073e-07
22  9.0  4.63921e-08
22  8.5  7.83134e-08
22  9.5  2.85161e-08
22  10.0  1.8264e-08
22  11.0  7.68168e-09
22  10.5  1.17567e-08
24  0.2  1.91583
22  12.0  3.52201e-09
24  0.3  1.52845
24  0.4  1.17397
24  0.5  0.871253
24  0.6  0.634432
24  0.7  0.454961
24  0.8  0.323154
24  0.9  0.228857
24  1.1  0.114986
24  1.0  0.162771
24  1.2  0.0815546
24  1.3  0.0579883
22  11.5  5.24483e-09
24  1.4  0.0414691
24  1.5  0.0308167
24  1.7  0.0163205
24  1.6  0.0217923
24  1.8  0.0120368
24  1.9  0.00860802
24  3.0  0.000482406
24  2.0  0.00703883
24  2.5  0.00158983
24  3.5  3.21049e-05
24  5.5  3.20158e-06
24  4.0  4.77667e-05
24  4.5  1.7845e-05
24  5.0  7.32125e-06
24  7.0  3.72771e-07
24  6.5  7.20602e-07
24  6.0  1.48837e-06
24  7.5  1.98535e-07
24  8.0  1.10641e-07
24  9.5  2.36198e-08
24  10.0  1.4848e-08
24  8.5  6.464e-08
24  9.0  3.88455e-08
24  11.0  6.3455e-09
26  0.2  1.63754
26  0.3  1.29855
24  10.5  9.72136e-09
26  0.4  0.991956
26  0.5  0.733791
26  0.6  0.530497
26  0.7  0.37795
26  0.8  0.26723
26  0.9  0.18833
26  1.0  0.132777
26  1.1  0.0934687
24  11.5  4.2835e-09
26  1.2  0.066117
26  1.3  0.0478702
26  1.4  0.0336597
26  1.5  0.0238585
26  1.6  0.0173452
26  1.8  0.00952851
26  1.7  0.0130698
26  1.9  0.0071886
26  2.0  0.00548578
26  2.5  0.00112854
26  3.0  0.000320345
26  3.5  0.000223248
24  12.0  2.97519e-09
26  5.5  2.4936e-06
26  4.0  3.71414e-05
26  4.5  1.39444e-05
26  5.0  5.66565e-06
26  6.0  1.15346e-06
26  6.5  5.61101e-07
26  8.0  8.55575e-08
26  7.5  1.53684e-07
26  7.0  2.89853e-07
26  8.5  4.9646e-08
26  9.0  2.96313e-08
26  9.5  1.84145e-08
26  11.0  4.89097e-09
26  10.0  1.16389e-08
28  0.2  1.30798
26  10.5  7.54714e-09
28  0.3  1.0331
28  0.4  0.78379
28  0.5  0.574238
28  0.6  0.412531
28  0.7  0.291935
28  0.8  0.205143
28  0.9  0.143201
28  1.0  0.100483
28  1.1  0.0707509
28  1.2  0.0495503
28  1.3  0.0356749
28  1.4  0.0249948
28  1.5  0.0177642
28  1.6  0.0132419
28  1.7  0.00965933
28  1.8  0.00702994
28  2.0  0.00395697
28  1.9  0.00528753
28  2.5  0.00095717
28  3.0  0.000296006
28  3.5  0.000122835
26  11.5  3.33236e-09
26  12.0  2.28038e-09
28  5.5  1.75916e-06
28  4.0  2.65703e-05
28  4.5  9.91695e-06
28  5.0  4.01781e-06
28  6.0  8.14211e-07
28  8.0  6.06028e-08
28  6.5  3.97331e-07
28  7.0  2.03336e-07
28  7.5  1.09181e-07
28  9.0  2.0805e-08
28  8.5  3.48973e-08
28  10.5  5.21357e-09
28  9.5  1.29101e-08
28  10.0  8.18405e-09
30  0.2  0.951942
30  0.3  0.746027
30  0.4  0.560465
30  0.5  0.406714
30  0.6  0.28923
30  0.7  0.202635
30  0.8  0.140924
30  0.9  0.097931
28  12.0  1.58691e-09
30  1.0  0.0680848
30  1.1  0.0473751
30  1.3  0.023662
30  1.2  0.0330789
30  1.4  0.0165043
30  1.5  0.0119984
30  1.6  0.00847406
30  1.8  0.0045832
30  1.7  0.00619003
30  1.9  0.00344007
30  2.0  0.00258296
28  11.0  3.46869e-09
30  3.0  0.000130318
30  2.5  0.000550286
30  3.5  0.000118193
28  11.5  2.34379e-09
30  5.5  1.08587e-06
30  4.0  1.64799e-05
30  4.5  6.15065e-06
30  5.0  2.49089e-06
30  7.0  1.23156e-07
30  6.0  5.0169e-07
30  8.0  3.69979e-08
30  6.5  2.44746e-07
30  7.5  6.71642e-08
30  9.0  1.28096e-08
30  8.5  2.16264e-08
30  10.0  4.945e-09
30  9.5  7.93111e-09
30  11.0  2.10448e-09
30  10.5  3.20161e-09
32  0.2  0.608021
32  0.3  0.471686
32  0.4  0.35035
32  0.5  0.251419
32  0.6  0.176363
32  0.7  0.122092
32  0.8  0.0839709
32  0.9  0.0578268
32  1.0  0.0396972
32  1.1  0.0274858
32  1.2  0.0189775
32  1.3  0.0135463
32  1.4  0.00953808
32  1.5  0.00678429
32  1.6  0.00473397
32  1.7  0.00345283
32  1.8  0.00257885
30  11.5  1.4313e-09
32  1.9  0.00181988
32  2.5  0.000347876
32  2.0  0.00142206
32  3.0  0.000105571
32  3.5  3.73481e-05
30  12.0  9.75861e-10
32  5.0  1.29194e-06
32  4.0  8.63778e-06
32  4.5  3.22564e-06
32  5.5  5.61873e-07
32  6.5  1.24916e-07
32  7.0  6.34482e-08
32  6.0  2.58567e-07
32  7.5  3.40119e-08
32  8.0  1.91176e-08
32  8.5  1.10485e-08
32  9.5  4.00195e-09
32  9.0  6.60042e-09
32  10.5  1.62923e-09
32  10.0  2.55522e-09
34  0.2  0.334187
34  0.3  0.256184
32  11.0  1.07484e-09
32  12.0  5.0041e-10
34  0.4  0.187493
34  0.5  0.132635
34  0.6  0.091688
34  0.7  0.0625588
34  0.8  0.0425147
34  0.9  0.0289055
32  11.5  7.25353e-10
34  1.0  0.0196046
34  1.1  0.0135415
34  1.2  0.00922584
34  1.3  0.00642073
34  1.5  0.00324065
34  1.4  0.00445982
34  1.6  0.0022299
34  1.7  0.00162815
34  1.8  0.00120224
34  1.9  0.000866823
34  2.0  0.000656524
34  2.5  0.00012196
34  3.0  9.50446e-06
34  3.5  2.92592e-05
34  5.5  2.3484e-07
34  4.0  3.73295e-06
34  4.5  1.37818e-06
34  6.5  5.24739e-08
34  5.0  5.53733e-07
34  6.0  1.09018e-07
34  8.0  7.84896e-09
34  7.5  1.42509e-08
34  7.0  2.68407e-08
34  8.5  4.5433e-09
34  9.5  1.6591e-09
34  9.0  2.7393e-09
34  10.0  1.0433e-09
4  0.2  3.10708
4  0.3  2.51173
4  0.4  1.96009
4  0.5  1.48372
34  12.0  2.08244e-10
4  0.6  1.10231
34  10.5  6.84366e-10
4  0.7  0.805812
34  11.5  3.02827e-10
4  0.8  0.582096
4  0.9  0.419925
4  1.0  0.302393
4  1.1  0.217733
4  1.2  0.156622
4  1.3  0.112927
4  1.4  0.0816576
4  1.5  0.0596272
34  11.0  4.48601e-10
4  1.6  0.0453076
4  1.7  0.0327053
4  1.8  0.0248376
4  1.9  0.0186592
4  2.0  0.014076
4  2.5  0.00333713
4  3.5  8.69415e-05
4  3.0  0.000968798
4  5.5  7.08421e-06
4  4.0  0.000105683
4  5.0  1.63268e-05
4  4.5  3.9925e-05
4  6.0  3.34483e-06
4  6.5  1.63352e-06
4  7.5  4.48562e-07
4  7.0  8.43742e-07
4  8.5  1.44313e-07
4  9.0  8.66095e-08
4  9.5  5.27369e-08
4  8.0  2.53297e-07
4  10.0  3.37219e-08
4  10.5  2.16661e-08
6  0.2  3.0718
6  0.3  2.48336
4  11.5  9.66219e-09
6  0.4  1.93834
6  0.5  1.46862
6  0.6  1.0848
6  0.7  0.793978
6  0.8  0.575109
6  0.9  0.414069
6  1.0  0.298039
4  11.0  1.45442e-08
6  1.1  0.214472
6  1.2  0.154197
6  1.3  0.111351
6  1.4  0.0826268
6  1.5  0.0599639
6  1.6  0.0432503
6  1.8  0.0239732
6  1.7  0.0322991
6  2.0  0.0138262
6  1.9  0.0180787
6  2.5  0.00328547
6  3.0  0.00101129
6  3.5  0.000205687
4  12.0  6.67265e-09
6  5.5  6.94963e-06
6  5.0  1.601e-05
6  4.0  0.000104064
6  4.5  3.91568e-05
6  7.0  8.18562e-07
6  6.0  3.27714e-06
6  6.5  1.60269e-06
6  7.5  4.39566e-07
6  8.0  2.4636e-07
6  9.0  8.49263e-08
6  9.5  5.16534e-08
6  8.5  1.43017e-07
6  10.0  3.32245e-08
8  0.2  3.02231
6  10.5  2.14306e-08
8  0.3  2.44295
8  0.4  1.90521
8  0.5  1.44299
8  0.6  1.06835
6  11.5  9.45128e-09
8  0.7  0.779285
8  0.8  0.562652
8  0.9  0.406024
8  1.0  0.292384
8  1.1  0.209566
6  11.0  1.42713e-08
8  1.3  0.109538
8  1.2  0.150812
8  1.4  0.0787453
8  1.5  0.0587353
8  1.6  0.04284
8  1.8  0.0234909
8  1.7  0.0311818
8  1.9  0.0178858
8  2.0  0.0133256
8  3.0  0.000910124
8  2.5  0.00326511
8  3.5  0.000378061
6  12.0  6.57889e-09
8  5.5  6.7569e-06
8  5.0  1.55674e-05
8  4.0  0.000101428
8  4.5  3.80858e-05
8  7.0  7.96507e-07
8  6.0  3.18919e-06
8  6.5  1.55885e-06
8  7.5  4.27253e-07
8  8.0  2.37961e-07
8  9.0  8.25238e-08
8  8.5  1.39292e-07
8  9.5  5.12551e-08
8  10.5  2.06793e-08
8  10.0  3.24556e-08
8  11.5  9.15245e-09
8  11.0  1.38667e-08
8  12.0  6.40042e-09
