# exclusive D0 cross section, Pb target, LHAPDF fragmentation, An0n channel
# generated      : 2026-08-19 15:24:08 EEST
# calls          : 1e5 below 4.0 GeV, 2e3 above (see EXCL_PT_THRESHOLD) (VEGAS calls per point, see CALLS_EXCL/CALLS_EXCL_FACTORIZED/CALLS_DIFF)
# dipole samples : data/Pb/bk_posterior/member_0026/glauber_mve_<b>
# pD0 sweep      : 0.2 0.3 0.4 0.5 0.6 0.7 0.8 0.9 1.0 1.1 1.2 1.3 1.4 1.5 1.6 1.7 1.8 1.9 2.0 2.5 3.0 3.5 4.0 4.5 5.0 5.5 6.0 6.5 7.0 7.5 8.0 8.5 9.0 9.5 10.0 10.5 11.0 11.5 12.0
# fixed rapidity y : 3.0
# ============================================================
# b  pD0  dsigma_dyd2pD0
0  0.3  0.443105
0  0.5  0.251093
0  0.2  0.557823
0  0.4  0.338939
0  0.6  0.181918
0  0.7  0.129814
0  0.9  0.0644803
0  0.8  0.0918351
0  1.0  0.045221
0  1.2  0.0223704
0  1.3  0.0156986
0  1.1  0.0317099
0  1.4  0.0111868
0  1.5  0.00788899
0  1.7  0.00406745
0  1.6  0.00562547
0  1.8  0.00290279
0  1.9  0.00212106
0  2.5  0.000329994
0  2.0  0.00152422
0  3.5  1.85367e-05
0  3.0  7.59344e-05
0  5.0  5.56435e-07
0  4.5  1.71954e-06
0  4.0  5.6953e-06
0  5.5  1.84502e-07
0  6.5  2.48382e-08
0  6.0  6.63244e-08
0  7.0  9.54511e-09
0  8.5  6.80432e-10
0  7.5  3.81504e-09
0  8.0  1.57946e-09
0  9.0  2.94112e-10
0  9.5  1.31442e-10
0  10.0  6.02338e-11
10  0.2  0.535565
10  0.3  0.425048
10  0.4  0.324594
10  0.5  0.240036
10  0.6  0.17359
10  0.7  0.12369
0  10.5  2.80654e-11
10  0.8  0.0873063
10  0.9  0.06131
10  1.0  0.0429026
10  1.1  0.0300558
10  1.2  0.0210662
0  11.5  6.48229e-12
10  1.3  0.0148121
10  1.4  0.010471
10  1.5  0.00749516
10  1.6  0.00529932
10  1.7  0.00379143
10  1.8  0.00274355
0  11.0  1.33575e-11
10  1.9  0.00198968
10  2.0  0.00142168
10  2.5  0.000308021
10  3.0  7.12289e-05
10  3.5  2.00915e-05
0  12.0  3.18382e-12
10  4.0  5.28756e-06
10  4.5  1.58032e-06
10  5.0  5.06888e-07
10  5.5  1.71469e-07
10  6.5  2.26867e-08
10  6.0  6.09974e-08
10  7.0  8.75291e-09
10  7.5  3.50184e-09
10  8.0  1.44756e-09
10  8.5  6.16168e-10
10  10.0  5.49967e-11
10  9.0  2.68695e-10
10  9.5  1.20292e-10
12  0.2  0.525388
10  10.5  2.56887e-11
12  0.3  0.4167
12  0.4  0.317995
12  0.5  0.234902
12  0.6  0.169766
12  0.7  0.120717
12  0.8  0.0852436
12  0.9  0.0597891
12  1.0  0.0418174
12  1.1  0.0292134
12  1.2  0.0204846
12  1.3  0.0144086
12  1.5  0.00727894
12  1.4  0.0102422
12  1.6  0.0051467
12  1.7  0.0036787
12  1.8  0.00265417
12  1.9  0.00192481
10  11.0  1.22082e-11
12  2.0  0.00138081
12  2.5  0.000297594
12  3.0  6.77815e-05
12  3.5  1.75458e-05
10  11.5  5.90091e-12
10  12.0  2.90318e-12
12  4.0  5.06529e-06
12  4.5  1.5222e-06
12  5.0  4.87393e-07
12  5.5  1.64746e-07
12  6.5  2.17787e-08
12  6.0  5.8584e-08
12  7.0  8.39077e-09
12  7.5  3.35936e-09
12  8.0  1.38793e-09
12  9.0  2.58206e-10
12  8.5  5.90365e-10
12  10.0  5.27546e-11
12  9.5  1.15256e-10
14  0.2  0.512534
14  0.3  0.40615
14  0.4  0.309624
14  0.5  0.228618
14  0.6  0.165066
12  10.5  2.45818e-11
14  0.7  0.117391
14  0.8  0.0827005
14  0.9  0.057927
14  1.0  0.0405013
14  1.1  0.0283163
12  11.0  1.16844e-11
14  1.2  0.01982
14  1.3  0.0139213
14  1.4  0.00988354
14  1.5  0.00702686
14  1.6  0.00495031
14  1.7  0.00353215
14  1.8  0.00255364
14  1.9  0.00183024
14  2.0  0.00132548
14  2.5  0.000282753
14  3.0  6.43606e-05
12  11.5  5.65093e-12
14  3.5  1.85211e-05
12  12.0  2.7795e-12
14  4.0  4.85598e-06
14  4.5  1.45614e-06
14  5.0  4.6441e-07
14  5.5  1.56943e-07
14  6.5  2.07086e-08
14  6.0  5.56889e-08
14  8.0  1.3337e-09
14  7.0  7.97839e-09
14  8.5  5.65285e-10
14  9.0  2.45864e-10
14  7.5  3.18731e-09
14  10.0  4.99789e-11
14  9.5  1.09447e-10
16  0.2  0.497146
16  0.3  0.393465
16  0.4  0.299662
16  0.5  0.221133
16  0.6  0.159368
16  0.7  0.113164
16  0.8  0.0796146
14  10.5  2.33046e-11
16  0.9  0.055706
14  11.5  5.35765e-12
16  1.1  0.0271799
16  1.0  0.0388867
16  1.2  0.0190622
16  1.3  0.0133852
16  1.4  0.00945534
16  1.5  0.00671583
16  1.6  0.00475001
16  1.8  0.00244495
16  1.7  0.00337921
16  1.9  0.00174986
16  2.0  0.00126045
14  11.0  1.10737e-11
16  2.5  0.000268404
16  3.0  6.12498e-05
16  3.5  1.73304e-05
14  12.0  2.59327e-12
16  4.5  1.37198e-06
16  4.0  4.55888e-06
16  5.5  1.47864e-07
16  5.0  4.37018e-07
16  7.0  7.51636e-09
16  7.5  3.0014e-09
16  6.0  5.23263e-08
16  6.5  1.94024e-08
16  8.0  1.23909e-09
16  9.0  2.29676e-10
16  8.5  5.24511e-10
16  11.0  1.03959e-11
16  9.5  1.02242e-10
18  0.2  0.478387
18  0.3  0.378135
18  0.4  0.287616
16  10.0  4.66714e-11
18  0.5  0.211966
18  0.6  0.152534
18  0.7  0.10815
18  0.8  0.0759495
16  10.5  2.17789e-11
18  0.9  0.0530781
18  1.0  0.0369922
18  1.1  0.0257879
18  1.2  0.0180237
18  1.3  0.0126808
16  11.5  5.00808e-12
18  1.4  0.00893681
18  1.6  0.00447812
18  1.5  0.00627143
18  1.7  0.00318963
18  1.8  0.00228186
18  1.9  0.00165553
18  3.0  5.76302e-05
18  2.0  0.00118733
18  2.5  0.000252065
18  3.5  1.45842e-05
16  12.0  2.45895e-12
18  4.5  1.2741e-06
18  4.0  4.24457e-06
18  5.0  4.06257e-07
18  5.5  1.37288e-07
18  6.0  4.84372e-08
18  6.5  1.79508e-08
18  7.0  6.91156e-09
18  7.5  2.76112e-09
18  8.0  1.1389e-09
18  8.5  4.84164e-10
18  10.5  2.01168e-11
18  9.0  2.10561e-10
18  9.5  9.4207e-11
2  0.2  0.556984
18  10.0  4.30035e-11
2  0.3  0.442422
2  0.4  0.338278
2  0.5  0.250665
2  0.6  0.181595
2  0.7  0.129577
2  0.8  0.0916616
2  0.9  0.064436
2  1.0  0.0451289
2  1.1  0.0316434
18  11.0  9.51113e-12
2  1.2  0.0223214
2  1.3  0.0156648
2  1.4  0.0111546
2  1.5  0.00787564
2  1.7  0.00405735
2  1.6  0.00561394
2  1.8  0.00293544
2  1.9  0.00211579
2  2.0  0.00151464
2  2.5  0.000328544
2  3.0  7.68434e-05
2  3.5  1.95687e-05
18  11.5  4.59524e-12
2  5.0  5.54274e-07
18  12.0  2.25943e-12
2  4.5  1.71429e-06
2  4.0  5.6784e-06
2  6.5  2.47607e-08
2  5.5  1.85818e-07
2  6.0  6.61189e-08
2  7.0  9.51462e-09
2  8.5  6.77351e-10
2  7.5  3.80201e-09
2  8.0  1.57421e-09
2  9.0  2.92982e-10
2  10.0  6.00227e-11
2  9.5  1.31278e-10
20  0.2  0.455786
20  0.3  0.359766
20  0.4  0.273195
20  0.5  0.200945
20  0.6  0.144322
2  10.5  2.79983e-11
20  0.8  0.0714482
20  0.7  0.102139
20  0.9  0.0499307
20  1.0  0.0347441
20  1.1  0.0241559
20  1.3  0.0118492
20  1.2  0.0168588
2  11.0  1.33117e-11
20  1.4  0.00833719
20  1.6  0.00416736
20  1.5  0.00584515
20  1.7  0.00294982
20  1.8  0.00211607
20  1.9  0.00152131
20  2.0  0.00112548
20  2.5  0.000233216
20  3.0  5.32691e-05
20  3.5  1.475e-05
2  11.5  6.44244e-12
2  12.0  3.17264e-12
20  4.5  1.16211e-06
20  4.0  3.87286e-06
20  5.5  1.2472e-07
20  5.0  3.68805e-07
20  7.5  2.52863e-09
20  6.0  4.39488e-08
20  6.5  1.62729e-08
20  7.0  6.26177e-09
20  8.0  1.03086e-09
20  8.5  4.36437e-10
20  9.0  1.90509e-10
20  9.5  8.49995e-11
22  0.2  0.428062
22  0.3  0.337835
22  0.4  0.255863
20  10.0  3.88021e-11
22  0.5  0.187625
22  0.6  0.134412
22  0.7  0.0948745
22  0.8  0.0661927
22  0.9  0.0461306
22  1.1  0.0222688
22  1.0  0.0320402
22  1.2  0.0154858
22  1.3  0.0108626
20  10.5  1.80516e-11
22  1.4  0.00763755
22  1.5  0.00538999
22  1.6  0.0038044
22  1.7  0.00269354
22  1.8  0.00192026
22  1.9  0.00138443
22  2.0  0.00100606
22  3.0  4.56814e-05
20  11.0  8.56785e-12
22  2.5  0.00021152
22  3.5  1.37361e-05
20  11.5  4.13759e-12
20  12.0  2.03218e-12
22  4.5  1.03401e-06
22  4.0  3.45317e-06
22  5.0  3.27575e-07
22  5.5  1.10362e-07
22  7.5  2.2222e-09
22  6.5  1.43931e-08
22  6.0  3.88526e-08
22  8.0  9.19114e-10
22  8.5  3.88171e-10
22  7.0  5.51084e-09
22  9.0  1.68325e-10
22  9.5  7.46754e-11
22  10.5  1.59141e-11
22  11.5  3.60939e-12
22  10.0  3.3972e-11
24  0.2  0.394647
24  0.3  0.310468
24  0.4  0.234441
24  0.5  0.171481
24  0.6  0.12239
22  12.0  1.80075e-12
24  0.7  0.0860908
24  0.9  0.0415663
24  0.8  0.0600125
24  1.0  0.0287709
24  1.1  0.0199515
24  1.2  0.0138869
24  1.3  0.00969371
24  1.4  0.00675727
24  1.5  0.00473946
24  1.6  0.00338029
24  1.7  0.00240057
24  1.8  0.00169533
22  11.0  7.4993e-12
24  1.9  0.00122212
24  2.0  0.000886375
24  2.5  0.000183108
24  3.0  4.1194e-05
24  3.5  1.03604e-05
24  4.0  2.98611e-06
24  4.5  8.86419e-07
24  5.0  2.81064e-07
24  5.5  9.38848e-08
24  6.5  1.23288e-08
24  6.0  3.30653e-08
24  7.0  4.68941e-09
24  8.5  3.26598e-10
24  7.5  1.86629e-09
24  8.0  7.67589e-10
24  9.0  1.40995e-10
24  9.5  6.28951e-11
24  10.5  1.33432e-11
26  0.2  0.353019
26  0.3  0.276714
26  0.4  0.208271
24  10.0  2.86216e-11
26  0.5  0.151692
26  0.6  0.107797
26  0.7  0.0755633
26  0.9  0.0361636
26  0.8  0.0524555
26  1.0  0.0249352
26  1.1  0.0172329
26  1.2  0.0119799
26  1.3  0.00831396
26  1.5  0.0040905
26  1.4  0.00576837
26  1.6  0.00287814
26  1.7  0.00203158
26  1.8  0.00144452
26  1.9  0.00102589
26  2.0  0.000738761
24  11.0  6.31206e-12
26  2.5  0.000153012
26  3.0  3.46087e-05
26  3.5  8.55804e-06
24  11.5  3.04373e-12
24  12.0  1.49435e-12
26  4.5  7.22169e-07
26  5.0  2.28073e-07
26  4.0  2.43904e-06
26  5.5  7.62788e-08
26  6.0  2.67208e-08
26  6.5  9.84313e-09
26  7.0  3.76734e-09
26  7.5  1.49564e-09
26  9.0  1.13791e-10
26  8.5  2.60138e-10
26  8.0  6.13399e-10
26  9.5  5.00833e-11
28  0.2  0.302027
26  10.0  2.27903e-11
28  0.3  0.23598
28  0.4  0.176791
28  0.5  0.127875
28  0.6  0.0903642
26  11.0  5.01448e-12
28  0.7  0.0629569
28  0.8  0.0434168
26  10.5  1.05712e-11
28  0.9  0.0298818
28  1.0  0.0204849
26  11.5  2.42125e-12
28  1.1  0.0140798
28  1.2  0.00967542
28  1.3  0.00670504
28  1.4  0.00466771
28  1.5  0.00327082
28  1.6  0.0023147
28  1.7  0.00160999
28  1.8  0.00114963
28  1.9  0.000815033
28  2.0  0.00058652
28  3.0  2.74094e-05
28  2.5  0.000118956
28  3.5  6.71534e-06
26  12.0  1.18049e-12
28  5.0  1.71577e-07
28  4.0  1.85879e-06
28  4.5  5.45682e-07
28  5.5  5.6886e-08
28  7.0  2.81131e-09
28  6.5  7.31508e-09
28  6.0  1.99269e-08
28  7.5  1.10816e-09
28  8.0  4.52182e-10
28  8.5  1.90591e-10
28  9.0  8.2536e-11
28  9.5  3.66845e-11
30  0.2  0.242105
28  11.5  1.75404e-12
28  10.0  1.66101e-11
30  0.3  0.188054
30  0.4  0.139812
30  0.5  0.100445
30  0.7  0.0486739
28  10.5  7.71812e-12
30  0.6  0.0704792
30  0.8  0.0333492
30  1.1  0.0105823
30  1.0  0.0154984
30  0.9  0.0227404
30  1.2  0.00725052
30  1.3  0.00498239
30  1.4  0.00342687
30  1.6  0.00167692
30  1.5  0.00237887
30  1.7  0.00117476
30  1.9  0.000592719
30  1.8  0.000829064
30  2.5  8.30491e-05
30  2.0  0.000421231
28  11.0  3.63858e-12
30  3.5  4.36637e-06
30  3.0  1.86234e-05
28  12.0  8.57182e-13
30  4.0  1.26971e-06
30  4.5  3.69109e-07
30  5.0  1.15146e-07
30  5.5  3.80759e-08
30  7.0  1.84906e-09
30  6.0  1.32499e-08
30  6.5  4.84537e-09
30  7.5  7.24159e-10
30  8.0  2.95606e-10
30  8.5  1.24271e-10
30  9.0  5.36403e-11
30  9.5  2.37565e-11
30  11.0  2.35612e-12
32  0.2  0.177743
32  0.3  0.13694
32  0.4  0.100816
32  0.5  0.0717021
32  0.6  0.0498098
32  0.7  0.0340404
30  10.0  1.07421e-11
32  0.8  0.0230597
32  0.9  0.0155793
32  1.1  0.00712792
32  1.0  0.0105291
32  1.2  0.00483418
32  1.3  0.00329838
32  1.4  0.00227188
32  1.5  0.00157576
30  10.5  4.97255e-12
32  1.6  0.00108227
32  1.7  0.000760842
32  1.8  0.000531943
32  2.0  0.000272118
32  1.9  0.000377335
30  11.5  1.12679e-12
32  2.5  5.19893e-05
32  3.0  1.09723e-05
32  3.5  3.19696e-06
32  4.0  7.61521e-07
30  12.0  5.49448e-13
32  4.5  2.1701e-07
32  5.0  6.71216e-08
32  6.5  2.78575e-09
32  5.5  2.1995e-08
32  6.0  7.59962e-09
32  7.0  1.04183e-09
32  7.5  4.08587e-10
32  8.0  1.65906e-10
32  8.5  6.93136e-11
32  9.0  2.98034e-11
32  10.0  5.93433e-12
32  9.5  1.31384e-11
32  11.0  1.27985e-12
34  0.2  0.117999
34  0.3  0.0900431
34  0.4  0.0655437
34  0.5  0.0460175
34  0.6  0.0314921
34  0.7  0.0212783
32  12.0  2.99357e-13
32  10.5  2.72865e-12
34  0.8  0.0142517
34  0.9  0.00951007
34  1.0  0.00637099
34  1.1  0.00426486
34  1.3  0.00194543
34  1.2  0.0028566
34  1.4  0.00131658
34  1.6  0.000627346
34  1.5  0.000898962
34  1.7  0.000430467
34  1.8  0.0003018
34  1.9  0.000211079
34  2.0  0.000151171
34  3.0  5.9056e-06
34  2.5  2.80558e-05
34  3.5  1.53322e-06
32  11.5  6.12652e-13
34  4.5  1.0947e-07
34  5.0  3.33142e-08
34  4.0  3.83944e-07
34  5.5  1.08448e-08
34  6.0  3.7032e-09
34  6.5  1.33409e-09
34  7.0  4.96871e-10
34  7.5  1.94471e-10
34  8.0  7.83251e-11
34  8.5  3.24929e-11
34  9.0  1.38948e-11
34  9.5  6.09016e-12
34  10.0  2.73518e-12
4  0.2  0.554231
34  10.5  1.25154e-12
4  0.3  0.440321
4  0.4  0.33666
4  0.5  0.249375
4  0.6  0.180622
4  0.7  0.128846
4  0.8  0.0909748
4  0.9  0.0639982
34  11.0  5.86175e-13
4  1.0  0.0448509
4  1.1  0.0314513
4  1.2  0.0221747
4  1.3  0.0155625
4  1.4  0.0110165
4  1.5  0.0078841
4  1.6  0.00557261
4  1.7  0.00402616
4  1.8  0.00290865
4  1.9  0.00209998
4  2.0  0.00150278
4  2.5  0.000324327
4  3.0  7.57846e-05
4  3.5  1.88704e-05
34  11.5  2.79351e-13
34  12.0  1.35246e-13
4  5.0  5.49105e-07
4  4.5  1.69853e-06
4  4.0  5.62759e-06
4  5.5  1.84503e-07
4  6.5  2.4529e-08
4  6.0  6.5498e-08
4  8.5  6.7014e-10
4  7.0  9.39898e-09
4  7.5  3.7686e-09
4  8.0  1.55852e-09
4  9.0  2.89679e-10
4  9.5  1.29645e-10
4  10.0  5.94058e-11
6  0.2  0.550136
6  0.3  0.436769
4  10.5  2.77052e-11
6  0.4  0.333871
6  0.5  0.2472
6  0.6  0.178984
6  0.7  0.127626
6  0.9  0.0633355
6  0.8  0.0901394
6  1.0  0.0443839
6  1.1  0.0311298
6  1.2  0.0219291
6  1.3  0.0154012
4  11.0  1.31742e-11
6  1.5  0.00779152
6  1.4  0.0108852
6  1.6  0.00553704
6  1.7  0.00394196
6  1.9  0.00207381
6  1.8  0.00283989
6  2.0  0.00148486
6  2.5  0.000319901
6  3.0  7.51439e-05
6  3.5  1.87826e-05
4  11.5  6.38197e-12
4  12.0  3.13906e-12
6  5.0  5.38774e-07
6  4.5  1.67216e-06
6  4.0  5.54282e-06
6  5.5  1.82312e-07
6  6.5  2.39805e-08
6  6.0  6.44208e-08
6  7.0  9.25659e-09
6  8.5  6.56617e-10
6  7.5  3.70676e-09
6  8.0  1.53239e-09
6  9.0  2.84719e-10
6  9.5  1.27439e-10
6  10.0  5.82951e-11
8  0.2  0.543809
8  0.3  0.432006
8  0.5  0.244106
8  0.4  0.329856
6  10.5  2.72222e-11
8  0.6  0.176653
8  0.8  0.0889152
8  0.7  0.126001
8  0.9  0.0624583
8  1.0  0.0437662
8  1.1  0.0306887
8  1.2  0.0215219
6  11.0  1.30194e-11
8  1.3  0.0151364
8  1.6  0.00544426
8  1.5  0.0076572
8  1.4  0.0107188
8  1.8  0.00280649
8  1.7  0.00386546
8  1.9  0.00203725
8  2.0  0.00146005
8  2.5  0.000312877
8  3.0  7.29325e-05
8  3.5  1.84291e-05
6  11.5  6.26676e-12
6  12.0  3.08287e-12
8  4.5  1.63512e-06
8  4.0  5.42519e-06
8  5.0  5.22853e-07
8  6.5  2.348e-08
8  5.5  1.76821e-07
8  6.0  6.29578e-08
8  7.0  9.0177e-09
8  7.5  3.61441e-09
8  8.0  1.49546e-09
8  8.5  6.35155e-10
8  10.0  5.69294e-11
8  9.0  2.77833e-10
8  9.5  1.24287e-10
8  10.5  2.65399e-11
8  12.0  2.95201e-12
8  11.0  1.26214e-11
8  11.5  6.10859e-12
