# diffractive D0 cross section, Pb target, BCFY fragmentation, Xn0n channel
# generated      : 2026-10-02 23:30:34 EEST
# flux_model     : EFF (TARGET=AA)
# calls         : 1e5 (VEGAS calls per point, see CALLS_EXCL/CALLS_EXCL_FACTORIZED/CALLS_DIFF)
# dipole samples : data/Pb/mve/glauber_mve_<b>
# pD0 sweep      : 0.2 0.3 0.4 0.5 0.6 0.7 0.8 0.9 1.0 1.1 1.2 1.3 1.4 1.5 1.6 1.7 1.8 1.9 2.0 2.5 3.0 3.5 4.0 4.5 5.0 5.5 6.0 6.5 7.0 7.5 8.0 8.5 9.0 9.5 10.0 10.5 11.0 11.5 12.0
# fixed rapidity y : -2.0
# ============================================================
# b  pD0  dsigma_dyd2pD0
0  0.7  0.281937
0  0.6  0.282738
0  0.2  0.139325
0  0.3  0.190208
0  0.4  0.234598
0  0.8  0.273511
0  0.9  0.254248
0  0.5  0.267471
0  1.1  0.20277
0  1.0  0.229152
0  1.3  0.150052
0  1.5  0.10707
0  1.2  0.17671
0  1.4  0.128066
0  1.6  0.0923351
0  1.7  0.077606
0  1.8  0.0652597
0  2.0  0.0465841
0  1.9  0.0552629
0  2.5  0.020737
0  6.5  0.000255612
0  4.5  0.00159374
0  3.0  0.00991626
0  6.0  0.000384808
0  3.5  0.0050638
0  4.0  0.00276399
0  5.0  0.000944359
0  5.5  0.000598863
0  7.5  0.00012014
0  8.5  6.06939e-05
0  7.0  0.000168656
0  8.0  8.46736e-05
10  0.2  0.13777
0  9.0  4.41722e-05
10  0.3  0.186743
10  0.4  0.228173
10  0.5  0.262076
0  9.5  3.26693e-05
10  0.6  0.270767
10  0.7  0.277411
0  10.0  2.41629e-05
10  0.8  0.267164
10  0.9  0.243958
10  1.0  0.222119
10  1.1  0.194551
10  1.2  0.168599
0  10.5  1.83129e-05
10  1.3  0.146306
10  1.4  0.122889
10  1.5  0.105192
0  12.0  8.15541e-06
10  1.6  0.0881348
0  11.0  1.38445e-05
10  1.8  0.0620596
10  1.7  0.0739942
10  1.9  0.0532903
10  2.0  0.0446866
10  2.5  0.0198191
0  11.5  1.05824e-05
10  4.5  0.00151454
10  5.0  0.000911841
10  3.0  0.00943701
10  6.5  0.000243219
10  6.0  0.000367959
10  3.5  0.00482064
10  4.0  0.00266228
10  5.5  0.000568772
10  7.5  0.000113866
10  8.0  8.00553e-05
10  7.0  0.000164687
10  8.5  5.78844e-05
12  0.2  0.138127
10  9.0  4.19021e-05
12  0.3  0.186712
12  0.4  0.229866
10  9.5  3.10346e-05
12  0.5  0.260283
12  0.6  0.271671
10  10.0  2.31134e-05
12  0.7  0.271978
12  0.8  0.263979
12  0.9  0.239043
12  1.0  0.215893
12  1.1  0.191866
10  10.5  1.73133e-05
12  1.2  0.167116
12  1.3  0.142418
12  1.4  0.121222
12  1.5  0.102725
12  1.6  0.0863728
12  1.7  0.0733205
10  11.0  1.31935e-05
12  1.9  0.0510695
12  1.8  0.0615053
12  2.0  0.0438984
12  2.5  0.0192717
10  11.5  1.00696e-05
10  12.0  7.73937e-06
12  5.5  0.000557363
12  3.0  0.00924154
12  4.5  0.00148112
12  5.0  0.000892392
12  6.5  0.000237334
12  6.0  0.00035835
12  3.5  0.00474086
12  4.0  0.00258735
12  7.5  0.000111473
12  8.5  5.62787e-05
12  8.0  7.88594e-05
12  7.0  0.000161001
14  0.2  0.136702
12  9.0  4.11019e-05
14  0.3  0.184796
14  0.4  0.226274
12  9.5  2.99536e-05
14  0.5  0.256156
14  0.6  0.27165
14  0.7  0.269437
12  10.0  2.17036e-05
14  0.8  0.259868
14  0.9  0.238134
14  1.0  0.213623
14  1.1  0.189379
12  10.5  1.69616e-05
14  1.2  0.163287
14  1.3  0.140265
14  1.5  0.0991521
14  1.4  0.118562
14  1.6  0.0844125
14  1.7  0.071076
12  11.0  1.27997e-05
14  1.9  0.0507243
14  1.8  0.0599797
14  2.0  0.0425181
14  2.5  0.0188442
12  11.5  9.8223e-06
12  12.0  7.53666e-06
14  5.5  0.000538475
14  3.0  0.00894582
14  5.0  0.000864474
14  6.5  0.000230255
14  6.0  0.000341763
14  3.5  0.00459311
14  4.0  0.00250456
14  4.5  0.00143359
14  7.5  0.00010844
14  8.5  5.47001e-05
14  8.0  7.64904e-05
14  7.0  0.000156532
16  0.2  0.131262
14  9.0  3.97612e-05
16  0.3  0.182658
14  11.5  9.53114e-06
16  0.4  0.223638
14  9.5  2.93399e-05
16  0.5  0.253831
16  0.6  0.267761
14  10.0  2.18159e-05
16  0.7  0.265921
16  0.8  0.25138
16  0.9  0.233589
16  1.0  0.210153
16  1.1  0.184416
14  10.5  1.64373e-05
16  1.2  0.15692
16  1.3  0.136055
16  1.4  0.115852
16  1.5  0.0962888
14  11.0  1.24021e-05
16  1.6  0.0819447
16  1.7  0.0686254
16  1.8  0.0574177
16  1.9  0.0480178
16  2.0  0.0411626
16  2.5  0.0181554
14  12.0  7.32688e-06
16  3.5  0.00442113
16  4.0  0.00242518
16  5.5  0.000520063
16  3.0  0.00856226
16  4.5  0.00138668
16  5.0  0.000833416
16  6.5  0.000215896
16  6.0  0.000334812
16  7.5  0.000104514
16  8.5  5.15349e-05
16  8.0  7.37893e-05
16  7.0  0.000150456
18  0.2  0.133395
16  11.5  9.17192e-06
16  9.0  3.8445e-05
18  0.3  0.180376
18  0.4  0.222114
16  9.5  2.8117e-05
18  0.5  0.249146
18  0.6  0.262273
16  10.0  2.09797e-05
18  0.7  0.255388
18  0.8  0.247234
18  0.9  0.226537
18  1.0  0.203838
16  10.5  1.57219e-05
18  1.1  0.178248
18  1.2  0.1525
18  1.3  0.129859
18  1.4  0.110891
18  1.5  0.0925709
16  11.0  1.18017e-05
18  1.6  0.0788369
18  1.7  0.0662543
18  1.8  0.0556374
18  1.9  0.0472261
18  2.0  0.0391872
18  2.5  0.0173776
16  12.0  7.07908e-06
18  3.0  0.00834444
18  3.5  0.00423484
18  4.0  0.00230913
18  5.5  0.000492834
18  4.5  0.00131691
18  5.0  0.000795254
18  6.5  0.000213561
18  6.0  0.000320177
18  7.5  9.95904e-05
18  8.5  5.07208e-05
18  8.0  7.01262e-05
18  7.0  0.000141132
2  0.2  0.136285
18  9.0  3.66091e-05
2  0.3  0.19188
2  0.4  0.234808
18  9.5  2.70198e-05
2  0.5  0.268125
2  0.6  0.27779
2  0.7  0.278925
18  10.0  2.00367e-05
2  0.8  0.273012
2  0.9  0.252811
18  10.5  1.50781e-05
2  1.0  0.229126
2  1.1  0.201786
2  1.2  0.172979
2  1.3  0.148367
18  11.0  1.14371e-05
2  1.4  0.127801
18  12.0  6.77173e-06
2  1.5  0.109109
2  1.7  0.0766822
2  1.6  0.0923816
2  1.9  0.0549665
2  1.8  0.0645728
2  2.0  0.0465319
2  2.5  0.0206489
18  11.5  8.54125e-06
2  4.5  0.00158474
2  6.5  0.000251877
2  3.0  0.00998066
2  6.0  0.000378411
2  3.5  0.00506068
2  4.0  0.00277023
2  5.0  0.000941153
2  5.5  0.000596305
2  7.5  0.000117383
2  8.5  6.06448e-05
2  7.0  0.000173152
2  8.0  8.46211e-05
20  0.2  0.130738
2  9.0  4.43787e-05
20  0.3  0.176656
20  0.4  0.21728
2  9.5  3.24563e-05
20  0.5  0.243131
20  0.6  0.25502
2  10.0  2.34574e-05
20  0.7  0.252305
20  0.8  0.239682
20  0.9  0.216095
20  1.0  0.196279
20  1.1  0.16797
2  10.5  1.81437e-05
20  1.2  0.147035
20  1.3  0.125923
20  1.4  0.105743
20  1.5  0.089365
20  1.6  0.0754271
20  1.7  0.0630705
2  11.0  1.38e-05
20  1.8  0.052949
20  1.9  0.0440923
20  2.0  0.0368504
20  2.5  0.0165891
2  11.5  1.05835e-05
2  12.0  8.14865e-06
20  5.5  0.000467856
20  3.0  0.00785412
20  3.5  0.00397193
20  5.0  0.000751792
20  6.5  0.000200278
20  6.0  0.000300084
20  4.0  0.00218394
20  4.5  0.00124886
20  7.5  9.41582e-05
20  8.0  6.56307e-05
20  7.0  0.000136347
20  8.5  4.73568e-05
22  0.2  0.127879
20  9.0  3.46147e-05
22  0.3  0.172652
20  9.5  2.53493e-05
22  0.4  0.207688
22  0.5  0.236542
20  10.0  1.90489e-05
22  0.6  0.247434
22  0.7  0.243027
22  0.8  0.229437
20  10.5  1.4271e-05
22  0.9  0.2073
22  1.0  0.184624
22  1.1  0.162323
22  1.2  0.137704
22  1.3  0.118342
22  1.4  0.0998766
22  1.5  0.0835148
20  11.0  1.07524e-05
22  1.7  0.0587872
22  1.6  0.070504
22  1.8  0.0495443
20  11.5  8.20458e-06
22  1.9  0.0417626
22  2.0  0.0350665
22  2.5  0.0153932
20  12.0  6.38775e-06
22  3.5  0.00373636
22  5.5  0.000435344
22  5.0  0.000698288
22  6.5  0.00018585
22  3.0  0.00731162
22  6.0  0.000277157
22  4.0  0.00202979
22  4.5  0.0011516
22  7.5  8.7512e-05
22  8.0  6.16381e-05
22  8.5  4.41419e-05
22  7.0  0.000125122
24  0.2  0.124423
22  9.0  3.1668e-05
22  11.5  7.66607e-06
24  0.3  0.168261
24  0.4  0.204136
22  9.5  2.36602e-05
24  0.5  0.228106
24  0.6  0.236742
24  0.7  0.2308
24  0.8  0.217414
22  10.0  1.76019e-05
24  0.9  0.1961
22  10.5  1.33626e-05
24  1.1  0.149059
24  1.0  0.173832
24  1.2  0.129014
24  1.3  0.109493
24  1.4  0.0922479
24  1.5  0.0775048
24  1.6  0.0648438
24  1.7  0.0541767
24  1.8  0.0455208
22  11.0  1.00577e-05
24  1.9  0.0381306
24  2.0  0.0323631
24  2.5  0.0140189
22  12.0  5.85606e-06
24  4.0  0.00186282
24  5.5  0.000396503
24  3.0  0.00667532
24  5.0  0.000634655
24  6.0  0.00025278
24  6.5  0.000168962
24  3.5  0.00337407
24  4.5  0.00104974
24  7.5  7.95505e-05
24  8.5  4.02129e-05
24  8.0  5.51301e-05
24  7.0  0.000115193
26  0.2  0.119265
24  9.0  2.92158e-05
24  11.5  6.98145e-06
26  0.3  0.161232
24  9.5  2.17225e-05
26  0.4  0.195816
26  0.5  0.216381
26  0.6  0.219286
24  10.0  1.59975e-05
26  0.7  0.211484
26  0.8  0.200446
26  0.9  0.180534
24  10.5  1.20128e-05
26  1.0  0.158858
26  1.1  0.135554
26  1.2  0.115244
26  1.3  0.097373
24  12.0  5.27917e-06
26  1.5  0.0689227
26  1.4  0.0829343
26  1.6  0.0579552
26  1.7  0.0486358
24  11.0  9.16531e-06
26  2.0  0.0280316
26  1.8  0.0403404
26  1.9  0.0337456
26  2.5  0.0124072
26  3.5  0.0029944
26  4.0  0.00162201
26  5.0  0.000560013
26  5.5  0.000348797
26  3.0  0.00582288
26  6.0  0.000216977
26  6.5  0.000148849
26  4.5  0.000934312
26  7.5  6.92881e-05
26  8.5  3.54988e-05
26  9.5  1.88768e-05
26  7.0  9.99339e-05
26  8.0  4.95965e-05
28  0.2  0.112441
28  0.3  0.152489
26  9.0  2.55565e-05
26  11.5  6.1313e-06
28  0.4  0.177383
28  0.5  0.198917
28  0.6  0.200814
26  10.0  1.38346e-05
28  0.7  0.192603
28  0.8  0.177608
28  0.9  0.159567
28  1.0  0.138861
28  1.1  0.118352
28  1.2  0.0988171
26  10.5  1.05415e-05
28  1.3  0.0834837
28  1.4  0.0708836
28  1.5  0.0592734
26  12.0  4.71956e-06
28  1.6  0.0494746
28  1.8  0.0342274
28  1.7  0.0414594
28  1.9  0.0288527
28  2.0  0.0241153
26  11.0  8.02101e-06
28  2.5  0.0105363
28  4.0  0.00136536
28  5.0  0.000472684
28  5.5  0.000294689
28  6.5  0.000125074
28  3.0  0.00496004
28  6.0  0.000189139
28  3.5  0.00251067
28  4.5  0.000748122
28  7.5  5.84134e-05
28  7.0  8.50003e-05
28  8.5  2.98279e-05
28  8.0  4.09362e-05
30  0.2  0.101854
28  9.0  2.14146e-05
30  0.3  0.138213
28  10.5  8.85667e-06
30  0.4  0.159056
28  9.5  1.5861e-05
30  0.5  0.174723
30  0.6  0.174379
28  10.0  1.17873e-05
30  0.7  0.163862
30  0.8  0.150097
28  11.5  5.06673e-06
30  0.9  0.13143
30  1.0  0.113811
30  1.1  0.0967899
30  1.2  0.0819169
30  1.3  0.0686891
30  1.4  0.0568306
30  1.5  0.0472938
30  1.6  0.0389438
30  1.7  0.0325779
30  1.8  0.0275829
30  1.9  0.022963
28  11.0  6.68675e-06
30  2.0  0.0191859
30  2.5  0.00827566
28  12.0  3.89223e-06
30  6.0  0.000147239
30  3.5  0.00195369
30  5.0  0.000367673
30  5.5  0.000231129
30  6.5  9.77493e-05
30  3.0  0.0038651
30  4.0  0.00108125
30  4.5  0.000612901
30  7.5  4.54527e-05
30  7.0  6.5736e-05
30  8.0  3.23026e-05
30  10.0  9.23891e-06
30  8.5  2.31309e-05
32  0.2  0.090571
32  0.3  0.117279
30  11.5  3.94936e-06
30  10.5  6.91204e-06
30  9.0  1.68206e-05
32  0.4  0.138431
32  0.5  0.143576
30  9.5  1.24061e-05
32  0.6  0.139826
32  0.7  0.128414
32  0.8  0.115007
32  0.9  0.100635
32  1.0  0.085522
32  1.1  0.0719162
32  1.2  0.0612011
32  1.3  0.0501668
32  1.4  0.0414939
32  1.5  0.0346055
32  1.6  0.0284021
32  1.7  0.0240053
32  1.8  0.0198584
32  2.0  0.0137503
32  1.9  0.0165461
30  11.0  5.30021e-06
32  2.5  0.00600554
30  12.0  3.09351e-06
32  4.5  0.000442182
32  5.5  0.000165811
32  3.5  0.00139466
32  4.0  0.000764298
32  3.0  0.00282796
32  6.5  6.89336e-05
32  6.0  0.000104552
32  5.0  0.000261499
32  7.5  3.28326e-05
32  8.0  2.27453e-05
32  7.0  4.63395e-05
4  0.2  0.139532
32  8.5  1.65523e-05
4  0.3  0.19097
32  9.0  1.19788e-05
32  11.5  2.85427e-06
4  0.4  0.23357
4  0.5  0.266765
32  9.5  8.91411e-06
4  0.6  0.282233
4  0.7  0.277585
4  0.8  0.271177
4  0.9  0.248712
32  10.0  6.39555e-06
4  1.0  0.228145
4  1.1  0.201274
4  1.2  0.174994
4  1.3  0.149573
32  10.5  4.85102e-06
4  1.4  0.127992
4  1.5  0.108233
4  1.6  0.0914457
4  1.7  0.0774021
4  1.8  0.0653475
4  2.0  0.0457575
4  1.9  0.0550677
32  11.0  3.6945e-06
4  2.5  0.0206071
32  12.0  2.20851e-06
4  4.5  0.00158408
4  3.0  0.00971344
4  6.5  0.000253773
4  3.5  0.0050187
4  6.0  0.00038331
4  4.0  0.00274146
4  5.0  0.00094821
4  5.5  0.000596925
4  7.5  0.00011925
4  8.5  5.90701e-05
4  8.0  8.41821e-05
4  7.0  0.000171829
6  0.2  0.140646
4  9.0  4.35824e-05
6  0.3  0.188823
6  0.4  0.234353
4  9.5  3.25731e-05
6  0.5  0.266173
6  0.7  0.277659
6  0.6  0.282221
4  10.0  2.39809e-05
6  0.9  0.249446
6  0.8  0.270977
6  1.0  0.225954
6  1.1  0.200645
4  10.5  1.77648e-05
6  1.2  0.173774
6  1.3  0.14891
6  1.5  0.106931
6  1.4  0.127169
6  1.6  0.0906545
6  1.7  0.0768509
6  1.8  0.064489
4  11.0  1.37307e-05
6  1.9  0.0545255
6  2.0  0.0460198
6  2.5  0.0204154
4  11.5  1.05142e-05
4  12.0  8.12199e-06
6  4.5  0.00156578
6  3.0  0.00973141
6  6.5  0.000251255
6  3.5  0.00500723
6  4.0  0.00267713
6  6.0  0.000379365
6  5.0  0.000944487
6  5.5  0.000586802
6  7.5  0.000117937
6  8.5  6.00532e-05
6  8.0  8.39769e-05
6  7.0  0.000169701
8  0.2  0.138463
6  9.0  4.30414e-05
8  0.3  0.189665
8  0.4  0.225823
6  9.5  3.20388e-05
8  0.5  0.264048
6  10.0  2.35413e-05
8  0.6  0.280338
8  0.7  0.276818
8  0.8  0.267719
8  0.9  0.248521
8  1.0  0.223957
8  1.1  0.198558
6  10.5  1.79108e-05
8  1.2  0.1727
8  1.3  0.147204
8  1.5  0.105667
8  1.4  0.125511
8  1.6  0.0876769
6  11.0  1.35946e-05
8  1.7  0.0757473
8  1.8  0.0635827
8  1.9  0.0537105
8  2.0  0.0453742
8  2.5  0.0201225
6  11.5  1.03977e-05
6  12.0  8.0272e-06
8  4.5  0.00152926
8  3.0  0.00964093
8  6.0  0.000374348
8  6.5  0.000247796
8  3.5  0.00491659
8  4.0  0.00268951
8  5.0  0.000921612
8  5.5  0.00057565
8  7.5  0.000116384
8  8.5  5.84457e-05
8  8.0  8.238e-05
8  7.0  0.000167975
8  9.0  4.19431e-05
8  11.5  1.02494e-05
8  9.5  3.15883e-05
8  10.0  2.30395e-05
8  10.5  1.75984e-05
8  11.0  1.34342e-05
8  12.0  7.92202e-06
