# exclusive D0 cross section, Pb target, BCFY fragmentation, Xn0n channel
# generated      : 2026-10-02 23:30:34 EEST
# flux_model     : EFF (TARGET=AA)
# calls         : 1e5 below 3.0 GeV, 2e3 above (see EXCL_PT_THRESHOLD) (VEGAS calls per point, see CALLS_EXCL/CALLS_EXCL_FACTORIZED/CALLS_DIFF)
# dipole samples : data/Pb/mve/glauber_mve_<b>
# pD0 sweep      : 0.2 0.3 0.4 0.5 0.6 0.7 0.8 0.9 1.0 1.1 1.2 1.3 1.4 1.5 1.6 1.7 1.8 1.9 2.0 2.5 3.0 3.5 4.0 4.5 5.0 5.5 6.0 6.5 7.0 7.5 8.0 8.5 9.0 9.5 10.0 10.5 11.0 11.5 12.0
# fixed rapidity y : 0.0
# ============================================================
# b  pD0  dsigma_dyd2pD0
0  0.2  1.01892
0  0.3  0.854337
0  0.5  0.569693
0  0.4  0.704319
0  0.7  0.354894
0  0.6  0.45343
0  0.8  0.275341
0  1.1  0.123185
0  0.9  0.211564
0  1.0  0.161546
0  1.3  0.0714404
0  1.4  0.0542928
0  1.5  0.04094
0  1.2  0.0931806
0  1.6  0.0317042
0  1.7  0.0243039
0  1.8  0.0187462
0  1.9  0.0144376
0  2.0  0.0110474
0  2.5  0.00308289
0  3.0  0.00102045
0  3.5  0.000352327
0  4.0  0.000131684
0  5.5  1.03281e-05
0  5.0  2.27391e-05
0  6.0  4.95147e-06
0  6.5  2.49147e-06
0  4.5  5.33982e-05
0  7.5  7.05215e-07
0  8.5  2.28717e-07
0  7.0  1.295e-06
0  9.5  8.26028e-08
0  8.0  3.96495e-07
0  10.5  3.28439e-08
10  0.2  0.966112
0  11.0  2.13827e-08
10  0.3  0.808312
0  9.0  1.35996e-07
10  0.4  0.666254
10  0.5  0.538299
10  0.6  0.426178
10  0.7  0.334055
0  10.0  5.17614e-08
10  0.8  0.258613
10  0.9  0.198079
10  1.0  0.151282
10  1.1  0.115094
10  1.2  0.0870573
10  1.3  0.0660068
10  1.4  0.0502218
10  1.5  0.0379387
10  1.6  0.02898
10  1.7  0.0221032
10  1.8  0.0172228
10  1.9  0.0132754
10  2.0  0.0100814
10  2.5  0.00294647
0  11.5  1.42145e-08
0  12.0  9.58192e-09
10  3.5  0.000322692
10  5.0  2.07748e-05
10  4.0  0.000120147
10  4.5  4.82501e-05
10  3.0  0.000939704
10  5.5  9.39546e-06
10  6.5  2.2649e-06
10  6.0  4.50397e-06
10  7.5  6.40778e-07
10  7.0  1.1767e-06
10  8.5  2.07543e-07
10  10.5  2.97534e-08
10  8.0  3.59795e-07
12  0.2  0.941887
10  11.0  1.93714e-08
10  9.0  1.23358e-07
12  0.3  0.788773
12  0.4  0.648954
12  0.5  0.52345
10  9.5  7.52198e-08
12  0.6  0.415699
12  0.7  0.324801
12  0.8  0.250886
12  1.0  0.146691
12  0.9  0.192084
10  10.0  4.69192e-08
12  1.1  0.111078
12  1.3  0.0642548
12  1.2  0.084277
12  1.4  0.0486275
12  1.5  0.0366618
12  1.7  0.0216857
12  1.6  0.0277846
12  1.9  0.0127641
12  1.8  0.0161938
12  2.0  0.00984623
12  2.5  0.00281147
10  11.5  1.28777e-08
12  3.5  0.000309294
10  12.0  8.69e-09
12  5.0  1.98653e-05
12  3.0  0.000894212
12  4.0  0.000115018
12  4.5  4.61639e-05
12  5.5  8.98401e-06
12  6.0  4.30403e-06
12  7.5  6.12014e-07
12  6.5  2.15827e-06
12  7.0  1.1242e-06
12  8.5  1.98181e-07
12  10.5  2.84151e-08
12  8.0  3.43543e-07
14  0.2  0.912207
14  0.3  0.762452
12  9.0  1.17769e-07
14  0.4  0.627356
14  0.5  0.505239
12  9.5  7.17876e-08
14  0.6  0.401167
14  0.7  0.313066
14  0.9  0.184702
14  0.8  0.24149
12  10.0  4.4779e-08
14  1.0  0.140599
14  1.1  0.106765
14  1.2  0.0807083
14  1.3  0.0610246
14  1.4  0.0462857
14  1.5  0.0349297
14  1.6  0.0266933
14  1.7  0.0204218
14  1.8  0.0158417
14  1.9  0.0119319
14  2.0  0.00931398
14  2.5  0.00272269
12  11.0  1.85815e-08
12  11.5  1.21314e-08
12  12.0  8.28807e-09
14  3.5  0.000293198
14  4.0  0.000108917
14  4.5  4.36895e-05
14  5.0  1.87328e-05
14  3.0  0.000854846
14  5.5  8.4911e-06
14  6.0  4.06688e-06
14  6.5  2.0388e-06
14  7.5  5.7743e-07
14  8.5  1.87077e-07
14  7.0  1.06127e-06
14  9.5  6.75052e-08
14  8.0  3.24132e-07
16  0.2  0.876895
16  0.3  0.732062
14  9.0  1.11128e-07
16  0.4  0.6015
16  0.5  0.484597
16  0.6  0.383521
14  12.0  7.7861e-09
16  0.7  0.298804
16  0.8  0.230249
14  10.0  4.2236e-08
16  0.9  0.176193
16  1.0  0.133829
16  1.1  0.101542
16  1.2  0.0765615
16  1.3  0.0582108
14  10.5  2.6927e-08
16  1.4  0.0438279
16  1.5  0.0333381
16  1.6  0.0256832
16  1.7  0.0194433
16  1.8  0.0145749
16  1.9  0.0115376
14  11.0  1.75231e-08
16  2.0  0.00877541
16  2.5  0.00256522
14  11.5  1.15818e-08
16  3.5  0.000274301
16  3.0  0.000794629
16  5.0  1.74758e-05
16  4.0  0.000102384
16  6.0  3.79112e-06
16  4.5  4.11229e-05
16  5.5  7.9699e-06
16  6.5  1.89965e-06
16  7.5  5.37882e-07
16  8.5  1.74134e-07
16  7.0  9.89171e-07
16  9.5  6.28273e-08
16  8.0  3.01564e-07
18  0.2  0.833852
16  11.0  1.62141e-08
16  9.0  1.0342e-07
18  0.3  0.69565
18  0.4  0.570823
18  0.5  0.458086
18  0.6  0.362913
18  0.7  0.282055
18  0.8  0.217084
16  10.0  3.92713e-08
18  0.9  0.165847
18  1.0  0.125752
18  1.1  0.0950783
18  1.2  0.0715289
18  1.3  0.0540872
16  10.5  2.50318e-08
18  1.4  0.0408714
18  1.5  0.0308473
18  1.6  0.0237403
18  1.7  0.0181798
18  1.9  0.010667
18  1.8  0.0137257
18  2.0  0.00818566
18  2.5  0.00237341
16  11.5  1.07609e-08
18  3.5  0.000252375
16  12.0  7.29314e-09
18  3.0  0.000732423
18  4.0  9.36111e-05
18  5.0  1.6033e-05
18  4.5  3.77561e-05
18  6.0  3.47364e-06
18  5.5  7.30936e-06
18  7.5  4.92076e-07
18  6.5  1.73896e-06
18  7.0  9.0573e-07
18  8.5  1.59096e-07
18  9.0  9.4288e-08
18  8.0  2.74688e-07
2  0.2  1.01722
2  0.3  0.852814
2  0.4  0.702959
18  9.5  5.75475e-08
2  0.5  0.56848
2  0.6  0.452159
2  0.7  0.35405
2  0.8  0.274372
18  10.0  3.58809e-08
2  0.9  0.211032
2  1.0  0.161112
2  1.1  0.122851
18  10.5  2.28646e-08
2  1.2  0.0929945
2  1.3  0.0713339
2  1.4  0.0541898
2  1.5  0.0407809
2  1.6  0.0309985
2  1.8  0.0186921
2  1.7  0.0237907
2  1.9  0.0143655
2  2.0  0.0110024
18  11.0  1.48577e-08
2  2.5  0.00323533
18  11.5  9.87886e-09
18  12.0  6.63457e-09
2  3.0  0.00101707
2  3.5  0.000351076
2  4.0  0.000131225
2  5.0  2.26583e-05
2  5.5  1.02907e-05
2  6.0  4.9336e-06
2  6.5  2.48241e-06
2  4.5  5.32102e-05
2  7.5  7.0269e-07
2  8.5  2.27877e-07
2  7.0  1.29034e-06
2  9.5  8.2299e-08
2  8.0  3.9293e-07
2  10.5  3.27216e-08
2  11.0  2.13017e-08
20  0.2  0.782594
2  9.0  1.35495e-07
20  0.3  0.652163
20  0.4  0.534249
20  0.5  0.428151
20  0.6  0.338411
20  0.7  0.262118
2  10.0  5.15685e-08
20  0.8  0.201373
20  0.9  0.153501
20  1.0  0.116218
20  1.1  0.0875731
20  1.2  0.066329
20  1.3  0.0500175
20  1.4  0.0374638
20  1.5  0.0281898
20  1.6  0.0218073
20  1.7  0.0164227
20  1.8  0.0124008
20  1.9  0.00969697
20  2.0  0.00738665
20  2.5  0.00210271
2  11.5  1.41615e-08
2  12.0  9.54588e-09
20  3.5  0.000227394
20  4.0  8.42826e-05
20  4.5  3.37212e-05
20  5.0  1.43971e-05
20  3.0  0.000667696
20  6.0  3.11189e-06
20  5.5  6.55927e-06
20  7.5  4.40313e-07
20  7.0  8.11415e-07
20  9.0  8.42815e-08
20  6.5  1.56658e-06
20  8.0  2.45671e-07
20  8.5  1.41778e-07
22  0.2  0.721297
22  0.3  0.600317
22  0.4  0.490555
20  9.5  5.14258e-08
22  0.5  0.392331
22  0.6  0.308865
20  10.0  3.20525e-08
22  0.7  0.239504
22  0.8  0.183333
22  0.9  0.139094
22  1.0  0.104983
22  1.1  0.0791485
20  10.5  2.04189e-08
22  1.2  0.0594056
22  1.3  0.0446767
22  1.4  0.0335639
22  1.5  0.0255991
22  1.6  0.0192269
22  1.7  0.0145545
20  11.0  1.32641e-08
22  1.8  0.0110875
22  1.9  0.00855322
22  2.0  0.00668456
22  2.5  0.00178642
20  11.5  8.77199e-09
20  12.0  5.9193e-09
22  3.5  0.000198734
22  3.0  0.000582079
22  4.0  7.37009e-05
22  5.0  1.25519e-05
22  4.5  2.94301e-05
22  6.0  2.71888e-06
22  7.0  7.07117e-07
22  5.5  5.71392e-06
22  6.5  1.35431e-06
22  8.5  1.23469e-07
22  7.5  3.81323e-07
22  9.0  7.30684e-08
22  8.0  2.14207e-07
22  11.0  1.14358e-08
24  0.2  0.647403
24  0.3  0.537659
24  0.4  0.438295
22  9.5  4.4522e-08
24  0.5  0.349995
24  0.6  0.273761
22  12.0  5.03931e-09
24  0.7  0.21202
24  0.8  0.161551
22  10.0  2.77727e-08
24  0.9  0.122007
24  1.0  0.0921044
24  1.1  0.0691561
24  1.3  0.0388864
24  1.2  0.0516201
24  1.4  0.028986
22  10.5  1.76721e-08
24  1.5  0.0217785
24  1.6  0.0164442
24  1.8  0.00970999
24  1.7  0.012511
24  1.9  0.00739776
24  2.5  0.00160609
24  2.0  0.00564015
22  11.5  7.59121e-09
24  3.5  0.000168035
24  3.0  0.000491827
24  4.0  6.19233e-05
24  4.5  2.46779e-05
24  5.0  1.0511e-05
24  6.0  2.26209e-06
24  5.5  4.7758e-06
24  7.5  3.18386e-07
24  6.5  1.12903e-06
24  7.0  5.86983e-07
24  8.5  1.02725e-07
24  8.0  1.77364e-07
24  10.5  1.45766e-08
24  11.0  9.45983e-09
26  0.2  0.558657
24  9.0  6.08479e-08
26  0.3  0.463229
26  0.4  0.376089
26  0.5  0.299007
26  0.6  0.233795
24  9.5  3.69793e-08
26  0.7  0.179752
24  12.0  4.17352e-09
26  0.8  0.136446
24  10.0  2.30292e-08
26  0.9  0.102589
26  1.0  0.0769686
26  1.1  0.0576908
26  1.2  0.0430294
26  1.3  0.0320313
26  1.4  0.0239561
26  1.5  0.0182013
26  1.6  0.0135223
26  1.7  0.0101516
26  1.8  0.00783561
26  1.9  0.00591056
26  2.0  0.00461333
26  2.5  0.00130971
24  11.5  6.28545e-09
26  3.5  0.000133614
26  3.0  0.000393104
26  4.0  4.90907e-05
26  4.5  1.95181e-05
26  5.0  8.29144e-06
26  6.0  1.7763e-06
26  5.5  3.75653e-06
26  6.5  8.85408e-07
26  7.0  4.59958e-07
26  9.0  4.73525e-08
26  7.5  2.48186e-07
26  8.0  1.38494e-07
26  10.5  1.1347e-08
26  8.5  8.01281e-08
28  0.2  0.454938
26  11.0  7.35604e-09
28  0.3  0.375305
28  0.4  0.303685
28  0.5  0.240011
26  9.5  2.88222e-08
26  12.0  3.24134e-09
28  0.6  0.186685
28  0.7  0.142332
28  0.8  0.107366
28  0.9  0.0805163
26  10.0  1.79254e-08
28  1.0  0.0600191
28  1.1  0.0446235
28  1.2  0.0331331
28  1.3  0.0247766
28  1.4  0.0182653
28  1.5  0.0136108
28  1.6  0.0103044
28  1.7  0.00770934
28  1.8  0.00591017
28  2.0  0.0034166
28  1.9  0.00446144
28  2.5  0.000942056
26  11.5  4.88318e-09
28  3.0  0.000290319
28  4.5  1.42013e-05
28  5.5  2.69932e-06
28  3.5  9.73711e-05
28  4.0  3.56604e-05
28  5.0  5.98691e-06
28  6.0  1.27659e-06
28  7.5  1.77776e-07
28  6.5  6.34715e-07
28  7.0  3.30877e-07
28  10.0  1.26911e-08
28  8.0  9.91781e-08
28  8.5  5.70307e-08
30  0.2  0.338838
30  0.3  0.278315
28  9.0  3.37371e-08
30  0.4  0.223613
30  0.5  0.175214
28  9.5  2.04402e-08
30  0.6  0.135515
28  12.0  2.29317e-09
30  0.7  0.102631
30  0.8  0.0769173
30  0.9  0.0571163
30  1.0  0.0422765
30  1.1  0.031157
30  1.2  0.0229764
28  10.5  8.07523e-09
30  1.3  0.0170136
30  1.4  0.0125935
30  1.5  0.00943467
30  1.7  0.00536616
30  1.6  0.00694292
30  1.8  0.00391477
30  1.9  0.0030472
28  11.0  5.23111e-09
30  2.0  0.00232963
30  2.5  0.000625512
28  11.5  3.45453e-09
30  4.5  9.08132e-06
30  3.0  0.000188822
30  3.5  6.30377e-05
30  4.0  2.29219e-05
30  5.0  3.80892e-06
30  5.5  1.70588e-06
30  6.0  8.05459e-07
30  7.0  2.06998e-07
30  6.5  3.99123e-07
30  9.0  2.09089e-08
30  7.5  1.10891e-07
30  10.0  7.83649e-09
30  8.0  6.1937e-08
32  0.2  0.223585
30  8.5  3.55559e-08
32  0.3  0.182356
32  0.4  0.145414
32  0.5  0.11326
32  0.6  0.0863992
30  9.5  1.26883e-08
32  0.7  0.0648949
32  0.8  0.04801
32  1.0  0.0260321
32  0.9  0.0354104
32  1.1  0.0190303
32  1.2  0.0139464
32  1.3  0.0102253
32  1.4  0.00748148
32  1.5  0.00552215
30  10.5  4.9978e-09
32  1.6  0.00408529
32  1.7  0.00305501
32  1.8  0.00232081
32  1.9  0.00174971
32  2.0  0.00134253
32  2.5  0.000355581
30  11.0  3.23424e-09
30  11.5  2.13275e-09
30  12.0  1.43376e-09
32  3.0  0.000105362
32  5.5  9.14166e-07
32  3.5  3.4725e-05
32  4.0  1.25154e-05
32  4.5  4.89686e-06
32  5.0  2.04698e-06
32  6.0  4.29341e-07
32  7.0  1.09173e-07
32  7.5  5.83413e-08
32  6.5  2.1305e-07
32  10.0  4.06082e-09
32  10.5  2.57558e-09
32  8.0  3.24854e-08
4  0.2  1.011
32  8.5  1.86023e-08
32  11.0  1.66434e-09
4  0.3  0.847717
32  9.0  1.09377e-08
4  0.4  0.698604
4  0.5  0.564878
4  0.6  0.449199
32  9.5  6.60019e-09
4  0.7  0.351256
4  0.8  0.272783
4  0.9  0.2094
4  1.0  0.160132
4  1.1  0.121884
4  1.2  0.0922609
4  1.3  0.0701754
4  1.4  0.0532635
4  1.5  0.0409199
4  1.6  0.0312624
4  1.7  0.0237323
4  1.8  0.0180428
4  1.9  0.0141758
4  2.0  0.0109434
4  2.5  0.00323382
32  11.5  1.10036e-09
4  3.0  0.00100679
32  12.0  7.38599e-10
4  3.5  0.000347455
4  4.0  0.000129848
4  5.0  2.24153e-05
4  5.5  1.01786e-05
4  6.5  2.455e-06
4  4.5  5.26457e-05
4  6.0  4.87996e-06
4  7.5  6.95248e-07
4  8.5  2.25338e-07
4  7.0  1.27615e-06
4  9.5  8.13906e-08
4  8.0  3.88549e-07
4  10.5  3.23533e-08
6  0.2  1.00026
4  11.0  2.10584e-08
6  0.3  0.838652
4  9.0  1.33998e-07
6  0.4  0.690857
6  0.5  0.55777
6  0.6  0.444558
6  0.7  0.348129
6  0.8  0.269367
6  1.0  0.157938
6  0.9  0.206768
4  10.0  5.09889e-08
6  1.1  0.119997
6  1.2  0.0910052
6  1.3  0.0696423
6  1.4  0.0527008
6  1.5  0.039815
6  1.6  0.0303671
6  1.7  0.0233032
6  1.8  0.0177579
6  1.9  0.0138883
6  2.0  0.0107913
6  2.5  0.00314748
4  11.5  1.40011e-08
4  12.0  9.43787e-09
6  3.5  0.000341359
6  4.0  0.000127552
6  5.0  2.20129e-05
6  5.5  9.99253e-06
6  3.0  0.000995738
6  6.5  2.40946e-06
6  6.0  4.79119e-06
6  4.5  5.17037e-05
6  7.5  6.82358e-07
6  8.5  2.21141e-07
6  7.0  1.25262e-06
6  9.5  7.98342e-08
6  8.0  3.81239e-07
6  10.5  3.14657e-08
8  0.2  0.98606
6  11.0  2.0654e-08
6  9.0  1.31479e-07
8  0.3  0.826227
8  0.4  0.680265
8  0.5  0.549956
8  0.7  0.341393
8  0.6  0.437185
8  0.8  0.264364
8  1.0  0.155245
8  0.9  0.203153
6  10.0  5.00213e-08
8  1.1  0.117918
8  1.3  0.0682835
8  1.2  0.0892166
8  1.4  0.0512597
8  1.5  0.0394159
8  1.6  0.0296405
8  1.7  0.0231792
8  1.8  0.0179111
8  1.9  0.0136518
8  2.0  0.0104719
8  2.5  0.00309327
6  11.5  1.37338e-08
6  12.0  9.25779e-09
8  3.5  0.000332861
8  4.0  0.000124321
8  4.5  4.99466e-05
8  5.5  9.73124e-06
8  3.0  0.000971234
8  6.0  4.66555e-06
8  5.0  2.15612e-05
8  6.5  2.3397e-06
8  7.5  6.64209e-07
8  8.5  2.152e-07
8  7.0  1.21942e-06
8  10.5  3.08681e-08
8  8.0  3.73056e-07
8  11.0  2.00911e-08
8  9.0  1.27909e-07
8  9.5  7.80316e-08
8  10.0  4.86619e-08
8  11.5  1.33619e-08
8  12.0  9.00732e-09
