# diffractive D0 cross section, Pb target, HymnD fragmentation, An0n channel
# generated      : 2026-08-20 10:20:13 EEST
# calls          : 1e5 (VEGAS calls per point, see CALLS_EXCL/CALLS_EXCL_FACTORIZED/CALLS_DIFF)
# dipole samples : data/Pb/mve/glauber_mve_<b>
# pD0 sweep      : 0.2 0.3 0.4 0.5 0.6 0.7 0.8 0.9 1.0 1.1 1.2 1.3 1.4 1.5 1.6 1.7 1.8 1.9 2.0 2.5 3.0 3.5 4.0 4.5 5.0 5.5 6.0 6.5 7.0 7.5 8.0 8.5 9.0 9.5 10.0 10.5 11.0 11.5 12.0
# fixed rapidity y : 3.0
# ============================================================
# b  pD0  dsigma_dyd2pD0
0  0.4  0.0929777
0  0.2  0.0500971
0  0.3  0.073951
0  0.5  0.10062
0  0.8  0.0742367
0  0.6  0.0982145
0  0.7  0.0882711
0  0.9  0.0603398
0  1.0  0.0481434
0  1.3  0.0224332
0  1.1  0.037678
0  1.2  0.0289454
0  1.4  0.0169362
0  1.5  0.0131479
0  1.6  0.00982479
0  1.7  0.00744842
0  1.8  0.00563738
0  1.9  0.00440235
0  2.5  0.000944727
0  2.0  0.00335767
0  3.0  0.000290787
0  3.5  9.9587e-05
0  5.0  6.10898e-06
0  4.0  3.688e-05
0  4.5  1.48192e-05
0  5.5  2.56928e-06
0  6.0  1.1554e-06
0  8.0  6.67819e-08
0  6.5  5.52159e-07
0  7.0  2.66408e-07
0  7.5  1.33954e-07
0  8.5  3.46581e-08
0  9.0  1.81606e-08
0  9.5  9.69577e-09
0  10.0  5.21912e-09
10  0.2  0.0496387
10  0.3  0.0735114
10  0.4  0.0912641
0  10.5  3.01183e-09
10  0.5  0.0988447
10  0.6  0.0957949
10  0.7  0.0855852
10  0.8  0.0722504
10  0.9  0.0586293
10  1.0  0.04534
0  11.0  1.65928e-09
10  1.1  0.0363056
10  1.3  0.0213905
10  1.2  0.0279065
10  1.4  0.0164218
10  1.5  0.0121598
10  1.6  0.00938909
10  1.8  0.00544974
10  1.7  0.00719839
10  1.9  0.00421112
0  11.5  9.38444e-10
10  2.0  0.00322989
10  2.5  0.00090189
10  3.0  0.000275995
10  3.5  9.0971e-05
0  12.0  5.30359e-10
10  4.0  3.42211e-05
10  4.5  1.37564e-05
10  5.0  5.79538e-06
10  5.5  2.52909e-06
10  6.0  1.14217e-06
10  7.5  1.26947e-07
10  6.5  5.34103e-07
10  7.0  2.47845e-07
10  8.0  6.4332e-08
10  8.5  3.24057e-08
10  9.0  1.73178e-08
10  9.5  9.34907e-09
10  10.0  5.02781e-09
12  0.2  0.0492218
12  0.3  0.0731976
12  0.4  0.0905668
12  0.5  0.0985428
10  10.5  2.77173e-09
12  0.6  0.0940872
12  0.7  0.0832297
12  0.8  0.0709293
10  11.5  9.00609e-10
12  0.9  0.0575782
12  1.0  0.045771
12  1.1  0.0358907
10  11.0  1.59023e-09
12  1.2  0.0273952
12  1.3  0.0210883
12  1.4  0.0158536
12  1.5  0.0120878
12  1.6  0.0093623
12  1.7  0.00698292
12  1.8  0.00529216
12  1.9  0.00412343
12  2.0  0.00317703
12  2.5  0.000852147
12  3.0  0.000271141
10  12.0  5.14318e-10
12  3.5  9.06504e-05
12  4.0  3.3618e-05
12  4.5  1.39274e-05
12  5.0  5.4863e-06
12  5.5  2.32904e-06
12  6.0  1.05727e-06
12  6.5  5.06297e-07
12  7.0  2.42366e-07
12  8.5  3.13929e-08
12  7.5  1.23184e-07
12  8.0  6.2864e-08
12  9.0  1.65821e-08
12  9.5  9.37318e-09
12  10.0  4.85738e-09
14  0.2  0.0485444
14  0.3  0.0725657
12  10.5  2.70725e-09
14  0.4  0.090111
14  0.5  0.0948058
14  0.6  0.0928298
14  0.7  0.0829055
14  0.8  0.0699908
14  0.9  0.0569252
14  1.0  0.0442962
14  1.1  0.03465
14  1.2  0.0267312
14  1.3  0.0203334
12  11.0  1.55737e-09
14  1.4  0.0155397
14  1.5  0.0117733
14  1.6  0.00900716
14  1.7  0.0070225
14  1.9  0.00398338
14  1.8  0.00517751
14  2.0  0.00303007
14  3.0  0.000263543
14  2.5  0.000846184
12  11.5  8.62455e-10
14  3.5  9.15199e-05
12  12.0  5.13139e-10
14  4.0  3.36392e-05
14  4.5  1.34516e-05
14  5.0  5.49841e-06
14  5.5  2.38284e-06
14  6.0  1.06605e-06
14  6.5  5.05736e-07
14  7.0  2.42257e-07
14  8.5  2.99371e-08
14  7.5  1.14325e-07
14  8.0  6.04745e-08
14  9.0  1.66853e-08
14  9.5  8.5966e-09
14  10.0  4.83265e-09
16  0.2  0.048691
16  0.3  0.0720327
16  0.4  0.0893748
14  10.5  2.60688e-09
16  0.5  0.0958097
16  0.6  0.0915329
16  0.7  0.0814933
16  0.8  0.0689684
16  0.9  0.0553907
16  1.0  0.0432297
14  11.0  1.49826e-09
16  1.1  0.0339533
16  1.3  0.0199656
16  1.2  0.0261173
16  1.5  0.0114275
16  1.4  0.015147
16  1.6  0.00868019
16  1.7  0.00663158
16  1.8  0.00502468
16  2.0  0.00292617
16  1.9  0.00386248
16  3.0  0.000259592
16  2.5  0.000823391
16  3.5  8.70519e-05
14  12.0  4.88759e-10
14  11.5  8.44176e-10
16  4.0  3.26447e-05
16  4.5  1.29294e-05
16  5.0  5.03236e-06
16  5.5  2.21901e-06
16  6.5  4.84333e-07
16  6.0  1.02201e-06
16  7.0  2.31138e-07
16  8.5  2.95002e-08
16  7.5  1.15455e-07
16  8.0  5.6107e-08
16  9.0  1.59393e-08
16  9.5  8.60152e-09
16  10.0  4.65289e-09
18  0.2  0.0477661
18  0.3  0.071156
16  10.5  2.56339e-09
18  0.4  0.087851
18  0.5  0.0943698
18  0.6  0.0902491
18  0.7  0.079763
18  0.8  0.0660819
18  0.9  0.0535226
18  1.0  0.04228
18  1.1  0.0324623
16  11.0  1.4313e-09
18  1.3  0.0191353
18  1.2  0.025017
18  1.4  0.0145149
18  1.5  0.0110025
18  1.6  0.00838052
18  1.7  0.00636457
18  1.8  0.00480725
18  1.9  0.00373196
18  2.5  0.000770213
18  2.0  0.00282857
16  11.5  8.09342e-10
18  3.0  0.000243307
18  3.5  8.47091e-05
16  12.0  4.66781e-10
18  4.0  3.18024e-05
18  4.5  1.19187e-05
18  5.0  5.04894e-06
18  5.5  2.18421e-06
18  6.0  9.77837e-07
18  6.5  4.51888e-07
18  7.0  2.22099e-07
18  7.5  1.1092e-07
18  8.0  5.62641e-08
18  8.5  2.91656e-08
18  9.0  1.48395e-08
18  9.5  8.09842e-09
18  11.0  1.38193e-09
18  10.0  4.44011e-09
2  0.2  0.0498128
2  0.3  0.073522
2  0.4  0.0921414
2  0.5  0.100623
18  10.5  2.38637e-09
2  0.6  0.0964225
2  0.7  0.0877289
2  0.8  0.0744396
2  1.0  0.0476743
2  0.9  0.0602441
2  1.1  0.0369829
2  1.2  0.0287788
2  1.3  0.0222279
2  1.4  0.0168451
2  1.5  0.0128761
2  1.6  0.00998568
2  1.7  0.00759189
2  1.9  0.00450865
2  1.8  0.00575681
2  2.0  0.0033499
2  2.5  0.00095002
18  11.5  7.73063e-10
2  3.0  0.000290073
2  3.5  9.91016e-05
18  12.0  4.49876e-10
2  5.0  6.16385e-06
2  4.0  3.58071e-05
2  4.5  1.41294e-05
2  5.5  2.56154e-06
2  6.0  1.18241e-06
2  8.0  6.5816e-08
2  6.5  5.46349e-07
2  7.0  2.66147e-07
2  7.5  1.33763e-07
2  8.5  3.4723e-08
2  9.0  1.78559e-08
2  9.5  9.6349e-09
2  10.0  5.38289e-09
20  0.2  0.047933
20  0.3  0.0703914
20  0.4  0.0870491
2  10.5  2.93201e-09
20  0.5  0.0910771
20  0.6  0.0870437
20  0.7  0.0767298
20  0.8  0.0642708
20  0.9  0.0514324
20  1.0  0.0407147
20  1.1  0.0316343
2  11.0  1.63217e-09
20  1.2  0.0239698
20  1.3  0.0179739
20  1.5  0.0104996
20  1.4  0.0138658
20  1.6  0.00793274
20  1.8  0.00464934
20  1.7  0.00599707
20  1.9  0.00358259
20  2.0  0.00271881
20  2.5  0.000730985
20  3.0  0.00023265
2  11.5  9.25401e-10
20  3.5  7.98828e-05
2  12.0  5.34195e-10
20  4.0  2.84457e-05
20  5.5  2.02503e-06
20  4.5  1.09304e-05
20  5.0  4.7864e-06
20  6.0  8.92353e-07
20  6.5  4.42488e-07
20  7.0  2.11591e-07
20  8.5  2.72342e-08
20  7.5  1.05758e-07
20  8.0  5.3134e-08
20  9.0  1.43538e-08
20  9.5  7.73544e-09
20  10.0  4.18033e-09
22  0.2  0.0468903
22  0.3  0.0690551
22  0.4  0.0850081
22  0.5  0.0892611
22  0.6  0.0840557
22  0.7  0.073664
20  10.5  2.28726e-09
22  0.8  0.061537
22  0.9  0.0485879
22  1.0  0.0388325
22  1.1  0.0297244
22  1.2  0.0228932
22  1.3  0.0170793
22  1.4  0.0129319
22  1.6  0.00742898
22  1.5  0.0097757
20  11.0  1.28802e-09
22  1.7  0.00566435
22  1.9  0.00324076
22  1.8  0.00429951
22  2.0  0.00249126
22  2.5  0.000709855
20  12.0  4.14814e-10
22  3.0  0.00021902
22  3.5  7.38416e-05
20  11.5  7.42145e-10
22  4.0  2.75978e-05
22  4.5  1.06943e-05
22  5.0  4.43739e-06
22  6.0  8.90276e-07
22  5.5  1.88139e-06
22  7.5  9.42525e-08
22  6.5  4.08733e-07
22  7.0  1.97509e-07
22  8.0  4.72299e-08
22  8.5  2.45377e-08
22  9.0  1.28855e-08
22  9.5  6.93818e-09
22  10.0  3.80084e-09
22  11.5  6.7383e-10
24  0.2  0.0457147
22  11.0  1.18807e-09
24  0.3  0.0674622
24  0.4  0.0820449
22  10.5  2.10497e-09
24  0.5  0.085753
24  0.6  0.0802003
24  0.7  0.069602
24  0.8  0.0571264
24  0.9  0.0460235
24  1.0  0.0359007
24  1.1  0.0274315
24  1.2  0.0210453
24  1.3  0.0157483
24  1.4  0.0121127
24  1.5  0.00904146
24  1.6  0.00681484
24  1.7  0.00525448
24  2.0  0.00233416
24  1.8  0.00395125
24  1.9  0.00304187
24  2.5  0.000640242
24  3.0  0.000197304
24  3.5  6.59666e-05
22  12.0  3.8341e-10
24  5.0  4.07744e-06
24  4.0  2.48154e-05
24  4.5  9.72947e-06
24  5.5  1.64544e-06
24  6.0  8.03687e-07
24  6.5  3.71768e-07
24  8.0  4.30789e-08
24  7.0  1.76471e-07
24  7.5  8.86839e-08
24  8.5  2.24913e-08
24  10.0  3.42075e-09
24  9.0  1.21895e-08
24  10.5  1.97021e-09
24  9.5  6.45162e-09
26  0.2  0.0448495
26  0.3  0.0657659
26  0.4  0.0791487
26  0.5  0.0811175
24  12.0  3.59518e-10
26  0.6  0.0743073
26  0.7  0.0638754
26  0.8  0.0524821
26  0.9  0.0421579
26  1.0  0.0325098
26  1.1  0.0247772
26  1.3  0.0142913
26  1.2  0.0187044
26  1.4  0.0108118
26  1.5  0.00803256
24  11.0  1.109e-09
26  1.6  0.00610194
26  1.7  0.00461538
26  1.8  0.00348889
26  1.9  0.0026537
26  2.0  0.00198013
26  2.5  0.000548792
26  3.0  0.000164751
26  3.5  5.82853e-05
24  11.5  6.30471e-10
26  4.0  2.08805e-05
26  4.5  8.4081e-06
26  5.0  3.60665e-06
26  6.0  7.08358e-07
26  5.5  1.56644e-06
26  7.0  1.57336e-07
26  6.5  3.24771e-07
26  8.0  3.95039e-08
26  7.5  7.40097e-08
26  8.5  2.00117e-08
26  9.0  1.07495e-08
26  9.5  5.79325e-09
26  10.0  3.14433e-09
28  0.2  0.0424877
28  0.3  0.0620167
26  10.5  1.74383e-09
28  0.4  0.0738094
28  0.5  0.0744269
28  0.6  0.0679106
28  0.7  0.0573599
28  0.8  0.0465764
28  0.9  0.0370021
28  1.0  0.0281522
28  1.1  0.021289
28  1.2  0.0162023
28  1.3  0.0123934
28  1.5  0.00688514
28  1.4  0.00915697
26  11.0  9.48838e-10
28  1.6  0.00513612
28  1.7  0.00383725
28  1.9  0.00227671
28  1.8  0.00292342
28  2.0  0.00169081
28  2.5  0.000476171
28  3.5  4.81172e-05
28  3.0  0.000147653
26  11.5  5.37895e-10
26  12.0  3.21268e-10
28  4.0  1.79908e-05
28  6.0  5.79071e-07
28  4.5  7.3055e-06
28  5.0  2.89871e-06
28  5.5  1.33563e-06
28  7.0  1.30865e-07
28  6.5  2.73686e-07
28  7.5  6.5211e-08
28  8.0  3.21754e-08
28  8.5  1.70157e-08
28  9.0  8.96535e-09
28  9.5  4.78284e-09
28  10.0  2.54447e-09
30  0.2  0.0394852
30  0.3  0.0573831
30  0.4  0.0662523
30  0.5  0.0648186
30  0.6  0.0568043
30  0.7  0.0479305
30  0.8  0.0390418
28  12.0  2.65975e-10
30  0.9  0.0301165
28  10.5  1.46931e-09
30  1.0  0.0230509
30  1.1  0.0180274
30  1.2  0.0130538
30  1.3  0.00971691
30  1.5  0.00548996
30  1.4  0.00729814
30  1.6  0.00403724
28  11.0  8.15989e-10
30  1.7  0.00311061
30  1.8  0.00233268
30  2.0  0.00135833
30  1.9  0.00176304
30  2.5  0.000375727
30  3.0  0.000114953
30  3.5  3.90905e-05
28  11.5  4.56867e-10
30  6.0  4.52726e-07
30  4.0  1.42561e-05
30  4.5  5.48541e-06
30  5.5  9.72749e-07
30  5.0  2.32109e-06
30  7.0  1.04258e-07
30  6.5  2.05859e-07
30  8.5  1.36219e-08
30  7.5  5.13874e-08
30  8.0  2.61576e-08
30  9.0  7.00891e-09
30  9.5  3.76847e-09
30  10.0  2.06129e-09
32  0.2  0.0365627
32  0.3  0.0503949
30  11.5  3.65991e-10
30  10.5  1.13169e-09
32  0.4  0.0553013
32  0.5  0.0526497
32  0.6  0.0449268
32  0.7  0.0373657
32  0.8  0.0291674
32  0.9  0.0226931
32  1.0  0.0170818
32  1.1  0.0128842
32  1.2  0.00969331
32  1.3  0.00715618
32  1.4  0.00530528
32  1.5  0.00401535
32  1.6  0.00303736
32  1.7  0.00227786
32  1.8  0.00170699
32  1.9  0.00127908
32  2.0  0.000980433
32  2.5  0.000273307
30  11.0  6.41948e-10
32  3.0  8.53198e-05
32  3.5  2.84669e-05
32  4.0  1.03147e-05
32  4.5  3.78047e-06
30  12.0  2.02449e-10
32  5.0  1.58317e-06
32  5.5  7.09326e-07
32  6.0  3.19561e-07
32  7.5  3.6144e-08
32  6.5  1.48475e-07
32  7.0  7.1006e-08
32  8.0  1.84557e-08
32  8.5  9.44861e-09
32  10.0  1.45708e-09
32  9.0  4.93764e-09
32  9.5  2.6929e-09
32  10.5  8.21223e-10
4  0.2  0.0497778
4  0.3  0.0741005
4  0.4  0.0920057
32  11.5  2.55934e-10
4  0.5  0.0997034
4  0.6  0.0969926
32  12.0  1.4935e-10
4  0.7  0.0875393
4  0.8  0.074456
32  11.0  4.64001e-10
4  0.9  0.0599014
4  1.0  0.047414
4  1.2  0.0293436
4  1.1  0.0371691
4  1.3  0.022427
4  1.4  0.0168216
4  1.5  0.0128955
4  1.7  0.00734592
4  1.6  0.00987614
4  1.8  0.00575164
4  1.9  0.00432578
4  2.0  0.00332663
4  3.0  0.0002899
4  2.5  0.00094419
4  3.5  9.96622e-05
4  5.0  6.06804e-06
4  4.0  3.70318e-05
4  4.5  1.43178e-05
4  6.0  1.11546e-06
4  5.5  2.54549e-06
4  6.5  5.49699e-07
4  7.0  2.56865e-07
4  7.5  1.30631e-07
4  8.0  6.46887e-08
4  8.5  3.4536e-08
4  9.0  1.84361e-08
4  10.5  2.94775e-09
4  9.5  9.54279e-09
4  10.0  5.2872e-09
6  0.2  0.0489639
6  0.3  0.0741034
6  0.4  0.092784
6  0.5  0.0995347
6  0.6  0.0969237
6  0.7  0.0870534
6  0.8  0.0731473
6  0.9  0.0595318
6  1.0  0.047981
6  1.1  0.0369473
6  1.2  0.0284888
6  1.3  0.0218864
6  1.5  0.0126551
6  1.4  0.0168275
4  11.0  1.64974e-09
6  1.6  0.00966217
6  1.7  0.00735319
6  1.8  0.00562317
4  11.5  9.40897e-10
6  1.9  0.00422375
6  2.0  0.003325
6  2.5  0.000944009
6  3.0  0.00028502
6  3.5  9.81411e-05
4  12.0  5.34572e-10
6  4.0  3.66702e-05
6  4.5  1.45684e-05
6  5.0  5.866e-06
6  5.5  2.58725e-06
6  6.0  1.16371e-06
6  6.5  5.42101e-07
6  7.5  1.25702e-07
6  7.0  2.58976e-07
6  8.0  6.49657e-08
6  8.5  3.40384e-08
6  9.0  1.85651e-08
6  9.5  9.72343e-09
6  11.0  1.60424e-09
6  10.0  5.14083e-09
8  0.2  0.0494037
6  10.5  2.87442e-09
8  0.3  0.0736067
8  0.4  0.091798
8  0.5  0.0996601
8  0.6  0.0955409
8  0.7  0.0866851
8  0.8  0.0732399
8  0.9  0.0591154
8  1.0  0.0469654
8  1.1  0.0361561
6  11.5  9.19529e-10
8  1.2  0.0281291
8  1.3  0.0216242
8  1.4  0.0163341
8  1.5  0.0122261
8  1.6  0.00961796
8  1.7  0.00726659
8  1.8  0.00562062
8  1.9  0.00419162
8  2.0  0.00327565
8  2.5  0.000909287
8  3.0  0.000282415
8  3.5  9.37749e-05
6  12.0  5.17074e-10
8  4.0  3.50032e-05
8  4.5  1.40138e-05
8  5.0  5.93162e-06
8  5.5  2.47112e-06
8  6.0  1.09841e-06
8  7.0  2.5619e-07
8  6.5  5.36115e-07
8  7.5  1.224e-07
8  8.0  6.55208e-08
8  8.5  3.3739e-08
8  9.0  1.79258e-08
8  9.5  9.2777e-09
8  10.0  5.17238e-09
8  10.5  2.86311e-09
8  11.5  9.14282e-10
8  11.0  1.55491e-09
8  12.0  5.19985e-10
