# diffractive D0 cross section, Pb target, LHAPDF fragmentation, An0n channel
# generated      : 2026-08-19 15:24:14 EEST
# calls          : 1e5 (VEGAS calls per point, see CALLS_EXCL/CALLS_EXCL_FACTORIZED/CALLS_DIFF)
# dipole samples : data/Pb/bk_posterior/member_0023/glauber_mve_<b>
# pD0 sweep      : 0.2 0.3 0.4 0.5 0.6 0.7 0.8 0.9 1.0 1.1 1.2 1.3 1.4 1.5 1.6 1.7 1.8 1.9 2.0 2.5 3.0 3.5 4.0 4.5 5.0 5.5 6.0 6.5 7.0 7.5 8.0 8.5 9.0 9.5 10.0 10.5 11.0 11.5 12.0
# fixed rapidity y : 3.0
# ============================================================
# b  pD0  dsigma_dyd2pD0
0  0.5  0.111025
0  0.3  0.0865929
0  0.2  0.0586755
0  0.4  0.104585
0  0.6  0.104518
0  0.8  0.0786745
0  0.7  0.0938362
0  1.0  0.0514934
0  0.9  0.0639539
0  1.1  0.0402166
0  1.2  0.0310169
0  1.3  0.0240279
0  1.4  0.0183328
0  1.5  0.0143226
0  1.6  0.0110354
0  1.7  0.00840394
0  1.8  0.00654004
0  1.9  0.00503828
0  2.5  0.0011724
0  2.0  0.00389784
0  3.0  0.000378949
0  3.5  0.000139513
0  4.5  2.27703e-05
0  5.5  4.45295e-06
0  4.0  5.4451e-05
0  5.0  9.343e-06
0  6.0  2.07399e-06
0  8.0  1.31152e-07
0  6.5  1.00082e-06
0  7.0  4.89316e-07
0  7.5  2.53195e-07
0  8.5  7.11746e-08
0  9.0  3.80441e-08
0  9.5  2.06057e-08
0  10.0  1.16109e-08
10  0.2  0.0582578
10  0.3  0.086014
10  0.4  0.104098
10  0.5  0.10927
10  0.6  0.103097
10  0.7  0.0904821
10  0.8  0.0770431
0  10.5  6.69541e-09
10  0.9  0.0619038
10  1.0  0.0486529
10  1.1  0.0384043
10  1.2  0.0300662
10  1.3  0.0231295
10  1.4  0.0178666
10  1.5  0.0135467
0  11.5  2.19647e-09
10  1.6  0.0104927
10  1.7  0.00811342
10  1.8  0.00622016
10  1.9  0.00480643
0  11.0  3.75013e-09
10  2.5  0.00116021
10  2.0  0.00373961
10  3.0  0.000374772
10  3.5  0.000132358
0  12.0  1.28327e-09
10  4.5  2.13531e-05
10  4.0  5.20706e-05
10  5.0  9.42688e-06
10  5.5  4.11791e-06
10  6.0  1.90357e-06
10  6.5  9.41468e-07
10  7.0  4.76043e-07
10  8.5  6.71964e-08
10  7.5  2.41872e-07
10  8.0  1.26645e-07
10  10.0  1.11511e-08
10  9.0  3.54516e-08
10  11.0  3.55976e-09
10  9.5  2.00284e-08
10  10.5  6.14996e-09
12  0.2  0.0586805
12  0.3  0.0860479
12  0.4  0.102631
12  0.5  0.10766
12  0.6  0.102559
12  0.7  0.0901952
12  0.8  0.0760104
12  0.9  0.0613476
12  1.1  0.0381772
12  1.0  0.0483397
12  1.2  0.0292691
12  1.3  0.0225581
12  1.4  0.0172581
12  1.5  0.0135044
12  1.7  0.00792987
12  1.6  0.010296
12  1.8  0.00614174
12  1.9  0.00469528
12  2.0  0.00367787
12  3.0  0.000362225
12  2.5  0.00109697
12  3.5  0.000132198
10  11.5  2.10778e-09
10  12.0  1.22127e-09
12  5.0  8.75571e-06
12  4.5  2.05408e-05
12  4.0  5.12177e-05
12  5.5  3.95659e-06
12  6.0  1.89487e-06
12  7.5  2.36759e-07
12  6.5  9.17251e-07
12  7.0  4.50102e-07
12  9.0  3.44603e-08
12  8.5  6.55395e-08
12  8.0  1.22984e-07
12  10.0  1.0615e-08
12  9.5  1.92384e-08
12  11.0  3.56319e-09
12  10.5  6.18299e-09
14  0.2  0.0586218
14  0.3  0.0861165
14  0.4  0.101311
14  0.5  0.107948
14  0.6  0.101404
12  11.5  2.01835e-09
14  0.7  0.0885171
14  0.8  0.0741954
14  0.9  0.059859
14  1.0  0.0475458
14  1.1  0.0367522
14  1.2  0.0288581
14  1.4  0.0173649
14  1.3  0.021919
14  1.5  0.0133103
14  1.6  0.010062
14  1.8  0.00608092
14  1.7  0.00769733
14  1.9  0.00459518
14  2.0  0.0035832
14  2.5  0.00106535
14  3.0  0.00034386
14  3.5  0.000127435
12  12.0  1.20912e-09
14  4.5  2.02849e-05
14  4.0  4.96952e-05
14  5.0  8.91146e-06
14  6.5  8.66741e-07
14  5.5  3.95872e-06
14  7.5  2.3203e-07
14  6.0  1.8907e-06
14  8.0  1.19881e-07
14  7.0  4.37494e-07
14  8.5  6.2359e-08
14  10.0  1.05443e-08
14  9.0  3.43584e-08
14  9.5  1.90179e-08
16  0.2  0.0576714
14  11.0  3.46332e-09
16  0.3  0.0839852
16  0.4  0.100431
14  10.5  5.93604e-09
16  0.5  0.105077
16  0.6  0.0979367
16  0.7  0.086814
16  0.8  0.071387
16  0.9  0.0585073
16  1.0  0.0461618
16  1.1  0.0356903
16  1.2  0.027937
16  1.4  0.016499
16  1.3  0.0213587
16  1.5  0.0129311
16  1.6  0.00974902
16  1.7  0.00750963
16  1.8  0.00570709
16  1.9  0.00443293
16  2.0  0.00344176
16  2.5  0.00105458
16  3.0  0.000335039
16  3.5  0.000124039
14  11.5  1.94456e-09
14  12.0  1.16861e-09
16  4.0  4.69064e-05
16  4.5  1.93471e-05
16  5.0  8.57671e-06
16  6.5  8.32172e-07
16  5.5  3.69776e-06
16  6.0  1.72033e-06
16  7.0  4.31105e-07
16  7.5  2.21631e-07
16  8.0  1.15894e-07
16  10.0  1.00161e-08
16  8.5  5.95961e-08
16  9.0  3.23157e-08
16  9.5  1.78361e-08
16  11.0  3.34987e-09
16  10.5  5.70773e-09
18  0.2  0.057182
18  0.3  0.0832037
18  0.4  0.100357
18  0.5  0.103825
18  0.6  0.0969584
18  0.7  0.0848949
18  0.8  0.0703074
18  0.9  0.0565989
18  1.0  0.0451567
18  1.1  0.0349223
18  1.2  0.0271748
18  1.4  0.0159902
18  1.3  0.0206636
18  1.5  0.0121057
18  1.6  0.0093314
18  1.7  0.00714336
18  1.8  0.00566087
18  1.9  0.00432927
18  2.0  0.00331279
18  2.5  0.000991966
18  3.0  0.000320215
18  3.5  0.000118675
16  11.5  1.90531e-09
16  12.0  1.12882e-09
18  4.0  4.59804e-05
18  4.5  1.88111e-05
18  5.5  3.63809e-06
18  5.0  8.1788e-06
18  6.0  1.70958e-06
18  7.0  3.96277e-07
18  6.5  8.13733e-07
18  8.5  5.7947e-08
18  7.5  2.13959e-07
18  8.0  1.1105e-07
18  9.0  3.1604e-08
18  9.5  1.7082e-08
18  10.0  9.43891e-09
18  11.0  3.14758e-09
2  0.2  0.0591681
2  0.3  0.0870105
2  0.4  0.105458
2  0.5  0.110995
2  0.6  0.105865
2  0.7  0.0936366
2  0.8  0.0784147
2  0.9  0.0635558
2  1.0  0.0509213
2  1.1  0.0401186
2  1.2  0.0311374
18  10.5  5.50054e-09
2  1.3  0.0240812
2  1.4  0.0183759
2  1.6  0.0109655
2  1.5  0.0142458
2  1.8  0.00653439
2  1.7  0.00842208
2  2.0  0.00396057
2  1.9  0.00504421
2  2.5  0.00117841
2  3.0  0.00037974
2  3.5  0.000140852
18  11.5  1.82995e-09
18  12.0  1.08138e-09
2  4.5  2.19693e-05
2  4.0  5.3287e-05
2  5.5  4.25494e-06
2  5.0  9.78925e-06
2  6.0  2.06289e-06
2  8.0  1.34549e-07
2  6.5  1.01205e-06
2  7.0  4.93073e-07
2  7.5  2.50177e-07
2  8.5  7.03036e-08
2  9.0  3.85332e-08
2  9.5  2.04878e-08
20  0.2  0.056521
2  10.0  1.17286e-08
20  0.3  0.0823121
20  0.4  0.0971814
20  0.5  0.101262
20  0.6  0.0943232
20  0.7  0.0824603
20  0.8  0.0678415
20  0.9  0.0550517
2  12.0  1.28977e-09
2  10.5  6.86919e-09
20  1.1  0.0336184
20  1.0  0.0418221
20  1.2  0.0251056
2  11.5  2.23735e-09
2  11.0  3.75438e-09
20  1.3  0.0198836
20  1.4  0.0151411
20  1.6  0.0089731
20  1.5  0.0115892
20  1.7  0.00691304
20  1.9  0.00403905
20  1.8  0.00524271
20  2.0  0.00314476
20  2.5  0.000947374
20  3.0  0.000308278
20  3.5  0.000112815
20  4.5  1.71819e-05
20  4.0  4.21403e-05
20  5.0  7.25546e-06
20  5.5  3.37151e-06
20  6.0  1.63068e-06
20  6.5  7.86413e-07
20  7.0  3.70334e-07
20  8.0  1.04587e-07
20  8.5  5.51879e-08
20  7.5  1.98637e-07
20  9.5  1.593e-08
20  9.0  3.00893e-08
20  11.0  2.97667e-09
20  10.0  9.2614e-09
22  0.2  0.0558185
22  0.3  0.0803253
22  0.4  0.0952458
20  10.5  5.23281e-09
22  0.5  0.0980283
22  0.6  0.0915812
22  0.7  0.0790816
22  0.8  0.0649538
22  0.9  0.0517377
22  1.0  0.0408306
22  1.1  0.0314744
22  1.2  0.0241556
22  1.3  0.0184849
22  1.4  0.0144078
22  1.5  0.0110295
22  1.6  0.00833322
22  1.7  0.00633214
22  1.8  0.00490574
22  1.9  0.00374472
22  2.0  0.00295656
22  3.0  0.000286317
22  2.5  0.000863938
22  3.5  0.000104612
20  11.5  1.7416e-09
20  12.0  9.99612e-10
22  4.5  1.64468e-05
22  4.0  4.0836e-05
22  5.0  7.06088e-06
22  5.5  3.19638e-06
22  6.0  1.4715e-06
22  6.5  7.38322e-07
22  7.0  3.49286e-07
22  7.5  1.7548e-07
22  8.0  9.64334e-08
22  8.5  5.1488e-08
22  9.0  2.773e-08
22  9.5  1.53414e-08
22  11.0  2.83658e-09
22  10.0  8.10227e-09
24  0.2  0.0545536
22  10.5  4.79234e-09
24  0.3  0.0787081
24  0.4  0.0919602
24  0.5  0.0934509
24  0.6  0.0865987
24  0.7  0.0745483
24  0.8  0.0611918
24  0.9  0.0489284
24  1.0  0.0371049
24  1.1  0.0297914
24  1.2  0.0224677
24  1.4  0.0130933
24  1.3  0.0171407
24  1.5  0.00997005
24  1.7  0.0058843
24  1.6  0.00761903
24  1.8  0.00452108
24  1.9  0.00347999
24  2.5  0.000787302
24  2.0  0.0026853
24  3.0  0.000264093
24  3.5  9.57015e-05
22  11.5  1.58769e-09
22  12.0  9.29469e-10
24  4.5  1.45998e-05
24  4.0  3.66995e-05
24  5.0  6.5018e-06
24  5.5  2.91525e-06
24  6.0  1.38852e-06
24  6.5  6.68359e-07
24  7.0  3.37466e-07
24  8.0  8.76697e-08
24  9.0  2.46375e-08
24  7.5  1.67683e-07
24  8.5  4.55405e-08
24  10.0  7.83621e-09
24  9.5  1.3863e-08
26  0.2  0.0531922
26  0.3  0.0757272
26  0.4  0.0890314
26  0.5  0.0882957
26  0.6  0.0805744
26  0.7  0.0688902
26  0.8  0.0553606
24  10.5  4.41795e-09
26  0.9  0.0444072
26  1.1  0.0260621
26  1.0  0.0344117
26  1.2  0.0200997
26  1.3  0.0153424
26  1.5  0.00896097
24  11.0  2.54648e-09
26  1.4  0.0116524
26  1.6  0.00682803
26  1.7  0.00524372
26  1.9  0.0031804
26  1.8  0.00399272
26  2.0  0.00241513
26  2.5  0.000708809
26  3.0  0.000228347
26  3.5  8.35994e-05
24  11.5  1.51337e-09
24  12.0  8.70902e-10
26  4.5  1.32765e-05
26  5.5  2.65057e-06
26  4.0  3.21616e-05
26  5.0  5.84582e-06
26  7.5  1.50919e-07
26  6.0  1.22179e-06
26  7.0  2.9652e-07
26  6.5  5.90592e-07
26  8.5  4.10176e-08
26  8.0  7.59197e-08
26  9.0  2.18731e-08
26  10.5  3.92244e-09
26  9.5  1.19288e-08
28  0.2  0.0511324
28  0.3  0.0723557
28  0.4  0.0818126
26  10.0  6.93146e-09
28  0.5  0.0813289
28  0.6  0.0723519
26  11.0  2.20144e-09
28  0.7  0.0608935
28  0.8  0.0489851
28  0.9  0.0390654
28  1.0  0.0302663
28  1.1  0.0225792
28  1.2  0.0172147
28  1.3  0.0131668
28  1.5  0.00762822
28  1.4  0.00993787
28  1.6  0.00580663
28  1.8  0.00335758
28  1.7  0.00444914
26  11.5  1.28496e-09
28  2.0  0.00202062
28  1.9  0.00257546
28  3.0  0.000196516
28  3.5  6.56835e-05
28  2.5  0.000607495
26  12.0  7.68542e-10
28  4.5  1.12227e-05
28  4.0  2.71593e-05
28  5.0  4.66405e-06
28  5.5  2.17686e-06
28  6.5  4.93289e-07
28  6.0  1.02721e-06
28  7.0  2.44222e-07
28  7.5  1.22509e-07
28  8.5  3.41255e-08
28  8.0  6.57105e-08
28  9.0  1.88965e-08
28  9.5  1.04468e-08
28  10.0  5.55856e-09
28  10.5  3.27056e-09
30  0.2  0.0473629
30  0.3  0.0660878
28  11.0  1.90494e-09
30  0.4  0.072667
30  0.5  0.0704074
30  0.7  0.0506205
30  0.6  0.0624361
30  0.8  0.0403719
28  11.5  1.10221e-09
30  0.9  0.032237
30  1.0  0.0243113
30  1.1  0.0186419
30  1.2  0.0140483
30  1.3  0.0106293
30  1.4  0.00795296
30  1.5  0.00607486
30  1.6  0.00466509
30  1.7  0.00347301
30  1.8  0.00268339
30  1.9  0.00205671
30  2.0  0.00161938
30  2.5  0.00046142
30  3.0  0.000156272
30  3.5  5.54193e-05
30  4.0  2.14904e-05
28  12.0  6.41094e-10
30  4.5  8.60235e-06
30  5.0  3.73658e-06
30  6.0  7.50317e-07
30  5.5  1.61702e-06
30  7.0  1.92836e-07
30  6.5  3.80087e-07
30  7.5  9.80509e-08
30  8.0  5.06392e-08
30  8.5  2.72693e-08
30  9.0  1.47892e-08
30  9.5  8.06108e-09
32  0.2  0.0432265
30  10.0  4.4635e-09
32  0.3  0.0577184
32  0.4  0.0612912
32  0.5  0.0568736
32  0.6  0.048434
30  12.0  4.74088e-10
30  10.5  2.55966e-09
32  0.7  0.0387404
32  0.9  0.0234483
32  0.8  0.030686
32  1.0  0.0183563
32  1.1  0.0137842
32  1.2  0.0102178
32  1.3  0.00773302
32  1.4  0.00579255
32  1.5  0.00440436
32  1.6  0.00337262
32  1.7  0.00255261
30  11.0  1.46096e-09
32  1.9  0.00150792
32  1.8  0.00194191
32  2.0  0.00115779
32  2.5  0.000339282
32  3.0  0.000113987
32  3.5  3.90801e-05
30  11.5  8.45739e-10
32  4.0  1.54874e-05
32  6.0  5.4408e-07
32  4.5  6.22582e-06
32  5.0  2.60575e-06
32  6.5  2.66545e-07
32  5.5  1.1878e-06
32  7.0  1.3513e-07
32  7.5  6.81891e-08
32  8.0  3.65039e-08
32  8.5  1.94961e-08
32  9.0  1.04028e-08
32  10.0  3.24374e-09
32  9.5  5.7681e-09
34  0.2  0.0370295
34  0.3  0.046296
32  10.5  1.83771e-09
34  0.4  0.0460128
34  0.5  0.0413149
34  0.6  0.0336588
34  0.7  0.0268379
34  0.8  0.020724
32  11.0  1.06018e-09
34  0.9  0.015815
34  1.0  0.012146
34  1.1  0.00920658
34  1.2  0.00687943
34  1.3  0.00505722
34  1.4  0.00379705
34  1.6  0.00218782
34  1.5  0.00286303
34  1.7  0.00163444
34  1.8  0.00127777
34  1.9  0.00099099
34  2.0  0.000770387
34  2.5  0.000207818
34  3.0  7.19498e-05
34  3.5  2.52436e-05
32  11.5  6.14627e-10
32  12.0  3.56284e-10
34  4.5  4.02068e-06
34  5.0  1.66303e-06
34  4.0  9.56968e-06
34  6.0  3.56646e-07
34  5.5  7.09582e-07
34  7.5  4.54443e-08
34  6.5  1.7028e-07
34  7.0  8.21954e-08
34  9.5  3.76249e-09
34  8.0  2.39447e-08
34  8.5  1.24737e-08
34  9.0  6.70971e-09
34  10.0  2.05383e-09
34  11.5  3.9939e-10
4  0.2  0.0591641
4  0.3  0.0870805
4  0.4  0.105536
4  0.5  0.110424
4  0.6  0.105811
4  0.7  0.0936661
34  10.5  1.18859e-09
4  0.8  0.0788977
4  0.9  0.0632986
4  1.0  0.0508409
4  1.1  0.0403064
4  1.2  0.0311278
4  1.3  0.0235957
4  1.5  0.0142037
4  1.4  0.0184602
34  11.0  6.74773e-10
4  1.6  0.0109139
4  1.8  0.00651118
4  1.7  0.00840003
4  1.9  0.0050245
4  3.0  0.000383909
4  2.0  0.00389818
4  2.5  0.00118558
4  3.5  0.000139086
34  12.0  2.30585e-10
4  4.5  2.22407e-05
4  4.0  5.47892e-05
4  5.0  9.68406e-06
4  5.5  4.40101e-06
4  6.0  2.02086e-06
4  8.0  1.31991e-07
4  6.5  1.00656e-06
4  7.0  4.90348e-07
4  7.5  2.42341e-07
4  8.5  6.99569e-08
4  9.0  3.70199e-08
4  9.5  2.0543e-08
4  10.0  1.19872e-08
6  0.2  0.059931
6  0.3  0.0864904
6  0.4  0.103828
6  0.5  0.109407
6  0.6  0.104113
6  0.7  0.0927976
6  0.8  0.0780002
6  0.9  0.0630923
4  10.5  6.49095e-09
6  1.0  0.0502988
6  1.1  0.0397983
6  1.2  0.0306586
6  1.3  0.0239102
6  1.5  0.0141627
6  1.4  0.0183275
6  1.6  0.0109442
4  11.0  3.81907e-09
6  1.8  0.00640073
6  1.7  0.00839817
6  1.9  0.00506247
6  2.0  0.00389288
6  2.5  0.00118819
6  3.0  0.000380434
6  3.5  0.00013872
4  11.5  2.17016e-09
4  12.0  1.29055e-09
6  4.5  2.22326e-05
6  4.0  5.3835e-05
6  5.0  9.72012e-06
6  5.5  4.10248e-06
6  6.0  1.99816e-06
6  6.5  9.67116e-07
6  7.5  2.42379e-07
6  7.0  4.94122e-07
6  8.0  1.2979e-07
6  8.5  6.74939e-08
6  9.0  3.70097e-08
6  10.0  1.12921e-08
6  9.5  2.02737e-08
6  11.0  3.74847e-09
8  0.2  0.05884
6  11.5  2.16406e-09
8  0.3  0.0861756
8  0.4  0.105015
8  0.5  0.10972
8  0.6  0.102294
6  10.5  6.40894e-09
8  0.8  0.0769695
8  0.7  0.0927589
8  0.9  0.0625105
8  1.0  0.0502907
8  1.1  0.0388634
8  1.2  0.0303232
8  1.3  0.0233695
8  1.4  0.0180448
8  1.5  0.0137754
8  1.6  0.0106917
8  1.7  0.00817662
8  1.8  0.00648824
8  2.0  0.00370012
8  1.9  0.00491271
8  3.0  0.000380993
8  2.5  0.00114906
8  3.5  0.000136301
6  12.0  1.25951e-09
8  4.5  2.20145e-05
8  4.0  5.28843e-05
8  5.0  9.65017e-06
8  5.5  4.1404e-06
8  6.0  2.01448e-06
8  6.5  9.72518e-07
8  7.0  4.91734e-07
8  7.5  2.38934e-07
8  8.0  1.26583e-07
8  8.5  6.83093e-08
8  9.0  3.61761e-08
8  9.5  2.02683e-08
8  11.0  3.71887e-09
8  10.0  1.13695e-08
8  11.5  2.12195e-09
8  10.5  6.25106e-09
8  12.0  1.2508e-09
