# diffractive D0 cross section, Pb target, BCFY fragmentation, An0n channel
# generated      : 2026-10-04 20:52:05 EEST
# flux_model     : STARLIGHT (TARGET=AA)
# scale_factor   : 1.0 (fragmentation scale Q = SCALE_FACTOR * m_T)
# calls          : 1e5 (VEGAS calls per point, see CALLS_EXCL/CALLS_EXCL_FACTORIZED/CALLS_DIFF)
# dipole samples : data/Pb/mve/glauber_mve_<b_d>
# pD0 sweep      : 0.2 0.3 0.4 0.5 0.6 0.7 0.8 0.9 1.0 1.1 1.2 1.3 1.4 1.5 1.6 1.7 1.8 1.9 2.0 2.5 3.0 3.5 4.0 4.5 5.0 5.5 6.0 6.5 7.0 7.5 8.0 8.5 9.0 9.5 10.0 10.5 11.0 11.5 12.0
# fixed rapidity y : 0.0
# ============================================================
# b_d  pD0  dsigma_dyd2pD0
0  0.5  2.3616
0  0.4  2.11357
0  0.3  1.73202
0  0.2  1.27437
0  0.6  2.57358
0  0.8  2.45863
0  0.7  2.59386
0  1.2  1.53604
0  1.0  1.99932
0  0.9  2.27111
0  1.1  1.77702
0  1.5  0.91055
0  1.6  0.765651
0  1.3  1.28557
0  1.4  1.10207
0  1.8  0.53769
0  1.7  0.640491
0  2.0  0.376413
0  1.9  0.447191
0  2.5  0.160687
0  3.5  0.0368241
0  4.0  0.0192888
0  5.0  0.00651293
0  4.5  0.0108214
0  3.0  0.0732166
0  6.0  0.00247451
0  5.5  0.00395687
0  6.5  0.00163646
0  7.5  0.000749565
0  7.0  0.001085
0  8.0  0.000541805
0  9.0  0.000282313
0  8.5  0.000389396
10  0.2  1.25973
0  9.5  0.000207938
10  0.3  1.6751
10  0.4  2.08401
0  10.0  0.000151316
10  0.5  2.361
10  0.6  2.49222
10  0.7  2.5335
10  0.8  2.36605
10  0.9  2.21289
10  1.0  1.93312
10  1.1  1.70133
10  1.2  1.47402
10  1.3  1.26137
10  1.4  1.05267
0  10.5  0.000114307
10  1.6  0.736436
10  1.5  0.887301
10  1.8  0.511369
10  1.7  0.619738
10  1.9  0.428666
10  2.0  0.357327
10  2.5  0.152423
0  11.0  8.9999e-05
10  3.0  0.0698826
0  11.5  6.6561e-05
10  4.0  0.0184207
0  12.0  5.36373e-05
10  3.5  0.035163
10  5.0  0.00594051
10  4.5  0.010334
10  6.0  0.00239268
10  5.5  0.00371378
10  6.5  0.00154372
10  7.0  0.00104376
10  7.5  0.000713003
10  8.0  0.000515475
10  10.0  0.000147663
10  9.0  0.000270173
10  8.5  0.000366797
12  0.2  1.2495
12  0.3  1.64318
10  9.5  0.000192914
12  0.4  2.07643
12  0.5  2.32064
12  0.7  2.4499
12  0.6  2.4773
12  0.8  2.33976
12  1.0  1.93524
12  0.9  2.17331
12  1.1  1.681
12  1.2  1.4509
12  1.3  1.22213
12  1.4  1.03485
12  1.6  0.72251
12  1.5  0.873975
10  10.5  0.000109357
12  1.8  0.488087
12  1.7  0.607679
12  1.9  0.415056
12  2.0  0.34791
12  2.5  0.149276
10  11.0  8.25421e-05
10  11.5  6.35132e-05
12  3.0  0.0685929
10  12.0  5.1094e-05
12  4.0  0.0179657
12  3.5  0.0338007
12  5.0  0.00606574
12  4.5  0.00993673
12  6.0  0.00231773
12  5.5  0.00362697
12  6.5  0.00152067
12  7.0  0.0010156
12  7.5  0.000698967
12  8.0  0.000505172
12  8.5  0.000353894
12  9.5  0.000189349
12  9.0  0.000260986
14  0.2  1.24617
14  0.3  1.69341
14  0.4  2.07971
14  0.5  2.30513
14  0.6  2.44475
14  0.7  2.42055
14  0.8  2.3422
12  10.0  0.000144055
14  0.9  2.14193
14  1.1  1.6543
14  1.0  1.88368
14  1.2  1.41055
14  1.3  1.20478
14  1.4  1.01405
12  10.5  0.000106123
14  1.5  0.852499
14  1.6  0.706754
14  1.7  0.591459
14  1.8  0.486186
14  1.9  0.409606
14  2.0  0.343438
14  2.5  0.14485
12  11.0  8.28979e-05
12  11.5  6.17158e-05
14  3.5  0.0328826
12  12.0  4.9635e-05
14  4.0  0.0174041
14  3.0  0.0658944
14  4.5  0.00982767
14  5.0  0.00585157
14  6.0  0.00223708
14  6.5  0.00149458
14  5.5  0.00356668
14  7.5  0.000698426
14  7.0  0.000981098
14  8.0  0.000489989
14  9.5  0.000187836
14  8.5  0.000349822
14  9.0  0.000256173
16  0.2  1.20322
16  0.3  1.67282
16  0.4  2.05233
16  0.5  2.29925
16  0.6  2.44352
16  0.7  2.38911
16  0.8  2.29952
16  0.9  2.06796
14  10.0  0.000135617
16  1.0  1.83324
16  1.1  1.61566
16  1.2  1.37463
16  1.3  1.17525
16  1.4  0.975823
14  10.5  0.000102493
16  1.6  0.688947
16  1.5  0.827167
16  1.7  0.574886
16  1.8  0.470252
16  1.9  0.390672
16  2.0  0.332486
16  2.5  0.140175
14  11.0  7.762e-05
14  11.5  6.23875e-05
14  12.0  4.65406e-05
16  3.0  0.0626606
16  4.0  0.0169015
16  3.5  0.0319206
16  4.5  0.00936959
16  5.0  0.00559136
16  6.0  0.00214481
16  5.5  0.00341255
16  6.5  0.00140719
16  7.0  0.000953415
16  7.5  0.00065377
16  8.0  0.00045826
16  10.0  0.000131076
16  8.5  0.000332301
16  9.5  0.000176193
16  9.0  0.000238646
18  0.2  1.20537
18  0.3  1.6543
18  0.4  2.00712
18  0.5  2.23149
18  0.6  2.39046
18  0.8  2.22042
18  0.7  2.3785
18  1.0  1.81096
18  0.9  2.04025
18  1.1  1.55612
18  1.3  1.12043
18  1.2  1.32452
18  1.4  0.942662
18  1.5  0.793473
18  1.6  0.651804
18  1.7  0.54073
16  10.5  9.87394e-05
18  1.9  0.376556
18  1.8  0.458282
18  2.5  0.133955
18  2.0  0.318516
16  11.0  7.4664e-05
16  11.5  5.97918e-05
18  3.0  0.0613499
18  4.0  0.016082
18  3.5  0.0302616
16  12.0  4.54479e-05
18  5.0  0.00526993
18  4.5  0.00916793
18  6.0  0.00206513
18  5.5  0.00324796
18  6.5  0.00134064
18  7.0  0.000899501
18  7.5  0.000638432
18  10.0  0.000129429
18  8.0  0.000437609
18  8.5  0.000312
18  9.5  0.000167749
18  9.0  0.000234818
2  0.2  1.25805
2  0.3  1.70037
2  0.5  2.40304
2  0.4  2.12494
2  0.6  2.57152
2  0.7  2.58295
2  0.8  2.45775
2  0.9  2.24154
2  1.0  2.02325
2  1.1  1.77017
2  1.3  1.28478
2  1.2  1.5284
18  10.5  9.72823e-05
2  1.5  0.923018
2  1.4  1.09651
2  1.6  0.760995
2  1.8  0.540762
2  1.7  0.646086
2  2.0  0.367938
2  1.9  0.441786
2  2.5  0.159219
18  11.0  7.26921e-05
18  11.5  5.75217e-05
2  4.0  0.0190175
2  3.5  0.0363012
18  12.0  4.28012e-05
2  4.5  0.0107461
2  3.0  0.0727081
2  5.0  0.00634759
2  5.5  0.00388972
2  6.0  0.00247134
2  7.5  0.00074864
2  6.5  0.00163737
2  7.0  0.00108229
2  8.0  0.000543213
2  9.0  0.000280918
2  8.5  0.00038826
20  0.2  1.18973
2  9.5  0.000208396
20  0.3  1.61472
20  0.4  1.96671
20  0.5  2.17423
20  0.6  2.29795
2  10.0  0.000152368
20  0.7  2.30729
20  0.8  2.17255
20  0.9  1.97236
20  1.0  1.74729
20  1.2  1.28823
20  1.1  1.49481
20  1.3  1.07624
2  10.5  0.000117316
20  1.4  0.904047
20  1.5  0.756551
20  1.6  0.630284
20  1.7  0.521693
20  1.8  0.434666
20  2.0  0.302366
20  1.9  0.35952
20  2.5  0.126619
2  11.0  8.60311e-05
2  11.5  6.69251e-05
20  3.0  0.0577791
20  4.0  0.0154132
2  12.0  5.15198e-05
20  4.5  0.00844676
20  3.5  0.0289322
20  5.5  0.00307777
20  5.0  0.00501004
20  6.5  0.00127318
20  6.0  0.00193893
20  7.0  0.000852098
20  7.5  0.000588226
20  8.0  0.000413214
20  8.5  0.000304599
20  9.0  0.000219868
22  0.2  1.14958
20  9.5  0.000161864
22  0.3  1.58463
22  0.5  2.18972
22  0.4  1.90129
22  0.6  2.25493
20  10.0  0.000122153
22  0.7  2.2223
22  0.8  2.05213
22  0.9  1.87832
22  1.0  1.64306
22  1.1  1.42578
22  1.2  1.21038
22  1.3  1.01415
22  1.4  0.843933
20  10.5  9.17828e-05
22  1.5  0.712593
22  1.6  0.591611
22  1.8  0.406819
22  1.7  0.490244
22  2.0  0.282011
22  1.9  0.340996
22  2.5  0.118455
20  11.0  6.7818e-05
20  11.5  5.27375e-05
22  3.5  0.026444
20  12.0  4.19771e-05
22  5.0  0.00464863
22  4.5  0.00785109
22  3.0  0.053167
22  4.0  0.0138622
22  5.5  0.00284768
22  6.0  0.00180858
22  6.5  0.00118146
22  7.0  0.000799651
22  7.5  0.000552826
22  8.0  0.000386914
22  9.0  0.000204876
22  8.5  0.000275195
22  11.0  6.3382e-05
24  0.2  1.13045
22  9.5  0.00014711
24  0.3  1.5396
24  0.4  1.88041
24  0.5  2.06405
24  0.6  2.15287
22  10.0  0.000113504
24  0.7  2.10823
24  0.8  1.93765
24  0.9  1.77217
24  1.0  1.55509
24  1.1  1.30926
24  1.2  1.12826
24  1.3  0.93802
24  1.4  0.783758
24  1.5  0.651169
24  1.6  0.544985
24  1.7  0.449837
22  10.5  8.51573e-05
24  1.9  0.303826
24  1.8  0.373147
24  2.0  0.258061
24  2.5  0.107447
22  11.5  4.81869e-05
24  3.5  0.0242172
22  12.0  3.79982e-05
24  4.0  0.012934
24  4.5  0.00711685
24  3.0  0.0489415
24  5.0  0.00423595
24  5.5  0.00260187
24  6.0  0.00164112
24  6.5  0.00107767
24  7.0  0.000727667
24  9.0  0.000185606
24  7.5  0.000499967
24  8.0  0.00035175
24  8.5  0.000249168
26  0.2  1.07774
24  9.5  0.000133866
26  0.3  1.48525
26  0.4  1.78496
26  0.5  1.97495
26  0.6  2.027
26  0.7  1.93435
24  10.0  0.000102195
26  0.8  1.79578
26  0.9  1.62391
26  1.0  1.40264
26  1.1  1.20555
24  12.0  3.40862e-05
26  1.2  1.01666
26  1.3  0.847456
26  1.4  0.700819
26  1.5  0.583979
26  1.7  0.393899
24  10.5  7.50339e-05
26  1.6  0.478156
26  1.8  0.331361
26  1.9  0.275126
26  2.5  0.0937325
26  2.0  0.228042
24  11.0  5.72037e-05
24  11.5  4.37742e-05
26  4.0  0.0112827
26  4.5  0.00628176
26  3.0  0.0425621
26  5.0  0.00373075
26  3.5  0.0213841
26  6.0  0.00145568
26  6.5  0.000956556
26  5.5  0.00227293
26  7.0  0.00065068
26  7.5  0.000434878
26  10.0  8.77968e-05
26  8.0  0.000313791
26  8.5  0.000218482
26  9.0  0.000160502
28  0.2  1.02384
26  9.5  0.000117542
28  0.3  1.38903
28  0.4  1.64958
28  0.5  1.82527
28  0.6  1.82897
26  12.0  3.10897e-05
28  0.7  1.759
28  0.8  1.60193
28  0.9  1.40688
28  1.0  1.23809
28  1.1  1.0479
28  1.2  0.883636
28  1.3  0.73631
28  1.4  0.608623
26  10.5  6.62467e-05
28  1.5  0.503981
28  1.6  0.411666
28  1.8  0.278069
28  1.7  0.339676
28  1.9  0.232859
28  2.0  0.191139
28  2.5  0.0804809
26  11.0  5.19575e-05
26  11.5  3.88428e-05
28  4.0  0.00949136
28  3.5  0.0182619
28  5.0  0.00312057
28  4.5  0.00532663
28  3.0  0.0363928
28  5.5  0.00196313
28  7.0  0.000548918
28  6.0  0.00122375
28  6.5  0.000785757
28  7.5  0.000367086
28  8.0  0.000259024
28  8.5  0.000183447
28  9.0  0.000133753
28  11.0  4.21747e-05
28  9.5  9.81388e-05
30  0.2  0.945679
30  0.3  1.26753
30  0.4  1.49003
30  0.5  1.60184
30  0.6  1.57988
30  0.7  1.49604
28  10.0  7.3198e-05
30  0.8  1.33321
30  1.0  0.991904
30  0.9  1.17541
30  1.1  0.844647
30  1.2  0.70596
30  1.4  0.485119
30  1.3  0.589241
30  1.6  0.322601
30  1.5  0.396863
30  1.7  0.270061
28  10.5  5.6236e-05
30  1.8  0.21836
30  2.0  0.150146
30  1.9  0.183717
30  2.5  0.0633825
28  11.5  3.33863e-05
28  12.0  2.6008e-05
30  4.0  0.00749042
30  5.0  0.00243021
30  3.0  0.0287002
30  4.5  0.00420818
30  3.5  0.0140354
30  5.5  0.00149238
30  6.0  0.00095799
30  6.5  0.000621877
30  7.0  0.000427807
30  7.5  0.00028724
30  8.0  0.000206264
30  8.5  0.00014798
30  9.0  0.000107816
32  0.2  0.829431
30  9.5  7.88941e-05
32  0.3  1.11586
32  0.4  1.26712
32  0.5  1.32128
32  0.6  1.25519
30  10.0  5.74722e-05
32  0.7  1.1746
32  0.8  1.02934
32  0.9  0.885056
32  1.0  0.745619
32  1.1  0.632742
32  1.3  0.433883
32  1.2  0.526021
32  1.4  0.35412
32  1.5  0.292188
32  1.7  0.19552
32  1.6  0.237899
32  1.8  0.163391
30  10.5  4.43919e-05
32  1.9  0.132816
32  2.0  0.110116
32  2.5  0.0453945
30  11.0  3.30091e-05
32  3.0  0.0205153
30  11.5  2.60763e-05
32  3.5  0.010099
30  12.0  2.04156e-05
32  4.0  0.00539486
32  5.0  0.00173621
32  4.5  0.00300686
32  6.0  0.000688134
32  5.5  0.00106619
32  6.5  0.00044174
32  7.0  0.000297132
32  7.5  0.000209131
32  8.0  0.000144171
32  9.0  7.58119e-05
32  8.5  0.000101899
32  9.5  5.63056e-05
4  0.2  1.2641
4  0.3  1.71427
4  0.4  2.1112
4  0.6  2.52314
4  0.5  2.42363
4  0.7  2.55632
4  0.8  2.41741
4  0.9  2.26738
32  10.0  4.19912e-05
4  1.0  2.01948
4  1.1  1.76501
4  1.2  1.50913
4  1.3  1.30105
4  1.4  1.08384
4  1.5  0.918047
4  1.6  0.752192
4  1.7  0.641229
4  1.8  0.531059
32  10.5  3.06554e-05
4  2.0  0.372689
4  1.9  0.44591
4  2.5  0.158529
32  11.0  2.34332e-05
32  11.5  1.80782e-05
32  12.0  1.41093e-05
4  3.5  0.0360595
4  4.0  0.0191915
4  3.0  0.073022
4  4.5  0.0107761
4  5.0  0.00631062
4  5.5  0.00393208
4  6.0  0.00246126
4  7.0  0.00108844
4  7.5  0.000748089
4  6.5  0.00162057
4  10.0  0.000149757
4  9.0  0.000281413
4  8.0  0.000523512
4  8.5  0.00038557
6  0.2  1.28009
4  9.5  0.000201616
6  0.3  1.72248
6  0.4  2.10423
6  0.5  2.38667
6  0.6  2.57049
6  0.7  2.56123
6  0.8  2.44454
6  0.9  2.20751
6  1.0  1.98557
6  1.1  1.75742
6  1.2  1.50532
6  1.4  1.07807
6  1.3  1.27401
4  10.5  0.000113247
6  1.5  0.907003
6  1.6  0.750439
6  1.7  0.631096
6  1.8  0.52688
6  1.9  0.433858
6  2.0  0.371083
6  2.5  0.158131
4  11.0  8.87826e-05
4  11.5  6.63869e-05
6  3.5  0.0359367
6  4.0  0.0189315
4  12.0  5.2043e-05
6  3.0  0.0721441
6  4.5  0.0105631
6  5.0  0.0062381
6  6.0  0.00244979
6  5.5  0.00385243
6  7.5  0.000739147
6  6.5  0.00160546
6  7.0  0.00107034
6  8.0  0.000535895
6  9.0  0.00027776
6  8.5  0.000372146
6  9.5  0.000204826
8  0.2  1.26203
8  0.3  1.6983
8  0.4  2.10539
8  0.5  2.35479
8  0.6  2.51442
6  10.0  0.000153044
8  0.7  2.55006
8  0.8  2.38825
8  0.9  2.23347
8  1.1  1.74225
8  1.0  1.99612
8  1.2  1.48771
8  1.3  1.27565
8  1.4  1.07992
8  1.5  0.904113
6  10.5  0.000115273
8  1.7  0.627535
8  1.6  0.75611
8  1.8  0.525982
8  1.9  0.438256
8  2.0  0.360587
8  2.5  0.155502
6  11.0  8.56939e-05
6  11.5  6.55785e-05
6  12.0  5.12151e-05
8  4.0  0.0186612
8  3.0  0.0709426
8  3.5  0.0358203
8  5.0  0.00624681
8  4.5  0.0105375
8  6.0  0.00242077
8  5.5  0.00378658
8  6.5  0.00158213
8  7.0  0.00106187
8  7.5  0.000753302
8  8.0  0.000511419
8  9.5  0.000201429
8  8.5  0.000376489
8  9.0  0.000268567
8  10.0  0.000151134
8  10.5  0.000113971
8  11.0  8.38144e-05
8  11.5  6.53839e-05
8  12.0  5.05959e-05
