# diffractive D0 cross section, Pb target, BCFY fragmentation, An0n channel
# generated      : 2026-10-04 20:52:05 EEST
# flux_model     : STARLIGHT (TARGET=AA)
# scale_factor   : 1.0 (fragmentation scale Q = SCALE_FACTOR * m_T)
# calls          : 1e5 (VEGAS calls per point, see CALLS_EXCL/CALLS_EXCL_FACTORIZED/CALLS_DIFF)
# dipole samples : data/Pb/mve/glauber_mve_<b_d>
# pD0 sweep      : 0.2 0.3 0.4 0.5 0.6 0.7 0.8 0.9 1.0 1.1 1.2 1.3 1.4 1.5 1.6 1.7 1.8 1.9 2.0 2.5 3.0 3.5 4.0 4.5 5.0 5.5 6.0 6.5 7.0 7.5 8.0 8.5 9.0 9.5 10.0 10.5 11.0 11.5 12.0
# fixed rapidity y : -1.5
# ============================================================
# b_d  pD0  dsigma_dyd2pD0
0  0.2  1.78163
0  0.4  2.97276
0  0.5  3.41629
0  0.3  2.43016
0  0.6  3.59921
0  0.7  3.60107
0  0.9  3.12142
0  0.8  3.39165
0  1.1  2.48455
0  1.0  2.84008
0  1.2  2.14452
0  1.3  1.81607
0  1.4  1.51646
0  1.6  1.07521
0  1.5  1.29328
0  1.8  0.752708
0  1.7  0.902084
0  2.0  0.52352
0  1.9  0.631689
0  2.5  0.224419
0  4.5  0.0151405
0  5.0  0.0089062
0  3.0  0.103582
0  3.5  0.0509294
0  4.0  0.0270449
0  6.0  0.00345493
0  5.5  0.00546529
0  7.5  0.00103275
0  6.5  0.00223057
0  7.0  0.00151348
0  9.0  0.000369002
0  8.5  0.00050695
0  8.0  0.000722324
0  10.5  0.000149763
0  9.5  0.000270991
0  10.0  0.000199452
10  0.2  1.71754
10  0.3  2.40272
10  0.4  2.95389
10  0.5  3.34134
0  11.0  0.000113797
10  0.6  3.51413
10  0.7  3.45701
10  0.8  3.32908
10  1.0  2.7297
10  0.9  3.07338
10  1.1  2.38852
10  1.3  1.73075
10  1.2  2.08147
10  1.4  1.48331
10  1.5  1.24574
10  1.6  1.03208
10  1.7  0.865897
10  1.8  0.725472
10  1.9  0.603068
10  2.0  0.50365
10  2.5  0.216432
0  11.5  8.70592e-05
0  12.0  6.69497e-05
10  4.0  0.0257656
10  4.5  0.0146526
10  3.0  0.0981893
10  3.5  0.048976
10  5.0  0.00844166
10  6.0  0.00325795
10  5.5  0.00514378
10  7.5  0.000969618
10  6.5  0.00214147
10  7.0  0.00144831
10  9.0  0.000350902
10  8.5  0.000488825
10  8.0  0.000686858
10  9.5  0.000256097
10  10.5  0.000143285
12  0.2  1.7439
12  0.3  2.37516
12  0.4  2.96711
12  0.5  3.2371
10  10.0  0.000190054
12  0.6  3.46639
12  0.7  3.47817
12  0.8  3.2944
12  0.9  3.02544
12  1.1  2.35105
12  1.0  2.71891
12  1.2  2.03384
12  1.3  1.71281
12  1.4  1.4479
12  1.5  1.22068
12  1.6  1.014
12  1.7  0.853493
12  1.8  0.710231
12  1.9  0.582061
12  2.0  0.495917
12  2.5  0.2106
10  11.0  0.000108425
10  11.5  8.29871e-05
12  3.0  0.0958772
10  12.0  6.36457e-05
12  4.5  0.0138817
12  3.5  0.0477632
12  4.0  0.0250812
12  5.0  0.00826853
12  6.0  0.00317555
12  6.5  0.00209686
12  5.5  0.00508785
12  7.0  0.00139982
12  9.0  0.000343722
12  7.5  0.000958844
12  8.5  0.000479875
12  8.0  0.000675078
12  10.5  0.000139688
12  9.5  0.00025107
14  0.2  1.74217
12  11.5  8.18817e-05
14  0.3  2.35761
14  0.4  2.90217
14  0.5  3.28864
12  10.0  0.000186042
12  11.0  0.000105781
14  0.6  3.45314
14  0.7  3.38568
14  0.8  3.24751
14  0.9  2.97452
14  1.0  2.65455
14  1.1  2.30216
14  1.2  1.98345
14  1.4  1.41521
14  1.3  1.69549
14  1.6  0.990543
14  1.5  1.19533
14  1.7  0.819592
14  1.8  0.689932
14  1.9  0.57861
14  2.0  0.477655
14  2.5  0.205636
14  3.0  0.0922545
12  12.0  6.14232e-05
14  4.5  0.0136905
14  3.5  0.0461743
14  4.0  0.0242655
14  6.0  0.00311986
14  5.0  0.00800908
14  6.5  0.00202846
14  5.5  0.00491796
14  9.0  0.000332678
14  7.0  0.00136046
14  7.5  0.000930951
14  10.0  0.000177384
14  8.0  0.000648029
14  10.5  0.000135538
14  9.5  0.000243001
14  8.5  0.000462301
16  0.2  1.72088
16  0.3  2.3328
16  0.4  2.89626
16  0.5  3.24036
16  0.7  3.3652
16  0.6  3.39283
16  0.8  3.19257
16  0.9  2.86705
16  1.0  2.59131
16  1.1  2.25736
16  1.2  1.93679
16  1.3  1.64225
16  1.5  1.14238
16  1.4  1.37949
16  1.6  0.963276
16  1.7  0.801632
16  1.8  0.669271
16  1.9  0.556395
16  2.0  0.465122
16  2.5  0.195841
14  11.0  0.000102413
14  11.5  7.82784e-05
16  3.0  0.0903142
14  12.0  6.03125e-05
16  4.5  0.0131912
16  3.5  0.0452214
16  4.0  0.0236776
16  6.0  0.00300307
16  5.0  0.00775313
16  5.5  0.00473349
16  6.5  0.00196457
16  7.0  0.00130792
16  9.0  0.000320295
16  7.5  0.000893336
16  8.5  0.000445367
16  8.0  0.000626903
16  10.0  0.000173984
16  10.5  0.000129695
16  9.5  0.000236882
18  0.2  1.70649
18  0.3  2.30178
18  0.4  2.82847
18  0.5  3.16849
18  0.6  3.34229
18  0.7  3.2764
18  0.8  3.03964
18  0.9  2.82949
18  1.0  2.51765
18  1.1  2.18223
18  1.2  1.86955
18  1.3  1.56748
18  1.5  1.11611
18  1.4  1.32671
18  1.6  0.927819
18  1.7  0.770112
18  1.8  0.642863
18  1.9  0.530427
16  11.0  9.85854e-05
18  2.0  0.446897
18  2.5  0.189042
16  11.5  7.50917e-05
18  3.0  0.0863695
16  12.0  5.79298e-05
18  4.0  0.0225358
18  4.5  0.0128202
18  3.5  0.0427617
18  6.0  0.00286849
18  5.0  0.00737767
18  5.5  0.00454299
18  6.5  0.00187018
18  7.0  0.00124647
18  9.0  0.000300133
18  7.5  0.000855376
18  8.5  0.000428677
18  10.0  0.000165894
18  8.0  0.000596602
18  10.5  0.000124573
2  0.2  1.78695
18  9.5  0.000224985
2  0.3  2.42822
2  0.4  3.01472
18  11.0  9.49127e-05
2  0.5  3.40447
2  0.6  3.52243
2  0.7  3.60839
2  0.8  3.41281
2  0.9  3.15234
2  1.0  2.83484
2  1.1  2.46653
2  1.2  2.12466
2  1.5  1.27933
2  1.3  1.81837
2  1.4  1.54359
2  1.6  1.08249
2  1.7  0.902898
2  1.8  0.751455
2  1.9  0.628055
2  2.0  0.527707
2  2.5  0.224254
18  11.5  7.1965e-05
18  12.0  5.54315e-05
2  4.5  0.0151138
2  3.0  0.103095
2  3.5  0.0518337
2  4.0  0.0269381
2  5.0  0.00888397
2  6.0  0.00343869
2  5.5  0.00539099
2  7.5  0.00103475
2  6.5  0.0022485
2  9.0  0.000366672
2  7.0  0.00150849
2  8.5  0.000510307
2  8.0  0.000718293
2  10.5  0.000151142
2  9.5  0.000269561
20  0.2  1.67377
20  0.3  2.28088
20  0.4  2.76223
2  10.0  0.000199349
20  0.5  3.11982
20  0.6  3.25918
20  0.7  3.19759
20  0.8  3.01416
2  11.0  0.000112896
20  0.9  2.73785
20  1.0  2.37852
20  1.1  2.10522
20  1.2  1.78635
20  1.3  1.5116
20  1.4  1.24175
20  1.5  1.0583
20  1.6  0.883007
20  1.7  0.730872
20  1.9  0.506231
20  1.8  0.612049
20  2.5  0.178656
20  2.0  0.424202
2  11.5  8.64185e-05
2  12.0  6.51244e-05
20  4.5  0.0121287
20  3.0  0.082042
20  3.5  0.0404467
20  4.0  0.0212592
20  6.0  0.00270549
20  6.5  0.00176778
20  5.0  0.00698033
20  5.5  0.00426295
20  7.0  0.00118333
20  9.0  0.000289459
20  7.5  0.000809182
20  8.5  0.000401717
20  10.0  0.000155038
20  8.0  0.000570615
20  10.5  0.000118076
22  0.2  1.6429
20  9.5  0.00021243
22  0.3  2.22648
22  0.4  2.73302
22  0.5  3.04296
22  0.6  3.14257
22  0.7  3.06712
22  0.8  2.82615
22  0.9  2.61075
22  1.0  2.30285
22  1.1  1.99434
22  1.2  1.67961
22  1.3  1.43025
22  1.4  1.19632
22  1.6  0.829398
22  1.5  0.995489
22  1.7  0.692402
22  1.8  0.577511
22  1.9  0.474838
22  2.0  0.400185
20  11.0  8.88759e-05
22  2.5  0.166754
20  12.0  5.23561e-05
20  11.5  6.73568e-05
22  4.5  0.0110897
22  3.0  0.0759742
22  3.5  0.0376004
22  5.0  0.00648854
22  4.0  0.0198401
22  6.0  0.00251471
22  6.5  0.00164295
22  5.5  0.00401837
22  7.5  0.000759049
22  7.0  0.00111736
22  9.0  0.000269214
22  8.5  0.00037228
22  10.0  0.000141829
22  8.0  0.00052181
22  10.5  0.000108938
22  9.5  0.000196694
24  0.2  1.53496
24  0.3  2.16501
24  0.4  2.63195
24  0.5  2.90858
24  0.6  2.98964
24  0.7  2.93161
24  0.8  2.71784
24  0.9  2.44798
24  1.1  1.83893
24  1.0  2.15455
24  1.3  1.30117
24  1.2  1.57618
24  1.4  1.10258
24  1.5  0.918091
24  1.7  0.634779
24  1.6  0.760198
24  1.9  0.438428
24  1.8  0.525372
24  2.0  0.364022
24  2.5  0.152609
22  11.0  8.2669e-05
22  11.5  6.30745e-05
22  12.0  4.86412e-05
24  4.5  0.0100496
24  3.0  0.0696094
24  3.5  0.0339478
24  5.0  0.00583647
24  4.0  0.0179895
24  6.0  0.00228547
24  5.5  0.00361032
24  7.5  0.000684002
24  6.5  0.00149102
24  7.0  0.00100038
24  9.0  0.000244099
24  8.0  0.000475465
24  8.5  0.000332427
24  10.5  9.86871e-05
24  11.0  7.47767e-05
24  9.5  0.000178627
26  0.2  1.53461
26  0.3  2.07436
26  0.4  2.51001
24  10.0  0.00013339
26  0.6  2.75299
26  0.5  2.75847
26  0.7  2.7106
26  0.8  2.50531
26  0.9  2.25393
26  1.0  1.96272
26  1.2  1.42413
26  1.1  1.67325
24  11.5  5.79494e-05
26  1.4  0.991732
26  1.3  1.18939
26  1.6  0.678242
26  1.5  0.818139
26  1.7  0.562924
26  1.8  0.466993
26  1.9  0.386487
26  2.0  0.319412
26  2.5  0.1359
24  12.0  4.4148e-05
26  4.5  0.00889616
26  3.0  0.0611131
26  3.5  0.0301436
26  4.0  0.0157469
26  6.0  0.00200917
26  6.5  0.00130737
26  5.0  0.00520374
26  5.5  0.00316241
26  7.0  0.00085994
26  9.0  0.000216977
26  7.5  0.000597711
26  8.5  0.000295064
26  8.0  0.000417747
26  10.5  8.63422e-05
26  9.5  0.000156758
26  10.0  0.000116327
28  0.2  1.45227
28  0.3  1.94017
26  12.0  3.88389e-05
28  0.4  2.34122
28  0.5  2.47698
28  0.6  2.56551
28  0.7  2.44789
28  0.8  2.23538
28  0.9  1.98787
28  1.0  1.68663
28  1.1  1.44454
28  1.2  1.22796
28  1.3  1.03096
28  1.4  0.849103
28  1.5  0.701067
28  1.7  0.47292
28  1.6  0.580567
28  1.8  0.397946
28  1.9  0.329419
28  2.0  0.272257
28  2.5  0.114232
26  11.0  6.58675e-05
26  11.5  5.06239e-05
28  4.5  0.00746996
28  5.5  0.0026761
28  3.0  0.0511307
28  3.5  0.0252134
28  4.0  0.0133217
28  5.0  0.00444949
28  6.5  0.00110065
28  6.0  0.00171343
28  7.5  0.000495353
28  7.0  0.000737358
28  8.0  0.00034859
28  10.5  7.3507e-05
28  8.5  0.000249273
28  9.0  0.000179688
28  10.0  9.77852e-05
28  9.5  0.000128973
30  0.2  1.32055
30  0.3  1.75052
30  0.4  2.10418
30  0.5  2.22439
30  0.6  2.22008
30  0.7  2.06556
30  0.8  1.86645
30  0.9  1.63478
30  1.0  1.40852
30  1.1  1.18932
30  1.3  0.81671
30  1.2  0.99316
30  1.4  0.679885
30  1.5  0.557271
30  1.6  0.461329
30  1.7  0.380495
28  11.0  5.4862e-05
30  1.8  0.314148
30  1.9  0.261649
30  2.0  0.216271
30  2.5  0.0897321
28  11.5  4.25481e-05
28  12.0  3.21603e-05
30  3.0  0.0411394
30  4.5  0.00586024
30  3.5  0.0198582
30  4.0  0.0104544
30  5.0  0.00340951
30  5.5  0.0020796
30  7.0  0.000576478
30  6.0  0.00133908
30  6.5  0.000874052
30  9.0  0.000140925
30  7.5  0.00040086
30  8.0  0.00027539
30  8.5  0.000192852
30  10.5  5.71216e-05
32  0.2  1.16144
30  9.5  0.000104473
32  0.3  1.53912
32  0.4  1.76366
32  0.6  1.78053
32  0.5  1.83614
30  12.0  2.53541e-05
30  10.0  7.71218e-05
32  0.7  1.61682
32  0.8  1.44172
32  0.9  1.2435
32  1.0  1.05655
32  1.1  0.88432
32  1.2  0.734514
32  1.3  0.588167
32  1.4  0.498501
32  1.5  0.40938
32  1.6  0.337889
32  1.7  0.277407
32  1.8  0.228254
32  1.9  0.189713
32  2.0  0.155864
32  2.5  0.0655784
30  11.0  4.3205e-05
30  11.5  3.29293e-05
32  4.5  0.00423071
32  3.0  0.0293234
32  3.5  0.0141622
32  4.0  0.00748387
32  5.0  0.00243492
32  5.5  0.00151078
32  6.0  0.000943673
32  6.5  0.000608617
32  7.5  0.00028416
32  8.0  0.000194923
32  7.0  0.000412566
32  9.0  0.00010005
32  10.0  5.48245e-05
32  8.5  0.000140087
32  9.5  7.25124e-05
32  11.0  3.11938e-05
4  0.2  1.74214
4  0.3  2.42235
32  10.5  4.06161e-05
4  0.4  2.98462
4  0.5  3.34147
4  0.6  3.594
4  0.7  3.58755
4  0.8  3.40095
4  0.9  3.16125
4  1.0  2.82328
4  1.1  2.43448
4  1.2  2.12449
4  1.3  1.81539
4  1.4  1.5291
4  1.5  1.28264
4  1.6  1.07564
4  1.7  0.893981
4  1.8  0.749066
4  1.9  0.62076
4  2.0  0.523105
4  2.5  0.222172
32  11.5  2.36227e-05
32  12.0  1.7783e-05
4  4.5  0.0150486
4  3.0  0.103561
4  3.5  0.0516047
4  4.0  0.0267517
4  5.0  0.00869041
4  6.0  0.00343615
4  5.5  0.00542009
4  8.0  0.000707982
4  7.5  0.00102653
4  6.5  0.0022116
4  7.0  0.00149641
4  9.0  0.000365767
4  8.5  0.000508111
4  10.5  0.000150501
4  9.5  0.000268755
6  0.2  1.73118
6  0.3  2.41997
4  10.0  0.000195994
6  0.4  2.97293
6  0.5  3.38048
6  0.6  3.56888
6  0.7  3.54376
4  11.0  0.000111577
6  0.8  3.38256
6  1.0  2.78109
6  0.9  3.14034
6  1.1  2.45331
6  1.2  2.11638
6  1.3  1.80276
6  1.4  1.5119
6  1.5  1.27663
6  1.6  1.06518
6  1.7  0.893078
6  1.8  0.744305
6  1.9  0.620158
6  2.5  0.221206
6  2.0  0.51911
4  11.5  8.42849e-05
4  12.0  6.49838e-05
6  4.5  0.0146796
6  3.0  0.101611
6  3.5  0.050314
6  4.0  0.0267548
6  5.0  0.00875902
6  6.0  0.00340429
6  5.5  0.00534542
6  7.0  0.00148214
6  7.5  0.00101371
6  6.5  0.00221751
6  9.0  0.000358968
6  8.5  0.000502937
6  8.0  0.000707434
6  10.5  0.000147258
8  0.2  1.76634
6  9.5  0.000267774
8  0.3  2.40782
8  0.4  2.9694
6  10.0  0.000194413
8  0.5  3.35773
8  0.6  3.48589
6  11.0  0.00010974
8  0.8  3.36959
8  0.7  3.55355
8  0.9  3.11268
8  1.0  2.77381
8  1.1  2.41285
8  1.2  2.09033
8  1.4  1.47979
8  1.3  1.78266
8  1.5  1.26141
8  1.6  1.05743
8  1.7  0.885803
8  1.8  0.725542
8  1.9  0.614763
8  2.5  0.218428
8  2.0  0.513318
6  11.5  8.52077e-05
6  12.0  6.56849e-05
8  4.0  0.0261129
8  4.5  0.0147267
8  3.0  0.101747
8  3.5  0.0498099
8  5.0  0.00862476
8  6.0  0.00332827
8  5.5  0.00528314
8  7.5  0.000997113
8  6.5  0.00218416
8  7.0  0.00146499
8  8.5  0.000497909
8  8.0  0.000687512
8  9.5  0.00026188
8  10.5  0.000141373
8  9.0  0.000356861
8  10.0  0.000193917
8  11.0  0.000110231
8  11.5  8.45857e-05
8  12.0  6.51632e-05
