# exclusive D0 cross section, Pb target, BCFY fragmentation, An0n channel
# generated      : 2026-10-04 20:52:05 EEST
# flux_model     : STARLIGHT (TARGET=AA)
# scale_factor   : 1.0 (fragmentation scale Q = SCALE_FACTOR * m_T)
# calls          : 1e5 below 3.0 GeV, 2e3 above (see EXCL_PT_THRESHOLD) (VEGAS calls per point, see CALLS_EXCL/CALLS_EXCL_FACTORIZED/CALLS_DIFF)
# dipole samples : data/Pb/mve/glauber_mve_<b_d>
# pD0 sweep      : 0.2 0.3 0.4 0.5 0.6 0.7 0.8 0.9 1.0 1.1 1.2 1.3 1.4 1.5 1.6 1.7 1.8 1.9 2.0 2.5 3.0 3.5 4.0 4.5 5.0 5.5 6.0 6.5 7.0 7.5 8.0 8.5 9.0 9.5 10.0 10.5 11.0 11.5 12.0
# fixed rapidity y : 1.5
# ============================================================
# b_d  pD0  dsigma_dyd2pD0
0  0.4  2.96711
0  0.6  1.86828
0  0.3  3.63306
0  0.5  2.37472
0  0.2  4.36514
0  0.7  1.44568
0  0.8  1.10604
0  0.9  0.83667
0  1.0  0.629494
0  1.1  0.471623
0  1.5  0.147582
0  1.3  0.262885
0  1.2  0.352283
0  1.6  0.111297
0  1.4  0.196805
0  1.7  0.0840732
0  1.8  0.0625729
0  1.9  0.0470549
0  2.0  0.0360061
0  2.5  0.00977464
0  3.5  0.000917
0  4.0  0.000317348
0  5.0  4.72524e-05
0  3.0  0.00286898
0  5.5  2.00434e-05
0  4.5  0.000119243
0  6.0  8.86991e-06
0  6.5  4.13142e-06
0  7.0  2.00388e-06
0  7.5  1.01066e-06
0  8.0  5.26225e-07
0  9.0  1.5589e-07
0  8.5  2.84231e-07
0  9.5  8.83696e-08
0  10.0  5.11857e-08
10  0.2  4.16157
10  0.3  3.46055
0  10.5  3.02952e-08
10  0.4  2.82442
0  11.5  1.12561e-08
10  0.5  2.25879
10  0.7  1.3675
10  0.6  1.77273
10  0.8  1.04406
10  0.9  0.790731
10  1.0  0.593428
10  1.1  0.443106
10  1.2  0.330567
0  12.0  7.02683e-09
10  1.3  0.246754
10  1.4  0.18498
10  1.6  0.103656
10  1.5  0.137662
10  1.7  0.077306
10  1.8  0.058896
10  1.9  0.0438625
10  2.0  0.0332848
10  2.5  0.00906443
0  11.0  1.835e-08
10  4.0  0.00029148
10  3.0  0.00263713
10  4.5  0.000108771
10  3.5  0.000846424
10  5.5  1.82542e-05
10  5.0  4.34578e-05
10  6.0  8.11228e-06
10  6.5  3.77519e-06
10  7.0  1.83057e-06
10  7.5  9.23257e-07
10  8.5  2.58016e-07
10  8.0  4.82312e-07
10  9.0  1.41994e-07
10  9.5  8.04675e-08
10  10.0  4.65889e-08
12  0.2  4.06822
12  0.3  3.38045
10  11.5  1.02318e-08
12  0.4  2.7573
10  10.5  2.75576e-08
12  0.5  2.20436
12  0.6  1.72937
12  0.7  1.33561
12  0.8  1.01804
12  0.9  0.769509
12  1.0  0.575905
12  1.1  0.430861
12  1.2  0.320702
12  1.3  0.23878
12  1.5  0.133566
12  1.4  0.178604
12  1.6  0.10072
12  1.7  0.0747893
12  1.8  0.0561905
12  1.9  0.0423732
12  2.0  0.0323085
12  2.5  0.00864327
10  11.0  1.6689e-08
12  4.0  0.00028123
10  12.0  6.41039e-09
12  3.0  0.00254628
12  4.5  0.000104374
12  3.5  0.000813819
12  5.5  1.74965e-05
12  5.0  4.16805e-05
12  6.0  7.77249e-06
12  6.5  3.61611e-06
12  7.0  1.75327e-06
12  7.5  8.83986e-07
12  8.0  4.59293e-07
12  8.5  2.46785e-07
12  9.0  1.35831e-07
12  9.5  7.69515e-08
12  10.0  4.4547e-08
14  0.2  3.95322
12  10.5  2.64387e-08
14  0.3  3.28459
14  0.4  2.67623
14  0.5  2.13671
14  0.6  1.6742
14  0.7  1.2924
14  0.8  0.983226
14  0.9  0.743055
14  1.0  0.556389
14  1.1  0.414696
14  1.2  0.308724
14  1.4  0.17164
14  1.3  0.229833
14  1.5  0.128473
14  1.6  0.0964543
14  1.7  0.0723803
14  1.8  0.0539768
14  2.5  0.00829322
14  1.9  0.0407229
14  2.0  0.0310262
12  11.0  1.59508e-08
14  3.5  0.000771811
12  11.5  9.79339e-09
14  4.0  0.000267507
12  12.0  6.12517e-09
14  5.0  3.96016e-05
14  3.0  0.00242728
14  4.5  9.91421e-05
14  5.5  1.65973e-05
14  6.0  7.36813e-06
14  6.5  3.42758e-06
14  7.0  1.66107e-06
14  8.0  4.34805e-07
14  7.5  8.39881e-07
14  8.5  2.33563e-07
14  9.0  1.285e-07
14  9.5  7.27641e-08
14  10.0  4.21169e-08
16  0.2  3.81427
16  0.3  3.16763
14  10.5  2.4912e-08
16  0.4  2.57809
16  0.5  2.05607
16  0.6  1.61029
16  0.7  1.24029
16  0.8  0.941787
16  1.0  0.531423
16  0.9  0.711171
16  1.1  0.395942
16  1.2  0.294922
16  1.3  0.219306
16  1.5  0.121539
16  1.4  0.163085
16  1.7  0.0689448
16  1.6  0.0911624
16  1.8  0.0511033
16  1.9  0.0391514
16  2.0  0.0297415
16  2.5  0.0078498
14  11.0  1.50721e-08
16  3.5  0.00072271
14  11.5  9.25425e-09
14  12.0  5.78594e-09
16  4.0  0.000250146
16  4.5  9.29813e-05
16  3.0  0.00228589
16  5.0  3.69221e-05
16  5.5  1.55429e-05
16  6.0  6.89938e-06
16  7.5  7.81139e-07
16  6.5  3.20664e-06
16  7.0  1.55352e-06
16  8.0  4.06186e-07
16  9.5  6.81839e-08
16  8.5  2.1796e-07
16  9.0  1.20672e-07
16  10.0  3.92808e-08
18  0.2  3.64776
16  10.5  2.32278e-08
18  0.3  3.0272
18  0.4  2.46177
18  0.5  1.96005
18  0.6  1.53122
18  0.7  1.17895
18  0.8  0.895288
18  0.9  0.672607
18  1.0  0.503316
18  1.1  0.374219
18  1.3  0.206253
18  1.2  0.27784
18  1.4  0.153698
18  1.5  0.11428
18  1.6  0.0861166
18  1.7  0.0644851
18  1.8  0.0483957
18  1.9  0.0360667
18  2.0  0.0278337
18  2.5  0.00742461
16  11.0  1.40496e-08
16  11.5  8.62543e-09
18  3.0  0.00211242
16  12.0  5.39079e-09
18  4.0  0.000231127
18  3.5  0.000674926
18  5.0  3.40651e-05
18  4.5  8.63921e-05
18  5.5  1.43286e-05
18  6.0  6.35635e-06
18  7.5  7.18919e-07
18  7.0  1.42903e-06
18  6.5  2.96824e-06
18  8.0  3.73233e-07
18  9.5  6.24618e-08
18  9.0  1.10167e-07
18  8.5  2.00926e-07
18  10.0  3.60268e-08
2  0.2  4.35703
2  0.3  3.62602
2  0.4  2.96152
2  0.5  2.37253
18  11.0  1.28588e-08
2  0.6  1.86491
2  0.7  1.44275
2  0.8  1.10381
2  0.9  0.835693
2  1.0  0.627593
2  1.1  0.470646
2  1.2  0.351206
2  1.3  0.262273
18  11.5  7.8755e-09
2  1.5  0.147307
2  1.4  0.196321
2  1.6  0.110087
2  1.7  0.0827995
2  1.8  0.0624024
2  1.9  0.0469019
18  10.5  2.13902e-08
2  2.0  0.0366601
2  2.5  0.00972851
18  12.0  4.91757e-09
2  4.0  0.0003163
2  3.0  0.00286075
2  3.5  0.000916993
2  5.5  1.99763e-05
2  4.5  0.000118851
2  5.0  4.70963e-05
2  6.0  8.83983e-06
2  6.5  4.11735e-06
2  7.0  1.99695e-06
2  7.5  1.00716e-06
2  8.0  5.24339e-07
2  9.0  1.55339e-07
2  9.5  8.80552e-08
2  8.5  2.83244e-07
2  10.0  5.10026e-08
20  0.2  3.44882
20  0.3  2.85527
2  10.5  3.01862e-08
2  11.5  1.12152e-08
20  0.4  2.31934
20  0.5  1.84396
20  0.6  1.43694
20  0.8  0.836146
20  0.7  1.10527
20  0.9  0.628972
20  1.0  0.468998
20  1.1  0.348346
2  12.0  7.00133e-09
20  1.2  0.25763
20  1.3  0.191551
20  1.4  0.142041
20  1.5  0.105563
20  1.6  0.0786576
20  1.8  0.0448115
20  1.7  0.0588025
20  1.9  0.0334774
20  2.0  0.0255338
20  2.5  0.00664407
2  11.0  1.8284e-08
20  3.0  0.00192816
20  4.0  0.000210696
20  3.5  0.00060855
20  4.5  7.77635e-05
20  5.0  3.07935e-05
20  5.5  1.29375e-05
20  6.0  5.73494e-06
20  6.5  2.67344e-06
20  7.5  6.46577e-07
20  7.0  1.2937e-06
20  8.0  3.35714e-07
20  9.0  9.89727e-08
20  8.5  1.8068e-07
20  9.5  5.59593e-08
20  10.0  3.23324e-08
22  0.2  3.20703
20  10.5  1.91048e-08
22  0.3  2.65282
22  0.4  2.14989
22  0.5  1.70688
22  0.6  1.32825
22  0.7  1.01699
20  11.0  1.15218e-08
22  0.8  0.769489
22  0.9  0.576453
22  1.0  0.428495
22  1.1  0.31723
22  1.2  0.235565
22  1.3  0.173622
22  1.4  0.128718
22  1.5  0.0955491
22  1.6  0.0709737
20  11.5  7.05521e-09
22  1.8  0.0395978
22  1.7  0.0529231
22  1.9  0.0297444
22  2.5  0.0059841
22  2.0  0.0224914
20  12.0  4.40408e-09
22  4.0  0.000185159
22  3.0  0.00171745
22  4.5  6.86089e-05
22  3.5  0.000542604
22  5.0  2.71191e-05
22  5.5  1.13638e-05
22  6.0  5.03485e-06
22  6.5  2.33197e-06
22  7.0  1.13254e-06
22  7.5  5.65265e-07
22  8.0  2.94807e-07
22  9.0  8.6351e-08
22  9.5  4.87788e-08
22  8.5  1.57841e-07
22  10.0  2.81792e-08
24  0.2  2.91306
22  11.5  6.13197e-09
22  10.5  1.66359e-08
24  0.3  2.40597
24  0.4  1.94507
24  0.5  1.53977
24  0.6  1.19533
24  0.7  0.912704
24  0.8  0.687227
24  0.9  0.512473
22  11.0  1.00212e-08
24  1.0  0.380382
24  1.1  0.281556
24  1.2  0.207082
24  1.4  0.112998
24  1.3  0.152895
24  1.5  0.0833134
24  1.8  0.0351459
24  1.6  0.062111
24  1.7  0.0461369
24  1.9  0.0263198
24  2.0  0.0195395
24  2.5  0.00520125
22  12.0  3.82797e-09
24  3.0  0.00146806
24  3.5  0.000460324
24  4.0  0.000157697
24  5.0  2.30909e-05
24  4.5  5.8188e-05
24  5.5  9.60115e-06
24  6.0  4.24669e-06
24  6.5  1.96352e-06
24  7.0  9.4641e-07
24  7.5  4.74525e-07
24  8.0  2.45926e-07
24  8.5  1.31646e-07
24  9.0  7.23664e-08
24  10.0  2.35489e-08
24  9.5  4.0893e-08
26  0.2  2.55589
24  10.5  1.38928e-08
24  11.5  5.11414e-09
26  0.3  2.10578
26  0.4  1.69707
26  0.5  1.33827
26  0.6  1.03415
26  0.7  0.785644
26  0.8  0.590816
26  0.9  0.439246
26  1.0  0.323725
26  1.1  0.238813
26  1.2  0.175253
26  1.3  0.129228
26  1.4  0.0948337
26  1.5  0.0703615
26  1.6  0.052244
26  1.7  0.0385761
26  1.8  0.0286531
26  1.9  0.0216997
26  2.0  0.0164026
26  2.5  0.00421942
24  11.0  8.3798e-09
26  4.0  0.000127373
26  3.5  0.000372323
24  12.0  3.21143e-09
26  3.0  0.00119931
26  5.0  1.84836e-05
26  4.5  4.67235e-05
26  5.5  7.66666e-06
26  6.0  3.37865e-06
26  6.5  1.56066e-06
26  8.0  1.943e-07
26  7.5  3.75824e-07
26  8.5  1.04349e-07
26  7.0  7.55699e-07
26  9.0  5.70944e-08
26  9.5  3.21519e-08
26  10.0  1.85246e-08
28  0.2  2.12972
26  10.5  1.09163e-08
28  0.3  1.74835
28  0.4  1.40295
28  0.5  1.10074
28  0.6  0.845401
28  0.7  0.639719
28  0.8  0.477261
28  0.9  0.353075
28  1.0  0.259366
28  1.1  0.189756
28  1.2  0.138687
28  1.4  0.0746748
28  1.3  0.101501
28  1.5  0.0548331
28  1.6  0.0406657
28  1.7  0.0298893
26  11.5  4.01608e-09
28  1.8  0.0226653
28  1.9  0.0165489
28  2.5  0.00317433
28  2.0  0.0125281
26  11.0  6.58688e-09
26  12.0  2.51164e-09
28  3.5  0.000278686
28  3.0  0.000901765
28  4.5  3.45801e-05
28  4.0  9.49829e-05
28  5.5  5.62999e-06
28  5.0  1.36007e-05
28  6.0  2.47273e-06
28  6.5  1.13888e-06
28  7.0  5.46868e-07
28  7.5  2.73134e-07
28  8.0  1.40988e-07
28  8.5  7.51129e-08
28  9.0  4.11956e-08
28  9.5  2.31764e-08
28  10.0  1.3328e-08
28  11.0  4.71862e-09
30  0.2  1.63991
30  0.3  1.34019
28  10.5  7.84569e-09
30  0.4  1.0695
30  0.5  0.83412
30  0.6  0.637151
30  0.7  0.477907
30  0.8  0.35384
30  0.9  0.259644
30  1.0  0.189525
30  1.1  0.137544
30  1.2  0.100053
30  1.4  0.0531953
30  1.5  0.0389896
30  1.3  0.0727199
30  1.6  0.0287558
30  1.8  0.015813
30  1.7  0.0212853
30  2.0  0.00888621
30  1.9  0.0115868
30  2.5  0.00213546
28  11.5  2.88848e-09
30  3.0  0.000605161
30  3.5  0.000185983
28  12.0  1.79669e-09
30  4.5  2.27256e-05
30  4.0  6.28996e-05
30  5.5  3.6648e-06
30  5.0  8.89609e-06
30  6.0  1.60237e-06
30  6.5  7.35579e-07
30  7.0  3.51863e-07
30  7.5  1.75075e-07
30  8.5  4.79203e-08
30  8.0  9.05489e-08
30  9.0  2.61786e-08
30  9.5  1.46929e-08
30  10.5  4.94789e-09
30  10.0  8.43201e-09
32  0.2  1.13513
30  11.5  1.81461e-09
32  0.3  0.921009
32  0.4  0.729875
32  0.5  0.564103
32  0.6  0.42662
32  0.7  0.316975
32  0.8  0.232699
32  0.9  0.169213
32  1.0  0.12207
30  12.0  1.12493e-09
32  1.1  0.0879924
32  1.2  0.0634226
32  1.3  0.0458098
32  1.4  0.0331566
32  1.5  0.0240318
32  1.7  0.013066
32  1.6  0.0174859
32  1.8  0.00966387
32  2.0  0.00530352
32  1.9  0.00698564
32  2.5  0.00128655
30  11.0  2.97695e-09
32  3.0  0.000354708
32  3.5  0.000107136
32  4.0  3.58144e-05
32  4.5  1.28815e-05
32  5.5  2.03628e-06
32  5.0  4.97658e-06
32  6.5  4.03595e-07
32  6.0  8.90082e-07
32  7.0  1.92164e-07
32  8.0  4.87212e-08
32  8.5  2.58421e-08
32  7.5  9.5706e-08
32  9.0  1.4066e-08
32  9.5  7.87585e-09
4  0.2  4.33295
4  0.3  3.60502
4  0.4  2.94216
32  10.5  2.63619e-09
4  0.5  2.35641
4  0.6  1.85427
4  0.7  1.43486
4  0.8  1.09647
4  0.9  0.829081
32  10.0  4.51282e-09
4  1.0  0.623717
4  1.1  0.46717
4  1.2  0.34851
4  1.3  0.260405
4  1.4  0.194615
4  1.5  0.146098
4  1.6  0.109215
4  1.8  0.0618432
4  1.7  0.0820914
4  1.9  0.0475054
4  2.0  0.0366128
4  2.5  0.00953169
32  11.0  1.58267e-09
32  11.5  9.61888e-10
32  12.0  5.95411e-10
4  4.0  0.000313175
4  3.0  0.0028346
4  3.5  0.000908443
4  4.5  0.000116996
4  5.5  1.97733e-05
4  5.0  4.66332e-05
4  6.0  8.74954e-06
4  6.5  4.07507e-06
4  7.0  1.97617e-06
4  7.5  9.96673e-07
4  9.0  1.53689e-07
4  8.0  5.21305e-07
4  8.5  2.80257e-07
4  9.5  8.71109e-08
4  10.0  5.04543e-08
6  0.2  4.29213
4  10.5  2.98593e-08
4  11.5  1.10925e-08
6  0.3  3.57205
6  0.4  2.91456
6  0.5  2.33509
6  0.7  1.41959
6  0.6  1.83566
6  0.8  1.0838
6  1.0  0.617213
6  0.9  0.821314
4  12.0  6.9248e-09
6  1.1  0.461061
6  1.2  0.343894
6  1.3  0.256956
6  1.4  0.192149
6  1.5  0.143853
6  1.6  0.10816
6  1.7  0.0810349
6  1.8  0.061734
6  2.0  0.035828
6  1.9  0.0461518
6  2.5  0.00947616
4  11.0  1.80857e-08
6  4.0  0.00030793
6  4.5  0.000115051
6  3.0  0.00279052
6  3.5  0.000893864
6  5.0  4.58538e-05
6  6.0  8.59879e-06
6  5.5  1.94167e-05
6  6.5  4.00433e-06
6  7.0  1.94158e-06
6  7.5  9.79128e-07
6  8.0  5.12089e-07
6  9.0  1.50927e-07
6  9.5  8.55345e-08
6  8.5  2.75252e-07
6  10.0  4.95376e-08
8  0.2  4.2379
6  10.5  2.93134e-08
8  0.3  3.52051
6  11.5  1.08878e-08
8  0.4  2.87698
8  0.5  2.30179
8  0.6  1.80851
8  0.7  1.39822
8  0.8  1.0661
8  0.9  0.807884
8  1.0  0.606776
8  1.1  0.454037
6  12.0  6.79702e-09
8  1.3  0.252474
8  1.2  0.338443
8  1.5  0.141258
8  1.4  0.188999
8  1.6  0.105594
8  1.7  0.0794934
8  1.8  0.0597994
8  2.0  0.0350873
8  1.9  0.0451137
8  2.5  0.00936223
6  11.0  1.77543e-08
8  4.0  0.000300773
8  3.0  0.00272736
8  4.5  0.000112317
8  3.5  0.000873162
8  5.0  4.49381e-05
8  6.0  8.38667e-06
8  6.5  3.90439e-06
8  5.5  1.89475e-05
8  7.0  1.89329e-06
8  7.5  9.54502e-07
8  8.5  2.67178e-07
8  9.0  1.47026e-07
8  8.0  4.99214e-07
8  9.5  8.33222e-08
8  10.0  4.82502e-08
8  11.5  1.06027e-08
8  10.5  2.85457e-08
8  11.0  1.72894e-08
8  12.0  6.64258e-09
