# diffractive D0 cross section, Pb target, BCFY fragmentation, Xn0n channel
# generated      : 2026-10-02 23:33:19 EEST
# flux_model     : EFF (TARGET=AA)
# calls         : 1e5 (VEGAS calls per point, see CALLS_EXCL/CALLS_EXCL_FACTORIZED/CALLS_DIFF)
# dipole samples : data/Pb/mve/glauber_mve_<b>
# pD0 sweep      : 0.2 0.3 0.4 0.5 0.6 0.7 0.8 0.9 1.0 1.1 1.2 1.3 1.4 1.5 1.6 1.7 1.8 1.9 2.0 2.5 3.0 3.5 4.0 4.5 5.0 5.5 6.0 6.5 7.0 7.5 8.0 8.5 9.0 9.5 10.0 10.5 11.0 11.5 12.0
# fixed rapidity y : -1.5
# ============================================================
# b  pD0  dsigma_dyd2pD0
0  0.6  0.366968
0  0.4  0.38402
0  0.2  0.406677
0  0.8  0.322515
0  0.3  0.385219
0  0.5  0.385454
0  0.7  0.35081
0  1.0  0.254033
0  1.1  0.219239
0  0.9  0.288048
0  1.2  0.187841
0  1.4  0.132328
0  1.6  0.0950613
0  1.5  0.114011
0  1.3  0.159785
0  1.7  0.0795069
0  1.9  0.0567386
0  2.0  0.0476274
0  1.8  0.0673323
0  2.5  0.0213676
0  3.0  0.0103596
0  4.0  0.00297186
0  5.0  0.00106205
0  6.0  0.000415617
0  5.5  0.000676362
0  3.5  0.00542764
0  4.5  0.00177232
0  7.5  0.000145296
0  9.0  5.60087e-05
0  6.5  0.00029845
0  8.0  0.000103733
0  8.5  7.62133e-05
0  7.0  0.000205918
10  0.2  0.408836
10  0.3  0.377987
10  0.4  0.378195
10  0.5  0.374121
10  0.6  0.352284
0  10.5  2.44234e-05
10  0.7  0.344067
0  9.5  4.20863e-05
10  0.8  0.312467
10  0.9  0.280174
10  1.0  0.245111
0  10.0  3.19363e-05
10  1.2  0.178651
10  1.1  0.211828
0  11.5  1.4734e-05
10  1.3  0.153552
10  1.4  0.127258
10  1.5  0.109222
10  1.6  0.0913552
10  1.7  0.0765941
10  1.8  0.064446
10  1.9  0.0549116
10  2.0  0.0458192
0  11.0  1.87365e-05
10  2.5  0.0204596
0  12.0  1.16055e-05
10  3.0  0.00990149
10  4.0  0.00283305
10  5.0  0.00101718
10  5.5  0.00065727
10  3.5  0.00514715
10  6.0  0.000420876
10  4.5  0.00165726
10  9.0  5.3411e-05
10  7.5  0.000136823
10  6.5  0.000283971
10  8.0  0.000100562
10  8.5  7.20612e-05
10  7.0  0.000195719
12  0.2  0.396197
10  10.0  3.04696e-05
12  0.3  0.374635
12  0.4  0.371894
12  0.5  0.369841
10  9.5  3.96828e-05
12  0.6  0.360742
12  0.7  0.334175
10  10.5  2.32899e-05
12  0.8  0.303976
12  0.9  0.275432
12  1.0  0.240327
10  11.0  1.78393e-05
12  1.1  0.210626
12  1.2  0.175505
12  1.3  0.150134
12  1.4  0.126904
10  11.5  1.3984e-05
12  1.5  0.106692
12  1.6  0.0898258
12  1.7  0.074912
12  1.8  0.0635354
12  1.9  0.0537209
12  2.0  0.0446988
12  2.5  0.0199824
10  12.0  1.10288e-05
12  4.0  0.00277233
12  5.0  0.000987601
12  5.5  0.000637717
12  3.0  0.00965923
12  3.5  0.00507158
12  6.0  0.0004116
12  4.5  0.0016152
12  7.0  0.000194501
12  9.0  5.21027e-05
12  7.5  0.000134913
12  6.5  0.000274905
12  8.0  9.67445e-05
12  9.5  3.8356e-05
14  0.2  0.3898
12  8.5  7.05846e-05
14  0.3  0.368443
14  0.4  0.36996
14  0.5  0.365934
12  10.0  2.96235e-05
14  0.6  0.354257
14  0.7  0.333245
12  10.5  2.26784e-05
14  0.8  0.302406
14  0.9  0.270992
14  1.0  0.237293
12  11.0  1.75073e-05
14  1.1  0.202918
14  1.2  0.174438
14  1.3  0.147621
14  1.4  0.12418
12  11.5  1.36417e-05
14  1.5  0.104169
14  1.6  0.0858259
14  1.7  0.0733811
12  12.0  1.07509e-05
14  1.8  0.0616417
14  1.9  0.0513716
14  2.5  0.0196327
14  2.0  0.0435476
14  3.0  0.00935873
14  4.0  0.00266591
14  5.0  0.000959522
14  5.5  0.00060972
14  6.0  0.000399134
14  3.5  0.00484593
14  4.5  0.0015659
14  7.5  0.000131027
14  7.0  0.000185738
14  6.5  0.000268539
14  8.0  9.40119e-05
14  9.0  5.05961e-05
16  0.2  0.384103
14  8.5  6.87144e-05
16  0.3  0.362266
14  10.0  2.87933e-05
16  0.4  0.362235
16  0.5  0.35963
14  10.5  2.20636e-05
16  0.6  0.346479
16  0.7  0.327743
14  9.5  3.80028e-05
16  0.8  0.293861
16  0.9  0.264365
16  1.0  0.232175
16  1.2  0.167336
16  1.1  0.198448
16  1.3  0.142313
14  11.5  1.33171e-05
16  1.4  0.120546
16  1.5  0.100929
16  1.6  0.0833184
16  1.7  0.071169
16  1.8  0.0596905
16  1.9  0.0499676
16  2.0  0.0421845
16  2.5  0.0187695
14  11.0  1.70647e-05
16  3.0  0.0090681
14  12.0  1.02721e-05
16  4.0  0.0025709
16  5.0  0.000928198
16  5.5  0.000586179
16  6.0  0.000390151
16  3.5  0.0046423
16  4.5  0.001519
16  7.5  0.00012604
16  8.0  9.14111e-05
16  7.0  0.000181036
16  9.0  4.81526e-05
16  6.5  0.000258509
16  8.5  6.61912e-05
16  9.5  3.65674e-05
18  0.2  0.374507
16  10.0  2.78044e-05
18  0.3  0.35552
18  0.4  0.356207
18  0.5  0.354077
18  0.6  0.333823
16  10.5  2.12522e-05
18  0.7  0.3141
18  0.8  0.289746
18  0.9  0.254361
16  11.0  1.64197e-05
18  1.0  0.224882
18  1.1  0.191581
18  1.2  0.16389
18  1.3  0.137436
16  11.5  1.28294e-05
18  1.4  0.113103
18  1.5  0.0972294
18  1.6  0.0813098
18  1.7  0.0680603
18  1.8  0.057081
18  1.9  0.0485939
18  2.0  0.0404287
18  2.5  0.0179889
18  3.0  0.00868018
16  12.0  1.00634e-05
18  5.0  0.000883823
18  5.5  0.000561146
18  6.0  0.000367329
18  3.5  0.00447664
18  4.0  0.00246862
18  4.5  0.00144527
18  8.0  8.54144e-05
18  7.0  0.000170546
18  9.0  4.66068e-05
18  7.5  0.000120637
18  6.5  0.000248179
2  0.2  0.406867
18  8.5  6.3108e-05
2  0.3  0.378102
2  0.4  0.375726
18  10.0  2.67852e-05
2  0.5  0.383887
2  0.6  0.358517
2  0.7  0.349967
18  10.5  2.02667e-05
18  9.5  3.50144e-05
2  0.8  0.322068
2  0.9  0.287613
2  1.0  0.251522
2  1.1  0.220215
18  11.5  1.22121e-05
2  1.2  0.185553
2  1.3  0.159769
2  1.4  0.135313
2  1.5  0.113126
2  1.7  0.078992
2  1.6  0.095302
2  1.8  0.0672168
2  1.9  0.0567138
2  2.0  0.0467225
18  11.0  1.56905e-05
2  2.5  0.0213733
18  12.0  9.58197e-06
2  3.0  0.0103675
2  4.0  0.00296475
2  5.0  0.0010594
2  5.5  0.000674088
2  6.0  0.000428859
2  3.5  0.00532405
2  4.5  0.00173583
2  7.5  0.000145106
2  9.0  5.61249e-05
2  6.5  0.000298191
2  8.0  0.000104175
2  7.0  0.0002066
2  8.5  7.5905e-05
20  0.2  0.364747
20  0.3  0.337704
20  0.4  0.346647
20  0.5  0.344648
20  0.6  0.330521
20  0.7  0.306679
2  10.5  2.46591e-05
2  9.5  4.20363e-05
20  0.8  0.275582
20  0.9  0.248336
20  1.0  0.21533
2  11.0  1.88727e-05
20  1.1  0.184531
20  1.2  0.156535
2  10.0  3.19257e-05
20  1.3  0.131446
20  1.4  0.110534
2  11.5  1.47058e-05
20  1.5  0.0925322
20  1.6  0.0769951
20  1.7  0.0645048
20  1.8  0.0544182
20  1.9  0.045696
20  2.0  0.0389736
20  2.5  0.0167065
2  12.0  1.16137e-05
20  4.0  0.00234223
20  3.0  0.0081345
20  3.5  0.00422601
20  6.5  0.000233642
20  4.5  0.00138748
20  6.0  0.000346566
20  5.0  0.000835507
20  5.5  0.000529653
20  8.0  8.15769e-05
20  7.5  0.000113421
20  8.5  5.88021e-05
20  7.0  0.000161355
20  9.0  4.3955e-05
22  0.2  0.352071
20  10.0  2.4903e-05
22  0.3  0.333925
22  0.4  0.337203
22  0.5  0.330611
22  0.6  0.318983
22  0.7  0.291593
20  9.5  3.28117e-05
20  10.5  1.92737e-05
22  0.8  0.262303
22  0.9  0.235234
22  1.0  0.204194
22  1.1  0.174686
22  1.2  0.147738
20  11.5  1.15407e-05
22  1.3  0.124446
22  1.4  0.104087
22  1.5  0.0871574
22  1.6  0.0727278
22  1.7  0.0603369
22  1.8  0.0507929
22  1.9  0.0423968
20  11.0  1.48125e-05
22  2.0  0.036216
22  2.5  0.0158841
20  12.0  8.97345e-06
22  3.0  0.00759991
22  6.5  0.000217917
22  3.5  0.00395005
22  4.0  0.00218295
22  4.5  0.00127046
22  7.0  0.000150168
22  5.0  0.000777019
22  5.5  0.000492927
22  8.0  7.60262e-05
22  6.0  0.000323465
22  7.5  0.000105775
22  8.5  5.53292e-05
22  9.0  4.07311e-05
24  0.2  0.335127
22  10.0  2.33206e-05
24  0.3  0.32174
24  0.4  0.319143
22  10.5  1.77318e-05
24  0.5  0.316254
24  0.6  0.302554
22  9.5  3.0682e-05
24  0.7  0.278315
24  0.8  0.250376
24  0.9  0.22155
24  1.0  0.189824
24  1.1  0.162341
24  1.2  0.137029
22  11.5  1.07038e-05
24  1.3  0.114777
24  1.4  0.0958967
24  1.5  0.0801187
24  1.6  0.0666487
24  1.7  0.0555002
24  1.8  0.0459921
24  1.9  0.038632
24  2.0  0.0327715
22  11.0  1.37681e-05
24  2.5  0.0144852
22  12.0  8.33981e-06
24  3.0  0.0069223
24  6.0  0.00029346
24  6.5  0.000197602
24  3.5  0.00359381
24  7.0  0.000136546
24  4.0  0.00199171
24  4.5  0.00116612
24  5.0  0.00070222
24  5.5  0.000452172
24  8.0  6.9741e-05
24  7.5  9.61312e-05
24  9.5  2.77684e-05
24  8.5  4.96214e-05
24  9.0  3.75352e-05
26  0.2  0.315235
24  10.0  2.10936e-05
26  0.3  0.302759
26  0.4  0.302372
24  10.5  1.58807e-05
26  0.5  0.295477
26  0.6  0.280991
26  0.7  0.258577
26  0.8  0.230037
26  0.9  0.200133
26  1.0  0.172707
26  1.1  0.145738
26  1.3  0.101949
26  1.2  0.122715
26  1.4  0.085647
26  1.5  0.0713619
26  1.6  0.0593755
26  1.7  0.0498456
26  1.8  0.0415738
26  1.9  0.0350822
26  2.0  0.0290569
24  11.0  1.24679e-05
26  2.5  0.0129406
24  11.5  9.82915e-06
24  12.0  7.64616e-06
26  4.5  0.00103693
26  5.0  0.000628519
26  3.0  0.00615312
26  3.5  0.00315364
26  7.0  0.000120222
26  4.0  0.00174663
26  6.0  0.000260639
26  5.5  0.000393076
26  6.5  0.000173238
26  8.0  6.0712e-05
26  7.5  8.5393e-05
26  9.0  3.22127e-05
28  0.2  0.287732
26  9.5  2.44954e-05
26  8.5  4.42662e-05
28  0.3  0.276438
26  10.0  1.85741e-05
28  0.4  0.276349
28  0.5  0.268261
28  0.6  0.251326
28  0.7  0.229822
28  0.8  0.204314
28  0.9  0.176983
28  1.0  0.150161
28  1.1  0.126069
28  1.2  0.105585
28  1.3  0.0884757
28  1.4  0.0735796
26  10.5  1.42143e-05
28  1.5  0.0608622
28  1.6  0.0508842
28  1.7  0.0418755
28  1.8  0.0351843
28  1.9  0.0294215
26  11.0  1.11134e-05
28  2.0  0.0247185
28  2.5  0.0107611
26  11.5  8.57099e-06
26  12.0  6.71623e-06
28  4.0  0.00148921
28  3.0  0.00524895
28  5.0  0.000528366
28  3.5  0.00271704
28  4.5  0.000864076
28  5.5  0.000333514
28  8.0  5.14127e-05
28  6.0  0.000215456
28  7.5  7.05034e-05
28  6.5  0.000148202
28  7.0  0.000100291
28  8.5  3.71173e-05
28  9.0  2.73305e-05
30  0.2  0.251703
30  0.3  0.240757
30  0.4  0.24021
30  0.5  0.232321
28  10.5  1.18727e-05
28  11.5  7.19605e-06
30  0.6  0.214304
30  0.7  0.19311
30  0.8  0.167974
28  9.5  2.04912e-05
30  0.9  0.144644
30  1.0  0.120812
28  10.0  1.57471e-05
30  1.1  0.101399
30  1.2  0.085468
30  1.3  0.0714663
30  1.5  0.0477225
30  1.4  0.0586603
30  1.6  0.0403316
30  1.7  0.0334792
30  1.8  0.0279372
30  1.9  0.0234276
30  2.0  0.0195585
30  2.5  0.00860058
28  11.0  9.2372e-06
28  12.0  5.64835e-06
30  4.0  0.00114462
30  5.0  0.000407433
30  3.0  0.00402831
30  5.5  0.000261492
30  6.5  0.000115764
30  3.5  0.00209366
30  4.5  0.000681022
30  6.0  0.000168883
30  8.5  2.86867e-05
30  7.0  7.98993e-05
30  9.0  2.11385e-05
30  7.5  5.55738e-05
30  8.0  4.05088e-05
32  0.2  0.206784
32  0.3  0.203031
30  10.0  1.20873e-05
32  0.4  0.195526
30  11.5  5.67844e-06
32  0.5  0.185597
30  10.5  9.28892e-06
32  0.6  0.168863
30  9.5  1.57845e-05
32  0.7  0.148506
32  0.8  0.12832
32  0.9  0.108881
32  1.0  0.0911443
32  1.1  0.0757445
32  1.2  0.0636998
32  1.3  0.052259
32  1.4  0.0432948
32  1.5  0.0355989
32  1.6  0.029547
32  1.7  0.0241355
32  1.8  0.0200017
32  1.9  0.0166524
32  2.0  0.0139289
32  2.5  0.00622969
30  11.0  7.19044e-06
30  12.0  4.32028e-06
32  3.0  0.00287382
32  4.5  0.000482103
32  3.5  0.00148375
32  4.0  0.00081787
32  5.0  0.000294985
32  5.5  0.000183602
32  6.0  0.000120153
32  7.5  3.89892e-05
32  6.5  8.31629e-05
32  7.0  5.58133e-05
32  8.5  2.04643e-05
32  10.0  8.63877e-06
32  9.0  1.54406e-05
32  8.0  2.84078e-05
4  0.2  0.405687
32  9.5  1.13826e-05
4  0.3  0.384981
4  0.4  0.377138
32  11.5  3.92306e-06
4  0.5  0.38154
32  10.5  6.61516e-06
4  0.6  0.371409
32  11.0  4.98704e-06
4  0.7  0.351652
4  0.8  0.318482
4  0.9  0.288029
4  1.0  0.252728
4  1.1  0.218948
4  1.2  0.187777
4  1.3  0.159117
4  1.4  0.134396
4  1.5  0.113276
4  1.6  0.094305
32  12.0  3.17709e-06
4  1.7  0.079714
4  1.8  0.0672046
4  1.9  0.0562665
4  2.0  0.0479661
4  2.5  0.0212594
4  3.0  0.0103331
4  4.0  0.00298649
4  5.0  0.00105425
4  5.5  0.000671415
4  6.0  0.00043675
4  3.5  0.0052599
4  4.5  0.00173567
4  7.5  0.000144121
4  9.0  5.56332e-05
4  6.5  0.000295794
4  8.0  0.000103626
4  7.0  0.0002054
4  8.5  7.63355e-05
6  0.2  0.411857
6  0.3  0.381619
4  10.0  3.16811e-05
6  0.4  0.380225
6  0.5  0.379233
6  0.6  0.370058
6  0.7  0.347051
4  9.5  4.15421e-05
4  10.5  2.42461e-05
6  0.8  0.313933
6  0.9  0.285737
6  1.0  0.250804
4  11.0  1.83538e-05
6  1.1  0.217588
6  1.2  0.185913
6  1.3  0.157508
4  11.5  1.46097e-05
6  1.4  0.133013
6  1.5  0.111965
6  1.6  0.093999
6  1.8  0.0663577
6  1.7  0.0789026
6  1.9  0.0559125
6  2.0  0.0470534
6  2.5  0.0210557
4  12.0  1.15149e-05
6  3.0  0.0102853
6  4.0  0.00291594
6  5.0  0.00104521
6  5.5  0.000660828
6  6.0  0.000435323
6  3.5  0.00530881
6  4.5  0.00170693
6  9.0  5.46176e-05
6  7.5  0.000142209
6  6.5  0.000293557
6  8.0  0.000104004
6  8.5  7.37194e-05
6  7.0  0.000202687
8  0.2  0.409487
6  10.0  3.13876e-05
8  0.3  0.379113
8  0.4  0.38042
8  0.5  0.374979
8  0.6  0.367502
6  9.5  4.0758e-05
6  10.5  2.42704e-05
8  0.7  0.341308
8  0.8  0.315651
8  0.9  0.281579
8  1.0  0.248786
8  1.1  0.211701
8  1.2  0.184089
8  1.3  0.155602
8  1.4  0.13151
8  1.6  0.0923989
8  1.5  0.110612
6  12.0  1.13819e-05
8  1.7  0.0774431
8  1.8  0.0654979
8  1.9  0.0546222
8  2.0  0.0463209
6  11.0  1.85198e-05
8  2.5  0.0205007
6  11.5  1.43518e-05
8  3.0  0.0101365
8  4.0  0.00293271
8  5.0  0.00103246
8  5.5  0.000654983
8  6.0  0.000429155
8  3.5  0.00521029
8  4.5  0.00168648
8  7.5  0.000141083
8  8.0  9.92779e-05
8  9.0  5.44721e-05
8  6.5  0.000293434
8  7.0  0.000199952
8  8.5  7.36829e-05
8  9.5  4.0865e-05
8  10.0  3.03952e-05
8  10.5  2.35381e-05
8  11.5  1.45208e-05
8  11.0  1.8298e-05
8  12.0  1.12401e-05
