# diffractive D0 cross section, Pb target, HymnD fragmentation, An0n channel
# generated      : 2026-10-04 12:42:18 EEST
# flux_model     : EFF (TARGET=AA)
# scale_factor   : 0.5 (fragmentation scale Q = SCALE_FACTOR * m_T)
# calls          : 1e5 (VEGAS calls per point, see CALLS_EXCL/CALLS_EXCL_FACTORIZED/CALLS_DIFF)
# dipole samples : data/Pb/mve/glauber_mve_<b>
# pD0 sweep      : 0.2 0.3 0.4 0.5 0.6 0.7 0.8 0.9 1.0 1.1 1.2 1.3 1.4 1.5 1.6 1.7 1.8 1.9 2.0 2.5 3.0 3.5 4.0 4.5 5.0 5.5 6.0 6.5 7.0 7.5 8.0 8.5 9.0 9.5 10.0 10.5 11.0 11.5 12.0
# fixed rapidity y : -3.0
# ============================================================
# b  pD0  dsigma_dyd2pD0
0  0.6  1.90031
0  0.4  1.76433
0  0.2  0.987407
0  0.5  1.93685
0  0.8  1.55804
0  1.1  0.895138
0  1.0  1.12127
0  1.2  0.755197
0  0.9  1.33363
0  0.7  1.74787
0  0.3  1.44716
0  1.4  0.484185
0  1.3  0.603651
0  1.5  0.395874
0  1.7  0.263757
0  1.8  0.214325
0  1.9  0.174943
0  2.0  0.142993
0  1.6  0.325555
0  2.5  0.0552046
0  3.5  0.00976218
0  3.0  0.0222681
0  7.0  0.000106157
0  4.0  0.00442528
0  5.0  0.00108569
0  4.5  0.00216537
10  0.2  0.985812
0  5.5  0.000590263
0  6.0  0.000324265
0  6.5  0.000181176
10  0.3  1.41549
10  0.4  1.76662
0  7.5  6.30309e-05
0  9.0  1.38919e-05
0  8.0  3.73061e-05
10  0.5  1.90392
0  8.5  2.2558e-05
10  0.6  1.87647
10  0.7  1.72217
10  0.8  1.51491
10  0.9  1.29641
10  1.0  1.0805
10  1.1  0.888666
10  1.2  0.725896
10  1.3  0.5865
10  1.4  0.478136
0  9.5  8.56228e-06
10  1.7  0.251433
10  1.5  0.385083
10  1.6  0.311767
0  11.0  2.03884e-06
10  1.8  0.205432
10  1.9  0.164345
10  2.0  0.137042
10  2.5  0.0516055
0  10.0  5.33522e-06
0  10.5  3.31219e-06
0  11.5  1.3045e-06
10  3.5  0.00914526
10  4.0  0.00420721
0  12.0  8.23616e-07
10  5.0  0.00105653
10  3.0  0.0212887
10  9.5  8.12304e-06
10  4.5  0.00206212
10  10.0  5.07276e-06
10  5.5  0.000562481
12  0.2  0.98331
10  6.0  0.000308985
12  0.3  1.41576
10  6.5  0.000175234
10  7.0  0.00010105
12  0.4  1.75075
10  7.5  5.93513e-05
12  0.5  1.87755
12  0.6  1.85536
12  0.7  1.70403
10  8.0  3.53806e-05
12  0.8  1.49794
12  0.9  1.27623
10  12.0  7.7351e-07
10  8.5  2.15441e-05
12  1.0  1.06311
12  1.1  0.872328
12  1.2  0.714851
10  9.0  1.32306e-05
12  1.3  0.578324
12  1.4  0.465355
12  1.5  0.377815
12  1.7  0.247583
12  1.9  0.162603
12  1.6  0.304533
12  1.8  0.201257
12  2.5  0.0514919
12  2.0  0.134125
10  11.5  1.24209e-06
10  10.5  3.11756e-06
10  11.0  1.9868e-06
12  7.0  9.91327e-05
12  4.0  0.00412171
12  5.0  0.00102881
12  6.0  0.000302136
12  3.0  0.0208215
12  3.5  0.00856178
12  9.5  7.96327e-06
12  4.5  0.0020073
14  0.2  0.989969
12  5.5  0.000538281
14  0.3  1.35768
12  6.5  0.00017119
14  0.4  1.72762
12  7.5  5.80763e-05
14  0.5  1.86862
14  0.6  1.81715
12  10.5  3.09194e-06
14  0.8  1.4445
14  0.7  1.66637
12  8.0  3.46353e-05
12  8.5  2.10365e-05
14  0.9  1.24843
14  1.0  1.02639
12  12.0  7.71705e-07
14  1.1  0.831058
14  1.2  0.696257
14  1.3  0.566491
12  9.0  1.28765e-05
14  1.4  0.450483
14  1.5  0.367919
14  1.6  0.293924
14  1.7  0.239516
14  1.8  0.195449
14  1.9  0.157427
14  2.0  0.130528
14  2.5  0.0501727
12  10.0  4.93469e-06
12  11.0  1.88646e-06
14  4.0  0.00399544
12  11.5  1.20998e-06
14  5.0  0.00100444
14  7.0  9.56366e-05
14  3.5  0.0085687
14  3.0  0.0199034
14  7.5  5.63292e-05
14  4.5  0.001955
14  8.0  3.37992e-05
14  5.5  0.000531015
14  6.0  0.00028506
14  8.5  2.00707e-05
14  6.5  0.000166456
16  0.2  0.966627
14  10.5  2.95841e-06
16  0.3  1.40804
16  0.4  1.72254
16  0.5  1.83485
16  0.6  1.78965
16  0.7  1.62805
16  0.8  1.42615
16  0.9  1.21258
16  1.0  1.00872
16  1.1  0.830377
16  1.2  0.665454
16  1.3  0.538572
16  1.4  0.443604
14  9.0  1.22342e-05
16  1.5  0.357152
16  1.6  0.289843
16  1.7  0.233756
16  1.8  0.189506
14  9.5  7.73622e-06
16  1.9  0.154589
16  2.0  0.12616
16  2.5  0.0482216
14  10.0  4.79891e-06
14  12.0  7.43692e-07
14  11.0  1.86386e-06
14  11.5  1.1813e-06
16  3.5  0.00838444
16  4.0  0.00386034
16  6.5  0.000159697
16  3.0  0.0191463
16  8.0  3.18172e-05
16  9.5  7.25959e-06
16  4.5  0.00188618
16  5.0  0.000964716
16  5.5  0.00051347
18  0.2  0.961657
16  6.0  0.000282775
18  0.3  1.37998
16  10.5  2.87057e-06
18  0.4  1.66323
16  7.0  9.20672e-05
16  7.5  5.3731e-05
18  0.5  1.79976
18  0.6  1.75089
18  0.7  1.57469
18  0.8  1.38996
18  0.9  1.18218
18  1.0  0.982027
16  8.5  1.9621e-05
18  1.2  0.619895
18  1.1  0.80748
18  1.3  0.527577
16  9.0  1.19961e-05
18  1.4  0.425467
18  1.5  0.343685
18  1.6  0.277974
18  1.7  0.224426
18  1.8  0.182826
18  1.9  0.147906
18  2.5  0.0468189
18  2.0  0.120719
16  10.0  4.51768e-06
16  11.0  1.81668e-06
16  11.5  1.1233e-06
16  12.0  7.20771e-07
18  7.0  8.80698e-05
18  3.0  0.0186459
18  8.0  3.02814e-05
18  3.5  0.00786231
18  4.0  0.00366957
18  5.0  0.000910257
18  4.5  0.00180699
18  10.0  4.43106e-06
2  0.2  1.00125
18  5.5  0.000492202
18  6.0  0.000269881
2  0.3  1.44151
18  6.5  0.000152259
2  0.4  1.77207
18  7.5  5.20389e-05
2  0.5  1.95357
2  0.6  1.88093
2  0.7  1.76833
2  0.8  1.56391
2  1.0  1.11445
2  0.9  1.33542
2  1.1  0.920475
18  8.5  1.88724e-05
2  1.2  0.754149
2  1.3  0.605821
18  9.0  1.10745e-05
2  1.4  0.49471
2  1.5  0.400227
2  1.6  0.324893
2  1.7  0.263422
2  1.8  0.21378
18  9.5  7.09609e-06
2  1.9  0.174123
2  2.0  0.142976
2  2.5  0.0529268
18  10.5  2.72446e-06
2  3.0  0.0220549
18  11.0  1.73475e-06
2  3.5  0.00959976
18  11.5  1.08388e-06
2  4.0  0.0044034
18  12.0  6.84671e-07
2  7.0  0.000106005
20  0.2  0.920271
2  4.5  0.00215866
2  5.0  0.00110977
2  5.5  0.000589111
2  6.0  0.000322839
2  6.5  0.000183923
20  0.3  1.34119
2  7.5  6.24871e-05
20  0.5  1.73273
20  0.4  1.63692
20  0.6  1.69826
20  0.7  1.54339
2  8.0  3.73818e-05
20  0.8  1.33739
20  0.9  1.12836
20  1.1  0.767324
20  1.2  0.622335
20  1.0  0.938537
2  8.5  2.25265e-05
20  1.3  0.493884
2  9.0  1.387e-05
20  1.4  0.405171
2  9.5  8.39764e-06
20  1.5  0.326605
20  1.7  0.211381
20  1.8  0.170724
20  1.6  0.264092
20  1.9  0.13946
20  2.0  0.114694
20  2.5  0.0439578
2  10.0  5.30712e-06
2  10.5  3.33252e-06
2  11.0  2.08185e-06
2  11.5  1.31654e-06
2  12.0  8.04228e-07
20  3.0  0.0175524
20  3.5  0.00755618
20  4.0  0.00347962
20  6.5  0.000143738
20  8.0  2.90927e-05
20  5.5  0.000465922
22  0.2  0.931316
20  4.5  0.00169869
20  5.0  0.000872511
22  0.3  1.33315
22  0.4  1.60307
20  6.0  0.000254176
20  7.0  8.31085e-05
22  0.5  1.69823
22  0.6  1.63443
20  7.5  4.90048e-05
22  0.7  1.47017
20  11.5  1.0273e-06
22  0.8  1.2866
20  10.0  4.15646e-06
22  0.9  1.07492
22  1.0  0.889677
22  1.1  0.727423
22  1.2  0.575141
20  8.5  1.78038e-05
22  1.3  0.473485
22  1.6  0.245466
22  1.4  0.381221
22  1.5  0.301977
20  9.0  1.08469e-05
22  1.7  0.196731
22  1.8  0.161213
22  1.9  0.13218
22  2.0  0.107398
20  9.5  6.6891e-06
22  2.5  0.0410433
20  10.5  2.60317e-06
20  11.0  1.60533e-06
20  12.0  6.47677e-07
22  4.0  0.00323161
22  5.5  0.000430803
22  3.0  0.0161156
22  8.0  2.7042e-05
22  5.0  0.000806949
22  4.5  0.00158154
22  3.5  0.0070687
22  10.0  3.80626e-06
24  0.2  0.898512
24  0.3  1.27209
22  6.0  0.000237617
24  0.4  1.54294
22  7.0  7.70639e-05
22  6.5  0.000133025
24  0.5  1.61171
22  7.5  4.54885e-05
24  0.6  1.55299
24  0.7  1.39157
24  0.8  1.18402
24  0.9  0.992273
22  8.5  1.63736e-05
24  1.1  0.6646
24  1.0  0.829564
22  9.0  1.00723e-05
24  1.2  0.544899
24  1.3  0.435771
24  1.4  0.351426
24  1.5  0.280068
24  1.6  0.226896
24  1.7  0.180466
22  9.5  6.20679e-06
24  1.8  0.146978
22  11.5  9.58393e-07
24  1.9  0.120494
24  2.0  0.0981009
24  2.5  0.0373563
22  10.5  2.41292e-06
22  11.0  1.47024e-06
24  3.0  0.0148039
22  12.0  6.004e-07
24  4.0  0.00293763
24  4.5  0.00143712
24  5.0  0.000735346
24  8.0  2.4557e-05
24  8.5  1.49183e-05
24  3.5  0.0063885
24  10.5  2.19514e-06
26  0.2  0.883813
24  5.5  0.000392436
24  6.0  0.000215821
26  0.3  1.24289
24  6.5  0.000121288
24  7.0  6.9908e-05
26  0.4  1.46733
24  7.5  4.14387e-05
26  0.5  1.5157
26  0.7  1.26788
26  0.6  1.44015
26  0.8  1.09531
26  1.0  0.730192
26  0.9  0.915187
26  1.1  0.608628
24  9.0  9.15033e-06
26  1.2  0.488677
26  1.3  0.39075
26  1.5  0.249655
26  1.4  0.313434
26  1.6  0.203164
26  1.7  0.163248
24  9.5  5.68267e-06
26  1.9  0.107052
26  1.8  0.131503
26  2.0  0.0870527
26  2.5  0.0331909
24  10.0  3.49374e-06
24  11.0  1.36784e-06
24  11.5  8.68084e-07
26  3.0  0.0131631
26  4.0  0.00260589
24  12.0  5.46957e-07
26  6.0  0.000189734
26  5.5  0.000344609
26  3.5  0.00564593
26  4.5  0.00126554
28  0.2  0.828816
26  5.0  0.000649007
26  11.0  1.21577e-06
28  0.3  1.17083
26  6.5  0.000107444
26  7.0  6.1548e-05
26  7.5  3.63479e-05
28  0.5  1.35228
28  0.4  1.3562
28  0.6  1.29032
28  0.7  1.1246
26  8.0  2.16759e-05
28  0.8  0.964162
26  8.5  1.31727e-05
28  1.0  0.650021
28  1.1  0.524653
28  0.9  0.794998
28  1.2  0.419271
26  9.0  8.06192e-06
28  1.3  0.335324
26  9.5  4.96812e-06
28  1.4  0.270033
28  1.5  0.214905
26  10.0  3.00312e-06
28  1.6  0.173622
28  1.9  0.0890817
28  1.7  0.139375
28  2.0  0.0738321
28  1.8  0.11205
26  10.5  1.93622e-06
28  2.5  0.0279305
26  11.5  7.64077e-07
28  3.0  0.0110607
28  4.0  0.00214046
26  12.0  4.81327e-07
28  6.0  0.000159048
28  3.5  0.00475969
28  4.5  0.00106578
28  5.5  0.000287424
28  5.0  0.000543936
28  7.0  5.10165e-05
28  8.0  1.83271e-05
30  0.2  0.761275
28  8.5  1.06876e-05
30  0.3  1.06041
28  6.5  9.00861e-05
28  11.0  1.01567e-06
30  0.4  1.19935
28  7.5  3.05438e-05
30  0.5  1.19495
30  0.6  1.0701
30  0.7  0.932091
28  10.0  2.5988e-06
30  0.9  0.657981
30  0.8  0.799084
30  1.0  0.521701
30  1.1  0.417954
30  1.2  0.331985
28  10.5  1.60907e-06
28  9.0  6.73371e-06
30  1.3  0.270356
30  1.4  0.214954
30  1.6  0.136958
30  1.5  0.171284
30  1.7  0.10854
30  1.8  0.0888705
30  1.9  0.0720051
28  9.5  4.17369e-06
30  2.0  0.0582655
30  2.5  0.0219648
28  11.5  6.39324e-07
30  3.0  0.00870288
28  12.0  3.99774e-07
30  4.0  0.00170523
30  6.0  0.000123775
30  6.5  6.98821e-05
30  7.0  4.06088e-05
30  3.5  0.00371753
30  10.0  2.03158e-06
30  4.5  0.000836496
30  5.0  0.000425751
30  5.5  0.000226623
32  0.2  0.687951
30  11.0  7.78108e-07
32  0.3  0.906846
32  0.4  0.991838
32  0.5  0.943594
30  8.0  1.42326e-05
32  0.6  0.856068
30  7.5  2.38709e-05
32  0.7  0.730388
32  0.9  0.490449
32  0.8  0.605566
32  1.0  0.39191
30  8.5  8.61409e-06
32  1.1  0.313045
32  1.2  0.24836
32  1.3  0.197675
32  1.4  0.15718
32  1.5  0.124244
30  9.0  5.30508e-06
32  1.6  0.0998298
32  1.7  0.0801138
30  11.5  4.90389e-07
30  9.5  3.25876e-06
32  2.0  0.0411243
32  1.8  0.0643788
32  1.9  0.0510132
32  2.5  0.0157808
30  10.5  1.27119e-06
30  12.0  3.14305e-07
32  3.5  0.00268318
32  6.0  8.85462e-05
32  6.5  5.02812e-05
32  7.0  2.90147e-05
32  7.5  1.6971e-05
32  3.0  0.00624543
32  8.5  6.15149e-06
32  10.0  1.41825e-06
32  4.0  0.00122375
4  0.2  1.00161
32  4.5  0.000593102
32  5.0  0.000296179
4  0.3  1.44504
32  5.5  0.000161314
32  11.0  5.5597e-07
4  0.4  1.78915
4  0.5  1.94264
32  8.0  1.01538e-05
4  0.6  1.90856
4  0.7  1.76354
4  0.9  1.32356
4  0.8  1.55871
4  1.1  0.916048
4  1.0  1.11497
4  1.2  0.748567
4  1.3  0.606518
32  9.0  3.76781e-06
4  1.4  0.486217
4  1.6  0.321127
4  1.8  0.209706
4  1.5  0.399618
4  1.7  0.261821
4  1.9  0.171025
32  9.5  2.32368e-06
4  2.5  0.0544677
4  2.0  0.142253
32  10.5  9.00824e-07
32  11.5  3.47016e-07
4  3.5  0.00952215
4  3.0  0.0218354
4  4.0  0.00439555
32  12.0  2.21851e-07
4  7.0  0.000105704
4  5.0  0.00110166
4  10.0  5.28264e-06
6  0.2  0.98845
4  4.5  0.0021507
4  6.5  0.00018251
6  0.3  1.44808
4  6.0  0.000324578
4  9.0  1.36792e-05
4  5.5  0.000585786
6  0.4  1.7763
4  7.5  6.20106e-05
6  0.5  1.93184
6  0.6  1.90498
4  8.0  3.66774e-05
6  0.7  1.75818
6  0.8  1.54846
4  8.5  2.26265e-05
6  0.9  1.27015
6  1.0  1.10546
6  1.1  0.907561
6  1.2  0.736136
6  1.3  0.594601
6  1.4  0.48992
6  1.5  0.395863
6  1.6  0.319769
6  1.7  0.260607
6  1.8  0.211663
6  2.0  0.140761
4  9.5  8.44055e-06
6  1.9  0.17248
6  2.5  0.0545482
4  10.5  3.30406e-06
4  11.0  2.0794e-06
4  11.5  1.26942e-06
6  3.5  0.00944428
6  4.0  0.00435861
4  12.0  8.13734e-07
6  7.0  0.00010424
6  3.0  0.0218672
6  5.0  0.00108892
6  4.5  0.0021363
6  10.0  5.14998e-06
6  6.0  0.000315629
6  5.5  0.000581249
8  0.2  0.962208
6  6.5  0.000177329
8  0.3  1.41665
6  7.5  6.09221e-05
8  0.4  1.76893
8  0.5  1.93108
8  0.6  1.88772
8  0.7  1.74476
8  0.8  1.51331
8  0.9  1.295
6  8.0  3.68306e-05
8  1.0  1.09646
8  1.1  0.901754
6  8.5  2.19146e-05
8  1.2  0.736247
8  1.4  0.479808
6  9.0  1.35884e-05
8  1.5  0.383218
8  1.3  0.596802
8  1.6  0.315977
8  1.8  0.207244
8  1.7  0.256422
6  9.5  8.38767e-06
8  1.9  0.170242
8  2.5  0.0537564
8  2.0  0.139154
6  10.5  3.24978e-06
6  11.0  2.05685e-06
6  11.5  1.28844e-06
8  3.0  0.0216572
6  12.0  8.15474e-07
8  4.0  0.00430692
8  7.0  0.000102448
8  3.5  0.00932421
8  5.0  0.00107285
8  10.0  5.1273e-06
8  10.5  3.23893e-06
8  5.5  0.00057549
8  4.5  0.00209002
8  6.0  0.00031496
8  6.5  0.000178348
8  7.5  6.07448e-05
8  8.5  2.19895e-05
8  8.0  3.61992e-05
8  12.0  7.9771e-07
8  9.0  1.34032e-05
8  11.5  1.26948e-06
8  9.5  8.26373e-06
8  11.0  2.02092e-06
