# exclusive D0 cross section, Pb target, HymnD fragmentation, An0n channel
# generated      : 2026-10-01 17:47:42 EEST
# flux_model     : EFF (TARGET=AA)
# calls         : 1e5 below 3.0 GeV, 2e3 above (see EXCL_PT_THRESHOLD) (VEGAS calls per point, see CALLS_EXCL/CALLS_EXCL_FACTORIZED/CALLS_DIFF)
# dipole samples : data/Pb/mve/glauber_mve_<b>
# pD0 sweep      : 0.2 0.3 0.4 0.5 0.6 0.7 0.8 0.9 1.0 1.1 1.2 1.3 1.4 1.5 1.6 1.7 1.8 1.9 2.0 2.5 3.0 3.5 4.0 4.5 5.0 5.5 6.0 6.5 7.0 7.5 8.0 8.5 9.0 9.5 10.0 10.5 11.0 11.5 12.0
# fixed rapidity y : 0.0
# ============================================================
# b  pD0  dsigma_dyd2pD0
0  0.8  0.915526
0  0.4  3.06793
0  0.5  2.31971
0  0.6  1.71986
0  0.2  4.89719
0  0.3  3.94339
0  0.7  1.26051
0  1.5  0.102138
0  0.9  0.663467
0  1.0  0.480753
0  1.2  0.255593
0  1.3  0.185689
0  1.1  0.34981
0  1.4  0.137039
0  1.6  0.0761164
0  1.7  0.0571952
0  1.9  0.0328337
0  1.8  0.042447
0  2.0  0.0241888
0  2.5  0.00655094
0  3.0  0.00190296
0  5.5  1.34545e-05
0  3.5  0.000596681
0  4.0  0.000205737
0  4.5  7.71146e-05
0  6.0  6.14483e-06
0  5.0  3.12064e-05
0  6.5  2.95802e-06
0  8.0  4.23319e-07
0  7.0  1.48998e-06
0  8.5  2.36185e-07
0  7.5  7.81104e-07
0  11.0  1.99818e-08
10  0.2  4.63994
0  9.0  1.37995e-07
10  0.3  3.72785
10  0.4  2.89563
10  0.5  2.18605
0  9.5  8.20775e-08
10  0.6  1.61762
10  0.7  1.18198
10  0.9  0.619877
10  0.8  0.857843
0  10.0  5.00012e-08
10  1.0  0.449085
10  1.1  0.325064
10  1.2  0.235941
10  1.3  0.172225
10  1.4  0.127038
0  10.5  3.13504e-08
10  1.5  0.0938679
10  1.6  0.0701997
10  1.7  0.0518938
10  1.8  0.0390199
10  1.9  0.0303184
10  2.0  0.0227545
10  2.5  0.00606384
0  11.5  1.30582e-08
10  3.0  0.0017408
0  12.0  8.67473e-09
10  5.5  1.22343e-05
10  3.5  0.000543799
10  4.0  0.000188512
10  4.5  7.05574e-05
10  6.0  5.58413e-06
10  5.0  2.84386e-05
10  7.0  1.3498e-06
10  6.5  2.68905e-06
10  8.0  3.84065e-07
10  7.5  6.97421e-07
10  10.5  2.83705e-08
10  11.0  1.81089e-08
10  8.5  2.16071e-07
12  0.2  4.52155
10  9.0  1.25096e-07
12  0.3  3.62966
12  0.4  2.81743
10  9.5  7.43741e-08
12  0.5  2.12614
12  0.6  1.56964
10  10.0  4.54558e-08
12  0.8  0.830246
12  0.7  1.14744
12  0.9  0.599893
12  1.0  0.433237
12  1.1  0.314327
12  1.2  0.228989
12  1.3  0.166456
12  1.4  0.122134
12  1.5  0.0904625
12  1.6  0.0677388
12  1.7  0.0497671
12  1.9  0.0288069
12  1.8  0.0371952
12  2.0  0.0220804
12  2.5  0.00586473
10  11.5  1.18299e-08
12  3.0  0.00166903
10  12.0  7.85989e-09
12  5.5  1.1619e-05
12  4.5  6.71776e-05
12  3.5  0.000524509
12  4.0  0.000180336
12  5.0  2.71993e-05
12  6.0  5.3378e-06
12  7.0  1.28927e-06
12  6.5  2.56811e-06
12  7.5  6.76829e-07
12  10.5  2.70701e-08
12  8.0  3.67403e-07
14  0.2  4.37574
12  11.0  1.72702e-08
12  8.5  2.06332e-07
12  9.0  1.19383e-07
14  0.3  3.51154
14  0.4  2.71843
14  0.5  2.0494
12  9.5  7.10166e-08
14  0.6  1.51173
14  0.7  1.10336
14  0.8  0.796885
14  0.9  0.575845
12  10.0  4.33792e-08
14  1.1  0.300782
14  1.0  0.415361
14  1.2  0.21807
14  1.3  0.159251
14  1.4  0.116605
14  1.5  0.0862551
14  1.6  0.0636547
14  1.7  0.0472444
14  1.8  0.036297
14  2.0  0.0212403
14  1.9  0.026834
14  2.5  0.00561669
12  11.5  1.12787e-08
14  3.0  0.00158292
12  12.0  7.4933e-09
14  5.5  1.09723e-05
14  3.5  0.000493012
14  4.5  6.352e-05
14  5.0  2.56299e-05
14  4.0  0.000170539
14  6.0  5.041e-06
14  7.0  1.21827e-06
14  6.5  2.41938e-06
14  9.0  1.12127e-07
14  7.5  6.36102e-07
14  10.5  2.55333e-08
14  8.0  3.46388e-07
14  8.5  1.94634e-07
16  0.2  4.19969
14  11.0  1.62651e-08
16  0.3  3.36596
16  0.4  2.6053
16  0.5  1.95971
14  9.5  6.69803e-08
16  0.6  1.4447
16  0.7  1.05075
14  12.0  7.02505e-09
16  0.8  0.759376
14  10.0  4.09036e-08
16  0.9  0.547268
16  1.0  0.394626
16  1.1  0.284202
16  1.2  0.2062
16  1.3  0.1502
16  1.5  0.0816371
16  1.4  0.110316
16  1.7  0.0459197
16  1.6  0.0600834
16  1.8  0.0333873
16  1.9  0.0252645
16  2.0  0.0191888
16  2.5  0.00513662
14  11.5  1.06358e-08
16  3.0  0.00147827
16  5.5  1.02901e-05
16  3.5  0.000460759
16  4.5  5.92797e-05
16  4.0  0.00015919
16  6.0  4.70323e-06
16  5.0  2.39504e-05
16  7.0  1.13523e-06
16  6.5  2.25412e-06
16  8.0  3.22033e-07
16  7.5  5.94477e-07
16  8.5  1.81044e-07
16  11.0  1.50956e-08
18  0.2  3.9915
16  9.0  1.04674e-07
18  0.3  3.19451
18  0.4  2.46773
16  9.5  6.2272e-08
18  0.5  1.85193
16  12.0  6.51694e-09
18  0.6  1.36285
18  0.7  0.987883
16  10.0  3.80198e-08
18  0.8  0.714221
18  0.9  0.512679
18  1.0  0.368897
18  1.1  0.266365
18  1.2  0.192595
18  1.3  0.14018
18  1.4  0.102633
18  1.5  0.0762928
16  10.5  2.37484e-08
18  1.6  0.0555711
18  1.7  0.0415735
18  1.8  0.03084
18  1.9  0.023744
18  2.0  0.0177616
18  2.5  0.00447685
16  11.5  9.87795e-09
18  3.0  0.00136002
18  4.5  5.43359e-05
18  5.5  9.4162e-06
18  3.5  0.000427068
18  4.0  0.000146127
18  6.0  4.3047e-06
18  5.0  2.19613e-05
18  7.0  1.03868e-06
18  6.5  2.06673e-06
18  9.0  9.55277e-08
18  7.5  5.45868e-07
18  8.0  2.94741e-07
18  8.5  1.65398e-07
2  0.2  4.88872
18  11.0  1.37829e-08
2  0.3  3.93645
18  9.5  5.69221e-08
2  0.4  3.06196
2  0.5  2.31393
2  0.6  1.71603
2  0.7  1.25819
18  10.0  3.47173e-08
2  0.8  0.913382
18  12.0  5.94892e-09
2  1.0  0.479467
2  0.9  0.662938
2  1.1  0.348831
2  1.2  0.254878
2  1.3  0.185157
2  1.5  0.101896
2  1.4  0.13642
18  10.5  2.1697e-08
2  1.6  0.0759332
2  1.7  0.0560972
2  1.8  0.0420877
2  1.9  0.0325303
2  2.0  0.0242016
2  2.5  0.00648755
18  11.5  9.02204e-09
2  3.0  0.00189641
2  5.5  1.34062e-05
2  3.5  0.000594609
2  4.0  0.000205015
2  4.5  7.68407e-05
2  5.0  3.10952e-05
2  6.0  6.12283e-06
2  6.5  2.94784e-06
2  8.0  4.21946e-07
2  7.0  1.48474e-06
2  7.5  7.78236e-07
2  8.5  2.37374e-07
2  11.0  1.9899e-08
20  0.2  3.74236
20  0.3  2.98888
2  9.0  1.36944e-07
20  0.4  2.30386
2  9.5  8.17787e-08
20  0.5  1.72523
20  0.6  1.2655
20  0.7  0.915501
20  0.8  0.659538
2  10.0  4.99663e-08
20  0.9  0.473228
20  1.0  0.339756
20  1.1  0.244234
2  10.5  3.12337e-08
20  1.2  0.176047
20  1.3  0.128074
20  1.4  0.0937613
20  1.6  0.0513612
20  1.5  0.0690972
20  1.7  0.0377994
20  1.8  0.0287734
20  1.9  0.0218547
20  2.0  0.0159308
20  2.5  0.00442251
2  11.5  1.30125e-08
2  12.0  8.64287e-09
20  3.0  0.00122856
20  5.5  8.46345e-06
20  4.5  4.87933e-05
20  3.5  0.000384293
20  4.0  0.000131349
20  6.0  3.8551e-06
20  5.0  1.9705e-05
20  6.5  1.85047e-06
20  7.0  9.2882e-07
20  9.0  8.53407e-08
20  7.5  4.86054e-07
20  8.0  2.63529e-07
20  8.5  1.47857e-07
22  0.2  3.44257
20  11.0  1.2244e-08
22  0.3  2.74356
22  0.4  2.10868
22  0.5  1.57436
20  9.5  5.08368e-08
22  0.6  1.15216
22  0.7  0.831692
22  0.8  0.596598
22  0.9  0.426831
20  10.0  3.09904e-08
22  1.0  0.305537
22  1.1  0.219293
22  1.2  0.158059
22  1.3  0.114749
22  1.4  0.0837227
22  1.5  0.0611371
22  1.6  0.0452906
22  1.7  0.0343755
20  10.5  1.9359e-08
22  1.8  0.0250718
22  1.9  0.0190817
22  2.0  0.0145481
22  2.5  0.00376193
20  11.5  8.0476e-09
20  12.0  5.33488e-09
22  5.5  7.36562e-06
22  3.0  0.00107642
22  5.0  1.71139e-05
22  3.5  0.000335973
22  4.0  0.00011472
22  4.5  4.27619e-05
22  6.0  3.35288e-06
22  7.5  4.21522e-07
22  6.5  1.61181e-06
22  7.0  8.0667e-07
22  8.0  2.28543e-07
22  8.5  1.28184e-07
22  11.0  1.06415e-08
24  0.2  3.08497
22  9.0  7.40364e-08
24  0.3  2.45132
24  0.4  1.87771
22  9.5  4.40427e-08
24  0.5  1.39553
24  0.6  1.01713
22  12.0  4.58781e-09
24  0.7  0.731964
24  0.8  0.522883
22  10.0  2.68362e-08
24  0.9  0.372265
24  1.0  0.265673
24  1.1  0.189997
24  1.2  0.136888
24  1.3  0.0990031
22  10.5  1.67416e-08
24  1.4  0.0722112
24  1.5  0.0526645
24  1.6  0.038662
24  1.7  0.029241
24  1.8  0.0213741
24  2.0  0.0123406
24  1.9  0.0161177
24  2.5  0.0031666
22  11.5  6.95728e-09
24  4.0  9.60682e-05
24  5.5  6.09177e-06
24  3.0  0.000908023
24  3.5  0.000280605
24  4.5  3.57132e-05
24  5.0  1.43032e-05
24  7.5  3.49897e-07
24  6.5  1.33647e-06
24  6.0  2.79806e-06
24  7.0  6.70771e-07
24  8.0  1.89827e-07
26  0.2  2.65606
24  8.5  1.06136e-07
26  0.3  2.10239
24  9.0  6.14025e-08
26  0.4  1.60304
26  0.5  1.18526
24  9.5  3.65111e-08
24  12.0  3.79535e-09
26  0.6  0.859672
26  0.7  0.614787
26  0.8  0.437121
26  0.9  0.310016
24  10.0  2.22443e-08
26  1.0  0.220221
26  1.1  0.156906
26  1.2  0.11248
26  1.3  0.0812207
26  1.4  0.0589838
26  1.5  0.0429914
24  10.5  1.38655e-08
26  1.6  0.0322973
26  1.7  0.0232286
26  1.8  0.0173518
26  1.9  0.0130867
26  2.0  0.010185
26  2.5  0.00254813
24  11.0  8.84374e-09
24  11.5  5.75891e-09
26  3.0  0.000723693
26  5.5  4.78207e-06
26  3.5  0.000223262
26  5.0  1.12587e-05
26  4.0  7.60377e-05
26  6.0  2.19375e-06
26  4.5  2.82334e-05
26  7.0  5.23276e-07
26  6.5  1.04801e-06
26  7.5  2.73853e-07
26  8.0  1.48076e-07
28  0.2  2.15331
26  8.5  8.27783e-08
26  11.5  4.45475e-09
28  0.3  1.69664
28  0.4  1.28261
26  9.0  4.78356e-08
28  0.5  0.942618
28  0.6  0.678463
26  9.5  2.83998e-08
26  12.0  2.94486e-09
28  0.7  0.482892
28  0.8  0.341046
28  0.9  0.240953
28  1.0  0.170047
26  10.0  1.73057e-08
28  1.1  0.120363
28  1.2  0.0862397
28  1.3  0.0616179
28  1.5  0.0327942
28  1.4  0.0445588
26  10.5  1.07857e-08
28  1.6  0.024043
28  1.7  0.0176985
28  1.8  0.0133586
28  1.9  0.00981152
28  2.0  0.00743188
28  2.5  0.00186887
26  11.0  6.86975e-09
28  3.5  0.000162367
28  4.5  2.02996e-05
28  5.0  8.0975e-06
28  5.5  3.46136e-06
28  3.0  0.000532273
28  4.0  5.50764e-05
28  7.0  3.73603e-07
28  6.0  1.57111e-06
28  6.5  7.49346e-07
28  7.5  1.9441e-07
28  8.0  1.05356e-07
28  8.5  5.88515e-08
30  0.2  1.59433
28  11.0  4.8382e-09
30  0.3  1.24717
28  9.0  3.39594e-08
28  11.5  3.13715e-09
30  0.4  0.936608
30  0.5  0.682117
28  9.5  2.01461e-08
30  0.6  0.485825
28  12.0  2.0773e-09
30  0.7  0.342623
30  0.8  0.239976
30  0.9  0.16815
28  10.0  1.2245e-08
30  1.0  0.11782
30  1.1  0.0833483
30  1.2  0.0588111
30  1.3  0.0419543
30  1.4  0.0302704
30  1.5  0.022005
30  1.6  0.0159707
28  10.5  7.63212e-09
30  1.7  0.0116888
30  1.8  0.00865239
30  1.9  0.00641362
30  2.0  0.00482202
30  2.5  0.00121286
30  3.5  0.000104347
30  4.5  1.29212e-05
30  3.0  0.000345412
30  4.0  3.52128e-05
30  6.0  9.83961e-07
30  5.0  5.15177e-06
30  5.5  2.18815e-06
30  7.5  1.21947e-07
30  6.5  4.70349e-07
30  7.0  2.34226e-07
30  8.0  6.61481e-08
30  8.5  3.6596e-08
32  0.2  1.0431
32  0.3  0.808517
30  9.0  2.1076e-08
32  0.4  0.600533
32  0.5  0.432363
30  9.5  1.23725e-08
32  0.6  0.304543
30  12.0  1.27847e-09
32  0.7  0.212221
30  10.0  7.57808e-09
32  0.8  0.147295
32  0.9  0.101986
32  1.0  0.0708723
32  1.1  0.0495618
32  1.2  0.0348907
32  1.3  0.0247794
32  1.4  0.0178814
30  10.5  4.7188e-09
32  1.5  0.0127395
32  1.6  0.00949038
32  1.7  0.0067045
32  1.8  0.0051272
32  2.0  0.00280096
32  1.9  0.00372591
32  2.5  0.000679696
30  11.0  3.00085e-09
30  11.5  1.9441e-09
32  3.0  0.000190166
32  4.5  6.95783e-06
32  5.0  2.74849e-06
32  5.5  1.16313e-06
32  3.5  5.72877e-05
32  4.0  1.91176e-05
32  6.0  5.23654e-07
32  6.5  2.47975e-07
32  7.0  1.23091e-07
32  7.5  6.37469e-08
4  0.2  4.85558
32  8.0  3.42952e-08
32  8.5  1.90604e-08
4  0.3  3.9109
4  0.4  3.04062
32  9.0  1.0938e-08
4  0.5  2.30011
4  0.6  1.70441
4  0.7  1.24864
32  12.0  6.58655e-10
4  0.8  0.906581
4  0.9  0.656542
32  9.5  6.47348e-09
4  1.0  0.475862
4  1.2  0.252712
4  1.1  0.345487
32  10.0  3.92344e-09
4  1.3  0.183555
4  1.4  0.135173
4  1.5  0.10042
4  1.6  0.07429
4  1.7  0.0553453
32  10.5  2.43796e-09
4  1.8  0.0418216
4  1.9  0.0322212
4  2.0  0.0247625
4  2.5  0.006448
32  11.0  1.54743e-09
32  11.5  1.00321e-09
4  3.0  0.00187683
4  5.5  1.32613e-05
4  3.5  0.000588409
4  4.5  7.60165e-05
4  4.0  0.000203882
4  6.0  6.05481e-06
4  5.0  3.07623e-05
4  7.0  1.46664e-06
4  6.5  2.91697e-06
4  7.5  7.69512e-07
4  8.0  4.18094e-07
4  8.5  2.34723e-07
6  0.2  4.80385
4  11.0  1.96759e-08
4  9.0  1.35981e-07
6  0.3  3.86863
6  0.4  3.00701
4  9.5  8.08821e-08
6  0.5  2.27023
6  0.6  1.68369
6  0.7  1.23355
6  0.8  0.895689
4  10.0  4.94059e-08
6  0.9  0.649337
6  1.0  0.46882
6  1.1  0.340356
6  1.2  0.2489
6  1.3  0.180862
4  10.5  3.08814e-08
6  1.4  0.133132
6  1.5  0.0990949
6  1.6  0.0732402
6  1.7  0.054627
6  1.9  0.0316469
6  1.8  0.0410502
6  2.0  0.02367
6  2.5  0.00619224
4  11.5  1.28598e-08
6  3.0  0.00184449
4  12.0  8.54864e-09
6  5.5  1.30219e-05
6  3.5  0.000578077
6  4.5  7.46262e-05
6  4.0  0.000200229
6  5.0  3.02094e-05
6  6.5  2.86176e-06
6  6.0  5.95957e-06
6  7.0  1.44101e-06
6  7.5  7.55247e-07
6  8.0  4.09853e-07
6  8.5  2.3022e-07
6  11.0  1.93118e-08
8  0.2  4.73746
6  9.0  1.33405e-07
8  0.3  3.80158
8  0.4  2.95921
6  9.5  7.9341e-08
8  0.5  2.23525
8  0.6  1.65626
8  0.7  1.20976
8  0.8  0.879781
6  10.0  4.84699e-08
8  0.9  0.636008
8  1.0  0.460415
8  1.1  0.333697
8  1.2  0.24245
8  1.3  0.17712
8  1.4  0.130803
6  10.5  3.02845e-08
8  1.5  0.0969711
8  1.6  0.07206
8  1.7  0.0536321
8  1.8  0.0400212
8  1.9  0.030311
8  2.0  0.0235066
8  2.5  0.00601267
6  11.5  1.26143e-08
8  3.0  0.00179859
6  12.0  8.3838e-09
8  5.5  1.26795e-05
8  4.5  7.26656e-05
8  3.5  0.000564777
8  4.0  0.000195112
8  6.0  5.78474e-06
8  5.0  2.94407e-05
8  7.0  1.40011e-06
8  6.5  2.78715e-06
8  7.5  7.35026e-07
8  8.0  3.9907e-07
8  8.5  2.24061e-07
8  11.0  1.87876e-08
8  9.0  1.29797e-07
8  9.5  7.72171e-08
8  10.0  4.75173e-08
8  10.5  2.94674e-08
8  11.5  1.22713e-08
8  12.0  8.16077e-09
