# exclusive D0 cross section, Pb target, HymnD fragmentation, An0n channel
# generated      : 2026-08-20 11:01:17 EEST
# calls          : 1e5 below 4.0 GeV, 2e3 above (see EXCL_PT_THRESHOLD) (VEGAS calls per point, see CALLS_EXCL/CALLS_EXCL_FACTORIZED/CALLS_DIFF)
# dipole samples : data/Pb/bk_posterior/member_0014/glauber_mve_<b>
# pD0 sweep      : 0.2 0.3 0.4 0.5 0.6 0.7 0.8 0.9 1.0 1.1 1.2 1.3 1.4 1.5 1.6 1.7 1.8 1.9 2.0 2.5 3.0 3.5 4.0 4.5 5.0 5.5 6.0 6.5 7.0 7.5 8.0 8.5 9.0 9.5 10.0 10.5 11.0 11.5 12.0
# fixed rapidity y : 0.0
# ============================================================
# b  pD0  dsigma_dyd2pD0
0  0.4  2.09987
0  0.3  2.67925
0  0.2  3.30166
0  0.5  1.59956
0  0.6  1.18991
0  0.7  0.874385
0  0.8  0.637502
0  0.9  0.461263
0  1.0  0.334141
0  1.1  0.243325
0  1.2  0.176199
0  1.4  0.0941372
0  1.3  0.12745
0  1.5  0.0686282
0  1.6  0.0502965
0  1.8  0.0285105
0  1.7  0.0373693
0  1.9  0.0216759
0  2.0  0.0161718
0  3.0  0.00121681
0  2.5  0.00417874
0  3.5  0.000318486
0  4.0  0.000133999
0  4.5  5.12141e-05
0  5.0  2.10049e-05
0  5.5  9.12523e-06
0  6.0  4.1938e-06
0  6.5  2.02378e-06
0  7.0  1.0154e-06
0  7.5  5.34007e-07
0  8.0  2.88572e-07
0  8.5  1.61407e-07
0  9.0  9.30693e-08
0  9.5  5.50876e-08
0  10.0  3.34103e-08
10  0.2  3.1323
10  0.3  2.5382
0  10.5  2.06951e-08
10  0.4  1.9858
10  0.5  1.50574
10  0.6  1.12215
10  0.7  0.821561
0  12.0  5.54813e-09
10  0.8  0.597139
10  0.9  0.431296
10  1.0  0.311668
10  1.1  0.225746
10  1.2  0.163
10  1.3  0.119788
10  1.4  0.0862023
10  1.5  0.0629803
0  11.0  1.31502e-08
10  1.6  0.0471767
10  1.7  0.0346092
10  1.8  0.0265381
10  2.0  0.0143615
10  1.9  0.0193449
10  2.5  0.00398697
10  3.0  0.00102139
10  3.5  0.000378793
0  11.5  8.53142e-09
10  4.5  4.67698e-05
10  4.0  0.000122836
10  5.0  1.91151e-05
10  5.5  8.30298e-06
10  6.0  3.81005e-06
10  8.0  2.62415e-07
10  6.5  1.83805e-06
10  7.5  4.85826e-07
10  7.0  9.22038e-07
10  8.5  1.46417e-07
10  9.0  8.44722e-08
10  9.5  4.96058e-08
10  10.0  3.02602e-08
12  0.2  3.05389
10  10.5  1.8834e-08
10  11.5  7.66761e-09
12  0.3  2.47256
12  0.4  1.9319
12  0.5  1.46704
12  0.6  1.0882
10  12.0  4.92235e-09
12  0.7  0.79737
10  11.0  1.18679e-08
12  0.8  0.578678
12  0.9  0.41748
12  1.0  0.300645
12  1.2  0.15796
12  1.1  0.218162
12  1.3  0.114142
12  1.4  0.0835476
12  1.5  0.0621785
12  1.6  0.0455401
12  1.7  0.0341822
12  1.9  0.0190766
12  1.8  0.024821
12  2.0  0.0142634
12  3.0  0.00114689
12  2.5  0.00373531
12  3.5  0.000450791
12  4.0  0.000117091
12  4.5  4.4619e-05
12  5.0  1.82961e-05
12  5.5  7.93614e-06
12  6.0  3.64092e-06
12  6.5  1.75578e-06
12  7.0  8.80084e-07
12  7.5  4.63017e-07
12  8.0  2.50068e-07
12  8.5  1.39793e-07
12  9.0  8.06037e-08
12  9.5  4.77829e-08
12  10.0  2.88979e-08
12  10.5  1.78927e-08
14  0.2  2.95813
14  0.3  2.39358
14  0.4  1.86918
14  0.5  1.41723
14  0.6  1.05121
14  0.7  0.76752
14  0.8  0.556756
14  0.9  0.401482
14  1.0  0.289032
14  1.1  0.208772
14  1.2  0.151835
14  1.4  0.0799863
14  1.3  0.109271
14  1.5  0.0581492
12  11.0  1.14438e-08
14  1.6  0.0429154
14  1.7  0.0317458
12  12.0  4.82971e-09
14  1.8  0.0235237
14  1.9  0.0176063
14  2.0  0.0138307
14  2.5  0.00354447
14  3.0  0.000783863
14  3.5  0.000409698
12  11.5  7.34276e-09
14  4.0  0.000110858
14  4.5  4.23873e-05
14  5.0  1.73361e-05
14  5.5  7.50135e-06
14  6.0  3.44044e-06
14  8.0  2.36663e-07
14  6.5  1.65953e-06
14  7.0  8.30586e-07
14  7.5  4.37044e-07
14  8.5  1.31885e-07
14  9.5  4.56908e-08
14  9.0  7.60644e-08
14  10.0  2.72513e-08
16  0.2  2.8426
16  0.3  2.29446
16  0.4  1.79143
16  0.5  1.35593
16  0.6  1.00398
16  0.7  0.732234
14  10.5  1.69956e-08
16  0.8  0.529716
16  0.9  0.38182
16  1.0  0.27495
16  1.1  0.197557
16  1.2  0.14404
16  1.3  0.104535
16  1.4  0.0748881
16  1.5  0.0567924
16  1.6  0.0412473
14  11.0  1.07569e-08
16  1.7  0.0302648
16  1.8  0.0223763
16  1.9  0.0168202
16  2.5  0.0033228
16  2.0  0.0127833
16  3.0  0.000813697
14  12.0  4.55233e-09
16  3.5  0.000332081
14  11.5  6.91875e-09
16  4.0  0.000103702
16  5.5  6.95491e-06
16  4.5  3.95618e-05
16  5.0  1.61713e-05
16  6.0  3.20572e-06
16  7.0  7.78632e-07
16  8.0  2.19058e-07
16  6.5  1.54403e-06
16  7.5  4.06733e-07
16  8.5  1.22689e-07
16  9.0  7.07525e-08
16  9.5  4.18535e-08
16  10.0  2.53326e-08
18  0.2  2.70653
18  0.3  2.18218
18  0.4  1.69858
16  10.5  1.56986e-08
18  0.5  1.28359
18  0.6  0.948991
18  0.7  0.690531
18  0.8  0.499241
18  0.9  0.357738
18  1.0  0.257579
18  1.1  0.185547
18  1.2  0.134414
16  11.0  9.93289e-09
18  1.3  0.0964407
18  1.4  0.0701619
18  1.5  0.0507968
18  1.6  0.0379309
18  1.7  0.0282501
16  12.0  4.22801e-09
18  1.8  0.0209141
18  1.9  0.0157617
18  2.0  0.0113357
18  2.5  0.00305617
18  3.0  0.000877612
18  3.5  0.000287153
16  11.5  6.42443e-09
18  5.0  1.47669e-05
18  4.0  9.56069e-05
18  4.5  3.63097e-05
18  5.5  6.41168e-06
18  6.0  2.93689e-06
18  7.0  7.11905e-07
18  6.5  1.41988e-06
18  7.5  3.72e-07
18  8.0  2.00147e-07
18  8.5  1.12245e-07
18  9.0  6.46664e-08
18  9.5  3.82291e-08
2  0.2  3.29443
18  10.0  2.31511e-08
2  0.3  2.67399
2  0.4  2.09517
2  0.5  1.59546
2  0.6  1.18922
2  0.7  0.872358
18  10.5  1.43376e-08
2  0.8  0.635399
2  0.9  0.460091
2  1.0  0.332195
2  1.1  0.241239
2  1.2  0.175628
2  1.4  0.093898
2  1.3  0.127423
18  11.0  9.10381e-09
2  1.5  0.067948
2  1.6  0.050625
2  1.7  0.037784
2  1.8  0.0281319
2  1.9  0.0214462
2  2.0  0.0158345
2  2.5  0.00419814
2  3.0  0.00111359
2  3.5  0.000346192
18  12.0  3.85804e-09
18  11.5  5.88986e-09
2  4.0  0.000133537
2  4.5  5.1192e-05
2  5.0  2.09179e-05
2  5.5  9.09245e-06
2  6.0  4.17839e-06
2  6.5  2.01638e-06
2  7.0  1.01175e-06
2  7.5  5.3203e-07
2  8.0  2.8755e-07
2  8.5  1.60814e-07
2  9.0  9.26676e-08
2  9.5  5.48692e-08
2  10.0  3.32874e-08
20  0.2  2.5406
20  0.3  2.04656
2  10.5  2.06452e-08
20  0.4  1.58849
20  0.5  1.19801
20  0.6  0.882861
20  0.7  0.642198
20  0.8  0.461704
2  12.0  5.52809e-09
20  0.9  0.331767
20  1.0  0.237367
20  1.1  0.170545
20  1.2  0.122714
2  11.0  1.31014e-08
20  1.3  0.0882823
20  1.4  0.0640557
20  1.6  0.0347832
20  1.5  0.0464922
20  1.7  0.0251838
20  1.8  0.019036
20  1.9  0.0145745
20  2.0  0.0105947
20  3.0  0.000626957
20  2.5  0.0028298
20  3.5  0.00029918
2  11.5  8.48899e-09
20  5.0  1.32304e-05
20  5.5  5.69429e-06
20  4.0  8.60168e-05
20  4.5  3.26167e-05
20  6.0  2.63145e-06
20  7.5  3.31569e-07
20  6.5  1.26762e-06
20  7.0  6.33936e-07
20  8.0  1.79387e-07
20  8.5  1.0033e-07
20  9.0  5.78842e-08
20  9.5  3.40789e-08
20  10.0  2.06646e-08
22  0.2  2.34379
22  0.3  1.8829
22  0.4  1.45855
22  0.5  1.0964
20  10.5  1.28118e-08
22  0.6  0.805454
22  0.7  0.582513
22  0.8  0.418795
22  0.9  0.300129
22  1.0  0.214707
22  1.1  0.153497
22  1.2  0.110071
22  1.4  0.057977
20  12.0  3.44558e-09
22  1.3  0.0794183
20  11.0  8.10761e-09
22  1.5  0.0421984
22  1.6  0.0304364
22  1.7  0.0225212
22  1.9  0.0128314
20  11.5  5.24832e-09
22  1.8  0.0168429
22  2.0  0.0092847
22  3.0  0.000535635
22  2.5  0.00237521
22  3.5  0.000141347
22  5.0  1.15287e-05
22  5.5  4.95135e-06
22  4.0  7.50679e-05
22  4.5  2.84682e-05
22  6.0  2.28881e-06
22  7.5  2.88873e-07
22  6.5  1.09973e-06
22  7.0  5.51174e-07
22  8.0  1.55907e-07
22  8.5  8.69996e-08
22  9.0  5.00642e-08
22  10.5  1.10237e-08
22  9.5  2.95495e-08
22  10.0  1.78844e-08
24  0.2  2.10804
24  0.3  1.68782
24  0.4  1.30334
24  0.5  0.975342
24  0.6  0.714766
24  0.7  0.514862
24  0.8  0.36819
24  0.9  0.262346
24  1.0  0.186951
24  1.1  0.133257
22  11.0  7.02463e-09
24  1.2  0.0956039
24  1.3  0.069334
24  1.4  0.050037
24  1.5  0.036464
24  1.6  0.0261779
24  1.7  0.0193642
24  1.8  0.0145068
24  1.9  0.0107633
24  2.0  0.00811987
24  2.5  0.00191292
24  3.0  0.00062438
22  11.5  4.55491e-09
24  3.5  0.000201334
22  12.0  2.98358e-09
24  4.0  6.31215e-05
24  4.5  2.38514e-05
24  5.0  9.71472e-06
24  5.5  4.18168e-06
24  6.0  1.90908e-06
24  8.0  1.28069e-07
24  6.5  9.16002e-07
24  7.0  4.58508e-07
24  7.5  2.40441e-07
24  8.5  7.22562e-08
24  9.0  4.15366e-08
24  9.5  2.45294e-08
24  10.0  1.48688e-08
26  0.2  1.82358
26  0.3  1.45656
26  0.4  1.11764
26  0.5  0.830792
26  0.6  0.605871
26  0.7  0.434272
24  10.5  9.22351e-09
26  0.8  0.309226
26  0.9  0.219382
26  1.0  0.155838
26  1.1  0.110595
26  1.2  0.0786857
26  1.3  0.0563916
26  1.4  0.040891
26  1.6  0.0215087
26  1.5  0.0293011
24  11.0  5.82106e-09
26  1.7  0.0157622
26  1.8  0.0115156
26  1.9  0.00870469
26  2.0  0.00655035
26  2.5  0.00156748
26  3.0  0.000394975
26  3.5  2.76834e-05
24  11.5  3.76662e-09
24  12.0  2.46231e-09
26  4.0  5.01468e-05
26  4.5  1.8829e-05
26  5.0  7.66234e-06
26  5.5  3.29125e-06
26  6.0  1.49894e-06
26  6.5  7.17519e-07
26  7.0  3.5877e-07
26  7.5  1.87923e-07
26  8.0  1.01005e-07
26  8.5  5.63408e-08
26  9.0  3.23278e-08
26  9.5  1.90601e-08
26  10.0  1.155e-08
26  11.5  2.90249e-09
28  0.2  1.4889
26  10.5  7.1455e-09
28  0.3  1.18211
28  0.4  0.902263
28  0.5  0.666273
28  0.6  0.482483
28  0.7  0.343596
28  0.8  0.243005
28  0.9  0.171295
28  1.0  0.120921
28  1.1  0.0855685
28  1.2  0.0605695
26  11.0  4.51901e-09
28  1.3  0.043126
28  1.4  0.0314452
26  12.0  1.89334e-09
28  1.5  0.0221087
28  1.7  0.0120477
28  1.6  0.0164803
28  1.8  0.00886486
28  2.0  0.00491567
28  1.9  0.00650384
28  2.5  0.00114608
28  3.0  0.000315715
28  3.5  0.000163263
28  4.0  3.64752e-05
28  5.0  5.50024e-06
28  4.5  1.36785e-05
28  5.5  2.36982e-06
28  6.0  1.0758e-06
28  6.5  5.12466e-07
28  7.0  2.56783e-07
28  7.5  1.33855e-07
28  8.0  7.19086e-08
28  8.5  4.01142e-08
28  9.0  2.29951e-08
28  9.5  1.35203e-08
28  10.0  8.1641e-09
28  12.0  1.3532e-09
30  0.2  1.11662
28  10.5  5.0736e-09
30  0.3  0.87967
30  0.4  0.665192
30  0.5  0.486847
30  0.6  0.349285
30  0.7  0.246569
30  0.8  0.172825
28  11.0  3.19797e-09
30  0.9  0.1207
30  1.0  0.0846842
30  1.1  0.0594833
30  1.2  0.0419114
30  1.3  0.0299788
30  1.4  0.0213745
30  1.5  0.0154159
30  1.6  0.0109772
30  1.7  0.0080833
30  1.8  0.00615733
30  1.9  0.00436492
30  2.0  0.0033446
30  2.5  0.000845314
30  3.0  0.000176971
30  3.5  7.93288e-05
28  11.5  2.06464e-09
30  4.0  2.32391e-05
30  5.0  3.49867e-06
30  4.5  8.69823e-06
30  5.5  1.49842e-06
30  6.0  6.78316e-07
30  8.0  4.46209e-08
30  6.5  3.21748e-07
30  7.0  1.60825e-07
30  7.5  8.3735e-08
30  8.5  2.49571e-08
30  9.0  1.43013e-08
30  9.5  8.41489e-09
30  10.0  5.05487e-09
30  11.0  1.96523e-09
32  0.2  0.744362
32  0.3  0.580687
32  0.4  0.434666
32  0.5  0.314859
32  0.6  0.222638
32  0.7  0.155257
30  10.5  3.12815e-09
32  0.8  0.107716
32  0.9  0.0749202
32  1.0  0.051829
32  1.1  0.0361541
32  1.2  0.025446
32  1.3  0.0179409
32  1.4  0.0127438
32  1.5  0.00914188
32  1.6  0.00641918
32  1.7  0.00467508
32  1.8  0.00353273
32  1.9  0.00253895
32  2.0  0.00191454
32  2.5  0.000440444
32  3.0  0.000123659
32  3.5  6.35518e-05
30  11.5  1.26635e-09
30  12.0  8.32739e-10
32  4.5  4.71494e-06
32  4.0  1.27105e-05
32  5.0  1.87263e-06
32  5.5  8.01278e-07
32  7.0  8.42896e-08
32  6.5  1.71511e-07
32  6.0  3.60542e-07
32  8.0  2.3426e-08
32  7.5  4.40551e-08
32  8.5  1.30123e-08
32  9.0  7.43219e-09
32  9.5  4.36949e-09
32  11.0  1.01281e-09
32  10.0  2.62845e-09
34  0.2  0.433612
34  0.3  0.334818
34  0.4  0.247225
34  0.5  0.176367
34  0.6  0.122959
32  10.5  1.62069e-09
34  0.7  0.0846905
34  0.8  0.0580207
34  0.9  0.0397608
34  1.0  0.0272252
34  1.1  0.0187228
34  1.2  0.0129744
34  1.4  0.00646153
34  1.3  0.00905961
34  1.5  0.00460495
34  1.6  0.00327232
32  12.0  4.29149e-10
34  1.7  0.00232359
34  1.8  0.00172872
34  1.9  0.00128198
34  2.5  0.000227056
34  2.0  0.000936222
32  11.5  6.58275e-10
34  3.0  5.49891e-05
34  3.5  2.85796e-05
34  4.5  2.10922e-06
34  4.0  5.82835e-06
34  5.0  8.39915e-07
34  5.5  3.54737e-07
34  6.0  1.58683e-07
34  6.5  7.49221e-08
34  7.5  1.90295e-08
34  8.5  5.56945e-09
34  7.0  3.69394e-08
34  8.0  1.01341e-08
34  9.0  3.17152e-09
34  9.5  1.86189e-09
34  11.0  4.27681e-10
34  10.0  1.1148e-09
4  0.2  3.27392
4  0.3  2.65634
4  0.4  2.08204
4  0.5  1.58558
4  0.6  1.18102
34  10.5  6.86617e-10
4  0.7  0.866229
4  0.8  0.63026
4  0.9  0.45683
4  1.0  0.330409
4  1.1  0.240394
4  1.2  0.174177
4  1.3  0.127494
4  1.4  0.0930493
4  1.5  0.0678039
4  1.6  0.0495011
34  12.0  1.7911e-10
4  1.8  0.0281403
4  1.7  0.0377105
4  1.9  0.0209326
4  2.0  0.0159241
4  2.5  0.00387645
34  11.5  2.76059e-10
4  3.5  0.00050079
4  3.0  0.00120806
4  4.0  0.00013214
4  4.5  5.04823e-05
4  5.0  2.06685e-05
4  5.5  8.99411e-06
4  6.0  4.1323e-06
4  6.5  1.99408e-06
4  7.0  1.00073e-06
4  7.5  5.26157e-07
4  8.0  2.84395e-07
4  8.5  1.59019e-07
4  9.0  9.16574e-08
4  9.5  5.41539e-08
4  10.0  3.29093e-08
6  0.2  3.24158
6  0.3  2.62896
4  11.0  1.30123e-08
6  0.4  2.05986
4  10.5  2.04737e-08
6  0.5  1.56775
6  0.6  1.16756
6  0.7  0.85628
6  0.9  0.451046
4  12.0  5.46506e-09
6  0.8  0.62295
6  1.0  0.326018
6  1.1  0.23629
6  1.2  0.171546
6  1.3  0.125368
6  1.4  0.0916688
6  1.5  0.0662546
6  1.6  0.0487675
6  1.7  0.0362782
6  1.8  0.0271375
6  1.9  0.0203856
6  2.5  0.00408692
6  2.0  0.0156548
6  3.0  0.00109042
6  3.5  0.000497245
4  11.5  8.4032e-09
6  4.0  0.000129819
6  4.5  4.95665e-05
6  5.0  2.02709e-05
6  5.5  8.82997e-06
6  6.0  4.05555e-06
6  6.5  1.95692e-06
6  7.0  9.81107e-07
6  7.5  5.16437e-07
6  8.0  2.79215e-07
6  8.5  1.56026e-07
6  9.0  8.99539e-08
6  9.5  5.31743e-08
6  10.0  3.22796e-08
6  10.5  2.00266e-08
8  0.2  3.19366
8  0.3  2.58912
8  0.4  2.02825
8  0.5  1.5404
8  0.6  1.14788
8  0.7  0.841152
6  12.0  5.36307e-09
8  0.8  0.611269
8  0.9  0.441902
8  1.0  0.320215
6  11.0  1.27004e-08
8  1.1  0.230718
8  1.2  0.167383
8  1.3  0.121667
8  1.4  0.088721
8  1.5  0.064961
8  1.6  0.049365
8  1.7  0.0360902
8  1.8  0.0269995
8  1.9  0.0201766
8  2.0  0.0152084
8  2.5  0.00396096
6  11.5  8.23875e-09
8  3.5  0.000456863
8  3.0  0.000964966
8  4.0  0.000126552
8  4.5  4.82934e-05
8  5.0  1.97161e-05
8  5.5  8.6004e-06
8  6.0  3.94874e-06
8  6.5  1.90486e-06
8  7.0  9.5527e-07
8  7.5  5.02632e-07
8  8.0  2.7142e-07
8  8.5  1.51833e-07
8  9.0  8.77228e-08
8  9.5  5.16996e-08
8  10.0  3.14012e-08
8  10.5  1.94436e-08
8  11.0  1.23477e-08
8  12.0  5.24879e-09
8  11.5  8.01598e-09
