# exclusive D0 cross section, Pb target, LHAPDF fragmentation, An0n channel
# generated      : 2026-08-19 15:24:08 EEST
# calls          : 1e5 below 4.0 GeV, 2e3 above (see EXCL_PT_THRESHOLD) (VEGAS calls per point, see CALLS_EXCL/CALLS_EXCL_FACTORIZED/CALLS_DIFF)
# dipole samples : data/Pb/bk_posterior/member_0014/glauber_mve_<b>
# pD0 sweep      : 0.2 0.3 0.4 0.5 0.6 0.7 0.8 0.9 1.0 1.1 1.2 1.3 1.4 1.5 1.6 1.7 1.8 1.9 2.0 2.5 3.0 3.5 4.0 4.5 5.0 5.5 6.0 6.5 7.0 7.5 8.0 8.5 9.0 9.5 10.0 10.5 11.0 11.5 12.0
# fixed rapidity y : 3.0
# ============================================================
# b  pD0  dsigma_dyd2pD0
0  0.2  0.554013
0  0.4  0.336367
0  0.5  0.249203
0  0.3  0.439954
0  0.6  0.180522
0  0.8  0.0909026
0  0.9  0.0639788
0  0.7  0.128798
0  1.0  0.0448294
0  1.2  0.0221643
0  1.1  0.0315117
0  1.4  0.0110917
0  1.3  0.015567
0  1.6  0.00560807
0  1.5  0.00782206
0  1.9  0.00210435
0  1.8  0.00291466
0  1.7  0.00398601
0  2.0  0.00151898
0  3.0  7.7213e-05
0  2.5  0.000329617
0  3.5  1.98902e-05
0  4.5  1.72063e-06
0  4.0  5.68705e-06
0  5.0  5.51905e-07
0  5.5  1.87586e-07
0  7.5  3.88645e-09
0  6.0  6.697e-08
0  6.5  2.49703e-08
0  7.0  9.68186e-09
0  8.5  6.93665e-10
0  8.0  1.61632e-09
0  9.0  3.03021e-10
0  9.5  1.36117e-10
0  10.0  6.25207e-11
10  0.2  0.531592
0  11.0  1.41033e-11
10  0.3  0.421842
10  0.4  0.322087
10  0.5  0.238147
10  0.6  0.172193
10  0.7  0.122732
10  0.8  0.0865618
10  0.9  0.0607491
10  1.0  0.0425399
10  1.1  0.0297955
10  1.2  0.0208814
10  1.3  0.0146931
10  1.4  0.0103771
10  1.5  0.00742849
0  10.5  2.93094e-11
10  1.7  0.0037836
10  1.6  0.00524919
10  1.8  0.00271672
10  1.9  0.00196773
10  2.0  0.00141611
10  2.5  0.000299997
10  3.0  6.98548e-05
10  3.5  1.84699e-05
0  11.5  6.82691e-12
0  12.0  3.37921e-12
10  5.0  5.13107e-07
10  4.5  1.58701e-06
10  4.0  5.25406e-06
10  6.5  2.30521e-08
10  5.5  1.72593e-07
10  6.0  6.157e-08
10  8.0  1.49302e-09
10  7.0  8.88854e-09
10  7.5  3.56778e-09
10  10.0  5.71115e-11
10  8.5  6.19692e-10
10  9.0  2.77181e-10
10  9.5  1.24498e-10
10  11.0  1.27813e-11
12  0.2  0.521151
10  10.5  2.68707e-11
12  0.3  0.413493
12  0.4  0.315501
12  0.5  0.233008
12  0.6  0.168364
12  0.7  0.119732
12  0.8  0.0844476
12  0.9  0.0592268
12  1.0  0.0414467
12  1.1  0.0289924
12  1.2  0.0203197
12  1.3  0.0142828
12  1.5  0.00721176
12  1.4  0.0101505
12  1.7  0.00367171
12  1.6  0.00509809
12  1.8  0.00263265
12  1.9  0.00189444
12  2.0  0.00136713
12  2.5  0.000295684
12  3.0  6.59093e-05
12  3.5  1.92228e-05
10  11.5  6.22885e-12
10  12.0  3.07938e-12
12  5.0  4.93755e-07
12  4.5  1.52756e-06
12  4.0  5.06613e-06
12  5.5  1.66208e-07
12  6.5  2.2119e-08
12  6.0  5.9147e-08
12  7.0  8.53011e-09
12  7.5  3.42781e-09
12  8.0  1.41844e-09
12  9.5  1.19727e-10
12  8.5  6.06221e-10
12  10.0  5.46601e-11
12  9.0  2.65581e-10
12  11.0  1.22505e-11
14  0.2  0.508524
14  0.3  0.402861
12  10.5  2.57275e-11
14  0.4  0.306888
14  0.5  0.226715
14  0.6  0.163685
14  0.7  0.116401
14  0.8  0.0818898
12  12.0  2.96837e-12
14  0.9  0.057419
14  1.0  0.0401425
14  1.1  0.0280505
14  1.2  0.0196386
14  1.3  0.0137859
14  1.4  0.00979728
14  1.5  0.00696539
14  1.6  0.00492289
14  1.7  0.00349818
14  1.8  0.00253165
14  1.9  0.00182497
14  2.0  0.00131371
14  3.0  6.3201e-05
14  2.5  0.000281297
14  3.5  1.85741e-05
12  11.5  5.96131e-12
14  4.0  4.84764e-06
14  4.5  1.45562e-06
14  5.0  4.65121e-07
14  6.5  2.10332e-08
14  5.5  1.577e-07
14  6.0  5.62186e-08
14  7.0  8.09104e-09
14  8.5  5.81509e-10
14  7.5  3.24811e-09
14  9.0  2.53722e-10
14  8.0  1.34772e-09
14  10.0  5.16727e-11
14  11.0  1.15988e-11
14  9.5  1.13194e-10
14  10.5  2.43784e-11
16  0.2  0.493047
16  0.3  0.390311
16  0.4  0.297224
16  0.5  0.219095
16  0.6  0.157972
16  0.7  0.112167
16  0.8  0.0788882
16  0.9  0.0552644
16  1.1  0.0269245
16  1.0  0.0385277
16  1.2  0.0188232
16  1.3  0.0132886
16  1.4  0.00936735
16  1.5  0.0066531
16  1.6  0.00470491
16  1.7  0.00334743
16  1.8  0.00240602
16  1.9  0.00174216
16  2.0  0.00124932
16  2.5  0.000267489
16  3.5  1.54414e-05
16  3.0  6.04699e-05
14  11.5  5.64472e-12
14  12.0  2.79218e-12
16  4.0  4.56814e-06
16  4.5  1.37122e-06
16  5.0  4.3809e-07
16  6.5  1.97549e-08
16  5.5  1.48356e-07
16  6.0  5.27827e-08
16  7.0  7.60159e-09
16  8.5  5.43278e-10
16  7.5  3.04339e-09
16  9.0  2.36832e-10
16  8.0  1.26117e-09
16  9.5  1.06152e-10
16  10.0  4.86762e-11
16  11.0  1.08437e-11
18  0.2  0.474334
18  0.3  0.374881
18  0.4  0.285133
18  0.5  0.209931
18  0.6  0.151146
18  0.7  0.10714
18  0.8  0.0752388
18  0.9  0.05257
16  10.5  2.2749e-11
18  1.0  0.0366367
18  1.1  0.0255597
18  1.2  0.0178387
18  1.3  0.0125532
18  1.5  0.00628251
18  1.4  0.00885745
18  1.6  0.00443731
18  1.7  0.00314938
18  1.9  0.00163735
18  1.8  0.00226099
18  2.0  0.00117974
18  3.0  5.6931e-05
18  3.5  1.52227e-05
18  2.5  0.000252238
16  11.5  5.27695e-12
16  12.0  2.60735e-12
18  4.5  1.27339e-06
18  4.0  4.23387e-06
18  5.5  1.37436e-07
18  5.0  4.02528e-07
18  6.5  1.81691e-08
18  6.0  4.88307e-08
18  7.0  7.01251e-09
18  8.0  1.177e-09
18  7.5  2.81396e-09
18  8.5  4.96256e-10
18  9.0  2.17192e-10
18  9.5  9.73949e-11
18  11.0  9.96771e-12
18  10.0  4.46496e-11
2  0.2  0.553291
2  0.3  0.439256
2  0.4  0.335829
2  0.5  0.248776
2  0.6  0.1802
2  0.7  0.128561
2  0.9  0.0638514
2  0.8  0.0909306
2  1.0  0.0447375
18  10.5  2.09268e-11
2  1.1  0.0314644
2  1.2  0.0220672
2  1.3  0.0155481
2  1.4  0.0110648
2  1.6  0.00559852
2  1.5  0.00781917
2  1.7  0.0039746
2  1.8  0.00287616
2  1.9  0.00209909
2  2.5  0.00032843
2  2.0  0.00150463
2  3.0  7.64783e-05
2  3.5  1.9829e-05
18  11.5  4.84961e-12
18  12.0  2.37325e-12
2  4.5  1.71538e-06
2  4.0  5.67026e-06
2  5.0  5.50176e-07
2  5.5  1.87e-07
2  6.0  6.67502e-08
2  7.5  3.8733e-09
2  6.5  2.48891e-08
2  7.0  9.64917e-09
2  8.0  1.60738e-09
2  8.5  6.8711e-10
2  9.0  3.01983e-10
2  9.5  1.35655e-10
20  0.2  0.451624
20  0.3  0.356502
20  0.4  0.270804
2  10.0  6.23518e-11
20  0.5  0.198914
20  0.6  0.14294
20  0.7  0.1011
20  0.8  0.0707424
20  0.9  0.0494233
20  1.0  0.034373
20  1.1  0.0239797
20  1.2  0.0166945
20  1.3  0.0117287
2  10.5  2.92628e-11
20  1.4  0.00825849
20  1.6  0.00412653
20  1.5  0.00577648
20  1.7  0.00292634
20  1.9  0.00152141
20  1.8  0.00210052
20  2.0  0.00111427
20  2.5  0.00023031
20  3.0  5.33265e-05
2  11.0  1.39749e-11
20  3.5  1.28601e-05
2  11.5  6.79984e-12
2  12.0  3.36738e-12
20  4.5  1.16051e-06
20  4.0  3.86268e-06
20  5.0  3.69455e-07
20  5.5  1.25309e-07
20  6.0  4.42758e-08
20  7.0  6.35616e-09
20  6.5  1.64492e-08
20  8.0  1.05411e-09
20  7.5  2.54145e-09
20  9.0  1.96424e-10
20  8.5  4.48498e-10
20  9.5  8.78654e-11
20  10.0  4.03417e-11
20  11.0  8.99708e-12
22  0.2  0.424126
20  10.5  1.8894e-11
22  0.3  0.334539
22  0.4  0.253334
22  0.5  0.185749
22  0.6  0.133055
22  0.7  0.0938883
22  0.8  0.06565
22  0.9  0.0456644
22  1.0  0.0316935
22  1.1  0.0220212
22  1.2  0.0153261
22  1.3  0.0107457
22  1.4  0.00755537
22  1.6  0.00376824
22  1.5  0.00527443
22  1.7  0.00266797
22  1.8  0.00189835
22  2.0  0.000995183
22  1.9  0.00136362
22  2.5  0.000210609
22  3.0  4.70484e-05
22  3.5  1.38303e-05
20  11.5  4.36069e-12
20  12.0  2.15266e-12
22  4.0  3.43846e-06
22  4.5  1.02738e-06
22  5.5  1.10881e-07
22  5.0  3.2794e-07
22  7.0  5.60158e-09
22  6.0  3.91435e-08
22  6.5  1.45053e-08
22  7.5  2.23715e-09
22  9.0  1.72546e-10
22  8.0  9.25589e-10
22  8.5  3.94618e-10
22  9.5  7.70923e-11
22  11.0  7.92566e-12
24  0.2  0.390447
22  10.0  3.52853e-11
24  0.3  0.307062
24  0.4  0.231922
24  0.5  0.169609
24  0.6  0.121047
24  0.7  0.0851381
24  0.8  0.0593339
24  0.9  0.0411828
24  1.0  0.0284825
24  1.1  0.0197386
22  10.5  1.64995e-11
22  11.5  3.81246e-12
24  1.2  0.0136917
22  12.0  1.90231e-12
24  1.3  0.00958003
24  1.5  0.00469723
24  1.4  0.00668888
24  1.6  0.00334064
24  1.7  0.00237273
24  1.8  0.00167613
24  1.9  0.00121124
24  2.5  0.000181022
24  2.0  0.000865353
24  3.0  4.09541e-05
24  3.5  1.17177e-05
24  4.5  8.84635e-07
24  4.0  2.96401e-06
24  5.0  2.80524e-07
24  6.0  3.35031e-08
24  5.5  9.43349e-08
24  7.5  1.91659e-09
24  7.0  4.74625e-09
24  6.5  1.2337e-08
24  8.5  3.35789e-10
24  8.0  7.83234e-10
24  9.0  1.45057e-10
24  9.5  6.49333e-11
24  10.5  1.38046e-11
26  0.2  0.348971
24  10.0  2.96879e-11
26  0.3  0.273583
26  0.4  0.206075
26  0.5  0.149828
26  0.6  0.106479
26  0.7  0.0746171
24  11.0  6.61893e-12
26  0.8  0.0517902
26  0.9  0.0357958
26  1.0  0.0246435
26  1.1  0.0170062
26  1.2  0.0118083
26  1.3  0.00820684
26  1.4  0.00570591
24  11.5  3.20848e-12
26  1.5  0.00403204
26  1.6  0.00280731
26  1.7  0.00199421
26  1.8  0.00142779
26  2.0  0.000745597
26  1.9  0.00101157
26  2.5  0.000150988
26  3.5  9.1699e-06
26  3.0  3.39026e-05
24  12.0  1.57666e-12
26  4.5  7.20289e-07
26  5.0  2.27855e-07
26  4.0  2.42362e-06
26  5.5  7.66398e-08
26  7.0  3.82306e-09
26  6.0  2.68566e-08
26  6.5  9.92563e-09
26  7.5  1.51814e-09
26  8.0  6.26161e-10
26  8.5  2.65537e-10
26  9.0  1.15565e-10
26  9.5  5.16439e-11
28  0.2  0.298004
26  10.0  2.35877e-11
28  0.3  0.232819
28  0.4  0.174269
28  0.5  0.126104
26  11.0  5.262e-12
28  0.6  0.0891018
28  0.7  0.0621043
28  0.8  0.0428121
28  0.9  0.0294503
26  10.5  1.10029e-11
28  1.0  0.0201915
28  1.1  0.0138744
28  1.2  0.00953317
28  1.5  0.00322719
28  1.3  0.00661886
28  1.4  0.00457564
28  1.6  0.0022488
28  1.7  0.00159348
28  1.8  0.00112503
28  1.9  0.000804875
28  2.0  0.000579831
28  3.0  2.63855e-05
28  2.5  0.000118377
28  3.5  6.7518e-06
26  11.5  2.53288e-12
26  12.0  1.24578e-12
28  4.0  1.85793e-06
28  4.5  5.42664e-07
28  5.0  1.70938e-07
28  5.5  5.69759e-08
28  6.5  7.36463e-09
28  8.0  4.61395e-10
28  6.0  2.0011e-08
28  7.5  1.12373e-09
28  7.0  2.816e-09
28  8.5  1.94411e-10
28  9.0  8.45674e-11
28  9.5  3.77181e-11
28  10.0  1.71977e-11
30  0.2  0.238211
30  0.3  0.185011
30  0.4  0.137614
30  0.5  0.0987842
30  0.6  0.0693369
28  10.5  7.99709e-12
30  0.7  0.0478734
30  0.8  0.032721
30  0.9  0.0223384
30  1.1  0.0104035
30  1.0  0.0152343
30  1.2  0.00710809
30  1.3  0.00489488
30  1.4  0.00337326
30  1.5  0.00234416
28  11.0  3.80402e-12
30  1.7  0.0011551
30  1.6  0.00163971
30  1.8  0.000820775
30  2.5  8.14874e-05
30  1.9  0.000578774
30  2.0  0.000415634
30  3.0  1.80088e-05
30  3.5  4.41456e-06
28  11.5  1.83864e-12
28  12.0  9.03924e-13
30  4.0  1.25114e-06
30  4.5  3.6628e-07
30  5.0  1.14675e-07
30  5.5  3.80026e-08
30  6.0  1.32769e-08
30  6.5  4.86667e-09
30  7.5  7.36997e-10
30  7.0  1.85255e-09
30  8.0  3.01036e-10
30  9.5  2.46024e-11
30  8.5  1.26602e-10
30  9.0  5.48363e-11
32  0.2  0.174158
32  0.3  0.134147
32  0.4  0.0987937
32  0.5  0.0702056
32  0.6  0.0487098
30  10.0  1.10857e-11
32  0.7  0.0333217
32  0.8  0.02257
32  1.0  0.0102762
32  0.9  0.0152541
32  1.1  0.00696812
32  1.2  0.00472762
30  10.5  5.1541e-12
32  1.3  0.00324181
32  1.4  0.00221428
32  1.5  0.00152918
32  1.6  0.00107432
32  1.7  0.000743141
32  1.8  0.000524009
32  1.9  0.000369788
32  2.0  0.000262976
30  11.0  2.43866e-12
32  2.5  5.05357e-05
32  3.0  1.10793e-05
32  3.5  3.14297e-06
30  11.5  1.17818e-12
32  4.0  7.4993e-07
30  12.0  5.76737e-13
32  4.5  2.14727e-07
32  5.5  2.19608e-08
32  5.0  6.66244e-08
32  7.5  4.13803e-10
32  6.0  7.58289e-09
32  6.5  2.75618e-09
32  7.0  1.04637e-09
32  8.0  1.67551e-10
32  8.5  7.03401e-11
32  9.0  3.03485e-11
32  9.5  1.34303e-11
32  10.0  6.08542e-12
34  0.2  0.114834
32  10.5  2.81868e-12
34  0.3  0.0876096
34  0.4  0.0637299
34  0.5  0.0447362
34  0.6  0.0306252
34  0.7  0.0207011
34  0.8  0.0138608
34  0.9  0.00924871
32  11.0  1.3284e-12
34  1.0  0.00617704
34  1.2  0.00278448
34  1.1  0.00413954
34  1.3  0.00188173
34  1.4  0.00127774
34  1.6  0.000605773
34  1.5  0.000876266
34  1.7  0.000418133
34  1.9  0.000210093
34  1.8  0.000294611
34  2.0  0.000147516
34  2.5  2.72366e-05
34  3.0  5.622e-06
34  3.5  1.59885e-06
32  11.5  6.39096e-13
32  12.0  3.124e-13
34  5.0  3.27847e-08
34  4.5  1.07867e-07
34  4.0  3.76984e-07
34  5.5  1.07331e-08
34  6.0  3.68601e-09
34  6.5  1.32666e-09
34  7.0  5.01276e-10
34  8.5  3.29684e-11
34  7.5  1.94704e-10
34  8.0  7.87209e-11
34  9.5  6.27753e-12
34  9.0  1.40782e-11
34  10.0  2.79468e-12
34  11.5  2.90668e-13
4  0.2  0.550464
4  0.3  0.437142
4  0.4  0.334186
4  0.5  0.247486
4  0.6  0.179228
34  11.0  6.0519e-13
4  0.7  0.127822
34  10.5  1.28453e-12
4  0.8  0.0902353
34  12.0  1.40975e-13
4  1.0  0.0444861
4  0.9  0.0634841
4  1.1  0.0312308
4  1.3  0.0154414
4  1.2  0.0219126
4  1.4  0.0109006
4  1.5  0.00781721
4  1.6  0.00555469
4  1.7  0.00394535
4  1.8  0.00285907
4  1.9  0.00208352
4  2.5  0.000323467
4  2.0  0.00148889
4  3.5  1.97565e-05
4  3.0  7.57962e-05
4  4.5  1.6998e-06
4  4.0  5.6197e-06
4  5.0  5.45004e-07
4  6.5  2.47594e-08
4  5.5  1.85227e-07
4  6.0  6.61034e-08
4  7.5  3.83476e-09
4  7.0  9.55373e-09
4  8.0  1.59481e-09
4  8.5  6.80667e-10
4  10.0  6.15803e-11
4  9.0  2.98926e-10
4  9.5  1.34289e-10
6  0.2  0.546092
6  0.3  0.433715
6  0.4  0.331332
6  0.5  0.245313
6  0.6  0.177588
6  0.7  0.126607
6  0.8  0.089529
6  0.9  0.0628777
6  1.0  0.0440201
6  1.1  0.0308865
6  1.2  0.0217458
4  10.5  2.89242e-11
6  1.3  0.0152539
6  1.4  0.0107992
6  1.5  0.00772924
6  1.6  0.00546789
6  1.7  0.00391829
4  11.0  1.38412e-11
6  1.8  0.00282924
6  1.9  0.00205794
6  2.0  0.00147168
6  2.5  0.000317849
6  3.0  7.39209e-05
6  3.5  1.98067e-05
4  11.5  6.73484e-12
4  12.0  3.33077e-12
6  4.5  1.67244e-06
6  4.0  5.53536e-06
6  5.0  5.36369e-07
6  5.5  1.82241e-07
6  6.5  2.4354e-08
6  7.5  3.77108e-09
6  6.0  6.49993e-08
6  7.0  9.41498e-09
6  8.0  1.56524e-09
6  8.5  6.6864e-10
6  10.0  6.00089e-11
6  9.0  2.93756e-10
6  9.5  1.31967e-10
8  0.2  0.539914
8  0.3  0.42878
8  0.4  0.32735
8  0.5  0.242218
8  0.6  0.175255
8  0.7  0.125062
8  0.8  0.0881148
8  0.9  0.0619055
8  1.0  0.0434065
8  1.1  0.0304317
6  10.5  2.84362e-11
8  1.2  0.0213976
8  1.3  0.0150057
6  11.0  1.3823e-11
8  1.4  0.010618
8  1.5  0.00759175
8  1.7  0.00387536
8  1.6  0.00538337
8  1.8  0.00276018
8  1.9  0.00202147
8  2.0  0.00144904
8  2.5  0.000314477
8  3.0  7.4037e-05
8  3.5  2.07342e-05
6  11.5  6.61639e-12
8  4.0  5.40796e-06
6  12.0  3.27259e-12
8  5.0  5.2813e-07
8  4.5  1.63648e-06
8  6.5  2.37911e-08
8  5.5  1.78012e-07
8  7.5  3.68158e-09
8  6.0  6.34806e-08
8  8.0  1.54784e-09
8  7.0  9.17127e-09
8  10.0  5.90578e-11
8  8.5  6.51679e-10
8  9.0  2.86627e-10
8  9.5  1.28745e-10
8  11.0  1.32063e-11
8  10.5  2.78015e-11
8  11.5  6.43759e-12
8  12.0  3.1872e-12
