# exclusive D0 cross section, Pb target, LHAPDF fragmentation, An0n channel
# generated      : 2026-08-19 15:24:08 EEST
# calls          : 1e5 below 4.0 GeV, 2e3 above (see EXCL_PT_THRESHOLD) (VEGAS calls per point, see CALLS_EXCL/CALLS_EXCL_FACTORIZED/CALLS_DIFF)
# dipole samples : data/Pb/bk_posterior/member_0014/glauber_mve_<b>
# pD0 sweep      : 0.2 0.3 0.4 0.5 0.6 0.7 0.8 0.9 1.0 1.1 1.2 1.3 1.4 1.5 1.6 1.7 1.8 1.9 2.0 2.5 3.0 3.5 4.0 4.5 5.0 5.5 6.0 6.5 7.0 7.5 8.0 8.5 9.0 9.5 10.0 10.5 11.0 11.5 12.0
# fixed rapidity y : 0.0
# ============================================================
# b  pD0  dsigma_dyd2pD0
0  0.5  1.60149
0  0.3  2.66662
0  0.2  3.28666
0  0.4  2.09369
0  0.8  0.654928
0  0.6  1.20096
0  0.9  0.480158
0  0.7  0.889728
0  1.0  0.3518
0  1.4  0.105147
0  1.1  0.257894
0  1.3  0.140488
0  1.5  0.0787399
0  1.2  0.190473
0  1.6  0.0586001
0  1.8  0.0341512
0  1.7  0.0449449
0  2.0  0.0199618
0  1.9  0.0254091
0  3.0  0.00172382
0  2.5  0.0055471
0  3.5  0.000483239
0  4.0  0.000222414
0  4.5  8.85204e-05
0  5.0  3.79648e-05
0  6.0  8.20029e-06
0  5.5  1.71943e-05
0  7.5  1.13757e-06
0  7.0  2.11014e-06
0  8.0  6.24902e-07
0  6.5  4.07611e-06
0  8.5  3.59811e-07
0  9.0  2.12176e-07
0  9.5  1.28338e-07
0  10.0  7.92415e-08
0  11.0  3.20129e-08
10  0.2  3.11907
10  0.3  2.5257
0  11.5  2.09426e-08
10  0.4  1.98024
10  0.5  1.51077
10  0.6  1.13024
10  0.7  0.834962
10  0.8  0.612951
0  10.5  5.00373e-08
10  0.9  0.448672
10  1.0  0.327774
10  1.1  0.240282
10  1.2  0.176445
10  1.3  0.130711
10  1.5  0.0729523
10  1.4  0.0969258
10  1.6  0.0546639
10  1.7  0.0414721
10  1.8  0.0313643
10  1.9  0.0240192
10  2.0  0.018749
10  2.5  0.00520497
10  3.0  0.00146938
10  3.5  0.000505703
0  12.0  1.39729e-08
10  4.0  0.000202157
10  6.0  7.43605e-06
10  4.5  8.06304e-05
10  5.0  3.45058e-05
10  5.5  1.56111e-05
10  8.0  5.66448e-07
10  6.5  3.70267e-06
10  7.0  1.92051e-06
10  8.5  3.25814e-07
10  7.5  1.03152e-06
10  9.0  1.92572e-07
10  9.5  1.16596e-07
10  10.0  7.1842e-08
12  0.2  3.04082
12  0.3  2.46155
12  0.4  1.92719
12  0.5  1.46949
12  0.6  1.09869
10  10.5  4.52626e-08
12  0.7  0.810965
12  0.8  0.594787
12  0.9  0.435057
12  1.0  0.317354
12  1.1  0.232497
12  1.2  0.170454
12  1.3  0.126579
12  1.4  0.094391
12  1.5  0.0698713
12  1.7  0.0401058
12  1.6  0.0521888
12  1.8  0.0297133
12  1.9  0.0230875
10  11.0  2.91689e-08
12  2.0  0.017934
12  3.0  0.00134266
12  2.5  0.00488102
12  3.5  0.000369042
10  11.5  1.91834e-08
10  12.0  1.2735e-08
12  4.0  0.000193172
12  4.5  7.71213e-05
12  5.5  1.49259e-05
12  5.0  3.31689e-05
12  6.0  7.06551e-06
12  7.5  9.88861e-07
12  6.5  3.53091e-06
12  7.0  1.83322e-06
12  8.0  5.46303e-07
12  9.5  1.10024e-07
12  8.5  3.13404e-07
12  9.0  1.82867e-07
12  10.5  4.28054e-08
12  11.0  2.77764e-08
14  0.2  2.9447
12  10.0  6.85668e-08
14  0.3  2.3806
14  0.4  1.86366
12  12.0  1.21859e-08
14  0.5  1.41942
14  0.6  1.05931
14  0.7  0.781012
14  0.8  0.571458
14  1.0  0.304416
14  0.9  0.417628
14  1.1  0.223057
14  1.2  0.163497
14  1.3  0.120466
14  1.4  0.0893491
14  1.5  0.0664643
14  1.6  0.0501029
14  1.7  0.0383315
14  1.8  0.0281311
14  1.9  0.0215348
14  2.0  0.0165316
14  3.0  0.00128248
14  2.5  0.00461402
14  3.5  0.000571965
12  11.5  1.81319e-08
14  5.0  3.08467e-05
14  4.0  0.000182863
14  4.5  7.29577e-05
14  6.0  6.67703e-06
14  5.5  1.41216e-05
14  6.5  3.34335e-06
14  7.0  1.73035e-06
14  7.5  9.28675e-07
14  8.0  5.15529e-07
14  9.5  1.03818e-07
14  8.5  2.95713e-07
14  9.0  1.73447e-07
16  0.2  2.83212
16  0.3  2.28525
14  10.0  6.48038e-08
16  0.4  1.78551
16  0.5  1.35773
16  0.6  1.01173
16  0.7  0.745151
14  10.5  4.07425e-08
14  12.0  1.13472e-08
16  0.8  0.544522
16  0.9  0.397612
16  1.1  0.211015
16  1.0  0.28982
16  1.2  0.155316
16  1.3  0.114153
16  1.4  0.0845833
14  11.0  2.62303e-08
16  1.5  0.0632042
16  1.6  0.0467187
16  1.7  0.0361174
16  1.8  0.0264001
16  1.9  0.020191
16  2.0  0.0156218
16  2.5  0.00440593
16  3.5  0.000458356
16  3.0  0.00130753
14  11.5  1.71772e-08
16  4.0  0.000171722
16  5.5  1.3174e-05
16  4.5  6.81016e-05
16  5.0  2.86072e-05
16  6.0  6.24952e-06
16  6.5  3.10463e-06
16  7.0  1.6109e-06
16  8.5  2.72258e-07
16  7.5  8.6457e-07
16  9.5  9.66723e-08
16  8.0  4.79915e-07
16  9.0  1.61328e-07
16  10.0  6.00371e-08
18  0.2  2.69513
18  0.3  2.17246
18  0.4  1.69365
18  0.5  1.28488
18  0.6  0.956565
18  0.7  0.702908
18  0.8  0.512555
16  10.5  3.80334e-08
18  0.9  0.372936
16  12.0  1.05282e-08
18  1.0  0.271797
18  1.1  0.198258
18  1.2  0.144777
18  1.3  0.106565
18  1.4  0.0792098
16  11.0  2.43007e-08
18  1.5  0.058695
18  1.6  0.0437023
18  1.7  0.0338193
18  1.8  0.0246788
18  1.9  0.0188801
18  2.0  0.0144106
18  2.5  0.00390179
18  3.0  0.00113642
18  3.5  0.000438612
16  11.5  1.59898e-08
18  4.0  0.00015781
18  4.5  6.25741e-05
18  5.5  1.20383e-05
18  5.0  2.67016e-05
18  6.0  5.72956e-06
18  6.5  2.8466e-06
18  7.0  1.47618e-06
18  7.5  7.92807e-07
18  8.5  2.50417e-07
18  8.0  4.37889e-07
18  9.0  1.47498e-07
18  9.5  8.91266e-08
18  10.0  5.50649e-08
2  0.2  3.28013
2  0.3  2.65965
2  0.4  2.08901
2  0.5  1.59821
2  0.6  1.19999
2  0.7  0.887718
2  0.8  0.652702
18  10.5  3.47007e-08
2  0.9  0.478066
2  1.0  0.350899
2  1.1  0.257454
2  1.2  0.189919
2  1.3  0.140196
2  1.4  0.104695
18  11.0  2.21886e-08
2  1.5  0.0781172
2  1.6  0.0592291
2  1.7  0.0447683
2  1.8  0.0334199
2  1.9  0.0252817
2  2.0  0.0199242
2  2.5  0.00535479
2  3.0  0.00171013
18  11.5  1.45583e-08
2  3.5  0.000462025
18  12.0  9.73364e-09
2  4.0  0.000221643
2  4.5  8.82075e-05
2  6.0  8.17043e-06
2  5.0  3.78277e-05
2  5.5  1.71327e-05
2  7.5  1.13113e-06
2  8.0  6.22678e-07
2  6.5  4.06393e-06
2  7.0  2.10802e-06
2  8.5  3.58406e-07
2  9.5  1.27926e-07
2  9.0  2.11393e-07
2  10.0  7.89482e-08
2  11.0  3.18908e-08
2  11.5  2.08642e-08
20  0.2  2.53037
20  0.3  2.03726
20  0.4  1.58584
2  12.0  1.3971e-08
20  0.5  1.20008
20  0.6  0.890535
20  0.7  0.652879
20  0.8  0.475792
20  0.9  0.345202
20  1.0  0.250426
2  10.5  4.98314e-08
20  1.1  0.182275
20  1.2  0.133293
20  1.3  0.0976339
20  1.4  0.072271
20  1.5  0.0534418
20  1.6  0.0397812
20  1.7  0.0305795
20  1.8  0.0229466
20  2.0  0.0132649
20  1.9  0.0170495
20  2.5  0.00364686
20  3.0  0.00111175
20  3.5  0.000319927
20  4.0  0.000142021
20  4.5  5.62421e-05
20  5.5  1.08154e-05
20  5.0  2.39479e-05
20  6.0  5.12701e-06
20  7.5  7.04919e-07
20  6.5  2.53971e-06
20  7.0  1.3193e-06
20  8.0  3.88608e-07
20  8.5  2.25244e-07
20  9.0  1.318e-07
20  9.5  7.96157e-08
20  10.0  4.90617e-08
22  0.2  2.33465
22  0.3  1.87544
22  0.4  1.45482
22  0.5  1.09817
22  0.6  0.812846
20  10.5  3.08118e-08
22  0.7  0.593719
22  0.8  0.430462
22  0.9  0.312004
22  1.0  0.226014
22  1.1  0.163952
22  1.2  0.119635
22  1.3  0.0877184
22  1.4  0.0649153
22  1.5  0.0483861
22  1.7  0.0270878
22  1.6  0.035459
20  11.0  1.98032e-08
22  1.8  0.019989
22  1.9  0.0152014
22  2.0  0.0116633
22  2.5  0.00319322
22  3.0  0.000906798
20  11.5  1.29982e-08
22  3.5  0.00025949
20  12.0  8.65527e-09
22  4.0  0.00012356
22  4.5  4.91103e-05
22  5.0  2.09006e-05
22  5.5  9.41286e-06
22  7.5  6.19177e-07
22  6.5  2.20914e-06
22  6.0  4.46318e-06
22  7.0  1.14672e-06
22  9.5  6.8475e-08
22  8.0  3.39033e-07
22  8.5  1.95115e-07
22  9.0  1.14217e-07
22  10.0  4.25958e-08
24  0.2  2.09855
24  0.3  1.68153
24  0.4  1.29997
22  10.5  2.67859e-08
24  0.5  0.977428
24  0.6  0.720016
24  0.7  0.524362
24  0.8  0.378849
24  0.9  0.273454
24  1.0  0.197282
24  1.1  0.142864
24  1.2  0.103956
24  1.3  0.0760659
24  1.5  0.0416486
24  1.4  0.0559007
24  1.6  0.0309861
24  1.7  0.0233763
24  1.8  0.0171009
24  1.9  0.0134238
22  11.0  1.71336e-08
24  2.0  0.0100855
24  3.0  0.000900704
24  2.5  0.0026677
24  3.5  0.000435593
22  11.5  1.12365e-08
22  12.0  7.47333e-09
24  5.5  7.72371e-06
24  4.0  0.000103621
24  4.5  4.11675e-05
24  5.0  1.75119e-05
24  6.5  1.84723e-06
24  6.0  3.73559e-06
24  7.0  9.60799e-07
24  8.0  2.81813e-07
24  7.5  5.12037e-07
24  8.5  1.62123e-07
24  9.0  9.48767e-08
24  9.5  5.73094e-08
24  10.0  3.5178e-08
26  0.2  1.81616
26  0.3  1.44874
26  0.4  1.11549
26  0.5  0.834276
26  0.6  0.611552
24  10.5  2.21586e-08
26  0.7  0.442855
26  0.8  0.318473
26  0.9  0.228936
26  1.0  0.164615
26  1.1  0.118412
26  1.2  0.0858461
26  1.3  0.0627377
26  1.4  0.0457237
26  1.5  0.0340302
26  1.6  0.0255844
26  1.7  0.019105
24  11.0  1.41894e-08
26  1.8  0.0143082
26  1.9  0.0109158
26  2.0  0.00824602
26  2.5  0.00217347
26  3.0  0.000702292
26  3.5  0.000177336
24  11.5  9.3263e-09
24  12.0  6.17626e-09
26  4.0  8.21245e-05
26  4.5  3.25937e-05
26  5.0  1.37991e-05
26  6.5  1.44658e-06
26  5.5  6.2019e-06
26  6.0  2.92443e-06
26  8.0  2.20155e-07
26  7.0  7.45933e-07
26  8.5  1.26169e-07
26  7.5  3.99278e-07
26  9.0  7.4028e-08
26  9.5  4.4457e-08
26  10.0  2.74086e-08
28  0.2  1.48323
28  0.3  1.17852
26  10.5  1.71943e-08
28  0.4  0.900586
28  0.5  0.669155
28  0.6  0.487205
28  0.7  0.350477
28  0.8  0.250488
28  0.9  0.178733
28  1.0  0.127854
28  1.1  0.0915828
28  1.2  0.0659375
26  12.0  4.81003e-09
26  11.0  1.1044e-08
28  1.3  0.0478271
28  1.5  0.0260675
28  1.4  0.0349868
28  1.6  0.0189493
28  1.7  0.014596
28  1.8  0.0109357
28  1.9  0.00819106
28  2.0  0.00616975
28  3.0  0.000560184
28  2.5  0.00160457
26  11.5  7.24115e-09
28  3.5  0.000161612
28  4.0  5.94647e-05
28  6.0  2.10547e-06
28  4.5  2.35459e-05
28  5.0  9.95532e-06
28  5.5  4.45368e-06
28  6.5  1.03737e-06
28  7.0  5.35652e-07
28  7.5  2.85819e-07
28  8.0  1.57106e-07
28  8.5  8.99022e-08
28  9.0  5.27276e-08
28  9.5  3.1556e-08
28  10.0  1.94752e-08
30  0.2  1.11192
30  0.3  0.876209
30  0.4  0.664578
28  10.5  1.21816e-08
30  0.5  0.48904
30  0.6  0.352903
30  0.7  0.251425
30  0.8  0.178325
30  0.9  0.126425
30  1.0  0.0897129
30  1.1  0.0637346
30  1.2  0.0458123
30  1.3  0.0329786
28  11.0  7.83021e-09
30  1.4  0.024022
30  1.5  0.0177207
30  1.6  0.0128441
30  1.7  0.00968503
30  1.9  0.00548778
30  2.0  0.00416893
30  1.8  0.00709973
30  2.5  0.00111159
30  3.5  9.0772e-05
30  3.0  0.000284562
28  11.5  5.12165e-09
28  12.0  3.41591e-09
30  4.0  3.84137e-05
30  4.5  1.50614e-05
30  5.0  6.34399e-06
30  6.0  1.32961e-06
30  5.5  2.8213e-06
30  7.0  3.3706e-07
30  6.5  6.52652e-07
30  7.5  1.78676e-07
30  8.0  9.88176e-08
30  8.5  5.60637e-08
30  9.0  3.26887e-08
30  10.5  7.46447e-09
30  9.5  1.96823e-08
30  11.0  4.8433e-09
32  0.2  0.74181
32  0.3  0.578729
30  11.5  3.15976e-09
30  10.0  1.20708e-08
32  0.4  0.434284
32  0.5  0.315806
32  0.6  0.225001
30  12.0  2.08295e-09
32  0.7  0.158803
32  0.8  0.111455
32  1.0  0.0548591
32  0.9  0.0781354
32  1.1  0.0387721
32  1.2  0.0276059
32  1.3  0.0197611
32  1.4  0.0142339
32  1.5  0.0104884
32  1.6  0.00764654
32  1.7  0.00570591
32  1.9  0.00310954
32  1.8  0.00411711
32  2.0  0.0023204
32  2.5  0.000621836
32  3.0  0.000209547
32  3.5  8.47771e-05
32  4.0  2.08198e-05
32  5.0  3.38013e-06
32  5.5  1.49495e-06
32  4.5  8.17548e-06
32  6.5  3.47628e-07
32  6.0  7.06891e-07
32  7.0  1.77543e-07
32  7.5  9.42152e-08
32  8.0  5.17895e-08
32  9.5  1.01209e-08
32  8.5  2.93149e-08
32  9.0  1.70856e-08
32  10.5  3.88786e-09
32  10.0  6.2687e-09
34  0.2  0.432064
34  0.3  0.333914
34  0.4  0.247058
34  0.5  0.177186
34  0.6  0.124579
34  0.7  0.0866147
32  11.0  2.50092e-09
34  0.8  0.0599169
34  0.9  0.0416275
34  1.0  0.0288685
34  1.1  0.0202149
34  1.2  0.0142325
34  1.3  0.0101368
34  1.5  0.00529204
34  1.4  0.00723557
34  1.6  0.00388415
34  1.7  0.00284601
34  1.8  0.00203889
34  1.9  0.00154254
34  2.0  0.00115154
34  2.5  0.000294647
34  3.0  6.0292e-05
32  11.5  1.63003e-09
34  3.5  2.89453e-05
32  12.0  1.08035e-09
34  5.0  1.51401e-06
34  4.0  9.60913e-06
34  4.5  3.7083e-06
34  6.0  3.09378e-07
34  5.5  6.71582e-07
34  7.0  7.7193e-08
34  6.5  1.5267e-07
34  7.5  4.09259e-08
34  8.0  2.23142e-08
34  8.5  1.26534e-08
34  9.0  7.3129e-09
34  9.5  4.37061e-09
34  11.0  1.05672e-09
34  10.0  2.66649e-09
4  0.2  3.26007
34  11.5  6.89481e-10
4  0.3  2.64331
4  0.4  2.07392
4  0.5  1.5867
4  0.6  1.1899
34  10.5  1.66676e-09
4  0.7  0.881669
4  0.8  0.648243
4  0.9  0.474383
4  1.0  0.34798
4  1.1  0.255234
4  1.2  0.188462
4  1.3  0.13913
4  1.4  0.103656
4  1.5  0.0772941
4  1.6  0.0583292
4  1.7  0.0440149
4  1.8  0.0328713
4  1.9  0.0251797
4  2.0  0.0193442
4  2.5  0.00553016
4  3.0  0.00167249
4  3.5  0.000419149
34  12.0  4.54785e-10
4  4.0  0.000219312
4  4.5  8.72673e-05
4  6.0  8.07803e-06
4  5.0  3.74199e-05
4  5.5  1.69461e-05
4  6.5  4.01865e-06
4  8.0  6.16019e-07
4  7.0  2.08522e-06
4  8.5  3.54189e-07
4  7.5  1.11957e-06
4  9.5  1.26509e-07
4  9.0  2.03076e-07
4  11.0  3.1523e-08
4  10.0  7.80555e-08
6  0.2  3.22701
4  11.5  2.0618e-08
6  0.3  2.61545
6  0.4  2.05324
6  0.5  1.56873
6  0.6  1.17593
6  0.7  0.870306
6  0.8  0.63996
6  0.9  0.468701
4  10.5  4.92653e-08
6  1.0  0.34366
6  1.1  0.251774
6  1.2  0.185857
6  1.3  0.137099
6  1.4  0.101979
6  1.5  0.0760389
6  1.6  0.0574195
6  1.7  0.042837
6  1.8  0.032911
6  2.0  0.0197413
6  1.9  0.0245785
6  2.5  0.00527217
6  3.0  0.00173671
6  3.5  0.000616303
4  12.0  1.38552e-08
6  4.0  0.000215382
6  4.5  8.56897e-05
6  5.0  3.68863e-05
6  6.0  7.93274e-06
6  5.5  1.66322e-05
6  6.5  3.93782e-06
6  7.0  2.04213e-06
6  8.5  3.47353e-07
6  7.5  1.09493e-06
6  8.0  6.0705e-07
6  9.5  1.24135e-07
6  9.0  2.05128e-07
6  11.0  3.09352e-08
6  10.0  7.64923e-08
8  0.2  3.18113
8  0.3  2.57623
8  0.4  2.02203
8  0.5  1.54425
8  0.6  1.15661
6  11.5  2.04914e-08
8  0.7  0.855772
8  0.8  0.628689
8  0.9  0.459472
6  10.5  4.82603e-08
8  1.1  0.246419
8  1.0  0.336431
8  1.2  0.181871
8  1.3  0.134011
8  1.4  0.100234
8  1.5  0.0743256
8  1.6  0.055711
8  1.7  0.0417633
8  1.8  0.0325948
8  2.0  0.0187404
8  1.9  0.0242999
8  2.5  0.00525393
8  3.0  0.00137739
8  3.5  0.000380623
6  12.0  1.35927e-08
8  4.0  0.00020985
8  5.5  1.61691e-05
8  4.5  8.34642e-05
8  5.0  3.5724e-05
8  6.0  7.66465e-06
8  6.5  3.82781e-06
8  8.0  5.87776e-07
8  8.5  3.3797e-07
8  7.0  1.991e-06
8  7.5  1.06876e-06
8  9.5  1.2066e-07
8  9.0  1.99649e-07
8  11.0  3.00555e-08
8  10.0  7.45057e-08
8  11.5  1.97516e-08
8  10.5  4.70393e-08
8  12.0  1.3173e-08
