# exclusive D0 cross section, Pb target, LHAPDF fragmentation, An0n channel
# generated      : 2026-08-19 15:24:10 EEST
# calls          : 1e5 below 4.0 GeV, 2e3 above (see EXCL_PT_THRESHOLD) (VEGAS calls per point, see CALLS_EXCL/CALLS_EXCL_FACTORIZED/CALLS_DIFF)
# dipole samples : data/Pb/bk_posterior/member_0033/glauber_mve_<b>
# pD0 sweep      : 0.2 0.3 0.4 0.5 0.6 0.7 0.8 0.9 1.0 1.1 1.2 1.3 1.4 1.5 1.6 1.7 1.8 1.9 2.0 2.5 3.0 3.5 4.0 4.5 5.0 5.5 6.0 6.5 7.0 7.5 8.0 8.5 9.0 9.5 10.0 10.5 11.0 11.5 12.0
# fixed rapidity y : 2.0
# ============================================================
# b  pD0  dsigma_dyd2pD0
0  0.3  1.42331
0  0.4  1.10742
0  0.5  0.837432
0  0.2  1.76904
0  0.6  0.620533
0  0.7  0.453414
0  0.8  0.328661
0  0.9  0.237123
0  1.1  0.123336
0  1.0  0.171003
0  1.2  0.0896292
0  1.3  0.0653113
0  1.4  0.0473061
0  1.5  0.0347578
0  1.7  0.0189757
0  1.6  0.0256303
0  1.8  0.0143697
0  2.5  0.00212033
0  2.0  0.00793811
0  1.9  0.0105265
0  3.0  0.000596153
0  3.5  0.00018405
0  4.0  6.15134e-05
0  5.0  8.59927e-06
0  4.5  2.22573e-05
0  5.5  3.51634e-06
0  6.0  1.51182e-06
0  7.0  3.16803e-07
0  6.5  6.76904e-07
0  7.5  1.52706e-07
0  8.0  7.60426e-08
0  8.5  3.90454e-08
0  9.5  1.10975e-08
0  9.0  2.05628e-08
0  10.0  6.12211e-09
0  11.5  1.1472e-09
10  0.2  1.69241
10  0.3  1.36013
0  10.5  3.43314e-09
10  0.4  1.05658
10  0.5  0.797698
10  0.6  0.589612
10  0.7  0.430126
10  0.8  0.310921
10  0.9  0.224001
10  1.0  0.16134
10  1.1  0.116238
10  1.2  0.0840498
10  1.3  0.061099
0  11.0  1.96447e-09
10  1.4  0.0444284
10  1.6  0.0241713
10  1.5  0.0325573
10  1.7  0.0177457
10  1.9  0.0100022
10  1.8  0.0132094
10  2.0  0.00741644
10  2.5  0.00191052
10  3.0  0.000520068
10  3.5  0.00016568
0  12.0  6.76605e-10
10  4.5  2.04928e-05
10  5.0  7.91906e-06
10  4.0  5.65004e-05
10  6.0  1.38827e-06
10  5.5  3.22704e-06
10  7.0  2.89708e-07
10  6.5  6.20011e-07
10  7.5  1.39631e-07
10  8.0  6.95057e-08
10  8.5  3.57126e-08
10  9.0  1.87777e-08
10  9.5  1.01155e-08
10  11.0  1.79531e-09
10  11.5  1.04445e-09
12  0.2  1.6565
12  0.3  1.33156
10  10.0  5.5737e-09
12  0.4  1.03319
12  0.5  0.778786
12  0.6  0.575355
10  10.5  3.12966e-09
12  0.7  0.419288
12  0.8  0.303395
12  0.9  0.218073
12  1.0  0.156838
12  1.1  0.113117
12  1.2  0.0821994
12  1.3  0.0590667
12  1.4  0.0430183
12  1.5  0.0316044
12  1.6  0.0231873
12  1.7  0.0171963
12  1.8  0.0129893
12  2.0  0.00726022
12  1.9  0.00950821
12  3.0  0.000500319
12  2.5  0.00180564
12  3.5  0.000157336
10  12.0  6.16273e-10
12  4.0  5.43412e-05
12  4.5  1.96941e-05
12  5.0  7.6067e-06
12  5.5  3.09765e-06
12  6.0  1.3273e-06
12  7.0  2.77808e-07
12  6.5  5.94593e-07
12  7.5  1.33805e-07
12  8.0  6.66678e-08
12  8.5  3.41905e-08
12  9.0  1.79798e-08
12  9.5  9.6799e-09
12  10.0  5.32924e-09
14  0.2  1.61267
14  0.3  1.29464
14  0.4  1.00401
14  0.5  0.756373
14  0.6  0.558163
14  0.7  0.40601
14  0.8  0.293231
12  10.5  2.99423e-09
14  0.9  0.210865
14  1.0  0.151453
14  1.1  0.109168
14  1.2  0.0786588
14  1.3  0.056992
12  11.0  1.71279e-09
14  1.4  0.0413589
14  1.5  0.0306658
14  1.6  0.0223909
14  1.8  0.0124547
14  1.7  0.0164815
14  1.9  0.00912866
14  2.0  0.0068792
14  2.5  0.00172119
14  3.0  0.000492024
14  3.5  0.000149597
12  11.5  9.97631e-10
12  12.0  5.89441e-10
14  4.0  5.14786e-05
14  4.5  1.87295e-05
14  5.0  7.21719e-06
14  5.5  2.94265e-06
14  6.5  5.6638e-07
14  6.0  1.26125e-06
14  7.0  2.63543e-07
14  7.5  1.26881e-07
14  8.0  6.31772e-08
14  9.5  9.25928e-09
14  8.5  3.24036e-08
14  9.0  1.70322e-08
14  11.0  1.62641e-09
16  0.2  1.55985
14  10.0  5.04433e-09
16  0.3  1.25163
16  0.4  0.968976
16  0.5  0.728923
14  10.5  2.83407e-09
16  0.6  0.537071
16  0.7  0.390522
16  0.8  0.281492
16  0.9  0.202074
16  1.0  0.145105
16  1.1  0.104182
16  1.2  0.0751758
16  1.3  0.0543409
16  1.4  0.0394986
16  1.5  0.0288626
16  1.6  0.0212138
16  1.7  0.0157472
16  1.8  0.0116567
14  11.5  9.48017e-10
16  1.9  0.00873955
16  2.0  0.00649598
16  2.5  0.00164425
16  3.0  0.000470891
16  3.5  0.00013322
14  12.0  5.57344e-10
16  4.0  4.85862e-05
16  4.5  1.75971e-05
16  5.0  6.79141e-06
16  6.0  1.18557e-06
16  5.5  2.76138e-06
16  7.0  2.46876e-07
16  6.5  5.28712e-07
16  7.5  1.18759e-07
16  8.0  5.9111e-08
16  9.5  8.65652e-09
16  8.5  3.03239e-08
16  9.0  1.59179e-08
16  11.0  1.52127e-09
16  11.5  8.83043e-10
16  10.0  4.71165e-09
18  0.2  1.49567
18  0.3  1.19838
18  0.4  0.926622
18  0.5  0.696229
16  10.5  2.64598e-09
18  0.6  0.512196
18  0.7  0.371617
18  0.8  0.26743
18  0.9  0.191488
18  1.0  0.137569
18  1.1  0.0984314
18  1.2  0.0709399
18  1.3  0.0513624
18  1.5  0.0272098
18  1.4  0.0373153
18  1.7  0.0146884
18  1.6  0.0199299
18  2.0  0.00617181
18  1.8  0.0108736
18  1.9  0.00814465
18  3.0  0.000431927
18  2.5  0.00154051
18  3.5  0.000142914
16  12.0  5.21945e-10
18  4.5  1.62886e-05
18  5.0  6.28095e-06
18  4.0  4.51129e-05
18  5.5  2.55125e-06
18  6.0  1.08962e-06
18  7.0  2.27563e-07
18  6.5  4.87753e-07
18  7.5  1.09523e-07
18  9.5  7.95067e-09
18  8.0  5.45716e-08
18  8.5  2.79066e-08
18  9.0  1.46396e-08
18  10.0  4.34263e-09
2  0.2  1.76564
2  0.3  1.42121
2  0.4  1.10559
2  0.5  0.835869
2  0.6  0.61936
18  10.5  2.42991e-09
2  0.7  0.452523
2  0.8  0.327781
2  0.9  0.236636
2  1.0  0.170182
2  1.1  0.12306
2  1.2  0.0891849
2  1.3  0.0646306
2  1.4  0.0471892
2  1.5  0.0346318
18  11.0  1.3889e-09
2  1.7  0.0189178
2  1.6  0.0255694
2  1.8  0.0143322
2  1.9  0.0105298
2  2.0  0.00790769
2  2.5  0.00211442
2  3.0  0.000550782
2  3.5  0.000180755
18  11.5  8.07635e-10
18  12.0  4.77595e-10
2  4.0  6.12363e-05
2  5.0  8.57157e-06
2  4.5  2.21833e-05
2  5.5  3.50486e-06
2  6.0  1.50589e-06
2  7.0  3.15509e-07
2  6.5  6.74651e-07
2  8.0  7.60808e-08
2  7.5  1.52181e-07
2  8.5  3.89114e-08
2  9.0  2.03754e-08
2  9.5  1.10392e-08
2  10.0  6.10073e-09
2  10.5  3.42744e-09
20  0.2  1.4192
2  11.5  1.14228e-09
20  0.3  1.13648
20  0.4  0.876228
20  0.5  0.656839
20  0.6  0.482426
20  0.7  0.34904
20  0.8  0.250726
20  0.9  0.179188
20  1.0  0.12827
20  1.1  0.0919484
20  1.2  0.0660499
20  1.4  0.0346986
20  1.3  0.0476278
20  1.5  0.0251819
2  11.0  1.95113e-09
20  1.6  0.0184662
20  1.7  0.0136258
20  1.8  0.0101273
20  1.9  0.00758471
20  2.0  0.0056279
20  2.5  0.00142973
20  3.0  0.000405639
20  3.5  0.000120399
2  12.0  6.74242e-10
20  4.5  1.48006e-05
20  5.0  5.69623e-06
20  4.0  4.10409e-05
20  5.5  2.31259e-06
20  6.0  9.89528e-07
20  7.0  2.05616e-07
20  6.5  4.41509e-07
20  7.5  9.84723e-08
20  9.5  7.14615e-09
20  8.0  4.91033e-08
20  8.5  2.51466e-08
20  9.0  1.31805e-08
20  10.0  3.90658e-09
22  0.2  1.32654
22  0.3  1.0591
22  0.4  0.815952
22  0.5  0.609527
22  0.6  0.446429
22  0.7  0.322276
22  0.8  0.230922
20  10.5  2.18417e-09
22  0.9  0.16449
22  1.0  0.117663
22  1.2  0.0604497
22  1.1  0.0840115
22  1.4  0.0313937
22  1.3  0.0433319
22  1.5  0.0229411
22  1.6  0.0168041
22  1.7  0.0122625
20  11.0  1.24833e-09
22  1.8  0.00909021
22  1.9  0.00673748
22  2.0  0.00504068
22  2.5  0.00127504
22  3.0  0.000370912
22  3.5  0.000118538
20  11.5  7.25373e-10
22  4.0  3.65732e-05
20  12.0  4.28641e-10
22  4.5  1.30847e-05
22  5.0  5.01956e-06
22  5.5  2.0419e-06
22  6.0  8.71641e-07
22  7.5  8.75072e-08
22  6.5  3.88853e-07
22  7.0  1.80664e-07
22  8.0  4.30426e-08
22  8.5  2.20269e-08
22  9.0  1.15395e-08
22  10.0  3.41342e-09
22  9.5  6.19915e-09
22  11.0  1.08591e-09
24  0.2  1.21375
24  0.3  0.966711
24  0.4  0.742278
24  0.5  0.552778
24  0.6  0.403166
24  0.7  0.290121
24  0.8  0.206986
22  10.5  1.9084e-09
24  0.9  0.147197
24  1.0  0.104894
24  1.1  0.0746659
24  1.2  0.0534731
24  1.3  0.0383566
24  1.4  0.027703
24  1.5  0.0201092
24  1.6  0.0149323
24  1.7  0.0108694
24  1.8  0.00791812
24  2.0  0.00446189
24  1.9  0.00589798
24  2.5  0.00110646
24  3.5  9.13323e-05
24  3.0  0.000302067
22  11.5  6.32684e-10
24  4.0  3.13181e-05
22  12.0  3.73871e-10
24  5.5  1.73131e-06
24  5.0  4.27112e-06
24  6.0  7.41701e-07
24  4.5  1.11583e-05
24  6.5  3.28475e-07
24  7.0  1.52123e-07
24  7.5  7.31265e-08
24  8.0  3.62455e-08
24  8.5  1.85039e-08
24  10.0  2.86649e-09
24  9.0  9.70028e-09
24  9.5  5.20761e-09
26  0.2  1.07525
26  0.3  0.854121
26  0.4  0.652662
26  0.5  0.484162
26  0.6  0.351696
26  0.8  0.178818
26  0.7  0.251658
24  10.5  1.60175e-09
26  0.9  0.126744
26  1.0  0.0896398
26  1.1  0.0637976
26  1.2  0.0454115
26  1.3  0.0324839
26  1.4  0.0234121
26  1.5  0.0169609
26  1.6  0.0123928
26  1.8  0.00676823
26  1.7  0.00907185
24  11.0  9.13351e-10
26  1.9  0.00494925
26  2.0  0.0037559
26  2.5  0.000905466
26  3.5  9.24117e-05
26  3.0  0.000251854
24  11.5  5.30414e-10
24  12.0  3.12897e-10
26  5.5  1.39313e-06
26  5.0  3.44541e-06
26  4.0  2.52664e-05
26  4.5  9.03159e-06
26  6.0  5.98253e-07
26  6.5  2.63104e-07
26  7.0  1.21415e-07
26  7.5  5.82658e-08
26  9.5  4.15161e-09
26  8.0  2.88732e-08
26  8.5  1.47259e-08
26  10.5  1.27463e-09
26  10.0  2.27066e-09
26  9.0  7.69531e-09
28  0.2  0.907733
28  0.3  0.717342
28  0.4  0.5456
28  0.5  0.402512
28  0.6  0.290344
28  0.7  0.206428
28  0.8  0.146057
28  0.9  0.102861
28  1.0  0.0723489
28  1.1  0.051139
28  1.2  0.0362844
28  1.3  0.0258512
28  1.4  0.0186025
28  1.5  0.0134212
28  1.6  0.00973993
28  1.7  0.00710363
28  1.8  0.00519643
28  1.9  0.00386417
28  2.5  0.000663872
26  11.0  7.21357e-10
28  2.0  0.00287255
28  3.0  0.000194601
28  3.5  6.63812e-05
26  11.5  4.18706e-10
26  12.0  2.4649e-10
28  4.5  6.75363e-06
28  5.0  2.56548e-06
28  4.0  1.89405e-05
28  6.0  4.36829e-07
28  5.5  1.03096e-06
28  7.0  8.94563e-08
28  6.5  1.93636e-07
28  7.5  4.26949e-08
28  9.5  3.01821e-09
28  8.0  2.11081e-08
28  8.5  1.07374e-08
28  9.0  5.6017e-09
28  10.0  1.64476e-09
30  0.2  0.713932
30  0.3  0.56035
30  0.4  0.423164
28  10.5  9.16172e-10
30  0.6  0.221342
30  0.5  0.309418
30  0.7  0.156308
30  0.8  0.109468
30  1.0  0.0534984
30  0.9  0.0766148
30  1.1  0.0376897
30  1.3  0.0188156
30  1.2  0.0265842
30  1.4  0.0134059
30  1.5  0.00976968
30  1.6  0.00696523
30  1.7  0.00507126
28  11.0  5.21197e-10
30  1.8  0.00374097
30  1.9  0.00271393
30  2.0  0.00203686
30  2.5  0.000485813
30  3.5  4.50434e-05
30  3.0  0.000124115
28  11.5  3.01944e-10
28  12.0  1.77768e-10
30  5.0  1.70089e-06
30  4.0  1.27302e-05
30  4.5  4.48901e-06
30  5.5  6.80235e-07
30  6.0  2.87027e-07
30  7.0  5.82742e-08
30  6.5  1.26641e-07
30  7.5  2.76962e-08
30  8.0  1.36525e-08
30  8.5  6.91709e-09
30  9.5  1.92812e-09
30  9.0  3.60732e-09
30  10.0  1.05289e-09
32  0.2  0.50961
32  0.3  0.396811
30  12.0  1.13602e-10
32  0.4  0.296522
30  10.5  5.8617e-10
32  0.5  0.214494
32  0.6  0.151635
32  0.7  0.106035
32  0.8  0.0735426
32  0.9  0.0509242
32  1.0  0.0353187
32  1.1  0.0245935
32  1.2  0.0171875
32  1.3  0.0120875
32  1.4  0.00855875
32  1.5  0.00616909
32  1.6  0.00438316
32  1.8  0.00235162
32  1.7  0.0031743
32  1.9  0.00168119
32  2.0  0.00125827
32  2.5  0.00028314
30  11.0  3.32589e-10
32  3.0  8.15768e-05
32  3.5  2.3366e-05
30  11.5  1.92062e-10
32  4.0  7.41269e-06
32  4.5  2.58684e-06
32  5.0  9.6927e-07
32  5.5  3.85326e-07
32  6.5  7.08174e-08
32  6.0  1.61121e-07
32  7.5  1.54e-08
32  7.0  3.2424e-08
32  8.0  7.52733e-09
32  8.5  3.79596e-09
32  9.0  1.97152e-09
32  9.5  1.05122e-09
32  10.0  5.71566e-10
34  0.2  0.325939
34  0.3  0.251381
34  0.4  0.185421
34  0.5  0.132382
32  10.5  3.16941e-10
34  0.6  0.0923906
34  0.7  0.0637156
34  0.8  0.0436962
34  0.9  0.0298526
34  1.0  0.0204462
34  1.1  0.0141083
34  1.2  0.00977439
34  1.3  0.00681271
32  11.0  1.79475e-10
34  1.4  0.00478946
34  1.5  0.0033787
34  1.6  0.00240856
34  1.7  0.0017217
34  1.8  0.0012551
34  2.5  0.000144799
34  1.9  0.000908404
34  2.0  0.000667233
32  11.5  1.03479e-10
34  3.0  4.02225e-05
34  3.5  1.16266e-05
32  12.0  6.05632e-11
34  4.0  3.67191e-06
34  5.0  4.69696e-07
34  4.5  1.26342e-06
34  6.0  7.66921e-08
34  5.5  1.84473e-07
34  6.5  3.33812e-08
34  7.5  7.14637e-09
34  7.0  1.51238e-08
34  9.0  9.05859e-10
34  8.0  3.47216e-09
34  8.5  1.74307e-09
34  9.5  4.7772e-10
34  10.0  2.58568e-10
4  0.2  1.75674
4  0.3  1.4138
4  0.4  1.09928
4  0.5  0.831069
4  0.6  0.615753
34  10.5  1.42748e-10
4  0.7  0.449785
4  0.9  0.234925
4  0.8  0.325727
4  1.0  0.169327
4  1.1  0.122232
34  11.0  8.04908e-11
4  1.2  0.088597
4  1.4  0.0468391
4  1.3  0.0642419
4  1.5  0.0343655
4  1.8  0.0142194
4  1.6  0.0253736
4  1.7  0.0187357
4  1.9  0.01061
4  2.0  0.00803832
4  2.5  0.00209226
4  3.0  0.000590692
4  3.5  0.000176483
34  11.5  4.57813e-11
34  12.0  2.69532e-11
4  4.0  6.06707e-05
4  4.5  2.1979e-05
4  5.0  8.48851e-06
4  6.0  1.49338e-06
4  5.5  3.47044e-06
4  7.0  3.12321e-07
4  6.5  6.67877e-07
4  8.0  7.53006e-08
4  7.5  1.50619e-07
4  8.5  3.85194e-08
4  9.0  2.02794e-08
4  9.5  1.09238e-08
4  11.5  1.12658e-09
4  10.5  3.39174e-09
6  0.2  1.74149
4  10.0  5.99658e-09
6  0.3  1.40117
6  0.4  1.08926
6  0.5  0.823551
6  0.6  0.609533
6  0.7  0.44515
6  0.8  0.322235
6  0.9  0.232542
6  1.0  0.167497
6  1.1  0.120831
6  1.2  0.0874239
6  1.3  0.0634408
6  1.4  0.0462457
6  1.5  0.033945
6  1.6  0.0250289
6  1.7  0.0184885
4  11.0  1.93656e-09
6  1.9  0.0104139
6  1.8  0.013732
6  2.0  0.0078731
6  2.5  0.00206467
6  3.0  0.000570917
6  3.5  0.000173813
4  12.0  6.66926e-10
6  4.5  2.16194e-05
6  5.0  8.353e-06
6  4.0  5.94108e-05
6  5.5  3.41289e-06
6  6.0  1.46423e-06
6  7.0  3.06967e-07
6  6.5  6.56545e-07
6  8.0  7.39951e-08
6  7.5  1.48022e-07
6  8.5  3.78639e-08
6  9.0  1.9924e-08
6  9.5  1.07306e-08
6  10.5  3.33168e-09
8  0.2  1.72076
6  10.0  5.90917e-09
6  11.5  1.10428e-09
8  0.3  1.3836
8  0.4  1.0749
8  0.5  0.812754
8  0.6  0.601046
8  0.7  0.438575
8  0.8  0.317547
8  0.9  0.228737
8  1.0  0.164908
8  1.1  0.118853
8  1.3  0.0626212
8  1.2  0.0859435
8  1.5  0.0335408
8  1.4  0.0454753
6  11.0  1.89185e-09
8  1.6  0.0245535
8  1.7  0.018199
8  1.9  0.0100657
8  1.8  0.013476
8  2.5  0.00199845
8  2.0  0.00768166
8  3.0  0.000540177
8  3.5  0.000175707
6  12.0  6.54901e-10
8  4.0  5.81793e-05
8  4.5  2.113e-05
8  5.0  8.16422e-06
8  5.5  3.33811e-06
8  6.0  1.43306e-06
8  7.0  2.99431e-07
8  6.5  6.40601e-07
8  7.5  1.44392e-07
8  8.0  7.18443e-08
8  8.5  3.69269e-08
8  9.0  1.94242e-08
8  9.5  1.04614e-08
8  10.0  5.76056e-09
8  11.5  1.07945e-09
8  11.0  1.8675e-09
8  10.5  3.23859e-09
8  12.0  6.38105e-10
