# exclusive D0 cross section, Pb target, LHAPDF fragmentation, An0n channel
# generated      : 2026-08-19 15:24:10 EEST
# calls          : 1e5 below 4.0 GeV, 2e3 above (see EXCL_PT_THRESHOLD) (VEGAS calls per point, see CALLS_EXCL/CALLS_EXCL_FACTORIZED/CALLS_DIFF)
# dipole samples : data/Pb/bk_posterior/member_0033/glauber_mve_<b>
# pD0 sweep      : 0.2 0.3 0.4 0.5 0.6 0.7 0.8 0.9 1.0 1.1 1.2 1.3 1.4 1.5 1.6 1.7 1.8 1.9 2.0 2.5 3.0 3.5 4.0 4.5 5.0 5.5 6.0 6.5 7.0 7.5 8.0 8.5 9.0 9.5 10.0 10.5 11.0 11.5 12.0
# fixed rapidity y : 3.0
# ============================================================
# b  pD0  dsigma_dyd2pD0
0  0.2  0.552882
0  0.3  0.439259
0  0.4  0.335854
0  0.5  0.248757
0  0.8  0.0907601
0  0.6  0.180171
0  0.7  0.128532
0  0.9  0.0638057
0  1.1  0.0314238
0  1.0  0.0447387
0  1.2  0.0221167
0  1.3  0.015534
0  1.4  0.0109958
0  1.5  0.00786403
0  1.7  0.00397498
0  1.6  0.00556052
0  1.9  0.00209594
0  1.8  0.00286293
0  3.0  7.49652e-05
0  2.0  0.00149916
0  2.5  0.000326003
0  3.5  1.83097e-05
0  4.5  1.69468e-06
0  4.0  5.61001e-06
0  5.0  5.41762e-07
0  5.5  1.83524e-07
0  6.5  2.44499e-08
0  6.0  6.53335e-08
0  8.5  6.7032e-10
0  7.0  9.38215e-09
0  7.5  3.7639e-09
0  8.0  1.55627e-09
0  9.0  2.89567e-10
0  9.5  1.285e-10
0  10.0  5.94631e-11
10  0.2  0.530921
10  0.3  0.421224
10  0.4  0.32154
10  0.5  0.237748
0  10.5  2.78342e-11
10  0.6  0.171887
10  0.7  0.122324
10  0.8  0.0863517
10  0.9  0.0605751
0  11.5  6.41228e-12
10  1.0  0.0424445
10  1.1  0.0296844
10  1.2  0.0208146
10  1.3  0.0146497
10  1.4  0.0103587
10  1.5  0.00741314
0  11.0  1.31784e-11
10  1.6  0.00524864
10  1.8  0.00270922
10  1.7  0.0037263
10  1.9  0.00193313
10  2.5  0.000303746
10  2.0  0.00141004
10  3.0  6.79477e-05
10  3.5  1.72612e-05
0  12.0  3.14443e-12
10  4.0  5.20766e-06
10  4.5  1.55754e-06
10  5.0  4.99036e-07
10  5.5  1.68849e-07
10  6.5  2.23604e-08
10  6.0  6.0402e-08
10  7.0  8.61804e-09
10  7.5  3.44722e-09
10  8.0  1.42535e-09
10  8.5  6.07095e-10
10  9.0  2.64876e-10
10  9.5  1.1851e-10
12  0.2  0.520696
12  0.3  0.412958
10  10.0  5.40844e-11
12  0.4  0.314924
12  0.5  0.232652
12  0.6  0.168095
12  0.7  0.119629
10  10.5  2.53256e-11
12  0.8  0.0843389
12  0.9  0.0591588
12  1.0  0.0413684
12  1.1  0.0289669
12  1.2  0.0202607
12  1.3  0.0142572
12  1.4  0.0101185
10  11.0  1.20367e-11
12  1.5  0.00710669
12  1.6  0.00505748
12  1.7  0.00366387
12  1.8  0.00261892
12  2.0  0.00136147
12  1.9  0.00188885
12  2.5  0.000292501
12  3.0  6.52246e-05
12  3.5  1.88542e-05
10  11.5  5.80368e-12
10  12.0  2.81109e-12
12  4.5  1.50438e-06
12  4.0  4.98867e-06
12  5.0  4.80048e-07
12  5.5  1.62248e-07
12  6.5  2.14498e-08
12  6.0  5.77305e-08
12  7.0  8.26946e-09
12  7.5  3.30878e-09
12  8.0  1.36684e-09
12  8.5  5.82675e-10
12  9.0  2.53707e-10
12  9.5  1.13634e-10
12  10.5  2.41832e-11
12  10.0  5.17844e-11
14  0.2  0.507932
14  0.3  0.402392
14  0.4  0.306492
14  0.5  0.226385
14  0.6  0.163422
14  0.7  0.116077
14  0.8  0.0818132
14  0.9  0.0573322
14  1.1  0.0280138
14  1.0  0.0400315
14  1.2  0.0195811
14  1.3  0.0137557
14  1.4  0.00976552
14  1.5  0.00685423
14  1.6  0.00491803
14  1.7  0.00348175
12  11.0  1.15342e-11
14  1.9  0.00180731
14  1.8  0.00250775
14  2.0  0.00130823
14  2.5  0.000279364
14  3.0  6.34606e-05
14  3.5  1.85276e-05
12  11.5  5.57799e-12
12  12.0  2.74324e-12
14  4.0  4.78194e-06
14  4.5  1.43381e-06
14  5.0  4.57274e-07
14  5.5  1.54545e-07
14  6.5  2.03999e-08
14  6.0  5.48639e-08
14  7.0  7.86122e-09
14  8.5  5.55879e-10
14  7.5  3.13903e-09
14  8.0  1.29746e-09
14  9.0  2.41368e-10
14  9.5  1.07716e-10
16  0.2  0.492617
14  10.0  4.91721e-11
16  0.3  0.389866
16  0.4  0.296756
16  0.5  0.218806
16  0.6  0.157757
16  0.7  0.11198
16  0.8  0.0787289
14  10.5  2.29664e-11
16  0.9  0.0551717
16  1.0  0.0384397
16  1.1  0.0268303
16  1.2  0.0187796
14  11.0  1.09188e-11
16  1.3  0.0131866
16  1.4  0.00933636
16  1.5  0.00662836
16  1.6  0.00468806
16  1.7  0.00335483
16  1.8  0.00241842
16  1.9  0.00173178
16  2.0  0.00125842
16  3.0  6.15026e-05
16  2.5  0.000265291
16  3.5  1.69747e-05
14  11.5  5.28364e-12
14  12.0  2.59716e-12
16  4.5  1.3508e-06
16  5.5  1.4562e-07
16  4.0  4.48949e-06
16  5.0  4.30432e-07
16  6.5  1.92396e-08
16  7.0  7.39911e-09
16  6.0  5.15189e-08
16  7.5  2.96296e-09
16  8.0  1.22005e-09
16  8.5  5.1737e-10
16  9.0  2.25435e-10
16  9.5  1.00769e-10
18  0.2  0.473955
16  10.0  4.60256e-11
18  0.3  0.374518
18  0.4  0.284979
18  0.5  0.209689
16  10.5  2.14974e-11
18  0.6  0.150944
18  0.7  0.10698
18  0.8  0.0750438
18  0.9  0.0524841
18  1.0  0.0365616
18  1.1  0.0254828
18  1.3  0.012553
18  1.2  0.0178128
16  11.0  1.01537e-11
18  1.4  0.00882837
16  11.5  4.94045e-12
18  1.6  0.0044206
18  1.5  0.00619192
18  1.7  0.00315769
18  1.9  0.00162623
18  2.0  0.00116975
18  1.8  0.00225275
18  3.0  5.5791e-05
18  3.5  1.63252e-05
18  2.5  0.000249501
16  12.0  2.42646e-12
18  4.0  4.19662e-06
18  4.5  1.2543e-06
18  5.0  3.99369e-07
18  5.5  1.34491e-07
18  6.0  4.77067e-08
18  7.5  2.72893e-09
18  6.5  1.76707e-08
18  7.0  6.80799e-09
18  8.0  1.12188e-09
18  8.5  4.77146e-10
18  9.0  2.07766e-10
18  9.5  9.28464e-11
2  0.2  0.552359
18  10.0  4.23856e-11
2  0.3  0.438559
2  0.4  0.335307
2  0.5  0.24833
18  10.5  1.97458e-11
2  0.6  0.179849
2  0.7  0.128302
2  0.8  0.0905969
2  0.9  0.0637311
2  1.0  0.044637
2  1.1  0.0313608
2  1.2  0.0220673
2  1.3  0.0154976
18  11.5  4.54258e-12
2  1.4  0.0109459
2  1.5  0.00784374
2  1.6  0.00557095
2  1.7  0.00396621
18  11.0  9.38794e-12
2  1.8  0.00287156
2  1.9  0.00209094
2  3.0  7.51307e-05
2  2.0  0.00149275
2  2.5  0.000325654
2  3.5  1.8345e-05
2  4.5  1.68976e-06
18  12.0  2.23041e-12
2  4.0  5.59334e-06
2  5.0  5.40193e-07
2  6.5  2.43736e-08
2  5.5  1.82968e-07
2  6.0  6.51213e-08
2  7.0  9.34993e-09
2  8.5  6.68154e-10
2  7.5  3.75077e-09
2  8.0  1.55112e-09
2  9.0  2.88606e-10
2  9.5  1.29141e-10
2  10.0  5.92037e-11
20  0.2  0.451344
20  0.3  0.356231
20  0.4  0.270482
20  0.6  0.142774
20  0.5  0.198858
2  10.5  2.76225e-11
20  0.7  0.100955
20  0.8  0.0706341
20  0.9  0.0493261
20  1.0  0.0343325
20  1.1  0.0238824
20  1.3  0.0116991
20  1.2  0.0166609
20  1.4  0.00823085
20  1.5  0.00581364
20  1.6  0.00411512
2  11.0  1.31331e-11
20  1.7  0.00292164
20  1.8  0.00208375
20  1.9  0.00150044
20  2.0  0.00110005
20  2.5  0.000229213
20  3.0  5.25225e-05
20  3.5  1.48189e-05
2  11.5  6.36916e-12
2  12.0  3.13217e-12
20  5.0  3.67001e-07
20  4.5  1.14397e-06
20  4.0  3.81312e-06
20  5.5  1.22777e-07
20  6.5  1.60315e-08
20  7.5  2.49056e-09
20  6.0  4.32943e-08
20  8.5  4.32708e-10
20  7.0  6.1651e-09
20  8.0  1.01512e-09
20  9.0  1.87587e-10
20  9.5  8.37494e-11
20  10.0  3.81875e-11
22  0.2  0.423924
22  0.3  0.334374
22  0.4  0.253197
22  0.5  0.185611
22  0.6  0.132923
22  0.7  0.0937974
22  0.8  0.0654488
20  10.5  1.78082e-11
22  0.9  0.0455834
22  1.0  0.0316507
22  1.1  0.0219359
22  1.2  0.0152702
22  1.3  0.0107235
22  1.4  0.00749016
22  1.5  0.00531986
20  11.0  8.45015e-12
22  1.6  0.00375274
22  1.7  0.00267753
22  1.8  0.0018918
22  1.9  0.00136154
22  2.0  0.000985022
22  2.5  0.000207748
22  3.0  4.76783e-05
22  3.5  1.22272e-05
20  11.5  4.08156e-12
22  4.5  1.01781e-06
20  12.0  2.0059e-12
22  4.0  3.39891e-06
22  5.5  1.08587e-07
22  5.0  3.22427e-07
22  6.5  1.41691e-08
22  7.5  2.19063e-09
22  6.0  3.82484e-08
22  7.0  5.44146e-09
22  8.0  9.03483e-10
22  8.5  3.8251e-10
22  9.0  1.65816e-10
22  9.5  7.34943e-11
22  10.0  3.34856e-11
24  0.2  0.390441
22  11.5  3.55562e-12
24  0.3  0.307015
24  0.4  0.231805
24  0.5  0.16952
24  0.6  0.120977
22  11.0  7.43509e-12
24  0.7  0.0850728
24  0.8  0.0593084
24  0.9  0.0410683
22  10.5  1.55825e-11
24  1.0  0.0284599
24  1.1  0.0196994
24  1.3  0.00956493
24  1.2  0.0136836
24  1.4  0.00666493
24  1.5  0.00467386
24  1.6  0.00332942
24  1.7  0.00236614
24  1.8  0.00169928
24  1.9  0.00120952
24  2.0  0.000875476
24  2.5  0.000181863
24  3.0  3.9639e-05
24  3.5  1.04725e-05
22  12.0  1.75369e-12
24  4.5  8.72063e-07
24  4.0  2.92957e-06
24  5.0  2.75845e-07
24  5.5  9.2378e-08
24  6.0  3.2557e-08
24  6.5  1.20305e-08
24  8.0  7.65956e-10
24  7.0  4.61471e-09
24  8.5  3.22218e-10
24  7.5  1.83742e-09
24  9.0  1.39067e-10
24  9.5  6.19797e-11
26  0.2  0.348866
24  10.0  2.77075e-11
26  0.3  0.273752
24  11.5  2.99218e-12
26  0.4  0.205871
26  0.5  0.149847
26  0.6  0.106477
26  0.7  0.0745736
26  0.8  0.0517749
26  0.9  0.0356931
26  1.0  0.0246037
26  1.1  0.0170243
26  1.2  0.0117877
24  10.5  1.32212e-11
26  1.3  0.00819774
26  1.5  0.00402817
26  1.4  0.00568613
26  1.6  0.00283794
26  1.7  0.00199624
26  1.8  0.00142303
24  11.0  6.22466e-12
26  1.9  0.00101512
26  2.0  0.000732647
26  2.5  0.000150549
26  3.0  3.33401e-05
26  3.5  9.13144e-06
24  12.0  1.47427e-12
26  4.5  7.09591e-07
26  5.0  2.24411e-07
26  4.0  2.39754e-06
26  5.5  7.52065e-08
26  6.0  2.6289e-08
26  6.5  9.68161e-09
26  7.0  3.7034e-09
26  7.5  1.47211e-09
26  9.0  1.12053e-10
26  8.5  2.55924e-10
26  8.0  6.03658e-10
26  9.5  4.93481e-11
26  10.5  1.04505e-11
28  0.2  0.298408
26  10.0  2.24577e-11
28  0.3  0.233049
28  0.4  0.174374
28  0.5  0.126223
26  11.5  2.36824e-12
28  0.6  0.0891682
28  0.7  0.0620952
28  0.8  0.0428639
28  0.9  0.0294558
28  1.1  0.0138753
28  1.0  0.0201728
28  1.2  0.00953978
28  1.3  0.00659825
28  1.4  0.00458012
28  1.5  0.00322484
28  1.6  0.00227783
28  1.7  0.00158172
28  1.8  0.00112628
28  1.9  0.000802086
28  2.0  0.000576923
26  11.0  4.93428e-12
28  2.5  0.000116982
28  3.0  2.62171e-05
28  3.5  7.44543e-06
26  12.0  1.16572e-12
28  4.5  5.36683e-07
28  5.0  1.68598e-07
28  4.0  1.82063e-06
28  5.5  5.61268e-08
28  7.0  2.76038e-09
28  6.5  7.20004e-09
28  6.0  1.95979e-08
28  7.5  1.08578e-09
28  8.0  4.45129e-10
28  8.5  1.87402e-10
28  9.0  8.13065e-11
28  9.5  3.61344e-11
28  11.0  3.61728e-12
28  10.0  1.63593e-11
30  0.2  0.238918
30  0.3  0.185412
30  0.4  0.137775
30  0.5  0.0989646
28  10.5  7.60362e-12
30  0.6  0.0694337
30  0.7  0.0479608
30  0.9  0.0223969
30  0.8  0.032836
28  12.0  8.4684e-13
30  1.0  0.0152598
30  1.1  0.0104165
30  1.2  0.00712169
30  1.3  0.00489404
30  1.4  0.00337441
30  1.5  0.00234767
30  1.6  0.00163786
30  1.7  0.00115544
30  1.8  0.000810447
30  1.9  0.000581299
30  2.0  0.000414633
30  2.5  8.2162e-05
30  3.0  1.77736e-05
30  3.5  4.86408e-06
28  11.5  1.72515e-12
30  4.0  1.24684e-06
30  4.5  3.63303e-07
30  5.0  1.13497e-07
30  5.5  3.74228e-08
30  6.0  1.30621e-08
30  7.0  1.8192e-09
30  6.5  4.76308e-09
30  8.5  1.2382e-10
30  7.5  7.11963e-10
30  8.0  2.90451e-10
30  9.0  5.31677e-11
30  9.5  2.33911e-11
32  0.2  0.174772
30  10.0  1.05857e-11
32  0.3  0.134649
32  0.4  0.0991531
30  10.5  4.90047e-12
32  0.5  0.0704953
32  0.7  0.0334396
32  0.6  0.0489028
32  0.8  0.022639
32  1.0  0.010312
32  0.9  0.0153034
32  1.1  0.00698922
30  11.5  1.11059e-12
32  1.2  0.00474586
32  1.3  0.00324043
32  1.4  0.00222512
32  1.5  0.00154692
32  1.6  0.00106716
32  1.7  0.000744177
32  1.8  0.000522077
32  1.9  0.000374405
32  2.0  0.000266251
30  11.0  2.31066e-12
32  2.5  5.07619e-05
32  3.0  1.14441e-05
32  3.5  2.81585e-06
30  12.0  5.41535e-13
32  4.5  2.13382e-07
32  4.0  7.37981e-07
32  5.0  6.58347e-08
32  5.5  2.16677e-08
32  6.0  7.46178e-09
32  6.5  2.6934e-09
32  8.5  6.86928e-11
32  7.0  1.02331e-09
32  7.5  4.02072e-10
32  8.0  1.6312e-10
32  9.0  2.92989e-11
32  9.5  1.2924e-11
32  11.5  6.07181e-13
32  10.0  5.83291e-12
34  0.2  0.115542
34  0.3  0.0881167
34  0.4  0.064132
32  10.5  2.68593e-12
34  0.5  0.0450345
34  0.6  0.0308165
34  0.7  0.0208101
34  0.9  0.00930407
34  0.8  0.013943
32  12.0  2.95286e-13
34  1.1  0.0041738
34  1.0  0.00621616
34  1.2  0.00279712
34  1.3  0.00189386
34  1.4  0.00128872
34  1.5  0.000880498
34  1.6  0.000610352
34  1.7  0.000421841
32  11.0  1.26202e-12
34  1.9  0.000210771
34  1.8  0.000293685
34  2.5  2.78018e-05
34  3.0  5.5897e-06
34  2.0  0.000146093
34  3.5  1.59898e-06
34  5.0  3.26004e-08
34  4.0  3.759e-07
34  4.5  1.06873e-07
34  5.5  1.06217e-08
34  6.5  1.30759e-09
34  6.0  3.62869e-09
34  7.0  4.89013e-10
34  7.5  1.9054e-10
34  8.0  7.68445e-11
34  8.5  3.18954e-11
34  10.0  2.7429e-12
34  9.0  1.36436e-11
34  9.5  5.97799e-12
4  0.2  0.549695
4  0.3  0.436446
4  0.4  0.33357
4  0.5  0.247046
34  10.5  1.23111e-12
4  0.6  0.178882
4  0.7  0.127563
4  0.8  0.0900843
4  0.9  0.0633811
34  11.5  2.75364e-13
4  1.0  0.0444151
4  1.1  0.0311083
4  1.2  0.0219223
34  11.0  5.76516e-13
4  1.3  0.0153864
4  1.6  0.00552566
4  1.4  0.0108885
4  1.5  0.00778531
4  1.7  0.00393246
4  1.9  0.00207626
4  1.8  0.00283876
4  2.0  0.00148608
4  2.5  0.000319318
4  3.0  7.37332e-05
4  3.5  1.91855e-05
34  12.0  1.33141e-13
4  5.0  5.40765e-07
4  4.5  1.6728e-06
4  4.0  5.54321e-06
4  6.5  2.41435e-08
4  5.5  1.81268e-07
4  6.0  6.44867e-08
4  7.0  9.27886e-09
4  7.5  3.71238e-09
4  8.0  1.53823e-09
4  8.5  6.53336e-10
4  9.0  2.86085e-10
4  9.5  1.27814e-10
4  10.0  5.85767e-11
6  0.2  0.545289
6  0.3  0.433015
6  0.4  0.330755
6  0.5  0.244887
6  0.6  0.177253
6  0.7  0.126467
4  10.5  2.73354e-11
6  0.8  0.0893001
6  0.9  0.0627392
6  1.0  0.0439556
6  1.1  0.0308056
6  1.2  0.0216845
6  1.3  0.0152054
6  1.5  0.00769815
6  1.4  0.010762
4  11.0  1.29967e-11
6  1.6  0.00546289
6  1.8  0.00281988
6  1.7  0.00388156
6  1.9  0.00204903
6  3.0  7.48683e-05
6  2.0  0.00147218
6  2.5  0.000312657
6  3.5  1.90023e-05
4  11.5  6.29687e-12
6  5.0  5.32403e-07
4  12.0  3.09912e-12
6  4.5  1.64681e-06
6  4.0  5.45936e-06
6  6.5  2.37605e-08
6  5.5  1.78284e-07
6  6.0  6.34591e-08
6  7.0  9.10414e-09
6  8.5  6.49258e-10
6  7.5  3.64671e-09
6  8.0  1.50763e-09
6  9.0  2.81006e-10
6  9.5  1.25594e-10
6  10.0  5.76233e-11
8  0.2  0.539154
8  0.3  0.428183
8  0.4  0.326846
8  0.5  0.241808
8  0.6  0.174934
6  10.5  2.6848e-11
8  0.7  0.124695
8  0.8  0.0880541
8  0.9  0.0618271
8  1.0  0.0433029
8  1.1  0.0302929
8  1.2  0.021275
8  1.3  0.0149599
8  1.4  0.0105843
6  11.0  1.2769e-11
6  11.5  6.21026e-12
8  1.5  0.00757708
8  1.6  0.00536443
8  1.7  0.00381734
8  1.8  0.00274985
8  1.9  0.00200922
8  2.0  0.00144121
8  2.5  0.000311398
8  3.0  7.13934e-05
8  3.5  1.89776e-05
8  5.0  5.18349e-07
6  12.0  3.04398e-12
8  4.5  1.61025e-06
8  4.0  5.34623e-06
8  5.5  1.74601e-07
8  6.5  2.30647e-08
8  6.0  6.19794e-08
8  7.0  8.89879e-09
8  7.5  3.56085e-09
8  8.5  6.31102e-10
8  8.0  1.47299e-09
8  9.0  2.7368e-10
8  9.5  1.22511e-10
8  10.0  5.56216e-11
8  11.5  6.03438e-12
8  10.5  2.61752e-11
8  11.0  1.24495e-11
8  12.0  2.94875e-12
