# diffractive D0 cross section, Pb target, LHAPDF fragmentation, An0n channel
# generated      : 2026-08-19 15:28:15 EEST
# calls          : 1e5 (VEGAS calls per point, see CALLS_EXCL/CALLS_EXCL_FACTORIZED/CALLS_DIFF)
# dipole samples : data/Pb/bk_posterior/member_0067/glauber_mve_<b>
# pD0 sweep      : 0.2 0.3 0.4 0.5 0.6 0.7 0.8 0.9 1.0 1.1 1.2 1.3 1.4 1.5 1.6 1.7 1.8 1.9 2.0 2.5 3.0 3.5 4.0 4.5 5.0 5.5 6.0 6.5 7.0 7.5 8.0 8.5 9.0 9.5 10.0 10.5 11.0 11.5 12.0
# fixed rapidity y : 3.0
# ============================================================
# b  pD0  dsigma_dyd2pD0
0  0.2  0.0599164
0  0.5  0.111238
0  0.3  0.086533
0  0.4  0.10383
0  0.6  0.105821
0  0.9  0.0637016
0  0.7  0.0933158
0  0.8  0.0783447
0  1.0  0.0513576
0  1.2  0.0305682
0  1.1  0.0397848
0  1.4  0.018138
0  1.3  0.0239967
0  1.5  0.0142473
0  1.6  0.0109838
0  1.8  0.00656268
0  1.9  0.00502495
0  1.7  0.00842778
0  2.0  0.00390465
0  3.0  0.000382924
0  2.5  0.00116853
0  3.5  0.000138187
0  4.5  2.2566e-05
0  4.0  5.15667e-05
0  5.0  9.94367e-06
0  5.5  4.42764e-06
0  6.5  9.55266e-07
0  6.0  2.04577e-06
0  7.0  4.93796e-07
0  8.5  6.81863e-08
0  7.5  2.45762e-07
0  8.0  1.34222e-07
0  9.0  3.80079e-08
0  9.5  2.08361e-08
0  10.0  1.17971e-08
10  0.2  0.0588687
10  0.3  0.0861727
10  0.4  0.103418
10  0.5  0.110024
10  0.6  0.104026
10  0.7  0.0905517
10  0.8  0.0761752
0  10.5  6.64795e-09
10  0.9  0.0617191
10  1.0  0.0493369
10  1.1  0.0384889
0  11.5  2.18449e-09
10  1.2  0.0299391
10  1.3  0.0231695
10  1.5  0.0137434
0  11.0  3.73784e-09
10  1.4  0.0178651
10  1.6  0.0106273
10  1.7  0.0080677
10  1.8  0.00619776
10  1.9  0.00478383
10  2.0  0.00376607
10  2.5  0.00112701
10  3.0  0.000361443
10  3.5  0.000133429
0  12.0  1.28562e-09
10  4.0  5.19921e-05
10  4.5  2.0956e-05
10  5.0  9.10506e-06
10  5.5  4.28581e-06
10  6.5  9.56133e-07
10  6.0  1.93612e-06
10  7.0  4.70024e-07
10  7.5  2.42457e-07
10  8.0  1.22731e-07
10  8.5  6.65739e-08
10  10.0  1.09555e-08
10  9.0  3.57114e-08
10  9.5  1.96541e-08
12  0.2  0.0585555
12  0.3  0.0852499
12  0.4  0.102272
12  0.5  0.108042
12  0.6  0.102445
10  10.5  6.2188e-09
12  0.7  0.0899965
12  0.9  0.0611232
12  0.8  0.0751399
12  1.0  0.0477617
10  11.5  2.09791e-09
12  1.1  0.0374069
12  1.2  0.0293825
12  1.3  0.022625
12  1.4  0.01726
10  11.0  3.62859e-09
12  1.5  0.0135666
12  1.6  0.0101817
12  1.9  0.00482843
12  1.8  0.00610181
12  1.7  0.00786529
12  2.5  0.00109035
12  2.0  0.00365832
12  3.0  0.000364658
10  12.0  1.2308e-09
12  3.5  0.000129593
12  4.5  2.14599e-05
12  4.0  5.03579e-05
12  5.0  9.11103e-06
12  6.0  1.8814e-06
12  5.5  4.0742e-06
12  6.5  8.9246e-07
12  7.0  4.5953e-07
12  7.5  2.3459e-07
12  9.0  3.43618e-08
12  8.0  1.22253e-07
12  8.5  6.33234e-08
12  10.0  1.08503e-08
12  11.0  3.53807e-09
12  9.5  1.99171e-08
14  0.2  0.0581338
14  0.3  0.0847291
14  0.4  0.101312
14  0.5  0.106714
14  0.6  0.100747
14  0.7  0.0886977
14  0.8  0.0742037
12  10.5  5.96837e-09
14  0.9  0.0598971
14  1.0  0.0470592
14  1.1  0.036185
14  1.2  0.0281088
14  1.3  0.0220535
14  1.4  0.0168468
14  1.5  0.0129959
14  1.6  0.0100597
14  1.8  0.00593674
14  1.7  0.00769126
14  1.9  0.00460664
14  2.0  0.00359182
14  2.5  0.00104519
14  3.0  0.000350567
14  3.5  0.000127101
12  11.5  2.00714e-09
12  12.0  1.17705e-09
14  4.0  4.97205e-05
14  4.5  2.05714e-05
14  5.0  8.7561e-06
14  7.0  4.33225e-07
14  5.5  3.74056e-06
14  6.5  9.00425e-07
14  6.0  1.83559e-06
14  8.0  1.1809e-07
14  8.5  6.34537e-08
14  9.0  3.50851e-08
14  7.5  2.29996e-07
14  10.0  1.03001e-08
14  9.5  1.88936e-08
14  11.0  3.34359e-09
16  0.2  0.0581552
16  0.3  0.0854957
16  0.4  0.101742
16  0.5  0.105556
16  0.6  0.0986241
16  0.7  0.0859396
16  0.8  0.0719811
16  0.9  0.0581927
16  1.0  0.0459611
16  1.1  0.0354243
16  1.2  0.028247
16  1.3  0.0214324
16  1.4  0.0163427
14  10.5  6.00207e-09
16  1.5  0.0128844
16  1.6  0.00969273
16  1.7  0.00743533
16  1.8  0.00572759
16  2.0  0.00351733
16  1.9  0.00445966
16  2.5  0.00102602
16  3.0  0.00032066
16  3.5  0.000122357
14  11.5  1.94601e-09
14  12.0  1.17243e-09
16  4.5  1.97123e-05
16  5.5  3.76236e-06
16  4.0  4.78253e-05
16  5.0  8.54701e-06
16  6.5  8.68953e-07
16  7.0  4.16727e-07
16  7.5  2.20818e-07
16  6.0  1.81079e-06
16  8.5  5.91714e-08
16  8.0  1.15117e-07
16  9.0  3.31398e-08
16  9.5  1.76588e-08
16  10.0  1.02003e-08
18  0.2  0.0575953
18  0.3  0.0838053
18  0.4  0.0990842
18  0.5  0.103688
18  0.6  0.0972713
16  10.5  5.76324e-09
16  11.5  1.89194e-09
18  0.7  0.0849471
18  0.8  0.0701487
18  0.9  0.0566627
18  1.0  0.0449036
18  1.1  0.0351577
18  1.2  0.0270487
18  1.3  0.021045
18  1.4  0.0162311
16  11.0  3.24219e-09
18  1.5  0.0121519
18  1.6  0.00937128
18  1.7  0.00731711
18  1.8  0.00554016
18  1.9  0.00432701
18  2.0  0.00327254
18  2.5  0.000994043
18  3.0  0.000324758
18  3.5  0.000118143
16  12.0  1.11189e-09
18  4.5  1.84642e-05
18  4.0  4.53792e-05
18  5.0  7.99479e-06
18  5.5  3.62858e-06
18  7.0  4.18921e-07
18  6.0  1.69179e-06
18  6.5  7.96831e-07
18  7.5  2.13328e-07
18  9.0  3.04003e-08
18  8.0  1.04678e-07
18  8.5  5.81511e-08
18  9.5  1.73877e-08
18  10.0  9.81835e-09
2  0.2  0.0594163
2  0.3  0.0869442
18  10.5  5.49217e-09
2  0.5  0.10931
2  0.4  0.103878
2  0.6  0.105522
2  0.7  0.0932312
18  11.5  1.83375e-09
2  0.8  0.0784909
2  0.9  0.0642051
2  1.1  0.0398061
2  1.0  0.0500585
18  11.0  3.13567e-09
2  1.2  0.0310354
2  1.4  0.0183569
2  1.3  0.0239052
2  1.5  0.0139904
2  1.6  0.0108627
2  1.7  0.00842231
2  1.8  0.00657759
2  1.9  0.0050885
2  2.5  0.00117648
2  2.0  0.00390309
2  3.0  0.000380545
2  3.5  0.000138057
18  12.0  1.05728e-09
2  5.0  9.5737e-06
2  4.5  2.26403e-05
2  4.0  5.33814e-05
2  5.5  4.38243e-06
2  6.5  9.83391e-07
2  6.0  1.98434e-06
2  8.5  6.93956e-08
2  7.0  4.92804e-07
2  7.5  2.51499e-07
2  8.0  1.27832e-07
2  9.0  3.77677e-08
2  10.0  1.15496e-08
2  9.5  2.04327e-08
20  0.2  0.0567
2  11.5  2.17372e-09
20  0.3  0.0821946
20  0.4  0.0981847
20  0.5  0.101033
20  0.6  0.0944838
20  0.7  0.0822566
20  0.8  0.0679133
20  0.9  0.0547332
2  10.5  6.65604e-09
20  1.0  0.0426699
20  1.1  0.0334815
20  1.2  0.0252712
20  1.3  0.0196411
20  1.4  0.0151023
20  1.5  0.0117862
20  1.6  0.00883801
2  11.0  3.69494e-09
20  1.7  0.00679975
20  1.8  0.00520126
20  1.9  0.00403718
20  2.0  0.00315117
20  2.5  0.000923173
20  3.0  0.000310786
20  3.5  0.000111086
2  12.0  1.3047e-09
20  5.0  7.33662e-06
20  4.5  1.73614e-05
20  4.0  4.41471e-05
20  5.5  3.40652e-06
20  6.0  1.61429e-06
20  7.5  2.01196e-07
20  6.5  7.87586e-07
20  7.0  3.91381e-07
20  8.0  1.0308e-07
20  8.5  5.45948e-08
20  9.0  2.8927e-08
20  9.5  1.60355e-08
22  0.2  0.056194
20  10.0  9.20785e-09
22  0.3  0.0806113
22  0.4  0.0965998
22  0.6  0.0905906
22  0.5  0.0979342
20  10.5  5.13809e-09
22  0.8  0.0647746
22  0.7  0.0784494
22  0.9  0.0516512
20  11.0  3.04235e-09
22  1.0  0.0402672
22  1.2  0.0241011
22  1.1  0.0313472
22  1.3  0.0183899
22  1.5  0.0111139
22  1.4  0.0142314
22  1.7  0.00650627
22  1.6  0.00830769
22  1.8  0.00486681
22  1.9  0.00377061
22  2.0  0.00296992
22  3.0  0.000288263
22  2.5  0.000860437
22  3.5  0.000102459
20  11.5  1.70202e-09
20  12.0  1.00086e-09
22  4.5  1.63588e-05
22  4.0  4.0622e-05
22  5.0  6.75471e-06
22  5.5  3.17708e-06
22  7.5  1.84293e-07
22  6.5  7.35756e-07
22  6.0  1.51055e-06
22  8.0  9.6054e-08
22  8.5  5.15616e-08
22  7.0  3.61485e-07
22  9.0  2.86003e-08
22  10.0  8.45032e-09
22  9.5  1.49523e-08
24  0.2  0.0550239
22  11.5  1.59081e-09
24  0.3  0.0789195
24  0.4  0.0918787
24  0.5  0.0929714
22  11.0  2.71999e-09
24  0.6  0.0864482
24  0.7  0.0745113
24  0.8  0.0610965
24  0.9  0.0488452
24  1.0  0.0376862
24  1.2  0.022603
24  1.1  0.0291523
24  1.3  0.0169341
24  1.4  0.0130721
22  10.5  4.83763e-09
24  1.5  0.00989688
24  1.6  0.00759517
24  1.8  0.00450839
24  1.7  0.00586458
24  1.9  0.00345167
24  2.0  0.00266809
24  2.5  0.00079868
24  3.0  0.000266904
24  3.5  9.48822e-05
22  12.0  9.17716e-10
24  4.5  1.46456e-05
24  5.5  2.9788e-06
24  4.0  3.57527e-05
24  5.0  6.5108e-06
24  6.0  1.36252e-06
24  6.5  6.66733e-07
24  7.0  3.34361e-07
24  8.5  4.6709e-08
24  7.5  1.65923e-07
24  8.0  8.9093e-08
24  9.0  2.42503e-08
24  9.5  1.37801e-08
24  10.5  4.36749e-09
24  10.0  7.54275e-09
26  0.2  0.0535713
26  0.3  0.0760501
24  11.5  1.42519e-09
26  0.4  0.0886517
26  0.5  0.0881449
26  0.6  0.0810475
26  0.7  0.0684376
26  0.8  0.0555845
26  0.9  0.0441444
26  1.0  0.0340837
26  1.1  0.0265602
26  1.2  0.0201834
26  1.3  0.0157166
26  1.4  0.0118078
26  1.5  0.00893519
26  1.6  0.00687
24  11.0  2.53216e-09
26  1.7  0.00527211
26  1.8  0.00401057
26  1.9  0.00305511
26  2.0  0.0023736
26  2.5  0.000706691
26  3.0  0.000229624
26  3.5  8.23745e-05
24  12.0  8.38784e-10
26  5.0  5.81067e-06
26  4.0  3.22651e-05
26  4.5  1.27621e-05
26  5.5  2.51968e-06
26  6.0  1.18997e-06
26  6.5  5.77334e-07
26  7.0  2.91123e-07
26  7.5  1.49601e-07
26  9.0  2.23695e-08
26  8.0  7.47652e-08
26  8.5  3.83792e-08
26  9.5  1.23227e-08
26  10.5  3.88718e-09
26  11.0  2.26563e-09
28  0.2  0.0512588
28  0.3  0.0720999
28  0.4  0.0821425
26  10.0  6.71226e-09
28  0.5  0.0811557
28  0.6  0.0719631
28  0.8  0.0487992
28  0.7  0.0603046
28  0.9  0.0390679
28  1.0  0.029823
28  1.1  0.0226158
28  1.2  0.0173209
28  1.4  0.0100097
28  1.3  0.0131774
28  1.5  0.00768039
28  1.6  0.00577924
26  11.5  1.26447e-09
28  1.7  0.00434668
28  1.8  0.00341215
28  1.9  0.00258223
28  2.0  0.00200972
28  2.5  0.000602485
28  3.0  0.000195627
28  3.5  6.92945e-05
26  12.0  7.6439e-10
28  5.0  4.86354e-06
28  4.0  2.63408e-05
28  4.5  1.13883e-05
28  5.5  2.14567e-06
28  6.5  4.79556e-07
28  6.0  1.0171e-06
28  7.5  1.21179e-07
28  7.0  2.46874e-07
28  9.0  1.84829e-08
28  9.5  1.00716e-08
28  8.0  6.48235e-08
28  8.5  3.47767e-08
28  10.5  3.21246e-09
30  0.2  0.0480832
28  11.5  1.05973e-09
30  0.3  0.0661748
28  10.0  5.7712e-09
30  0.4  0.0733284
30  0.5  0.0704397
30  0.6  0.0619221
30  0.8  0.0403326
30  0.7  0.0504081
30  0.9  0.0317879
30  1.1  0.0189315
30  1.0  0.0243787
30  1.2  0.0141636
30  1.3  0.0107029
30  1.4  0.0078919
30  1.6  0.00458408
30  1.5  0.00596371
30  1.7  0.00346589
30  1.8  0.00265224
28  11.0  1.88854e-09
30  1.9  0.00206905
30  2.5  0.000470107
30  2.0  0.00160033
30  3.0  0.000149765
30  3.5  5.61884e-05
28  12.0  6.19521e-10
30  4.5  8.54127e-06
30  4.0  2.15571e-05
30  6.5  3.79958e-07
30  5.0  3.6749e-06
30  5.5  1.67543e-06
30  7.0  1.90988e-07
30  6.0  7.84344e-07
30  7.5  9.52052e-08
30  8.0  5.11235e-08
30  8.5  2.69752e-08
30  9.0  1.47035e-08
30  9.5  8.13299e-09
32  0.2  0.0434824
32  0.3  0.0576119
32  0.4  0.0621032
32  0.5  0.0572601
30  10.0  4.50955e-09
32  0.6  0.0484942
32  0.7  0.0389441
32  0.8  0.0306824
30  10.5  2.51922e-09
32  0.9  0.0236114
32  1.1  0.0138137
32  1.0  0.0179581
30  11.5  8.23102e-10
32  1.2  0.010554
30  11.0  1.42745e-09
32  1.3  0.00763143
32  1.4  0.00573153
32  1.5  0.004444
32  1.6  0.00337535
32  1.7  0.00247613
32  1.9  0.00148672
32  1.8  0.00191207
32  2.0  0.00115518
32  2.5  0.000345928
32  3.5  3.88474e-05
32  3.0  0.000114058
32  4.0  1.46406e-05
30  12.0  4.97826e-10
32  4.5  6.13887e-06
32  5.0  2.61338e-06
32  6.5  2.60751e-07
32  5.5  1.18124e-06
32  6.0  5.51086e-07
32  7.0  1.38253e-07
32  7.5  6.88017e-08
32  8.0  3.52421e-08
32  8.5  1.90969e-08
32  9.0  1.05337e-08
32  10.0  3.20811e-09
32  9.5  5.55388e-09
32  11.5  6.15145e-10
34  0.2  0.0367975
34  0.3  0.0465814
34  0.4  0.0459639
34  0.5  0.0412666
34  0.6  0.0346673
32  10.5  1.83482e-09
32  12.0  3.58053e-10
34  0.7  0.0272611
34  0.8  0.020693
34  0.9  0.0156317
34  1.0  0.0120103
32  11.0  1.04438e-09
34  1.1  0.00907109
34  1.2  0.00684808
34  1.3  0.00514415
34  1.4  0.0038632
34  1.6  0.00215843
34  1.5  0.00291212
34  1.8  0.00125378
34  1.7  0.00165799
34  2.0  0.000768024
34  1.9  0.000984175
34  2.5  0.000208888
34  3.0  6.77806e-05
34  3.5  2.47517e-05
34  4.5  3.90641e-06
34  5.0  1.66301e-06
34  4.0  9.44998e-06
34  5.5  7.48611e-07
34  6.0  3.58266e-07
34  6.5  1.74499e-07
34  7.0  8.79879e-08
34  8.5  1.22564e-08
34  7.5  4.40962e-08
34  8.0  2.33471e-08
34  9.0  6.8074e-09
34  11.0  6.85713e-10
34  9.5  3.75276e-09
34  10.0  2.05249e-09
4  0.2  0.0590515
4  0.3  0.0863272
4  0.4  0.104047
34  10.5  1.17965e-09
4  0.5  0.109899
4  0.6  0.105113
4  0.7  0.0936992
4  0.8  0.0780336
4  0.9  0.0630986
4  1.0  0.0505647
4  1.1  0.0397015
4  1.2  0.0308062
4  1.4  0.0183282
4  1.3  0.0238683
34  11.5  3.78278e-10
4  1.5  0.0139678
4  1.6  0.0107976
4  1.7  0.00842476
4  1.8  0.00644907
4  1.9  0.00500933
4  2.5  0.00114021
4  2.0  0.00387496
4  3.0  0.000386297
4  3.5  0.000138391
34  12.0  2.26927e-10
4  5.0  9.69621e-06
4  4.5  2.2112e-05
4  4.0  5.36108e-05
4  5.5  4.40423e-06
4  6.5  1.00532e-06
4  7.0  4.86547e-07
4  6.0  2.0046e-06
4  8.5  6.8773e-08
4  7.5  2.44011e-07
4  8.0  1.32759e-07
4  9.0  3.76223e-08
4  10.0  1.15993e-08
4  9.5  2.08897e-08
6  0.2  0.0597229
6  0.3  0.0866856
6  0.4  0.103743
6  0.5  0.10931
6  0.6  0.10485
6  0.7  0.0930669
6  0.8  0.0772451
6  0.9  0.063112
6  1.0  0.0502216
6  1.1  0.0391898
6  1.2  0.0306043
4  10.5  6.55988e-09
4  11.5  2.17122e-09
6  1.3  0.0237034
6  1.5  0.0139277
6  1.4  0.0182336
6  1.6  0.0109054
6  1.7  0.00828232
4  11.0  3.77392e-09
6  1.8  0.00640381
6  1.9  0.00495319
6  2.0  0.00379547
6  3.0  0.000376297
6  2.5  0.00116964
6  3.5  0.000136507
4  12.0  1.26553e-09
6  5.0  9.32522e-06
6  4.5  2.20962e-05
6  4.0  5.32534e-05
6  5.5  4.33169e-06
6  6.5  9.73286e-07
6  6.0  1.98529e-06
6  8.5  6.90837e-08
6  7.0  4.82106e-07
6  7.5  2.5049e-07
6  8.0  1.3116e-07
6  9.0  3.638e-08
6  9.5  2.02486e-08
6  10.0  1.11495e-08
8  0.2  0.0589118
8  0.3  0.0866555
8  0.4  0.103157
8  0.5  0.108162
8  0.6  0.104458
8  0.7  0.0929194
8  0.8  0.077097
8  0.9  0.0630393
8  1.0  0.0499527
6  10.5  6.37026e-09
8  1.1  0.0393115
8  1.2  0.0297412
8  1.3  0.0233189
6  11.5  2.12404e-09
8  1.4  0.0180667
8  1.5  0.0138452
6  11.0  3.72686e-09
8  1.6  0.0107534
8  1.8  0.00636887
8  1.9  0.00489672
8  1.7  0.00822283
8  2.0  0.00380457
8  2.5  0.00115368
8  3.0  0.000377986
8  3.5  0.000130781
6  12.0  1.24498e-09
8  4.5  2.10129e-05
8  4.0  5.23523e-05
8  5.0  9.54435e-06
8  5.5  4.24498e-06
8  6.5  9.48355e-07
8  6.0  1.98046e-06
8  7.0  4.78768e-07
8  7.5  2.35441e-07
8  8.0  1.28837e-07
8  10.0  1.10093e-08
8  8.5  6.76148e-08
8  9.0  3.65674e-08
8  9.5  2.04863e-08
8  10.5  6.27966e-09
8  12.0  1.2361e-09
8  11.5  2.08246e-09
8  11.0  3.69316e-09
