# diffractive D0 cross section, Pb target, LHAPDF fragmentation, An0n channel
# generated      : 2026-08-19 15:24:10 EEST
# calls          : 1e5 (VEGAS calls per point, see CALLS_EXCL/CALLS_EXCL_FACTORIZED/CALLS_DIFF)
# dipole samples : data/Pb/bk_posterior/member_0040/glauber_mve_<b>
# pD0 sweep      : 0.2 0.3 0.4 0.5 0.6 0.7 0.8 0.9 1.0 1.1 1.2 1.3 1.4 1.5 1.6 1.7 1.8 1.9 2.0 2.5 3.0 3.5 4.0 4.5 5.0 5.5 6.0 6.5 7.0 7.5 8.0 8.5 9.0 9.5 10.0 10.5 11.0 11.5 12.0
# fixed rapidity y : 3.0
# ============================================================
# b  pD0  dsigma_dyd2pD0
0  0.5  0.111474
0  0.3  0.087078
0  0.2  0.0594655
0  0.4  0.104685
0  0.6  0.105619
0  0.7  0.0944426
0  0.8  0.0788682
0  0.9  0.0641143
0  1.0  0.0504964
0  1.2  0.030792
0  1.3  0.0242557
0  1.4  0.0186216
0  1.1  0.0403798
0  1.6  0.0110633
0  1.5  0.0143319
0  1.8  0.00657402
0  1.7  0.00847523
0  1.9  0.00506706
0  2.0  0.00399049
0  2.5  0.00119859
0  3.0  0.000388714
0  3.5  0.000140121
0  5.0  9.95388e-06
0  4.5  2.27471e-05
0  4.0  5.54876e-05
0  5.5  4.44461e-06
0  6.5  9.99802e-07
0  6.0  2.08011e-06
0  7.0  4.8876e-07
0  8.5  6.633e-08
0  7.5  2.46673e-07
0  9.0  3.95634e-08
0  8.0  1.3424e-07
0  9.5  2.09935e-08
10  0.2  0.0592196
0  10.0  1.17435e-08
10  0.3  0.0862656
10  0.4  0.103311
10  0.5  0.109249
10  0.6  0.10412
10  0.7  0.0923892
10  0.8  0.0770982
10  0.9  0.0619063
10  1.0  0.0497389
10  1.1  0.0383392
10  1.2  0.0298347
0  10.5  6.67638e-09
10  1.3  0.0231316
10  1.4  0.0177271
10  1.5  0.0138767
10  1.6  0.0108802
10  1.7  0.00827183
0  11.5  2.25052e-09
0  11.0  3.8605e-09
10  1.9  0.00483103
10  1.8  0.00631897
10  2.5  0.00114285
10  2.0  0.00380955
10  3.0  0.000370518
10  3.5  0.000133022
0  12.0  1.32067e-09
10  5.0  9.12758e-06
10  4.5  2.20143e-05
10  4.0  5.25289e-05
10  5.5  4.28004e-06
10  6.5  9.63144e-07
10  6.0  1.9763e-06
10  7.0  4.6216e-07
10  7.5  2.35726e-07
10  8.5  6.79685e-08
10  8.0  1.25775e-07
10  9.0  3.55152e-08
10  10.5  6.29015e-09
10  9.5  1.96131e-08
10  10.0  1.12741e-08
12  0.2  0.0590433
12  0.3  0.0863057
12  0.4  0.102958
12  0.5  0.108478
12  0.6  0.102083
12  0.7  0.0907863
12  0.8  0.0756176
12  0.9  0.0614962
12  1.0  0.0485296
10  11.5  2.12828e-09
12  1.1  0.0387015
12  1.2  0.0294429
12  1.3  0.0227274
12  1.4  0.0175995
12  1.5  0.0135705
12  1.6  0.0104527
10  11.0  3.68587e-09
12  1.7  0.00798234
12  1.8  0.00619384
12  1.9  0.00477268
12  2.5  0.00112276
12  2.0  0.00372467
12  3.0  0.000362939
12  3.5  0.000133178
10  12.0  1.25549e-09
12  4.0  5.10892e-05
12  4.5  2.09047e-05
12  5.0  8.99043e-06
12  5.5  4.00304e-06
12  6.5  9.51359e-07
12  6.0  1.91791e-06
12  7.0  4.65855e-07
12  7.5  2.35443e-07
12  8.0  1.25205e-07
12  8.5  6.60315e-08
12  10.0  1.1048e-08
12  9.0  3.59191e-08
12  9.5  1.95388e-08
14  0.2  0.0583166
14  0.3  0.0851775
14  0.4  0.102123
14  0.5  0.107945
14  0.6  0.101793
14  0.7  0.089814
14  0.8  0.0745068
12  10.5  6.14246e-09
14  0.9  0.0605256
14  1.0  0.0473662
14  1.1  0.0374804
12  11.0  3.55111e-09
14  1.2  0.0289733
14  1.4  0.0173928
14  1.3  0.0224204
14  1.5  0.0131556
14  1.6  0.0101253
14  1.8  0.00598676
14  1.7  0.00778945
12  11.5  2.07429e-09
14  1.9  0.00463513
14  2.0  0.00359241
14  3.0  0.000358603
14  3.5  0.000128437
14  2.5  0.00107991
12  12.0  1.2175e-09
14  4.5  2.10697e-05
14  5.0  8.99682e-06
14  4.0  5.0222e-05
14  6.0  1.7821e-06
14  5.5  3.78125e-06
14  6.5  8.95246e-07
14  7.0  4.38578e-07
14  7.5  2.33868e-07
14  8.0  1.20804e-07
14  8.5  6.44011e-08
14  10.0  1.05473e-08
14  9.0  3.32193e-08
14  9.5  1.8982e-08
16  0.2  0.0579919
16  0.3  0.0841964
16  0.4  0.101595
16  0.5  0.105996
16  0.6  0.0997673
16  0.7  0.0880195
16  0.8  0.0736245
16  0.9  0.0590235
16  1.0  0.0460226
14  10.5  5.91345e-09
16  1.1  0.0366511
16  1.2  0.0282468
16  1.4  0.0165676
16  1.3  0.0216719
16  1.5  0.0129561
16  1.6  0.00991438
16  1.7  0.00758518
16  1.8  0.00580724
16  1.9  0.00451406
16  2.0  0.00349995
16  3.0  0.000347887
16  2.5  0.00105896
14  11.0  3.46259e-09
16  3.5  0.000121285
14  11.5  2.02941e-09
14  12.0  1.18958e-09
16  4.5  1.91193e-05
16  5.5  3.86531e-06
16  4.0  4.80197e-05
16  5.0  8.65521e-06
16  7.0  4.2846e-07
16  6.5  8.52295e-07
16  6.0  1.79816e-06
16  8.5  6.16568e-08
16  7.5  2.25326e-07
16  8.0  1.16123e-07
16  9.0  3.34895e-08
16  10.0  1.03098e-08
16  9.5  1.80116e-08
16  11.0  3.32664e-09
18  0.2  0.0569098
18  0.3  0.0833031
18  0.4  0.0994716
18  0.5  0.104188
18  0.6  0.0980963
18  0.7  0.0852819
18  0.8  0.0712853
16  10.5  5.83395e-09
18  0.9  0.0572664
18  1.0  0.0447278
18  1.1  0.0350566
18  1.2  0.0271028
18  1.3  0.0209939
18  1.4  0.0160919
18  1.5  0.01233
18  1.6  0.00942915
18  1.7  0.00725556
18  1.8  0.00560332
18  1.9  0.00432233
18  2.0  0.0033752
18  3.0  0.000334021
18  2.5  0.00101003
18  3.5  0.000118854
16  11.5  1.89699e-09
16  12.0  1.1306e-09
18  4.5  1.90455e-05
18  4.0  4.6624e-05
18  5.0  8.20837e-06
18  5.5  3.74589e-06
18  7.5  2.1437e-07
18  6.0  1.65597e-06
18  6.5  8.37089e-07
18  7.0  4.22001e-07
18  8.0  1.10629e-07
18  8.5  5.97468e-08
18  9.0  3.18726e-08
18  9.5  1.75798e-08
18  11.0  3.20336e-09
18  10.0  9.64714e-09
2  0.2  0.0597279
2  0.3  0.087607
2  0.4  0.104659
2  0.5  0.108992
2  0.6  0.105477
18  10.5  5.509e-09
18  11.5  1.82261e-09
2  0.7  0.0935774
2  0.8  0.078821
2  0.9  0.0643278
2  1.1  0.0402917
2  1.0  0.0513924
2  1.2  0.0308631
2  1.3  0.0241164
2  1.4  0.0183933
2  1.5  0.0144469
2  1.6  0.0111282
2  1.7  0.00849201
2  1.9  0.00509564
2  1.8  0.00654232
2  2.5  0.00120411
2  2.0  0.00395475
2  3.0  0.000393178
2  3.5  0.00014126
18  12.0  1.10755e-09
2  5.0  9.60772e-06
2  4.5  2.20408e-05
2  4.0  5.52917e-05
2  5.5  4.33502e-06
2  6.5  9.96749e-07
2  6.0  2.03562e-06
2  7.0  4.86563e-07
2  8.5  7.09728e-08
2  7.5  2.60404e-07
2  9.0  3.83849e-08
2  8.0  1.33317e-07
2  9.5  2.06357e-08
20  0.2  0.0568929
2  10.0  1.15273e-08
20  0.3  0.0827635
20  0.4  0.0980706
20  0.5  0.101693
20  0.6  0.0947811
20  0.7  0.08276
20  0.8  0.0684474
20  0.9  0.0555714
2  10.5  6.7426e-09
20  1.0  0.0431721
20  1.1  0.0337
20  1.3  0.0200431
20  1.2  0.0260364
20  1.4  0.0153218
20  1.5  0.011765
20  1.6  0.00897894
2  11.0  3.82346e-09
20  1.7  0.00701617
20  1.9  0.00409546
20  1.8  0.00530422
20  2.0  0.00319431
20  2.5  0.000944658
20  3.0  0.000310531
20  3.5  0.000112158
2  11.5  2.20546e-09
2  12.0  1.3204e-09
20  5.0  7.72165e-06
20  4.5  1.80718e-05
20  4.0  4.25576e-05
20  5.5  3.27166e-06
20  6.0  1.64323e-06
20  6.5  7.91256e-07
20  7.0  3.96761e-07
20  7.5  1.93667e-07
20  8.0  1.0542e-07
20  8.5  5.60343e-08
20  9.0  3.01635e-08
20  11.0  2.95377e-09
20  9.5  1.66364e-08
22  0.2  0.0561196
20  10.0  9.14815e-09
22  0.3  0.0803493
22  0.4  0.0949519
22  0.5  0.0987093
22  0.6  0.0920127
22  0.7  0.0793765
22  0.8  0.0654836
20  11.5  1.72619e-09
22  0.9  0.0523884
22  1.1  0.0314785
20  10.5  5.25594e-09
22  1.0  0.041126
22  1.2  0.0244465
22  1.3  0.0186288
22  1.4  0.0143761
22  1.5  0.0108895
22  1.6  0.00836385
22  1.7  0.00649937
22  1.8  0.00497293
22  1.9  0.00388176
22  2.0  0.00294426
22  3.0  0.000295452
22  2.5  0.000869737
22  3.5  0.000102299
20  12.0  1.03723e-09
22  5.0  7.15188e-06
22  4.5  1.58983e-05
22  4.0  4.09287e-05
22  5.5  3.26255e-06
22  6.0  1.5134e-06
22  6.5  7.46191e-07
22  7.0  3.529e-07
22  7.5  1.88651e-07
22  8.0  9.81209e-08
22  9.0  2.80192e-08
22  8.5  5.22294e-08
22  10.5  4.82281e-09
22  9.5  1.4932e-08
24  0.2  0.0547381
24  0.3  0.0786091
22  10.0  8.47841e-09
24  0.4  0.092658
24  0.5  0.0941977
24  0.6  0.0878124
24  0.7  0.074524
24  0.8  0.0611681
24  0.9  0.0490276
24  1.0  0.0385576
24  1.1  0.0296401
24  1.2  0.0229408
24  1.3  0.0172974
24  1.4  0.0132937
24  1.5  0.0100655
24  1.6  0.00768433
24  1.7  0.00597659
22  11.0  2.8168e-09
24  1.8  0.00452496
24  1.9  0.00350774
24  2.0  0.00273676
24  3.0  0.000264705
24  2.5  0.000795396
24  3.5  9.70639e-05
22  11.5  1.63874e-09
22  12.0  9.85085e-10
24  4.5  1.50254e-05
24  4.0  3.59455e-05
24  5.0  6.32995e-06
24  6.0  1.33642e-06
24  5.5  3.03561e-06
24  6.5  6.79389e-07
24  8.0  8.87895e-08
24  7.0  3.37749e-07
24  7.5  1.64088e-07
24  8.5  4.72833e-08
24  9.0  2.5727e-08
24  10.5  4.30422e-09
24  9.5  1.40602e-08
26  0.2  0.0534581
26  0.3  0.0760142
26  0.4  0.0884216
24  10.0  7.72828e-09
26  0.5  0.0895566
26  0.6  0.0810096
26  0.7  0.0685028
24  11.5  1.49623e-09
26  0.8  0.056
26  0.9  0.0444451
26  1.0  0.0349262
26  1.1  0.0265683
26  1.2  0.0204212
26  1.3  0.0154304
26  1.4  0.0118409
26  1.5  0.00899385
26  1.6  0.006846
26  1.7  0.00527452
26  1.8  0.0040681
26  2.0  0.00238965
26  1.9  0.00311082
26  2.5  0.000711761
26  3.0  0.000233286
26  3.5  8.37134e-05
24  11.0  2.58466e-09
24  12.0  8.5886e-10
26  4.5  1.25503e-05
26  4.0  3.25637e-05
26  5.5  2.56611e-06
26  5.0  5.61997e-06
26  7.0  2.8282e-07
26  6.0  1.24e-06
26  6.5  5.91645e-07
26  7.5  1.46101e-07
26  8.5  4.21545e-08
26  8.0  7.88333e-08
26  9.0  2.2074e-08
26  9.5  1.22088e-08
28  0.2  0.0512513
26  10.0  7.02629e-09
28  0.3  0.0723529
28  0.4  0.0825016
28  0.5  0.0807056
28  0.6  0.0734303
28  0.7  0.0612268
28  0.8  0.0496359
26  10.5  3.82438e-09
28  0.9  0.0390901
28  1.0  0.0298195
28  1.1  0.0232297
28  1.2  0.0176517
28  1.4  0.0101975
28  1.3  0.0133483
28  1.5  0.00769132
28  1.6  0.00582964
26  11.0  2.26445e-09
28  1.7  0.00450314
28  1.8  0.00336456
28  1.9  0.00261397
28  2.0  0.00202159
28  3.0  0.00020342
28  2.5  0.000604011
28  3.5  7.09517e-05
26  11.5  1.27784e-09
26  12.0  7.75258e-10
28  4.5  1.1484e-05
28  4.0  2.74046e-05
28  5.5  2.06472e-06
28  5.0  4.91051e-06
28  6.0  1.02946e-06
28  8.0  6.63001e-08
28  7.5  1.24762e-07
28  6.5  4.84907e-07
28  7.0  2.36487e-07
28  10.0  6.08683e-09
28  8.5  3.4013e-08
28  9.0  1.89822e-08
28  9.5  1.02343e-08
30  0.2  0.0476676
30  0.3  0.0664159
30  0.4  0.0737945
30  0.5  0.0700406
28  10.5  3.297e-09
28  12.0  6.51987e-10
30  0.7  0.0520771
30  0.6  0.0626126
30  0.8  0.0412641
30  0.9  0.03228
30  1.0  0.0247501
30  1.2  0.0141188
30  1.1  0.0187568
28  11.5  1.1082e-09
30  1.3  0.0106555
30  1.4  0.00824282
30  1.6  0.00467251
30  1.5  0.00607843
30  1.7  0.00351687
30  1.9  0.0021059
30  1.8  0.00267304
30  2.0  0.00161058
30  2.5  0.000478206
28  11.0  1.86111e-09
30  3.0  0.000155016
30  3.5  5.60917e-05
30  4.0  2.10469e-05
30  4.5  8.46781e-06
30  5.0  3.74938e-06
30  5.5  1.69638e-06
30  7.0  1.89069e-07
30  7.5  9.93807e-08
30  6.5  3.73234e-07
30  6.0  7.79557e-07
30  8.0  5.18846e-08
30  8.5  2.72597e-08
30  9.0  1.51057e-08
30  9.5  8.05159e-09
30  11.0  1.46546e-09
32  0.2  0.0434383
30  10.0  4.59385e-09
32  0.3  0.058504
32  0.5  0.057361
32  0.4  0.0622245
30  10.5  2.60119e-09
32  0.6  0.0493032
32  0.7  0.0391743
32  0.8  0.0310777
32  0.9  0.0240679
30  11.5  8.56656e-10
32  1.0  0.0181433
32  1.1  0.0138492
32  1.2  0.0104183
32  1.3  0.00752326
32  1.4  0.00590821
32  1.5  0.00444646
32  1.6  0.00341905
32  1.7  0.00259388
32  2.0  0.0011633
32  1.8  0.00197664
32  1.9  0.00149949
32  2.5  0.000343895
32  3.5  4.02829e-05
32  3.0  0.000114076
30  12.0  5.08572e-10
32  4.5  6.21371e-06
32  4.0  1.50271e-05
32  5.0  2.67707e-06
32  5.5  1.20399e-06
32  7.0  1.39317e-07
32  7.5  7.05713e-08
32  6.0  5.70598e-07
32  6.5  2.80002e-07
32  8.0  3.65837e-08
32  8.5  1.96457e-08
32  9.0  1.06099e-08
32  9.5  5.76023e-09
34  0.2  0.0376322
32  10.5  1.87746e-09
34  0.3  0.0461243
32  10.0  3.28418e-09
34  0.4  0.0465398
34  0.5  0.0415729
34  0.6  0.0351246
34  0.7  0.0276952
34  0.9  0.0164042
34  0.8  0.0211399
32  11.5  6.25295e-10
34  1.0  0.0123129
34  1.1  0.00922725
34  1.2  0.00690906
32  11.0  1.03054e-09
34  1.3  0.005188
34  1.4  0.00386795
34  1.5  0.00289383
34  1.6  0.00218132
34  1.7  0.00168728
34  1.8  0.00128582
34  1.9  0.000997593
34  2.5  0.000224154
34  2.0  0.000791897
34  3.0  6.93098e-05
34  3.5  2.49312e-05
32  12.0  3.69162e-10
34  5.0  1.71358e-06
34  4.5  3.98316e-06
34  4.0  9.4987e-06
34  5.5  7.49306e-07
34  7.0  8.68469e-08
34  6.0  3.69443e-07
34  6.5  1.69739e-07
34  7.5  4.53964e-08
34  8.0  2.26585e-08
34  8.5  1.2542e-08
34  10.0  2.1538e-09
34  9.0  6.87955e-09
34  9.5  3.65628e-09
34  11.0  6.68786e-10
4  0.2  0.0593662
4  0.3  0.0868272
4  0.4  0.104376
4  0.5  0.110159
4  0.6  0.106065
4  0.7  0.0931972
4  0.8  0.0781572
4  0.9  0.0636011
4  1.0  0.0510191
34  10.5  1.21362e-09
4  1.1  0.040512
4  1.2  0.0309835
4  1.4  0.0184562
4  1.3  0.0240053
4  1.6  0.0109342
4  1.5  0.0141936
4  1.7  0.00854641
4  1.9  0.00514636
4  1.8  0.00656952
4  2.5  0.00118531
4  2.0  0.00394171
4  3.0  0.00039039
4  3.5  0.000140205
34  11.5  3.92157e-10
34  12.0  2.314e-10
4  5.0  9.91366e-06
4  4.5  2.1833e-05
4  4.0  5.45618e-05
4  5.5  4.38819e-06
4  6.5  9.82999e-07
4  6.0  1.98791e-06
4  7.0  4.9064e-07
4  8.5  6.79506e-08
4  7.5  2.48429e-07
4  9.0  3.719e-08
4  8.0  1.32461e-07
4  10.5  6.67102e-09
4  9.5  2.12477e-08
6  0.2  0.0593247
6  0.3  0.0863847
6  0.4  0.105018
6  0.5  0.110355
6  0.6  0.105574
4  10.0  1.1633e-08
6  0.7  0.0939346
6  0.8  0.0782443
6  0.9  0.0639799
6  1.0  0.0506182
6  1.1  0.0397898
6  1.2  0.031117
6  1.3  0.0238726
6  1.5  0.0142282
6  1.4  0.0184362
6  1.6  0.0108797
6  1.7  0.00834187
6  1.9  0.00511046
6  1.8  0.00649779
6  2.5  0.00117287
6  2.0  0.00389198
6  3.0  0.000383446
4  11.0  3.73363e-09
6  3.5  0.000138883
4  11.5  2.2694e-09
4  12.0  1.28884e-09
6  4.5  2.23395e-05
6  4.0  5.36393e-05
6  5.0  9.55477e-06
6  6.5  9.97992e-07
6  5.5  4.35892e-06
6  6.0  2.06181e-06
6  7.0  4.87212e-07
6  9.0  3.8045e-08
6  7.5  2.50218e-07
6  8.0  1.29986e-07
6  8.5  6.80369e-08
6  10.0  1.16415e-08
6  11.0  3.70426e-09
6  10.5  6.6184e-09
6  9.5  2.05933e-08
8  0.2  0.0599042
8  0.3  0.0864732
8  0.5  0.110218
8  0.4  0.103465
8  0.6  0.103792
8  0.8  0.0771349
8  0.7  0.0932634
8  0.9  0.0627441
8  1.0  0.0504065
8  1.1  0.0392095
8  1.2  0.0308749
8  1.3  0.023678
8  1.4  0.0179897
8  1.5  0.0140041
8  1.6  0.0107211
8  1.9  0.00508178
8  1.7  0.00826268
8  1.8  0.00641587
8  2.0  0.00386867
8  2.5  0.00116655
8  3.0  0.000374718
8  3.5  0.000137934
6  11.5  2.14993e-09
8  5.0  9.61382e-06
6  12.0  1.28218e-09
8  4.5  2.22025e-05
8  4.0  5.37133e-05
8  5.5  4.32058e-06
8  6.5  9.67204e-07
8  6.0  2.01528e-06
8  7.0  4.87712e-07
8  8.5  6.90706e-08
8  7.5  2.47253e-07
8  8.0  1.30307e-07
8  9.0  3.61295e-08
8  10.0  1.15289e-08
8  9.5  2.03357e-08
8  10.5  6.48898e-09
8  11.5  2.12861e-09
8  11.0  3.65458e-09
8  12.0  1.25158e-09
