# exclusive D0 cross section, Pb target, LHAPDF fragmentation, An0n channel
# generated      : 2026-08-19 15:24:10 EEST
# calls          : 1e5 below 4.0 GeV, 2e3 above (see EXCL_PT_THRESHOLD) (VEGAS calls per point, see CALLS_EXCL/CALLS_EXCL_FACTORIZED/CALLS_DIFF)
# dipole samples : data/Pb/bk_posterior/member_0040/glauber_mve_<b>
# pD0 sweep      : 0.2 0.3 0.4 0.5 0.6 0.7 0.8 0.9 1.0 1.1 1.2 1.3 1.4 1.5 1.6 1.7 1.8 1.9 2.0 2.5 3.0 3.5 4.0 4.5 5.0 5.5 6.0 6.5 7.0 7.5 8.0 8.5 9.0 9.5 10.0 10.5 11.0 11.5 12.0
# fixed rapidity y : -1.0
# ============================================================
# b  pD0  dsigma_dyd2pD0
0  0.3  2.54417
0  0.5  1.51374
0  0.4  1.98925
0  0.2  3.14279
0  0.6  1.13148
0  0.7  0.833678
0  0.8  0.611153
0  0.9  0.445604
0  1.0  0.324959
0  1.1  0.237866
0  1.2  0.174764
0  1.3  0.128318
0  1.4  0.0947894
0  1.5  0.0703411
0  1.7  0.0405255
0  1.8  0.0309045
0  1.6  0.052437
0  1.9  0.0235175
0  2.5  0.00476579
0  2.0  0.0178651
0  3.0  0.00132807
0  3.5  0.00042516
0  4.0  0.000179327
0  4.5  7.11709e-05
0  5.0  3.0385e-05
0  5.5  1.38948e-05
0  6.0  6.67202e-06
0  6.5  3.34374e-06
0  8.0  5.60225e-07
0  7.5  9.75153e-07
0  7.0  1.7896e-06
0  8.5  3.28231e-07
0  9.5  1.24945e-07
0  9.0  2.03101e-07
0  10.5  5.25669e-08
0  10.0  8.14011e-08
10  0.2  2.96585
10  0.3  2.39504
0  11.0  3.52464e-08
10  0.4  1.87181
10  0.5  1.42216
10  0.6  1.05848
10  0.7  0.779652
10  0.8  0.569879
10  0.9  0.414658
10  1.0  0.301738
10  1.1  0.220507
10  1.2  0.161305
10  1.3  0.118445
10  1.4  0.0880584
10  1.5  0.0659689
10  1.6  0.0480592
10  1.7  0.0360869
10  1.8  0.0281203
10  1.9  0.0214092
10  2.0  0.0160996
0  11.5  2.42887e-08
10  3.0  0.00117902
10  2.5  0.00416239
10  3.5  0.000518649
0  12.0  1.69691e-08
10  4.5  6.44216e-05
10  4.0  0.000162754
10  5.0  2.76576e-05
10  5.5  1.25461e-05
10  6.0  6.03791e-06
10  6.5  3.04308e-06
10  7.5  8.81457e-07
10  7.0  1.61394e-06
10  8.5  2.97608e-07
10  8.0  5.09306e-07
10  9.0  1.83722e-07
10  9.5  1.14621e-07
10  10.0  7.36728e-08
12  0.2  2.88729
10  11.0  3.18479e-08
12  0.3  2.3284
10  10.5  4.79899e-08
12  0.4  1.81604
12  0.5  1.37913
12  0.6  1.0275
10  11.5  2.17442e-08
12  0.7  0.754023
12  0.8  0.550281
12  0.9  0.400357
12  1.1  0.212481
12  1.0  0.290935
12  1.2  0.155021
12  1.3  0.113344
12  1.4  0.083729
12  1.5  0.0622004
12  1.6  0.0471876
12  1.7  0.0348768
12  1.8  0.0270715
12  1.9  0.0202427
12  2.0  0.0152584
12  2.5  0.00413186
12  3.0  0.00109074
12  3.5  0.000426104
10  12.0  1.53476e-08
12  4.0  0.000155664
12  4.5  6.14058e-05
12  5.0  2.62465e-05
12  5.5  1.19496e-05
12  7.0  1.52446e-06
12  6.5  2.89099e-06
12  6.0  5.75365e-06
12  7.5  8.40625e-07
12  8.5  2.84157e-07
12  8.0  4.85604e-07
12  9.0  1.72585e-07
12  9.5  1.09269e-07
12  10.0  6.91892e-08
14  0.2  2.78831
14  0.3  2.24721
12  10.5  4.61778e-08
12  11.5  2.07593e-08
14  0.4  1.75144
14  0.5  1.32752
14  0.6  0.987453
14  0.7  0.723423
14  0.8  0.527172
14  0.9  0.382876
12  11.0  3.08074e-08
14  1.0  0.278356
14  1.1  0.202895
14  1.2  0.148251
14  1.3  0.108324
14  1.4  0.0806495
14  1.5  0.0589958
14  1.7  0.033834
14  1.6  0.0440913
14  1.8  0.0256667
14  1.9  0.0191176
14  2.5  0.00401261
14  2.0  0.0145867
14  3.5  0.000606897
14  3.0  0.00113223
12  12.0  1.4536e-08
14  4.5  5.82153e-05
14  5.0  2.47155e-05
14  4.0  0.000145568
14  5.5  1.12675e-05
14  7.0  1.43464e-06
14  6.5  2.72542e-06
14  7.5  7.86388e-07
14  6.0  5.40995e-06
14  8.5  2.66583e-07
14  8.0  4.52781e-07
14  9.5  1.01187e-07
14  9.0  1.64016e-07
14  10.5  4.2737e-08
14  10.0  6.63938e-08
16  0.2  2.6695
14  12.0  1.36144e-08
16  0.3  2.15057
16  0.4  1.67215
16  0.5  1.26357
16  0.6  0.937678
16  0.7  0.687411
16  0.8  0.49952
14  11.5  1.95461e-08
16  0.9  0.36244
16  1.0  0.262832
16  1.1  0.191632
14  11.0  2.90274e-08
16  1.2  0.14058
16  1.3  0.102137
16  1.4  0.0760266
16  1.5  0.055453
16  1.6  0.0421541
16  1.7  0.0314859
16  1.8  0.0243705
16  1.9  0.0183255
16  2.0  0.0136626
16  2.5  0.00348604
16  3.0  0.000891402
16  3.5  0.000178583
16  4.0  0.000135684
16  4.5  5.42105e-05
16  5.0  2.297e-05
16  5.5  1.04039e-05
16  7.0  1.32919e-06
16  6.5  2.52958e-06
16  6.0  5.03464e-06
16  7.5  7.35112e-07
16  8.0  4.1768e-07
16  8.5  2.46807e-07
16  9.5  9.38174e-08
16  9.0  1.52258e-07
16  10.5  3.9699e-08
16  10.0  6.13608e-08
18  0.2  2.52989
18  0.3  2.0326
18  0.4  1.57768
16  11.0  2.6625e-08
18  0.5  1.19093
18  0.6  0.882341
18  0.7  0.645024
16  11.5  1.81534e-08
18  0.8  0.467799
18  0.9  0.338952
18  1.0  0.245035
18  1.1  0.177908
18  1.2  0.129705
18  1.3  0.0956751
18  1.5  0.0526242
18  1.4  0.0695006
18  1.6  0.0389499
18  1.7  0.0293218
18  1.8  0.0219844
18  1.9  0.0164335
18  2.5  0.00285284
18  2.0  0.0125142
18  3.0  0.00115436
18  3.5  0.000291481
16  12.0  1.26587e-08
18  4.0  0.000123852
18  4.5  4.95861e-05
18  5.0  2.10481e-05
18  5.5  9.56646e-06
18  7.0  1.21477e-06
18  6.5  2.30811e-06
18  6.0  4.57579e-06
18  8.0  3.81073e-07
18  7.5  6.69871e-07
18  8.5  2.24637e-07
18  9.0  1.38642e-07
18  9.5  8.69052e-08
18  10.0  5.60014e-08
18  10.5  3.61998e-08
2  0.2  3.14096
2  0.3  2.53754
2  0.4  1.98467
2  0.5  1.51222
2  0.6  1.12866
2  0.7  0.830788
18  11.0  2.44387e-08
2  0.8  0.609971
2  0.9  0.444482
18  12.0  1.15267e-08
2  1.0  0.323854
2  1.1  0.236997
2  1.2  0.174091
2  1.3  0.127818
18  11.5  1.67258e-08
2  1.4  0.0945063
2  1.5  0.0703435
2  1.6  0.0523972
2  1.7  0.0402999
2  1.8  0.0297287
2  1.9  0.0227597
2  2.0  0.0174558
2  2.5  0.00462729
2  3.0  0.00133888
2  3.5  0.000460965
2  4.0  0.00017837
2  4.5  7.08556e-05
2  5.0  3.02717e-05
2  5.5  1.38497e-05
2  6.0  6.64653e-06
2  6.5  3.33103e-06
2  7.5  9.74579e-07
2  8.0  5.5772e-07
2  7.0  1.7764e-06
2  9.5  1.24438e-07
2  8.5  3.31639e-07
2  9.0  2.02299e-07
2  10.0  8.12425e-08
20  0.2  2.36031
20  0.3  1.89301
20  0.4  1.46763
2  10.5  5.32205e-08
20  0.5  1.10517
20  0.6  0.815534
20  0.7  0.593689
20  0.8  0.430046
20  0.9  0.310292
20  1.0  0.224749
2  11.0  3.56665e-08
20  1.1  0.162575
20  1.3  0.0870123
20  1.2  0.118461
20  1.4  0.0630002
20  1.5  0.0465548
20  1.6  0.0345812
20  1.7  0.0256871
20  1.8  0.0195306
20  1.9  0.0148905
2  11.5  2.42298e-08
20  2.0  0.0112435
20  2.5  0.00306543
20  3.0  0.000816285
20  3.5  0.00027647
2  12.0  1.69045e-08
20  4.0  0.000110572
20  4.5  4.42548e-05
20  5.0  1.87261e-05
20  5.5  8.48815e-06
20  7.0  1.0864e-06
20  7.5  5.95598e-07
20  6.0  4.07261e-06
20  6.5  2.05618e-06
20  8.5  2.00242e-07
20  9.5  7.69303e-08
20  8.0  3.4406e-07
20  9.0  1.23551e-07
20  10.0  4.90366e-08
20  10.5  3.18568e-08
20  11.0  2.15455e-08
22  0.2  2.16102
22  0.3  1.72908
22  0.4  1.33538
22  0.5  1.00232
22  0.6  0.737476
22  0.7  0.536265
22  0.8  0.386866
22  0.9  0.277267
22  1.0  0.200192
22  1.1  0.144775
22  1.3  0.0771693
22  1.2  0.104872
22  1.4  0.0558693
22  1.5  0.0417551
22  1.6  0.0311061
22  1.8  0.0174883
22  1.7  0.0228043
20  11.5  1.48794e-08
22  1.9  0.0131742
22  2.0  0.00996638
22  3.0  0.000839242
22  2.5  0.00252415
22  3.5  0.000233766
20  12.0  1.03089e-08
22  4.0  9.60385e-05
22  4.5  3.8234e-05
22  5.0  1.62088e-05
22  5.5  7.37421e-06
22  7.0  9.38185e-07
22  6.5  1.77737e-06
22  6.0  3.52907e-06
22  7.5  5.12635e-07
22  8.0  2.9224e-07
22  8.5  1.72806e-07
22  10.0  4.24109e-08
22  9.0  1.06552e-07
22  9.5  6.63729e-08
24  0.2  1.92227
22  12.0  8.85155e-09
24  0.3  1.53361
24  0.4  1.18016
22  10.5  2.80766e-08
24  0.5  0.88249
24  0.6  0.645862
24  0.8  0.336022
24  0.7  0.467552
22  11.0  1.88415e-08
24  0.9  0.240812
24  1.0  0.172551
24  1.1  0.124564
24  1.2  0.0903801
24  1.3  0.0654891
24  1.4  0.0477369
24  1.5  0.0350052
24  1.6  0.025991
24  1.7  0.0198035
24  1.8  0.0149493
22  11.5  1.28169e-08
24  1.9  0.0111181
24  2.0  0.00842514
24  2.5  0.00218307
24  3.0  0.000531964
24  3.5  0.000203669
24  4.0  7.96761e-05
24  4.5  3.16764e-05
24  5.0  1.34031e-05
24  5.5  6.10069e-06
24  7.0  7.74561e-07
24  6.0  2.91461e-06
24  7.5  4.23364e-07
24  6.5  1.4659e-06
24  8.0  2.43163e-07
24  9.0  8.71396e-08
24  8.5  1.45058e-07
24  9.5  5.45777e-08
24  10.0  3.5379e-08
24  10.5  2.29031e-08
26  0.2  1.64207
24  11.0  1.53637e-08
26  0.3  1.30248
26  0.4  0.997908
26  0.5  0.741436
26  0.6  0.539795
26  0.7  0.388295
26  0.8  0.27769
26  0.9  0.19783
26  1.0  0.141567
26  1.1  0.101737
24  11.5  1.05034e-08
26  1.3  0.0533465
26  1.2  0.0730804
26  1.4  0.038343
26  1.5  0.0287827
26  1.6  0.0207874
26  1.7  0.0160425
26  1.8  0.0115062
26  1.9  0.00874601
26  2.5  0.0016908
26  2.0  0.00644856
26  3.0  0.000514611
26  3.5  0.000239453
26  4.5  2.47119e-05
24  12.0  7.36798e-09
26  4.0  6.25868e-05
26  5.0  1.04846e-05
26  6.5  1.12761e-06
26  5.5  4.74491e-06
26  6.0  2.27002e-06
26  7.5  3.28181e-07
26  8.5  1.10577e-07
26  7.0  6.0393e-07
26  8.0  1.88186e-07
26  10.0  2.70201e-08
26  9.0  6.81737e-08
26  9.5  4.27414e-08
26  10.5  1.77099e-08
28  0.2  1.31137
26  11.5  8.06755e-09
28  0.3  1.03658
28  0.4  0.787574
26  12.0  5.64374e-09
28  0.5  0.581349
28  0.6  0.420219
28  0.7  0.299291
28  0.8  0.212939
26  11.0  1.2052e-08
28  0.9  0.15112
28  1.0  0.107208
28  1.1  0.076632
28  1.2  0.054771
28  1.3  0.039656
28  1.5  0.0213089
28  1.4  0.0285695
28  1.6  0.0152228
28  1.7  0.0116029
28  1.8  0.00862773
28  1.9  0.0064915
28  2.0  0.00481643
28  2.5  0.0012174
28  3.0  0.00028971
28  3.5  0.000128305
28  4.0  4.45265e-05
28  6.0  1.57929e-06
28  4.5  1.73765e-05
28  5.0  7.41096e-06
28  5.5  3.34926e-06
28  7.5  2.31116e-07
28  8.0  1.31395e-07
28  7.0  4.23257e-07
28  6.5  8.02843e-07
28  8.5  7.76978e-08
28  9.5  2.95457e-08
28  10.0  1.90804e-08
28  9.0  4.79183e-08
30  0.2  0.953463
28  11.5  5.66219e-09
30  0.3  0.74778
30  0.4  0.563174
30  0.5  0.411915
28  10.5  1.265e-08
30  0.6  0.294133
30  0.7  0.208442
30  0.9  0.103041
30  0.8  0.1467
28  11.0  8.45845e-09
30  1.0  0.0726939
30  1.1  0.0516467
30  1.2  0.0365994
30  1.3  0.0261521
30  1.4  0.0188615
30  1.5  0.0137293
28  12.0  3.95809e-09
30  1.6  0.0103861
30  1.7  0.00761692
30  1.8  0.00569323
30  1.9  0.00432147
30  2.0  0.00327779
30  2.5  0.000783583
30  3.0  0.000218038
30  3.5  6.2125e-05
30  4.0  2.752e-05
30  4.5  1.09182e-05
30  5.0  4.55239e-06
30  5.5  2.07666e-06
30  6.0  9.85332e-07
30  7.5  1.42056e-07
30  6.5  4.93629e-07
30  8.0  8.11846e-08
30  7.0  2.62489e-07
30  9.5  1.81463e-08
30  8.5  4.83616e-08
30  10.0  1.16226e-08
30  9.0  2.94922e-08
30  11.0  5.13532e-09
32  0.2  0.608368
30  11.5  3.49172e-09
32  0.3  0.47222
32  0.4  0.351598
30  10.5  7.74359e-09
32  0.5  0.253765
32  0.7  0.125242
32  0.6  0.179456
32  0.8  0.087316
32  0.9  0.0609667
32  1.0  0.0423089
32  1.1  0.0298025
32  1.2  0.0211167
32  1.3  0.015041
32  1.4  0.0107422
32  1.5  0.00772725
32  1.6  0.00565748
32  1.7  0.00412172
32  1.9  0.00233283
32  1.8  0.00304916
32  2.0  0.00174533
32  2.5  0.000422924
30  12.0  2.42196e-09
32  3.5  7.2688e-05
32  3.0  0.000104062
32  4.0  1.44633e-05
32  6.0  5.00389e-07
32  4.5  5.67314e-06
32  5.0  2.38477e-06
32  5.5  1.06812e-06
32  6.5  2.56464e-07
32  7.5  7.3193e-08
32  7.0  1.34986e-07
32  8.0  4.18318e-08
32  8.5  2.47321e-08
32  10.0  5.81874e-09
32  10.5  3.91333e-09
32  9.0  1.48885e-08
32  9.5  9.39112e-09
32  11.0  2.58956e-09
32  11.5  1.77952e-09
34  0.2  0.3335
34  0.3  0.255851
34  0.4  0.187834
34  0.5  0.133574
34  0.6  0.0931146
34  0.7  0.0642595
34  0.8  0.0441109
34  0.9  0.0303224
34  1.1  0.0145579
34  1.0  0.0209919
34  1.2  0.010204
34  1.3  0.00724908
34  1.5  0.00376575
34  1.4  0.0051961
32  12.0  1.23336e-09
34  1.7  0.002032
34  1.6  0.00265082
34  1.8  0.00143679
34  1.9  0.00108324
34  2.0  0.000803925
34  2.5  0.000181669
34  3.5  2.73954e-05
34  3.0  4.84209e-05
34  4.0  6.35175e-06
34  6.0  2.11787e-07
34  5.5  4.53566e-07
34  4.5  2.43107e-06
34  6.5  1.05931e-07
34  5.0  1.02164e-06
34  8.5  1.01265e-08
34  7.0  5.62822e-08
34  7.5  3.07721e-08
34  8.0  1.74655e-08
34  10.0  2.46509e-09
34  9.0  6.20663e-09
34  9.5  3.89051e-09
34  11.0  1.08021e-09
4  0.2  3.118
4  0.3  2.52084
4  0.4  1.97053
4  0.5  1.50125
4  0.6  1.12056
4  0.7  0.82516
4  0.8  0.60456
34  10.5  1.63543e-09
4  0.9  0.44069
4  1.0  0.321985
4  1.1  0.235238
4  1.2  0.172488
4  1.3  0.128083
4  1.5  0.0693524
4  1.4  0.093361
34  12.0  5.1195e-10
4  1.6  0.0529836
4  1.7  0.0389641
4  1.8  0.0305042
4  1.9  0.0226301
4  2.0  0.0178319
4  2.5  0.00465694
4  3.0  0.00137541
4  3.5  0.000396373
34  11.5  7.44367e-10
4  4.0  0.000175185
4  4.5  7.04646e-05
4  5.0  2.993e-05
4  5.5  1.36669e-05
4  6.0  6.56949e-06
4  6.5  3.29291e-06
4  8.0  5.50704e-07
4  7.5  9.60225e-07
4  7.0  1.75129e-06
4  8.5  3.27838e-07
4  9.0  1.99859e-07
4  9.5  1.24683e-07
4  10.5  5.17905e-08
6  0.2  3.08167
4  11.0  3.47428e-08
6  0.3  2.49123
6  0.4  1.94753
4  10.0  8.01927e-08
6  0.5  1.4817
6  0.6  1.10701
6  0.7  0.813168
6  0.8  0.596511
6  0.9  0.434579
6  1.1  0.232116
6  1.0  0.317075
6  1.2  0.170035
6  1.3  0.12608
6  1.4  0.0920573
6  1.5  0.0681864
6  1.6  0.0512913
6  1.8  0.0300452
6  1.7  0.0382095
6  1.9  0.0222231
6  2.0  0.0168207
6  2.5  0.00448032
6  3.0  0.00159126
6  3.5  0.000515127
4  11.5  2.38892e-08
6  4.0  0.000171892
4  12.0  1.67313e-08
6  4.5  6.92461e-05
6  5.0  2.92983e-05
6  5.5  1.34059e-05
6  6.0  6.44197e-06
6  6.5  3.22936e-06
6  7.5  9.41399e-07
6  7.0  1.71788e-06
6  8.0  5.43934e-07
6  8.5  3.21313e-07
6  9.0  1.95683e-07
6  9.5  1.22399e-07
6  10.0  7.74651e-08
8  0.2  3.03145
8  0.3  2.45129
6  10.5  5.15242e-08
8  0.4  1.91462
8  0.5  1.45557
8  0.6  1.08349
8  0.7  0.800126
8  0.8  0.583873
8  0.9  0.426424
8  1.0  0.310669
8  1.1  0.226475
8  1.2  0.166046
6  11.0  3.44605e-08
8  1.3  0.123195
8  1.4  0.0901168
8  1.5  0.0669443
8  1.6  0.0498414
8  1.7  0.0373664
6  11.5  2.34919e-08
8  1.8  0.0291312
8  2.0  0.0166323
8  1.9  0.021377
8  2.5  0.00454664
8  3.0  0.00152926
8  3.5  0.00036627
6  12.0  1.64045e-08
8  4.5  6.68047e-05
8  4.0  0.000169163
8  5.0  2.86097e-05
8  5.5  1.30449e-05
8  7.5  9.01593e-07
8  6.0  6.26553e-06
8  6.5  3.16234e-06
8  7.0  1.67081e-06
8  8.5  3.09318e-07
8  8.0  5.29073e-07
8  9.0  1.90066e-07
8  9.5  1.19112e-07
8  10.5  4.94095e-08
8  10.0  7.65002e-08
8  11.5  2.25088e-08
8  11.0  3.30937e-08
8  12.0  1.59336e-08
