# exclusive D0 cross section, Pb target, HymnD fragmentation, An0n channel
# generated      : 2026-08-20 11:04:50 EEST
# calls          : 1e5 below 4.0 GeV, 2e3 above (see EXCL_PT_THRESHOLD) (VEGAS calls per point, see CALLS_EXCL/CALLS_EXCL_FACTORIZED/CALLS_DIFF)
# dipole samples : data/Pb/bk_posterior/member_0070/glauber_mve_<b>
# pD0 sweep      : 0.2 0.3 0.4 0.5 0.6 0.7 0.8 0.9 1.0 1.1 1.2 1.3 1.4 1.5 1.6 1.7 1.8 1.9 2.0 2.5 3.0 3.5 4.0 4.5 5.0 5.5 6.0 6.5 7.0 7.5 8.0 8.5 9.0 9.5 10.0 10.5 11.0 11.5 12.0
# fixed rapidity y : 3.0
# ============================================================
# b  pD0  dsigma_dyd2pD0
0  0.3  0.435709
0  0.2  0.54871
0  0.5  0.244877
0  0.4  0.332216
0  0.6  0.175928
0  0.8  0.0866908
0  0.7  0.124294
0  0.9  0.0601939
0  1.2  0.0198643
0  1.0  0.0414297
0  1.1  0.0285991
0  1.3  0.0136479
0  1.4  0.00947889
0  1.6  0.00461966
0  1.5  0.00660323
0  1.8  0.00231856
0  1.7  0.00324598
0  2.0  0.0011769
0  2.5  0.000233431
0  1.9  0.00162038
0  3.0  4.80114e-05
0  3.5  1.26304e-05
0  4.5  8.87711e-07
0  4.0  3.11084e-06
0  5.0  2.6676e-07
0  5.5  8.5879e-08
0  7.0  3.88054e-09
0  6.0  2.90873e-08
0  6.5  1.03654e-08
0  8.5  2.46343e-10
0  7.5  1.48372e-09
0  9.0  1.03236e-10
0  8.0  5.9191e-10
0  9.5  4.52176e-11
0  10.0  1.99805e-11
10  0.2  0.526624
10  0.3  0.417547
10  0.4  0.317962
10  0.5  0.233946
10  0.6  0.167789
10  0.7  0.118274
0  10.5  9.03473e-12
10  0.8  0.0824179
10  0.9  0.0568471
0  12.0  9.42212e-13
10  1.0  0.0393634
10  1.1  0.0270296
0  11.0  4.18062e-12
10  1.2  0.01862
10  1.3  0.0128805
10  1.4  0.00896429
10  1.5  0.00624899
10  1.6  0.00432638
10  1.7  0.00304874
10  1.9  0.00154096
10  1.8  0.00213125
10  2.5  0.000210644
10  2.0  0.0010779
0  11.5  1.96368e-12
10  3.0  4.52809e-05
10  3.5  1.02157e-05
10  4.0  2.87232e-06
10  4.5  8.11537e-07
10  5.0  2.45778e-07
10  5.5  7.8981e-08
10  6.0  2.67266e-08
10  6.5  9.51293e-09
10  7.0  3.53274e-09
10  7.5  1.35895e-09
10  8.0  5.4236e-10
10  8.5  2.22534e-10
10  9.0  9.41857e-11
10  9.5  4.08753e-11
12  0.2  0.516175
12  0.3  0.408887
10  10.0  1.81349e-11
12  0.4  0.31116
12  0.5  0.22883
12  0.6  0.16401
12  0.7  0.115522
12  0.8  0.0803887
10  10.5  8.25703e-12
12  1.0  0.0383621
12  0.9  0.0555688
12  1.2  0.0181693
12  1.1  0.026311
12  1.3  0.0125323
12  1.4  0.00871527
12  1.5  0.00606734
12  1.6  0.00420924
12  1.7  0.00295891
12  1.8  0.00208375
10  11.0  3.81055e-12
12  1.9  0.00146462
12  2.0  0.00104327
12  2.5  0.000207159
10  12.0  8.67098e-13
12  3.0  4.36385e-05
12  3.5  1.02207e-05
10  11.5  1.80117e-12
12  4.5  7.87067e-07
12  5.0  2.37141e-07
12  4.0  2.76646e-06
12  5.5  7.58625e-08
12  6.0  2.56968e-08
12  6.5  9.13199e-09
12  7.0  3.38875e-09
12  7.5  1.30507e-09
12  9.0  8.96196e-11
12  8.0  5.20228e-10
12  8.5  2.13938e-10
12  9.5  3.91822e-11
12  10.0  1.73814e-11
14  0.2  0.503452
14  0.3  0.398503
14  0.4  0.302967
14  0.5  0.222643
14  0.6  0.159317
12  10.5  7.89538e-12
14  0.7  0.112158
14  0.8  0.0779869
14  0.9  0.0538062
14  1.0  0.0370494
14  1.1  0.0254525
14  1.2  0.0175326
14  1.4  0.00842002
14  1.3  0.0121634
12  11.0  3.65372e-12
14  1.5  0.00584252
14  1.6  0.00404784
14  1.7  0.00284083
14  1.8  0.0020045
14  2.0  0.0010141
14  1.9  0.00140993
14  2.5  0.000195937
14  3.5  1.1035e-05
14  3.0  4.36646e-05
12  12.0  8.31259e-13
12  11.5  1.72417e-12
14  4.5  7.505e-07
14  5.0  2.25847e-07
14  4.0  2.63982e-06
14  5.5  7.21558e-08
14  6.0  2.44504e-08
14  6.5  8.68071e-09
14  7.0  3.21856e-09
14  7.5  1.23739e-09
14  8.0  4.9323e-10
14  8.5  2.02901e-10
14  10.0  1.65494e-11
14  9.0  8.56613e-11
14  9.5  3.7111e-11
14  11.5  1.64741e-12
16  0.2  0.487933
16  0.3  0.38644
16  0.4  0.293216
16  0.5  0.215092
16  0.7  0.10804
16  0.6  0.153747
16  0.8  0.0750503
16  0.9  0.0518245
14  10.5  7.47248e-12
16  1.0  0.0355066
16  1.1  0.024482
16  1.2  0.0167741
16  1.3  0.0116478
16  1.5  0.00558464
16  1.4  0.00798486
14  11.0  3.43369e-12
16  1.7  0.00269814
16  1.8  0.0019395
16  1.6  0.00385825
14  12.0  7.85048e-13
16  1.9  0.00134261
16  2.0  0.000969229
16  3.0  4.0271e-05
16  2.5  0.000183704
16  3.5  1.02429e-05
16  4.0  2.49052e-06
16  4.5  7.00576e-07
16  5.0  2.1159e-07
16  5.5  6.78558e-08
16  6.0  2.29605e-08
16  6.5  8.14739e-09
16  7.0  3.0181e-09
16  7.5  1.16123e-09
16  8.0  4.62313e-10
16  8.5  1.89882e-10
16  9.0  8.01867e-11
16  9.5  3.47322e-11
16  10.0  1.5349e-11
18  0.2  0.469223
18  0.3  0.371155
18  0.4  0.281282
18  0.5  0.206018
18  0.6  0.147048
18  0.7  0.103136
18  0.8  0.0715178
16  10.5  6.98757e-12
18  0.9  0.0492393
18  1.0  0.033781
16  11.0  3.23612e-12
16  11.5  1.52596e-12
18  1.2  0.015945
18  1.1  0.0231399
18  1.3  0.0110168
18  1.4  0.00759203
18  1.5  0.00528208
18  1.6  0.00363895
18  1.7  0.00254414
18  1.8  0.00182452
18  2.0  0.00090136
18  1.9  0.00126456
18  2.5  0.000174821
18  3.0  3.69717e-05
18  3.5  8.93764e-06
18  4.5  6.58165e-07
16  12.0  7.31028e-13
18  4.0  2.31392e-06
18  5.0  1.96179e-07
18  7.0  2.81455e-09
18  5.5  6.28325e-08
18  6.0  2.12389e-08
18  6.5  7.52825e-09
18  7.5  1.07878e-09
18  9.0  7.40683e-11
18  8.0  4.26046e-10
18  8.5  1.74724e-10
18  9.5  3.19547e-11
18  10.0  1.41739e-11
2  0.2  0.547719
2  0.3  0.43502
2  0.4  0.331619
2  0.5  0.24441
2  0.6  0.175528
2  0.7  0.12407
18  10.5  6.42214e-12
2  0.9  0.0600435
2  0.8  0.0865707
2  1.0  0.0413459
2  1.1  0.0285387
2  1.2  0.0196766
2  1.3  0.0136183
2  1.4  0.00951432
2  1.5  0.00657832
2  1.6  0.00461419
2  1.7  0.0032384
2  1.8  0.00228392
2  2.0  0.00117509
18  11.5  1.40087e-12
2  1.9  0.00160601
2  2.5  0.000225506
2  3.5  1.17818e-05
2  3.0  4.80448e-05
18  11.0  2.97553e-12
2  4.5  8.8452e-07
18  12.0  6.70994e-13
2  4.0  3.10254e-06
2  5.0  2.65937e-07
2  5.5  8.55514e-08
2  7.0  3.87292e-09
2  6.0  2.89937e-08
2  6.5  1.03318e-08
2  8.5  2.46e-10
2  9.0  1.02901e-10
2  7.5  1.47889e-09
2  8.0  5.89953e-10
2  9.5  4.46479e-11
20  0.2  0.446809
2  10.0  1.97975e-11
20  0.3  0.352771
20  0.4  0.266728
20  0.5  0.19511
20  0.6  0.139017
2  10.5  9.0047e-12
20  0.7  0.0972592
20  0.8  0.0673399
20  0.9  0.0462976
20  1.0  0.0316208
20  1.1  0.0217448
20  1.2  0.0148474
20  1.3  0.0102015
20  1.4  0.00707986
20  1.5  0.00490395
20  1.6  0.00338902
2  11.0  4.16529e-12
20  1.8  0.00166229
20  1.7  0.00236567
20  1.9  0.00119288
20  2.0  0.00083556
20  2.5  0.000162528
20  3.5  7.68189e-06
20  3.0  3.19353e-05
2  11.5  1.9686e-12
2  12.0  9.42952e-13
20  4.0  2.11127e-06
20  4.5  5.92478e-07
20  6.0  1.94851e-08
20  5.0  1.78428e-07
20  5.5  5.7059e-08
20  7.0  2.52124e-09
20  6.5  6.8244e-09
20  8.5  1.59482e-10
20  7.5  9.69613e-10
20  8.0  3.84772e-10
20  9.0  6.66704e-11
20  9.5  2.88178e-11
20  10.5  5.82153e-12
20  10.0  1.27758e-11
22  0.2  0.419415
22  0.3  0.330376
22  0.4  0.249483
22  0.5  0.181955
22  0.6  0.129238
22  0.7  0.0902483
22  0.8  0.0623422
22  0.9  0.042671
22  1.0  0.0291226
20  11.5  1.26413e-12
22  1.1  0.0199263
22  1.2  0.0136312
20  11.0  2.67565e-12
22  1.3  0.00934113
22  1.5  0.00446378
22  1.4  0.00648032
22  1.6  0.00308742
22  1.7  0.00215385
22  1.8  0.00150954
22  1.9  0.0010589
22  2.0  0.000760618
22  3.0  2.92012e-05
22  2.5  0.000142206
22  3.5  7.0483e-06
20  12.0  6.03072e-13
22  4.0  1.88117e-06
22  4.5  5.26367e-07
22  5.0  1.58161e-07
22  6.0  1.71344e-08
22  5.5  5.04737e-08
22  6.5  6.01548e-09
22  7.5  8.55821e-10
22  7.0  2.2221e-09
22  9.0  5.88495e-11
22  8.0  3.38028e-10
22  9.5  2.52856e-11
22  8.5  1.38739e-10
24  0.2  0.385739
22  10.0  1.11868e-11
24  0.3  0.303327
24  0.4  0.228303
24  0.5  0.165996
22  10.5  5.07013e-12
24  0.6  0.117492
22  11.0  2.34307e-12
24  0.7  0.0818137
24  0.8  0.0563048
24  0.9  0.0384363
24  1.0  0.0261492
24  1.1  0.0178449
24  1.2  0.0121607
24  1.3  0.00837154
24  1.4  0.00571702
24  1.5  0.00396532
24  1.6  0.00274403
24  1.7  0.00190146
24  1.8  0.00132562
24  1.9  0.000932466
24  2.0  0.000658094
24  2.5  0.000124802
22  11.5  1.10229e-12
24  3.0  2.81387e-05
24  3.5  6.23185e-06
22  12.0  5.2688e-13
24  4.0  1.61648e-06
24  4.5  4.50899e-07
24  5.0  1.35169e-07
24  5.5  4.30151e-08
24  6.0  1.44772e-08
24  6.5  5.11245e-09
24  7.0  1.88689e-09
24  8.0  2.86463e-10
24  7.5  7.22332e-10
24  9.5  2.13409e-11
24  8.5  1.17126e-10
24  9.0  4.92668e-11
24  10.0  9.41795e-12
26  0.2  0.344259
24  10.5  4.26342e-12
26  0.3  0.26988
26  0.4  0.202364
26  0.5  0.146538
26  0.6  0.103276
26  0.7  0.071608
26  0.8  0.0490381
24  11.0  1.96895e-12
26  0.9  0.0333812
26  1.0  0.0226519
26  1.2  0.0104558
26  1.1  0.0153554
26  1.3  0.00710576
26  1.5  0.00334635
26  1.4  0.0048663
26  1.6  0.00231315
26  1.7  0.00163407
26  1.9  0.000804805
26  1.8  0.00112062
26  2.0  0.000554409
26  2.5  0.000102929
26  3.0  2.1509e-05
24  11.5  9.2546e-13
26  3.5  4.77667e-06
24  12.0  4.42449e-13
26  4.0  1.32083e-06
26  4.5  3.66927e-07
26  5.0  1.09601e-07
26  5.5  3.48027e-08
26  6.0  1.16927e-08
26  6.5  4.11297e-09
26  7.0  1.51284e-09
26  9.0  3.93558e-11
26  7.5  5.78008e-10
26  8.5  9.39015e-11
26  8.0  2.28721e-10
26  9.5  1.69844e-11
28  0.2  0.293723
26  10.0  7.48629e-12
28  0.3  0.229225
28  0.4  0.171003
28  0.5  0.123089
28  0.6  0.0863001
26  10.5  3.38558e-12
28  0.8  0.04051
28  0.7  0.0594264
28  0.9  0.0274066
28  1.0  0.0185388
28  1.1  0.0124882
28  1.2  0.00845163
28  1.3  0.00574813
28  1.5  0.00269065
26  12.0  3.54014e-13
28  1.4  0.0039101
28  1.6  0.00184653
26  11.0  1.55965e-12
28  1.7  0.00127423
28  1.8  0.00088853
28  1.9  0.000619976
28  2.0  0.000438629
28  2.5  8.01296e-05
28  3.5  3.99356e-06
28  3.0  1.63323e-05
26  11.5  7.31813e-13
28  4.0  1.00358e-06
28  4.5  2.76562e-07
28  5.0  8.21745e-08
28  5.5  2.59882e-08
28  6.0  8.69816e-09
28  6.5  3.04729e-09
28  7.0  1.11794e-09
28  7.5  4.236e-10
28  8.0  1.68345e-10
28  8.5  6.85296e-11
28  10.0  5.47041e-12
28  9.0  2.87395e-11
28  9.5  1.23876e-11
30  0.2  0.234155
30  0.3  0.181672
30  0.4  0.134599
30  0.5  0.0961056
30  0.6  0.0668645
30  0.7  0.0456986
28  10.5  2.46367e-12
30  0.8  0.0308737
28  12.0  2.5626e-13
30  0.9  0.0207684
30  1.0  0.0138816
30  1.1  0.00933123
30  1.2  0.00627154
30  1.3  0.00423357
30  1.4  0.00287256
30  1.5  0.00195099
30  1.6  0.00134281
30  1.7  0.000923631
30  1.8  0.000640026
30  1.9  0.000443713
30  2.0  0.000312651
28  11.0  1.134e-12
30  2.5  5.61955e-05
30  3.0  1.18485e-05
30  3.5  2.84133e-06
28  11.5  5.30699e-13
30  4.0  6.808e-07
30  4.5  1.86512e-07
30  5.0  5.50906e-08
30  5.5  1.73147e-08
30  7.0  7.39924e-10
30  6.0  5.75881e-09
30  7.5  2.80201e-10
30  6.5  2.01306e-09
30  8.0  1.09815e-10
30  8.5  4.45482e-11
30  9.0  1.86472e-11
30  9.5  8.00721e-12
30  10.0  3.49021e-12
32  0.2  0.170357
30  10.5  1.58552e-12
32  0.3  0.131106
32  0.4  0.0961925
32  0.5  0.0679955
32  0.6  0.0468158
32  0.8  0.0211603
32  0.7  0.0316498
32  0.9  0.0141101
32  1.0  0.00935555
32  1.1  0.00623967
32  1.2  0.00414972
32  1.4  0.00186968
32  1.3  0.00277742
32  1.5  0.00127504
32  1.6  0.000865763
30  11.0  7.27094e-13
32  1.7  0.000594693
32  1.8  0.000412903
32  1.9  0.000286996
32  2.0  0.000196869
32  2.5  3.45288e-05
32  3.5  1.58698e-06
32  3.0  6.84087e-06
30  11.5  3.3981e-13
30  12.0  1.61923e-13
32  5.0  3.2014e-08
32  4.0  4.01433e-07
32  4.5  1.09125e-07
32  7.0  4.1517e-10
32  5.5  9.95643e-09
32  6.0  3.28374e-09
32  6.5  1.14045e-09
32  7.5  1.56376e-10
32  8.0  6.12061e-11
32  9.0  1.03247e-11
32  8.5  2.4711e-11
32  9.5  4.42068e-12
32  11.0  3.97375e-13
32  10.0  1.92977e-12
34  0.2  0.111517
34  0.3  0.0850002
32  10.5  8.58843e-13
34  0.4  0.0616246
34  0.5  0.0429906
34  0.6  0.0292
34  0.8  0.0128652
34  0.7  0.0195079
34  1.0  0.00558439
34  0.9  0.00848478
34  1.1  0.00367116
34  1.2  0.00242842
34  1.4  0.00107525
34  1.3  0.00160572
34  1.5  0.000727391
34  1.6  0.000486462
34  1.7  0.000333406
34  1.8  0.000225481
34  1.9  0.000160646
34  2.0  0.000108015
34  3.0  3.81604e-06
34  2.5  1.87868e-05
34  3.5  8.46927e-07
32  11.5  1.8481e-13
32  12.0  8.77174e-14
34  4.5  5.44025e-08
34  4.0  2.0289e-07
34  5.0  1.56988e-08
34  5.5  4.85036e-09
34  6.0  1.58627e-09
34  6.5  5.46368e-10
34  7.0  1.96761e-10
34  8.5  1.16233e-11
34  9.0  4.77699e-12
34  7.5  7.37918e-11
34  8.0  2.86353e-11
34  9.5  2.03033e-12
34  10.0  8.83666e-13
4  0.2  0.545107
4  0.3  0.432886
4  0.4  0.330005
4  0.5  0.243199
4  0.6  0.174737
4  0.7  0.123318
4  0.8  0.085964
34  12.0  3.96618e-14
34  10.5  3.94609e-13
4  0.9  0.0596262
4  1.0  0.0410929
4  1.1  0.028357
4  1.2  0.0195692
4  1.4  0.00945045
4  1.3  0.0135312
4  1.6  0.0045705
4  1.5  0.00652428
4  1.7  0.00321549
4  1.8  0.00225799
34  11.0  1.79825e-13
4  2.0  0.00116632
4  1.9  0.00160585
4  2.5  0.000227013
4  3.0  4.71924e-05
4  3.5  1.23388e-05
34  11.5  8.36895e-14
4  4.0  3.07501e-06
4  4.5  8.69051e-07
4  5.0  2.63448e-07
4  5.5  8.47169e-08
4  7.0  3.83229e-09
4  6.0  2.87121e-08
4  6.5  1.02298e-08
4  7.5  1.46466e-09
4  8.0  5.84073e-10
4  8.5  2.4037e-10
4  9.0  1.01587e-10
4  9.5  4.41344e-11
6  0.2  0.540832
6  0.3  0.429379
6  0.4  0.32712
4  10.0  1.95805e-11
6  0.5  0.241067
6  0.6  0.173068
6  0.7  0.122082
4  10.5  8.90434e-12
6  0.8  0.0851909
6  0.9  0.0590319
6  1.0  0.0407094
6  1.1  0.0280461
6  1.2  0.0193456
4  11.0  4.12068e-12
6  1.3  0.0133795
6  1.4  0.00933839
6  1.5  0.00646968
6  1.6  0.00451161
6  1.7  0.00317647
6  1.8  0.0022608
6  1.9  0.00158748
6  2.0  0.00112256
6  2.5  0.000221836
6  3.5  1.23804e-05
6  3.0  4.77862e-05
4  11.5  1.94772e-12
4  12.0  9.32911e-13
6  5.0  2.59736e-07
6  4.0  3.02418e-06
6  4.5  8.56657e-07
6  5.5  8.3326e-08
6  7.0  3.77758e-09
6  6.0  2.82422e-08
6  6.5  1.00583e-08
6  7.5  1.43854e-09
6  8.0  5.74193e-10
6  8.5  2.36209e-10
6  9.0  9.99043e-11
6  9.5  4.32932e-11
6  11.5  1.92001e-12
8  0.2  0.534834
6  10.0  1.92457e-11
8  0.3  0.424335
8  0.4  0.323062
8  0.5  0.237944
8  0.6  0.170672
8  0.7  0.120329
8  0.8  0.0839508
6  10.5  8.74962e-12
8  1.0  0.0400535
8  0.9  0.0581229
8  1.1  0.0276029
8  1.2  0.0190551
8  1.3  0.013163
8  1.4  0.00915518
8  1.5  0.00635147
6  11.0  4.05002e-12
8  1.6  0.00443567
8  1.7  0.0031211
8  1.8  0.00219188
8  1.9  0.00157107
8  2.5  0.000217409
8  2.0  0.00110384
6  12.0  9.19548e-13
8  3.0  4.53287e-05
8  3.5  1.17404e-05
8  4.0  2.95754e-06
8  4.5  8.36167e-07
8  5.0  2.53433e-07
8  5.5  8.14016e-08
8  7.0  3.66763e-09
8  6.0  2.75813e-08
8  7.5  1.40336e-09
8  6.5  9.82096e-09
8  8.0  5.60436e-10
8  8.5  2.30207e-10
8  9.0  9.74008e-11
8  9.5  4.22478e-11
8  11.0  3.97297e-12
8  10.0  1.87816e-11
8  10.5  8.53671e-12
8  12.0  8.96284e-13
8  11.5  1.86381e-12
