# diffractive D0 cross section, Pb target, LHAPDF fragmentation, An0n channel
# generated      : 2026-08-20 10:20:12 EEST
# calls          : 1e5 (VEGAS calls per point, see CALLS_EXCL/CALLS_EXCL_FACTORIZED/CALLS_DIFF)
# dipole samples : data/Pb/mve/glauber_mve_<b>
# pD0 sweep      : 0.2 0.3 0.4 0.5 0.6 0.7 0.8 0.9 1.0 1.1 1.2 1.3 1.4 1.5 1.6 1.7 1.8 1.9 2.0 2.5 3.0 3.5 4.0 4.5 5.0 5.5 6.0 6.5 7.0 7.5 8.0 8.5 9.0 9.5 10.0 10.5 11.0 11.5 12.0
# fixed rapidity y : 0.0
# ============================================================
# b  pD0  dsigma_dyd2pD0
0  0.4  0.896109
0  0.2  0.487554
0  0.5  1.06299
0  0.3  0.716252
0  0.6  1.07881
0  0.7  1.04124
0  0.9  0.833888
0  0.8  0.94535
0  1.0  0.723698
0  1.2  0.502074
0  1.1  0.602254
0  1.3  0.410503
0  1.4  0.341994
0  1.5  0.282414
0  1.6  0.229744
0  1.7  0.189076
0  1.8  0.153909
0  1.9  0.128159
0  2.0  0.106297
0  2.5  0.0438684
0  3.5  0.00991656
0  3.0  0.0197321
0  5.0  0.00171025
0  4.0  0.00523914
0  4.5  0.00291834
0  5.5  0.00104908
0  6.5  0.000435917
0  7.0  0.000297357
0  6.0  0.000665166
0  7.5  0.000198936
0  8.0  0.000141495
0  8.5  9.84799e-05
0  9.0  7.11422e-05
0  11.0  2.16446e-05
0  9.5  5.34723e-05
0  10.0  3.90103e-05
10  0.2  0.48078
10  0.3  0.707442
10  0.4  0.906291
10  0.5  1.03868
10  0.6  1.05573
10  0.7  1.03041
0  10.5  2.86546e-05
10  0.8  0.926804
10  0.9  0.809798
10  1.0  0.694228
10  1.1  0.580213
10  1.2  0.482206
10  1.3  0.392605
10  1.4  0.325256
10  1.5  0.269022
10  1.6  0.218355
10  1.7  0.181149
10  1.8  0.147085
10  1.9  0.121405
10  2.0  0.101737
10  2.5  0.0417329
10  3.0  0.0190424
10  3.5  0.00928291
0  11.5  1.64203e-05
10  4.5  0.00275332
10  5.0  0.0016312
0  12.0  1.28106e-05
10  4.0  0.00502957
10  5.5  0.000984955
10  7.0  0.000282197
10  6.0  0.000628135
10  6.5  0.000413137
10  7.5  0.000189029
10  8.0  0.000134272
10  8.5  9.65826e-05
10  9.0  6.7935e-05
10  9.5  4.94342e-05
10  11.0  2.06902e-05
10  10.0  3.79065e-05
12  0.2  0.467274
12  0.3  0.708816
12  0.4  0.89877
12  0.5  1.02311
12  0.6  1.05368
12  0.7  1.01039
10  10.5  2.75803e-05
12  0.8  0.919811
12  1.0  0.680603
12  0.9  0.797706
12  1.1  0.570509
12  1.2  0.471264
12  1.3  0.387054
12  1.4  0.321408
12  1.5  0.262308
12  1.6  0.216036
12  1.7  0.176669
12  1.8  0.144836
12  1.9  0.117645
12  2.0  0.099426
12  2.5  0.0413325
12  3.5  0.00932465
12  3.0  0.0186166
10  11.5  1.59765e-05
12  4.0  0.00482289
12  5.0  0.00157187
10  12.0  1.2585e-05
12  4.5  0.00269545
12  5.5  0.000984938
12  7.0  0.000268759
12  6.0  0.000621298
12  6.5  0.000402393
12  8.5  9.33176e-05
12  7.5  0.000188506
12  8.0  0.000131567
12  9.0  6.6261e-05
12  9.5  4.85757e-05
12  10.0  3.68779e-05
14  0.2  0.475186
14  0.3  0.694919
12  10.5  2.70556e-05
14  0.4  0.89966
14  0.5  1.01402
14  0.6  1.03994
14  0.7  0.995111
14  0.8  0.89836
14  0.9  0.782101
14  1.0  0.664533
14  1.1  0.559626
12  11.0  2.03637e-05
14  1.2  0.465575
14  1.3  0.384096
14  1.5  0.255893
14  1.4  0.310883
14  1.6  0.209352
14  1.7  0.17223
14  1.8  0.141718
14  1.9  0.117118
14  3.0  0.0180664
14  2.5  0.039985
12  11.5  1.54943e-05
14  2.0  0.0966341
14  3.5  0.00886799
12  12.0  1.19788e-05
14  4.0  0.00476095
14  5.0  0.00153975
14  4.5  0.00263371
14  5.5  0.000942196
14  6.5  0.000390813
14  7.0  0.000260426
14  6.0  0.00060174
14  7.5  0.000183657
14  8.0  0.00012594
14  8.5  9.10931e-05
14  9.0  6.39087e-05
14  9.5  4.70192e-05
14  10.0  3.57734e-05
16  0.2  0.473122
16  0.3  0.694275
16  0.4  0.878325
16  0.5  1.01501
14  10.5  2.61067e-05
16  0.6  1.02817
16  0.7  0.967072
16  0.9  0.762321
16  0.8  0.869039
16  1.0  0.646945
16  1.1  0.54348
16  1.2  0.451354
16  1.3  0.368589
16  1.4  0.303603
16  1.5  0.245933
16  1.6  0.199421
14  11.0  1.97089e-05
16  1.7  0.167335
16  1.8  0.137872
16  1.9  0.110352
16  2.0  0.0913971
16  2.5  0.0381266
16  3.0  0.0173564
16  3.5  0.0087798
14  11.5  1.50039e-05
16  4.0  0.00457788
16  5.0  0.00146959
14  12.0  1.15108e-05
16  4.5  0.00252782
16  6.5  0.000377594
16  5.5  0.0009183
16  7.0  0.000259513
16  6.0  0.000578193
16  7.5  0.000176919
16  8.0  0.000123662
16  8.5  8.60323e-05
16  9.0  6.25572e-05
16  9.5  4.63851e-05
16  10.0  3.41268e-05
18  0.2  0.46483
18  0.3  0.684866
18  0.4  0.881613
18  0.5  0.982037
16  10.5  2.50172e-05
18  0.7  0.951938
18  0.6  1.0087
18  0.8  0.857737
18  0.9  0.739734
18  1.0  0.629241
18  1.1  0.521344
18  1.2  0.431281
18  1.3  0.354122
18  1.5  0.237696
16  11.0  1.94972e-05
18  1.4  0.294734
18  1.6  0.193145
18  1.7  0.159965
18  1.8  0.131691
18  1.9  0.107418
18  2.5  0.0358428
18  2.0  0.0895139
18  3.0  0.0167321
18  3.5  0.00829356
16  12.0  1.14967e-05
16  11.5  1.45221e-05
18  4.5  0.00242586
18  5.0  0.00141529
18  4.0  0.00430937
18  5.5  0.000869772
18  6.5  0.000362248
18  7.0  0.000240375
18  6.0  0.00054802
18  8.0  0.000115319
18  7.5  0.000164654
18  8.5  8.24592e-05
18  9.0  6.03926e-05
18  9.5  4.42757e-05
18  10.0  3.17724e-05
2  0.2  0.478409
2  0.3  0.708251
2  0.4  0.932388
2  0.5  1.06063
2  0.6  1.08024
18  10.5  2.45904e-05
2  0.7  1.02929
2  0.8  0.957981
2  0.9  0.833503
2  1.0  0.723666
2  1.1  0.603566
2  1.2  0.501367
2  1.3  0.413316
18  11.0  1.77042e-05
2  1.4  0.339827
2  1.5  0.27705
2  1.6  0.226074
2  1.7  0.186915
2  1.8  0.153237
2  1.9  0.12807
2  2.0  0.107061
2  2.5  0.0439627
2  3.0  0.0201573
2  3.5  0.00986611
18  11.5  1.42257e-05
2  5.0  0.0017117
18  12.0  1.09781e-05
2  4.0  0.00522728
2  4.5  0.00289202
2  5.5  0.00106748
2  6.5  0.000433141
2  7.0  0.000293893
2  6.0  0.00065945
2  7.5  0.000198716
2  8.0  0.000141673
2  8.5  9.80177e-05
2  9.0  7.07218e-05
2  11.0  2.16798e-05
2  9.5  5.3017e-05
20  0.2  0.459335
2  10.0  3.94798e-05
20  0.3  0.674862
20  0.4  0.850564
20  0.5  0.963917
20  0.6  0.975871
20  0.7  0.92536
20  0.8  0.817521
2  10.5  2.87948e-05
20  0.9  0.708639
20  1.0  0.594962
20  1.1  0.494613
20  1.2  0.413294
20  1.3  0.333828
20  1.4  0.276154
20  1.6  0.185997
20  1.5  0.227428
20  1.7  0.14969
20  1.9  0.102581
20  1.8  0.125419
20  2.0  0.0846001
20  2.5  0.0349378
20  3.0  0.0157228
20  3.5  0.00768766
2  11.5  1.67447e-05
2  12.0  1.2672e-05
20  4.5  0.00228361
20  4.0  0.00411322
20  5.0  0.0013323
20  5.5  0.000833961
20  6.0  0.000536696
20  6.5  0.000337509
20  7.0  0.000227182
20  8.0  0.000111706
20  7.5  0.00015958
20  8.5  7.75965e-05
20  9.5  4.06449e-05
20  9.0  5.58431e-05
20  10.0  3.01418e-05
22  0.2  0.447502
22  0.3  0.65836
22  0.4  0.839368
22  0.5  0.936831
20  10.5  2.30794e-05
22  0.6  0.930782
22  0.7  0.878298
22  0.8  0.782426
22  0.9  0.673887
22  1.0  0.564281
22  1.1  0.46944
22  1.2  0.38772
22  1.3  0.317028
22  1.4  0.261787
22  1.5  0.214269
22  1.6  0.172525
22  1.7  0.142766
20  11.0  1.68559e-05
22  1.8  0.116606
22  1.9  0.0956092
22  2.0  0.0792186
22  3.0  0.0146565
22  2.5  0.032721
22  3.5  0.00725804
20  11.5  1.30667e-05
20  12.0  1.03399e-05
22  4.0  0.00380078
22  4.5  0.00213335
22  5.0  0.00123658
22  5.5  0.000764938
22  6.0  0.000482464
22  6.5  0.000316924
22  7.0  0.000211282
22  7.5  0.000148713
22  8.0  0.00010232
22  8.5  7.14239e-05
22  9.0  5.1546e-05
22  9.5  3.79223e-05
22  10.0  2.84864e-05
24  0.2  0.436022
24  0.3  0.629703
24  0.4  0.813661
24  0.5  0.89863
22  10.5  2.09556e-05
24  0.6  0.887095
24  0.7  0.827228
24  0.8  0.729784
24  0.9  0.632144
24  1.0  0.530346
24  1.1  0.438404
24  1.2  0.362143
24  1.3  0.294342
24  1.4  0.237424
24  1.5  0.192774
22  11.0  1.62241e-05
24  1.6  0.160352
24  1.8  0.107325
24  1.7  0.129524
24  1.9  0.0868884
24  2.0  0.0727423
24  3.0  0.0133036
24  2.5  0.0295676
24  3.5  0.00661318
22  11.5  1.23021e-05
24  5.0  0.00113055
22  12.0  9.45147e-06
24  4.0  0.00346789
24  4.5  0.00196247
24  5.5  0.000690276
24  6.5  0.000285015
24  7.5  0.000132128
24  6.0  0.000452673
24  7.0  0.000194863
24  8.0  9.46759e-05
24  9.0  4.71768e-05
24  8.5  6.43526e-05
24  9.5  3.42257e-05
24  10.0  2.53249e-05
26  0.2  0.424023
26  0.3  0.621522
26  0.4  0.775877
26  0.5  0.8416
24  10.5  1.90251e-05
26  0.6  0.830963
26  0.7  0.767972
26  0.8  0.667001
26  0.9  0.570863
26  1.0  0.479786
26  1.1  0.39407
26  1.2  0.32359
26  1.3  0.259918
26  1.4  0.214295
26  1.6  0.140505
26  1.5  0.17311
26  1.7  0.116134
24  11.0  1.44443e-05
26  1.9  0.0793279
26  1.8  0.0940756
26  2.0  0.0640443
26  2.5  0.0260279
26  3.0  0.0117785
26  3.5  0.00578789
24  11.5  1.08185e-05
24  12.0  8.50005e-06
26  4.0  0.00302842
26  4.5  0.00170116
26  5.0  0.000996908
26  6.5  0.000253218
26  5.5  0.000603806
26  6.0  0.000398583
26  7.0  0.000170516
26  9.0  4.2312e-05
26  8.0  8.06665e-05
26  7.5  0.000118251
26  8.5  5.75483e-05
26  9.5  3.03892e-05
26  10.0  2.23912e-05
28  0.2  0.402428
28  0.3  0.58542
28  0.4  0.719181
28  0.5  0.769368
26  10.5  1.67563e-05
28  0.6  0.740838
28  0.7  0.679855
28  0.8  0.595175
28  0.9  0.502547
28  1.0  0.411756
28  1.1  0.340543
26  11.0  1.28788e-05
28  1.2  0.278025
28  1.3  0.225538
28  1.4  0.182118
28  1.6  0.120204
28  1.5  0.14555
28  1.7  0.0976612
28  1.9  0.0648281
28  1.8  0.079619
28  2.0  0.0542064
28  2.5  0.0220971
26  11.5  9.65e-06
28  3.0  0.00989671
28  3.5  0.00486755
26  12.0  7.50953e-06
28  4.5  0.00145336
28  4.0  0.00256452
28  5.0  0.000848846
28  5.5  0.000516444
28  6.0  0.000323744
28  7.5  9.85439e-05
28  6.5  0.000218186
28  7.0  0.000146443
28  8.0  6.92388e-05
28  8.5  4.73436e-05
28  9.0  3.55192e-05
28  11.0  1.09167e-05
28  9.5  2.53378e-05
30  0.2  0.370943
28  10.0  1.86169e-05
30  0.3  0.533342
30  0.4  0.63364
30  0.5  0.659068
30  0.6  0.641671
30  0.7  0.569738
30  0.8  0.490146
30  0.9  0.410564
30  1.0  0.338331
28  10.5  1.3893e-05
30  1.1  0.275057
30  1.2  0.224037
30  1.3  0.181299
30  1.4  0.144778
30  1.5  0.117352
30  1.6  0.09572
30  1.7  0.0780549
30  1.8  0.0631825
30  2.0  0.042791
30  1.9  0.0518503
30  3.0  0.00782503
30  2.5  0.0174839
30  3.5  0.00380736
28  11.5  8.32335e-06
28  12.0  6.20991e-06
30  5.5  0.000403812
30  4.0  0.00200043
30  4.5  0.00114739
30  5.0  0.000649975
30  6.0  0.000260608
30  8.0  5.36763e-05
30  6.5  0.00016851
30  7.0  0.000114083
30  7.5  7.65947e-05
30  8.5  3.73122e-05
30  9.0  2.75743e-05
30  9.5  2.02691e-05
32  0.2  0.335685
32  0.3  0.465817
30  10.0  1.47971e-05
30  11.5  6.29705e-06
32  0.4  0.526732
32  0.5  0.537351
32  0.6  0.493461
30  10.5  1.09275e-05
32  0.7  0.433916
32  0.9  0.302637
32  0.8  0.36669
32  1.0  0.249299
32  1.1  0.201445
32  1.2  0.161955
32  1.3  0.132293
32  1.4  0.105907
32  1.5  0.0862342
32  1.6  0.0694554
32  1.7  0.0555023
32  1.8  0.0459972
32  1.9  0.0370135
30  11.0  8.37248e-06
32  2.0  0.0307797
32  2.5  0.0125174
32  3.5  0.00272549
32  3.0  0.00561905
30  12.0  4.9077e-06
32  5.5  0.000293816
32  4.0  0.00144042
32  4.5  0.000801758
32  5.0  0.00047959
32  6.5  0.000117023
32  7.5  5.40879e-05
32  6.0  0.000180232
32  8.0  3.72451e-05
32  7.0  7.94774e-05
32  9.0  1.9516e-05
32  8.5  2.65238e-05
32  9.5  1.41812e-05
32  11.0  5.89732e-06
4  0.2  0.48245
4  0.3  0.717669
32  10.0  1.04624e-05
4  0.4  0.928265
4  0.5  1.06601
4  0.6  1.09124
4  0.7  1.03107
4  0.8  0.941912
4  0.9  0.818679
4  1.0  0.712574
4  1.1  0.598873
4  1.3  0.411572
4  1.2  0.495939
32  10.5  7.75305e-06
4  1.4  0.334852
4  1.5  0.275101
4  1.6  0.223772
4  1.7  0.186898
4  1.9  0.127294
4  1.8  0.154443
4  2.0  0.105583
4  2.5  0.0438796
4  3.0  0.0197355
4  3.5  0.00985631
32  12.0  3.46449e-06
32  11.5  4.50354e-06
4  5.0  0.00170799
4  4.0  0.00514504
4  4.5  0.00288812
4  5.5  0.00104606
4  6.5  0.000423468
4  7.0  0.000295034
4  6.0  0.00065103
4  7.5  0.000203151
4  8.0  0.000141002
4  8.5  9.75242e-05
4  9.0  7.2802e-05
4  11.0  2.22298e-05
4  9.5  5.21885e-05
6  0.2  0.482323
4  10.0  3.93384e-05
6  0.3  0.702855
6  0.4  0.908897
6  0.5  1.0403
6  0.6  1.07172
4  10.5  2.94458e-05
6  0.7  1.02833
6  0.8  0.935967
6  0.9  0.821277
6  1.0  0.710152
6  1.1  0.590365
6  1.2  0.493603
6  1.3  0.404704
6  1.4  0.334864
6  1.5  0.279848
6  1.6  0.224754
6  1.7  0.186106
6  1.8  0.154216
6  1.9  0.12278
6  2.0  0.104611
6  2.5  0.0431727
6  3.0  0.0195975
4  11.5  1.69801e-05
6  3.5  0.00980202
4  12.0  1.3128e-05
6  5.0  0.00168149
6  4.0  0.00514311
6  4.5  0.00289164
6  5.5  0.00102691
6  7.0  0.000276275
6  6.0  0.000649661
6  6.5  0.000426028
6  7.5  0.000199343
6  8.0  0.000136244
6  8.5  9.50729e-05
6  9.0  7.18243e-05
6  9.5  5.16014e-05
6  11.0  2.20079e-05
6  10.0  3.88495e-05
8  0.2  0.483318
8  0.3  0.713484
8  0.4  0.901315
8  0.5  1.02865
8  0.6  1.08195
6  10.5  2.93003e-05
8  0.7  1.02929
8  0.8  0.932586
8  0.9  0.818961
8  1.0  0.698633
8  1.1  0.58686
8  1.2  0.487986
8  1.3  0.401992
8  1.4  0.333546
8  1.5  0.271002
8  1.6  0.225421
8  1.7  0.182625
8  1.8  0.151604
8  1.9  0.125263
8  2.0  0.102475
8  2.5  0.0428501
8  3.0  0.0194562
8  3.5  0.00944245
6  11.5  1.62321e-05
6  12.0  1.30602e-05
8  5.0  0.00165948
8  4.5  0.00282296
8  4.0  0.00506613
8  6.5  0.000418587
8  5.5  0.00102246
8  7.0  0.000278787
8  6.0  0.000643491
8  7.5  0.000197534
8  8.0  0.000138519
8  8.5  9.60127e-05
8  9.0  7.09316e-05
8  9.5  5.03531e-05
8  11.0  2.1469e-05
8  10.0  3.72378e-05
8  10.5  2.80011e-05
8  11.5  1.6586e-05
8  12.0  1.254e-05
