# exclusive D0 cross section, Pb target, HymnD fragmentation, An0n channel
# generated      : 2026-10-05 13:07:00 EEST
# flux_model     : EFF (TARGET=AA)
# scale_factor   : 1.0 (fragmentation scale Q = SCALE_FACTOR * m_T)
# calls          : 1e6 below 3.0 GeV, 2e4 above (see EXCL_PT_THRESHOLD) (VEGAS calls per point, see CALLS_EXCL/CALLS_EXCL_FACTORIZED/CALLS_DIFF)
# dipole samples : data/Pb/mve/glauber_mve_<b_d>
# pD0 sweep      : 0.2 0.3 0.4 0.5 0.6 0.7 0.8 0.9 1.0 1.1 1.2 1.3 1.4 1.5 1.6 1.7 1.8 1.9 2.0 2.5 3.0 3.5 4.0 4.5 5.0 5.5 6.0 6.5 7.0 7.5 8.0 8.5 9.0 9.5 10.0 10.5 11.0 11.5 12.0
# fixed rapidity y : 1.0
# ============================================================
# b_d  pD0  dsigma_dyd2pD0
0  0.3  2.79403
10  0.3  2.65519
0  0.4  2.17257
0  0.9  0.455251
0  0.2  3.4662
10  0.2  3.29881
10  0.5  1.55172
10  0.7  0.829417
0  2.5  0.00357129
0  0.5  1.63921
10  0.6  1.14255
0  0.8  0.634075
0  1.0  0.326064
0  1.8  0.025348
10  0.4  2.06054
0  1.6  0.0466587
10  1.6  0.0433471
10  2.5  0.00328513
10  0.9  0.427346
10  1.0  0.305688
0  1.2  0.167902
10  1.2  0.156781
0  1.5  0.0639354
0  0.6  1.20949
0  2.0  0.0141046
0  0.7  0.879862
0  1.1  0.234118
10  0.8  0.596744
10  1.1  0.218857
0  1.3  0.121377
10  1.4  0.0818885
10  1.3  0.11306
0  1.4  0.0879509
10  1.5  0.0594708
0  1.7  0.0342425
10  1.7  0.0318751
0  1.9  0.0188351
10  1.8  0.0234837
10  1.9  0.0174482
10  2.0  0.0130609
12  0.3  2.59113
12  0.2  3.22137
12  0.5  1.51151
12  0.9  0.414735
12  0.6  1.11202
12  2.5  0.00314697
12  0.7  0.80623
12  0.4  2.00913
12  1.0  0.296228
12  1.8  0.0226536
12  1.7  0.0307307
12  1.6  0.0418479
12  0.8  0.579413
12  1.9  0.0168084
12  1.1  0.212073
12  1.2  0.152085
12  2.0  0.0125747
12  1.3  0.109453
12  1.5  0.0574127
12  1.4  0.0790967
14  0.2  3.12616
14  0.7  0.778086
14  0.4  1.94621
14  0.5  1.46219
14  0.6  1.07441
14  0.3  2.51245
14  0.8  0.558555
14  1.0  0.28478
14  1.1  0.203729
14  0.9  0.399363
14  1.3  0.105009
14  1.2  0.145735
14  1.4  0.0758334
14  1.5  0.0550319
14  1.6  0.040039
14  2.5  0.00297091
14  2.0  0.0120134
14  1.7  0.0294052
14  1.8  0.0216682
14  1.9  0.0160908
10  11.5  4.42345e-09
10  3.0  0.000919597
0  3.0  0.00100025
14  5.5  5.71703e-06
0  4.0  0.00010813
10  4.0  9.90588e-05
12  3.0  0.000883472
10  4.5  3.69269e-05
12  4.0  9.50091e-05
0  6.0  3.10766e-06
10  6.0  2.83508e-06
10  6.5  1.33878e-06
0  6.5  1.46809e-06
0  7.5  3.71323e-07
0  7.0  7.23829e-07
16  0.2  3.01188
10  7.0  6.60187e-07
12  6.0  2.71412e-06
14  3.0  0.000840223
16  0.4  1.87034
16  0.3  2.41742
10  7.5  3.38219e-07
16  0.7  0.744333
12  6.5  1.28194e-06
16  0.6  1.0295
16  0.5  1.40304
16  0.9  0.38071
0  9.5  3.51365e-08
16  0.8  0.533542
0  10.0  2.07856e-08
16  1.0  0.271422
16  1.6  0.0378952
16  1.5  0.0521257
16  1.1  0.193777
0  3.5  0.000313493
16  1.2  0.138534
14  4.0  9.01694e-05
10  9.5  3.19554e-08
16  1.3  0.0995883
0  10.5  1.25737e-08
10  10.0  1.88914e-08
16  1.7  0.0278092
10  3.5  0.000287656
16  1.4  0.0718481
14  4.5  3.35706e-05
0  11.0  7.75929e-09
16  1.8  0.0204912
16  1.9  0.0152072
16  2.5  0.00282606
16  2.0  0.011345
10  10.5  1.1424e-08
12  9.5  3.05293e-08
12  3.5  0.000276105
18  0.2  2.87413
10  11.0  7.04718e-09
0  4.5  4.03255e-05
14  6.0  2.56983e-06
10  5.0  1.47556e-05
18  0.3  2.30388
0  5.0  1.61429e-05
12  10.5  1.09135e-08
18  0.6  0.975983
18  0.4  1.77898
12  4.5  3.53224e-05
0  5.5  6.87845e-06
18  0.8  0.503553
12  11.0  6.73155e-09
18  0.5  1.33264
18  0.7  0.704187
18  0.9  0.358925
10  5.5  6.29306e-06
18  1.0  0.255562
18  1.1  0.182065
18  1.5  0.0487158
18  1.2  0.129975
18  1.8  0.019093
12  5.0  1.41371e-05
18  1.4  0.0672132
18  1.3  0.0933943
18  1.6  0.0355024
18  1.9  0.0141689
12  5.5  6.01641e-06
18  1.7  0.025876
18  2.5  0.00261894
18  2.0  0.0105262
14  3.5  0.000262284
0  8.0  1.96724e-07
0  9.0  6.07735e-08
12  7.0  6.31062e-07
14  11.0  6.34406e-09
0  8.5  1.07751e-07
10  8.0  1.79254e-07
10  8.5  9.81646e-08
2  0.2  3.45975
14  5.0  1.33986e-05
12  7.5  3.22706e-07
2  0.3  2.78864
10  9.0  5.5184e-08
12  8.0  1.71446e-07
2  0.4  2.16823
2  0.6  1.20704
2  0.5  1.63581
14  6.5  1.21266e-06
2  0.8  0.632608
12  8.5  9.39751e-08
2  1.0  0.32481
2  0.9  0.454174
2  0.7  0.87794
12  9.0  5.2811e-08
2  1.1  0.233518
2  1.2  0.167455
2  1.8  0.0253302
2  1.5  0.0637609
2  1.3  0.121029
2  1.4  0.0877114
2  1.6  0.0465285
2  1.9  0.0187697
2  1.7  0.0342034
0  11.5  4.87706e-09
14  7.0  5.97596e-07
2  2.5  0.00357036
2  2.0  0.0141173
0  12.0  3.11325e-09
12  10.0  1.80439e-08
10  12.0  2.82642e-09
18  6.0  2.20589e-06
12  12.0  2.70048e-09
12  11.5  4.21811e-09
16  3.5  0.000246731
14  9.5  2.88428e-08
16  4.0  8.45039e-05
20  0.2  2.70904
16  4.5  3.14334e-05
20  0.3  2.16791
18  9.5  2.45343e-08
20  0.6  0.912165
20  0.4  1.67085
20  0.7  0.656761
20  0.5  1.24842
16  6.0  2.40131e-06
20  0.8  0.468835
18  3.0  0.000730707
20  0.9  0.333428
16  6.5  1.13286e-06
20  1.0  0.236689
20  1.1  0.168477
18  10.5  8.77998e-09
20  1.2  0.120152
16  7.0  5.58062e-07
20  1.6  0.0325339
20  1.3  0.086059
18  4.0  7.79634e-05
16  7.5  2.85489e-07
14  12.0  2.55379e-09
20  1.4  0.0619798
20  1.5  0.0447905
18  4.5  2.89685e-05
20  1.8  0.0175146
20  1.7  0.0237877
20  1.9  0.0129745
16  8.5  8.27175e-08
20  2.0  0.00962733
2  5.5  6.86908e-06
20  2.5  0.00238326
16  3.0  0.00078879
14  7.5  3.05211e-07
16  9.5  2.68772e-08
14  8.0  1.61805e-07
18  6.5  1.04058e-06
16  11.0  5.91795e-09
16  10.5  9.59873e-09
14  8.5  8.85214e-08
18  7.0  5.12216e-07
22  0.2  2.50988
22  0.4  1.54133
22  0.3  2.00476
22  0.5  1.14818
14  9.0  4.98452e-08
16  5.0  1.25567e-05
22  0.7  0.600605
22  0.6  0.836394
16  11.5  3.71658e-09
22  0.8  0.427531
2  3.0  0.000997057
16  5.5  5.34237e-06
22  0.9  0.303031
18  9.0  4.26845e-08
22  1.3  0.0774845
22  1.2  0.108501
18  3.5  0.000227368
22  1.0  0.214669
22  1.4  0.0557398
22  1.1  0.152456
22  2.0  0.00855829
22  1.6  0.0291866
2  4.0  0.00010777
22  1.5  0.0402133
14  10.0  1.7032e-08
22  1.8  0.0156325
22  1.7  0.0212971
22  1.9  0.0115449
22  2.5  0.00211272
14  10.5  1.02871e-08
2  4.5  4.02192e-05
2  5.0  1.61078e-05
20  4.0  7.05333e-05
18  5.0  1.15411e-05
2  6.0  3.09593e-06
16  8.0  1.51077e-07
18  5.5  4.90798e-06
24  0.2  2.27068
20  6.0  1.98444e-06
24  0.4  1.38555
24  0.3  1.80809
16  9.0  4.64329e-08
14  11.5  3.98468e-09
24  0.5  1.02836
24  0.6  0.746375
24  0.7  0.533922
24  0.8  0.378434
2  7.5  3.70007e-07
24  0.9  0.267425
24  1.4  0.0484503
24  1.5  0.0348903
24  1.0  0.188823
24  1.2  0.0949248
24  1.3  0.0677168
24  1.1  0.133715
16  10.0  1.58654e-08
2  3.5  0.000312469
18  7.5  2.61913e-07
24  2.0  0.00737452
24  1.6  0.0252639
24  1.8  0.013512
24  1.9  0.00999806
24  1.7  0.0183791
24  2.5  0.00181585
2  9.5  3.50095e-08
18  8.0  1.38714e-07
20  3.0  0.000663291
2  10.0  2.07016e-08
18  8.5  7.57213e-08
20  3.5  0.000206416
16  12.0  2.37508e-09
2  10.5  1.25279e-08
2  11.0  7.72759e-09
22  6.5  8.15943e-07
20  4.5  2.61539e-05
22  7.0  4.01478e-07
26  0.2  1.98059
20  5.5  4.42863e-06
26  0.3  1.5723
18  10.0  1.45382e-08
22  8.5  5.92307e-08
26  0.4  1.19873
26  0.5  0.885535
2  6.5  1.46233e-06
26  0.6  0.639465
26  0.7  0.455347
26  0.8  0.321149
20  6.5  9.36625e-07
26  0.9  0.225761
26  1.5  0.0288663
26  1.0  0.158956
2  7.0  7.20805e-07
26  1.1  0.112047
26  1.2  0.0793621
20  7.5  2.35195e-07
26  1.6  0.0208646
26  1.3  0.0564332
26  1.4  0.0402737
26  1.9  0.00819864
22  3.0  0.000586462
26  2.5  0.00146974
26  1.7  0.0151373
18  11.0  5.41696e-09
2  8.0  1.95882e-07
26  1.8  0.0110971
26  2.0  0.00605362
2  8.5  1.07388e-07
18  11.5  3.4004e-09
20  10.0  1.29874e-08
20  9.5  2.20678e-08
2  9.0  6.04972e-08
24  4.5  1.94069e-05
22  4.0  6.20085e-05
18  12.0  2.16866e-09
20  10.5  7.86496e-09
22  4.5  2.29674e-05
28  0.2  1.63462
28  0.3  1.29085
28  0.5  0.718413
28  0.4  0.979654
24  7.0  3.36155e-07
22  6.0  1.7376e-06
28  0.6  0.515523
28  0.7  0.364665
20  11.0  4.84821e-09
28  0.8  0.255639
20  5.0  1.04181e-05
28  1.1  0.087845
28  1.4  0.0311253
28  0.9  0.178991
28  1.0  0.125092
28  1.3  0.0437713
28  1.2  0.06163
28  1.5  0.022225
22  7.5  2.05131e-07
24  3.0  0.000499672
28  2.5  0.00110444
28  2.0  0.0045645
28  1.8  0.00847221
28  1.6  0.0160196
28  1.9  0.0062127
20  12.0  1.94263e-09
28  1.7  0.0115706
22  9.0  3.32891e-08
22  9.5  1.91914e-08
22  3.5  0.000181569
2  11.5  4.85019e-09
24  4.0  5.24894e-05
20  7.0  4.60275e-07
2  12.0  3.10776e-09
22  10.0  1.13256e-08
20  8.0  1.2427e-07
20  8.5  6.78956e-08
22  10.5  6.83811e-09
20  9.0  3.81775e-08
30  0.2  1.24324
24  5.5  3.26329e-06
26  6.5  5.4267e-07
30  0.3  0.975191
30  0.4  0.733502
30  0.5  0.533795
30  0.6  0.379897
22  5.0  9.12491e-06
24  6.0  1.45995e-06
22  11.5  2.64285e-09
30  0.7  0.266274
30  1.0  0.0893013
22  5.5  3.87664e-06
30  0.8  0.185223
30  1.1  0.0622876
30  1.2  0.0435843
30  0.9  0.128518
22  12.0  1.68701e-09
30  1.4  0.0216977
30  1.3  0.030665
30  1.8  0.0057877
30  1.5  0.015444
30  1.6  0.0110693
30  1.9  0.00426956
30  2.0  0.00309028
30  1.7  0.00797904
30  2.5  0.000751706
26  3.0  0.000403337
24  3.5  0.000154147
26  3.5  0.000124103
22  8.0  1.08394e-07
24  9.5  1.60061e-08
20  11.5  3.04217e-09
26  4.0  4.20064e-05
26  4.5  1.54746e-05
24  5.0  7.69261e-06
24  10.5  5.69479e-09
26  5.5  2.59388e-06
32  0.2  0.84479
24  11.0  3.50069e-09
32  0.4  0.488872
32  0.3  0.656927
32  0.5  0.351762
26  7.0  2.65727e-07
32  0.7  0.171586
32  0.6  0.247522
28  10.0  5.29209e-09
32  0.8  0.11818
28  3.5  9.18944e-05
32  0.9  0.081231
24  6.5  6.84183e-07
28  11.0  1.95141e-09
32  1.2  0.0268652
32  1.3  0.0187799
32  1.1  0.0386458
28  4.0  3.097e-05
32  1.4  0.0132107
22  11.0  4.2008e-09
32  1.0  0.0559395
32  1.6  0.0066546
32  1.5  0.00933515
32  1.7  0.00478507
32  2.0  0.00182963
24  7.5  1.71731e-07
32  1.8  0.00347034
32  1.9  0.00252544
28  4.5  1.13516e-05
32  2.5  0.000427943
26  9.5  1.25564e-08
26  10.0  7.39795e-09
24  8.0  9.06925e-08
28  5.5  1.88739e-06
24  8.5  4.95673e-08
24  9.0  2.76983e-08
26  5.0  6.13085e-06
4  0.2  3.44018
4  0.3  2.77232
28  3.0  0.000299918
26  6.0  1.15421e-06
4  0.4  2.15509
4  0.5  1.62552
30  3.5  6.05312e-05
24  10.0  9.42438e-09
28  8.0  5.14568e-08
4  0.6  1.19911
4  0.7  0.871887
4  0.9  0.450915
4  1.0  0.322997
4  0.8  0.62818
4  1.1  0.231701
4  1.2  0.16615
30  4.0  2.02458e-05
4  1.3  0.120074
4  1.4  0.0868872
4  1.6  0.0461378
30  4.5  7.38116e-06
4  1.5  0.0632368
28  9.0  1.56512e-08
24  11.5  2.19257e-09
4  1.9  0.0185627
26  7.5  1.3511e-07
4  1.8  0.0251121
4  1.7  0.0339723
30  5.5  1.21571e-06
4  2.0  0.0139662
4  2.5  0.00354377
26  8.0  7.13553e-08
24  12.0  1.39929e-09
28  5.0  4.4759e-06
26  8.5  3.88782e-08
26  9.0  2.17841e-08
28  11.5  1.22469e-09
30  6.5  2.51095e-07
28  6.0  8.39902e-07
30  3.0  0.000199302
6  0.3  2.74513
30  7.5  6.2118e-08
6  0.2  3.40736
28  6.5  3.92789e-07
6  0.5  1.60834
6  0.4  2.13316
6  0.6  1.18576
6  0.7  0.861982
26  10.5  4.44401e-09
28  7.0  1.92014e-07
6  0.9  0.445392
26  11.0  2.73809e-09
6  0.8  0.620772
6  1.0  0.318424
28  7.5  9.74843e-08
6  1.1  0.228635
6  1.2  0.16439
26  12.0  1.09283e-09
32  3.5  3.4177e-05
6  1.3  0.118469
6  1.4  0.0857261
6  1.7  0.0334971
6  1.6  0.0454809
30  9.5  5.66184e-09
32  12.0  2.54731e-10
6  1.5  0.062356
26  11.5  1.71387e-09
6  1.9  0.0183044
32  4.0  1.13253e-05
6  1.8  0.0247148
30  10.0  3.32399e-09
6  2.0  0.0137397
6  2.5  0.0034781
30  5.0  2.89196e-06
28  8.5  2.79353e-08
30  10.5  1.99724e-09
30  11.0  1.22345e-09
32  5.0  1.59733e-06
32  5.5  6.65523e-07
30  6.0  5.38205e-07
8  0.3  2.70632
8  0.2  3.36053
28  9.5  8.99262e-09
8  0.4  2.1019
30  12.0  4.86496e-10
8  0.5  1.58387
8  0.7  0.847911
8  0.6  1.16707
8  0.9  0.437604
8  0.8  0.610243
28  10.5  3.18289e-09
8  1.1  0.223905
8  1.0  0.312645
32  3.0  0.000113889
30  7.0  1.22413e-07
8  1.2  0.161177
32  7.0  6.60195e-08
8  1.3  0.116122
8  1.6  0.0445533
8  1.4  0.0840992
8  1.9  0.0179232
8  1.7  0.0327887
8  1.5  0.0610999
8  1.8  0.0241896
8  2.0  0.0134391
32  9.0  5.24965e-09
8  2.5  0.00343792
4  3.0  0.000987464
32  8.5  9.42022e-09
30  8.5  1.76554e-08
30  8.0  3.25268e-08
6  3.0  0.000972377
28  12.0  7.78767e-10
4  4.0  0.00010669
30  9.0  9.85814e-09
4  4.5  3.9811e-05
32  4.5  4.09195e-06
4  5.0  1.59523e-05
32  10.5  1.05213e-09
6  6.5  1.42014e-06
4  5.5  6.80235e-06
32  11.0  6.43345e-10
4  6.0  3.06351e-06
6  8.0  1.90687e-07
4  6.5  1.44752e-06
4  7.0  7.144e-07
32  6.0  2.92936e-07
4  7.5  3.66054e-07
32  6.5  1.35718e-07
4  9.0  5.99089e-08
30  11.5  7.64957e-10
4  9.5  3.46098e-08
4  3.5  0.000309396
4  10.0  2.04838e-08
6  4.0  0.000104884
6  4.5  3.91322e-05
32  8.0  1.74368e-08
32  7.5  3.32798e-08
4  10.5  1.23905e-08
32  9.5  2.99913e-09
6  5.5  6.68445e-06
4  11.0  7.64959e-09
6  6.0  3.00848e-06
32  10.0  1.75688e-09
6  7.0  7.01387e-07
8  3.0  0.000948853
6  9.0  5.88401e-08
8  4.0  0.000102345
32  11.5  4.00869e-10
6  9.5  3.39923e-08
6  3.5  0.000304256
8  4.5  3.81684e-05
4  8.5  1.06126e-07
4  8.0  1.94034e-07
6  10.5  1.21612e-08
6  11.0  7.50385e-09
6  5.0  1.56465e-05
8  6.0  2.93192e-06
8  6.5  1.38604e-06
8  7.0  6.82934e-07
8  3.5  0.000297023
8  9.5  3.31083e-08
4  12.0  3.06821e-09
6  7.5  3.58562e-07
8  10.0  1.95756e-08
4  11.5  4.7967e-09
6  8.5  1.04192e-07
8  10.5  1.18393e-08
8  5.0  1.52673e-05
8  11.0  7.30453e-09
8  5.5  6.50957e-06
6  10.0  2.00706e-08
6  11.5  4.70735e-09
8  7.5  3.49316e-07
6  12.0  3.01072e-09
8  8.0  1.85676e-07
8  8.5  1.01655e-07
8  9.0  5.73122e-08
8  11.5  4.5819e-09
8  12.0  2.93027e-09
