# exclusive D0 cross section, Pb target, HymnD fragmentation, An0n channel
# generated      : 2026-10-04 12:42:18 EEST
# flux_model     : EFF (TARGET=AA)
# scale_factor   : 1.0 (fragmentation scale Q = SCALE_FACTOR * m_T)
# calls          : 1e5 below 3.0 GeV, 2e3 above (see EXCL_PT_THRESHOLD) (VEGAS calls per point, see CALLS_EXCL/CALLS_EXCL_FACTORIZED/CALLS_DIFF)
# dipole samples : data/Pb/mve/glauber_mve_<b>
# pD0 sweep      : 0.2 0.3 0.4 0.5 0.6 0.7 0.8 0.9 1.0 1.1 1.2 1.3 1.4 1.5 1.6 1.7 1.8 1.9 2.0 2.5 3.0 3.5 4.0 4.5 5.0 5.5 6.0 6.5 7.0 7.5 8.0 8.5 9.0 9.5 10.0 10.5 11.0 11.5 12.0
# fixed rapidity y : 3.0
# ============================================================
# b  pD0  dsigma_dyd2pD0
0  1.1  0.0316319
0  0.3  0.467508
0  0.9  0.0657747
0  0.2  0.587124
0  0.4  0.35667
0  1.3  0.0153083
0  0.5  0.263826
0  0.8  0.0945261
0  0.6  0.190185
0  1.2  0.0219862
0  0.7  0.13481
0  1.0  0.0456528
0  1.4  0.010656
0  1.5  0.00749857
0  1.8  0.00266336
0  1.9  0.0019197
0  1.6  0.00527874
0  1.7  0.00373877
0  2.0  0.00136879
0  2.5  0.000273667
0  3.0  6.40808e-05
0  4.5  1.377e-06
0  5.5  1.55046e-07
0  3.5  1.6278e-05
0  4.0  4.53758e-06
0  5.0  4.46391e-07
0  6.0  5.67588e-08
0  6.5  2.19303e-08
0  7.0  8.85415e-09
0  7.5  3.72629e-09
0  8.0  1.6256e-09
0  8.5  7.34054e-10
10  0.2  0.562951
10  0.4  0.341114
10  0.3  0.44714
10  0.5  0.251898
0  10.5  4.03992e-11
10  0.6  0.181175
0  11.0  2.07827e-11
10  0.7  0.128133
10  0.8  0.0896751
10  0.9  0.0623553
10  1.1  0.0298854
0  9.0  3.41659e-10
10  1.0  0.0431477
10  1.2  0.0207149
0  9.5  1.63397e-10
10  1.3  0.0144262
0  10.0  8.01969e-11
10  1.4  0.0100463
10  1.5  0.00704722
10  1.6  0.00493224
10  1.8  0.0024898
10  1.7  0.00349555
10  1.9  0.00177014
10  2.0  0.00128217
10  2.5  0.00025605
0  11.5  1.08667e-11
0  12.0  5.80485e-12
10  5.5  1.42712e-07
10  3.5  1.50597e-05
10  4.0  4.18973e-06
10  4.5  1.26516e-06
10  5.0  4.10948e-07
10  6.0  5.21345e-08
10  6.5  2.0121e-08
10  3.0  5.95158e-05
10  7.0  8.11645e-09
12  0.2  0.551629
10  7.5  3.41187e-09
10  8.0  1.48854e-09
12  0.3  0.438078
12  0.4  0.333562
12  0.5  0.246277
10  10.5  3.68859e-11
12  0.6  0.176977
10  8.5  6.71653e-10
12  0.7  0.125101
10  9.0  3.12182e-10
12  0.8  0.0875037
12  0.9  0.0607458
12  1.0  0.042003
10  9.5  1.4929e-10
12  1.2  0.0201508
12  1.1  0.029066
12  1.3  0.0139776
12  1.4  0.00974487
12  1.5  0.00682632
12  1.6  0.0047999
12  1.7  0.00338442
12  2.0  0.00124344
12  1.8  0.00240586
12  2.5  0.000253104
12  1.9  0.00171333
10  11.0  1.89019e-11
10  11.5  9.91216e-12
10  10.0  7.3612e-11
10  12.0  5.29182e-12
12  5.0  3.98053e-07
12  5.5  1.37033e-07
12  3.5  1.45136e-05
12  4.0  4.03371e-06
12  4.5  1.21702e-06
12  6.0  5.00702e-08
12  3.0  5.74318e-05
12  6.5  1.93164e-08
12  7.0  7.78888e-09
12  7.5  3.27197e-09
14  0.2  0.537702
14  0.3  0.427017
12  8.0  1.42688e-09
14  0.4  0.324923
14  0.5  0.239396
12  10.5  3.53202e-11
12  8.5  6.43676e-10
14  0.6  0.171886
14  0.7  0.121395
12  9.0  2.99166e-10
14  0.8  0.0848263
12  9.5  1.43051e-10
14  0.9  0.0588004
14  1.0  0.0406914
14  1.1  0.0281051
14  1.2  0.0194519
12  10.0  7.01518e-11
14  1.4  0.00938523
14  1.3  0.0135044
14  1.5  0.00657799
14  1.6  0.00462941
14  1.7  0.00324573
14  1.8  0.00231611
14  1.9  0.00164723
14  2.5  0.000239248
14  2.0  0.00117756
12  11.0  1.8092e-11
12  11.5  9.48598e-12
12  12.0  5.06455e-12
14  5.5  1.30335e-07
14  3.0  5.47581e-05
14  3.5  1.3856e-05
14  4.0  3.84616e-06
14  4.5  1.15914e-06
14  5.0  3.75944e-07
14  6.0  4.75868e-08
14  7.0  7.3955e-09
14  7.5  3.1051e-09
14  8.0  1.35358e-09
16  0.2  0.520905
16  0.3  0.412727
16  0.4  0.313899
16  0.5  0.231022
14  8.5  6.10372e-10
14  6.5  1.83968e-08
14  10.5  3.34502e-11
14  11.0  1.7187e-11
16  0.6  0.165666
16  0.7  0.116852
14  9.0  2.8359e-10
16  0.9  0.0564908
16  0.8  0.0815368
16  1.0  0.0389645
16  1.1  0.0269058
14  9.5  1.35576e-10
16  1.2  0.0186286
16  1.3  0.0129069
16  1.4  0.00895936
16  1.5  0.0062754
14  10.0  6.64562e-11
16  1.6  0.00441079
16  1.7  0.00310238
16  1.8  0.00221376
16  1.9  0.00157702
16  2.5  0.000225767
16  2.0  0.00112025
14  11.5  8.97866e-12
14  12.0  4.79391e-12
16  5.5  1.22462e-07
16  3.0  5.17661e-05
16  3.5  1.30776e-05
16  4.0  3.62515e-06
16  4.5  1.09115e-06
16  5.0  3.53573e-07
16  6.0  4.46691e-08
16  6.5  1.72242e-08
16  7.0  6.93386e-09
16  7.5  2.90969e-09
18  0.2  0.500631
16  8.0  1.26779e-09
18  0.3  0.396314
16  10.5  3.12657e-11
18  0.4  0.301011
18  0.5  0.221125
16  11.0  1.60603e-11
16  9.0  2.65378e-10
18  0.6  0.15841
18  0.7  0.111533
18  0.8  0.077663
18  0.9  0.0537044
18  1.0  0.0370236
16  9.5  1.2682e-10
18  1.2  0.0176504
18  1.1  0.0255142
18  1.3  0.012238
16  12.0  4.49829e-12
18  1.4  0.00848738
16  10.0  6.21367e-11
16  8.5  5.73958e-10
18  1.5  0.00592949
18  1.7  0.00296579
18  1.6  0.00414646
18  1.8  0.00207496
18  2.0  0.00105981
18  1.9  0.00147149
18  2.5  0.000210341
16  11.5  8.4219e-12
18  3.0  4.83156e-05
18  4.0  3.36799e-06
18  3.5  1.21649e-05
18  4.5  1.01222e-06
18  5.0  3.27625e-07
18  5.5  1.13002e-07
18  6.0  4.13071e-08
18  6.5  1.59057e-08
18  7.0  6.40069e-09
18  7.5  2.68404e-09
2  0.2  0.586418
18  8.0  1.1688e-09
2  0.3  0.466769
2  0.4  0.356067
18  8.5  5.2648e-10
2  0.5  0.263252
18  10.5  2.87482e-11
2  0.6  0.189754
18  11.0  1.47634e-11
2  0.7  0.134575
2  0.8  0.0942177
2  0.9  0.0655972
18  9.0  2.44387e-10
2  1.1  0.0315698
2  1.0  0.0455103
18  12.0  4.13067e-12
2  1.2  0.0219176
18  9.5  1.16709e-10
2  1.3  0.0152812
2  1.4  0.0106344
2  1.5  0.0074937
18  10.0  5.71626e-11
2  1.6  0.00525406
2  1.7  0.00372233
2  1.8  0.00265563
2  1.9  0.00192038
2  2.0  0.00136285
2  2.5  0.000278147
18  11.5  7.70486e-12
2  3.0  6.39005e-05
2  5.5  1.54553e-07
2  3.5  1.623e-05
2  4.0  4.52397e-06
2  4.5  1.36799e-06
2  5.0  4.44988e-07
2  6.0  5.65755e-08
2  6.5  2.1859e-08
2  7.0  8.82494e-09
2  7.5  3.71389e-09
20  0.2  0.475739
20  0.3  0.376117
2  8.0  1.62015e-09
20  0.4  0.285321
20  0.5  0.20919
2  8.5  7.31576e-10
20  0.6  0.149521
2  11.0  2.07105e-11
20  0.7  0.105012
2  9.0  3.40485e-10
20  0.8  0.0730224
20  0.9  0.050423
20  1.0  0.0346763
20  1.1  0.0238586
2  9.5  1.62879e-10
20  1.2  0.016462
20  1.3  0.0113907
2  10.0  7.99212e-11
20  1.4  0.00788076
20  1.5  0.00551391
20  1.6  0.00384757
20  1.7  0.00269535
20  1.8  0.00190978
2  10.5  4.01504e-11
20  1.9  0.00138223
20  2.5  0.00019548
20  2.0  0.000971408
2  11.5  1.08288e-11
2  12.0  5.78448e-12
20  3.5  1.11263e-05
20  4.0  3.07227e-06
20  4.5  9.21421e-07
20  5.0  2.97755e-07
20  5.5  1.02575e-07
20  3.0  4.43865e-05
20  6.0  3.74559e-08
20  6.5  1.43994e-08
20  7.0  5.79121e-09
20  7.5  2.42598e-09
20  8.0  1.05568e-09
22  0.2  0.446148
22  0.3  0.352061
22  0.4  0.26638
20  8.5  4.75174e-10
22  0.5  0.194951
22  0.6  0.138876
20  10.5  2.58827e-11
22  0.7  0.0973001
20  9.0  2.20444e-10
20  11.0  1.32863e-11
22  0.8  0.0675301
22  0.9  0.0464344
22  1.0  0.0319036
20  9.5  1.05181e-10
22  1.1  0.0218974
22  1.2  0.0150751
22  1.3  0.0104265
20  12.0  3.71314e-12
22  1.6  0.00350328
22  1.4  0.00718133
22  1.5  0.00501584
20  10.0  5.14933e-11
22  1.7  0.00245495
22  1.8  0.00174157
22  1.9  0.00123009
22  2.0  0.000877487
22  2.5  0.000173862
20  11.5  6.92964e-12
22  3.5  9.95355e-06
22  3.0  3.96389e-05
22  4.0  2.73312e-06
22  4.5  8.17561e-07
22  5.0  2.63746e-07
22  5.5  9.06826e-08
22  6.0  3.30656e-08
22  6.5  1.26893e-08
22  7.0  5.09883e-09
22  7.5  2.12464e-09
24  0.2  0.409551
22  8.0  9.27475e-10
24  0.3  0.322455
24  0.4  0.243263
24  0.5  0.17732
22  8.5  4.171e-10
24  0.6  0.12607
22  9.0  1.93351e-10
24  0.7  0.0880021
22  10.5  2.26481e-11
24  0.8  0.0608347
24  0.9  0.041735
22  11.0  1.16192e-11
22  9.5  9.21537e-11
24  1.0  0.0286105
24  1.1  0.0195621
24  1.2  0.0134225
22  12.0  3.24314e-12
24  1.3  0.00924357
24  1.4  0.00636418
24  1.5  0.00443753
24  1.6  0.0030905
24  1.7  0.00216776
24  1.8  0.00153107
24  1.9  0.00107568
24  2.5  0.000151988
24  2.0  0.000768989
22  10.0  4.50853e-11
22  11.5  6.05541e-12
24  3.5  8.57866e-06
24  3.0  3.43115e-05
24  4.0  2.34642e-06
24  5.0  2.25185e-07
24  4.5  6.99863e-07
24  5.5  7.72271e-08
24  6.0  2.81154e-08
24  6.5  1.08049e-08
24  7.0  4.31962e-09
24  7.5  1.80572e-09
26  0.2  0.364627
24  8.0  7.83804e-10
26  0.3  0.285965
26  0.4  0.215042
26  0.5  0.156124
24  10.5  1.90386e-11
24  8.5  3.52e-10
26  0.6  0.110449
24  9.0  1.6301e-10
24  11.0  9.75645e-12
26  0.7  0.0768391
26  0.8  0.0528556
24  9.5  7.76099e-11
26  1.0  0.0246251
26  0.9  0.036112
26  1.2  0.0115188
26  1.1  0.0168199
24  12.0  2.71902e-12
26  1.3  0.00788145
26  1.4  0.00542799
26  1.5  0.00375246
26  1.6  0.00261931
26  1.8  0.00131049
26  1.7  0.00182398
26  1.9  0.000906217
26  2.0  0.000645211
26  2.5  0.000127562
24  11.5  5.08097e-12
24  10.0  3.83523e-11
26  3.5  7.0162e-06
26  4.0  1.90843e-06
26  3.0  2.82654e-05
26  4.5  5.6845e-07
26  5.0  1.82319e-07
26  5.5  6.2387e-08
26  6.5  8.64856e-09
26  7.0  3.46195e-09
26  7.5  1.44438e-09
28  0.2  0.30972
26  8.0  6.25853e-10
28  0.3  0.242068
26  6.0  2.271e-08
26  10.5  1.50876e-11
28  0.4  0.180817
28  0.5  0.130595
26  8.5  2.80563e-10
28  0.6  0.0918255
26  9.0  1.29838e-10
26  11.0  7.72503e-12
28  0.7  0.063521
28  0.8  0.0433892
26  9.5  6.16772e-11
28  0.9  0.0295165
28  1.0  0.020034
28  1.1  0.013592
28  1.2  0.0092891
26  10.0  3.01145e-11
28  1.3  0.00633352
28  1.4  0.00433625
28  1.5  0.00298925
28  1.6  0.00207365
28  1.9  0.000724691
28  1.8  0.00101504
28  1.7  0.00144367
28  2.0  0.000516634
28  2.5  9.72337e-05
26  11.5  4.01841e-12
26  12.0  2.1386e-12
28  4.0  1.44977e-06
28  5.5  4.66541e-08
28  3.0  2.16729e-05
28  4.5  4.27037e-07
28  5.0  1.36398e-07
28  6.0  1.67991e-08
28  6.5  6.40034e-09
28  3.5  5.344e-06
28  7.0  2.55432e-09
28  7.5  1.06314e-09
30  0.2  0.245491
28  8.0  4.59624e-10
30  0.3  0.190823
30  0.4  0.141443
28  10.5  1.0962e-11
30  0.5  0.101304
28  8.5  2.05539e-10
28  11.0  5.60931e-12
28  9.0  9.48775e-11
30  0.6  0.0706878
30  0.7  0.0484427
30  0.8  0.0329201
30  0.9  0.0222216
30  1.0  0.0149657
28  9.5  4.49966e-11
30  1.1  0.0100983
28  10.0  2.19208e-11
30  1.2  0.00683065
30  1.3  0.00463426
30  1.4  0.00316689
30  1.5  0.0021717
30  1.6  0.00150118
30  1.8  0.000733503
30  1.7  0.00104059
30  1.9  0.000518779
30  2.0  0.000369803
30  2.5  6.71684e-05
28  11.5  2.9124e-12
28  12.0  1.54517e-12
30  3.0  1.49567e-05
30  3.5  3.64649e-06
30  4.0  9.79359e-07
30  4.5  2.87328e-07
30  5.0  9.11853e-08
30  5.5  3.08909e-08
30  6.0  1.11048e-08
30  6.5  4.21162e-09
30  7.0  1.67265e-09
30  7.5  6.94166e-10
32  0.2  0.176619
30  8.0  2.98886e-10
32  0.3  0.136007
32  0.5  0.070938
32  0.4  0.100038
30  8.5  1.33321e-10
30  10.5  7.04572e-12
32  0.6  0.048915
32  0.7  0.0332617
32  0.8  0.0223414
30  9.0  6.13214e-11
32  0.9  0.0149161
32  1.0  0.00996841
30  9.5  2.90127e-11
32  1.1  0.00667477
30  12.0  9.90061e-13
32  1.2  0.00447306
32  1.3  0.00302197
32  1.5  0.00139892
32  1.6  0.000965695
30  10.0  1.40953e-11
32  1.4  0.00204898
32  1.7  0.000672238
32  1.9  0.00032476
32  1.8  0.000457421
32  2.0  0.000230145
30  11.0  3.5774e-12
32  2.5  4.15686e-05
30  11.5  1.85977e-12
32  5.0  5.26454e-08
32  5.5  1.76697e-08
32  3.0  9.0045e-06
32  3.5  2.16097e-06
32  4.0  5.74499e-07
32  4.5  1.66759e-07
32  6.0  6.30303e-09
32  6.5  2.37468e-09
32  7.0  9.3866e-10
4  0.2  0.583563
32  7.5  3.8724e-10
32  10.0  7.72519e-12
4  0.3  0.463982
32  10.5  3.83865e-12
4  0.4  0.354216
4  0.5  0.261807
4  0.6  0.18889
32  8.5  7.36416e-11
32  9.0  3.37553e-11
4  0.7  0.13375
32  11.5  1.01153e-12
4  0.8  0.0937772
4  0.9  0.0652138
32  9.5  1.59141e-11
32  12.0  5.34053e-13
4  1.0  0.0452767
4  1.1  0.0313928
4  1.2  0.0217827
32  8.0  1.66109e-10
4  1.3  0.0151361
4  1.4  0.0105551
4  1.6  0.00522583
4  1.5  0.00742351
4  1.7  0.0036838
4  1.8  0.00263225
4  1.9  0.00187255
4  2.0  0.00135897
4  2.5  0.000271876
4  3.0  6.33578e-05
32  11.0  1.94731e-12
4  5.5  1.53086e-07
4  3.5  1.60844e-05
4  4.0  4.48274e-06
4  4.5  1.3553e-06
4  5.0  4.40829e-07
4  6.0  5.60216e-08
4  6.5  2.16407e-08
4  7.0  8.73621e-09
4  7.5  3.67531e-09
6  0.2  0.57879
4  8.0  1.60412e-09
6  0.3  0.46015
6  0.4  0.351295
4  10.5  3.984e-11
6  0.5  0.259448
4  11.0  2.04961e-11
4  8.5  7.24217e-10
6  0.6  0.186946
6  0.7  0.132444
4  9.0  3.37016e-10
6  0.9  0.0645876
6  0.8  0.0928534
6  1.0  0.0448016
4  9.5  1.61137e-10
6  1.1  0.0310182
6  1.2  0.0215143
6  1.4  0.01048
6  1.3  0.014971
4  10.0  7.90858e-11
6  1.6  0.00516085
6  1.5  0.00733943
6  1.7  0.00364333
6  2.0  0.00133879
6  1.8  0.00260768
6  1.9  0.00184577
6  2.5  0.00027092
4  11.5  1.07158e-11
4  12.0  5.72328e-12
6  5.5  1.50588e-07
6  3.5  1.58434e-05
6  4.0  4.41458e-06
6  4.5  1.33399e-06
6  5.0  4.33136e-07
6  6.0  5.51029e-08
6  3.0  6.24361e-05
6  7.0  8.59049e-09
6  7.5  3.61255e-09
8  0.2  0.571859
6  8.0  1.57645e-09
8  0.3  0.454379
6  10.5  3.91438e-11
6  6.5  2.13227e-08
6  8.5  7.11692e-10
8  0.4  0.346916
6  11.0  2.01316e-11
8  0.5  0.25617
6  9.0  3.3104e-10
8  0.6  0.184463
8  0.7  0.130583
8  0.9  0.0636144
8  0.8  0.0914866
6  9.5  1.58349e-10
8  1.0  0.0440984
8  1.1  0.030509
8  1.2  0.0211923
6  10.0  7.77082e-11
8  1.4  0.0102779
8  1.3  0.0147245
8  1.7  0.00358614
8  1.6  0.00506009
8  1.5  0.00721251
8  1.8  0.00254215
8  1.9  0.00183335
8  2.0  0.00131171
8  2.5  0.000265935
6  11.5  1.05244e-11
6  12.0  5.62113e-12
8  5.5  1.47095e-07
8  3.5  1.55029e-05
8  4.0  4.31678e-06
8  4.5  1.30402e-06
8  5.0  4.23751e-07
8  6.0  5.38071e-08
8  3.0  6.12244e-05
8  6.5  2.07786e-08
8  7.0  8.38444e-09
8  7.5  3.52445e-09
8  8.0  1.53796e-09
8  10.5  3.8161e-11
8  8.5  6.94188e-10
8  9.0  3.2278e-10
8  9.5  1.54407e-10
8  10.0  7.57632e-11
8  11.0  1.95552e-11
8  11.5  1.02571e-11
8  12.0  5.47736e-12
