# exclusive D0 cross section, Pb target, HymnD fragmentation, An0n channel
# generated      : 2026-10-05 13:07:00 EEST
# flux_model     : EFF (TARGET=AA)
# scale_factor   : 1.0 (fragmentation scale Q = SCALE_FACTOR * m_T)
# calls          : 1e6 below 3.0 GeV, 2e4 above (see EXCL_PT_THRESHOLD) (VEGAS calls per point, see CALLS_EXCL/CALLS_EXCL_FACTORIZED/CALLS_DIFF)
# dipole samples : data/Pb/mve/glauber_mve_<b_d>
# pD0 sweep      : 0.2 0.3 0.4 0.5 0.6 0.7 0.8 0.9 1.0 1.1 1.2 1.3 1.4 1.5 1.6 1.7 1.8 1.9 2.0 2.5 3.0 3.5 4.0 4.5 5.0 5.5 6.0 6.5 7.0 7.5 8.0 8.5 9.0 9.5 10.0 10.5 11.0 11.5 12.0
# fixed rapidity y : 0.0
# ============================================================
# b_d  pD0  dsigma_dyd2pD0
10  0.3  3.74841
10  0.7  1.16088
0  1.0  0.456767
0  0.7  1.23814
10  0.2  4.66283
10  0.5  2.18293
10  0.6  1.60303
0  1.1  0.327107
10  1.0  0.425383
0  1.2  0.234612
10  1.2  0.217675
0  1.5  0.0891553
0  1.6  0.0651407
0  0.3  3.96178
0  0.6  1.706
0  0.8  0.891479
10  1.4  0.113365
0  0.2  4.92143
10  1.6  0.0602131
10  1.3  0.157003
0  0.4  3.07525
10  1.5  0.0822016
0  1.7  0.0477491
0  0.5  2.31767
10  0.8  0.83379
10  0.9  0.595416
10  1.1  0.304095
10  0.4  2.90344
0  1.4  0.122511
0  1.3  0.169279
0  1.9  0.0261934
0  2.0  0.0195474
10  1.9  0.0240479
0  0.9  0.638795
10  2.5  0.00458748
0  2.5  0.00497463
10  1.7  0.04408
0  1.8  0.0353048
10  1.8  0.0326267
10  2.0  0.0179724
12  1.1  0.293775
12  0.5  2.12115
12  1.2  0.210068
12  0.3  3.64847
12  0.2  4.54333
12  0.6  1.55584
12  0.7  1.12553
12  0.4  2.82405
12  1.4  0.109248
12  1.3  0.151347
12  0.9  0.576074
12  1.5  0.0792429
12  1.7  0.0424642
12  2.0  0.0174062
12  0.8  0.807598
12  1.0  0.411974
12  2.5  0.00438949
12  1.6  0.0578485
12  1.9  0.0231784
12  1.8  0.0312984
14  0.2  4.39725
14  0.6  1.49853
14  0.5  2.04463
14  0.4  2.72724
14  0.7  1.08282
14  0.3  3.52726
14  0.8  0.775962
14  0.9  0.553379
14  1.0  0.394316
14  1.1  0.281249
14  1.2  0.201361
14  1.3  0.144617
14  1.5  0.075566
14  1.4  0.104236
14  1.6  0.0551228
14  1.8  0.0297494
14  1.7  0.0402752
14  1.9  0.0220762
14  2.0  0.0165312
14  2.5  0.00417131
0  4.5  5.73656e-05
10  6.5  2.0414e-06
10  8.5  1.66695e-07
12  6.0  4.03704e-06
10  10.0  3.52872e-08
10  10.5  2.2215e-08
0  11.5  1.027e-08
10  11.5  9.31489e-09
12  10.0  3.3773e-08
14  5.0  1.91736e-05
10  3.5  0.000399826
0  3.5  0.000438206
0  4.0  0.000151957
12  3.5  0.000382739
10  4.5  5.2194e-05
10  5.0  2.12177e-05
16  0.2  4.2212
16  0.5  1.95464
16  0.4  2.61114
16  0.3  3.38469
16  0.6  1.42994
12  4.5  4.99421e-05
16  0.7  1.03207
16  0.9  0.524988
16  0.8  0.737974
12  5.0  2.02775e-05
16  1.1  0.266387
0  7.0  1.13531e-06
16  1.0  0.374168
16  1.2  0.190222
10  6.0  4.21242e-06
16  1.3  0.136652
10  7.0  1.03057e-06
16  1.4  0.0984989
0  8.0  3.25662e-07
16  1.5  0.0713329
0  7.5  5.97076e-07
16  1.6  0.0518884
16  1.7  0.0378959
16  1.8  0.0280446
16  2.0  0.0154704
16  1.9  0.0207442
14  3.5  0.000362356
10  7.5  5.41813e-07
10  8.0  2.95428e-07
16  2.5  0.00391973
10  3.0  0.00126749
12  7.0  9.84241e-07
12  7.5  5.17437e-07
0  9.5  6.37748e-08
0  3.0  0.00138679
10  9.5  5.77953e-08
0  10.5  2.45018e-08
12  8.5  1.59202e-07
12  3.0  0.00121429
18  0.2  4.01158
18  0.3  3.21065
10  4.0  0.000138178
0  11.0  1.56914e-08
18  0.6  1.34868
18  0.5  1.84682
18  0.4  2.47242
18  0.7  0.971485
18  0.9  0.49291
12  4.0  0.000132196
18  0.8  0.693349
18  1.0  0.349947
0  5.0  2.33119e-05
18  1.1  0.248976
18  1.2  0.177688
18  1.4  0.0914761
18  1.3  0.127476
12  11.0  1.35574e-08
18  1.5  0.0661488
18  1.7  0.0353571
0  5.5  1.01025e-05
18  1.6  0.0481793
18  1.8  0.0259926
10  5.5  9.18515e-06
0  6.0  4.64018e-06
14  3.0  0.00115076
18  1.9  0.0192315
18  2.0  0.0142538
18  2.5  0.00366711
0  6.5  2.24231e-06
12  5.5  8.78748e-06
14  11.5  8.36109e-09
14  4.0  0.000125071
16  4.5  4.40541e-05
12  6.5  1.94516e-06
0  8.5  1.8352e-07
14  4.5  4.71652e-05
0  9.0  1.06736e-07
14  7.0  9.28988e-07
2  0.3  3.95389
2  0.2  4.91137
2  0.4  3.06841
2  0.5  2.31239
0  10.0  3.89504e-08
2  0.7  1.23513
10  9.0  9.67507e-08
12  8.0  2.82172e-07
2  0.6  1.70198
14  8.0  2.66148e-07
14  5.5  8.29317e-06
2  1.0  0.455543
2  0.9  0.635937
2  0.8  0.889208
2  1.2  0.234163
2  1.6  0.064959
2  1.3  0.168705
14  6.0  3.80839e-06
2  1.5  0.0888408
2  1.1  0.326207
12  9.0  9.22849e-08
2  1.4  0.122139
2  1.7  0.0476246
12  9.5  5.51756e-08
2  1.9  0.0261082
2  1.8  0.0352234
2  2.5  0.00495654
2  2.0  0.0194726
18  4.0  0.000107537
18  4.5  4.04155e-05
12  10.5  2.11899e-08
0  12.0  6.8176e-09
16  3.5  0.000338642
10  11.0  1.41914e-08
10  12.0  6.17362e-09
14  6.5  1.83653e-06
12  11.5  8.85769e-09
14  10.5  1.9963e-08
20  0.2  3.75917
16  5.0  1.78756e-05
20  0.3  3.00355
20  0.5  1.72035
12  12.0  5.88839e-09
20  0.4  2.30821
20  0.6  1.25313
20  0.7  0.899932
20  0.9  0.453945
20  1.1  0.22864
20  0.8  0.640493
16  6.0  3.54894e-06
20  1.0  0.32242
20  1.2  0.16296
20  1.3  0.11663
20  1.5  0.0604578
20  1.6  0.0439001
20  1.7  0.0322152
20  1.4  0.0836377
16  7.5  4.54243e-07
14  7.5  4.88142e-07
20  2.5  0.00321737
16  3.0  0.0010766
20  1.8  0.0235595
20  1.9  0.0174983
20  2.0  0.01302
2  4.5  5.71609e-05
16  9.5  4.84316e-08
16  9.0  8.09846e-08
18  12.0  4.71537e-09
18  5.0  1.6385e-05
16  4.0  0.000116787
14  8.5  1.50028e-07
14  9.0  8.70663e-08
16  10.5  1.85343e-08
14  9.5  5.20273e-08
2  8.0  3.24788e-07
2  8.5  1.83075e-07
16  11.0  1.18759e-08
16  11.5  7.75833e-09
14  10.0  3.18296e-08
22  0.2  3.45877
22  0.6  1.13955
22  0.4  2.11324
22  0.3  2.75824
16  5.5  7.74254e-06
22  0.5  1.56954
18  3.0  0.000991143
22  1.1  0.204976
22  0.9  0.409048
18  7.5  4.15425e-07
22  0.7  0.815952
22  0.8  0.579352
18  8.0  2.26374e-07
22  1.0  0.289719
18  3.5  0.000310969
22  1.5  0.0538539
22  1.2  0.145749
22  1.4  0.0745633
16  6.5  1.70999e-06
2  3.5  0.00043669
22  1.7  0.0285484
22  1.3  0.104114
22  1.8  0.0208664
18  9.0  7.40395e-08
22  2.5  0.00281659
22  1.6  0.0390133
22  2.0  0.0114759
22  1.9  0.0154325
2  4.0  0.00015142
14  11.0  1.27802e-08
16  7.0  8.64564e-07
20  4.5  3.62831e-05
14  12.0  5.54951e-09
16  8.0  2.47754e-07
18  10.5  1.69402e-08
16  8.5  1.39376e-07
18  5.5  7.09364e-06
24  0.3  2.46298
18  11.0  1.08421e-08
24  0.2  3.099
24  0.6  1.006
24  0.4  1.88081
24  0.5  1.39124
18  6.0  3.24516e-06
2  7.0  1.13115e-06
24  0.7  0.71727
16  10.0  2.9561e-08
18  6.5  1.56515e-06
24  0.9  0.357437
2  7.5  5.94871e-07
24  0.8  0.507336
24  1.1  0.177632
24  1.0  0.252012
2  3.0  0.00138205
24  1.2  0.125956
24  1.3  0.0897058
20  3.0  0.000895555
20  9.5  3.94678e-08
24  1.4  0.064158
24  1.5  0.0461712
24  1.6  0.0334453
18  7.0  7.90538e-07
24  2.5  0.0024578
24  1.9  0.0131071
24  2.0  0.00973798
24  1.8  0.0178112
24  1.7  0.0243524
16  12.0  5.15833e-09
2  10.5  2.44098e-08
18  8.5  1.27302e-07
22  4.5  3.16367e-05
2  5.0  2.32054e-05
2  11.0  1.56324e-08
2  5.5  1.0066e-05
18  9.5  4.40821e-08
26  0.2  2.66747
2  6.0  4.62331e-06
18  10.0  2.70781e-08
26  0.3  2.11243
2  12.0  6.79769e-09
26  0.4  1.6049
2  6.5  2.23411e-06
26  0.5  1.1813
26  0.6  0.850239
26  0.7  0.602609
26  0.8  0.424315
26  0.9  0.297073
20  7.0  7.08181e-07
26  1.1  0.146726
26  1.3  0.0735157
20  3.5  0.000279692
26  1.0  0.208838
22  3.0  0.000785219
26  1.2  0.103685
26  1.4  0.0523907
26  2.5  0.00191356
26  1.5  0.0376248
26  1.9  0.0105782
26  2.0  0.00786199
22  3.5  0.000245001
26  1.6  0.0272159
26  1.7  0.0197464
26  1.8  0.0144196
20  8.5  1.13886e-07
20  4.0  9.6433e-05
24  4.5  2.64744e-05
18  11.5  7.07256e-09
2  9.0  1.06388e-07
20  10.0  2.41361e-08
20  5.0  1.46912e-05
22  5.0  1.27974e-05
2  9.5  6.35637e-08
22  5.5  5.53068e-06
2  10.0  3.8871e-08
20  5.5  6.34598e-06
28  0.2  2.16191
20  11.0  9.67341e-09
28  0.4  1.28574
28  0.5  0.939879
28  0.3  1.70268
20  6.0  2.90667e-06
28  0.6  0.6714
28  0.8  0.330643
22  7.0  6.14362e-07
28  0.7  0.472919
24  3.0  0.000662104
28  0.9  0.230511
28  1.0  0.160848
2  11.5  1.02035e-08
22  8.0  1.75439e-07
20  6.5  1.40162e-06
28  1.3  0.0558525
28  1.1  0.112493
28  1.2  0.0789838
24  3.5  0.000205844
28  1.4  0.0397571
28  1.8  0.0107807
28  2.5  0.00145897
28  1.7  0.0147661
28  1.9  0.00790677
28  1.6  0.0203949
28  2.0  0.0058984
28  1.5  0.0283706
26  4.0  5.58703e-05
22  4.0  8.4125e-05
24  11.5  4.52585e-09
22  10.5  1.30688e-08
22  10.0  2.08899e-08
26  4.5  2.08676e-05
20  7.5  3.71295e-07
24  5.0  1.06916e-05
20  8.0  2.02215e-07
22  11.0  8.36696e-09
20  9.0  6.60436e-08
30  0.3  1.25224
30  0.2  1.60129
30  0.5  0.678762
26  8.0  1.13827e-07
30  0.6  0.480262
30  0.4  0.937219
24  6.5  1.01472e-06
22  6.0  2.52958e-06
24  7.0  5.11005e-07
30  0.7  0.3355
30  0.8  0.232565
30  0.9  0.16092
30  1.0  0.111366
30  1.2  0.0541501
30  1.1  0.0774698
30  1.4  0.026877
22  6.5  1.21702e-06
20  10.5  1.51069e-08
30  1.3  0.0380174
30  1.5  0.0191164
24  8.5  8.19525e-08
26  3.0  0.000526773
30  1.7  0.00988949
30  1.6  0.0137026
30  1.9  0.0052743
30  1.8  0.00718426
30  2.0  0.00386573
30  2.5  0.000923941
24  4.0  7.05295e-05
22  7.5  3.21967e-07
26  3.5  0.000163185
28  4.0  4.04579e-05
26  11.5  3.5137e-09
28  4.5  1.5057e-05
24  10.0  1.73097e-08
20  11.5  6.30867e-09
22  8.5  9.87564e-08
28  5.0  6.05283e-06
24  10.5  1.08335e-08
22  9.0  5.72057e-08
32  0.3  0.81158
26  5.0  8.40969e-06
32  0.2  1.04774
22  9.5  3.42017e-08
24  11.0  6.92685e-09
24  5.5  4.61403e-06
20  12.0  4.19866e-09
32  0.6  0.300734
32  0.4  0.600745
32  0.5  0.430024
32  1.1  0.0462074
32  0.7  0.207753
32  0.9  0.0976125
32  0.8  0.142454
24  6.0  2.10628e-06
32  1.2  0.032033
32  1.0  0.067064
26  6.5  7.94776e-07
32  1.6  0.00793693
32  1.4  0.0157051
32  1.5  0.0111353
32  1.3  0.0223532
32  1.7  0.00568504
32  2.5  0.000541001
32  1.8  0.00411563
32  1.9  0.00301345
32  2.0  0.00219847
26  7.0  3.99737e-07
28  11.5  2.48165e-09
30  3.5  7.6265e-05
28  12.0  1.64749e-09
28  3.5  0.000118671
24  7.5  2.67936e-07
22  11.5  5.45518e-09
30  4.0  2.5845e-05
30  4.5  9.57142e-06
24  8.0  1.45694e-07
26  10.0  1.34613e-08
22  12.0  3.62794e-09
4  0.2  4.8809
4  0.3  3.92856
24  9.0  4.75456e-08
4  0.4  3.04805
4  0.7  1.22605
4  0.5  2.29524
4  0.6  1.69003
26  10.5  8.41965e-09
26  11.0  5.38038e-09
24  9.5  2.83197e-08
4  0.9  0.631936
4  0.8  0.882486
4  1.0  0.451867
4  1.2  0.232182
4  1.1  0.323459
4  1.3  0.167302
4  1.5  0.0880234
4  1.6  0.0643306
30  9.5  9.67953e-09
4  1.4  0.121123
4  1.7  0.0471445
26  5.5  3.61756e-06
4  1.8  0.0348853
28  6.5  5.68203e-07
4  1.9  0.0258406
4  2.0  0.0193998
4  2.5  0.00490091
28  7.0  2.84992e-07
26  6.0  1.65405e-06
28  3.0  0.000384397
28  7.5  1.48985e-07
32  4.5  5.14821e-06
32  5.0  2.0488e-06
28  8.5  4.53405e-08
30  11.5  1.52969e-09
28  10.0  9.53054e-09
26  7.5  2.09157e-07
6  0.2  4.82987
24  12.0  3.0016e-09
28  10.5  5.95644e-09
6  0.3  3.88624
26  8.5  6.38565e-08
26  9.0  3.69524e-08
30  5.0  3.82491e-06
6  0.5  2.26862
6  0.7  1.21081
6  0.6  1.66987
28  11.0  3.80257e-09
6  0.4  3.01433
30  5.5  1.63977e-06
26  9.5  2.20038e-08
6  0.8  0.871149
6  1.0  0.445694
6  0.9  0.623519
6  1.2  0.228684
6  1.3  0.164959
6  1.5  0.0866607
6  1.1  0.318932
6  1.4  0.119281
6  1.6  0.0632683
6  1.7  0.0464967
32  3.0  0.000137538
28  5.5  2.59628e-06
6  1.9  0.0254786
6  1.8  0.0344323
30  7.0  1.78168e-07
6  2.0  0.0190284
6  2.5  0.00482229
32  3.5  4.1654e-05
30  7.5  9.29612e-08
28  6.0  1.18232e-06
30  3.0  0.000249118
4  4.5  5.65475e-05
32  4.0  1.40036e-05
32  5.5  8.72213e-07
30  10.0  5.89469e-09
8  0.2  4.75763
26  12.0  2.32942e-09
28  8.0  8.07261e-08
8  0.3  3.82594
30  10.5  3.67981e-09
8  0.4  2.96664
8  0.5  2.23095
8  0.6  1.64057
30  11.0  2.34613e-09
8  0.7  1.18917
28  9.0  2.62128e-08
8  1.0  0.436965
8  1.3  0.161513
8  1.2  0.223739
8  0.9  0.610616
8  0.8  0.854805
28  9.5  1.55936e-08
8  1.1  0.312421
32  7.5  4.86909e-08
8  1.5  0.0847813
8  1.4  0.116738
4  3.5  0.000432114
8  1.6  0.0618222
8  1.9  0.0249194
4  11.5  1.01157e-08
8  1.7  0.0453662
8  1.8  0.0336912
30  6.0  7.43413e-07
32  8.0  2.63091e-08
8  2.0  0.018612
8  2.5  0.00471649
32  8.5  1.46833e-08
6  4.5  5.55216e-05
30  6.5  3.55697e-07
32  9.5  5.01638e-09
4  6.0  4.58053e-06
30  8.0  5.02706e-08
32  10.5  1.90084e-09
32  11.0  1.20988e-09
4  7.0  1.11863e-06
30  8.5  2.81793e-08
30  9.0  1.62813e-08
4  7.5  5.8827e-07
4  8.0  3.20922e-07
6  11.0  1.51734e-08
32  6.0  3.93733e-07
4  3.0  0.0013678
4  8.5  1.81016e-07
6  3.5  0.000424458
32  6.5  1.8737e-07
4  4.0  0.000149562
6  4.0  0.00014712
32  7.0  9.34936e-08
8  4.5  5.40812e-05
4  10.5  2.41345e-08
4  5.0  2.29441e-05
4  5.5  9.95695e-06
4  11.0  1.54555e-08
30  12.0  1.01212e-09
4  6.5  2.21231e-06
6  7.5  5.77238e-07
8  10.0  3.67631e-08
32  9.0  8.45722e-09
6  3.0  0.00134401
6  8.0  3.14885e-07
6  8.5  1.77597e-07
6  9.5  6.14945e-08
32  10.0  3.05258e-09
6  10.0  3.76698e-08
8  4.0  0.000143325
6  10.5  2.36478e-08
4  9.0  1.05075e-07
32  11.5  8.00167e-10
6  5.0  2.2544e-05
6  12.0  6.58842e-09
8  5.5  9.53657e-06
32  12.0  5.20761e-10
4  9.5  6.28275e-08
6  5.5  9.77374e-06
4  10.0  3.84843e-08
6  6.0  4.4922e-06
8  7.0  1.06847e-06
6  6.5  2.1686e-06
8  7.5  5.61765e-07
8  3.0  0.00131064
8  8.0  3.06414e-07
6  7.0  1.09632e-06
8  3.5  0.000413035
4  12.0  6.72253e-09
6  9.0  1.03181e-07
8  10.5  2.30282e-08
8  5.0  2.19713e-05
8  11.0  1.47464e-08
8  6.0  4.36944e-06
8  6.5  2.11851e-06
6  11.5  9.89548e-09
8  8.5  1.72937e-07
8  9.0  1.00294e-07
8  9.5  5.99732e-08
8  11.5  9.62474e-09
8  12.0  6.40553e-09
