# exclusive D0 cross section, Pb target, HymnD fragmentation, An0n channel
# generated      : 2026-10-05 13:07:00 EEST
# flux_model     : EFF (TARGET=AA)
# scale_factor   : 1.0 (fragmentation scale Q = SCALE_FACTOR * m_T)
# calls          : 1e6 below 3.0 GeV, 2e4 above (see EXCL_PT_THRESHOLD) (VEGAS calls per point, see CALLS_EXCL/CALLS_EXCL_FACTORIZED/CALLS_DIFF)
# dipole samples : data/Pb/mve/glauber_mve_<b_d>
# pD0 sweep      : 0.2 0.3 0.4 0.5 0.6 0.7 0.8 0.9 1.0 1.1 1.2 1.3 1.4 1.5 1.6 1.7 1.8 1.9 2.0 2.5 3.0 3.5 4.0 4.5 5.0 5.5 6.0 6.5 7.0 7.5 8.0 8.5 9.0 9.5 10.0 10.5 11.0 11.5 12.0
# fixed rapidity y : -1.0
# ============================================================
# b_d  pD0  dsigma_dyd2pD0
10  0.2  5.65471
10  0.5  2.60645
10  0.7  1.36818
0  0.7  1.46714
0  1.1  0.377308
0  1.0  0.530808
0  0.2  5.99875
10  1.5  0.0921772
10  1.6  0.066777
10  2.0  0.0197494
10  1.7  0.0484781
10  0.3  4.52685
0  0.4  3.71481
0  0.5  2.78211
0  0.6  2.03707
10  0.8  0.975116
10  1.0  0.491438
10  1.1  0.348594
0  1.5  0.10034
0  0.3  4.81
0  1.7  0.0533746
10  1.9  0.0263905
0  2.0  0.0213267
10  0.6  1.90199
0  0.8  1.04913
0  0.9  0.746261
10  0.9  0.691893
0  1.2  0.269437
10  1.2  0.248494
0  1.3  0.193129
10  1.3  0.177867
10  1.4  0.127609
10  0.4  3.48773
0  1.6  0.0727659
0  1.8  0.039163
0  1.4  0.138737
10  1.8  0.0357066
0  1.9  0.028814
0  2.5  0.00534366
10  2.5  0.00475181
12  0.2  5.4964
12  1.0  0.473521
12  0.5  2.52568
12  0.7  1.32287
12  0.4  3.3844
12  1.5  0.0882552
12  0.6  1.84101
12  0.3  4.39554
12  1.3  0.170773
12  0.8  0.941652
12  0.9  0.667395
12  1.6  0.0636842
12  1.1  0.335801
12  1.2  0.238893
12  2.5  0.00457886
12  1.4  0.122466
12  1.7  0.0469168
12  1.9  0.0251146
12  1.8  0.0344428
12  2.0  0.018595
14  0.2  5.30433
14  0.5  2.42773
14  0.7  1.26711
14  0.3  4.23689
14  0.6  1.76697
14  0.4  3.25775
14  0.8  0.901071
14  1.1  0.319878
14  0.9  0.637929
14  1.0  0.451932
14  1.2  0.22753
14  1.3  0.162469
14  1.4  0.116502
14  1.5  0.0838156
14  1.7  0.0444386
14  1.8  0.0322311
14  1.9  0.0239549
14  1.6  0.0607889
14  2.0  0.0178033
14  2.5  0.0042818
12  3.0  0.00123268
0  7.0  1.18493e-06
0  8.0  3.62518e-07
10  7.0  1.07197e-06
14  3.0  0.001163
12  7.0  1.02071e-06
10  11.0  2.02263e-08
12  10.0  4.39597e-08
0  3.0  0.00142147
10  3.0  0.00128939
0  3.5  0.000438109
10  3.5  0.000396949
10  4.0  0.000135443
0  4.0  0.000149721
10  4.5  5.06611e-05
12  3.5  0.000378735
0  5.0  2.28127e-05
16  0.3  4.04632
16  0.2  5.07247
10  5.0  2.06205e-05
12  4.0  0.00012928
16  0.4  3.10557
16  0.7  1.2021
16  0.5  2.30946
16  0.9  0.603782
16  0.6  1.67864
16  1.0  0.42623
16  0.8  0.852935
16  1.1  0.301354
0  6.5  2.28764e-06
16  1.7  0.0414756
16  1.3  0.152887
16  1.6  0.0567256
16  1.2  0.214106
16  1.4  0.109193
16  1.5  0.0784279
16  1.8  0.0302562
16  2.0  0.0166772
16  1.9  0.0222381
16  2.5  0.00406207
12  6.5  1.97093e-06
14  3.5  0.000357121
14  4.0  0.000121846
12  7.5  5.51767e-07
0  12.0  1.05735e-08
10  10.5  3.00969e-08
0  4.5  5.60003e-05
14  9.0  1.04023e-07
14  6.0  3.7727e-06
12  12.0  9.11537e-09
0  5.5  9.964e-06
12  4.5  4.83249e-05
18  0.2  4.79763
12  5.0  1.96599e-05
0  6.0  4.63926e-06
10  5.5  9.01519e-06
16  3.0  0.0010807
18  0.3  3.8197
10  6.0  4.19988e-06
18  0.4  2.92621
12  5.5  8.59433e-06
18  0.5  2.17065
18  0.7  1.12493
18  0.6  1.57429
18  0.8  0.796631
18  1.1  0.279574
18  0.9  0.561697
18  1.0  0.396492
12  6.0  3.99992e-06
10  6.5  2.06649e-06
18  1.3  0.14124
18  1.2  0.198631
18  1.4  0.101116
0  7.5  6.4113e-07
18  1.5  0.0726082
14  4.5  4.55326e-05
18  1.6  0.0525756
18  1.9  0.0205262
18  1.8  0.0281733
18  2.0  0.0152075
18  1.7  0.0382773
18  2.5  0.00373449
0  8.5  2.11724e-07
0  9.0  1.27931e-07
10  7.5  5.79339e-07
0  9.5  7.94721e-08
10  8.0  3.26953e-07
10  8.5  1.91462e-07
14  5.0  1.85235e-05
0  10.0  5.07861e-08
10  9.0  1.15526e-07
0  10.5  3.331e-08
12  8.0  3.11628e-07
16  7.5  4.83917e-07
14  5.5  8.09524e-06
10  9.5  7.19334e-08
2  0.2  5.98536
0  11.0  2.22497e-08
10  10.0  4.5966e-08
0  11.5  1.52277e-08
12  8.5  1.82286e-07
2  0.3  4.79896
2  0.4  3.70627
2  0.7  1.46321
12  9.0  1.10233e-07
2  0.5  2.77497
12  9.5  6.84838e-08
2  0.6  2.03182
2  1.0  0.52925
2  1.1  0.376434
2  0.9  0.744455
2  0.8  1.04647
2  1.2  0.268584
2  1.4  0.138359
2  1.5  0.100005
2  1.3  0.192667
2  1.7  0.0530575
12  10.5  2.86727e-08
2  1.6  0.0726062
10  11.5  1.37473e-08
2  2.0  0.0212324
2  1.8  0.0388415
16  3.5  0.000331993
2  1.9  0.0287004
10  12.0  9.55727e-09
12  11.0  1.91793e-08
2  2.5  0.00526843
16  4.0  0.000113209
12  11.5  1.31127e-08
16  4.5  4.23437e-05
18  3.0  0.000989477
14  6.5  1.8567e-06
20  0.2  4.46952
20  0.3  3.55121
20  0.4  2.71319
20  0.5  2.00803
14  12.0  8.58223e-09
20  0.7  1.03491
20  0.6  1.45208
20  0.8  0.730885
14  7.0  9.60611e-07
20  0.9  0.514931
20  1.0  0.36183
20  1.2  0.180549
20  1.3  0.128417
20  1.1  0.25508
18  6.5  1.57041e-06
20  1.5  0.0656813
14  7.5  5.20744e-07
20  1.4  0.0915371
20  1.6  0.0474864
20  1.7  0.0344921
20  1.9  0.0185586
14  8.0  2.93182e-07
20  1.8  0.0252089
20  2.0  0.0139221
18  10.0  3.49788e-08
20  2.5  0.00331027
14  8.5  1.71863e-07
16  8.5  1.5923e-07
16  9.5  5.99789e-08
14  9.5  6.45349e-08
18  3.5  0.000303272
16  5.0  1.72009e-05
18  4.0  0.000103353
14  10.0  4.1208e-08
16  10.5  2.50719e-08
16  5.5  7.5201e-06
14  10.5  2.70005e-08
14  11.0  1.80604e-08
16  11.0  1.67688e-08
14  11.5  1.23332e-08
2  11.5  1.51802e-08
22  0.2  4.07956
16  6.0  3.49088e-06
2  3.0  0.0014162
22  0.3  3.23321
22  0.8  0.654332
16  12.0  7.96467e-09
22  0.4  2.4628
22  0.6  1.30847
22  0.5  1.81626
2  3.5  0.000436466
20  3.0  0.000884894
16  6.5  1.72338e-06
22  0.7  0.92931
22  0.9  0.458617
2  4.0  0.000149155
22  1.1  0.226162
22  1.3  0.113432
22  1.0  0.321775
22  1.4  0.0806101
22  1.2  0.159843
22  1.6  0.041726
22  2.0  0.0120007
16  7.0  8.91515e-07
22  1.8  0.0220195
22  1.5  0.0577843
22  1.9  0.016154
22  2.5  0.00292381
22  1.7  0.0302218
20  4.5  3.45249e-05
2  5.5  9.93978e-06
16  8.0  2.7301e-07
20  6.0  2.84231e-06
2  6.5  2.2789e-06
18  10.5  2.288e-08
16  9.0  9.62452e-08
18  12.0  7.26036e-09
24  0.2  3.61411
18  4.5  3.85845e-05
24  0.4  2.16681
24  0.3  2.85829
2  9.5  7.9335e-08
18  5.0  1.56887e-05
24  0.6  1.14145
2  9.0  1.26872e-07
24  0.5  1.59084
24  0.7  0.806814
24  0.8  0.565431
18  5.5  6.85316e-06
24  1.0  0.276501
16  10.0  3.83072e-08
24  0.9  0.394954
24  1.2  0.136247
24  1.1  0.193582
24  1.4  0.0684015
20  3.5  0.000270844
22  3.0  0.000767723
24  1.9  0.0134914
18  6.0  3.18816e-06
24  1.3  0.096339
20  4.0  9.22189e-05
24  1.5  0.048913
24  1.6  0.0352078
24  1.7  0.0255795
2  4.5  5.57879e-05
20  10.5  2.04534e-08
16  11.5  1.14458e-08
24  1.8  0.0185671
24  2.0  0.0100794
24  2.5  0.00239382
2  5.0  2.27114e-05
18  7.0  8.1289e-07
18  7.5  4.38379e-07
22  6.0  2.45514e-06
2  6.0  4.62152e-06
18  8.0  2.48485e-07
26  0.2  3.0664
18  8.5  1.45157e-07
18  9.5  5.45382e-08
18  9.0  8.78348e-08
26  0.3  2.41285
26  0.7  0.665634
26  0.4  1.82053
26  0.5  1.32891
2  7.0  1.18015e-06
26  0.6  0.948096
26  1.0  0.224955
26  0.8  0.464607
26  0.9  0.322806
2  7.5  6.38616e-07
26  1.1  0.156847
26  1.3  0.0774547
26  1.2  0.110027
2  8.0  3.60243e-07
18  11.0  1.52768e-08
18  11.5  1.0439e-08
20  8.0  2.22006e-07
2  8.5  2.10637e-07
26  1.4  0.0548933
26  1.5  0.0390106
22  3.5  0.000234621
26  1.6  0.0280785
26  1.7  0.0202403
26  1.8  0.0147433
26  2.0  0.00798164
26  1.9  0.0107527
26  2.5  0.00189106
24  3.0  0.000638598
2  10.0  5.05895e-08
22  4.0  7.98012e-05
2  10.5  3.31429e-08
2  11.0  2.21696e-08
20  5.0  1.39842e-05
20  5.5  6.10714e-06
2  12.0  1.05424e-08
28  0.2  2.43507
22  6.5  1.20785e-06
20  12.0  6.46533e-09
20  6.5  1.39833e-06
28  0.3  1.90356
28  0.5  1.03277
28  0.4  1.42617
28  0.6  0.731352
22  8.0  1.90625e-07
20  7.0  7.24347e-07
28  0.8  0.353305
28  0.9  0.244341
28  1.1  0.117116
28  0.7  0.510196
28  1.0  0.168925
28  1.2  0.0817924
24  3.5  0.000194676
28  1.3  0.0573418
28  1.4  0.040471
28  1.6  0.0205246
28  1.5  0.0286347
28  1.7  0.0148187
28  1.8  0.0106474
28  1.9  0.00781688
20  7.5  3.91777e-07
28  2.5  0.00133664
28  2.0  0.00577578
20  9.0  7.81905e-08
20  8.5  1.29499e-07
22  4.5  2.98363e-05
20  9.5  4.85581e-08
22  5.0  1.20852e-05
24  5.5  4.36121e-06
22  12.0  5.57848e-09
26  8.5  7.12952e-08
22  5.5  5.27623e-06
20  10.0  3.1035e-08
26  10.0  1.7141e-08
20  11.0  1.36042e-08
30  0.2  1.74787
30  0.3  1.35606
26  3.0  0.00049887
20  11.5  9.30348e-09
30  0.4  1.00663
22  7.0  6.26313e-07
30  0.6  0.505482
26  3.5  0.000151764
30  0.5  0.722314
30  0.7  0.349805
22  7.5  3.38008e-07
30  0.8  0.24019
30  1.0  0.113048
22  8.5  1.11477e-07
30  0.9  0.164637
30  1.2  0.0540562
30  1.1  0.0779074
26  4.0  5.14674e-05
22  9.0  6.7365e-08
22  9.5  4.18943e-08
30  1.3  0.037725
30  1.5  0.0187203
30  1.6  0.013259
30  1.4  0.0264554
30  1.7  0.00959836
24  4.0  6.60636e-05
30  2.0  0.00367865
30  2.5  0.000847005
30  1.8  0.00689595
24  11.0  9.68573e-09
30  1.9  0.00501712
22  10.0  2.67766e-08
24  4.5  2.4641e-05
24  5.0  9.99334e-06
22  10.5  1.75464e-08
24  12.0  4.60695e-09
28  6.0  1.10574e-06
28  6.5  5.43934e-07
22  11.0  1.17503e-08
24  6.0  2.02594e-06
22  11.5  8.02075e-09
32  0.2  1.09361
32  0.4  0.616061
24  6.5  9.9693e-07
32  0.3  0.839774
32  0.5  0.435982
32  0.6  0.301759
32  0.7  0.206262
32  0.8  0.140093
24  7.0  5.15694e-07
32  0.9  0.0951701
32  1.0  0.0647209
24  7.5  2.79015e-07
32  1.1  0.0442425
32  1.2  0.0304198
24  8.0  1.57368e-07
32  1.3  0.0211162
24  8.5  9.20151e-08
32  1.5  0.0103462
32  1.4  0.0147276
32  1.7  0.00524614
24  9.0  5.57202e-08
28  3.0  0.0003563
32  1.6  0.00732253
32  1.8  0.00378934
32  2.5  0.000450735
32  1.9  0.00272011
28  11.5  3.59155e-09
32  2.0  0.00199984
24  9.5  3.45759e-08
26  4.5  1.91613e-05
24  10.0  2.20961e-08
26  12.0  3.56042e-09
26  5.0  7.75603e-06
24  10.5  1.4477e-08
26  5.5  3.38075e-06
28  5.5  2.3865e-06
26  6.0  1.5701e-06
24  11.5  6.62418e-09
4  0.2  5.94502
4  0.4  3.67945
26  6.5  7.72364e-07
4  0.3  4.76564
26  7.0  3.99823e-07
4  0.5  2.75426
4  0.6  2.016
4  0.7  1.45143
26  7.5  2.15927e-07
4  1.0  0.524573
4  0.8  1.03763
4  0.9  0.738189
4  1.2  0.266328
4  1.1  0.373105
28  8.0  8.54811e-08
26  8.0  1.21844e-07
30  3.0  0.000223447
26  9.0  4.29949e-08
4  1.4  0.136895
4  1.3  0.190867
26  9.5  2.67361e-08
4  1.5  0.0988498
4  1.6  0.0718364
28  3.5  0.000107987
4  2.5  0.00525062
4  1.7  0.0528674
4  1.9  0.0283911
4  1.8  0.038483
4  2.0  0.0210386
30  3.5  6.73576e-05
28  4.0  3.64945e-05
26  10.5  1.11972e-08
30  4.0  2.26695e-05
28  4.5  1.35425e-05
26  11.0  7.49548e-09
28  5.0  5.48308e-06
30  5.0  3.3855e-06
26  11.5  5.11534e-09
30  6.0  6.81464e-07
6  0.2  5.87722
6  0.3  4.70904
6  0.4  3.63485
30  7.0  1.72567e-07
6  0.5  2.71909
6  0.6  1.98941
6  0.7  1.43155
28  7.0  2.80909e-07
6  0.9  0.726724
6  0.8  1.02296
6  1.0  0.516186
6  1.1  0.367515
6  1.3  0.18784
6  1.2  0.261973
6  1.4  0.134692
6  1.5  0.0974623
28  7.5  1.51958e-07
32  3.5  3.53423e-05
6  1.6  0.0707546
6  1.7  0.0516868
6  2.5  0.00514619
6  1.9  0.0280849
6  1.8  0.0377827
32  4.0  1.18169e-05
6  2.0  0.0207425
28  8.5  5.00001e-08
32  4.5  4.35573e-06
28  9.0  3.02157e-08
28  9.5  1.87949e-08
30  4.5  8.39504e-06
30  5.5  1.46916e-06
28  10.0  1.20051e-08
28  10.5  7.86608e-09
4  3.0  0.00140043
28  11.0  5.26254e-09
32  3.0  0.000117998
30  6.5  3.33928e-07
28  12.0  2.49918e-09
4  3.5  0.000431539
4  4.0  0.000147459
8  0.2  5.78095
8  0.5  2.67089
30  7.5  9.31794e-08
8  0.3  4.62969
8  0.4  3.57118
8  0.6  1.95085
8  0.7  1.40472
30  8.0  5.24753e-08
6  3.0  0.0013756
8  0.8  1.00215
30  8.5  3.06295e-08
8  0.9  0.711641
8  1.0  0.505853
8  1.3  0.183547
8  1.5  0.0951656
8  1.2  0.256192
30  9.0  1.84987e-08
8  1.1  0.359371
8  1.6  0.0691899
8  1.4  0.131622
32  11.0  1.6465e-09
8  1.9  0.0271567
8  1.7  0.0505864
8  2.0  0.0200294
8  1.8  0.0368806
30  9.5  1.14993e-08
4  6.5  2.25263e-06
32  11.5  1.1243e-09
8  2.5  0.00500106
32  5.0  1.74847e-06
32  12.0  7.80618e-10
30  10.0  7.34709e-09
32  5.5  7.57203e-07
4  7.0  1.16355e-06
30  10.5  4.81376e-09
4  8.0  3.56495e-07
4  8.5  2.08491e-07
30  11.0  3.22032e-09
32  6.5  1.71174e-07
30  11.5  2.20079e-09
32  6.0  3.50122e-07
30  12.0  1.53238e-09
32  7.0  8.83168e-08
4  4.5  5.51481e-05
32  7.5  4.76127e-08
6  3.5  0.000423334
32  8.0  2.67754e-08
6  4.0  0.00014463
32  8.5  1.5642e-08
4  5.0  2.24503e-05
4  5.5  9.81233e-06
32  9.0  9.43664e-09
8  3.0  0.0013402
32  9.5  5.86485e-09
4  6.0  4.56891e-06
32  10.0  3.74704e-09
32  10.5  2.45381e-09
6  6.0  4.48781e-06
6  6.5  2.20893e-06
4  7.5  6.31888e-07
8  8.0  3.40122e-07
4  9.5  7.79699e-08
4  9.0  1.25825e-07
8  3.5  0.000411817
4  10.0  5.00072e-08
6  4.5  5.40864e-05
8  4.0  0.000140657
4  10.5  3.27616e-08
6  5.5  9.63543e-06
6  5.0  2.20173e-05
4  11.0  2.19534e-08
4  11.5  1.49731e-08
8  6.5  2.14757e-06
6  12.0  1.02106e-08
4  12.0  1.04067e-08
6  7.0  1.14311e-06
6  7.5  6.19018e-07
8  9.0  1.20066e-07
6  8.0  3.49831e-07
6  8.5  2.04228e-07
6  9.0  1.2359e-07
8  4.5  5.25987e-05
8  11.5  1.42867e-08
6  9.5  7.67346e-08
8  12.0  9.92597e-09
8  5.0  2.13915e-05
6  10.0  4.90187e-08
8  5.5  9.35544e-06
6  10.5  3.21289e-08
8  6.0  4.35626e-06
6  11.0  2.14891e-08
8  7.0  1.11136e-06
6  11.5  1.47e-08
8  7.5  6.0183e-07
8  8.5  1.98576e-07
8  9.5  7.47914e-08
8  10.0  4.76742e-08
8  10.5  3.12689e-08
8  11.0  2.0892e-08
