# diffractive D0 cross section, Pb target, LHAPDF fragmentation, An0n channel
# generated      : 2026-08-20 10:22:43 EEST
# calls          : 1e5 (VEGAS calls per point, see CALLS_EXCL/CALLS_EXCL_FACTORIZED/CALLS_DIFF)
# dipole samples : data/Pb/mve/glauber_mve_<b>
# pD0 sweep      : 0.2 0.3 0.4 0.5 0.6 0.7 0.8 0.9 1.0 1.1 1.2 1.3 1.4 1.5 1.6 1.7 1.8 1.9 2.0 2.5 3.0 3.5 4.0 4.5 5.0 5.5 6.0 6.5 7.0 7.5 8.0 8.5 9.0 9.5 10.0 10.5 11.0 11.5 12.0
# fixed rapidity y : 1.0
# ============================================================
# b  pD0  dsigma_dyd2pD0
0  0.5  0.76458
0  0.4  0.6628
0  0.3  0.512645
0  0.2  0.345497
0  0.7  0.749919
0  0.6  0.778637
0  0.8  0.669879
0  0.9  0.588598
0  1.0  0.500344
0  1.1  0.419658
0  1.3  0.280195
0  1.2  0.343227
0  1.5  0.183507
0  1.4  0.228385
0  1.6  0.149358
0  1.7  0.122382
0  1.8  0.099243
0  2.0  0.066517
0  1.9  0.0819011
0  3.0  0.0112427
0  2.5  0.0258038
0  3.5  0.0053006
0  4.0  0.00260778
0  4.5  0.00140523
0  5.0  0.000797956
0  5.5  0.000470651
0  6.0  0.000286712
0  7.5  7.54754e-05
0  6.5  0.000177959
0  7.0  0.000116681
0  8.0  5.08659e-05
0  8.5  3.44089e-05
0  9.5  1.70619e-05
0  9.0  2.40669e-05
0  10.5  8.85382e-06
0  10.0  1.2568e-05
10  0.2  0.346919
10  0.3  0.505371
10  0.4  0.664399
10  0.5  0.741034
10  0.6  0.759208
10  0.7  0.725874
10  0.8  0.653681
10  0.9  0.569292
10  1.0  0.486551
0  11.0  6.43269e-06
10  1.1  0.403536
10  1.2  0.328531
10  1.3  0.26961
10  1.4  0.220156
10  1.6  0.145448
10  1.5  0.177168
10  1.7  0.118235
10  1.8  0.0946235
10  1.9  0.0771849
10  2.0  0.0641655
10  2.5  0.0248969
10  3.0  0.0107668
10  3.5  0.00499185
0  11.5  4.95037e-06
10  4.0  0.00248529
10  4.5  0.00129822
10  5.0  0.000734019
0  12.0  3.72789e-06
10  6.0  0.000265321
10  5.5  0.000447889
10  8.0  4.77452e-05
10  7.5  7.20624e-05
10  6.5  0.000167409
10  7.0  0.000108751
10  9.5  1.66255e-05
10  8.5  3.24396e-05
10  9.0  2.27178e-05
10  10.0  1.16201e-05
10  10.5  8.42242e-06
12  0.2  0.338686
12  0.3  0.504291
12  0.4  0.647202
12  0.5  0.737269
12  0.6  0.753545
12  0.7  0.725055
10  11.5  4.59082e-06
12  0.8  0.652346
12  0.9  0.557892
12  1.1  0.398104
12  1.0  0.477188
12  1.2  0.326833
12  1.3  0.264066
10  11.0  6.30949e-06
12  1.4  0.21319
12  1.5  0.174518
12  1.6  0.142409
12  1.7  0.114933
12  1.9  0.0757805
12  1.8  0.0943161
12  2.0  0.0617209
12  2.5  0.0244528
12  3.0  0.010612
12  3.5  0.00490072
10  12.0  3.39889e-06
12  4.5  0.00132727
12  4.0  0.00242999
12  5.5  0.000436164
12  5.0  0.000727042
12  6.0  0.000265866
12  6.5  0.000166661
12  8.0  4.78284e-05
12  7.5  6.97188e-05
12  7.0  0.000103079
12  9.0  2.26702e-05
12  8.5  3.22049e-05
12  9.5  1.60799e-05
12  10.0  1.14078e-05
14  0.2  0.340761
12  10.5  8.42823e-06
14  0.3  0.499854
12  11.0  6.06534e-06
14  0.4  0.644531
14  0.5  0.726397
14  0.6  0.743316
14  0.7  0.704256
14  0.8  0.63677
14  0.9  0.548479
14  1.0  0.46527
14  1.1  0.387713
14  1.2  0.318869
14  1.3  0.25926
12  11.5  4.5949e-06
14  1.5  0.169878
14  1.4  0.210644
14  1.7  0.112715
14  1.6  0.137675
14  1.8  0.0908318
14  2.0  0.0605685
14  1.9  0.0738938
14  2.5  0.0233839
14  3.0  0.0101424
14  3.5  0.0047117
12  12.0  3.40768e-06
14  4.5  0.00128294
14  5.0  0.00072555
14  4.0  0.00239293
14  6.0  0.000254155
14  5.5  0.000414006
14  7.5  6.80407e-05
14  6.5  0.000158142
14  8.0  4.70298e-05
14  7.0  0.00010307
14  9.0  2.19214e-05
14  8.5  3.07291e-05
14  9.5  1.5323e-05
14  10.0  1.09413e-05
14  10.5  8.01889e-06
16  0.2  0.335695
14  11.5  4.46855e-06
16  0.3  0.497411
16  0.4  0.637897
16  0.5  0.715802
16  0.6  0.730334
16  0.7  0.693498
16  0.8  0.621981
16  0.9  0.537939
14  11.0  5.8065e-06
16  1.0  0.452188
16  1.1  0.374256
16  1.2  0.307257
16  1.3  0.253066
16  1.4  0.204618
16  1.5  0.1658
16  1.6  0.132408
16  1.7  0.107243
16  1.8  0.0888515
16  2.0  0.0586147
16  1.9  0.0716157
16  2.5  0.0228046
16  3.5  0.0045924
16  3.0  0.00979056
14  12.0  3.32794e-06
16  4.5  0.00121481
16  4.0  0.00229639
16  5.5  0.000401581
16  5.0  0.000668632
16  6.0  0.000250109
16  6.5  0.000155073
16  7.0  9.93924e-05
16  8.0  4.34545e-05
16  7.5  6.58876e-05
16  8.5  3.0094e-05
16  9.5  1.4746e-05
16  9.0  2.10753e-05
16  10.5  7.78636e-06
16  10.0  1.08863e-05
18  0.2  0.339305
18  0.3  0.49154
18  0.4  0.63293
18  0.5  0.706637
18  0.6  0.723691
18  0.7  0.670082
18  0.8  0.614349
18  0.9  0.524906
18  1.0  0.437584
18  1.2  0.297823
18  1.1  0.361643
18  1.3  0.238775
16  11.0  5.64769e-06
18  1.4  0.1975
18  1.7  0.10346
18  1.5  0.158099
18  1.6  0.127294
18  1.8  0.0836638
18  1.9  0.0697977
18  2.0  0.0563284
18  2.5  0.0218395
18  3.0  0.00936811
18  3.5  0.00437565
16  11.5  4.14492e-06
16  12.0  3.2253e-06
18  4.5  0.00118706
18  5.5  0.000382705
18  4.0  0.00217627
18  5.0  0.000662028
18  6.5  0.000144236
18  6.0  0.000234836
18  7.0  9.5138e-05
18  7.5  6.0953e-05
18  8.0  4.16597e-05
18  8.5  2.85231e-05
18  9.5  1.41997e-05
18  9.0  2.00505e-05
18  10.5  7.30649e-06
18  10.0  1.01751e-05
2  0.2  0.352929
2  0.3  0.514136
18  11.0  5.33557e-06
2  0.4  0.658542
2  0.5  0.764381
2  0.6  0.778014
2  0.7  0.742619
2  0.8  0.673791
2  0.9  0.583392
2  1.0  0.498287
2  1.2  0.343333
2  1.1  0.415911
2  1.3  0.279954
2  1.4  0.227537
2  1.6  0.151107
2  1.5  0.185303
2  1.8  0.0999491
2  1.7  0.121676
2  1.9  0.0808739
2  2.0  0.0668386
2  3.0  0.0114533
2  2.5  0.0261532
2  3.5  0.00524795
18  11.5  3.96755e-06
2  4.0  0.00262129
18  12.0  3.03208e-06
2  4.5  0.00142071
2  5.0  0.000792146
2  6.0  0.000287649
2  5.5  0.000461354
2  6.5  0.000178994
2  7.0  0.00011271
2  7.5  7.50636e-05
2  8.0  5.09285e-05
2  8.5  3.47308e-05
2  9.5  1.70971e-05
2  10.0  1.25751e-05
2  9.0  2.41176e-05
20  0.2  0.329337
2  10.5  9.06292e-06
20  0.3  0.480786
20  0.4  0.621906
20  0.5  0.696292
20  0.6  0.695195
20  0.7  0.649087
20  0.8  0.587681
20  0.9  0.502608
20  1.0  0.420471
20  1.1  0.344613
20  1.2  0.286827
20  1.3  0.231095
2  11.0  6.52894e-06
20  1.4  0.185714
20  1.5  0.149788
20  1.6  0.121764
20  1.7  0.0978326
20  1.8  0.0795351
20  2.0  0.0522089
20  1.9  0.0650238
20  2.5  0.020761
20  3.5  0.00416454
20  3.0  0.00895152
2  11.5  4.7695e-06
2  12.0  3.69881e-06
20  4.0  0.00206454
20  4.5  0.0011194
20  5.0  0.000627889
20  5.5  0.000371236
20  7.0  8.73781e-05
20  6.0  0.000224165
20  6.5  0.000139281
20  7.5  5.88752e-05
20  8.0  3.95004e-05
20  8.5  2.69677e-05
20  9.5  1.34531e-05
20  9.0  1.89297e-05
22  0.2  0.325929
22  0.3  0.473086
20  10.0  9.55423e-06
20  10.5  6.96181e-06
22  0.4  0.605811
22  0.5  0.671815
22  0.6  0.673256
20  11.0  5.09625e-06
22  0.7  0.624755
22  0.8  0.549934
22  0.9  0.473772
22  1.0  0.401469
22  1.1  0.326721
22  1.2  0.269138
22  1.3  0.219413
22  1.4  0.174022
22  1.5  0.140154
22  1.6  0.114197
22  1.7  0.0921314
22  1.8  0.0742394
22  1.9  0.0601224
22  2.0  0.0499793
22  2.5  0.0192093
22  3.0  0.0081841
22  3.5  0.00383439
20  11.5  3.73645e-06
20  12.0  2.82187e-06
22  4.0  0.00194471
22  4.5  0.0010324
22  5.0  0.00058557
22  6.0  0.000208787
22  5.5  0.000349544
22  8.0  3.69419e-05
22  6.5  0.00012767
22  7.0  8.46877e-05
22  7.5  5.53838e-05
22  8.5  2.53131e-05
22  9.5  1.23953e-05
22  9.0  1.74964e-05
22  10.0  8.91129e-06
22  10.5  6.3918e-06
24  0.2  0.318452
24  0.3  0.46091
22  11.0  4.70356e-06
24  0.4  0.586364
24  0.5  0.641767
24  0.6  0.640436
24  0.7  0.591141
24  0.8  0.524831
24  0.9  0.446249
24  1.0  0.375842
24  1.1  0.300506
24  1.2  0.250902
24  1.3  0.199369
24  1.4  0.161501
24  1.5  0.128523
24  1.6  0.104961
24  1.7  0.0845619
24  1.8  0.0680803
24  1.9  0.0552664
24  2.0  0.045575
24  3.0  0.00734657
24  2.5  0.0176295
22  11.5  3.52784e-06
24  3.5  0.00351766
22  12.0  2.63731e-06
24  4.0  0.00176864
24  4.5  0.000943544
24  6.0  0.00018883
24  5.0  0.000530401
24  5.5  0.000314253
24  7.0  7.5482e-05
24  6.5  0.000114547
24  7.5  5.0027e-05
24  8.0  3.27236e-05
24  8.5  2.29803e-05
24  9.0  1.57304e-05
24  10.0  8.10973e-06
24  9.5  1.12148e-05
24  10.5  5.92121e-06
26  0.2  0.3076
26  0.3  0.443471
24  11.0  4.3068e-06
26  0.4  0.554396
26  0.5  0.610293
26  0.6  0.595641
26  0.7  0.547596
26  0.8  0.474914
26  0.9  0.404415
26  1.0  0.331791
26  1.2  0.221993
26  1.1  0.273967
26  1.3  0.179904
26  1.4  0.143212
26  1.5  0.115325
26  1.6  0.0927639
26  1.8  0.0614501
26  1.7  0.0749963
26  1.9  0.0492593
26  2.0  0.0400972
26  2.5  0.0155229
26  3.0  0.00659827
26  3.5  0.00307803
24  12.0  2.39212e-06
24  11.5  3.15957e-06
26  4.0  0.00158331
26  4.5  0.000827535
26  5.0  0.000474673
26  5.5  0.00027127
26  6.0  0.000165899
26  6.5  0.000104267
26  7.0  6.60437e-05
26  7.5  4.37886e-05
26  8.0  2.94388e-05
26  8.5  1.97371e-05
26  9.5  9.9196e-06
26  9.0  1.39964e-05
26  10.0  7.02873e-06
26  10.5  5.15251e-06
28  0.2  0.288911
28  0.3  0.419992
28  0.4  0.523862
28  0.5  0.554423
28  0.6  0.535949
26  11.0  3.80905e-06
28  0.7  0.485791
28  0.8  0.415636
28  0.9  0.351686
28  1.0  0.28965
28  1.1  0.236157
28  1.2  0.188398
28  1.4  0.121702
28  1.3  0.152463
28  1.5  0.0973126
28  1.6  0.0788682
28  1.7  0.0635443
28  1.9  0.0412508
28  1.8  0.0510135
28  2.0  0.0342665
28  2.5  0.0131737
26  12.0  2.11365e-06
28  3.5  0.00259611
28  3.0  0.00561617
26  11.5  2.79857e-06
28  4.0  0.00130927
28  4.5  0.000705619
28  5.0  0.000391952
28  5.5  0.000226174
28  6.0  0.00013625
28  6.5  8.71417e-05
28  8.0  2.4765e-05
28  7.0  5.6076e-05
28  7.5  3.67758e-05
28  9.0  1.17377e-05
28  8.5  1.70119e-05
28  9.5  8.32418e-06
28  10.0  5.93369e-06
30  0.2  0.273164
30  0.3  0.393281
30  0.4  0.463986
30  0.5  0.486708
30  0.6  0.458457
30  0.7  0.400467
28  10.5  4.32176e-06
30  0.8  0.344389
30  0.9  0.290433
30  1.0  0.23533
30  1.1  0.188939
28  11.5  2.33537e-06
30  1.2  0.150225
30  1.3  0.120469
30  1.4  0.0966598
28  11.0  3.1699e-06
30  1.5  0.0780809
30  1.6  0.0621374
30  1.7  0.0498049
30  1.9  0.0327068
30  1.8  0.040325
30  2.0  0.0264273
30  3.0  0.0044285
30  2.5  0.0102321
30  3.5  0.0020172
28  12.0  1.75806e-06
30  4.5  0.000544438
30  4.0  0.00101794
30  5.0  0.00030855
30  5.5  0.000180146
30  7.0  4.36676e-05
30  6.0  0.000109359
30  6.5  6.54526e-05
30  7.5  2.85667e-05
30  8.0  1.9164e-05
30  8.5  1.29971e-05
30  9.5  6.46011e-06
30  9.0  9.09303e-06
30  10.0  4.62606e-06
32  0.2  0.24349
32  0.3  0.338159
32  0.4  0.387133
32  0.5  0.390631
32  0.6  0.36019
30  10.5  3.36932e-06
32  0.7  0.312184
32  0.8  0.262492
32  0.9  0.213886
32  1.0  0.173251
32  1.1  0.137016
32  1.2  0.111748
32  1.3  0.0883186
32  1.5  0.0559419
32  1.4  0.0706733
30  11.0  2.50786e-06
32  1.6  0.0446204
32  1.7  0.0358275
32  1.8  0.0300596
32  1.9  0.0239237
32  2.0  0.0194096
32  2.5  0.00753336
32  3.0  0.00311565
30  11.5  1.84517e-06
32  3.5  0.00146824
30  12.0  1.37789e-06
32  4.5  0.000388994
32  5.0  0.000222249
32  4.0  0.000735702
32  6.0  7.60154e-05
32  5.5  0.000129418
32  6.5  4.8286e-05
32  8.0  1.36385e-05
32  8.5  9.52689e-06
32  7.0  3.10281e-05
32  7.5  2.02721e-05
32  9.0  6.51204e-06
32  9.5  4.65409e-06
32  10.0  3.28737e-06
4  0.2  0.352278
4  0.3  0.511074
4  0.4  0.664813
4  0.5  0.75543
4  0.6  0.775368
32  10.5  2.3894e-06
4  0.7  0.741079
4  0.8  0.674697
4  0.9  0.585693
4  1.0  0.495992
4  1.1  0.415988
32  11.5  1.31079e-06
4  1.3  0.285358
4  1.2  0.341028
4  1.4  0.226734
4  1.5  0.184778
4  1.6  0.150145
32  11.0  1.79581e-06
4  1.7  0.1217
4  1.8  0.0993048
4  1.9  0.0812037
4  2.0  0.0663993
4  3.5  0.00520253
4  2.5  0.025951
4  3.0  0.0112217
32  12.0  9.95574e-07
4  4.0  0.00262408
4  4.5  0.00138313
4  5.0  0.00079095
4  6.0  0.000280199
4  6.5  0.000179091
4  5.5  0.000465673
4  7.0  0.000114067
4  7.5  7.30261e-05
4  8.0  5.12922e-05
4  8.5  3.46275e-05
4  9.5  1.6973e-05
4  9.0  2.43284e-05
4  10.0  1.19663e-05
6  0.2  0.350017
6  0.3  0.508053
4  10.5  9.01587e-06
6  0.4  0.664985
6  0.5  0.753367
6  0.6  0.769553
6  0.7  0.747996
6  0.8  0.672274
6  0.9  0.579794
6  1.0  0.493687
4  11.0  6.5643e-06
6  1.1  0.412985
6  1.2  0.338166
6  1.3  0.274821
6  1.4  0.220016
6  1.5  0.18345
6  1.6  0.148138
6  1.7  0.119821
4  11.5  4.80947e-06
6  2.0  0.0662005
6  1.8  0.0974661
6  1.9  0.07996
6  3.5  0.00524135
6  2.5  0.0257619
6  3.0  0.0110508
6  4.5  0.00132914
6  4.0  0.00260844
4  12.0  3.65002e-06
6  5.0  0.000786993
6  5.5  0.000444894
6  6.0  0.000280867
6  6.5  0.000175813
6  7.5  7.3999e-05
6  7.0  0.000112621
6  8.0  4.96824e-05
6  8.5  3.36055e-05
6  9.5  1.71431e-05
6  10.0  1.23619e-05
6  9.0  2.37175e-05
6  10.5  8.76934e-06
8  0.2  0.346538
8  0.3  0.509021
8  0.4  0.658066
8  0.5  0.747586
8  0.6  0.765454
8  0.7  0.736175
8  0.8  0.659749
8  0.9  0.577518
8  1.0  0.491436
8  1.1  0.409514
8  1.2  0.334076
8  1.3  0.272651
8  1.4  0.219818
8  1.5  0.181452
8  1.6  0.148007
6  11.0  6.55478e-06
8  1.7  0.118453
8  1.8  0.0970127
8  1.9  0.0788224
8  2.0  0.064538
8  2.5  0.0253674
8  3.0  0.0108734
8  3.5  0.00512955
6  11.5  4.67807e-06
6  12.0  3.63693e-06
8  4.0  0.00254815
8  4.5  0.00138182
8  5.0  0.000773427
8  6.0  0.000274551
8  6.5  0.000170326
8  5.5  0.000453083
8  7.5  7.30854e-05
8  7.0  0.000109981
8  8.0  4.98919e-05
8  8.5  3.31364e-05
8  9.5  1.69948e-05
8  9.0  2.34524e-05
8  10.0  1.17993e-05
8  10.5  8.62442e-06
8  11.0  6.4644e-06
8  11.5  4.73404e-06
8  12.0  3.53111e-06
