# exclusive D0 cross section, Pb target, LHAPDF fragmentation, An0n channel
# generated      : 2026-08-20 10:22:43 EEST
# calls          : 1e5 below 4.0 GeV, 2e3 above (see EXCL_PT_THRESHOLD) (VEGAS calls per point, see CALLS_EXCL/CALLS_EXCL_FACTORIZED/CALLS_DIFF)
# dipole samples : data/Pb/mve/glauber_mve_<b>
# pD0 sweep      : 0.2 0.3 0.4 0.5 0.6 0.7 0.8 0.9 1.0 1.1 1.2 1.3 1.4 1.5 1.6 1.7 1.8 1.9 2.0 2.5 3.0 3.5 4.0 4.5 5.0 5.5 6.0 6.5 7.0 7.5 8.0 8.5 9.0 9.5 10.0 10.5 11.0 11.5 12.0
# fixed rapidity y : 1.0
# ============================================================
# b  pD0  dsigma_dyd2pD0
0  0.5  1.29538
0  0.4  1.67674
0  0.3  2.10426
0  0.2  2.54964
0  0.7  0.72365
0  0.6  0.977207
0  0.8  0.530712
0  0.9  0.385575
0  1.0  0.279505
0  1.1  0.202957
0  1.3  0.107726
0  1.2  0.146941
0  1.5  0.05839
0  1.4  0.0783821
0  1.6  0.0422294
0  1.7  0.0311829
0  1.8  0.0233369
0  2.0  0.0132341
0  1.9  0.0176142
0  3.0  0.000963025
0  2.5  0.00336735
0  3.5  0.000238781
0  4.0  0.000105256
0  4.5  3.92977e-05
0  5.0  1.57546e-05
0  5.5  6.72597e-06
0  6.0  3.03165e-06
0  7.5  3.54196e-07
0  6.5  1.42616e-06
0  7.0  6.9874e-07
0  8.0  1.88741e-07
0  8.5  1.02466e-07
0  9.5  3.31855e-08
0  9.0  5.74527e-08
0  10.5  1.17051e-08
0  10.0  1.93521e-08
10  0.2  2.42784
10  0.3  2.0003
10  0.4  1.59283
10  0.5  1.22712
10  0.6  0.923478
10  0.7  0.682977
10  0.8  0.499092
10  0.9  0.363408
10  1.0  0.262604
0  11.0  7.17378e-09
10  1.1  0.189928
10  1.2  0.137738
10  1.3  0.100401
10  1.4  0.0738131
10  1.6  0.0393495
10  1.5  0.0535466
10  1.7  0.0296972
10  1.8  0.0220897
10  1.9  0.016319
10  2.0  0.0122869
10  2.5  0.00321792
10  3.0  0.0009153
10  3.5  0.00021104
0  11.5  4.47543e-09
10  4.0  9.62916e-05
10  4.5  3.6e-05
10  5.0  1.44049e-05
0  12.0  2.84892e-09
10  6.0  2.76857e-06
10  5.5  6.14823e-06
10  8.0  1.69468e-07
10  7.5  3.26493e-07
10  6.5  1.29634e-06
10  7.0  6.362e-07
10  9.5  3.01915e-08
10  8.5  9.32384e-08
10  9.0  5.22959e-08
10  10.0  1.77335e-08
10  10.5  1.06485e-08
12  0.2  2.37175
12  0.3  1.95352
12  0.4  1.55229
12  0.5  1.1967
12  0.6  0.897864
12  0.7  0.664235
10  11.5  4.08711e-09
12  0.8  0.485417
12  0.9  0.351832
12  1.1  0.184286
12  1.0  0.254508
12  1.2  0.133533
12  1.3  0.0963072
10  11.0  6.51505e-09
12  1.4  0.0711809
12  1.5  0.0516649
12  1.6  0.0380899
12  1.7  0.0280336
12  1.9  0.0156048
12  1.8  0.020724
12  2.0  0.0118199
12  2.5  0.00294575
12  3.0  0.000860786
12  3.5  0.000225896
10  12.0  2.58593e-09
12  4.5  3.44772e-05
12  4.0  9.28251e-05
12  5.5  5.90467e-06
12  5.0  1.38535e-05
12  6.0  2.63806e-06
12  6.5  1.24547e-06
12  8.0  1.62192e-07
12  7.5  3.12372e-07
12  7.0  6.08671e-07
12  9.0  5.0255e-08
12  8.5  8.9141e-08
12  9.5  2.88284e-08
12  10.0  1.68584e-08
14  0.2  2.30114
12  10.5  1.0179e-08
14  0.3  1.89394
12  11.0  6.2516e-09
14  0.4  1.50359
14  0.5  1.15833
14  0.6  0.869644
14  0.7  0.641174
14  0.8  0.46802
14  0.9  0.339282
14  1.0  0.24498
14  1.1  0.176326
14  1.2  0.128106
14  1.3  0.0929187
12  11.5  3.90304e-09
14  1.5  0.0493992
14  1.4  0.0676241
14  1.7  0.0271499
14  1.6  0.0361788
14  1.8  0.0198339
14  2.0  0.0112045
14  1.9  0.0150917
14  2.5  0.00289589
14  3.0  0.000835585
14  3.5  0.000233406
12  12.0  2.46929e-09
14  4.5  3.29294e-05
14  5.0  1.31585e-05
14  4.0  8.81545e-05
14  6.0  2.47563e-06
14  5.5  5.59556e-06
14  7.5  2.93008e-07
14  6.5  1.17988e-06
14  8.0  1.54216e-07
14  7.0  5.7593e-07
14  9.0  4.74716e-08
14  8.5  8.42495e-08
14  9.5  2.7236e-08
14  10.0  1.60028e-08
14  10.5  9.60651e-09
16  0.2  2.218
14  11.5  3.68424e-09
16  0.3  1.82444
16  0.4  1.44676
16  0.5  1.11213
16  0.6  0.833279
16  0.7  0.614165
16  0.8  0.44722
16  0.9  0.323654
14  11.0  5.87868e-09
16  1.0  0.233133
16  1.1  0.168282
16  1.2  0.122176
16  1.3  0.0880344
16  1.4  0.0649526
16  1.5  0.0470946
16  1.6  0.0342851
16  1.7  0.0253552
16  1.8  0.0188354
16  2.0  0.0106048
16  1.9  0.0141524
16  2.5  0.00263203
16  3.5  0.000185932
16  3.0  0.000719855
14  12.0  2.33048e-09
16  4.5  3.08219e-05
16  4.0  8.25729e-05
16  5.5  5.22991e-06
16  5.0  1.22877e-05
16  6.0  2.33399e-06
16  6.5  1.09783e-06
16  7.0  5.37617e-07
16  8.0  1.45045e-07
16  7.5  2.74302e-07
16  8.5  7.86767e-08
16  9.5  2.53847e-08
16  9.0  4.38637e-08
16  10.5  8.94462e-09
16  10.0  1.4899e-08
18  0.2  2.11702
18  0.3  1.73815
18  0.4  1.37707
18  0.5  1.0561
18  0.6  0.791051
18  0.7  0.581478
18  0.8  0.422177
18  0.9  0.304941
18  1.0  0.21949
18  1.2  0.114177
18  1.1  0.158539
18  1.3  0.0834902
16  11.0  5.46924e-09
18  1.4  0.0605283
18  1.7  0.0240831
18  1.5  0.0437854
18  1.6  0.0321892
18  1.8  0.0177868
18  1.9  0.013071
18  2.0  0.00996805
18  2.5  0.0024861
18  3.0  0.000709298
18  3.5  0.000236997
16  11.5  3.41229e-09
16  12.0  2.17264e-09
18  4.5  2.84214e-05
18  5.5  4.75641e-06
18  4.0  7.61508e-05
18  5.0  1.13039e-05
18  6.5  9.92649e-07
18  6.0  2.14635e-06
18  7.0  4.93606e-07
18  7.5  2.51584e-07
18  8.0  1.32816e-07
18  8.5  7.20035e-08
18  9.5  2.32555e-08
18  9.0  4.03523e-08
18  10.5  8.18966e-09
18  10.0  1.36462e-08
2  0.2  2.54526
2  0.3  2.10059
18  11.0  5.03265e-09
2  0.4  1.67355
2  0.5  1.29247
2  0.6  0.975084
2  0.7  0.722114
2  0.8  0.528982
2  0.9  0.384814
2  1.0  0.278878
2  1.2  0.147162
2  1.1  0.202408
2  1.3  0.107079
2  1.4  0.0782698
2  1.6  0.0422262
2  1.5  0.0572368
2  1.8  0.0231528
2  1.7  0.0310883
2  1.9  0.0175079
2  2.0  0.01307
2  3.0  0.000931394
2  2.5  0.00337563
2  3.5  0.000249102
18  11.5  3.12122e-09
2  4.0  0.000104901
18  12.0  1.98702e-09
2  4.5  3.91932e-05
2  5.0  1.57008e-05
2  6.0  3.02102e-06
2  5.5  6.70294e-06
2  6.5  1.4212e-06
2  7.0  6.96574e-07
2  7.5  3.55279e-07
2  8.0  1.87666e-07
2  8.5  1.021e-07
2  9.5  3.30619e-08
2  10.0  1.94414e-08
2  9.0  5.72495e-08
20  0.2  1.99575
2  10.5  1.16821e-08
20  0.3  1.63674
20  0.4  1.29329
20  0.5  0.990697
20  0.6  0.739485
20  0.7  0.542685
20  0.8  0.3932
20  0.9  0.283144
20  1.0  0.203016
20  1.1  0.146726
20  1.2  0.105714
20  1.3  0.0767939
2  11.0  7.14755e-09
20  1.4  0.0557261
20  1.5  0.0407906
20  1.6  0.0299194
20  1.7  0.0222113
20  1.8  0.0160201
20  2.0  0.00901326
20  1.9  0.0120704
20  2.5  0.00222855
20  3.5  0.000198066
20  3.0  0.000659348
2  11.5  4.45901e-09
2  12.0  2.83843e-09
20  4.0  6.88519e-05
20  4.5  2.55193e-05
20  5.0  1.02008e-05
20  5.5  4.31544e-06
20  7.0  4.39616e-07
20  6.0  1.93092e-06
20  6.5  9.06303e-07
20  7.5  2.27014e-07
20  8.0  1.19272e-07
20  8.5  6.48282e-08
20  9.5  2.08359e-08
20  9.0  3.61766e-08
22  0.2  1.85143
22  0.3  1.51539
20  10.0  1.22185e-08
20  10.5  7.3427e-09
22  0.4  1.19555
22  0.5  0.911895
22  0.6  0.679348
20  11.0  4.48876e-09
22  0.7  0.496243
22  0.8  0.359028
22  0.9  0.257812
22  1.0  0.184714
22  1.1  0.132452
22  1.2  0.0954781
22  1.3  0.069012
22  1.4  0.0506617
22  1.5  0.0368257
22  1.6  0.0264095
22  1.7  0.0199967
22  1.8  0.0146024
22  1.9  0.0109847
22  2.0  0.00809103
22  2.5  0.00198188
22  3.0  0.000600922
22  3.5  0.000227409
20  11.5  2.7919e-09
20  12.0  1.77404e-09
22  4.0  6.07224e-05
22  4.5  2.252e-05
22  5.0  8.93841e-06
22  6.0  1.69611e-06
22  5.5  3.7839e-06
22  8.0  1.03573e-07
22  6.5  7.93455e-07
22  7.0  3.87777e-07
22  7.5  1.9816e-07
22  8.5  5.66194e-08
22  9.5  1.81171e-08
22  9.0  3.14907e-08
22  10.0  1.06123e-08
22  10.5  6.37936e-09
24  0.2  1.67643
24  0.3  1.36957
22  11.0  3.90195e-09
24  0.4  1.07556
24  0.5  0.818084
24  0.6  0.606478
24  0.7  0.441665
24  0.8  0.318385
24  0.9  0.227761
24  1.0  0.162911
24  1.1  0.116666
24  1.2  0.0838071
24  1.3  0.0602646
24  1.4  0.0432269
24  1.5  0.0314469
24  1.6  0.0235125
24  1.7  0.017309
24  1.8  0.0125189
24  1.9  0.0093698
24  2.0  0.00676892
24  3.0  0.000549027
24  2.5  0.0017221
22  11.5  2.42346e-09
24  3.5  0.000150787
22  12.0  1.54141e-09
24  4.0  5.13925e-05
24  4.5  1.90164e-05
24  6.0  1.40739e-06
24  5.0  7.53089e-06
24  5.5  3.18289e-06
24  7.0  3.21383e-07
24  6.5  6.65779e-07
24  7.5  1.65051e-07
24  8.0  8.65502e-08
24  8.5  4.67961e-08
24  9.0  2.62753e-08
24  10.0  8.84466e-09
24  9.5  1.5171e-08
24  10.5  5.30691e-09
26  0.2  1.46431
26  0.3  1.19138
24  11.0  3.24983e-09
26  0.4  0.932109
26  0.5  0.705396
26  0.6  0.520478
26  0.7  0.377348
26  0.8  0.270644
26  0.9  0.192461
26  1.0  0.137061
26  1.2  0.0701906
26  1.1  0.0976836
26  1.3  0.0502716
26  1.4  0.0360506
26  1.5  0.0260792
26  1.6  0.0194074
26  1.8  0.0104533
26  1.7  0.0139867
26  1.9  0.00768903
26  2.0  0.00575307
26  2.5  0.0014133
26  3.0  0.000343583
26  3.5  0.000178886
24  12.0  1.28602e-09
24  11.5  2.02067e-09
26  4.0  4.09025e-05
26  4.5  1.50894e-05
26  5.0  5.99577e-06
26  5.5  2.52406e-06
26  6.0  1.12581e-06
26  6.5  5.2736e-07
26  7.0  2.56139e-07
26  7.5  1.29899e-07
26  8.0  6.82479e-08
26  8.5  3.69539e-08
26  9.5  1.18615e-08
26  9.0  2.06342e-08
26  10.0  6.92358e-09
26  10.5  4.15545e-09
28  0.2  1.21128
28  0.3  0.98116
28  0.4  0.763285
28  0.5  0.574254
28  0.6  0.420621
26  11.0  2.54164e-09
28  0.7  0.3032
28  0.8  0.21568
28  0.9  0.152947
28  1.0  0.107977
28  1.1  0.0765733
28  1.2  0.0545383
28  1.4  0.0283391
28  1.3  0.0387878
28  1.5  0.0202248
28  1.6  0.0144781
28  1.7  0.0107735
28  1.9  0.00591019
28  1.8  0.00790986
28  2.0  0.00426514
28  2.5  0.00095779
26  12.0  1.00451e-09
28  3.5  8.09699e-05
28  3.0  0.000235429
26  11.5  1.57537e-09
28  4.0  3.01026e-05
28  4.5  1.10218e-05
28  5.0  4.39358e-06
28  5.5  1.84494e-06
28  6.0  8.1992e-07
28  6.5  3.82215e-07
28  8.0  4.88409e-08
28  7.0  1.85236e-07
28  7.5  9.3688e-08
28  9.0  1.46617e-08
28  8.5  2.65373e-08
28  9.5  8.50268e-09
28  10.0  4.97034e-09
30  0.2  0.922834
30  0.3  0.743024
30  0.4  0.573864
30  0.5  0.427899
30  0.6  0.310818
30  0.7  0.22191
28  10.5  2.97205e-09
30  0.8  0.156863
30  0.9  0.110152
30  1.0  0.0774768
30  1.1  0.0546309
28  11.5  1.12911e-09
30  1.2  0.0386285
30  1.3  0.0275056
30  1.4  0.0199406
28  11.0  1.80738e-09
30  1.5  0.0141097
30  1.6  0.0104339
30  1.7  0.00745772
30  1.9  0.00396104
30  1.8  0.00541569
30  2.0  0.00297807
30  3.0  0.000184327
30  2.5  0.000736876
30  3.5  5.78613e-05
28  12.0  7.13241e-10
30  4.5  7.21648e-06
30  4.0  1.97785e-05
30  5.0  2.83363e-06
30  5.5  1.18953e-06
30  7.0  1.16694e-07
30  6.0  5.23622e-07
30  6.5  2.44155e-07
30  7.5  5.95024e-08
30  8.0  3.11237e-08
30  8.5  1.67981e-08
30  9.5  5.34528e-09
30  9.0  9.33324e-09
30  10.0  3.12178e-09
32  0.2  0.629526
32  0.3  0.502533
32  0.4  0.384115
32  0.5  0.283249
32  0.6  0.203324
30  10.5  1.85705e-09
32  0.7  0.14348
32  0.8  0.100335
32  0.9  0.0698778
32  1.0  0.0486678
32  1.1  0.0339939
32  1.2  0.0236966
32  1.3  0.0169517
32  1.5  0.00862413
32  1.4  0.0118992
30  11.0  1.13082e-09
32  1.6  0.00624344
32  1.7  0.00451553
32  1.8  0.00326932
32  1.9  0.0023292
32  2.0  0.00174877
32  2.5  0.000411836
32  3.0  9.02884e-05
30  11.5  7.03324e-10
32  3.5  3.45833e-05
30  12.0  4.44209e-10
32  4.5  3.99491e-06
32  5.0  1.56303e-06
32  4.0  1.10875e-05
32  6.0  2.85677e-07
32  5.5  6.50749e-07
32  6.5  1.32251e-07
32  8.0  1.65656e-08
32  8.5  8.90627e-09
32  7.0  6.36347e-08
32  7.5  3.19689e-08
32  9.0  4.97307e-09
32  9.5  2.8124e-09
32  10.0  1.64741e-09
4  0.2  2.53168
4  0.3  2.08846
4  0.4  1.66422
4  0.5  1.28457
4  0.6  0.968857
32  10.5  9.77959e-10
4  0.7  0.717152
4  0.8  0.525128
4  0.9  0.382183
4  1.0  0.277058
4  1.1  0.200419
32  11.5  3.69685e-10
4  1.3  0.106441
4  1.2  0.145842
4  1.4  0.0774373
4  1.5  0.0566724
4  1.6  0.0421158
32  11.0  5.94214e-10
4  1.7  0.030836
4  1.8  0.0230477
4  1.9  0.0172033
4  2.0  0.0130067
4  3.5  0.000300776
4  2.5  0.00336919
4  3.0  0.000953302
32  12.0  2.32321e-10
4  4.0  0.00010384
4  4.5  3.87767e-05
4  5.0  1.554e-05
4  6.0  2.98938e-06
4  6.5  1.39247e-06
4  5.5  6.63404e-06
4  7.0  6.92356e-07
4  7.5  3.53339e-07
4  8.0  1.87352e-07
4  8.5  1.01001e-07
4  9.5  3.26972e-08
4  9.0  5.66191e-08
4  10.0  1.92286e-08
6  0.2  2.50776
6  0.3  2.06704
4  10.5  1.15548e-08
6  0.4  1.6464
6  0.5  1.2715
6  0.6  0.958247
6  0.7  0.709351
6  0.8  0.519626
6  0.9  0.377197
6  1.0  0.273838
4  11.0  7.0688e-09
6  1.1  0.198498
6  1.2  0.143928
6  1.3  0.105071
6  1.4  0.0764682
6  1.5  0.0559693
6  1.6  0.0412096
6  1.7  0.0311613
4  11.5  4.4098e-09
6  2.0  0.0126688
6  1.8  0.0226077
6  1.9  0.0169487
6  3.5  0.000285659
6  2.5  0.00331703
6  3.0  0.000910205
6  4.5  3.81203e-05
6  4.0  0.000102026
4  12.0  2.80763e-09
6  5.0  1.52748e-05
6  5.5  6.51929e-06
6  6.0  2.93631e-06
6  6.5  1.36853e-06
6  7.5  3.46623e-07
6  7.0  6.76839e-07
6  8.0  1.82488e-07
6  8.5  9.91458e-08
6  9.5  3.20974e-08
6  10.0  1.88738e-08
6  9.0  5.55784e-08
6  10.5  1.13021e-08
8  0.2  2.47179
8  0.3  2.0381
8  0.4  1.62366
8  0.5  1.25375
8  0.6  0.943039
8  0.7  0.697586
8  0.8  0.510785
8  0.9  0.371445
8  1.0  0.268572
8  1.1  0.194213
8  1.2  0.141266
8  1.3  0.102214
8  1.4  0.0754914
8  1.5  0.0556975
8  1.6  0.0412508
6  11.0  6.93726e-09
8  1.7  0.0300187
8  1.8  0.0222261
8  1.9  0.0167329
8  2.0  0.0125252
8  2.5  0.0032933
8  3.0  0.000965629
8  3.5  0.000292244
6  11.5  4.33031e-09
6  12.0  2.75642e-09
8  4.0  9.9565e-05
8  4.5  3.71962e-05
8  5.0  1.49031e-05
8  6.0  2.8355e-06
8  6.5  1.33085e-06
8  5.5  6.35132e-06
8  7.5  3.37626e-07
8  7.0  6.58652e-07
8  8.0  1.77566e-07
8  8.5  9.65676e-08
8  9.5  3.12611e-08
8  9.0  5.41146e-08
8  10.0  1.83756e-08
8  10.5  1.10429e-08
8  11.0  6.7707e-09
8  11.5  4.21586e-09
8  12.0  2.68185e-09
