# diffractive D0 cross section, Pb target, HymnD fragmentation, An0n channel
# generated      : 2026-08-20 10:22:13 EEST
# calls          : 1e5 (VEGAS calls per point, see CALLS_EXCL/CALLS_EXCL_FACTORIZED/CALLS_DIFF)
# dipole samples : data/Pb/mve/glauber_mve_<b>
# pD0 sweep      : 0.2 0.3 0.4 0.5 0.6 0.7 0.8 0.9 1.0 1.1 1.2 1.3 1.4 1.5 1.6 1.7 1.8 1.9 2.0 2.5 3.0 3.5 4.0 4.5 5.0 5.5 6.0 6.5 7.0 7.5 8.0 8.5 9.0 9.5 10.0 10.5 11.0 11.5 12.0
# fixed rapidity y : -1.0
# ============================================================
# b  pD0  dsigma_dyd2pD0
0  0.5  1.04695
0  0.3  0.722054
0  0.2  0.493192
0  0.4  0.925385
0  0.7  1.01208
0  0.6  1.07711
0  1.0  0.715847
0  0.8  0.954234
0  0.9  0.83646
0  1.1  0.598011
0  1.2  0.501903
0  1.3  0.424045
0  1.4  0.350145
0  1.5  0.288491
0  1.6  0.239011
0  1.7  0.194109
0  1.8  0.164162
0  1.9  0.136402
0  2.0  0.113661
0  2.5  0.0470905
0  3.0  0.0224247
0  3.5  0.0114103
0  5.5  0.00131727
0  4.0  0.00603945
0  4.5  0.00353144
0  5.0  0.00210927
0  7.0  0.000372767
0  6.0  0.000829897
0  8.0  0.000182196
0  6.5  0.000559021
0  8.5  0.000133582
0  7.5  0.000257068
0  9.0  9.70111e-05
0  11.0  2.9328e-05
0  9.5  7.18903e-05
0  10.5  3.9965e-05
0  10.0  5.34716e-05
10  0.2  0.485298
10  0.3  0.715756
10  0.4  0.907822
10  0.5  1.02762
10  0.6  1.05605
10  0.7  1.01262
10  0.8  0.926294
10  0.9  0.810676
10  1.0  0.696047
10  1.1  0.586293
10  1.2  0.485061
0  11.5  2.35813e-05
10  1.3  0.399467
10  1.4  0.335607
10  1.5  0.275494
10  1.6  0.22812
10  1.7  0.189301
10  1.8  0.153894
0  12.0  1.82347e-05
10  1.9  0.128758
10  2.0  0.10778
10  2.5  0.0460677
10  3.0  0.0210644
10  3.5  0.0108921
10  5.5  0.00120958
10  4.5  0.00332787
10  4.0  0.00586824
10  5.0  0.00196653
10  6.0  0.000787293
10  8.0  0.000175833
10  6.5  0.000527062
10  8.5  0.000124928
10  7.0  0.000354623
10  7.5  0.000250241
10  9.0  9.10066e-05
10  11.0  2.93388e-05
10  9.5  6.73521e-05
10  10.5  3.84538e-05
10  10.0  5.03414e-05
12  0.2  0.48614
12  0.3  0.709635
12  0.4  0.903701
12  0.5  1.02614
12  0.6  1.05451
12  0.7  0.994171
10  11.5  2.26287e-05
12  0.9  0.798438
12  0.8  0.914229
12  1.0  0.68253
12  1.2  0.474768
12  1.1  0.580894
12  1.3  0.39961
12  1.4  0.328017
12  1.5  0.271207
10  12.0  1.70832e-05
12  1.6  0.223807
12  1.7  0.185229
12  1.8  0.15336
12  1.9  0.127817
12  2.0  0.106377
12  3.0  0.0209662
12  2.5  0.0448911
12  3.5  0.0104214
12  4.0  0.00564847
12  5.5  0.00119795
12  4.5  0.00321164
12  5.0  0.00194537
12  7.0  0.000343564
12  6.0  0.000771008
12  8.0  0.000170142
12  6.5  0.00051127
12  8.5  0.000122037
12  7.5  0.000240901
12  9.5  6.67334e-05
12  9.0  8.99538e-05
12  11.0  2.83716e-05
12  10.5  3.74012e-05
14  0.2  0.471874
12  10.0  4.98251e-05
14  0.3  0.704172
14  0.4  0.893012
14  0.5  1.00946
14  0.6  1.03642
14  0.7  0.988879
14  0.8  0.895508
14  0.9  0.782727
14  1.0  0.671676
12  11.5  2.18037e-05
14  1.1  0.564489
14  1.3  0.386944
14  1.2  0.469363
14  1.4  0.320932
14  1.5  0.261496
14  1.6  0.215639
14  1.7  0.181116
14  1.8  0.14942
14  1.9  0.123847
12  12.0  1.69294e-05
14  2.0  0.103337
14  3.0  0.0201988
14  2.5  0.043615
14  3.5  0.0104077
14  4.0  0.00543086
14  5.5  0.00116151
14  4.5  0.00315633
14  5.0  0.0018607
14  7.0  0.00033592
14  6.0  0.000756994
14  8.0  0.000163393
14  6.5  0.000496473
14  8.5  0.000118135
14  7.5  0.000236903
14  9.0  8.63398e-05
14  11.0  2.79348e-05
14  9.5  6.49772e-05
14  10.5  3.64931e-05
16  0.2  0.477755
14  10.0  4.8427e-05
16  0.3  0.698271
16  0.4  0.887061
16  0.5  0.979381
16  0.6  1.01444
16  0.7  0.965104
16  0.8  0.874823
16  0.9  0.765178
16  1.0  0.651323
16  1.1  0.549282
16  1.2  0.458623
14  11.5  2.13773e-05
16  1.3  0.376286
16  1.4  0.311134
16  1.5  0.255904
16  1.6  0.211086
16  1.7  0.175834
14  12.0  1.61609e-05
16  1.8  0.144687
16  1.9  0.120756
16  2.0  0.0998095
16  2.5  0.042121
16  3.5  0.00984626
16  3.0  0.0195872
16  4.5  0.00300043
16  4.0  0.0052688
16  5.0  0.00183393
16  5.5  0.00114058
16  6.5  0.000470723
16  6.0  0.0007198
16  8.0  0.000159404
16  7.0  0.000326324
16  7.5  0.000224928
16  9.5  6.15334e-05
16  8.5  0.000115422
16  9.0  8.35549e-05
16  11.0  2.6545e-05
16  10.5  3.52406e-05
18  0.2  0.467457
16  10.0  4.57662e-05
18  0.3  0.693117
18  0.4  0.875097
18  0.5  0.982967
18  0.6  0.992295
18  0.7  0.940237
18  0.8  0.847926
18  0.9  0.74138
18  1.0  0.629394
18  1.1  0.527858
18  1.2  0.441615
16  11.5  2.02887e-05
18  1.3  0.366927
18  1.4  0.299889
18  1.5  0.24514
16  12.0  1.58373e-05
18  1.6  0.200066
18  1.7  0.167848
18  1.8  0.138693
18  1.9  0.114906
18  2.0  0.0956394
18  2.5  0.0403945
18  3.0  0.0186526
18  3.5  0.00934984
18  4.5  0.00293322
18  4.0  0.00501727
18  5.0  0.00169618
18  5.5  0.00106553
18  7.0  0.00031516
18  6.5  0.000464172
18  6.0  0.000687737
18  8.0  0.000151974
18  7.5  0.000218247
18  8.5  0.00010914
18  9.0  8.03952e-05
18  11.0  2.50855e-05
18  9.5  5.89076e-05
18  10.5  3.32526e-05
2  0.2  0.490798
2  0.3  0.721655
18  10.0  4.42324e-05
2  0.4  0.921049
2  0.5  1.05611
2  0.6  1.0932
2  0.7  1.0407
2  0.8  0.948207
18  11.5  1.98473e-05
2  0.9  0.828597
2  1.0  0.712276
2  1.1  0.611551
2  1.2  0.49948
2  1.3  0.42266
2  1.4  0.350034
2  1.5  0.287961
2  1.6  0.238053
18  12.0  1.49623e-05
2  1.7  0.193364
2  1.8  0.164641
2  1.9  0.13535
2  2.0  0.11215
2  2.5  0.0484101
2  3.0  0.0221496
2  3.5  0.0112103
2  5.5  0.0012962
2  4.0  0.00609344
2  4.5  0.00344842
2  5.0  0.00209407
2  7.0  0.000372603
2  6.0  0.000824837
2  8.0  0.000182685
2  6.5  0.000547241
2  8.5  0.000129244
2  7.5  0.000261035
2  9.0  9.59017e-05
2  11.0  3.08133e-05
2  10.5  4.00465e-05
2  9.5  7.06672e-05
2  10.0  5.3108e-05
20  0.2  0.459837
20  0.3  0.679451
20  0.4  0.859001
20  0.5  0.96209
20  0.6  0.967209
20  0.7  0.911077
20  0.8  0.822322
20  0.9  0.714469
20  1.0  0.608657
20  1.1  0.500875
2  11.5  2.32196e-05
20  1.2  0.415942
20  1.3  0.342334
20  1.4  0.285947
20  1.6  0.193331
20  1.5  0.234245
2  12.0  1.83521e-05
20  1.7  0.159157
20  1.8  0.131965
20  1.9  0.109167
20  2.0  0.0904446
20  2.5  0.0377101
20  3.0  0.0176371
20  3.5  0.00897843
20  5.0  0.00162293
20  4.0  0.00479899
20  4.5  0.00275199
20  5.5  0.00100735
20  7.0  0.000292661
20  6.5  0.000430461
20  6.0  0.00065875
20  7.5  0.00020109
20  8.0  0.000143295
20  9.0  7.59285e-05
20  8.5  0.000102636
20  11.0  2.41196e-05
20  9.5  5.55031e-05
20  10.5  3.15514e-05
22  0.2  0.451165
20  10.0  4.16369e-05
22  0.3  0.667065
22  0.4  0.835244
22  0.5  0.927368
22  0.6  0.934178
22  0.7  0.873984
22  0.8  0.785132
22  0.9  0.674813
20  11.5  1.83772e-05
22  1.0  0.573373
22  1.1  0.482807
22  1.2  0.396251
22  1.3  0.324087
22  1.4  0.267773
22  1.5  0.21877
22  1.7  0.149508
22  1.6  0.180841
22  1.9  0.101676
22  1.8  0.123048
20  12.0  1.43497e-05
22  2.0  0.0834836
22  2.5  0.0355271
22  3.0  0.0163124
22  3.5  0.00824036
22  5.5  0.00094751
22  4.5  0.00251529
22  4.0  0.00440186
22  5.0  0.00150435
22  7.0  0.000271286
22  6.0  0.000604125
22  8.0  0.00013276
22  6.5  0.000400545
22  7.5  0.000189155
22  9.0  6.9634e-05
22  8.5  9.45261e-05
22  9.5  5.11138e-05
22  11.0  2.23259e-05
22  10.5  2.96495e-05
22  10.0  3.84645e-05
24  0.2  0.438149
24  0.3  0.648764
24  0.4  0.809629
24  0.5  0.890736
24  0.6  0.888409
24  0.7  0.806627
24  0.8  0.733077
24  0.9  0.632282
24  1.0  0.535638
24  1.1  0.442318
24  1.3  0.296216
24  1.2  0.365827
24  1.4  0.24386
24  1.5  0.200471
22  12.0  1.35341e-05
24  1.6  0.166865
24  1.7  0.134654
24  1.8  0.112842
24  1.9  0.0936585
24  2.0  0.0756987
24  2.5  0.0324927
24  3.0  0.0148315
24  3.5  0.00754227
22  11.5  1.70831e-05
24  5.0  0.00137014
24  5.5  0.000869104
24  4.0  0.00407261
24  4.5  0.00233128
24  7.0  0.000246057
24  6.0  0.000547389
24  6.5  0.000364475
24  8.0  0.000121091
24  7.5  0.000171723
24  9.5  4.64153e-05
24  9.0  6.41885e-05
24  8.5  8.73345e-05
24  11.0  2.01212e-05
24  10.5  2.63656e-05
24  10.0  3.50735e-05
26  0.2  0.421252
26  0.3  0.62369
26  0.4  0.768958
26  0.5  0.836241
26  0.6  0.820849
26  0.7  0.75836
24  11.5  1.5761e-05
26  0.8  0.668899
26  0.9  0.569877
26  1.0  0.48571
26  1.1  0.398736
26  1.2  0.328888
26  1.3  0.270638
26  1.4  0.219838
26  1.5  0.179995
26  1.6  0.147025
26  1.7  0.121419
26  1.8  0.0993431
26  1.9  0.0828857
26  2.0  0.0681642
26  2.5  0.0285663
24  12.0  1.20762e-05
26  3.0  0.0132686
26  3.5  0.00667429
26  4.5  0.00205654
26  5.0  0.00122629
26  4.0  0.00360359
26  5.5  0.00075305
26  7.0  0.000220928
26  6.5  0.000325469
26  6.0  0.000490814
26  8.0  0.000107051
26  7.5  0.000151995
26  9.5  4.12838e-05
26  8.5  7.74521e-05
26  9.0  5.68834e-05
26  11.0  1.80267e-05
26  10.0  3.12963e-05
28  0.2  0.403589
28  0.3  0.588812
28  0.4  0.705372
26  10.5  2.32401e-05
28  0.5  0.764901
28  0.6  0.737399
28  0.7  0.673029
28  0.8  0.589774
28  0.9  0.500324
28  1.0  0.417068
28  1.2  0.279366
28  1.1  0.344538
26  12.0  1.06174e-05
28  1.3  0.232596
28  1.4  0.186222
28  1.5  0.153221
26  11.5  1.3586e-05
28  1.7  0.102743
28  1.6  0.125558
28  1.9  0.0702016
28  1.8  0.084481
28  2.0  0.0577391
28  2.5  0.0241514
28  3.0  0.0109601
28  3.5  0.00568072
28  4.0  0.00297725
28  4.5  0.00168952
28  5.0  0.00101159
28  6.0  0.000404657
28  5.5  0.000630596
28  7.0  0.000184307
28  8.0  8.84833e-05
28  6.5  0.000268253
28  8.5  6.42793e-05
28  7.5  0.000125458
28  9.0  4.7218e-05
28  9.5  3.49426e-05
28  11.0  1.47558e-05
28  10.0  2.60107e-05
30  0.2  0.365825
30  0.3  0.538577
30  0.4  0.629496
30  0.5  0.661191
30  0.6  0.627283
30  0.7  0.562539
28  10.5  1.96692e-05
30  0.8  0.483605
30  0.9  0.408297
30  1.0  0.338948
30  1.1  0.277352
30  1.2  0.223414
30  1.3  0.184486
30  1.4  0.149276
30  1.5  0.121926
28  12.0  8.89134e-06
30  1.6  0.0992801
30  1.7  0.0807668
30  1.8  0.0677422
30  1.9  0.0544685
30  2.0  0.0452091
30  2.5  0.0187458
30  3.0  0.00874917
30  3.5  0.00435352
28  11.5  1.14297e-05
30  5.0  0.000797514
30  4.0  0.00233482
30  4.5  0.00132324
30  5.5  0.000501584
30  7.0  0.000141885
30  6.0  0.000316423
30  6.5  0.000214114
30  7.5  9.86872e-05
30  8.5  5.01972e-05
30  9.0  3.62786e-05
30  8.0  6.87842e-05
30  11.0  1.15709e-05
30  9.5  2.67236e-05
30  11.5  8.9966e-06
30  10.0  2.01636e-05
32  0.2  0.333201
32  0.3  0.469103
30  10.5  1.51864e-05
32  0.4  0.533937
32  0.5  0.532455
32  0.6  0.494393
32  0.7  0.429838
32  0.8  0.368256
32  0.9  0.304739
30  12.0  6.91377e-06
32  1.0  0.251467
32  1.1  0.202069
32  1.2  0.165078
32  1.3  0.131185
32  1.4  0.109309
32  1.5  0.0870123
32  1.6  0.0710808
32  1.7  0.058361
32  1.9  0.0391313
32  1.8  0.047382
32  2.0  0.0324654
32  2.5  0.013727
32  3.0  0.00630761
32  3.5  0.0031252
32  6.0  0.000227486
32  4.0  0.00165788
32  4.5  0.000964814
32  5.0  0.000566562
32  5.5  0.0003609
32  7.5  7.00197e-05
32  6.5  0.000154168
32  8.5  3.55206e-05
32  7.0  0.000101269
32  8.0  4.94429e-05
32  9.0  2.65237e-05
32  10.0  1.45706e-05
32  9.5  1.93314e-05
32  11.0  8.28276e-06
4  0.2  0.494472
32  11.5  6.48895e-06
4  0.3  0.723617
32  10.5  1.07259e-05
4  0.4  0.924232
4  0.5  1.05545
4  0.6  1.0715
4  0.7  1.04554
4  0.8  0.951526
4  0.9  0.839188
4  1.0  0.716614
4  1.1  0.603492
4  1.2  0.502554
4  1.3  0.418573
4  1.4  0.348441
4  1.5  0.287787
4  1.6  0.237464
4  1.7  0.195387
4  1.8  0.161382
4  1.9  0.135126
4  2.0  0.112807
4  2.5  0.0480503
32  12.0  5.04208e-06
4  3.5  0.0111255
4  3.0  0.022295
4  4.0  0.00599163
4  5.5  0.00126621
4  4.5  0.00348536
4  5.0  0.00205751
4  7.0  0.000368958
4  6.0  0.000821789
4  8.0  0.000180394
4  6.5  0.000543031
4  8.5  0.000132108
4  7.5  0.000256809
4  9.0  9.5776e-05
4  9.5  7.01156e-05
4  11.0  2.966e-05
4  10.5  3.96904e-05
4  10.0  5.26985e-05
6  0.2  0.489997
6  0.3  0.720021
6  0.4  0.922047
6  0.5  1.04902
6  0.6  1.06741
6  0.7  1.02799
6  0.8  0.94277
6  0.9  0.823063
6  1.0  0.717085
6  1.2  0.502407
6  1.1  0.602939
4  11.5  2.32019e-05
6  1.3  0.415201
6  1.4  0.343226
6  1.5  0.285276
6  1.6  0.234436
6  1.7  0.195119
4  12.0  1.81003e-05
6  1.8  0.160941
6  1.9  0.133915
6  2.0  0.111753
6  2.5  0.0473737
6  3.0  0.0219775
6  3.5  0.011034
6  5.5  0.00128853
6  4.0  0.00592621
6  4.5  0.00344414
6  5.0  0.00202572
6  7.0  0.000365748
6  6.0  0.000828688
6  8.0  0.0001799
6  6.5  0.000533528
6  8.5  0.000128481
6  7.5  0.0002539
6  9.0  9.41825e-05
6  9.5  6.98221e-05
6  11.0  2.98932e-05
6  10.5  3.94064e-05
6  10.0  5.16173e-05
8  0.2  0.486791
8  0.3  0.718581
8  0.4  0.908222
8  0.5  1.04116
8  0.6  1.07257
8  0.7  1.02759
8  0.8  0.938395
8  0.9  0.823003
8  1.0  0.70553
6  11.5  2.33444e-05
8  1.2  0.495794
8  1.1  0.598456
8  1.3  0.411802
8  1.4  0.341335
8  1.5  0.281256
8  1.6  0.233787
8  1.7  0.191796
6  12.0  1.78956e-05
8  1.9  0.130941
8  1.8  0.159663
8  2.0  0.107514
8  3.0  0.0216251
8  2.5  0.0468565
8  3.5  0.0109299
8  5.5  0.00127547
8  4.0  0.00585216
8  4.5  0.00335459
8  5.0  0.00200832
8  6.0  0.000802257
8  6.5  0.000533188
8  8.0  0.000179146
8  8.5  0.000127409
8  7.0  0.000361832
8  7.5  0.000251688
8  9.0  9.12533e-05
8  11.0  2.95305e-05
8  9.5  6.80883e-05
8  10.5  3.89409e-05
8  10.0  5.11572e-05
8  11.5  2.2799e-05
8  12.0  1.78858e-05
