# diffractive D0 cross section, Pb target, LHAPDF fragmentation, An0n channel
# generated      : 2026-08-20 10:21:14 EEST
# calls          : 1e5 (VEGAS calls per point, see CALLS_EXCL/CALLS_EXCL_FACTORIZED/CALLS_DIFF)
# dipole samples : data/Pb/mve/glauber_mve_<b>
# pD0 sweep      : 0.2 0.3 0.4 0.5 0.6 0.7 0.8 0.9 1.0 1.1 1.2 1.3 1.4 1.5 1.6 1.7 1.8 1.9 2.0 2.5 3.0 3.5 4.0 4.5 5.0 5.5 6.0 6.5 7.0 7.5 8.0 8.5 9.0 9.5 10.0 10.5 11.0 11.5 12.0
# fixed rapidity y : 1.0
# ============================================================
# b  pD0  dsigma_dyd2pD0
0  0.4  0.752512
0  0.5  0.832288
0  0.3  0.587834
0  0.2  0.395794
0  0.6  0.85798
0  0.7  0.808982
0  0.8  0.710995
0  0.9  0.612511
0  1.0  0.517014
0  1.2  0.349574
0  1.3  0.283162
0  1.1  0.427021
0  1.5  0.186165
0  1.4  0.226124
0  1.6  0.153824
0  1.9  0.0797862
0  1.8  0.100045
0  1.7  0.123585
0  2.0  0.0669027
0  3.0  0.0111169
0  2.5  0.0258833
0  3.5  0.00510995
0  4.5  0.00136823
0  4.0  0.0026286
0  5.0  0.000781881
0  6.0  0.000279639
0  5.5  0.000455885
0  6.5  0.000175054
0  7.0  0.00011239
0  7.5  7.18119e-05
0  8.5  3.32072e-05
0  8.0  4.92252e-05
0  10.0  1.18445e-05
0  9.0  2.40976e-05
0  10.5  8.59458e-06
0  9.5  1.6531e-05
10  0.2  0.395688
10  0.3  0.582746
10  0.4  0.736034
10  0.5  0.824469
10  0.6  0.831935
10  0.7  0.781445
10  0.8  0.69143
10  0.9  0.595233
10  1.0  0.495485
0  11.0  6.23291e-06
10  1.1  0.411353
10  1.2  0.335034
0  11.5  4.80942e-06
10  1.3  0.272038
10  1.5  0.181041
10  1.4  0.222755
10  1.7  0.115948
10  1.6  0.143088
10  1.8  0.0944995
10  1.9  0.0773239
10  2.0  0.0636461
10  2.5  0.0246681
10  3.0  0.0105738
10  3.5  0.00483946
0  12.0  3.5695e-06
10  4.5  0.00131984
10  4.0  0.0024666
10  6.0  0.000267411
10  5.0  0.000747631
10  5.5  0.000436975
10  6.5  0.0001651
10  7.0  0.000106148
10  7.5  6.95298e-05
10  8.0  4.70831e-05
10  8.5  3.21722e-05
10  9.0  2.242e-05
10  10.0  1.15304e-05
10  9.5  1.57013e-05
10  10.5  8.35346e-06
12  0.2  0.389728
12  0.3  0.577289
12  0.4  0.732427
12  0.5  0.82971
12  0.6  0.818143
12  0.7  0.773505
12  0.8  0.682827
12  0.9  0.582796
12  1.0  0.49197
12  1.1  0.405524
12  1.2  0.329978
12  1.3  0.266161
12  1.4  0.215404
12  1.5  0.174098
12  1.6  0.140769
10  11.5  4.50058e-06
10  11.0  6.00713e-06
12  1.7  0.11416
12  1.8  0.093122
12  1.9  0.0761305
12  2.0  0.0627122
12  2.5  0.0240598
12  3.0  0.0102198
12  3.5  0.00479844
12  4.5  0.00129
10  12.0  3.34016e-06
12  4.0  0.00239397
12  5.0  0.000710998
12  5.5  0.000426277
12  6.0  0.000260292
12  6.5  0.000161748
12  7.0  0.000103391
12  7.5  6.83772e-05
12  8.0  4.526e-05
12  8.5  3.12988e-05
12  9.0  2.13878e-05
12  10.0  1.11463e-05
12  9.5  1.53005e-05
14  0.2  0.390824
14  0.3  0.572948
12  10.5  7.98448e-06
14  0.4  0.731295
14  0.5  0.805772
14  0.6  0.807869
14  0.7  0.749459
12  11.5  4.40262e-06
12  11.0  5.98448e-06
14  1.0  0.481781
14  0.8  0.669607
14  0.9  0.573416
14  1.1  0.398288
14  1.2  0.321231
14  1.3  0.261183
14  1.5  0.17061
14  1.4  0.209623
14  1.6  0.1394
14  1.7  0.112048
14  1.8  0.0911895
14  1.9  0.0733897
14  2.0  0.0594343
14  2.5  0.0232447
14  3.0  0.00994867
14  3.5  0.00460696
12  12.0  3.19417e-06
14  4.5  0.00125449
14  5.0  0.000709213
14  6.0  0.000249326
14  4.0  0.00235821
14  5.5  0.000420802
14  6.5  0.000156367
14  7.0  0.000100337
14  7.5  6.69571e-05
14  8.0  4.35906e-05
14  8.5  3.03018e-05
14  9.0  2.07861e-05
14  9.5  1.48565e-05
14  10.0  1.08739e-05
16  0.2  0.382609
16  0.3  0.568823
16  0.4  0.713058
14  10.5  7.78799e-06
16  0.6  0.795177
16  0.5  0.795131
16  0.7  0.750244
16  0.8  0.649185
16  0.9  0.557752
16  1.0  0.46646
14  11.0  5.80798e-06
16  1.1  0.383956
14  11.5  4.2088e-06
16  1.2  0.315933
16  1.3  0.252046
16  1.4  0.206508
16  1.5  0.166634
16  1.6  0.134465
16  1.7  0.107589
16  1.8  0.0874897
16  1.9  0.0708599
16  2.0  0.0579522
16  2.5  0.0226132
16  3.0  0.00958978
16  3.5  0.00442974
14  12.0  3.12394e-06
16  4.5  0.00120967
16  5.0  0.000685067
16  4.0  0.00224541
16  5.5  0.000403725
16  6.0  0.000243876
16  8.0  4.17096e-05
16  6.5  0.000149805
16  7.0  9.82706e-05
16  7.5  6.30126e-05
16  8.5  2.94009e-05
16  9.5  1.48168e-05
16  9.0  2.04688e-05
16  10.0  1.05508e-05
18  0.2  0.379385
18  0.3  0.556301
16  11.0  5.49304e-06
16  10.5  7.39266e-06
18  0.4  0.712529
18  0.5  0.779491
18  0.6  0.779712
18  0.7  0.717633
18  0.8  0.632235
18  0.9  0.54356
18  1.0  0.452852
16  11.5  4.15617e-06
18  1.1  0.369216
18  1.2  0.301303
18  1.3  0.24529
18  1.4  0.200963
18  1.6  0.129009
18  1.5  0.16009
18  1.7  0.104301
18  2.0  0.0557351
18  1.8  0.0833342
18  1.9  0.0680913
18  3.0  0.00931035
18  2.5  0.0215536
18  3.5  0.0042178
16  12.0  3.13153e-06
18  4.5  0.00115196
18  6.0  0.000229024
18  4.0  0.00216016
18  5.0  0.000653007
18  5.5  0.000383215
18  8.0  4.10712e-05
18  6.5  0.000143002
18  7.0  9.26906e-05
18  8.5  2.81983e-05
18  7.5  6.26425e-05
18  9.0  1.93928e-05
18  9.5  1.38143e-05
18  10.5  7.3401e-06
18  10.0  9.94766e-06
2  0.2  0.398088
18  11.0  5.26389e-06
2  0.3  0.589479
2  0.4  0.744108
2  0.5  0.833745
2  0.6  0.854988
2  0.7  0.795701
2  0.8  0.714169
2  0.9  0.617924
2  1.1  0.429157
2  1.0  0.516381
2  1.2  0.346949
2  1.3  0.283235
18  11.5  3.90044e-06
2  1.4  0.229422
2  1.5  0.187417
2  1.6  0.150714
2  1.8  0.0995816
2  1.9  0.0801775
2  1.7  0.121587
2  2.0  0.0661967
2  2.5  0.0259144
2  3.0  0.0110459
2  3.5  0.00512277
18  12.0  2.89068e-06
2  4.5  0.00138096
2  4.0  0.00257643
2  5.0  0.000766046
2  6.0  0.000280257
2  5.5  0.000462607
2  6.5  0.000172365
2  7.0  0.00010671
2  7.5  7.31975e-05
2  8.5  3.31693e-05
2  8.0  4.90657e-05
2  9.0  2.35604e-05
2  10.0  1.19131e-05
2  9.5  1.64517e-05
2  10.5  8.58182e-06
20  0.2  0.374562
20  0.3  0.554378
20  0.4  0.701218
20  0.5  0.773468
20  0.6  0.765158
20  0.7  0.690638
20  0.8  0.606832
20  0.9  0.517411
20  1.0  0.439384
2  11.0  6.41623e-06
20  1.1  0.359407
2  11.5  4.82987e-06
20  1.2  0.289225
20  1.3  0.231704
20  1.4  0.186847
20  1.5  0.15197
20  1.6  0.120964
20  1.7  0.0969001
20  1.8  0.0794273
20  1.9  0.0661385
20  2.0  0.0525026
20  2.5  0.0206488
20  3.5  0.00411477
20  3.0  0.00883465
2  12.0  3.47429e-06
20  4.5  0.00109208
20  5.0  0.000613121
20  4.0  0.00203506
20  6.0  0.000213245
20  5.5  0.000362052
20  6.5  0.000134126
20  7.0  8.42727e-05
20  8.0  3.83729e-05
20  7.5  5.7315e-05
20  8.5  2.65511e-05
20  9.5  1.29739e-05
20  9.0  1.84321e-05
20  10.5  6.85376e-06
20  10.0  9.53039e-06
22  0.2  0.372985
20  11.0  4.96806e-06
22  0.3  0.542484
22  0.4  0.675681
22  0.5  0.74799
22  0.6  0.728753
22  0.7  0.663221
22  0.9  0.492633
22  0.8  0.580825
22  1.1  0.334214
22  1.0  0.410925
20  11.5  3.7426e-06
22  1.2  0.273628
22  1.3  0.217673
22  1.4  0.177962
22  1.5  0.14065
22  1.6  0.113238
22  1.7  0.091282
22  1.8  0.0742291
22  1.9  0.0608171
22  2.0  0.0494858
22  2.5  0.0194382
22  3.0  0.0080825
22  3.5  0.00375475
20  12.0  2.68465e-06
22  4.5  0.0010225
22  4.0  0.00188696
22  5.0  0.000544361
22  5.5  0.000333178
22  6.0  0.000202235
22  6.5  0.000125844
22  7.0  8.00729e-05
22  7.5  5.35114e-05
22  8.0  3.62034e-05
22  8.5  2.46106e-05
22  9.0  1.7232e-05
22  9.5  1.19681e-05
22  10.5  6.43489e-06
22  10.0  8.67154e-06
24  0.2  0.358326
24  0.3  0.525575
24  0.4  0.650307
22  11.0  4.57775e-06
24  0.5  0.718167
24  0.6  0.690112
24  0.7  0.62915
24  0.8  0.546066
24  0.9  0.452755
24  1.0  0.377622
24  1.1  0.308919
24  1.2  0.249403
24  1.3  0.201825
22  11.5  3.447e-06
24  1.4  0.161094
24  1.5  0.130376
24  1.6  0.103357
24  1.7  0.0846338
24  1.8  0.0676399
24  1.9  0.0553253
24  2.0  0.0448446
24  3.0  0.00739224
24  2.5  0.0171013
24  3.5  0.00345262
22  12.0  2.53516e-06
24  4.0  0.00172715
24  4.5  0.000930453
24  5.0  0.000518547
24  5.5  0.000303528
24  7.0  7.40477e-05
24  6.0  0.000179251
24  6.5  0.000114338
24  8.0  3.20589e-05
24  7.5  4.87013e-05
24  8.5  2.24158e-05
24  9.5  1.09402e-05
24  9.0  1.53714e-05
24  10.0  7.89911e-06
26  0.2  0.345807
26  0.3  0.505608
24  11.0  4.20675e-06
26  0.4  0.621694
24  10.5  5.69958e-06
26  0.5  0.664603
26  0.6  0.645881
26  0.7  0.580255
26  0.8  0.508585
26  0.9  0.420002
26  1.0  0.338195
24  11.5  3.09037e-06
26  1.1  0.276378
26  1.2  0.22472
26  1.3  0.179418
26  1.4  0.145464
26  1.5  0.115133
26  1.6  0.0926847
26  1.8  0.0604413
26  1.7  0.0749618
26  2.0  0.0404168
26  1.9  0.0491861
26  2.5  0.0151416
26  3.0  0.00655539
26  3.5  0.00291851
24  12.0  2.30578e-06
26  5.5  0.000265499
26  4.0  0.00149608
26  4.5  0.000814487
26  5.0  0.000462571
26  6.0  0.000162393
26  6.5  9.63906e-05
26  7.0  6.24939e-05
26  7.5  4.26371e-05
26  8.5  1.96469e-05
26  8.0  2.85415e-05
26  9.5  9.59615e-06
26  9.0  1.37315e-05
26  10.5  4.9653e-06
26  10.0  6.91635e-06
28  0.2  0.329967
28  0.3  0.479646
28  0.4  0.583027
28  0.5  0.613531
28  0.6  0.573921
28  0.7  0.516806
28  0.8  0.43788
28  0.9  0.368251
28  1.0  0.295221
28  1.1  0.234841
28  1.2  0.19385
26  11.0  3.60619e-06
28  1.3  0.152611
28  1.4  0.123028
28  1.5  0.0976781
28  1.6  0.0791225
28  1.7  0.0636011
28  1.8  0.051051
28  1.9  0.0412891
28  2.0  0.0339317
28  2.5  0.0131659
28  3.0  0.00545593
28  3.5  0.00254024
26  11.5  2.74196e-06
26  12.0  2.04392e-06
28  4.5  0.00067947
28  5.0  0.000381973
28  4.0  0.0012907
28  6.0  0.000137539
28  5.5  0.000224584
28  6.5  8.50147e-05
28  8.0  2.38534e-05
28  7.0  5.34943e-05
28  8.5  1.64051e-05
28  7.5  3.56331e-05
28  9.0  1.12164e-05
28  9.5  8.06629e-06
28  10.0  5.7956e-06
28  10.5  4.14941e-06
30  0.2  0.312112
30  0.3  0.438684
30  0.4  0.519941
30  0.5  0.538764
30  0.6  0.493042
30  0.7  0.426659
30  0.8  0.366239
30  0.9  0.295627
30  1.0  0.238883
28  11.5  2.27405e-06
30  1.1  0.19194
28  11.0  3.06918e-06
30  1.2  0.152907
30  1.4  0.0973952
30  1.3  0.122468
30  1.5  0.0778234
30  1.6  0.0617795
30  1.7  0.0508809
30  1.8  0.0402908
30  1.9  0.0321464
30  2.5  0.0102131
30  2.0  0.0262597
30  3.0  0.00433287
30  3.5  0.00198656
28  12.0  1.66653e-06
30  4.5  0.000538326
30  4.0  0.00100643
30  5.0  0.000299417
30  5.5  0.000176631
30  6.0  0.000105736
30  6.5  6.63056e-05
30  7.0  4.25642e-05
30  7.5  2.73893e-05
30  8.0  1.85036e-05
30  9.0  9.04716e-06
30  8.5  1.31382e-05
30  10.0  4.47706e-06
30  9.5  6.29209e-06
30  10.5  3.26565e-06
30  11.5  1.79457e-06
32  0.2  0.271815
32  0.3  0.380668
32  0.4  0.430588
32  0.5  0.423013
32  0.6  0.381853
32  0.7  0.324264
32  0.8  0.272989
32  0.9  0.225826
32  1.0  0.178939
30  11.0  2.43067e-06
32  1.1  0.139658
32  1.2  0.111167
32  1.3  0.0897975
32  1.5  0.0562617
32  1.4  0.0703688
32  1.6  0.0449855
32  1.8  0.0296846
32  1.7  0.0356086
32  1.9  0.0235881
32  2.0  0.0190033
32  2.5  0.00751138
32  3.5  0.00140421
32  3.0  0.00314236
30  12.0  1.32096e-06
32  4.0  0.000729701
32  4.5  0.0003902
32  5.0  0.000214696
32  5.5  0.00012563
32  6.5  4.67607e-05
32  6.0  7.58336e-05
32  7.0  2.98282e-05
32  8.0  1.32846e-05
32  7.5  1.9657e-05
32  9.0  6.32005e-06
32  9.5  4.44475e-06
32  8.5  9.11962e-06
32  10.0  3.27841e-06
4  0.2  0.399262
4  0.3  0.58628
32  10.5  2.33774e-06
4  0.4  0.743767
4  0.5  0.842034
4  0.6  0.844434
4  0.7  0.796631
4  0.8  0.703667
32  11.0  1.6947e-06
4  0.9  0.614084
4  1.0  0.509685
4  1.1  0.420703
4  1.2  0.347044
4  1.3  0.281491
4  1.5  0.1885
4  1.4  0.226909
4  1.6  0.148929
4  1.8  0.0999274
4  1.7  0.121132
4  1.9  0.0805949
4  2.0  0.0657769
4  3.0  0.0108973
4  2.5  0.0253943
32  11.5  1.29422e-06
4  3.5  0.00510156
32  12.0  9.65124e-07
4  4.5  0.00135156
4  4.0  0.00259432
4  5.5  0.000454228
4  6.0  0.000279908
4  5.0  0.000775673
4  6.5  0.000174619
4  7.0  0.000107572
4  8.5  3.32228e-05
4  7.5  7.29767e-05
4  8.0  4.90109e-05
4  9.0  2.33652e-05
4  10.0  1.13713e-05
4  9.5  1.64575e-05
4  10.5  8.50575e-06
6  0.2  0.394459
6  0.3  0.584635
6  0.4  0.754372
6  0.5  0.828385
6  0.6  0.840491
6  0.7  0.799971
6  0.8  0.706109
6  0.9  0.619915
4  11.0  6.2617e-06
6  1.0  0.510282
4  11.5  4.65998e-06
6  1.2  0.344539
6  1.1  0.421166
6  1.3  0.276137
6  1.4  0.229066
6  1.5  0.183103
6  1.6  0.148656
6  1.7  0.121504
6  1.8  0.0979254
6  1.9  0.0796803
6  2.0  0.0656182
6  3.0  0.0107517
6  2.5  0.0253126
6  3.5  0.00505753
4  12.0  3.55012e-06
6  4.5  0.00135836
6  5.5  0.000455019
6  5.0  0.000769731
6  4.0  0.00252498
6  6.0  0.000270861
6  6.5  0.000172866
6  7.0  0.000108815
6  7.5  7.11969e-05
6  8.5  3.31014e-05
6  8.0  4.81901e-05
6  9.0  2.29873e-05
6  10.0  1.17561e-05
6  9.5  1.62808e-05
6  10.5  8.69283e-06
8  0.2  0.396296
8  0.3  0.582624
8  0.4  0.738564
8  0.5  0.822428
8  0.6  0.839523
8  0.7  0.784086
8  0.8  0.703279
8  0.9  0.600973
8  1.0  0.505853
8  1.1  0.416683
6  11.5  4.5702e-06
8  1.2  0.342854
8  1.3  0.277507
8  1.4  0.224313
8  1.5  0.181532
6  11.0  6.14033e-06
8  1.6  0.146542
8  1.7  0.117909
8  1.8  0.0972925
8  1.9  0.0784447
6  12.0  3.52354e-06
8  2.0  0.0646139
8  2.5  0.0246856
8  3.5  0.00496244
8  3.0  0.0106669
8  4.5  0.0013376
8  5.0  0.000738028
8  4.0  0.00250425
8  6.0  0.000266458
8  5.5  0.00044327
8  6.5  0.00016905
8  8.0  4.86853e-05
8  7.0  0.000107307
8  7.5  7.05891e-05
8  8.5  3.25578e-05
8  9.5  1.64119e-05
8  9.0  2.31874e-05
8  10.0  1.15098e-05
8  10.5  8.39847e-06
8  11.5  4.56254e-06
8  11.0  6.27994e-06
8  12.0  3.36454e-06
