# diffractive D0 cross section, Pb target, LHAPDF fragmentation, An0n channel
# generated      : 2026-08-19 15:29:48 EEST
# calls          : 1e5 (VEGAS calls per point, see CALLS_EXCL/CALLS_EXCL_FACTORIZED/CALLS_DIFF)
# dipole samples : data/Pb/bk_posterior/member_0089/glauber_mve_<b>
# pD0 sweep      : 0.2 0.3 0.4 0.5 0.6 0.7 0.8 0.9 1.0 1.1 1.2 1.3 1.4 1.5 1.6 1.7 1.8 1.9 2.0 2.5 3.0 3.5 4.0 4.5 5.0 5.5 6.0 6.5 7.0 7.5 8.0 8.5 9.0 9.5 10.0 10.5 11.0 11.5 12.0
# fixed rapidity y : 3.0
# ============================================================
# b  pD0  dsigma_dyd2pD0
0  0.5  0.110874
0  0.2  0.0596206
0  0.3  0.0872233
0  0.4  0.104234
0  0.6  0.106331
0  0.7  0.0941702
0  1.0  0.0510909
0  0.9  0.0638797
0  0.8  0.0790611
0  1.1  0.0405909
0  1.2  0.0307041
0  1.4  0.0185352
0  1.5  0.0141603
0  1.6  0.0108213
0  1.3  0.0241733
0  1.7  0.00846041
0  1.8  0.00652801
0  1.9  0.00509608
0  2.0  0.00392672
0  3.0  0.000393159
0  2.5  0.00118267
0  3.5  0.000140739
0  5.0  9.66591e-06
0  4.5  2.26578e-05
0  4.0  5.48215e-05
0  5.5  4.38153e-06
0  6.5  9.9152e-07
0  7.0  4.79294e-07
0  6.0  2.05431e-06
0  8.0  1.28129e-07
0  7.5  2.54174e-07
0  9.5  2.04861e-08
0  8.5  6.74717e-08
0  9.0  3.69799e-08
0  10.5  6.67248e-09
10  0.2  0.0589268
0  10.0  1.14053e-08
10  0.3  0.0861578
10  0.4  0.102885
10  0.5  0.109236
10  0.6  0.103411
10  0.7  0.0912151
10  0.8  0.0771236
10  0.9  0.0622043
10  1.0  0.0495907
10  1.1  0.0388429
10  1.2  0.0300146
10  1.3  0.0233815
10  1.5  0.0139581
10  1.4  0.0179554
10  1.6  0.0104405
0  11.0  3.90414e-09
10  1.7  0.00811318
10  1.8  0.00622189
10  1.9  0.00484302
10  2.0  0.00378047
10  2.5  0.001128
10  3.0  0.000363796
10  3.5  0.000134452
0  11.5  2.18865e-09
0  12.0  1.29303e-09
10  5.0  9.34417e-06
10  4.5  2.17643e-05
10  4.0  5.19383e-05
10  5.5  4.20199e-06
10  6.5  9.62511e-07
10  6.0  1.95814e-06
10  7.0  4.60881e-07
10  8.5  6.57869e-08
10  7.5  2.41214e-07
10  9.0  3.69249e-08
10  9.5  2.00175e-08
10  8.0  1.28361e-07
10  10.0  1.10452e-08
12  0.2  0.0592101
12  0.3  0.0860237
12  0.4  0.102724
12  0.5  0.108285
12  0.6  0.101526
12  0.7  0.0912948
12  0.8  0.0756556
12  0.9  0.0611606
12  1.0  0.0483506
12  1.1  0.0379134
12  1.2  0.0294895
10  10.5  6.38079e-09
12  1.3  0.0225599
12  1.4  0.0174544
12  1.5  0.0134339
12  1.6  0.0103581
12  1.8  0.00627111
12  1.7  0.0079497
12  1.9  0.00474478
10  11.0  3.65769e-09
12  2.0  0.00370491
12  2.5  0.00106618
12  3.0  0.000362306
12  3.5  0.000131107
10  11.5  2.0791e-09
10  12.0  1.23297e-09
12  4.0  5.04204e-05
12  4.5  2.06979e-05
12  5.0  8.90111e-06
12  6.5  9.22044e-07
12  5.5  3.93879e-06
12  6.0  1.86843e-06
12  7.0  4.57549e-07
12  8.5  6.61322e-08
12  7.5  2.3508e-07
12  8.0  1.24328e-07
12  9.5  1.98019e-08
12  9.0  3.56257e-08
12  10.0  1.07303e-08
14  0.2  0.0584573
14  0.3  0.0851189
14  0.4  0.100866
14  0.5  0.1062
14  0.6  0.101066
14  0.8  0.0744003
14  0.7  0.0887495
14  0.9  0.0598379
12  10.5  6.12561e-09
14  1.1  0.0368299
14  1.0  0.0478165
14  1.2  0.0293082
14  1.3  0.02199
14  1.4  0.0170912
12  11.0  3.52242e-09
14  1.5  0.0132855
14  1.6  0.0101539
14  1.7  0.00775356
14  1.8  0.00596537
14  1.9  0.00459911
14  2.0  0.0035363
14  2.5  0.00103608
14  3.5  0.000125299
14  3.0  0.000350652
12  11.5  2.06018e-09
12  12.0  1.19694e-09
14  4.5  2.02355e-05
14  4.0  4.92346e-05
14  5.0  8.75691e-06
14  6.5  8.78526e-07
14  5.5  3.92963e-06
14  6.0  1.9127e-06
14  7.0  4.47553e-07
14  7.5  2.32185e-07
14  8.0  1.19701e-07
14  8.5  6.38491e-08
14  10.0  1.06335e-08
14  9.0  3.37036e-08
14  9.5  1.89284e-08
14  11.0  3.37579e-09
16  0.2  0.0585718
16  0.3  0.0841457
14  10.5  6.00809e-09
16  0.4  0.100791
16  0.5  0.104934
16  0.6  0.0995931
16  0.7  0.0873637
16  0.8  0.0720548
16  0.9  0.0586285
16  1.0  0.0462547
16  1.1  0.0357979
16  1.3  0.021477
16  1.2  0.0279129
16  1.4  0.0164623
16  1.5  0.0127358
16  1.6  0.00983426
16  1.7  0.00749119
16  1.8  0.00576977
16  2.0  0.00346478
16  1.9  0.00448827
16  2.5  0.00103394
16  3.0  0.000336327
16  3.5  0.000123257
14  11.5  2.00082e-09
14  12.0  1.17296e-09
16  4.0  4.70314e-05
16  4.5  1.99423e-05
16  5.5  3.81503e-06
16  5.0  8.38763e-06
16  7.0  4.2056e-07
16  6.5  8.80065e-07
16  6.0  1.74636e-06
16  7.5  2.24546e-07
16  8.0  1.16377e-07
16  9.0  3.21229e-08
16  8.5  5.93789e-08
16  10.0  9.98716e-09
16  11.0  3.31899e-09
16  10.5  5.78864e-09
16  9.5  1.81592e-08
18  0.2  0.0575773
18  0.3  0.0841652
18  0.4  0.09886
18  0.5  0.10414
18  0.6  0.0978286
18  0.7  0.0852514
18  0.8  0.0710166
18  0.9  0.0570086
18  1.0  0.0447962
18  1.2  0.0273744
18  1.1  0.0351581
18  1.3  0.020689
18  1.4  0.015945
18  1.5  0.0123865
18  1.6  0.00932878
18  1.7  0.00730499
18  1.9  0.00440887
18  1.8  0.00554249
18  2.0  0.0033453
18  2.5  0.00100222
18  3.0  0.000339581
18  3.5  0.00011755
16  11.5  1.9198e-09
16  12.0  1.12806e-09
18  4.5  1.8365e-05
18  4.0  4.46496e-05
18  5.0  8.18481e-06
18  6.5  8.31287e-07
18  5.5  3.60917e-06
18  6.0  1.72677e-06
18  7.0  3.99661e-07
18  9.0  3.1004e-08
18  7.5  2.12687e-07
18  8.0  1.10674e-07
18  8.5  5.8394e-08
18  11.0  3.16283e-09
18  9.5  1.7546e-08
18  10.5  5.43683e-09
2  0.2  0.0598361
2  0.3  0.0870009
2  0.4  0.103765
18  10.0  9.74664e-09
2  0.5  0.110584
2  0.6  0.10574
2  0.7  0.0937756
2  0.8  0.0778856
2  0.9  0.0639067
2  1.0  0.0509411
2  1.1  0.0394097
2  1.2  0.0310512
2  1.3  0.0238652
2  1.4  0.0186002
2  1.5  0.014322
2  1.6  0.0107371
2  1.7  0.00847397
2  1.8  0.00652769
2  1.9  0.00502146
2  2.5  0.00118539
2  2.0  0.00397325
2  3.0  0.000390957
2  3.5  0.000140195
18  11.5  1.81413e-09
18  12.0  1.05453e-09
2  4.5  2.25024e-05
2  4.0  5.44728e-05
2  6.5  9.92559e-07
2  5.0  9.63502e-06
2  5.5  4.47054e-06
2  7.0  4.92543e-07
2  6.0  2.00778e-06
2  8.0  1.32227e-07
2  7.5  2.45673e-07
2  9.5  2.04121e-08
2  8.5  7.02871e-08
2  9.0  3.75622e-08
20  0.2  0.056491
20  0.3  0.0832362
20  0.4  0.0973118
2  10.0  1.14801e-08
20  0.5  0.10162
2  10.5  6.67907e-09
20  0.6  0.0949482
20  0.8  0.0684407
20  0.7  0.0823896
20  0.9  0.0551638
20  1.0  0.0429272
20  1.1  0.0334387
20  1.2  0.0256166
20  1.4  0.0150946
20  1.3  0.0196236
20  1.5  0.011582
20  1.6  0.00890537
20  1.7  0.00683285
20  1.8  0.00526718
2  11.0  3.80669e-09
20  2.0  0.00316121
20  1.9  0.00406976
20  3.5  0.000106484
20  2.5  0.0009363
20  3.0  0.000310206
2  11.5  2.17065e-09
2  12.0  1.30082e-09
20  5.0  7.59738e-06
20  4.0  4.35023e-05
20  4.5  1.73903e-05
20  5.5  3.47073e-06
20  7.5  2.01934e-07
20  6.0  1.62841e-06
20  6.5  7.79783e-07
20  7.0  3.96508e-07
20  9.0  2.98576e-08
20  8.0  1.04621e-07
20  8.5  5.55481e-08
20  9.5  1.6572e-08
22  0.2  0.0558433
22  0.3  0.0806115
20  10.0  9.29364e-09
22  0.4  0.0956953
22  0.5  0.0976868
22  0.6  0.0907362
22  0.7  0.0794429
22  0.8  0.0651971
22  0.9  0.0517768
20  10.5  5.20541e-09
22  1.0  0.0413303
22  1.1  0.0316248
22  1.2  0.0243692
22  1.3  0.0184635
20  11.0  2.95213e-09
22  1.4  0.01438
22  1.5  0.0109786
20  11.5  1.76025e-09
22  1.6  0.00830815
22  1.7  0.00639049
22  1.8  0.00495327
22  1.9  0.00381537
22  2.0  0.00296432
22  2.5  0.000870072
22  3.0  0.000288419
22  3.5  0.000101887
20  12.0  1.00274e-09
22  4.5  1.63509e-05
22  4.0  3.91399e-05
22  5.0  7.13918e-06
22  5.5  3.24277e-06
22  6.0  1.53463e-06
22  7.0  3.72425e-07
22  8.0  9.76691e-08
22  6.5  7.37442e-07
22  8.5  5.19046e-08
22  9.0  2.82849e-08
22  7.5  1.8648e-07
22  9.5  1.47944e-08
22  10.0  8.45229e-09
24  0.2  0.0545184
24  0.3  0.0789575
24  0.4  0.092109
24  0.5  0.0944696
24  0.6  0.0872256
24  0.7  0.0738113
24  0.8  0.0612368
24  0.9  0.0486838
24  1.0  0.0381143
22  11.5  1.6219e-09
22  10.5  4.77967e-09
24  1.1  0.0294439
24  1.3  0.017382
24  1.2  0.0222787
24  1.4  0.0130346
24  1.5  0.0101687
24  1.7  0.00589804
24  1.6  0.00766159
24  1.8  0.00445724
22  11.0  2.82517e-09
24  1.9  0.00352708
24  2.0  0.00269674
24  3.0  0.000251967
24  2.5  0.000805322
24  3.5  9.73264e-05
22  12.0  9.29341e-10
24  4.0  3.57803e-05
24  4.5  1.45952e-05
24  5.0  6.58343e-06
24  6.0  1.39715e-06
24  5.5  2.89443e-06
24  6.5  6.54856e-07
24  7.0  3.21518e-07
24  7.5  1.68705e-07
24  8.0  8.92779e-08
24  8.5  4.68684e-08
24  9.0  2.55486e-08
24  9.5  1.39609e-08
24  11.5  1.43364e-09
26  0.2  0.0533141
24  10.0  7.81811e-09
26  0.3  0.075807
26  0.4  0.0882063
26  0.5  0.0885562
26  0.6  0.0812937
26  0.7  0.0682368
26  0.8  0.0558395
26  0.9  0.0442584
24  10.5  4.45135e-09
26  1.0  0.0342758
26  1.1  0.0263061
26  1.2  0.0200195
26  1.4  0.0120766
26  1.3  0.0152569
26  1.5  0.00897479
26  1.6  0.00686668
26  1.7  0.00522496
24  11.0  2.46856e-09
26  1.8  0.00401403
26  1.9  0.00308124
26  2.5  0.000709306
26  2.0  0.00238956
26  3.5  8.47018e-05
26  3.0  0.00023905
24  12.0  8.52043e-10
26  4.5  1.26812e-05
26  5.0  5.85741e-06
26  5.5  2.62842e-06
26  4.0  3.3098e-05
26  7.0  2.93257e-07
26  6.5  5.68134e-07
26  6.0  1.21823e-06
26  7.5  1.50606e-07
26  8.0  7.86505e-08
26  8.5  4.02923e-08
26  9.0  2.17891e-08
26  9.5  1.18948e-08
26  10.0  6.72996e-09
28  0.2  0.0518618
28  0.3  0.0723253
28  0.4  0.0821304
26  10.5  3.77454e-09
28  0.5  0.0808087
28  0.6  0.0729749
28  0.7  0.0608934
28  0.9  0.0382311
28  0.8  0.0491182
28  1.0  0.0298159
28  1.1  0.0231215
28  1.3  0.0133794
28  1.2  0.0174423
26  11.5  1.30014e-09
28  1.5  0.00757817
28  1.4  0.00993921
26  11.0  2.25103e-09
28  1.6  0.00579864
28  1.7  0.0044366
28  1.8  0.00341504
28  1.9  0.00262895
28  2.0  0.00200912
28  2.5  0.000610637
28  3.0  0.000197612
28  3.5  6.82925e-05
28  4.0  2.7817e-05
26  12.0  7.67096e-10
28  4.5  1.0613e-05
28  5.0  4.60987e-06
28  5.5  2.06783e-06
28  6.0  9.79946e-07
28  6.5  4.92892e-07
28  8.0  6.52956e-08
28  7.5  1.24192e-07
28  7.0  2.4743e-07
28  8.5  3.33734e-08
28  9.0  1.84028e-08
28  9.5  1.03786e-08
28  11.0  1.8939e-09
28  10.0  5.78671e-09
30  0.2  0.0473604
30  0.3  0.0664962
30  0.4  0.0737585
30  0.5  0.0707789
30  0.6  0.0627151
30  0.7  0.0506627
30  0.8  0.0405018
30  0.9  0.0315225
28  10.5  3.21758e-09
28  11.5  1.10567e-09
30  1.0  0.0243245
30  1.1  0.018744
30  1.2  0.0140345
30  1.3  0.010659
30  1.4  0.00807849
30  1.5  0.00622334
30  1.6  0.00459175
30  1.7  0.00347414
30  1.8  0.00269898
30  1.9  0.00206121
30  2.5  0.000476407
30  2.0  0.00160027
30  3.0  0.000156252
30  3.5  5.48677e-05
28  12.0  6.29207e-10
30  4.0  2.16896e-05
30  4.5  8.39377e-06
30  5.0  3.69895e-06
30  5.5  1.67516e-06
30  6.5  3.84857e-07
30  7.0  1.88773e-07
30  6.0  7.66529e-07
30  7.5  9.76821e-08
30  8.0  5.11065e-08
30  8.5  2.78707e-08
30  9.5  8.12099e-09
30  9.0  1.45585e-08
32  0.2  0.043395
32  0.3  0.058005
30  10.0  4.60617e-09
32  0.4  0.0612688
32  0.5  0.0571566
32  0.6  0.0485339
30  10.5  2.54305e-09
32  0.7  0.0390232
32  0.8  0.0308431
30  11.0  1.47901e-09
32  0.9  0.0239577
32  1.0  0.0184139
32  1.1  0.0137126
32  1.2  0.0105155
32  1.3  0.00770744
32  1.4  0.00586648
30  11.5  8.43733e-10
32  1.5  0.00451098
32  1.6  0.00341967
32  1.7  0.00256415
32  1.8  0.00196337
32  2.0  0.00115234
32  1.9  0.00149136
32  3.0  0.000109498
32  2.5  0.000333286
32  3.5  4.01807e-05
32  4.0  1.54463e-05
30  12.0  5.05718e-10
32  4.5  6.20248e-06
32  5.0  2.58634e-06
32  5.5  1.20616e-06
32  6.0  5.56737e-07
32  6.5  2.76866e-07
32  7.0  1.35976e-07
32  7.5  6.91845e-08
32  8.0  3.64082e-08
32  8.5  1.96252e-08
32  9.0  1.02432e-08
32  10.0  3.26918e-09
32  9.5  5.54336e-09
34  0.2  0.0368518
32  10.5  1.83682e-09
34  0.3  0.0460974
34  0.4  0.0465429
34  0.5  0.0412287
34  0.6  0.0337762
34  0.7  0.0274888
34  0.8  0.0209609
34  0.9  0.0157644
34  1.0  0.0119996
34  1.1  0.00921049
34  1.2  0.00677848
34  1.3  0.00514156
34  1.4  0.00385833
34  1.6  0.00219691
34  1.5  0.00288618
34  1.7  0.00166693
34  1.8  0.00127685
32  11.0  1.05996e-09
34  2.5  0.000214368
34  1.9  0.000994262
34  2.0  0.000721277
34  3.0  7.32232e-05
34  3.5  2.3758e-05
32  11.5  6.00412e-10
32  12.0  3.57308e-10
34  5.0  1.69115e-06
34  4.5  3.89751e-06
34  4.0  9.93222e-06
34  5.5  7.61314e-07
34  7.0  8.68116e-08
34  6.5  1.75795e-07
34  6.0  3.56437e-07
34  8.0  2.39398e-08
34  8.5  1.2498e-08
34  7.5  4.44601e-08
34  9.5  3.75289e-09
34  9.0  6.71692e-09
34  10.0  2.08775e-09
34  10.5  1.18566e-09
34  11.0  6.73327e-10
4  0.2  0.0591487
4  0.3  0.0865535
4  0.4  0.104058
4  0.5  0.111232
4  0.6  0.105628
4  0.7  0.0923041
4  0.8  0.0788103
4  0.9  0.0638154
4  1.0  0.0513808
4  1.1  0.0401718
4  1.4  0.0182692
4  1.2  0.030892
4  1.3  0.0239124
4  1.6  0.0108117
4  1.5  0.0142723
4  1.8  0.00659025
4  1.7  0.00846143
34  11.5  3.91323e-10
4  1.9  0.00504158
4  2.5  0.0011778
4  2.0  0.0038893
4  3.0  0.000382321
4  3.5  0.000138748
4  5.0  9.27277e-06
34  12.0  2.25477e-10
4  4.5  2.24908e-05
4  4.0  5.36883e-05
4  5.5  4.38794e-06
4  7.0  4.91751e-07
4  6.0  2.05849e-06
4  6.5  9.80733e-07
4  7.5  2.54418e-07
4  9.5  2.03142e-08
4  8.0  1.3361e-07
4  8.5  7.11478e-08
4  9.0  3.799e-08
4  10.5  6.50998e-09
6  0.2  0.0592195
6  0.3  0.0865519
4  10.0  1.16737e-08
6  0.4  0.104678
6  0.5  0.110548
6  0.6  0.105398
6  0.7  0.0933925
6  0.8  0.0780675
6  0.9  0.0632026
4  11.0  3.75421e-09
6  1.1  0.0396414
6  1.0  0.0502026
6  1.2  0.0307973
6  1.4  0.0181034
6  1.3  0.0237712
6  1.5  0.0142226
6  1.6  0.0107437
6  1.7  0.00839025
6  1.8  0.0064562
6  1.9  0.00502927
6  2.0  0.0038877
6  2.5  0.00117329
6  3.0  0.000383118
6  3.5  0.000139221
4  11.5  2.20112e-09
4  12.0  1.284e-09
6  5.0  9.75855e-06
6  4.5  2.17229e-05
6  4.0  5.30629e-05
6  5.5  4.37451e-06
6  7.0  4.94156e-07
6  6.0  2.0595e-06
6  6.5  9.75684e-07
6  8.5  6.96011e-08
6  9.0  3.7844e-08
6  7.5  2.40632e-07
6  8.0  1.30765e-07
6  9.5  2.00875e-08
8  0.2  0.0593762
8  0.3  0.0864736
6  10.0  1.20095e-08
8  0.4  0.103662
8  0.5  0.109609
8  0.6  0.104432
8  0.7  0.0931294
8  0.8  0.0770996
8  0.9  0.0628285
8  1.0  0.0496655
8  1.1  0.0394391
8  1.2  0.0305016
8  1.3  0.0235093
6  10.5  6.54122e-09
8  1.4  0.0178653
8  1.5  0.0139431
8  1.7  0.00824359
8  1.6  0.0107956
8  1.8  0.00649864
6  11.0  3.66259e-09
8  1.9  0.00485587
8  2.0  0.00383354
8  2.5  0.00113884
8  3.0  0.000380247
8  3.5  0.000136351
6  11.5  2.14613e-09
6  12.0  1.27673e-09
8  4.0  5.32811e-05
8  4.5  2.22941e-05
8  5.0  9.39395e-06
8  6.5  9.63505e-07
8  5.5  4.16978e-06
8  6.0  2.01903e-06
8  7.0  4.66048e-07
8  8.5  6.68476e-08
8  9.0  3.56783e-08
8  7.5  2.51388e-07
8  9.5  2.0462e-08
8  8.0  1.29585e-07
8  10.5  6.33065e-09
8  10.0  1.11836e-08
8  11.0  3.64026e-09
8  12.0  1.27954e-09
8  11.5  2.14508e-09
