# diffractive D0 cross section, Pb target, HymnD fragmentation, An0n channel
# generated      : 2026-08-20 11:06:21 EEST
# calls          : 1e5 (VEGAS calls per point, see CALLS_EXCL/CALLS_EXCL_FACTORIZED/CALLS_DIFF)
# dipole samples : data/Pb/bk_posterior/member_0089/glauber_mve_<b>
# pD0 sweep      : 0.2 0.3 0.4 0.5 0.6 0.7 0.8 0.9 1.0 1.1 1.2 1.3 1.4 1.5 1.6 1.7 1.8 1.9 2.0 2.5 3.0 3.5 4.0 4.5 5.0 5.5 6.0 6.5 7.0 7.5 8.0 8.5 9.0 9.5 10.0 10.5 11.0 11.5 12.0
# fixed rapidity y : 1.0
# ============================================================
# b  pD0  dsigma_dyd2pD0
0  0.5  0.877556
0  0.3  0.627948
0  0.4  0.790244
0  0.2  0.428691
0  0.6  0.869512
0  0.9  0.630602
0  0.8  0.737615
0  0.7  0.821397
0  1.1  0.436731
0  1.0  0.526737
0  1.2  0.353759
0  1.3  0.288516
0  1.4  0.236834
0  1.5  0.188978
0  1.7  0.127985
0  1.6  0.155672
0  1.9  0.0828298
0  2.0  0.0679691
0  1.8  0.101952
0  2.5  0.0263783
0  3.0  0.0113478
0  3.5  0.00521558
0  4.0  0.00264812
0  4.5  0.0014229
0  5.0  0.000788775
0  5.5  0.000459682
0  6.0  0.000270937
0  6.5  0.000176622
0  7.0  0.000110766
0  7.5  7.29881e-05
0  8.0  4.98972e-05
0  8.5  3.3811e-05
0  9.5  1.68878e-05
0  9.0  2.37472e-05
10  0.2  0.427946
10  0.3  0.619042
10  0.4  0.780205
0  10.5  8.68998e-06
10  0.5  0.852752
10  0.6  0.841954
10  0.7  0.795395
0  10.0  1.20373e-05
10  0.8  0.705988
10  0.9  0.604159
10  1.0  0.510896
10  1.1  0.420703
10  1.2  0.345946
10  1.3  0.277978
10  1.4  0.225609
10  1.5  0.182758
10  1.6  0.147954
10  1.7  0.119184
10  1.9  0.0785507
10  1.8  0.0964804
10  2.5  0.0249997
10  2.0  0.0647352
10  3.0  0.0109513
10  3.5  0.00492755
0  12.0  3.60921e-06
0  11.0  6.37474e-06
0  11.5  4.72073e-06
10  4.0  0.00251065
10  4.5  0.00134036
10  6.0  0.000268133
10  5.0  0.000751323
10  5.5  0.000438378
10  7.0  0.000107327
10  6.5  0.000165586
10  8.0  4.71678e-05
10  7.5  7.03436e-05
10  8.5  3.24126e-05
10  9.5  1.60223e-05
10  9.0  2.24905e-05
10  10.5  8.62843e-06
10  10.0  1.16993e-05
12  0.2  0.427352
12  0.3  0.618354
12  0.4  0.766586
12  0.5  0.858437
12  0.6  0.843192
12  0.7  0.786586
12  0.8  0.69379
10  11.5  4.59856e-06
12  0.9  0.598967
12  1.0  0.503189
12  1.1  0.413782
12  1.2  0.337007
12  1.3  0.273012
10  11.0  6.07464e-06
12  1.4  0.220538
12  1.5  0.179103
10  12.0  3.4689e-06
12  1.6  0.145241
12  1.8  0.0961418
12  1.7  0.116809
12  1.9  0.0778082
12  2.0  0.0626988
12  2.5  0.0241569
12  3.0  0.0103286
12  3.5  0.00490881
12  4.5  0.00132041
12  5.5  0.000429668
12  4.0  0.00247131
12  5.0  0.000742869
12  7.0  0.000105171
12  6.0  0.000261438
12  8.0  4.6606e-05
12  6.5  0.000158964
12  7.5  6.88257e-05
12  9.5  1.60664e-05
12  8.5  3.16858e-05
12  9.0  2.24747e-05
12  10.0  1.11455e-05
14  0.2  0.425039
12  10.5  8.27533e-06
14  0.3  0.611228
14  0.4  0.763006
14  0.5  0.837541
14  0.6  0.83213
14  0.7  0.778561
14  0.8  0.684502
14  0.9  0.586119
14  1.0  0.491386
14  1.1  0.40325
14  1.2  0.329006
12  11.5  4.35126e-06
14  1.3  0.265876
14  1.4  0.215037
14  1.5  0.174374
14  1.6  0.14044
14  1.7  0.113453
14  1.8  0.0929017
14  2.0  0.0623762
14  1.9  0.0757691
12  12.0  3.17425e-06
12  11.0  6.08406e-06
14  2.5  0.0236468
14  3.5  0.00464201
14  3.0  0.010125
14  4.5  0.0012855
14  5.5  0.00041591
14  4.0  0.00234092
14  5.0  0.000716611
14  7.0  0.000102002
14  6.0  0.000255634
14  8.0  4.51264e-05
14  6.5  0.000157407
14  7.5  6.57445e-05
14  9.5  1.4999e-05
14  8.5  3.10376e-05
14  9.0  2.16107e-05
14  10.0  1.06208e-05
14  10.5  7.82771e-06
16  0.2  0.414558
16  0.3  0.605824
16  0.4  0.759728
16  0.5  0.836625
16  0.6  0.833361
16  0.7  0.760073
16  0.8  0.667024
16  0.9  0.573716
16  1.0  0.479711
16  1.1  0.393078
14  11.0  5.84303e-06
16  1.2  0.326831
16  1.3  0.260086
16  1.4  0.209233
16  1.5  0.166801
16  1.6  0.136529
14  11.5  4.28783e-06
16  1.7  0.110829
16  1.9  0.0720708
16  1.8  0.0891412
16  2.0  0.0589839
14  12.0  3.22247e-06
16  2.5  0.0229255
16  3.0  0.00982219
16  3.5  0.00456965
16  5.0  0.000698294
16  4.0  0.00230272
16  4.5  0.00123441
16  6.0  0.000247224
16  5.5  0.000395306
16  7.0  9.89781e-05
16  8.0  4.3639e-05
16  6.5  0.000147329
16  7.5  6.48354e-05
16  9.0  2.05222e-05
16  9.5  1.51593e-05
16  8.5  2.97355e-05
16  10.0  1.06306e-05
16  10.5  7.60396e-06
18  0.2  0.411021
18  0.3  0.599622
18  0.4  0.744194
18  0.5  0.830278
16  11.0  5.57187e-06
18  0.6  0.812501
18  0.7  0.734009
18  0.8  0.654083
18  0.9  0.555459
18  1.0  0.465143
18  1.1  0.384004
18  1.3  0.253765
18  1.2  0.308169
18  1.4  0.203105
18  1.5  0.162807
18  1.6  0.133348
16  11.5  4.21554e-06
18  1.7  0.106297
18  1.8  0.0868347
18  2.0  0.0572093
18  1.9  0.0697309
16  12.0  3.12768e-06
18  2.5  0.0219757
18  3.0  0.00940772
18  3.5  0.00433641
18  4.5  0.0011856
18  5.0  0.000650624
18  4.0  0.00220968
18  5.5  0.000390234
18  6.0  0.000235319
18  8.0  4.1562e-05
18  6.5  0.000144428
18  7.0  9.4386e-05
18  7.5  6.19796e-05
18  8.5  2.80051e-05
18  9.5  1.37936e-05
18  9.0  1.97615e-05
18  10.0  9.98498e-06
2  0.2  0.433974
2  0.3  0.630846
2  0.4  0.791437
2  0.5  0.878292
2  0.6  0.859784
2  0.7  0.812616
2  0.8  0.738521
18  10.5  7.20904e-06
2  0.9  0.629102
2  1.1  0.437017
2  1.0  0.52919
2  1.2  0.359578
2  1.3  0.290017
2  1.4  0.236673
2  1.5  0.189201
18  11.5  3.92584e-06
2  1.6  0.156326
2  1.7  0.123922
2  1.8  0.102246
18  11.0  5.278e-06
2  2.0  0.0677673
2  1.9  0.0821594
2  2.5  0.0263246
18  12.0  3.00314e-06
2  3.0  0.0113983
2  3.5  0.00523401
2  4.0  0.00272427
2  4.5  0.00140574
2  5.0  0.000768776
2  5.5  0.000460229
2  6.0  0.000274924
2  6.5  0.000176988
2  7.0  0.000112878
2  7.5  7.30744e-05
2  8.0  4.88056e-05
2  8.5  3.38547e-05
2  9.5  1.66615e-05
2  9.0  2.42387e-05
20  0.2  0.403959
2  10.5  8.9543e-06
20  0.3  0.590952
2  10.0  1.22406e-05
20  0.4  0.729313
20  0.5  0.790008
20  0.6  0.777193
20  0.7  0.71103
20  0.8  0.628552
20  0.9  0.527798
20  1.0  0.443335
20  1.1  0.364768
20  1.2  0.295208
20  1.3  0.237876
20  1.4  0.191999
20  1.5  0.153463
20  1.6  0.124919
2  12.0  3.60639e-06
20  1.7  0.100051
20  1.8  0.0818631
20  1.9  0.0667578
2  11.0  6.48567e-06
20  2.0  0.054175
20  2.5  0.0208282
20  3.0  0.00879185
20  3.5  0.00415066
2  11.5  4.741e-06
20  4.5  0.00110474
20  4.0  0.00208377
20  6.0  0.000223003
20  5.0  0.000632141
20  5.5  0.000365778
20  6.5  0.000136855
20  8.0  3.91659e-05
20  7.0  8.89713e-05
20  7.5  5.83737e-05
20  9.5  1.3197e-05
20  9.0  1.8757e-05
20  8.5  2.67774e-05
20  10.0  9.33713e-06
22  0.2  0.406476
22  0.3  0.581805
22  0.4  0.71644
22  0.5  0.766921
22  0.6  0.751197
20  11.0  4.99845e-06
22  0.7  0.681979
20  10.5  6.81961e-06
22  0.8  0.599536
22  0.9  0.504953
22  1.0  0.416683
22  1.1  0.343275
22  1.2  0.277607
22  1.3  0.22329
22  1.4  0.180516
22  1.5  0.145484
20  12.0  2.81558e-06
22  1.6  0.116162
22  1.7  0.0929519
22  1.9  0.0617729
22  1.8  0.0759771
22  2.0  0.050672
22  2.5  0.0196104
22  3.0  0.00817037
22  3.5  0.00383733
20  11.5  3.7965e-06
22  5.0  0.000583292
22  4.0  0.00194018
22  4.5  0.00103882
22  5.5  0.000337178
22  6.0  0.000206768
22  6.5  0.000128142
22  7.0  8.23753e-05
22  7.5  5.35943e-05
22  8.0  3.55124e-05
22  8.5  2.44918e-05
22  10.0  8.67413e-06
22  9.0  1.73498e-05
22  9.5  1.22475e-05
24  0.2  0.388933
22  10.5  6.26654e-06
24  0.3  0.564736
24  0.4  0.69443
24  0.5  0.743094
24  0.6  0.709055
22  11.0  4.65607e-06
24  0.7  0.644569
24  0.8  0.565321
24  0.9  0.471006
24  1.0  0.391964
24  1.1  0.320028
24  1.2  0.257003
24  1.3  0.206212
22  12.0  2.62958e-06
24  1.4  0.164055
24  1.5  0.132057
24  1.6  0.105173
24  1.7  0.0856965
24  1.8  0.069565
24  1.9  0.0568699
24  2.0  0.0461167
24  2.5  0.0174841
24  3.0  0.00754662
24  3.5  0.00352907
22  11.5  3.43612e-06
24  4.5  0.000960784
24  4.0  0.00176917
24  5.0  0.000514853
24  5.5  0.000306342
24  6.5  0.00011594
24  6.0  0.000186894
24  7.0  7.53827e-05
24  8.5  2.2767e-05
24  7.5  4.95074e-05
24  8.0  3.20228e-05
24  9.0  1.55648e-05
24  9.5  1.09666e-05
24  10.5  5.78645e-06
24  10.0  8.11373e-06
24  11.0  4.23647e-06
26  0.2  0.372926
26  0.3  0.542694
26  0.4  0.659167
26  0.5  0.688069
26  0.6  0.656326
26  0.8  0.514702
26  0.7  0.594709
26  0.9  0.433601
26  1.0  0.352484
26  1.1  0.283249
26  1.2  0.231942
26  1.3  0.18479
26  1.4  0.147766
26  1.5  0.118644
26  1.7  0.0779209
26  1.6  0.0942184
24  12.0  2.3513e-06
26  1.8  0.0617887
26  1.9  0.0492381
26  2.0  0.0409927
26  2.5  0.0154344
24  11.5  3.12606e-06
26  3.5  0.00304475
26  3.0  0.0066215
26  4.5  0.000828675
26  5.0  0.000470181
26  4.0  0.00157147
26  5.5  0.000277313
26  6.0  0.000161682
26  6.5  0.000104023
26  7.0  6.62817e-05
26  7.5  4.38655e-05
26  8.5  1.97937e-05
26  8.0  2.81766e-05
26  9.0  1.39647e-05
26  10.0  6.9713e-06
26  9.5  9.77645e-06
26  11.0  3.76452e-06
28  0.2  0.362323
28  0.3  0.514777
26  10.5  5.15269e-06
28  0.4  0.605006
28  0.6  0.594812
28  0.5  0.627051
28  0.7  0.527514
28  0.8  0.449666
28  0.9  0.374184
28  1.0  0.303078
28  1.1  0.24651
28  1.2  0.197676
28  1.3  0.15722
28  1.4  0.125104
28  1.6  0.0810359
28  1.5  0.100962
28  1.7  0.0635148
28  1.8  0.0518025
28  1.9  0.0422419
28  2.0  0.0342828
28  2.5  0.0132356
28  3.5  0.00254945
28  3.0  0.00561797
26  11.5  2.72844e-06
26  12.0  2.07136e-06
28  5.5  0.000225235
28  4.0  0.00130542
28  4.5  0.00067624
28  6.0  0.000138851
28  5.0  0.000390249
28  6.5  8.66484e-05
28  7.0  5.57094e-05
28  7.5  3.64586e-05
28  8.0  2.41721e-05
28  8.5  1.67918e-05
28  9.5  8.1997e-06
28  9.0  1.15933e-05
28  10.0  5.88321e-06
30  0.2  0.327069
28  10.5  4.27197e-06
30  0.3  0.466488
30  0.4  0.544245
28  12.0  1.72866e-06
30  0.5  0.543017
30  0.6  0.507122
30  0.7  0.440815
30  0.8  0.370259
30  0.9  0.304475
30  1.1  0.202412
30  1.0  0.243787
30  1.2  0.158159
30  1.3  0.126839
30  1.4  0.0988804
30  1.5  0.0809523
30  1.6  0.064623
28  11.0  3.11552e-06
30  1.7  0.0521545
30  1.8  0.0412985
30  2.0  0.027416
30  1.9  0.0331535
30  2.5  0.0103957
30  3.0  0.00451037
30  3.5  0.00202482
28  11.5  2.34268e-06
30  4.0  0.00103308
30  4.5  0.000545204
30  5.0  0.000304707
30  6.0  0.000103249
30  5.5  0.000178108
30  7.0  4.31998e-05
30  8.5  1.2905e-05
30  6.5  6.7629e-05
30  8.0  1.8859e-05
30  7.5  2.82416e-05
30  9.0  9.04947e-06
30  9.5  6.3299e-06
32  0.2  0.299998
30  10.0  4.70576e-06
30  11.0  2.44448e-06
32  0.3  0.407689
32  0.4  0.445992
32  0.5  0.442799
32  0.6  0.399394
30  10.5  3.30073e-06
32  0.7  0.33979
32  0.8  0.278717
32  0.9  0.226642
32  1.0  0.182509
32  1.1  0.145835
32  1.2  0.116901
32  1.3  0.092474
32  1.4  0.0724627
32  1.5  0.0577147
32  1.6  0.0458103
32  1.7  0.0373256
32  1.8  0.0297088
32  1.9  0.0243705
32  2.0  0.0194642
32  2.5  0.00748261
30  12.0  1.34372e-06
32  3.5  0.00143804
30  11.5  1.80656e-06
32  3.0  0.0032072
32  4.0  0.00074256
32  4.5  0.000385527
32  5.0  0.000221865
32  5.5  0.000123041
32  7.0  3.07265e-05
32  6.5  4.66285e-05
32  6.0  7.47372e-05
32  7.5  2.01175e-05
32  8.5  9.18579e-06
32  9.0  6.4299e-06
32  8.0  1.34422e-05
32  10.0  3.23752e-06
32  9.5  4.52964e-06
34  0.2  0.25077
34  0.3  0.322864
34  0.4  0.334563
34  0.5  0.319031
32  12.0  9.62282e-07
34  0.6  0.276144
34  0.7  0.230377
34  0.8  0.18896
32  10.5  2.36582e-06
34  0.9  0.149324
34  1.0  0.122383
34  1.1  0.0956467
34  1.2  0.0754875
34  1.3  0.0595961
34  1.5  0.0388763
34  1.4  0.0475251
34  1.6  0.0306475
32  11.0  1.73581e-06
34  1.8  0.0196279
34  1.7  0.0248479
34  1.9  0.0153403
34  2.0  0.0131995
34  2.5  0.00479699
34  3.0  0.00206655
34  3.5  0.0009639
32  11.5  1.28937e-06
34  4.5  0.000252139
34  6.0  4.96164e-05
34  4.0  0.000469237
34  5.0  0.000139088
34  5.5  8.21702e-05
34  7.5  1.2852e-05
34  7.0  1.97416e-05
34  6.5  3.09937e-05
34  8.5  5.92935e-06
34  8.0  8.70978e-06
34  10.0  2.12336e-06
34  9.0  4.12211e-06
34  9.5  3.00651e-06
4  0.2  0.424679
4  0.3  0.626626
4  0.4  0.793421
4  0.5  0.867119
4  0.6  0.8655
34  11.0  1.11267e-06
4  0.7  0.813476
34  10.5  1.52241e-06
4  0.8  0.723649
4  0.9  0.620418
4  1.1  0.436644
4  1.0  0.524819
4  1.2  0.354337
4  1.3  0.290043
4  1.4  0.23334
4  1.6  0.153397
4  1.5  0.189562
4  1.7  0.123837
4  1.8  0.100274
4  1.9  0.0808096
4  2.0  0.0668599
4  2.5  0.0259936
4  3.0  0.0111528
4  3.5  0.00519172
34  11.5  8.42028e-07
34  12.0  6.24142e-07
4  4.0  0.00258528
4  4.5  0.00137155
4  5.0  0.00079175
4  5.5  0.00045297
4  6.0  0.000277168
4  6.5  0.000175955
4  7.0  0.00011095
4  7.5  7.5462e-05
4  8.0  4.94905e-05
4  9.5  1.67517e-05
4  8.5  3.40021e-05
4  9.0  2.33966e-05
6  0.2  0.434749
4  10.5  8.91646e-06
6  0.3  0.629477
4  10.0  1.23062e-05
6  0.4  0.793167
6  0.5  0.867497
6  0.6  0.863484
6  0.7  0.810601
6  0.8  0.729782
6  0.9  0.620499
6  1.0  0.523351
6  1.1  0.431034
6  1.2  0.354132
6  1.3  0.285449
6  1.5  0.191729
6  1.4  0.23328
4  12.0  3.51181e-06
6  1.7  0.123656
6  1.6  0.151921
6  1.8  0.0988538
6  1.9  0.081263
4  11.0  6.33194e-06
6  2.0  0.0662164
6  2.5  0.0260175
6  3.0  0.0114056
6  3.5  0.00513319
4  11.5  4.77015e-06
6  4.0  0.00259084
6  4.5  0.00139161
6  5.0  0.000787308
6  5.5  0.000459479
6  6.0  0.00027226
6  6.5  0.000171645
6  8.0  4.94177e-05
6  7.0  0.00011013
6  7.5  7.16e-05
6  8.5  3.3472e-05
6  9.5  1.60724e-05
6  9.0  2.3404e-05
6  10.5  8.81836e-06
8  0.2  0.429931
6  10.0  1.17715e-05
8  0.3  0.627369
8  0.4  0.787319
8  0.5  0.859496
8  0.6  0.857682
8  0.7  0.80256
8  0.8  0.719072
8  0.9  0.618366
8  1.0  0.513365
6  11.0  6.248e-06
8  1.1  0.424445
8  1.2  0.347986
8  1.3  0.286115
8  1.4  0.229263
8  1.5  0.183791
6  12.0  3.57965e-06
8  1.6  0.149217
8  1.8  0.0989733
8  1.7  0.121055
8  1.9  0.0805541
6  11.5  4.78263e-06
8  2.0  0.0656843
8  2.5  0.0254714
8  3.0  0.0108498
8  3.5  0.00517762
8  4.5  0.00137186
8  5.5  0.000454911
8  4.0  0.00252136
8  5.0  0.000778111
8  6.0  0.000275731
8  6.5  0.000171862
8  8.0  4.84569e-05
8  7.0  0.000108169
8  7.5  7.15329e-05
8  9.5  1.65631e-05
8  8.5  3.31299e-05
8  9.0  2.30728e-05
8  10.5  8.48268e-06
8  10.0  1.16691e-05
8  11.0  6.10204e-06
8  12.0  3.44395e-06
8  11.5  4.69945e-06
