# exclusive D0 cross section, Pb target, LHAPDF fragmentation, An0n channel
# generated      : 2026-08-19 15:29:48 EEST
# calls          : 1e5 below 4.0 GeV, 2e3 above (see EXCL_PT_THRESHOLD) (VEGAS calls per point, see CALLS_EXCL/CALLS_EXCL_FACTORIZED/CALLS_DIFF)
# dipole samples : data/Pb/bk_posterior/member_0089/glauber_mve_<b>
# pD0 sweep      : 0.2 0.3 0.4 0.5 0.6 0.7 0.8 0.9 1.0 1.1 1.2 1.3 1.4 1.5 1.6 1.7 1.8 1.9 2.0 2.5 3.0 3.5 4.0 4.5 5.0 5.5 6.0 6.5 7.0 7.5 8.0 8.5 9.0 9.5 10.0 10.5 11.0 11.5 12.0
# fixed rapidity y : -1.0
# ============================================================
# b  pD0  dsigma_dyd2pD0
0  0.4  1.97901
0  0.3  2.52961
0  0.2  3.12757
0  0.5  1.50806
0  0.6  1.12596
0  0.7  0.830228
0  0.9  0.443167
0  0.8  0.60764
0  1.1  0.236695
0  1.0  0.323224
0  1.3  0.128829
0  1.2  0.17331
0  1.4  0.0951706
0  1.7  0.0404533
0  1.5  0.0711049
0  1.6  0.0523876
0  1.8  0.0307229
0  1.9  0.023305
0  2.0  0.0177523
0  2.5  0.00488289
0  3.0  0.0013021
0  3.5  0.000386367
0  4.0  0.000178409
0  4.5  7.13739e-05
0  5.0  3.03773e-05
0  5.5  1.39435e-05
0  6.0  6.71722e-06
0  8.0  5.67182e-07
0  7.5  9.90051e-07
0  6.5  3.3941e-06
0  8.5  3.3398e-07
0  7.0  1.80779e-06
0  9.5  1.27835e-07
0  9.0  2.07373e-07
0  10.0  8.38711e-08
0  10.5  5.4332e-08
0  11.5  2.51332e-08
10  0.2  2.95407
10  0.3  2.3865
0  11.0  3.66276e-08
10  0.4  1.8614
10  0.5  1.41375
10  0.6  1.05444
10  0.7  0.774993
10  0.8  0.565626
10  0.9  0.412604
10  1.0  0.300287
10  1.1  0.21903
10  1.3  0.119078
10  1.2  0.160661
10  1.4  0.0872927
0  12.0  1.74917e-08
10  1.5  0.0644436
10  1.6  0.0481539
10  1.7  0.0359973
10  1.9  0.0210354
10  1.8  0.0270869
10  2.0  0.0160917
10  2.5  0.00440496
10  3.0  0.00144551
10  3.5  0.000284958
10  4.5  6.46422e-05
10  4.0  0.00016159
10  5.0  2.74579e-05
10  5.5  1.25928e-05
10  6.0  6.07463e-06
10  8.0  5.13835e-07
10  6.5  3.07258e-06
10  7.5  8.94653e-07
10  8.5  3.01508e-07
10  7.0  1.63423e-06
10  9.5  1.15617e-07
10  10.5  4.93773e-08
10  9.0  1.87462e-07
12  0.2  2.87491
10  10.0  7.5732e-08
12  0.3  2.31757
10  11.0  3.31062e-08
12  0.4  1.80833
12  0.5  1.37118
12  0.6  1.02172
12  0.7  0.75013
12  0.8  0.547832
12  0.9  0.398051
12  1.1  0.211257
12  1.0  0.289173
12  1.2  0.15416
12  1.3  0.113121
12  1.4  0.0831116
12  1.5  0.0621315
12  1.6  0.0467485
10  12.0  1.58045e-08
12  1.7  0.0345052
12  1.8  0.0269394
12  2.0  0.015434
12  1.9  0.0198351
12  2.5  0.00398442
12  3.0  0.00117232
12  3.5  0.00030198
10  11.5  2.28733e-08
12  4.5  6.18404e-05
12  4.0  0.000155432
12  5.0  2.62198e-05
12  5.5  1.20434e-05
12  6.0  5.78902e-06
12  7.0  1.54579e-06
12  6.5  2.92259e-06
12  7.5  8.53161e-07
12  8.5  2.8748e-07
12  8.0  4.94082e-07
12  9.0  1.78669e-07
12  10.0  7.12779e-08
12  10.5  4.69543e-08
12  9.5  1.11855e-07
12  11.0  3.14944e-08
14  0.2  2.77479
12  12.0  1.51385e-08
14  0.3  2.23632
14  0.4  1.74191
14  0.5  1.32035
14  0.6  0.981055
14  0.7  0.720807
14  0.8  0.52456
14  0.9  0.380322
14  1.0  0.276666
14  1.1  0.200978
14  1.2  0.147431
14  1.3  0.107531
14  1.4  0.0804961
14  1.5  0.0587875
14  1.6  0.0440555
14  1.7  0.0327126
12  11.5  2.17541e-08
14  1.8  0.024726
14  1.9  0.0193012
14  2.0  0.0144552
14  2.5  0.00405753
14  3.0  0.00130459
14  3.5  0.000413061
14  4.5  5.85177e-05
14  5.0  2.48241e-05
14  4.0  0.000146452
14  5.5  1.13478e-05
14  6.0  5.45582e-06
14  8.0  4.6011e-07
14  6.5  2.74454e-06
14  7.5  8.03853e-07
14  8.5  2.70686e-07
14  7.0  1.46533e-06
14  9.0  1.68302e-07
14  9.5  1.0545e-07
14  11.0  2.96455e-08
14  10.5  4.3825e-08
14  10.0  6.77432e-08
14  11.5  2.02594e-08
16  0.2  2.6573
16  0.4  1.66228
16  0.3  2.13894
16  0.5  1.25798
16  0.6  0.93433
16  0.7  0.683158
16  0.8  0.496953
16  0.9  0.360477
16  1.0  0.261504
16  1.1  0.189779
16  1.2  0.138807
16  1.3  0.102352
16  1.4  0.0754811
16  1.6  0.0421131
16  1.5  0.0551798
16  1.8  0.0242678
16  1.7  0.0307453
16  1.9  0.0183035
16  2.0  0.0136471
16  2.5  0.00354977
16  3.0  0.00110149
16  3.5  0.000251409
14  12.0  1.43611e-08
16  5.0  2.30731e-05
16  4.0  0.000135326
16  4.5  5.41922e-05
16  5.5  1.05545e-05
16  8.0  4.25893e-07
16  6.0  5.04982e-06
16  7.5  7.45842e-07
16  6.5  2.55857e-06
16  7.0  1.36121e-06
16  9.5  9.70296e-08
16  8.5  2.55961e-07
16  9.0  1.56227e-07
16  10.5  4.1201e-08
16  10.0  6.23568e-08
18  0.2  2.51623
16  11.0  2.73528e-08
18  0.3  2.02368
18  0.4  1.56944
18  0.5  1.1844
18  0.6  0.878045
18  0.7  0.641246
18  0.8  0.465498
18  0.9  0.336865
18  1.0  0.243688
18  1.1  0.177413
18  1.2  0.129053
18  1.4  0.0700554
18  1.3  0.0939422
16  12.0  1.31753e-08
18  1.5  0.0510715
18  1.6  0.0379356
18  1.7  0.0283045
18  1.8  0.0215371
16  11.5  1.90624e-08
18  1.9  0.0164607
18  2.0  0.0128742
18  2.5  0.00329479
18  3.5  0.000168109
18  3.0  0.000834891
18  5.0  2.07832e-05
18  4.0  0.000123893
18  4.5  4.9497e-05
18  5.5  9.61516e-06
18  7.0  1.22648e-06
18  7.5  6.75672e-07
18  6.0  4.60161e-06
18  6.5  2.33548e-06
18  9.5  8.8553e-08
18  8.0  3.92435e-07
18  8.5  2.3286e-07
18  9.0  1.42269e-07
18  10.5  3.73557e-08
2  0.2  3.12155
18  11.0  2.50308e-08
18  10.0  5.75618e-08
2  0.3  2.52439
2  0.4  1.97458
2  0.5  1.50384
2  0.6  1.12363
2  0.7  0.82734
2  0.8  0.606787
2  0.9  0.441671
2  1.0  0.322231
2  1.1  0.234799
2  1.2  0.173161
2  1.3  0.12816
2  1.4  0.0948372
2  1.5  0.0699631
2  1.6  0.0535628
2  1.7  0.0396709
2  1.8  0.0307399
2  1.9  0.022903
18  11.5  1.7388e-08
2  2.0  0.0176253
2  2.5  0.00465928
2  3.0  0.00111802
2  3.5  0.000354453
18  12.0  1.20696e-08
2  4.0  0.000177721
2  4.5  7.12169e-05
2  5.0  3.02535e-05
2  5.5  1.38892e-05
2  6.0  6.69179e-06
2  8.0  5.64846e-07
2  7.5  9.86248e-07
2  6.5  3.38093e-06
2  7.0  1.80223e-06
2  8.5  3.32674e-07
2  9.5  1.27369e-07
2  9.0  2.06572e-07
2  10.0  8.35621e-08
2  10.5  5.41273e-08
2  11.0  3.65097e-08
20  0.2  2.35185
2  11.5  2.50185e-08
20  0.3  1.88445
20  0.4  1.45984
20  0.5  1.0998
20  0.6  0.811022
20  0.7  0.591567
20  0.8  0.427997
20  0.9  0.308713
20  1.0  0.223316
20  1.1  0.161798
20  1.2  0.11759
20  1.3  0.0865251
20  1.4  0.0640081
20  1.6  0.0356168
20  1.5  0.0464251
2  12.0  1.74216e-08
20  1.7  0.0266986
20  1.8  0.0199994
20  1.9  0.0147352
20  2.0  0.0113042
20  2.5  0.00295496
20  3.0  0.00101272
20  3.5  0.000369013
20  4.0  0.000110741
20  4.5  4.42182e-05
20  5.0  1.86994e-05
20  5.5  8.542e-06
20  7.0  1.0894e-06
20  6.0  4.12066e-06
20  7.5  6.01273e-07
20  8.0  3.44476e-07
20  6.5  2.08202e-06
20  8.5  2.07448e-07
20  9.5  7.87205e-08
20  9.0  1.26672e-07
20  10.5  3.29512e-08
20  10.0  5.11993e-08
22  0.2  2.15078
22  0.3  1.72055
22  0.4  1.32874
22  0.5  0.997837
22  0.6  0.73354
22  0.7  0.533055
22  0.8  0.384505
22  0.9  0.276674
22  1.0  0.199502
22  1.1  0.144331
20  11.0  2.26443e-08
22  1.2  0.104071
22  1.3  0.0756929
22  1.4  0.0567799
20  12.0  1.071e-08
22  1.5  0.0414469
22  1.7  0.0230566
22  1.6  0.0304401
22  1.8  0.0175885
20  11.5  1.54605e-08
22  1.9  0.0131954
22  2.0  0.0100729
22  2.5  0.00259096
22  3.0  0.000932459
22  3.5  0.000235124
22  4.5  3.80598e-05
22  4.0  9.58116e-05
22  5.0  1.61813e-05
22  5.5  7.39341e-06
22  7.0  9.45232e-07
22  6.0  3.55906e-06
22  7.5  5.19252e-07
22  6.5  1.79466e-06
22  8.0  2.97202e-07
22  9.5  6.74165e-08
22  8.5  1.79157e-07
22  10.5  2.87549e-08
22  9.0  1.0947e-07
22  10.0  4.36082e-08
24  0.2  1.91368
22  12.0  9.30001e-09
24  0.3  1.52497
24  0.4  1.17369
24  0.5  0.877647
24  0.6  0.642334
22  11.5  1.32286e-08
24  0.7  0.464736
24  0.8  0.333825
24  0.9  0.239531
24  1.0  0.171961
24  1.1  0.123623
22  11.0  1.93437e-08
24  1.2  0.0894037
24  1.3  0.0652998
24  1.4  0.0481385
24  1.5  0.0348323
24  1.7  0.0198028
24  1.6  0.0257415
24  1.8  0.014475
24  1.9  0.0112597
24  2.0  0.00825415
24  2.5  0.00226151
24  3.0  0.00063287
24  3.5  0.000160727
24  4.5  3.17844e-05
24  4.0  8.00384e-05
24  5.0  1.34218e-05
24  5.5  6.13359e-06
24  6.5  1.46811e-06
24  6.0  2.94921e-06
24  7.5  4.29004e-07
24  8.0  2.45792e-07
24  8.5  1.4618e-07
24  7.0  7.89621e-07
24  10.0  3.59803e-08
24  9.0  9.03808e-08
24  10.5  2.36873e-08
24  9.5  5.65371e-08
26  0.2  1.63223
24  12.0  7.61057e-09
26  0.3  1.29679
26  0.4  0.992541
26  0.5  0.737313
26  0.6  0.536945
26  0.7  0.386365
26  0.8  0.275985
26  0.9  0.196799
26  1.0  0.140793
26  1.1  0.100888
26  1.2  0.0729224
26  1.3  0.0529598
24  11.0  1.61569e-08
26  1.4  0.038184
26  1.5  0.0287783
26  1.6  0.0209116
26  1.7  0.0158773
26  1.8  0.0116321
26  1.9  0.00868859
26  2.0  0.00677229
24  11.5  1.10016e-08
26  2.5  0.00168944
26  3.0  0.000470795
26  3.5  0.00022928
26  4.5  2.4595e-05
26  4.0  6.22656e-05
26  5.0  1.04626e-05
26  5.5  4.75891e-06
26  7.0  6.06416e-07
26  7.5  3.3267e-07
26  6.5  1.14691e-06
26  8.0  1.9025e-07
26  6.0  2.27796e-06
26  8.5  1.14407e-07
26  9.0  6.95598e-08
26  9.5  4.38123e-08
26  10.0  2.82166e-08
26  11.5  8.45559e-09
26  10.5  1.85365e-08
28  0.2  1.30601
28  0.3  1.03144
28  0.4  0.784357
28  0.5  0.578722
26  11.0  1.24865e-08
28  0.6  0.418069
28  0.7  0.298637
28  0.8  0.211938
28  0.9  0.150197
28  1.0  0.106475
28  1.1  0.0762427
28  1.2  0.0547628
28  1.3  0.039547
28  1.4  0.0283921
28  1.5  0.0211153
28  1.6  0.0155365
28  1.7  0.0112575
28  1.8  0.00855596
28  1.9  0.00646251
28  2.0  0.0048055
28  2.5  0.0012914
28  3.5  0.00017556
28  3.0  0.000420334
26  12.0  5.93919e-09
28  4.0  4.44521e-05
28  4.5  1.74361e-05
28  5.0  7.41717e-06
28  5.5  3.36995e-06
28  6.5  8.03001e-07
28  6.0  1.61165e-06
28  7.5  2.34033e-07
28  8.0  1.33981e-07
28  7.0  4.31444e-07
28  9.0  4.84901e-08
28  8.5  8.05174e-08
28  9.5  3.06404e-08
28  10.0  1.97949e-08
30  0.2  0.94982
28  12.0  4.14197e-09
28  10.5  1.30604e-08
30  0.3  0.744691
30  0.4  0.560593
30  0.5  0.409252
30  0.6  0.293498
30  0.7  0.207632
30  0.8  0.146
30  0.9  0.102702
30  1.0  0.0725146
28  11.0  8.75534e-09
30  1.1  0.0512339
30  1.3  0.0265353
30  1.2  0.0364376
30  1.4  0.0188344
30  1.5  0.0140252
30  1.6  0.0102685
30  1.7  0.00761481
28  11.5  5.97124e-09
30  1.8  0.00568457
30  1.9  0.0041961
30  2.0  0.00313297
30  3.0  0.00026793
30  2.5  0.000760093
30  3.5  2.5547e-05
30  4.0  2.76284e-05
30  4.5  1.08353e-05
30  5.0  4.60387e-06
30  5.5  2.08295e-06
30  6.0  9.89813e-07
30  7.5  1.43492e-07
30  6.5  5.02286e-07
30  7.0  2.64868e-07
30  8.0  8.33922e-08
30  9.5  1.86875e-08
30  8.5  4.85897e-08
30  10.0  1.19113e-08
30  9.0  3.01687e-08
30  11.0  5.31618e-09
30  10.5  7.88335e-09
32  0.2  0.606529
32  0.3  0.470958
32  0.4  0.3506
32  0.5  0.252972
32  0.6  0.178997
32  0.7  0.125016
32  0.8  0.0871069
32  0.9  0.0604663
32  1.0  0.0423237
32  1.1  0.0297292
32  1.3  0.0149878
30  11.5  3.62945e-09
32  1.2  0.0210501
32  1.4  0.0106208
32  1.5  0.00767959
32  1.6  0.00558838
32  1.7  0.00417718
32  1.9  0.00223283
32  1.8  0.00314074
32  2.0  0.0017086
32  2.5  0.000422658
32  3.5  5.66596e-05
32  3.0  8.70254e-05
30  12.0  2.5552e-09
32  5.0  2.38768e-06
32  6.0  5.04081e-07
32  4.0  1.45727e-05
32  4.5  5.66277e-06
32  5.5  1.07726e-06
32  8.0  4.2016e-08
32  7.5  7.40855e-08
32  6.5  2.58474e-07
32  7.0  1.35999e-07
32  8.5  2.48347e-08
32  9.0  1.51005e-08
32  9.5  9.63732e-09
32  10.5  4.02111e-09
32  10.0  6.19699e-09
34  0.2  0.333379
32  11.5  1.84776e-09
34  0.3  0.25568
32  11.0  2.69891e-09
34  0.4  0.187767
34  0.5  0.133453
34  0.6  0.092964
34  0.7  0.0641476
34  0.8  0.0440753
34  0.9  0.0302969
34  1.0  0.0209143
34  1.1  0.0145869
34  1.2  0.0102586
34  1.3  0.00728968
34  1.4  0.0052044
34  1.5  0.00373631
34  1.6  0.00276828
32  12.0  1.28732e-09
34  1.7  0.0020328
34  1.8  0.00142248
34  1.9  0.00107339
34  2.0  0.000820489
34  2.5  0.000185546
34  3.0  4.91411e-05
34  3.5  8.96375e-06
34  4.0  6.34521e-06
34  4.5  2.42729e-06
34  5.0  1.02289e-06
34  5.5  4.571e-07
34  6.0  2.15109e-07
34  7.5  3.08711e-08
34  7.0  5.64706e-08
34  6.5  1.08562e-07
34  9.0  6.3157e-09
34  8.5  1.03828e-08
34  8.0  1.78534e-08
34  9.5  3.99612e-09
34  11.0  1.12386e-09
34  10.0  2.5701e-09
4  0.2  3.10025
4  0.3  2.50824
4  0.4  1.96119
34  11.5  7.68862e-10
34  10.5  1.69065e-09
4  0.5  1.49361
4  0.6  1.11576
4  0.7  0.820143
34  12.0  5.35076e-10
4  0.8  0.60155
4  0.9  0.438457
4  1.0  0.31988
4  1.1  0.233815
4  1.2  0.171736
4  1.3  0.127332
4  1.4  0.0934773
4  1.5  0.0694213
4  1.7  0.0395165
4  1.6  0.0517849
4  1.8  0.0305864
4  1.9  0.0224531
4  2.0  0.0178548
4  2.5  0.00452302
4  3.0  0.00132118
4  3.5  0.000396835
4  5.0  3.00276e-05
4  4.0  0.000175673
4  4.5  7.03983e-05
4  5.5  1.3719e-05
4  6.0  6.63382e-06
4  7.5  9.74926e-07
4  6.5  3.34147e-06
4  7.0  1.77927e-06
4  8.5  3.28799e-07
4  8.0  5.57846e-07
4  10.0  8.15821e-08
4  9.0  2.02542e-07
4  9.5  1.28163e-07
4  10.5  5.35088e-08
6  0.2  3.0666
4  11.5  2.47506e-08
6  0.3  2.47848
4  11.0  3.59705e-08
6  0.4  1.93791
6  0.5  1.47554
6  0.6  1.10053
6  0.7  0.810135
6  0.8  0.593774
6  0.9  0.432385
6  1.0  0.314933
6  1.1  0.230628
6  1.3  0.125495
6  1.2  0.169224
6  1.4  0.0918141
6  1.5  0.0686907
6  1.6  0.0509193
4  12.0  1.72285e-08
6  1.7  0.0391534
6  1.8  0.0288106
6  1.9  0.0220528
6  2.0  0.0171743
6  2.5  0.00415076
6  3.5  0.000486252
6  3.0  0.00115821
6  5.0  2.94631e-05
6  4.0  0.000172654
6  4.5  6.92377e-05
6  5.5  1.34454e-05
6  6.0  6.48554e-06
6  7.5  9.56037e-07
6  6.5  3.27657e-06
6  7.0  1.73784e-06
6  8.5  3.22468e-07
6  8.0  5.47154e-07
6  9.5  1.24073e-07
6  9.0  2.00282e-07
6  10.5  5.24598e-08
6  11.0  3.54491e-08
6  10.0  8.08942e-08
6  11.5  2.41078e-08
8  0.2  3.01753
8  0.3  2.43904
8  0.4  1.90511
8  0.5  1.44847
8  0.7  0.79473
8  0.6  1.08062
8  0.8  0.581825
8  0.9  0.424118
8  1.0  0.308565
8  1.1  0.225516
8  1.2  0.165547
8  1.3  0.12262
8  1.4  0.0896656
8  1.5  0.0670106
8  1.6  0.0496793
6  12.0  1.68782e-08
8  1.8  0.0291759
8  1.7  0.0371405
8  1.9  0.021208
8  2.0  0.0162928
8  2.5  0.00439462
8  3.0  0.00130503
8  3.5  0.000343277
8  5.0  2.86697e-05
8  4.0  0.000167853
8  4.5  6.74799e-05
8  5.5  1.30798e-05
8  6.0  6.30679e-06
8  7.5  9.29414e-07
8  6.5  3.18676e-06
8  7.0  1.69913e-06
8  8.5  3.13349e-07
8  8.0  5.32244e-07
8  9.5  1.1977e-07
8  9.0  1.94732e-07
8  10.5  5.10468e-08
8  10.0  7.85449e-08
8  11.0  3.43045e-08
8  12.0  1.63983e-08
8  11.5  2.38333e-08
