# exclusive D0 cross section, Pb target, LHAPDF fragmentation, An0n channel
# generated      : 2026-08-19 15:29:48 EEST
# calls          : 1e5 below 4.0 GeV, 2e3 above (see EXCL_PT_THRESHOLD) (VEGAS calls per point, see CALLS_EXCL/CALLS_EXCL_FACTORIZED/CALLS_DIFF)
# dipole samples : data/Pb/bk_posterior/member_0089/glauber_mve_<b>
# pD0 sweep      : 0.2 0.3 0.4 0.5 0.6 0.7 0.8 0.9 1.0 1.1 1.2 1.3 1.4 1.5 1.6 1.7 1.8 1.9 2.0 2.5 3.0 3.5 4.0 4.5 5.0 5.5 6.0 6.5 7.0 7.5 8.0 8.5 9.0 9.5 10.0 10.5 11.0 11.5 12.0
# fixed rapidity y : 1.0
# ============================================================
# b  pD0  dsigma_dyd2pD0
0  0.3  2.38582
0  0.2  2.94497
0  0.4  1.87182
0  0.5  1.4297
0  0.7  0.791205
0  0.8  0.58098
0  0.6  1.07075
0  1.0  0.310706
0  0.9  0.424794
0  1.1  0.227744
0  1.2  0.168153
0  1.3  0.123072
0  1.4  0.0913684
0  1.5  0.0682977
0  1.6  0.0511671
0  1.7  0.0382167
0  1.9  0.0226189
0  2.0  0.0169509
0  1.8  0.0289914
0  2.5  0.00465247
0  3.0  0.00140258
0  3.5  0.000568924
0  4.0  0.000174362
0  5.0  2.82458e-05
0  5.5  1.24799e-05
0  4.5  6.81226e-05
0  6.0  5.77002e-06
0  7.5  7.2341e-07
0  6.5  2.78927e-06
0  7.0  1.39169e-06
0  8.0  3.92211e-07
0  8.5  2.15733e-07
0  9.0  1.22471e-07
0  9.5  7.11759e-08
0  10.0  4.24832e-08
10  0.2  2.80857
0  10.5  2.57657e-08
10  0.3  2.27135
10  0.4  1.77904
0  11.0  1.59353e-08
10  0.5  1.35552
10  0.6  1.01411
10  0.7  0.747328
10  0.8  0.548562
10  0.9  0.4001
10  1.0  0.291715
0  11.5  1.00252e-08
10  1.1  0.213805
10  1.2  0.156608
10  1.4  0.0858471
10  1.3  0.11531
10  1.5  0.0632601
10  1.6  0.0474877
10  1.7  0.0356015
10  1.8  0.0274754
0  12.0  6.38782e-09
10  1.9  0.0207552
10  2.5  0.00418146
10  2.0  0.015508
10  3.0  0.00125844
10  3.5  0.00034849
10  5.5  1.13083e-05
10  5.0  2.58451e-05
10  4.0  0.000159311
10  4.5  6.24663e-05
10  6.0  5.26797e-06
10  6.5  2.54657e-06
10  7.5  6.59226e-07
10  7.0  1.26905e-06
10  8.0  3.55921e-07
10  8.5  1.96396e-07
10  9.0  1.11496e-07
10  10.0  3.86573e-08
10  9.5  6.47594e-08
12  0.2  2.74384
10  10.5  2.34391e-08
12  0.3  2.21771
12  0.4  1.73616
12  0.5  1.32262
12  0.6  0.987237
12  0.7  0.728223
10  11.0  1.44845e-08
12  0.8  0.532595
12  0.9  0.388563
12  1.0  0.283737
12  1.1  0.206868
12  1.2  0.151631
12  1.3  0.112426
12  1.4  0.0826247
12  1.6  0.0459452
12  1.5  0.0614707
12  1.7  0.0343192
12  1.8  0.0264332
12  2.0  0.0154355
12  1.9  0.019967
12  2.5  0.00415917
10  12.0  5.80825e-09
12  3.0  0.00119819
12  3.5  0.000374657
10  11.5  9.10097e-09
12  5.0  2.45967e-05
12  4.5  5.98113e-05
12  4.0  0.000152893
12  6.0  4.96123e-06
12  5.5  1.0906e-05
12  6.5  2.43791e-06
12  7.5  6.28291e-07
12  7.0  1.21624e-06
12  8.0  3.42745e-07
12  8.5  1.8775e-07
12  9.0  1.06642e-07
12  9.5  6.19125e-08
12  10.5  2.24105e-08
12  10.0  3.69483e-08
14  0.2  2.66663
14  0.3  2.1522
12  11.0  1.384e-08
14  0.4  1.68321
14  0.5  1.28073
14  0.6  0.955019
14  0.7  0.703436
14  0.8  0.514009
14  0.9  0.374538
14  1.0  0.272387
14  1.1  0.198999
14  1.2  0.145589
14  1.3  0.107304
14  1.4  0.0793362
14  1.5  0.0588972
14  1.6  0.0439201
14  1.8  0.025297
14  1.7  0.0330244
12  12.0  5.5464e-09
14  1.9  0.0191074
14  2.0  0.0147412
14  2.5  0.00389203
14  3.5  0.000470232
14  3.0  0.00121297
12  11.5  8.68995e-09
14  5.5  1.02479e-05
14  5.0  2.3564e-05
14  4.0  0.000145231
14  4.5  5.67156e-05
14  7.5  5.96803e-07
14  6.5  2.30878e-06
14  6.0  4.76626e-06
14  7.0  1.15222e-06
14  8.0  3.23016e-07
14  8.5  1.77581e-07
14  9.0  1.00893e-07
14  9.5  5.85166e-08
14  10.5  2.11413e-08
16  0.2  2.5711
14  10.0  3.49136e-08
16  0.3  2.07665
16  0.4  1.61983
16  0.5  1.23075
16  0.6  0.916167
16  0.7  0.673505
16  0.8  0.492274
16  0.9  0.358441
16  1.0  0.260051
16  1.1  0.189622
14  11.0  1.30757e-08
16  1.2  0.13873
16  1.3  0.101942
16  1.4  0.0750494
16  1.5  0.0557162
16  1.6  0.0416214
16  1.7  0.0312102
16  1.8  0.023629
16  1.9  0.0181738
16  2.0  0.0134401
16  2.5  0.00363755
16  3.0  0.00116618
16  3.5  0.000326244
14  12.0  5.2363e-09
14  11.5  8.21345e-09
16  5.0  2.20547e-05
16  5.5  9.58657e-06
16  4.0  0.000136188
16  4.5  5.31825e-05
16  7.5  5.573e-07
16  6.5  2.15757e-06
16  6.0  4.45776e-06
16  7.0  1.07639e-06
16  9.0  9.45685e-08
16  8.0  3.00662e-07
16  8.5  1.65744e-07
16  9.5  5.45619e-08
18  0.2  2.4588
16  10.0  3.25441e-08
16  11.0  1.21791e-08
18  0.3  1.98056
18  0.4  1.54297
18  0.5  1.16885
18  0.6  0.870262
16  10.5  1.97113e-08
18  0.7  0.638569
18  0.8  0.464849
18  0.9  0.337306
18  1.0  0.245188
18  1.1  0.178561
18  1.2  0.130881
18  1.3  0.0954676
18  1.4  0.0704664
18  1.5  0.0521999
18  1.6  0.0391002
18  1.7  0.0293262
16  12.0  4.87522e-09
18  1.9  0.0170392
18  1.8  0.0219046
16  11.5  7.65088e-09
18  2.0  0.0127997
18  2.5  0.00336944
18  3.0  0.00114096
18  3.5  0.00028934
18  5.5  8.91178e-06
18  4.5  4.90771e-05
18  4.0  0.000125655
18  5.0  2.03122e-05
18  7.5  5.12037e-07
18  6.5  1.9837e-06
18  6.0  4.11235e-06
18  7.0  9.88701e-07
18  8.0  2.76045e-07
18  8.5  1.52017e-07
18  9.0  8.65057e-08
18  9.5  5.00264e-08
18  10.5  1.80756e-08
2  0.2  2.9399
18  10.0  2.98222e-08
2  0.3  2.38041
18  11.0  1.11511e-08
2  0.4  1.86851
2  0.5  1.42719
2  0.6  1.0684
2  0.7  0.789499
2  0.8  0.579536
2  1.0  0.310283
2  0.9  0.424236
2  1.1  0.227305
2  1.2  0.167662
2  1.3  0.122759
2  1.4  0.0910936
2  1.5  0.0677635
2  1.6  0.0509565
2  1.8  0.0290423
2  1.7  0.0382795
2  1.9  0.0225503
2  2.0  0.0169633
2  3.0  0.00128614
2  2.5  0.00466005
2  3.5  0.000461738
18  11.5  7.01375e-09
18  12.0  4.46539e-09
2  4.0  0.000173785
2  5.0  2.79174e-05
2  4.5  6.78672e-05
2  5.5  1.24382e-05
2  6.0  5.7503e-06
2  6.5  2.78048e-06
2  7.5  7.20995e-07
2  7.0  1.38674e-06
2  8.0  3.90888e-07
2  8.5  2.14967e-07
2  9.0  1.22031e-07
2  9.5  7.09201e-08
20  0.2  2.32104
20  0.3  1.86918
2  10.5  2.56748e-08
2  10.0  4.23308e-08
20  0.4  1.45332
20  0.5  1.09947
20  0.6  0.815354
20  0.7  0.596869
20  0.8  0.433558
2  11.0  1.58775e-08
20  0.9  0.314344
20  1.0  0.227694
20  1.1  0.165383
20  1.2  0.120869
20  1.3  0.0884945
20  1.4  0.0650025
20  1.5  0.0480589
20  1.6  0.0359706
20  1.7  0.0268665
20  1.8  0.020434
20  1.9  0.0151024
20  2.0  0.0116293
20  2.5  0.00297073
20  3.0  0.000984001
20  3.5  0.000250112
2  11.5  9.97049e-09
2  12.0  6.36585e-09
20  4.5  4.44895e-05
20  4.0  0.000113901
20  5.5  8.05078e-06
20  5.0  1.83445e-05
20  6.0  3.70119e-06
20  6.5  1.78634e-06
20  7.5  4.64798e-07
20  7.0  8.8969e-07
20  8.0  2.49184e-07
20  8.5  1.36918e-07
20  9.0  7.75065e-08
20  9.5  4.48956e-08
20  10.5  1.61799e-08
22  0.2  2.1584
20  10.0  2.67467e-08
20  11.0  9.98812e-09
22  0.3  1.73282
22  0.4  1.34444
22  0.5  1.01375
22  0.6  0.750215
22  0.7  0.547576
20  11.5  6.2726e-09
22  0.8  0.396675
22  0.9  0.286673
22  1.0  0.207216
22  1.1  0.150308
22  1.2  0.109184
22  1.3  0.0798111
22  1.4  0.0586807
22  1.5  0.0432795
22  1.7  0.0240719
22  1.6  0.0322632
22  1.8  0.0183437
22  1.9  0.0139057
22  2.0  0.0105402
20  12.0  3.99446e-09
22  2.5  0.00279548
22  3.5  0.000327075
22  3.0  0.000836055
22  4.0  9.9524e-05
22  5.5  7.06758e-06
22  4.5  3.89886e-05
22  5.0  1.61143e-05
22  7.5  4.0114e-07
22  6.0  3.24166e-06
22  6.5  1.56063e-06
22  7.0  7.77967e-07
22  8.0  2.17181e-07
22  10.0  2.33522e-08
22  8.5  1.19339e-07
22  9.0  6.75596e-08
22  9.5  3.9105e-08
22  11.5  5.40913e-09
24  0.2  1.95917
24  0.3  1.5697
22  11.0  8.67449e-09
24  0.4  1.21373
24  0.5  0.912007
24  0.6  0.672164
24  0.7  0.488234
24  0.8  0.353199
22  10.5  1.40629e-08
24  1.0  0.183189
24  0.9  0.254313
24  1.1  0.132339
24  1.2  0.0962937
24  1.4  0.0512575
24  1.3  0.0697526
24  1.5  0.0380573
24  1.7  0.0213046
24  1.6  0.028194
24  1.8  0.0159238
24  1.9  0.0119363
24  2.0  0.00912444
24  2.5  0.00249499
24  3.0  0.000704071
24  3.5  0.000240894
22  12.0  3.47222e-09
24  5.0  1.36271e-05
24  4.0  8.5238e-05
24  4.5  3.29718e-05
24  6.5  1.29955e-06
24  5.5  5.94076e-06
24  6.0  2.73122e-06
24  8.0  1.79868e-07
24  7.0  6.53656e-07
24  7.5  3.39007e-07
24  8.5  9.98161e-08
24  9.0  5.63714e-08
24  9.5  3.26624e-08
24  10.5  1.17513e-08
26  0.2  1.7182
24  10.0  1.94054e-08
26  0.3  1.37237
26  0.4  1.05717
26  0.5  0.790354
24  11.0  7.23819e-09
26  0.6  0.57948
26  0.7  0.419086
26  0.8  0.301373
26  0.9  0.215969
26  1.0  0.155212
26  1.1  0.111714
26  1.2  0.0806671
26  1.3  0.0585213
26  1.4  0.042749
26  1.5  0.0314347
26  1.6  0.0233156
26  1.7  0.0172589
26  1.9  0.00991349
24  12.0  2.89584e-09
26  1.8  0.012949
26  2.0  0.00749776
26  2.5  0.0019732
26  3.0  0.000616997
26  3.5  0.000155315
24  11.5  4.52372e-09
26  5.0  1.08588e-05
26  4.0  6.85121e-05
26  4.5  2.64885e-05
26  6.0  2.16257e-06
26  5.5  4.72704e-06
26  6.5  1.04184e-06
26  7.0  5.17186e-07
26  8.0  1.4366e-07
26  7.5  2.6834e-07
26  10.0  1.53387e-08
26  8.5  7.85745e-08
26  9.0  4.44472e-08
26  9.5  2.56895e-08
26  11.0  5.6767e-09
28  0.2  1.43067
28  0.3  1.13638
28  0.4  0.870114
26  10.5  9.15014e-09
28  0.5  0.646927
28  0.6  0.471123
28  0.8  0.242374
28  0.7  0.338753
28  0.9  0.172461
28  1.0  0.12301
28  1.1  0.0880519
28  1.3  0.0459112
28  1.2  0.063322
28  1.5  0.0246456
28  1.4  0.0333318
28  1.6  0.0179508
28  1.8  0.0101826
28  1.7  0.0135741
26  12.0  2.26646e-09
28  1.9  0.00761
28  2.0  0.00563264
28  2.5  0.00149534
28  3.0  0.000425218
28  3.5  0.000123437
26  11.5  3.54428e-09
28  4.0  5.09192e-05
28  4.5  1.94737e-05
28  5.0  7.97442e-06
28  6.0  1.57312e-06
28  5.5  3.45392e-06
28  7.0  3.76393e-07
28  8.0  1.02442e-07
28  6.5  7.5752e-07
28  7.5  1.94144e-07
28  10.0  1.10172e-08
28  8.5  5.66617e-08
28  9.0  3.20018e-08
28  9.5  1.84865e-08
28  11.5  2.52637e-09
30  0.2  1.10161
30  0.3  0.87044
28  10.5  6.60188e-09
30  0.4  0.660732
30  0.5  0.486777
30  0.6  0.351505
30  0.7  0.250665
30  0.8  0.177347
30  0.9  0.125541
30  1.0  0.0890835
30  1.1  0.0633408
30  1.3  0.0326975
30  1.2  0.0452264
28  11.0  4.05282e-09
30  1.4  0.0236769
30  1.5  0.0172044
30  1.6  0.012714
30  1.7  0.00929987
30  1.8  0.00691611
30  1.9  0.00513839
30  2.0  0.00388851
30  2.5  0.000990208
30  3.0  0.000281201
30  3.5  7.57812e-05
28  12.0  1.61446e-09
30  4.5  1.27643e-05
30  4.0  3.34605e-05
30  5.0  5.20037e-06
30  5.5  2.24844e-06
30  6.5  4.83949e-07
30  6.0  1.02155e-06
30  7.5  1.24245e-07
30  7.0  2.41036e-07
30  8.0  6.58977e-08
30  8.5  3.59985e-08
30  9.0  2.02932e-08
30  10.0  6.92319e-09
30  9.5  1.16756e-08
30  10.5  4.16642e-09
32  0.2  0.765363
32  0.3  0.598717
30  11.0  2.55628e-09
32  0.4  0.450199
32  0.5  0.327947
32  0.6  0.233885
32  0.7  0.164933
32  0.8  0.115537
32  0.9  0.0809746
32  1.0  0.0571057
32  1.1  0.0400807
32  1.2  0.0284916
32  1.3  0.0202931
32  1.4  0.0146619
30  11.5  1.59479e-09
32  1.5  0.0105848
32  1.6  0.00772245
32  1.9  0.00316198
32  1.8  0.00427205
32  1.7  0.00569027
32  2.0  0.00234163
32  2.5  0.00059247
32  3.0  0.000191807
32  3.5  5.58296e-05
30  12.0  1.0121e-09
32  4.0  1.89815e-05
32  5.0  2.89443e-06
32  4.5  7.17318e-06
32  5.5  1.24239e-06
32  6.5  2.6586e-07
32  6.0  5.61754e-07
32  7.0  1.30896e-07
32  7.5  6.71515e-08
32  8.0  3.55322e-08
32  9.0  1.09334e-08
32  8.5  1.93688e-08
32  10.0  3.68288e-09
32  9.5  6.24423e-09
34  0.2  0.472227
32  10.5  2.21253e-09
34  0.3  0.365259
34  0.4  0.271059
32  11.0  1.35194e-09
34  0.5  0.194549
34  0.6  0.13695
34  0.7  0.0953714
34  0.8  0.065884
34  0.9  0.0456506
34  1.0  0.0317828
34  1.1  0.0221472
34  1.2  0.0155447
34  1.3  0.0110095
32  11.5  8.43543e-10
34  1.4  0.00783121
34  1.6  0.00412544
34  1.5  0.00564971
34  1.7  0.00303041
34  1.8  0.00225205
34  2.0  0.00123323
34  1.9  0.00162437
34  2.5  0.00029445
34  3.0  9.52922e-05
34  3.5  3.15474e-05
32  12.0  5.30939e-10
34  5.0  1.33855e-06
34  4.0  9.0514e-06
34  4.5  3.38951e-06
34  5.5  5.7552e-07
34  6.0  2.58222e-07
34  7.0  5.90055e-08
34  7.5  3.02704e-08
34  6.5  1.21317e-07
34  8.0  1.59302e-08
34  9.0  4.84827e-09
34  8.5  8.65743e-09
34  9.5  2.77441e-09
34  10.0  1.61614e-09
4  0.2  2.92406
4  0.3  2.36974
4  0.4  1.85768
4  0.5  1.41826
34  10.5  9.70959e-10
4  0.7  0.785055
4  0.6  1.0619
4  0.8  0.575705
4  0.9  0.420726
34  11.0  5.87302e-10
4  1.0  0.307637
4  1.1  0.225435
4  1.2  0.165612
4  1.3  0.122243
4  1.4  0.0904103
4  1.5  0.0673252
4  1.6  0.0502569
4  1.7  0.0381375
4  1.9  0.022331
4  1.8  0.0288679
4  2.0  0.0164742
4  2.5  0.00464103
4  3.0  0.00128761
4  3.5  0.000426856
34  11.5  3.64259e-10
34  12.0  2.30239e-10
4  4.0  0.00017201
4  5.0  2.78644e-05
4  4.5  6.72041e-05
4  5.5  1.22807e-05
4  6.0  5.68939e-06
4  7.5  7.13505e-07
4  6.5  2.74205e-06
4  7.0  1.37189e-06
4  8.0  3.86743e-07
4  8.5  2.12668e-07
4  9.0  1.20714e-07
4  9.5  7.01517e-08
4  10.5  2.53989e-08
6  0.2  2.89672
6  0.3  2.34382
4  10.0  4.18729e-08
6  0.4  1.83896
4  11.0  1.57043e-08
6  0.5  1.40384
6  0.6  1.0504
6  0.7  0.776254
6  0.8  0.56902
6  0.9  0.415981
6  1.0  0.304041
6  1.1  0.222764
6  1.3  0.120463
6  1.2  0.163312
6  1.4  0.088938
6  1.5  0.0664566
6  1.6  0.0496451
6  1.7  0.0374157
6  1.8  0.0284723
6  1.9  0.0220365
6  2.0  0.0166266
6  2.5  0.00455806
6  3.0  0.00141631
6  3.5  0.000434336
4  11.5  9.85894e-09
4  12.0  6.29769e-09
6  4.5  6.60395e-05
6  4.0  0.000168743
6  5.0  2.74972e-05
6  5.5  1.20693e-05
6  6.0  5.59224e-06
6  6.5  2.7026e-06
6  7.5  7.00813e-07
6  7.0  1.34731e-06
6  8.0  3.79803e-07
6  8.5  2.08611e-07
6  9.0  1.18525e-07
6  9.5  6.89355e-08
8  0.2  2.85738
6  10.5  2.49366e-08
8  0.3  2.31373
6  10.0  4.11081e-08
8  0.4  1.81379
8  0.5  1.38338
8  0.6  1.03406
8  0.7  0.763996
8  0.8  0.560607
6  11.0  1.5415e-08
8  0.9  0.408992
8  1.0  0.299053
8  1.1  0.218274
8  1.2  0.160229
8  1.3  0.118114
8  1.4  0.0873928
8  1.6  0.048565
8  1.5  0.06528
8  1.7  0.0370932
8  1.9  0.0210307
8  1.8  0.0276164
8  2.0  0.0163204
8  2.5  0.00445377
8  3.0  0.00136952
8  3.5  0.000392955
6  11.5  9.69457e-09
6  12.0  6.18094e-09
8  5.5  1.168e-05
8  4.0  0.000164617
8  4.5  6.43503e-05
8  5.0  2.67678e-05
8  6.0  5.44188e-06
8  6.5  2.63428e-06
8  7.5  6.84525e-07
8  7.0  1.31282e-06
8  8.0  3.70052e-07
8  8.5  2.03448e-07
8  9.0  1.15455e-07
8  9.5  6.67446e-08
8  10.5  2.42904e-08
8  10.0  4.00338e-08
8  11.0  1.50088e-08
8  11.5  9.41504e-09
8  12.0  6.02053e-09
