# diffractive D0 cross section, Pb target, HymnD fragmentation, An0n channel
# generated      : 2026-08-20 11:00:16 EEST
# calls          : 1e5 (VEGAS calls per point, see CALLS_EXCL/CALLS_EXCL_FACTORIZED/CALLS_DIFF)
# dipole samples : data/Pb/bk_posterior/member_0003/glauber_mve_<b>
# pD0 sweep      : 0.2 0.3 0.4 0.5 0.6 0.7 0.8 0.9 1.0 1.1 1.2 1.3 1.4 1.5 1.6 1.7 1.8 1.9 2.0 2.5 3.0 3.5 4.0 4.5 5.0 5.5 6.0 6.5 7.0 7.5 8.0 8.5 9.0 9.5 10.0 10.5 11.0 11.5 12.0
# fixed rapidity y : 0.0
# ============================================================
# b  pD0  dsigma_dyd2pD0
0  0.4  1.02015
0  0.3  0.829285
0  0.5  1.14628
0  0.2  0.562883
0  0.7  1.08757
0  0.6  1.16859
0  0.8  0.977525
0  1.0  0.731501
0  1.1  0.612736
0  0.9  0.86392
0  1.3  0.419952
0  1.2  0.506953
0  1.4  0.342426
0  1.6  0.231977
0  1.5  0.283062
0  1.7  0.191467
0  1.8  0.157715
0  1.9  0.130141
0  2.0  0.107686
0  2.5  0.0441773
0  3.0  0.0201846
0  3.5  0.0100806
0  4.0  0.00540419
0  5.0  0.00174227
0  4.5  0.00296296
0  5.5  0.00105898
0  6.0  0.000668056
0  7.0  0.000298778
0  8.0  0.000141211
0  6.5  0.000438408
0  7.5  0.000202372
0  8.5  0.000103834
0  10.5  2.95808e-05
0  9.0  7.41659e-05
0  9.5  5.48536e-05
0  10.0  3.95245e-05
10  0.2  0.555571
10  0.3  0.802094
10  0.4  1.01001
10  0.5  1.12457
10  0.6  1.13977
10  0.7  1.07526
10  0.8  0.958459
10  0.9  0.829285
0  11.0  2.30953e-05
10  1.0  0.707651
10  1.1  0.592741
10  1.2  0.490654
10  1.4  0.327486
10  1.3  0.40414
10  1.5  0.269594
10  1.6  0.22261
0  11.5  1.73986e-05
10  1.7  0.183054
10  1.8  0.150102
10  2.0  0.102915
10  1.9  0.124997
10  2.5  0.0424825
10  3.0  0.0191132
10  3.5  0.00950298
0  12.0  1.32997e-05
10  4.5  0.00288994
10  5.5  0.00102414
10  4.0  0.00507044
10  5.0  0.00166245
10  7.0  0.000282591
10  6.0  0.000644829
10  7.5  0.000198805
10  6.5  0.000431267
10  8.0  0.000137584
10  8.5  9.63199e-05
10  9.0  6.87676e-05
10  9.5  5.07526e-05
10  10.0  3.86457e-05
12  0.2  0.552901
10  10.5  2.93874e-05
12  0.3  0.793901
12  0.4  1.01326
12  0.5  1.11544
12  0.6  1.11562
12  0.7  1.05436
12  0.8  0.94868
12  0.9  0.81703
12  1.0  0.69837
12  1.1  0.58018
12  1.2  0.477363
12  1.3  0.39673
12  1.4  0.328184
12  1.5  0.263224
10  11.0  2.14276e-05
12  1.6  0.217359
12  1.7  0.178465
12  1.9  0.121535
12  1.8  0.148057
12  2.0  0.101622
12  2.5  0.0417745
12  3.0  0.0190486
10  11.5  1.63993e-05
12  3.5  0.00945886
10  12.0  1.29494e-05
12  4.5  0.0027918
12  5.5  0.000990725
12  4.0  0.0049012
12  5.0  0.00162277
12  7.0  0.000274721
12  6.0  0.000626477
12  7.5  0.000188977
12  6.5  0.000413292
12  8.0  0.000131428
12  8.5  9.41159e-05
12  9.0  6.95058e-05
12  9.5  5.0769e-05
12  10.0  3.78321e-05
12  11.5  1.63156e-05
14  0.2  0.548418
12  10.5  2.7474e-05
14  0.3  0.779243
14  0.4  0.989832
14  0.5  1.09205
14  0.6  1.10719
12  12.0  1.23864e-05
14  0.7  1.05027
14  0.9  0.80792
14  0.8  0.937063
14  1.0  0.692527
14  1.1  0.569877
14  1.2  0.47227
14  1.3  0.388839
14  1.5  0.259995
14  1.4  0.318002
12  11.0  2.07298e-05
14  1.6  0.209721
14  1.7  0.175302
14  1.9  0.116794
14  1.8  0.142895
14  2.0  0.098317
14  2.5  0.0401542
14  3.0  0.0181045
14  3.5  0.00911751
14  4.5  0.00268815
14  5.0  0.00158345
14  5.5  0.000963738
14  4.0  0.00486084
14  6.0  0.0006121
14  6.5  0.000410366
14  7.0  0.000267771
14  8.0  0.000127905
14  7.5  0.000188247
14  8.5  9.08515e-05
14  9.0  6.57119e-05
14  9.5  4.79476e-05
14  10.0  3.58415e-05
16  0.2  0.543189
14  10.5  2.66139e-05
16  0.3  0.789722
16  0.4  0.987026
16  0.5  1.08273
16  0.6  1.09142
14  11.0  2.02843e-05
16  0.7  1.01287
16  0.8  0.91173
16  0.9  0.782465
16  1.0  0.661021
16  1.1  0.559366
16  1.2  0.455369
16  1.3  0.37703
16  1.4  0.306095
16  1.5  0.251931
16  1.6  0.205379
16  1.7  0.16716
16  1.8  0.140103
14  11.5  1.59324e-05
16  1.9  0.115216
16  2.0  0.0945946
16  2.5  0.0391723
16  3.0  0.0175912
16  3.5  0.00879282
16  4.5  0.00258064
14  12.0  1.18763e-05
16  4.0  0.00460932
16  5.5  0.000926894
16  5.0  0.00151985
16  6.0  0.000584985
16  7.5  0.000172364
16  6.5  0.000394202
16  7.0  0.00026619
16  8.0  0.000126924
16  8.5  8.96415e-05
16  9.0  6.31931e-05
16  9.5  4.73999e-05
16  10.0  3.47936e-05
16  10.5  2.59926e-05
18  0.2  0.534842
18  0.3  0.775519
18  0.4  0.980732
18  0.5  1.06406
16  11.0  1.96748e-05
18  0.6  1.04785
18  0.7  1.00027
18  0.8  0.889181
18  0.9  0.762162
18  1.0  0.642362
18  1.1  0.53922
18  1.2  0.442201
18  1.3  0.363132
18  1.4  0.293306
18  1.6  0.198361
18  1.5  0.24321
18  1.7  0.161642
18  1.8  0.132405
18  1.9  0.109717
18  2.5  0.0373397
18  2.0  0.0905767
16  11.5  1.47496e-05
18  3.0  0.0169893
18  3.5  0.00822566
16  12.0  1.14002e-05
18  5.0  0.00144463
18  4.0  0.00439006
18  4.5  0.00247448
18  5.5  0.00088334
18  7.5  0.000168801
18  6.0  0.00056597
18  6.5  0.000368159
18  7.0  0.000245586
18  8.0  0.00012003
18  8.5  8.60579e-05
18  9.0  6.05811e-05
18  9.5  4.53814e-05
18  10.0  3.27497e-05
2  0.2  0.562425
18  10.5  2.46312e-05
2  0.3  0.812868
2  0.4  1.01793
2  0.5  1.147
2  0.6  1.15479
2  0.7  1.08606
2  0.8  0.984881
18  11.0  1.88479e-05
2  0.9  0.857374
2  1.0  0.731354
2  1.1  0.616806
2  1.2  0.511486
2  1.3  0.416063
2  1.4  0.345571
2  1.5  0.280684
18  12.0  1.10203e-05
2  1.6  0.230147
2  1.7  0.189345
2  1.8  0.156407
2  1.9  0.129878
2  2.0  0.106925
2  2.5  0.0447686
2  3.0  0.0203442
2  3.5  0.0100518
18  11.5  1.43082e-05
2  4.0  0.00522043
2  4.5  0.00298451
2  5.0  0.00177684
2  5.5  0.00108165
2  6.0  0.000676667
2  7.0  0.000297299
2  6.5  0.000451422
2  7.5  0.00020297
2  8.0  0.00014418
2  8.5  0.000100621
2  9.0  7.50393e-05
2  9.5  5.49317e-05
2  10.0  3.95695e-05
20  0.2  0.535703
20  0.3  0.76121
20  0.4  0.951193
20  0.5  1.0432
2  10.5  2.96667e-05
20  0.6  1.02983
20  0.7  0.967766
20  0.8  0.858377
20  0.9  0.722646
20  1.0  0.614166
20  1.1  0.512893
2  11.0  2.30755e-05
20  1.3  0.345095
20  1.2  0.421316
20  1.4  0.279727
20  1.6  0.186061
20  1.5  0.229606
20  1.7  0.154247
20  1.8  0.127206
20  1.9  0.104611
20  2.0  0.0862279
20  2.5  0.0350985
2  11.5  1.68024e-05
20  3.0  0.0159652
20  3.5  0.00795588
2  12.0  1.33119e-05
20  5.0  0.00138792
20  4.0  0.00416563
20  4.5  0.00232499
20  5.5  0.000839669
20  7.5  0.000163476
20  6.0  0.000525714
20  7.0  0.000232844
20  6.5  0.000348132
20  8.0  0.000111057
20  8.5  7.92664e-05
20  9.0  5.79342e-05
20  9.5  4.27243e-05
20  10.0  3.19458e-05
22  0.2  0.517369
20  10.5  2.32986e-05
22  0.3  0.754526
22  0.4  0.928638
22  0.5  1.00479
22  0.6  0.993233
20  11.0  1.76534e-05
22  0.7  0.92251
22  0.8  0.806439
22  0.9  0.693407
22  1.0  0.582597
22  1.1  0.482429
22  1.2  0.397075
22  1.4  0.260594
22  1.3  0.322257
22  1.5  0.21747
22  1.6  0.175156
22  1.7  0.144339
22  1.8  0.118451
22  1.9  0.0971966
22  2.0  0.0802758
22  2.5  0.0331126
22  3.0  0.0148215
22  3.5  0.0073391
20  11.5  1.37593e-05
20  12.0  1.03135e-05
22  5.0  0.0012748
22  5.5  0.000779396
22  4.0  0.00388513
22  4.5  0.00216773
22  6.0  0.000498035
22  7.0  0.000216718
22  6.5  0.00032302
22  7.5  0.000152583
22  9.0  5.29445e-05
22  8.0  0.000106209
22  8.5  7.38203e-05
22  9.5  3.93177e-05
22  11.0  1.63357e-05
22  10.0  2.87982e-05
24  0.2  0.503683
24  0.3  0.736259
24  0.4  0.90375
22  10.5  2.19821e-05
24  0.5  0.968118
24  0.6  0.946465
24  0.7  0.869839
24  0.8  0.770203
24  0.9  0.64913
24  1.0  0.548363
24  1.1  0.446736
24  1.2  0.36809
24  1.3  0.297112
22  12.0  9.95249e-06
24  1.4  0.244686
24  1.5  0.200397
24  1.6  0.162341
24  1.7  0.130904
24  1.8  0.108429
24  1.9  0.0887137
24  2.0  0.0734128
24  2.5  0.0301396
24  3.0  0.0135491
24  3.5  0.00663821
22  11.5  1.23821e-05
24  5.0  0.00115928
24  4.0  0.0036175
24  4.5  0.00197974
24  5.5  0.000708987
24  7.0  0.000194826
24  6.0  0.000449804
24  6.5  0.000301459
24  7.5  0.000138794
24  8.0  9.66012e-05
24  9.0  4.9488e-05
24  8.5  6.69357e-05
24  9.5  3.62943e-05
24  11.0  1.51708e-05
24  10.0  2.5318e-05
26  0.2  0.485764
26  0.3  0.702779
24  10.5  1.96319e-05
26  0.4  0.844051
26  0.5  0.906423
26  0.6  0.87543
26  0.7  0.804381
26  0.8  0.696629
26  0.9  0.590934
26  1.0  0.492755
26  1.1  0.404551
26  1.2  0.327305
26  1.3  0.266236
26  1.4  0.216159
26  1.5  0.175827
26  1.6  0.143518
26  1.7  0.11701
26  1.8  0.095545
24  11.5  1.14829e-05
26  1.9  0.0787131
26  2.5  0.0264668
26  2.0  0.0644907
26  3.0  0.0119632
26  3.5  0.00585791
24  12.0  8.57698e-06
26  5.0  0.00102429
26  4.5  0.00172313
26  4.0  0.00315902
26  5.5  0.000620523
26  6.0  0.000401643
26  6.5  0.000265361
26  7.0  0.000173892
26  7.5  0.000122034
26  8.0  8.43471e-05
26  8.5  5.85035e-05
26  9.5  3.17994e-05
26  9.0  4.25108e-05
26  10.0  2.3072e-05
28  0.2  0.460408
26  10.5  1.73968e-05
28  0.3  0.665294
28  0.4  0.791328
28  0.5  0.82874
28  0.7  0.704583
28  0.6  0.793377
28  0.8  0.611918
28  0.9  0.511135
26  11.0  1.33441e-05
28  1.0  0.427375
28  1.1  0.349017
28  1.2  0.282927
28  1.3  0.230279
28  1.4  0.185594
28  1.5  0.149003
28  1.6  0.121944
28  1.7  0.099432
28  1.8  0.0806485
28  1.9  0.0669069
28  2.0  0.0551856
28  2.5  0.0224692
28  3.0  0.0101301
28  3.5  0.00505593
26  11.5  9.98867e-06
26  12.0  7.70392e-06
28  5.0  0.000863026
28  4.0  0.00264512
28  4.5  0.00146801
28  5.5  0.000537473
28  6.0  0.000332276
28  6.5  0.000217582
28  7.5  0.000100024
28  7.0  0.000148638
28  8.0  6.94434e-05
28  9.5  2.67102e-05
28  9.0  3.54067e-05
28  8.5  4.96505e-05
28  10.0  1.94499e-05
30  0.2  0.42696
28  10.5  1.43303e-05
28  11.5  8.56058e-06
30  0.3  0.602985
30  0.4  0.706528
30  0.5  0.720355
30  0.6  0.672274
30  0.7  0.595368
30  0.8  0.497092
30  0.9  0.420332
30  1.0  0.344998
30  1.1  0.282064
30  1.2  0.227768
30  1.3  0.18248
30  1.4  0.147311
30  1.5  0.11964
30  1.7  0.0789201
30  1.6  0.0969232
28  11.0  1.08277e-05
30  1.8  0.0637392
30  1.9  0.0529036
30  2.0  0.0441192
30  2.5  0.0175361
30  3.0  0.0080672
30  3.5  0.00392611
30  4.0  0.00207041
28  12.0  6.63216e-06
30  4.5  0.00113136
30  5.0  0.000683775
30  5.5  0.000414544
30  7.0  0.000116339
30  6.0  0.000266933
30  7.5  7.80249e-05
30  6.5  0.000169123
30  8.0  5.59061e-05
30  8.5  3.88421e-05
30  10.5  1.16508e-05
30  9.0  2.80173e-05
30  9.5  2.03671e-05
32  0.2  0.381272
30  10.0  1.52161e-05
32  0.3  0.520538
32  0.4  0.584109
32  0.5  0.57567
32  0.6  0.52054
32  0.7  0.452384
30  11.0  8.78444e-06
32  0.8  0.383149
32  0.9  0.31321
32  1.0  0.254925
32  1.2  0.167575
32  1.1  0.206385
32  1.3  0.132103
32  1.4  0.105902
32  1.5  0.0877964
32  1.6  0.0700585
32  1.7  0.0574155
32  1.8  0.0458389
32  1.9  0.0380332
32  2.0  0.0313903
30  11.5  6.56783e-06
32  2.5  0.0126653
32  3.0  0.0054908
32  3.5  0.00280326
30  12.0  5.04533e-06
32  4.5  0.00082342
32  4.0  0.00149065
32  5.0  0.000471861
32  5.5  0.000289855
32  6.0  0.000186146
32  6.5  0.000120919
32  7.0  8.16409e-05
32  7.5  5.50439e-05
32  8.0  3.86824e-05
32  8.5  2.73798e-05
32  9.0  1.98273e-05
32  9.5  1.4321e-05
32  11.5  4.61687e-06
34  0.2  0.322829
34  0.3  0.419782
32  10.0  1.07678e-05
34  0.4  0.435281
34  0.5  0.40896
34  0.6  0.368282
32  10.5  7.98658e-06
34  0.7  0.311828
34  0.8  0.254585
34  0.9  0.209831
34  1.0  0.168797
34  1.2  0.109675
34  1.1  0.138355
34  1.4  0.0696042
34  1.3  0.0880667
32  11.0  6.16196e-06
34  1.5  0.0564926
34  1.7  0.0372973
34  1.8  0.0299619
34  1.6  0.0455793
34  1.9  0.0247707
34  2.0  0.0203016
34  2.5  0.00833521
34  3.5  0.00179141
34  3.0  0.003726
32  12.0  3.61505e-06
34  4.5  0.000528162
34  4.0  0.000961514
34  5.5  0.00019185
34  5.0  0.000310775
34  6.0  0.000120717
34  6.5  7.91065e-05
34  7.0  5.37223e-05
34  7.5  3.59051e-05
34  8.0  2.50696e-05
34  8.5  1.76969e-05
34  10.0  6.84422e-06
34  9.0  1.29252e-05
34  9.5  9.3512e-06
34  11.0  3.93477e-06
4  0.2  0.562316
4  0.3  0.812943
4  0.4  1.01391
4  0.5  1.14423
4  0.6  1.16402
34  10.5  5.32226e-06
4  0.7  1.09464
4  0.8  0.981237
4  0.9  0.856992
4  1.0  0.729011
4  1.1  0.610526
4  1.2  0.504268
4  1.3  0.421137
4  1.5  0.283959
4  1.4  0.341336
4  1.6  0.230651
4  1.7  0.189734
4  1.8  0.155927
4  2.0  0.107559
4  1.9  0.128989
4  2.5  0.0444034
4  3.0  0.0202076
4  3.5  0.00991292
34  11.5  3.00976e-06
34  12.0  2.30364e-06
4  4.5  0.00295638
4  5.0  0.00175135
4  5.5  0.0010828
4  4.0  0.00525612
4  6.0  0.000673164
4  7.5  0.00020747
4  8.0  0.000143619
4  6.5  0.000454466
4  7.0  0.000293319
4  8.5  0.000103181
4  9.0  7.22615e-05
4  9.5  5.45522e-05
4  10.0  4.01967e-05
6  0.2  0.558373
6  0.3  0.820612
6  0.4  1.03202
6  0.5  1.12936
4  10.5  3.00893e-05
6  0.6  1.16168
6  0.7  1.0862
6  0.8  0.974243
6  0.9  0.855257
6  1.1  0.607372
6  1.0  0.724325
6  1.2  0.501874
6  1.3  0.41445
6  1.4  0.337099
6  1.5  0.273576
6  1.6  0.228489
6  1.7  0.190241
4  11.0  2.19534e-05
6  1.9  0.127572
6  1.8  0.154858
6  2.0  0.106357
6  2.5  0.0439557
6  3.5  0.00985626
6  3.0  0.0198894
4  11.5  1.71704e-05
4  12.0  1.31063e-05
6  4.5  0.00292629
6  5.0  0.00168457
6  5.5  0.00105561
6  4.0  0.00521558
6  7.5  0.000199637
6  6.0  0.000661978
6  7.0  0.000290146
6  6.5  0.000432443
6  8.0  0.00013692
6  8.5  9.8625e-05
6  9.0  7.34929e-05
6  9.5  5.374e-05
6  10.0  3.90594e-05
6  11.5  1.71803e-05
8  0.2  0.559837
6  10.5  2.91011e-05
8  0.3  0.808443
8  0.4  1.00804
8  0.5  1.12941
8  0.7  1.07454
8  0.6  1.15511
8  0.8  0.974301
8  0.9  0.836418
8  1.0  0.720239
8  1.1  0.600626
8  1.3  0.404722
8  1.2  0.495642
6  11.0  2.21719e-05
8  1.4  0.332787
8  1.5  0.279339
8  1.6  0.228494
8  1.7  0.183256
8  1.8  0.15311
8  1.9  0.123341
8  2.5  0.0432199
8  2.0  0.105251
8  3.0  0.0197169
8  3.5  0.00979983
6  12.0  1.33199e-05
8  4.5  0.00288411
8  5.5  0.00103808
8  5.0  0.00168579
8  4.0  0.00512917
8  6.0  0.000660161
8  7.0  0.000291698
8  6.5  0.000426373
8  7.5  0.000197318
8  8.0  0.000136932
8  8.5  9.78027e-05
8  9.0  7.07986e-05
8  9.5  5.15764e-05
8  11.5  1.70463e-05
8  10.0  3.95632e-05
8  10.5  2.87297e-05
8  11.0  2.17811e-05
8  12.0  1.29096e-05
