# diffractive D0 cross section, Pb target, KniehlKramer fragmentation, An0n channel
# generated      : 2026-10-04 12:42:18 EEST
# flux_model     : EFF (TARGET=AA)
# scale_factor   : 2.0 (fragmentation scale Q = SCALE_FACTOR * m_T)
# calls          : 1e5 (VEGAS calls per point, see CALLS_EXCL/CALLS_EXCL_FACTORIZED/CALLS_DIFF)
# dipole samples : data/Pb/mve/glauber_mve_<b>
# pD0 sweep      : 0.2 0.3 0.4 0.5 0.6 0.7 0.8 0.9 1.0 1.1 1.2 1.3 1.4 1.5 1.6 1.7 1.8 1.9 2.0 2.5 3.0 3.5 4.0 4.5 5.0 5.5 6.0 6.5 7.0 7.5 8.0 8.5 9.0 9.5 10.0 10.5 11.0 11.5 12.0
# fixed rapidity y : -3.0
# ============================================================
# b  pD0  dsigma_dyd2pD0
0  0.4  3.17989
0  0.9  1.33933
0  0.5  2.76143
0  0.7  2.02845
0  1.1  0.867264
0  1.2  0.678015
0  0.2  3.8367
0  0.6  2.4169
0  0.3  3.49777
0  1.0  1.09153
0  1.3  0.540393
0  0.8  1.67448
0  1.4  0.433077
0  1.5  0.341875
0  1.8  0.172986
0  1.6  0.271277
0  1.7  0.216349
0  1.9  0.13823
0  2.5  0.039741
0  2.0  0.110998
0  5.0  0.000790996
0  4.0  0.00320407
0  3.0  0.015958
0  9.5  5.99252e-06
0  3.5  0.0068973
0  4.5  0.00157128
0  5.5  0.000429201
10  0.2  3.70129
10  0.3  3.3098
10  0.4  3.01569
0  6.0  0.000235844
0  6.5  0.000128671
10  0.5  2.7391
0  7.0  7.70903e-05
0  11.5  8.76432e-07
0  9.0  9.62242e-06
0  8.5  1.62576e-05
0  8.0  2.68432e-05
0  7.5  4.51116e-05
10  0.6  2.33599
10  0.7  1.96919
10  0.8  1.58967
10  0.9  1.30064
10  1.2  0.65177
10  1.0  1.04493
10  1.1  0.838736
10  1.4  0.408673
10  1.3  0.524311
10  1.5  0.327964
10  1.7  0.207596
10  1.6  0.261082
10  1.8  0.165324
10  1.9  0.129465
10  2.0  0.107189
10  2.5  0.0384622
0  10.0  3.74302e-06
0  10.5  2.28671e-06
0  11.0  1.41193e-06
10  4.0  0.00304923
0  12.0  5.42648e-07
10  5.0  0.000688135
10  3.0  0.0151223
10  3.5  0.00657579
10  4.5  0.00149075
10  5.5  0.000409082
12  0.2  3.73251
10  6.0  0.000225584
10  10.0  3.51467e-06
10  6.5  0.000126913
12  0.3  3.39232
10  7.0  7.33608e-05
12  0.4  3.05434
12  0.5  2.69641
10  7.5  4.3113e-05
10  11.5  8.25757e-07
12  0.6  2.32594
10  9.0  9.33768e-06
12  0.7  1.9386
12  0.8  1.59162
12  0.9  1.29131
12  1.0  0.981614
10  8.0  2.56563e-05
12  1.1  0.79725
12  1.2  0.649778
12  1.3  0.510559
12  1.4  0.407157
12  1.5  0.321478
12  1.6  0.250024
10  8.5  1.54094e-05
12  1.8  0.161533
12  1.7  0.202618
12  1.9  0.129494
12  2.0  0.104362
12  2.5  0.0375093
10  9.5  5.73601e-06
10  10.5  2.16895e-06
10  11.0  1.31965e-06
12  4.0  0.00296117
10  12.0  5.122e-07
12  3.0  0.0148294
12  3.5  0.0064349
12  4.5  0.00142272
12  5.0  0.000747781
12  5.5  0.000400398
14  0.2  3.67759
12  6.0  0.000219147
14  0.3  3.33444
12  6.5  0.00012414
12  7.0  7.14374e-05
14  0.4  2.98706
12  9.0  8.94189e-06
12  7.5  4.21494e-05
14  0.5  2.65238
14  0.6  2.27949
14  0.7  1.89951
12  11.5  8.0448e-07
14  0.8  1.55969
12  8.0  2.49512e-05
14  0.9  1.239
14  1.0  0.999766
14  1.2  0.631092
14  1.1  0.804013
14  1.3  0.502351
14  1.4  0.389985
14  1.5  0.306164
12  8.5  1.50434e-05
14  1.6  0.246538
14  1.7  0.197153
14  1.9  0.126396
14  1.8  0.157686
14  2.0  0.101445
14  2.5  0.036425
12  9.5  5.59957e-06
12  10.0  3.44843e-06
12  10.5  2.11232e-06
12  11.0  1.30486e-06
14  4.0  0.00288811
14  4.5  0.00138369
12  12.0  5.00906e-07
14  5.0  0.000675134
14  5.5  0.000386251
14  3.0  0.0144265
14  3.5  0.00622237
14  9.0  8.86984e-06
16  0.2  3.5665
14  6.0  0.000214009
16  0.3  3.28466
16  0.4  2.95539
14  10.5  2.06067e-06
14  6.5  0.000120217
16  0.5  2.60379
14  7.0  6.96796e-05
16  0.6  2.23214
14  7.5  4.06985e-05
16  0.7  1.86308
14  11.5  7.77069e-07
16  0.8  1.52335
16  1.1  0.780117
16  0.9  1.23115
14  8.0  2.43888e-05
16  1.0  0.984875
16  1.2  0.619242
16  1.3  0.486632
16  1.4  0.37858
16  1.5  0.300131
16  1.6  0.240248
16  1.7  0.190988
16  1.8  0.152153
14  8.5  1.46278e-05
16  1.9  0.122183
16  2.0  0.0976514
16  2.5  0.0350559
14  12.0  4.85848e-07
14  9.5  5.44558e-06
14  10.0  3.33778e-06
14  11.0  1.27394e-06
16  3.0  0.0139166
16  5.0  0.000694915
16  5.5  0.000373894
16  3.5  0.00601141
16  4.0  0.00277754
16  4.5  0.00136279
18  0.2  3.52987
16  10.0  3.21957e-06
16  6.0  0.000205622
18  0.3  3.20967
16  6.5  0.000116422
18  0.4  2.90744
18  0.5  2.53696
16  11.5  7.57482e-07
16  7.0  6.68436e-05
18  0.6  2.16852
18  0.7  1.80879
16  9.0  8.58716e-06
16  7.5  3.91694e-05
18  0.8  1.45154
16  9.5  5.12429e-06
16  8.0  2.26643e-05
18  0.9  1.17312
18  1.0  0.932559
18  1.2  0.582824
18  1.1  0.743791
18  1.3  0.45567
18  1.4  0.369279
16  8.5  1.4121e-05
18  1.5  0.292614
18  1.6  0.231555
18  1.7  0.184021
18  2.0  0.094056
18  1.8  0.145849
18  1.9  0.116989
18  2.5  0.0335443
16  12.0  4.70521e-07
16  11.0  1.22481e-06
16  10.5  1.98862e-06
18  7.5  3.74161e-05
18  4.0  0.00265282
18  3.0  0.0132598
18  8.0  2.23169e-05
18  9.0  8.14273e-06
18  3.5  0.00567276
2  0.2  3.84268
18  4.5  0.00129772
2  0.3  3.4967
18  5.0  0.000666586
18  5.5  0.000346033
2  0.4  3.15665
18  6.0  0.000196052
2  0.5  2.808
18  6.5  0.000110672
18  11.0  1.17467e-06
18  7.0  6.3581e-05
2  0.6  2.4146
18  11.5  7.2093e-07
2  0.8  1.63582
2  0.7  2.03053
2  0.9  1.35614
2  1.1  0.854551
2  1.0  1.07129
2  1.2  0.685956
2  1.3  0.544089
2  1.4  0.432319
18  8.5  1.34498e-05
2  1.5  0.341944
2  1.6  0.271492
2  1.7  0.215788
2  1.8  0.172357
2  1.9  0.137973
2  2.0  0.111709
2  2.5  0.0401625
18  9.5  4.86391e-06
18  10.0  3.08121e-06
18  10.5  1.85007e-06
18  12.0  4.48501e-07
2  4.0  0.0031925
2  5.0  0.000781341
2  3.0  0.0158651
2  3.5  0.00674389
2  4.5  0.0015311
2  5.5  0.000428676
20  0.2  3.34983
2  6.0  0.000236279
2  6.5  0.000132971
20  0.3  3.11965
2  7.0  7.67687e-05
20  0.4  2.79045
20  0.5  2.46346
2  11.5  8.71356e-07
20  0.6  2.09631
2  7.5  4.49407e-05
20  0.7  1.74178
2  8.0  2.69068e-05
20  0.8  1.42088
20  0.9  1.14523
2  10.0  3.71297e-06
20  1.0  0.910354
20  1.2  0.568758
20  1.1  0.717632
20  1.3  0.446667
2  8.5  1.61081e-05
20  1.4  0.352681
20  1.5  0.277881
20  1.7  0.172256
20  1.8  0.139287
20  1.6  0.219518
20  1.9  0.110448
20  2.0  0.0873069
2  9.0  9.86569e-06
20  2.5  0.0319119
2  12.0  5.36639e-07
2  9.5  6.01802e-06
2  10.5  2.26927e-06
2  11.0  1.41537e-06
20  4.5  0.00121718
20  3.0  0.0126048
20  3.5  0.00527604
20  4.0  0.00245999
20  5.0  0.000632149
22  0.2  3.32662
20  5.5  0.000336739
22  0.3  2.94455
20  6.0  0.000183953
20  6.5  0.000104586
22  0.4  2.66431
20  7.0  6.04745e-05
22  0.5  2.36711
20  7.5  3.53653e-05
22  0.6  2.00084
20  11.5  6.75593e-07
22  0.7  1.65391
20  8.0  2.10766e-05
22  0.8  1.32795
22  0.9  1.07006
22  1.0  0.858473
22  1.1  0.678566
22  1.2  0.533316
20  8.5  1.27116e-05
22  1.3  0.419926
22  1.4  0.321471
22  1.5  0.260538
22  1.6  0.206291
22  1.7  0.163226
20  9.0  7.68983e-06
22  1.8  0.125256
22  1.9  0.102685
22  2.0  0.0825548
20  9.5  4.68922e-06
22  2.5  0.0297569
20  10.0  2.90185e-06
20  10.5  1.73495e-06
20  11.0  1.07223e-06
20  12.0  4.22556e-07
22  4.5  0.00110972
22  4.0  0.00233656
22  5.0  0.000585215
22  5.5  0.00030307
22  8.5  1.17829e-05
22  3.0  0.0116991
22  3.5  0.00504004
24  0.2  3.16745
22  10.0  2.69282e-06
24  0.3  2.87003
24  0.4  2.5404
22  6.0  0.000171293
22  6.5  9.73686e-05
24  0.5  2.22405
22  7.0  5.60083e-05
24  0.6  1.87798
24  0.7  1.55296
24  0.8  1.2504
22  7.5  3.29895e-05
24  1.0  0.78003
24  0.9  1.00839
24  1.1  0.618095
22  8.0  1.95545e-05
24  1.3  0.378221
24  1.2  0.494322
24  1.4  0.303088
24  1.6  0.185505
24  1.5  0.238467
24  1.7  0.149431
24  2.0  0.0751185
24  1.8  0.119389
24  1.9  0.0946621
22  9.0  7.05117e-06
24  2.5  0.0263444
22  9.5  4.36965e-06
22  12.0  3.92126e-07
22  10.5  1.65569e-06
22  11.0  1.027e-06
22  11.5  6.31073e-07
24  5.0  0.000527715
24  6.0  0.000151657
24  4.0  0.00213219
24  5.5  0.000284823
24  8.5  1.06707e-05
24  3.0  0.0104951
24  3.5  0.00455423
24  4.5  0.00103152
26  0.2  2.98005
26  0.3  2.70114
26  0.4  2.40073
24  11.0  9.08787e-07
24  6.5  8.84193e-05
26  0.5  2.02669
24  7.0  5.0235e-05
24  11.5  5.66666e-07
26  0.7  1.41833
26  0.6  1.73274
24  7.5  2.99619e-05
26  0.8  1.15082
24  9.5  3.97222e-06
26  0.9  0.906019
26  1.0  0.714303
24  10.0  2.43966e-06
26  1.1  0.570017
26  1.2  0.429431
26  1.3  0.344289
24  8.0  1.77227e-05
26  1.4  0.271567
26  1.6  0.165646
26  1.5  0.214096
26  1.8  0.105711
26  1.7  0.132805
26  1.9  0.0844804
26  2.0  0.0675562
26  2.5  0.0236512
24  9.0  6.41364e-06
24  12.0  3.43449e-07
24  10.5  1.51424e-06
26  3.0  0.0093523
26  4.0  0.00187198
26  4.5  0.000917033
26  5.0  0.000468873
26  6.0  0.000138026
26  3.5  0.00406179
26  9.0  5.63095e-06
28  0.2  2.7163
28  0.3  2.43444
26  5.5  0.000243356
28  0.4  2.15334
26  11.0  8.2296e-07
26  6.5  7.76901e-05
28  0.5  1.85227
26  11.5  5.03381e-07
26  7.0  4.47663e-05
28  0.6  1.535
28  0.7  1.24842
28  0.8  1.00162
26  7.5  2.62228e-05
28  0.9  0.786284
28  1.0  0.619834
28  1.1  0.477418
26  8.0  1.55984e-05
26  10.0  2.15001e-06
28  1.2  0.379195
28  1.3  0.296568
28  1.4  0.228106
28  1.6  0.139667
28  1.5  0.182237
26  8.5  9.41745e-06
28  1.7  0.112119
28  1.8  0.0885071
28  1.9  0.0710659
28  2.0  0.0565559
28  2.5  0.0202173
26  9.5  3.49155e-06
26  10.5  1.32766e-06
28  3.0  0.00793429
26  12.0  3.12498e-07
28  5.0  0.000394328
28  4.0  0.00155757
28  8.5  7.69488e-06
28  9.0  4.78891e-06
28  3.5  0.00341272
30  0.2  2.40309
28  4.5  0.000769213
30  0.3  2.13713
28  5.5  0.00020809
30  0.4  1.80399
28  6.0  0.000115843
30  0.5  1.53577
28  7.0  3.69875e-05
28  6.5  6.5329e-05
30  0.6  1.2916
30  0.7  1.03548
30  0.8  0.812852
28  7.5  2.20416e-05
30  0.9  0.645939
28  9.5  2.9373e-06
30  1.0  0.497354
30  1.1  0.39246
28  8.0  1.29426e-05
30  1.2  0.304535
30  1.3  0.239285
30  1.4  0.182378
28  11.0  6.8714e-07
30  1.5  0.144172
30  1.6  0.113024
30  1.9  0.0564246
30  1.7  0.0895146
30  1.8  0.070814
30  2.0  0.0451364
30  2.5  0.0158691
28  10.0  1.7909e-06
28  10.5  1.07572e-06
28  11.5  4.17382e-07
30  3.0  0.00621585
30  5.0  0.000308179
28  12.0  2.62287e-07
30  6.5  5.09097e-05
30  4.0  0.00122873
30  9.0  3.73285e-06
30  3.5  0.00267988
30  8.0  1.0167e-05
32  0.2  1.97306
30  4.5  0.000601634
30  5.5  0.000164432
32  0.3  1.7229
30  6.0  8.91006e-05
32  0.4  1.48314
30  7.0  2.94184e-05
30  11.0  5.21767e-07
32  0.5  1.22661
32  0.6  0.995914
30  7.5  1.72496e-05
32  0.7  0.785838
30  11.5  3.32557e-07
32  0.8  0.613171
32  0.9  0.473442
30  10.0  1.41362e-06
32  1.0  0.371872
32  1.1  0.288733
32  1.2  0.222862
32  1.3  0.172303
30  8.5  6.148e-06
32  1.4  0.134418
32  1.5  0.104656
32  1.7  0.0639358
32  1.6  0.0821684
32  1.8  0.0511149
32  1.9  0.0406708
32  2.0  0.0324421
32  2.5  0.0113572
30  9.5  2.29024e-06
30  10.5  8.73132e-07
32  3.0  0.00435723
32  4.5  0.000422264
30  12.0  2.0307e-07
32  6.5  3.64493e-05
32  7.0  2.11287e-05
32  3.5  0.0018702
32  4.0  0.000881859
32  10.0  1.00727e-06
4  0.2  3.69173
32  5.5  0.000114851
32  5.0  0.000219934
32  6.0  6.441e-05
4  0.3  3.4621
4  0.4  3.15953
4  0.5  2.75431
32  9.0  2.68367e-06
32  7.5  1.22993e-05
4  0.6  2.37313
32  8.0  7.30513e-06
4  0.7  2.01936
4  0.8  1.66408
32  8.5  4.38046e-06
4  0.9  1.35272
4  1.1  0.858746
4  1.0  1.08182
4  1.2  0.686794
4  1.3  0.543705
4  1.4  0.431168
4  1.5  0.340263
4  1.6  0.270366
4  1.7  0.215017
4  1.8  0.170265
4  1.9  0.133897
4  2.0  0.109739
32  12.0  1.45767e-07
32  9.5  1.6345e-06
4  2.5  0.0398207
32  10.5  6.19612e-07
32  11.0  3.83473e-07
32  11.5  2.37376e-07
4  4.0  0.00315826
4  5.0  0.000800327
4  3.0  0.0158073
4  3.5  0.00684393
4  4.5  0.00153725
4  5.5  0.000425922
6  0.2  3.79464
4  6.0  0.000234318
4  10.0  3.67463e-06
6  0.3  3.47629
4  6.5  0.000132758
4  7.0  7.6597e-05
6  0.4  3.13906
6  0.5  2.76984
4  9.0  9.73116e-06
4  7.5  4.45793e-05
6  0.6  2.33756
4  11.5  8.49576e-07
6  0.7  1.99395
4  8.0  2.66485e-05
6  0.8  1.65457
6  0.9  1.33427
6  1.1  0.857052
4  8.5  1.56821e-05
6  1.0  1.07581
6  1.2  0.682884
6  1.3  0.540525
6  1.4  0.423402
6  1.5  0.332109
6  1.6  0.268219
6  1.7  0.213121
6  1.8  0.167915
6  1.9  0.136381
6  2.0  0.109933
6  2.5  0.0395565
4  9.5  5.92486e-06
4  10.5  2.22484e-06
4  11.0  1.40778e-06
4  12.0  5.36582e-07
6  4.0  0.00307557
6  5.0  0.000788282
6  3.0  0.0157059
6  3.5  0.00680238
6  4.5  0.00153395
6  5.5  0.000422091
8  0.2  3.76833
6  6.0  0.000227487
6  8.0  2.64238e-05
6  10.0  3.64026e-06
8  0.3  3.38625
6  6.5  0.000130538
6  7.0  7.56662e-05
8  0.4  3.12404
8  0.5  2.74642
8  0.6  2.33014
6  7.5  4.36195e-05
8  0.7  1.98566
6  11.5  8.56188e-07
8  0.8  1.64406
8  0.9  1.32917
8  1.1  0.848684
8  1.0  1.0762
8  1.2  0.663989
8  1.3  0.534945
8  1.4  0.424282
6  8.5  1.59002e-05
8  1.5  0.333268
8  1.6  0.265953
8  1.7  0.207722
8  1.8  0.16781
6  9.0  9.68394e-06
8  1.9  0.135303
8  2.0  0.108369
8  2.5  0.0383053
6  9.5  5.89956e-06
6  10.5  2.24981e-06
6  11.0  1.38703e-06
6  12.0  5.28324e-07
8  4.0  0.00304108
8  3.0  0.0153015
8  3.5  0.00649297
8  4.5  0.00149985
8  5.0  0.000780265
8  5.5  0.000417297
8  6.0  0.000229044
8  10.0  3.57745e-06
8  6.5  0.000129206
8  7.0  7.27185e-05
8  7.5  4.3902e-05
8  9.5  5.76977e-06
8  11.5  8.48658e-07
8  8.0  2.60897e-05
8  8.5  1.5378e-05
8  9.0  9.56147e-06
8  12.0  5.24481e-07
8  10.5  2.21381e-06
8  11.0  1.37103e-06
