# diffractive D0 cross section, Pb target, LHAPDF fragmentation, An0n channel
# generated      : 2026-08-20 11:05:22 EEST
# calls          : 1e5 (VEGAS calls per point, see CALLS_EXCL/CALLS_EXCL_FACTORIZED/CALLS_DIFF)
# dipole samples : data/Pb/bk_posterior/member_0079/glauber_mve_<b>
# pD0 sweep      : 0.2 0.3 0.4 0.5 0.6 0.7 0.8 0.9 1.0 1.1 1.2 1.3 1.4 1.5 1.6 1.7 1.8 1.9 2.0 2.5 3.0 3.5 4.0 4.5 5.0 5.5 6.0 6.5 7.0 7.5 8.0 8.5 9.0 9.5 10.0 10.5 11.0 11.5 12.0
# fixed rapidity y : 2.0
# ============================================================
# b  pD0  dsigma_dyd2pD0
0  0.4  0.406876
0  0.2  0.224686
0  0.3  0.326978
0  0.5  0.434733
0  0.6  0.424031
0  0.7  0.394177
0  0.8  0.338538
0  0.9  0.284049
0  1.0  0.23097
0  1.1  0.185582
0  1.2  0.148224
0  1.3  0.117826
0  1.4  0.0927109
0  1.6  0.0575472
0  1.5  0.0731721
0  1.7  0.0457792
0  1.8  0.0364658
0  2.0  0.0231317
0  1.9  0.028421
0  2.5  0.00798886
0  3.5  0.00127478
0  3.0  0.00311665
0  4.5  0.000274825
0  5.0  0.000144924
0  4.0  0.000583725
0  5.5  7.67257e-05
0  6.0  4.16418e-05
0  6.5  2.39617e-05
0  7.0  1.39747e-05
0  7.5  8.54121e-06
0  8.0  5.29749e-06
0  10.0  9.20945e-07
0  8.5  3.23106e-06
0  9.0  2.1487e-06
0  9.5  1.39175e-06
10  0.2  0.217643
10  0.3  0.323324
10  0.4  0.395949
10  0.5  0.430139
0  10.5  6.16423e-07
10  0.6  0.412048
10  0.7  0.383319
10  0.8  0.326754
10  0.9  0.272659
10  1.0  0.22329
10  1.1  0.17883
10  1.2  0.142978
10  1.3  0.111947
10  1.4  0.0891442
10  1.6  0.0548613
10  1.5  0.0699829
10  1.7  0.0439531
10  1.8  0.0347628
0  11.0  4.10563e-07
10  1.9  0.0278287
10  2.0  0.0221102
10  2.5  0.007562
10  3.0  0.00284516
10  3.5  0.00123428
0  11.5  2.80248e-07
0  12.0  1.94952e-07
10  4.0  0.000551875
10  4.5  0.000267317
10  5.0  0.000134636
10  5.5  7.18493e-05
10  6.0  3.95825e-05
10  7.0  1.33554e-05
10  6.5  2.29677e-05
10  7.5  7.95273e-06
10  8.0  5.06636e-06
10  9.5  1.33079e-06
10  8.5  3.16816e-06
10  9.0  2.01936e-06
10  10.0  8.87947e-07
10  11.0  3.92943e-07
12  0.2  0.216802
12  0.3  0.325174
12  0.4  0.400464
12  0.5  0.424028
12  0.6  0.406264
10  10.5  5.87295e-07
12  0.7  0.376051
12  0.8  0.324851
12  0.9  0.26884
12  1.0  0.218874
12  1.2  0.139897
12  1.1  0.175418
12  1.3  0.111683
12  1.5  0.0694418
12  1.4  0.0870445
12  1.6  0.0541636
12  1.7  0.0426697
12  2.0  0.0212611
12  1.8  0.0338189
12  1.9  0.026914
12  3.0  0.00278006
12  2.5  0.0074073
12  3.5  0.00117363
10  11.5  2.66947e-07
10  12.0  1.88332e-07
12  4.0  0.000516434
12  4.5  0.000252634
12  5.0  0.000133755
12  5.5  7.02891e-05
12  6.0  3.86732e-05
12  6.5  2.24054e-05
12  7.0  1.31384e-05
12  8.5  3.09507e-06
12  7.5  7.16028e-06
12  8.0  4.94946e-06
12  9.0  1.96986e-06
12  9.5  1.2831e-06
12  10.5  5.69885e-07
14  0.2  0.215382
12  10.0  8.63021e-07
14  0.3  0.318803
14  0.4  0.389853
12  11.0  3.86445e-07
14  0.5  0.417697
14  0.6  0.407937
14  0.7  0.370405
14  0.8  0.317463
14  0.9  0.265195
14  1.0  0.21442
14  1.1  0.173086
12  11.5  2.60685e-07
14  1.2  0.137008
14  1.3  0.107981
14  1.4  0.0844511
14  1.5  0.0658515
14  1.6  0.0527634
14  1.7  0.0413814
14  1.9  0.0262227
14  1.8  0.0331793
14  2.0  0.0209079
14  3.0  0.00267645
14  2.5  0.00715304
14  3.5  0.00112659
12  12.0  1.85693e-07
14  4.0  0.000524331
14  4.5  0.000253382
14  5.0  0.000126514
14  5.5  6.84188e-05
14  6.0  3.78511e-05
14  7.0  1.28023e-05
14  6.5  2.14703e-05
14  7.5  7.4794e-06
14  8.0  4.75848e-06
14  8.5  3.04648e-06
14  9.0  1.94103e-06
14  10.5  5.50113e-07
14  9.5  1.24406e-06
14  10.0  8.0947e-07
16  0.2  0.218367
16  0.3  0.311804
16  0.4  0.383285
16  0.5  0.413723
16  0.6  0.4001
16  0.7  0.360948
16  0.8  0.312016
16  0.9  0.254746
16  1.0  0.209643
16  1.1  0.166993
16  1.3  0.103173
16  1.2  0.132927
16  1.4  0.0823884
16  1.5  0.0645748
16  1.6  0.0505021
14  11.0  3.73834e-07
16  1.8  0.0323196
16  1.7  0.0406435
16  1.9  0.0253105
16  2.5  0.00707039
16  2.0  0.0203142
16  3.0  0.00262169
16  3.5  0.00110555
14  11.5  2.52181e-07
14  12.0  1.73676e-07
16  4.0  0.000509488
16  4.5  0.000244377
16  5.0  0.000121206
16  5.5  6.68436e-05
16  6.0  3.6328e-05
16  6.5  2.08201e-05
16  7.0  1.21455e-05
16  7.5  7.42388e-06
16  8.0  4.50647e-06
16  9.5  1.22312e-06
16  8.5  2.87469e-06
16  10.5  5.24249e-07
16  9.0  1.8465e-06
16  11.0  3.60988e-07
16  10.0  7.98645e-07
18  0.2  0.212675
18  0.3  0.30926
18  0.4  0.378281
18  0.5  0.405718
18  0.6  0.389685
18  0.7  0.352192
18  0.8  0.296872
18  0.9  0.247593
18  1.0  0.202378
18  1.2  0.128173
18  1.1  0.160567
18  1.3  0.101471
18  1.4  0.0800333
18  1.5  0.0625382
18  1.6  0.0500623
18  1.7  0.0391651
18  1.9  0.0239371
18  1.8  0.0307405
18  2.5  0.00665385
18  2.0  0.0193981
18  3.0  0.00250288
18  3.5  0.0010603
16  11.5  2.48363e-07
16  12.0  1.68678e-07
18  5.0  0.000119511
18  4.0  0.000478598
18  4.5  0.000233321
18  6.5  2.00139e-05
18  5.5  6.26307e-05
18  6.0  3.4403e-05
18  7.0  1.14031e-05
18  7.5  7.1549e-06
18  9.5  1.1545e-06
18  8.0  4.4145e-06
18  8.5  2.77423e-06
18  9.0  1.78602e-06
18  11.0  3.48999e-07
2  0.2  0.220634
18  10.0  7.40057e-07
2  0.3  0.326923
2  0.4  0.401467
2  0.5  0.432946
2  0.6  0.425817
2  0.7  0.389555
2  0.8  0.335021
18  10.5  5.15048e-07
2  0.9  0.283929
2  1.0  0.229362
18  11.5  2.31834e-07
2  1.1  0.185228
2  1.2  0.147579
2  1.3  0.120016
2  1.4  0.0927657
2  1.5  0.0728871
2  1.7  0.0458496
2  1.6  0.0578232
2  1.9  0.0292029
2  1.8  0.0364263
2  2.0  0.0229469
2  2.5  0.007908
2  3.0  0.00298027
2  3.5  0.00125071
18  12.0  1.60629e-07
2  5.0  0.000142496
2  4.0  0.000574059
2  4.5  0.000282474
2  5.5  7.54238e-05
2  6.0  4.0843e-05
2  6.5  2.41411e-05
2  7.0  1.39546e-05
2  7.5  8.6006e-06
2  8.0  5.28775e-06
2  10.0  9.24086e-07
2  8.5  3.3117e-06
2  9.0  2.09742e-06
2  9.5  1.33567e-06
20  0.2  0.210602
20  0.3  0.311099
20  0.4  0.370244
2  10.5  6.23108e-07
20  0.5  0.392168
20  0.6  0.381493
20  0.7  0.339333
20  0.8  0.290427
20  0.9  0.237825
20  1.0  0.193775
2  11.5  2.86825e-07
20  1.1  0.154648
20  1.2  0.122187
2  11.0  4.08657e-07
20  1.4  0.0756008
20  1.3  0.0962826
20  1.5  0.0590848
20  1.6  0.0456102
20  1.7  0.036223
20  1.8  0.0290637
20  1.9  0.02293
20  2.5  0.00618954
20  2.0  0.0185504
20  3.0  0.00237258
20  3.5  0.00101129
2  12.0  1.97151e-07
20  4.0  0.000455777
20  5.5  5.85459e-05
20  4.5  0.0002181
20  5.0  0.000111694
20  6.5  1.89782e-05
20  6.0  3.27787e-05
20  7.0  1.11363e-05
20  7.5  6.74886e-06
20  8.0  4.16485e-06
20  8.5  2.58468e-06
20  9.0  1.67784e-06
20  10.5  4.66577e-07
20  9.5  1.08035e-06
20  10.0  7.21118e-07
22  0.2  0.20968
22  0.3  0.300528
22  0.4  0.369071
22  0.5  0.384758
22  0.6  0.366687
22  0.7  0.326911
22  0.8  0.27718
22  0.9  0.223539
20  11.5  2.2314e-07
22  1.0  0.18369
22  1.1  0.145278
22  1.2  0.114582
22  1.3  0.0893087
22  1.5  0.0553649
22  1.4  0.0704451
22  1.6  0.0434458
22  1.8  0.0271927
22  1.7  0.0343058
22  1.9  0.0216974
22  2.0  0.0170267
22  2.5  0.00579183
20  11.0  3.20906e-07
22  3.0  0.00225724
22  3.5  0.000942891
20  12.0  1.50932e-07
22  5.0  0.00010715
22  4.0  0.000425038
22  4.5  0.000203226
22  6.0  3.03165e-05
22  6.5  1.74903e-05
22  5.5  5.48735e-05
22  8.5  2.41007e-06
22  7.0  1.04445e-05
22  7.5  6.16998e-06
22  9.0  1.54221e-06
22  8.0  3.81913e-06
22  9.5  1.01088e-06
22  10.0  6.72475e-07
24  0.2  0.200819
22  10.5  4.39486e-07
24  0.3  0.294771
24  0.4  0.350182
24  0.5  0.367595
24  0.6  0.345315
24  0.7  0.305871
24  0.8  0.259855
24  0.9  0.212643
24  1.0  0.170117
24  1.1  0.134254
22  11.0  3.04784e-07
24  1.2  0.106259
24  1.3  0.0823877
24  1.4  0.0645679
24  1.5  0.0501278
24  1.6  0.0400872
24  1.7  0.0315632
24  1.8  0.0249641
24  1.9  0.0197593
24  2.0  0.0155184
24  2.5  0.00550448
24  3.0  0.00202778
24  3.5  0.00085152
22  12.0  1.42004e-07
22  11.5  2.07076e-07
24  5.0  9.21345e-05
24  4.0  0.000386767
24  4.5  0.000183596
24  6.0  2.77897e-05
24  5.5  5.05388e-05
24  6.5  1.57144e-05
24  7.0  9.22186e-06
24  7.5  5.59094e-06
24  8.0  3.50506e-06
24  8.5  2.19448e-06
24  9.0  1.40176e-06
24  9.5  8.80179e-07
24  10.0  6.05151e-07
26  0.2  0.198228
26  0.3  0.281853
26  0.4  0.335254
24  10.5  4.02084e-07
26  0.5  0.344468
26  0.7  0.282885
26  0.6  0.321303
26  0.8  0.233331
26  0.9  0.191636
26  1.0  0.154406
26  1.1  0.121505
26  1.2  0.0953083
26  1.3  0.0745869
26  1.4  0.0596082
24  11.0  2.72429e-07
26  1.5  0.0453046
26  1.6  0.0355005
26  1.7  0.0279002
26  1.8  0.0226305
24  11.5  1.82726e-07
26  1.9  0.0175684
26  2.0  0.0135955
26  2.5  0.00469561
26  3.0  0.00176924
26  3.5  0.000745218
24  12.0  1.28021e-07
26  4.5  0.000163267
26  4.0  0.000336413
26  5.0  8.16353e-05
26  6.0  2.44412e-05
26  5.5  4.36283e-05
26  6.5  1.38375e-05
26  7.0  8.12436e-06
26  7.5  4.89675e-06
26  8.0  3.01136e-06
26  8.5  1.91772e-06
26  9.0  1.23086e-06
26  9.5  7.45451e-07
26  10.0  5.35174e-07
28  0.2  0.188597
28  0.3  0.264954
28  0.4  0.313354
26  10.5  3.54755e-07
28  0.5  0.312843
28  0.6  0.285802
28  0.7  0.2494
28  0.8  0.206827
28  0.9  0.166234
28  1.0  0.132489
28  1.2  0.081494
28  1.1  0.10541
28  1.3  0.0637799
28  1.4  0.0489863
28  1.5  0.0385771
28  1.6  0.0314645
28  1.7  0.0234698
28  1.8  0.0184026
28  1.9  0.0144788
28  2.0  0.0119086
28  2.5  0.0039342
28  3.0  0.00149657
26  11.0  2.35344e-07
28  3.5  0.00062158
26  11.5  1.65243e-07
26  12.0  1.07727e-07
28  4.0  0.000281671
28  5.0  6.85014e-05
28  4.5  0.000136068
28  6.0  2.01099e-05
28  5.5  3.70224e-05
28  8.0  2.55265e-06
28  6.5  1.18403e-05
28  7.0  6.9835e-06
28  7.5  4.10249e-06
28  8.5  1.61656e-06
28  9.0  1.02963e-06
28  9.5  6.80055e-07
28  10.0  4.44466e-07
30  0.2  0.175441
30  0.3  0.245098
30  0.4  0.276928
30  0.5  0.271632
30  0.6  0.245701
28  12.0  9.5677e-08
28  10.5  2.98871e-07
30  0.8  0.170702
30  0.7  0.20799
30  0.9  0.136565
30  1.0  0.107724
30  1.1  0.0840809
30  1.2  0.0653717
30  1.3  0.0519615
30  1.4  0.0390005
28  11.0  2.02728e-07
30  1.5  0.0304931
30  1.7  0.0185343
30  1.6  0.0235706
30  1.8  0.0145323
30  2.0  0.00934588
30  1.9  0.0114481
30  2.5  0.00321253
30  3.0  0.00117695
30  3.5  0.00049273
28  11.5  1.39004e-07
30  4.5  0.000105023
30  4.0  0.000226928
30  5.5  2.93103e-05
30  5.0  5.49115e-05
30  6.0  1.63081e-05
30  6.5  9.25166e-06
30  8.5  1.25811e-06
30  7.0  5.46951e-06
30  7.5  3.30422e-06
30  9.0  8.24446e-07
30  8.0  2.05287e-06
30  10.5  2.34375e-07
30  9.5  5.34952e-07
32  0.2  0.154147
32  0.3  0.209427
30  10.0  3.5398e-07
32  0.4  0.228749
32  0.5  0.216702
32  0.6  0.192358
32  0.7  0.15801
32  0.8  0.128712
32  0.9  0.101998
32  1.0  0.0785943
32  1.1  0.0620807
32  1.2  0.0474677
32  1.3  0.036522
32  1.5  0.0223104
32  1.4  0.0280032
32  1.6  0.0175736
32  1.7  0.0137355
32  1.8  0.0110563
32  1.9  0.00845411
32  2.0  0.00674619
30  11.0  1.57517e-07
30  12.0  7.4244e-08
32  3.0  0.000870177
32  2.5  0.00223832
32  3.5  0.000364614
30  11.5  1.05814e-07
32  4.5  7.73417e-05
32  4.0  0.000161386
32  5.0  3.93061e-05
32  5.5  1.98232e-05
32  7.0  3.9848e-06
32  6.0  1.12387e-05
32  6.5  6.59464e-06
32  7.5  2.31191e-06
32  9.0  5.89172e-07
32  8.0  1.43445e-06
32  8.5  9.12466e-07
32  9.5  3.81139e-07
32  10.0  2.3115e-07
34  0.2  0.129408
34  0.3  0.167985
34  0.4  0.171047
34  0.5  0.153192
34  0.6  0.131652
32  10.5  1.68109e-07
34  0.7  0.107313
34  0.8  0.0869131
34  0.9  0.0673693
34  1.0  0.0530478
34  1.1  0.0414014
34  1.2  0.0313976
34  1.3  0.024679
34  1.4  0.0185628
34  1.5  0.014671
32  11.0  1.13437e-07
34  1.7  0.00896195
34  1.6  0.0113348
34  1.8  0.00683176
34  1.9  0.00532461
34  2.0  0.00443961
34  3.0  0.000543091
34  2.5  0.00149279
34  3.5  0.000223778
32  11.5  7.79472e-08
32  12.0  5.31724e-08
34  5.0  2.62312e-05
34  4.0  0.000105766
34  4.5  4.84553e-05
34  6.0  7.33096e-06
34  5.5  1.33387e-05
34  6.5  4.18509e-06
34  7.0  2.4593e-06
34  8.0  9.38173e-07
34  7.5  1.53736e-06
34  8.5  5.89311e-07
34  9.0  3.7554e-07
34  9.5  2.43541e-07
4  0.2  0.219537
4  0.3  0.32695
34  10.0  1.59675e-07
4  0.4  0.410252
4  0.5  0.434446
4  0.6  0.419624
4  0.7  0.387878
4  0.8  0.338635
4  0.9  0.283229
4  1.1  0.185583
4  1.0  0.227446
4  1.2  0.147255
4  1.3  0.117018
34  10.5  1.07895e-07
4  1.4  0.0910529
4  1.5  0.0732135
4  1.6  0.0573364
4  1.7  0.0459907
4  1.8  0.0354796
4  1.9  0.0284104
4  2.0  0.0231158
34  11.0  7.24058e-08
4  2.5  0.00814331
4  3.0  0.0029703
4  3.5  0.00124145
34  11.5  4.89289e-08
34  12.0  3.31669e-08
4  5.0  0.000142845
4  4.0  0.000571229
4  4.5  0.00027633
4  5.5  7.43351e-05
4  6.0  4.19911e-05
4  6.5  2.39309e-05
4  7.0  1.40293e-05
4  7.5  8.48202e-06
4  8.0  5.22863e-06
4  8.5  3.2234e-06
4  10.0  9.10953e-07
4  9.0  2.1238e-06
4  9.5  1.39096e-06
6  0.2  0.219873
4  11.5  2.82073e-07
6  0.3  0.327551
6  0.4  0.403484
6  0.5  0.42854
4  10.5  6.10773e-07
6  0.6  0.418459
6  0.7  0.390185
6  0.9  0.275105
6  0.8  0.336134
6  1.1  0.182221
6  1.0  0.228742
6  1.2  0.146211
6  1.3  0.116295
6  1.4  0.0913913
6  1.5  0.0723892
6  1.7  0.0439489
6  1.6  0.0570465
4  11.0  4.14291e-07
6  1.8  0.0360814
6  2.0  0.0225632
6  1.9  0.0285541
6  2.5  0.00781267
6  3.0  0.00294181
6  3.5  0.00122814
4  12.0  1.93688e-07
6  4.0  0.000574372
6  4.5  0.000272118
6  5.0  0.000136664
6  5.5  7.48642e-05
6  6.0  4.09544e-05
6  6.5  2.39196e-05
6  7.0  1.3485e-05
6  7.5  8.44391e-06
6  8.5  3.29475e-06
6  8.0  5.29696e-06
6  9.5  1.39499e-06
6  10.0  9.01269e-07
6  9.0  2.11516e-06
6  11.0  3.97541e-07
8  0.2  0.219177
8  0.3  0.328575
6  10.5  6.08106e-07
8  0.4  0.404781
8  0.5  0.430536
8  0.6  0.416579
8  0.7  0.384443
8  0.8  0.333344
8  0.9  0.278139
8  1.0  0.226439
8  1.2  0.143631
8  1.1  0.181007
8  1.3  0.114906
8  1.4  0.0927976
8  1.5  0.0700961
8  1.6  0.0561492
8  1.7  0.0445728
8  1.8  0.0348103
8  1.9  0.0279612
8  2.0  0.0222367
8  2.5  0.00767556
8  3.0  0.00299392
8  3.5  0.00124786
6  11.5  2.77499e-07
6  12.0  1.87553e-07
8  4.0  0.000562072
8  4.5  0.000273215
8  5.0  0.000133958
8  5.5  7.33744e-05
8  6.0  4.02623e-05
8  6.5  2.26591e-05
8  7.0  1.38173e-05
8  7.5  8.34736e-06
8  8.0  5.15085e-06
8  10.0  8.68551e-07
8  8.5  3.26612e-06
8  9.0  2.07168e-06
8  9.5  1.35505e-06
8  10.5  5.90957e-07
8  11.0  3.98251e-07
8  11.5  2.72773e-07
8  12.0  1.89743e-07
