# diffractive D0 cross section, Pb target, LHAPDF fragmentation, An0n channel
# generated      : 2026-08-19 15:24:12 EEST
# calls          : 1e5 (VEGAS calls per point, see CALLS_EXCL/CALLS_EXCL_FACTORIZED/CALLS_DIFF)
# dipole samples : data/Pb/bk_posterior/member_0041/glauber_mve_<b>
# pD0 sweep      : 0.2 0.3 0.4 0.5 0.6 0.7 0.8 0.9 1.0 1.1 1.2 1.3 1.4 1.5 1.6 1.7 1.8 1.9 2.0 2.5 3.0 3.5 4.0 4.5 5.0 5.5 6.0 6.5 7.0 7.5 8.0 8.5 9.0 9.5 10.0 10.5 11.0 11.5 12.0
# fixed rapidity y : 3.0
# ============================================================
# b  pD0  dsigma_dyd2pD0
0  0.5  0.109648
0  0.2  0.05964
0  0.3  0.0869174
0  0.4  0.103976
0  0.6  0.105446
0  0.7  0.0933531
0  0.9  0.0628362
0  0.8  0.0778718
0  1.0  0.0502051
0  1.3  0.0239486
0  1.1  0.0393269
0  1.2  0.0304621
0  1.5  0.0141705
0  1.4  0.0184103
0  1.6  0.010817
0  1.8  0.00656038
0  1.7  0.00832093
0  2.0  0.00382606
0  1.9  0.00488454
0  3.0  0.000375893
0  2.5  0.00116664
0  3.5  0.00013739
0  4.5  2.24253e-05
0  4.0  5.37307e-05
0  5.0  9.56467e-06
0  5.5  4.35652e-06
0  6.0  1.96806e-06
0  6.5  9.83e-07
0  7.0  4.81616e-07
0  7.5  2.44598e-07
0  8.0  1.26676e-07
0  8.5  6.86987e-08
0  10.0  1.16253e-08
0  9.0  3.68069e-08
0  10.5  6.60043e-09
0  9.5  2.01214e-08
0  11.0  3.66976e-09
10  0.2  0.0596141
10  0.3  0.084963
10  0.4  0.103104
10  0.5  0.108128
10  0.6  0.10229
10  0.7  0.0903792
10  0.8  0.0760995
10  0.9  0.0612171
10  1.0  0.0487818
10  1.1  0.0381894
10  1.2  0.0294273
10  1.3  0.0224756
10  1.4  0.0172187
10  1.5  0.0132561
10  1.6  0.0103261
10  1.8  0.00630313
10  1.7  0.00793037
10  1.9  0.00483451
10  2.0  0.00371148
10  3.0  0.000361797
10  2.5  0.00110926
10  3.5  0.000132769
0  11.5  2.13938e-09
0  12.0  1.28587e-09
10  4.5  1.98485e-05
10  4.0  5.12558e-05
10  5.0  9.22084e-06
10  5.5  3.95564e-06
10  6.0  1.85663e-06
10  6.5  9.28907e-07
10  7.0  4.56064e-07
10  7.5  2.3968e-07
10  8.0  1.25252e-07
10  9.0  3.52416e-08
10  8.5  6.36472e-08
10  10.0  1.11628e-08
10  10.5  6.20604e-09
10  11.0  3.51671e-09
10  9.5  1.92707e-08
12  0.2  0.0581058
12  0.3  0.0856038
12  0.4  0.101805
12  0.5  0.107258
12  0.6  0.100616
12  0.7  0.089346
12  0.8  0.0745296
12  0.9  0.0601518
12  1.0  0.0479861
12  1.1  0.0375983
12  1.2  0.029064
12  1.3  0.021844
12  1.4  0.0170803
12  1.5  0.0131936
12  1.7  0.00770815
12  1.6  0.0101637
12  1.8  0.00606713
12  1.9  0.00466458
12  2.0  0.00362961
12  3.0  0.000354661
12  2.5  0.00106129
12  3.5  0.000125385
10  11.5  2.06354e-09
10  12.0  1.21563e-09
12  4.5  2.04801e-05
12  4.0  5.00264e-05
12  5.0  8.78972e-06
12  5.5  4.01991e-06
12  6.0  1.81892e-06
12  6.5  8.99374e-07
12  7.0  4.48661e-07
12  7.5  2.34774e-07
12  8.0  1.22583e-07
12  9.5  1.91216e-08
12  8.5  6.45334e-08
12  10.0  1.04447e-08
12  10.5  6.07287e-09
12  9.0  3.56089e-08
12  11.0  3.5083e-09
14  0.2  0.0587945
14  0.3  0.084577
14  0.4  0.100295
14  0.5  0.106237
14  0.6  0.10048
14  0.7  0.0880269
14  0.8  0.0729954
14  0.9  0.0591017
14  1.0  0.0463314
14  1.1  0.0366646
14  1.2  0.0283863
14  1.3  0.0219203
14  1.4  0.0167106
14  1.5  0.013187
14  1.6  0.00992177
14  1.7  0.00760559
14  1.8  0.00581394
14  1.9  0.00454429
14  2.0  0.00349525
14  2.5  0.00103282
14  3.0  0.000352587
14  3.5  0.000125403
12  11.5  2.03853e-09
12  12.0  1.18262e-09
14  5.0  8.50445e-06
14  4.5  2.02204e-05
14  4.0  4.88216e-05
14  5.5  3.79527e-06
14  6.0  1.82989e-06
14  6.5  8.75946e-07
14  7.0  4.43686e-07
14  7.5  2.26258e-07
14  8.5  6.23289e-08
14  9.0  3.39341e-08
14  8.0  1.17611e-07
14  10.5  5.93893e-09
14  11.0  3.40721e-09
14  9.5  1.80863e-08
16  0.2  0.0579559
16  0.3  0.0847513
14  11.5  1.9304e-09
14  10.0  1.0423e-08
16  0.4  0.0998093
16  0.5  0.104937
16  0.6  0.098309
16  0.7  0.086594
16  0.8  0.0718142
16  0.9  0.05774
16  1.0  0.0456907
16  1.1  0.0361074
16  1.2  0.0275235
16  1.3  0.021205
16  1.4  0.0161612
16  1.5  0.0125078
16  1.7  0.00757083
16  1.6  0.00960167
16  1.8  0.00573017
16  1.9  0.00440572
16  2.0  0.00340365
16  2.5  0.00101009
16  3.0  0.000333898
16  3.5  0.000119501
14  12.0  1.15425e-09
16  5.0  8.09304e-06
16  4.0  4.75196e-05
16  4.5  1.94782e-05
16  5.5  3.78762e-06
16  7.0  4.24564e-07
16  6.0  1.75882e-06
16  6.5  8.29027e-07
16  8.5  5.75286e-08
16  7.5  2.18545e-07
16  8.0  1.13031e-07
16  9.0  3.24543e-08
16  9.5  1.78794e-08
16  11.0  3.27262e-09
18  0.2  0.0572982
18  0.3  0.082819
16  11.5  1.90338e-09
16  10.5  5.63136e-09
18  0.4  0.0987852
18  0.5  0.1024
18  0.6  0.0968085
18  0.7  0.0839166
18  0.8  0.0696754
18  0.9  0.055975
16  10.0  1.01068e-08
18  1.0  0.0439533
18  1.1  0.0338767
18  1.2  0.0266918
18  1.4  0.0157467
18  1.3  0.0206197
18  1.6  0.00926824
18  1.5  0.0118983
18  1.7  0.00708529
18  1.8  0.005572
18  1.9  0.00432061
18  2.0  0.00328419
18  2.5  0.000978133
18  3.0  0.000320914
18  3.5  0.000115023
16  12.0  1.10721e-09
18  4.0  4.51043e-05
18  4.5  1.8177e-05
18  5.5  3.45627e-06
18  5.0  7.89025e-06
18  6.0  1.67262e-06
18  7.0  3.86029e-07
18  6.5  8.15384e-07
18  7.5  1.99959e-07
18  8.0  1.08403e-07
18  8.5  5.70921e-08
18  9.0  3.11189e-08
18  11.0  3.03989e-09
18  9.5  1.66852e-08
2  0.2  0.0594569
18  10.5  5.42921e-09
2  0.3  0.0856996
2  0.4  0.104857
2  0.5  0.109714
2  0.6  0.104615
18  10.0  9.62146e-09
2  0.7  0.093553
2  0.8  0.077996
2  0.9  0.0638246
2  1.0  0.0497696
2  1.1  0.0397341
2  1.2  0.0306122
2  1.3  0.0237041
2  1.4  0.0180536
2  1.5  0.0140573
2  1.6  0.0107685
2  1.8  0.00642688
2  1.7  0.0083621
2  1.9  0.00502885
2  2.0  0.00386651
2  2.5  0.0011398
2  3.0  0.000373684
2  3.5  0.000136566
18  11.5  1.81446e-09
18  12.0  1.04702e-09
2  4.5  2.2433e-05
2  4.0  5.29396e-05
2  5.0  9.6871e-06
2  5.5  4.32226e-06
2  6.0  1.98758e-06
2  6.5  9.70343e-07
2  7.0  4.71175e-07
2  7.5  2.46573e-07
2  8.0  1.30706e-07
2  8.5  6.76051e-08
2  10.0  1.14959e-08
2  9.0  3.7267e-08
2  10.5  6.55115e-09
2  11.0  3.70255e-09
2  9.5  2.07057e-08
20  0.2  0.0566112
20  0.3  0.0813541
20  0.4  0.0966462
20  0.5  0.100739
20  0.6  0.0940115
20  0.7  0.0813223
20  0.8  0.0673969
20  0.9  0.0537498
20  1.0  0.0417747
20  1.1  0.0328246
20  1.2  0.0252481
20  1.4  0.0150042
20  1.3  0.0196149
20  1.5  0.0117062
20  1.6  0.00870183
20  1.7  0.0066947
20  1.9  0.00400453
20  2.0  0.00312572
20  1.8  0.00517873
20  2.5  0.000922362
20  3.0  0.000303465
20  3.5  0.00010942
2  11.5  2.24914e-09
2  12.0  1.24489e-09
20  4.5  1.6623e-05
20  4.0  4.19317e-05
20  5.0  7.44016e-06
20  5.5  3.27528e-06
20  6.0  1.58892e-06
20  7.0  3.81068e-07
20  6.5  7.83051e-07
20  8.5  5.44834e-08
20  7.5  1.95345e-07
20  9.0  2.93765e-08
20  8.0  1.02132e-07
20  11.0  2.88043e-09
20  9.5  1.60667e-08
22  0.2  0.0556683
22  0.3  0.08008
22  0.4  0.0949132
20  10.0  9.0377e-09
22  0.6  0.0899012
22  0.5  0.0974883
22  0.7  0.0780179
22  0.8  0.0645986
22  0.9  0.050725
20  10.5  5.1769e-09
22  1.1  0.0309682
22  1.0  0.0400326
22  1.2  0.0238651
22  1.4  0.014129
22  1.3  0.0180581
22  1.6  0.00847212
22  1.5  0.0106189
22  1.7  0.0064763
22  1.8  0.0048442
22  2.0  0.00293766
22  1.9  0.00373437
22  2.5  0.000850071
22  3.0  0.000283516
22  3.5  0.000101653
20  11.5  1.72356e-09
20  12.0  1.0066e-09
22  4.5  1.64836e-05
22  4.0  3.92536e-05
22  6.0  1.48057e-06
22  5.0  6.98767e-06
22  5.5  3.2082e-06
22  6.5  7.09406e-07
22  7.0  3.45174e-07
22  7.5  1.82114e-07
22  9.5  1.45472e-08
22  8.0  9.61912e-08
22  8.5  4.88149e-08
22  10.0  8.26227e-09
22  9.0  2.67876e-08
22  10.5  4.74349e-09
22  11.0  2.73532e-09
24  0.2  0.0546329
24  0.3  0.0789667
24  0.4  0.091582
24  0.5  0.0928914
24  0.6  0.0855205
24  0.7  0.0727062
24  0.8  0.060327
24  0.9  0.0484204
24  1.0  0.0377906
24  1.1  0.0285718
24  1.2  0.0218143
24  1.3  0.0167495
24  1.4  0.0128209
22  11.5  1.60143e-09
24  1.6  0.00757234
24  1.5  0.00987508
24  1.7  0.00574264
24  1.8  0.00445614
24  1.9  0.00339239
24  2.0  0.00263532
24  3.0  0.000254033
24  2.5  0.000782166
24  3.5  9.43517e-05
22  12.0  9.37413e-10
24  5.0  6.19413e-06
24  4.5  1.4635e-05
24  4.0  3.50443e-05
24  5.5  2.92796e-06
24  7.5  1.67358e-07
24  6.0  1.36194e-06
24  6.5  6.51605e-07
24  8.0  8.75072e-08
24  7.0  3.26321e-07
24  9.0  2.45841e-08
24  8.5  4.63778e-08
24  9.5  1.35243e-08
24  11.0  2.54396e-09
24  10.0  7.84598e-09
26  0.2  0.0525254
26  0.3  0.0755742
26  0.4  0.0877112
26  0.5  0.0882249
26  0.6  0.079624
26  0.7  0.0677901
26  0.8  0.055403
26  0.9  0.0431245
26  1.0  0.0334562
24  10.5  4.33772e-09
26  1.1  0.0258312
26  1.2  0.0199181
26  1.3  0.0150075
26  1.4  0.0115251
26  1.5  0.00867247
26  1.6  0.00667274
26  1.7  0.00509317
26  1.9  0.00302175
26  1.8  0.00389536
26  2.5  0.000693817
26  2.0  0.00230359
26  3.0  0.000228516
26  3.5  7.88445e-05
24  11.5  1.45238e-09
24  12.0  8.28169e-10
26  5.5  2.39999e-06
26  4.0  3.16854e-05
26  4.5  1.27285e-05
26  5.0  5.79815e-06
26  7.0  2.92326e-07
26  6.0  1.18522e-06
26  8.0  7.66427e-08
26  6.5  5.83157e-07
26  7.5  1.47207e-07
26  8.5  4.02508e-08
26  10.5  3.7878e-09
26  9.0  2.19666e-08
26  9.5  1.21007e-08
26  10.0  6.77039e-09
28  0.2  0.0513588
28  0.3  0.0716104
28  0.4  0.0817899
28  0.6  0.0721785
28  0.5  0.0801713
28  0.7  0.0595822
28  0.8  0.047615
28  0.9  0.0383701
28  1.0  0.0294023
28  1.1  0.0222841
28  1.2  0.0169798
28  1.3  0.013025
28  1.4  0.00990317
28  1.5  0.00743486
26  11.0  2.1617e-09
28  1.6  0.00568121
28  1.7  0.00432832
28  1.8  0.00329857
28  1.9  0.00253011
28  2.0  0.00196584
28  2.5  0.000590098
28  3.0  0.000192159
28  3.5  6.78532e-05
26  11.5  1.29735e-09
26  12.0  7.0418e-10
28  4.5  1.10117e-05
28  5.0  4.56177e-06
28  4.0  2.65295e-05
28  5.5  2.20969e-06
28  6.5  4.85622e-07
28  7.5  1.22958e-07
28  6.0  9.63568e-07
28  8.0  6.11546e-08
28  7.0  2.40885e-07
28  8.5  3.44805e-08
28  9.0  1.80643e-08
28  10.5  3.15698e-09
28  9.5  1.01131e-08
30  0.2  0.0483295
30  0.3  0.0654657
30  0.4  0.0727138
28  10.0  5.71601e-09
30  0.5  0.0701815
30  0.6  0.0613308
30  0.7  0.0503371
30  0.8  0.0400907
30  0.9  0.031606
30  1.0  0.024208
30  1.1  0.0181384
30  1.2  0.0139356
30  1.3  0.0105358
30  1.4  0.00785398
30  1.5  0.00582257
30  1.6  0.00453128
30  1.7  0.00339048
30  1.8  0.00264837
30  1.9  0.00201383
28  11.0  1.86452e-09
30  2.0  0.00158366
30  2.5  0.000457683
30  3.5  5.43974e-05
30  3.0  0.000152579
28  11.5  1.07421e-09
28  12.0  6.42219e-10
30  4.5  8.28029e-06
30  5.5  1.60239e-06
30  5.0  3.62115e-06
30  4.0  2.07656e-05
30  6.0  7.7901e-07
30  7.0  1.88385e-07
30  7.5  9.58723e-08
30  6.5  3.78362e-07
30  8.0  5.0913e-08
30  8.5  2.6006e-08
30  9.0  1.37606e-08
30  9.5  7.88643e-09
30  11.0  1.44114e-09
32  0.2  0.0428303
30  10.0  4.41718e-09
32  0.3  0.0571052
32  0.4  0.0603876
32  0.5  0.0562376
32  0.6  0.0476601
30  10.5  2.52795e-09
32  0.7  0.0384436
32  0.8  0.0302592
32  1.0  0.017719
32  0.9  0.0237233
32  1.1  0.0134446
32  1.2  0.010099
32  1.3  0.0075502
32  1.4  0.00583315
32  1.5  0.00436087
32  1.6  0.0033494
32  1.7  0.00254972
32  1.9  0.00139356
32  1.8  0.00190718
32  2.0  0.00112735
32  2.5  0.00033959
32  3.0  0.000105083
32  3.5  3.84846e-05
30  11.5  8.04423e-10
30  12.0  4.97133e-10
32  4.0  1.46186e-05
32  4.5  5.97126e-06
32  6.0  5.56092e-07
32  5.0  2.55726e-06
32  5.5  1.17295e-06
32  6.5  2.69628e-07
32  7.0  1.32046e-07
32  7.5  6.87181e-08
32  8.0  3.60043e-08
32  8.5  1.88813e-08
32  9.0  1.00272e-08
32  9.5  5.63665e-09
34  0.2  0.0362403
34  0.3  0.0459388
32  10.0  3.18771e-09
34  0.4  0.046388
34  0.5  0.0403419
34  0.6  0.0332982
34  0.7  0.0264707
34  0.8  0.0203259
34  0.9  0.015429
32  10.5  1.8355e-09
34  1.0  0.0119105
34  1.1  0.00895142
32  11.0  1.06801e-09
34  1.2  0.00676716
34  1.3  0.00488915
34  1.4  0.00375339
34  1.5  0.00280238
34  1.6  0.00213588
34  1.8  0.00122654
34  1.7  0.00162738
34  1.9  0.000977973
34  2.0  0.000765922
34  3.0  6.59928e-05
34  2.5  0.000220757
34  3.5  2.39751e-05
32  11.5  5.9489e-10
32  12.0  3.55826e-10
34  4.5  3.77266e-06
34  5.0  1.57527e-06
34  4.0  9.57028e-06
34  5.5  7.39399e-07
34  7.5  4.35539e-08
34  6.5  1.70274e-07
34  6.0  3.49387e-07
34  7.0  8.44643e-08
34  8.5  1.22746e-08
34  8.0  2.28831e-08
34  9.0  6.49415e-09
34  9.5  3.61893e-09
4  0.2  0.059335
4  0.3  0.0860844
34  10.0  2.04225e-09
4  0.4  0.103703
4  0.5  0.109713
4  0.6  0.105251
4  0.7  0.0926707
34  10.5  1.15591e-09
4  0.8  0.0776736
4  1.0  0.0507212
4  0.9  0.0626791
4  1.1  0.0392932
4  1.2  0.0303896
4  1.3  0.0237963
4  1.4  0.0180564
4  1.5  0.0139622
4  1.6  0.0106929
4  1.8  0.00649847
4  1.7  0.00831526
4  1.9  0.00494599
4  2.0  0.00384141
34  11.0  6.56803e-10
4  2.5  0.00113268
4  3.0  0.000369411
4  3.5  0.000135906
34  11.5  3.8272e-10
34  12.0  2.26616e-10
4  4.5  2.19878e-05
4  4.0  5.37705e-05
4  5.0  9.66284e-06
4  5.5  4.49761e-06
4  6.0  2.03812e-06
4  6.5  9.55348e-07
4  7.0  4.75795e-07
4  7.5  2.41237e-07
4  8.0  1.25274e-07
4  10.0  1.1285e-08
4  8.5  6.8412e-08
4  9.0  3.71751e-08
4  10.5  6.45478e-09
4  9.5  2.03637e-08
4  11.0  3.73405e-09
6  0.2  0.0588212
6  0.3  0.0867202
6  0.4  0.103019
6  0.5  0.109355
6  0.6  0.104029
6  0.7  0.092292
6  0.8  0.0775378
6  0.9  0.0621794
6  1.0  0.049182
6  1.1  0.0390432
6  1.2  0.0301087
6  1.3  0.0233847
6  1.4  0.0180595
6  1.5  0.0138303
6  1.6  0.0107253
6  1.7  0.00818881
6  1.8  0.00631584
6  2.5  0.00114778
6  1.9  0.00488412
6  2.0  0.00379878
6  3.0  0.000367292
6  3.5  0.000136029
4  11.5  2.13775e-09
4  12.0  1.23584e-09
6  4.5  2.19497e-05
6  4.0  5.29387e-05
6  5.5  4.25515e-06
6  5.0  9.6334e-06
6  6.0  1.9769e-06
6  6.5  9.52478e-07
6  7.0  4.73494e-07
6  7.5  2.48647e-07
6  8.0  1.24909e-07
6  8.5  6.82866e-08
6  10.0  1.12517e-08
6  9.0  3.70842e-08
6  10.5  6.32639e-09
6  9.5  2.07018e-08
6  11.0  3.69122e-09
8  0.2  0.0588117
8  0.3  0.0852783
8  0.4  0.1045
8  0.5  0.109396
8  0.6  0.10365
8  0.7  0.092304
8  0.8  0.076135
8  0.9  0.0616492
8  1.0  0.0485298
8  1.1  0.0379643
8  1.2  0.0295692
8  1.3  0.0230055
8  1.4  0.0177509
8  1.5  0.013575
8  1.6  0.0105105
8  1.8  0.00624981
8  1.7  0.00809079
8  1.9  0.00484449
8  2.0  0.00377102
8  2.5  0.00113181
8  3.0  0.0003607
8  3.5  0.000136188
6  11.5  2.1517e-09
6  12.0  1.24529e-09
8  4.5  2.14113e-05
8  4.0  5.27112e-05
8  5.0  8.62193e-06
8  5.5  4.04238e-06
8  6.0  1.87809e-06
8  6.5  9.55569e-07
8  7.0  4.82052e-07
8  7.5  2.40467e-07
8  8.0  1.23543e-07
8  10.0  1.10803e-08
8  8.5  6.58251e-08
8  9.0  3.64385e-08
8  9.5  2.00438e-08
8  11.0  3.63398e-09
8  10.5  6.2987e-09
8  11.5  2.10974e-09
8  12.0  1.22089e-09
