# exclusive D0 cross section, Pb target, HymnD fragmentation, An0n channel
# generated      : 2026-08-20 11:02:48 EEST
# calls          : 1e5 below 4.0 GeV, 2e3 above (see EXCL_PT_THRESHOLD) (VEGAS calls per point, see CALLS_EXCL/CALLS_EXCL_FACTORIZED/CALLS_DIFF)
# dipole samples : data/Pb/bk_posterior/member_0041/glauber_mve_<b>
# pD0 sweep      : 0.2 0.3 0.4 0.5 0.6 0.7 0.8 0.9 1.0 1.1 1.2 1.3 1.4 1.5 1.6 1.7 1.8 1.9 2.0 2.5 3.0 3.5 4.0 4.5 5.0 5.5 6.0 6.5 7.0 7.5 8.0 8.5 9.0 9.5 10.0 10.5 11.0 11.5 12.0
# fixed rapidity y : 1.0
# ============================================================
# b  pD0  dsigma_dyd2pD0
0  0.3  2.32092
0  0.2  2.86397
0  0.5  1.37969
0  0.4  1.81505
0  0.6  1.02469
0  0.7  0.749725
0  0.8  0.544638
0  1.0  0.283397
0  0.9  0.39268
0  1.1  0.203932
0  1.2  0.147934
0  1.3  0.107061
0  1.4  0.0778373
0  1.7  0.031365
0  1.5  0.056709
0  1.6  0.0416847
0  2.0  0.0129497
0  1.9  0.0171503
0  1.8  0.0227251
0  3.0  0.000826993
0  2.5  0.00343559
0  3.5  0.000245813
0  4.0  0.000101453
0  5.0  1.49369e-05
0  4.5  3.78112e-05
0  6.5  1.3313e-06
0  5.5  6.37663e-06
0  7.0  6.52455e-07
0  6.0  2.85708e-06
0  7.5  3.31236e-07
0  8.0  1.75205e-07
0  8.5  9.52574e-08
0  9.0  5.34385e-08
0  9.5  3.06557e-08
0  10.5  1.07403e-08
0  10.0  1.79112e-08
10  0.2  2.72892
10  0.3  2.20723
10  0.4  1.72292
0  11.0  6.58388e-09
10  0.5  1.30519
10  0.6  0.968883
10  0.8  0.512731
10  0.7  0.707829
0  11.5  4.09626e-09
10  0.9  0.369415
10  1.0  0.264839
10  1.1  0.191192
10  1.2  0.138237
10  1.3  0.0998872
10  1.5  0.0539153
10  1.4  0.072437
10  1.6  0.0386906
10  1.7  0.0283982
10  1.8  0.0217029
10  1.9  0.015927
10  2.0  0.0115919
10  3.0  0.000847774
10  2.5  0.0030132
10  3.5  0.00024386
0  12.0  2.59392e-09
10  4.0  9.28835e-05
10  4.5  3.45967e-05
10  5.0  1.37478e-05
10  5.5  5.80577e-06
10  6.0  2.60986e-06
10  7.0  5.92623e-07
10  6.5  1.22537e-06
10  7.5  3.05103e-07
10  8.0  1.59546e-07
10  9.5  2.78434e-08
10  8.5  8.65898e-08
10  9.0  4.83948e-08
10  10.5  9.75477e-09
12  0.2  2.66437
10  10.0  1.62791e-08
12  0.3  2.15443
12  0.4  1.68119
10  11.0  5.98007e-09
12  0.5  1.27297
12  0.6  0.943662
12  0.7  0.688469
12  0.8  0.498518
12  0.9  0.358541
10  11.5  3.71915e-09
12  1.0  0.257436
12  1.1  0.18514
12  1.2  0.133909
12  1.3  0.0970001
12  1.5  0.0520858
12  1.4  0.0700694
12  1.6  0.0374517
12  1.8  0.020955
12  1.7  0.0277515
12  2.0  0.011668
12  1.9  0.0153205
12  3.0  0.000913852
12  2.5  0.00293893
12  3.5  0.000230933
10  12.0  2.35679e-09
12  4.0  8.90847e-05
12  4.5  3.31651e-05
12  5.0  1.31701e-05
12  5.5  5.57993e-06
12  6.5  1.17289e-06
12  6.0  2.4971e-06
12  7.5  2.91954e-07
12  7.0  5.71314e-07
12  8.0  1.52541e-07
12  8.5  8.2843e-08
12  9.5  2.66058e-08
12  9.0  4.62658e-08
12  10.5  9.32254e-09
12  10.0  1.55434e-08
12  11.0  5.71174e-09
14  0.2  2.58681
14  0.3  2.08885
14  0.4  1.62894
14  0.5  1.23238
14  0.6  0.911932
12  11.5  3.55402e-09
14  0.7  0.664997
14  0.8  0.480462
14  0.9  0.345236
14  1.0  0.247479
14  1.1  0.17796
14  1.2  0.128424
14  1.4  0.067111
14  1.3  0.0926257
14  1.5  0.0489626
14  1.6  0.0364506
14  1.7  0.0269564
14  1.8  0.0196119
14  1.9  0.0148126
14  2.0  0.0108862
14  2.5  0.00282005
14  3.0  0.000709757
14  3.5  0.000228324
14  4.5  3.1234e-05
12  12.0  2.24067e-09
14  4.0  8.45561e-05
14  5.5  5.30862e-06
14  5.0  1.24971e-05
14  6.0  2.3596e-06
14  6.5  1.10731e-06
14  7.0  5.40603e-07
14  7.5  2.75011e-07
14  8.0  1.44349e-07
14  9.0  4.39437e-08
14  9.5  2.51329e-08
14  8.5  7.83876e-08
14  10.5  8.80911e-09
14  10.0  1.46892e-08
16  0.2  2.49336
16  0.3  2.01362
14  11.0  5.39255e-09
16  0.4  1.56637
16  0.5  1.18347
14  11.5  3.35463e-09
16  0.6  0.874612
16  0.7  0.63591
16  0.8  0.458779
16  0.9  0.328757
16  1.0  0.235716
16  1.1  0.169553
16  1.2  0.12224
16  1.3  0.0878018
16  1.5  0.0463659
16  1.4  0.0637227
16  1.6  0.0344766
16  1.7  0.0252884
16  1.8  0.0189954
16  1.9  0.0140216
16  2.0  0.0104629
16  2.5  0.00267361
14  12.0  2.11641e-09
16  3.0  0.000644606
16  3.5  0.000229891
16  4.5  2.92406e-05
16  6.0  2.19023e-06
16  4.0  7.9342e-05
16  5.0  1.16846e-05
16  5.5  4.94042e-06
16  6.5  1.0375e-06
16  7.0  5.05568e-07
16  7.5  2.56479e-07
16  8.0  1.34997e-07
16  9.0  4.09456e-08
16  8.5  7.32096e-08
16  9.5  2.34192e-08
16  10.0  1.37067e-08
18  0.2  2.38147
16  10.5  8.18256e-09
18  0.3  1.91648
18  0.4  1.491
18  0.5  1.12413
16  11.0  5.02093e-09
18  0.6  0.829332
18  0.7  0.602076
18  0.8  0.433888
18  0.9  0.310398
18  1.0  0.222346
18  1.1  0.159763
16  11.5  3.1228e-09
18  1.2  0.114738
18  1.3  0.0833553
18  1.4  0.0604745
18  1.6  0.0326555
18  1.5  0.0433124
16  12.0  1.98281e-09
18  1.7  0.0238512
18  1.9  0.0131013
18  1.8  0.0177615
18  2.0  0.00996162
18  2.5  0.00249154
18  3.0  0.000686542
18  3.5  0.000156412
18  4.5  2.71483e-05
18  4.0  7.31172e-05
18  5.0  1.07604e-05
18  5.5  4.54589e-06
18  6.5  9.52642e-07
18  6.0  2.02786e-06
18  7.5  2.36693e-07
18  7.0  4.63311e-07
18  8.0  1.24101e-07
18  8.5  6.7274e-08
18  9.5  2.14582e-08
18  9.0  3.73431e-08
18  10.0  1.256e-08
18  10.5  7.51236e-09
2  0.2  2.85814
2  0.3  2.31622
2  0.4  1.81141
2  0.5  1.37691
2  0.6  1.02277
2  0.7  0.748041
2  0.8  0.543138
2  0.9  0.391578
2  1.0  0.282537
2  1.1  0.203412
18  11.5  2.85807e-09
2  1.2  0.147598
18  11.0  4.56925e-09
2  1.3  0.106492
2  1.4  0.0775847
2  1.5  0.0565976
2  1.6  0.041577
2  1.7  0.031312
2  1.9  0.0171487
2  1.8  0.0227641
2  2.0  0.0129903
18  12.0  1.81187e-09
2  2.5  0.00332079
2  3.5  0.000281679
2  3.0  0.000872649
2  4.0  0.000101111
2  5.0  1.48868e-05
2  4.5  3.76839e-05
2  6.5  1.32639e-06
2  5.5  6.35488e-06
2  7.0  6.49918e-07
2  6.0  2.84722e-06
2  7.5  3.30049e-07
2  8.0  1.74582e-07
2  9.0  5.32534e-08
2  8.5  9.4906e-08
2  9.5  3.05147e-08
2  10.5  1.07011e-08
2  10.0  1.78464e-08
20  0.2  2.24631
2  11.0  6.55984e-09
20  0.3  1.80713
20  0.4  1.40187
20  0.5  1.05448
20  0.6  0.775798
20  0.7  0.562604
20  0.8  0.403656
20  1.0  0.206865
20  0.9  0.288576
2  11.5  4.08124e-09
20  1.1  0.147517
20  1.2  0.105986
20  1.3  0.0765452
20  1.4  0.0557059
20  1.5  0.0406891
20  1.6  0.0299235
20  1.7  0.021909
20  1.8  0.0163908
20  2.0  0.0086461
20  1.9  0.0118083
20  2.5  0.0022348
20  3.0  0.000553071
20  3.5  0.000221753
2  12.0  2.58442e-09
20  4.5  2.45186e-05
20  4.0  6.61763e-05
20  5.0  9.70957e-06
20  5.5  4.11408e-06
20  6.0  1.82617e-06
20  6.5  8.54413e-07
20  7.0  4.16516e-07
20  7.5  2.11291e-07
20  8.0  1.11324e-07
20  8.5  6.0056e-08
20  9.5  1.92309e-08
20  9.0  3.34674e-08
20  10.0  1.12476e-08
20  10.5  6.73204e-09
22  0.2  2.08551
22  0.3  1.67281
22  0.4  1.29445
22  0.5  0.970143
22  0.6  0.712381
22  0.7  0.514743
22  0.8  0.368663
22  0.9  0.262823
20  11.5  2.55827e-09
22  1.0  0.186965
22  1.1  0.133585
20  11.0  4.09136e-09
22  1.2  0.0955619
22  1.3  0.0691313
22  1.4  0.0501233
22  1.6  0.0268755
22  1.5  0.0358988
22  1.7  0.0191584
22  1.8  0.0141675
22  1.9  0.0108067
22  2.0  0.00792467
22  2.5  0.00200385
22  3.5  0.000186762
22  3.0  0.000483609
20  12.0  1.61687e-09
22  4.5  2.13321e-05
22  5.0  8.53743e-06
22  4.0  5.81553e-05
22  5.5  3.59262e-06
22  6.0  1.59768e-06
22  6.5  7.49503e-07
22  7.0  3.63699e-07
22  7.5  1.84238e-07
22  8.0  9.69882e-08
22  8.5  5.22943e-08
22  9.5  1.67404e-08
22  9.0  2.92226e-08
22  10.5  5.85429e-09
22  10.0  9.74261e-09
24  0.2  1.88918
24  0.3  1.51145
24  0.4  1.16547
24  0.5  0.871388
24  0.6  0.636934
24  0.7  0.458567
24  0.8  0.327484
24  0.9  0.232346
22  11.0  3.55354e-09
22  11.5  2.22114e-09
24  1.0  0.165168
24  1.2  0.0839714
24  1.1  0.117467
24  1.3  0.0605338
24  1.4  0.0431248
24  1.6  0.0232423
24  1.5  0.0311487
24  1.7  0.0166551
24  1.8  0.0124948
22  12.0  1.40615e-09
24  1.9  0.00932173
24  2.0  0.00670284
24  3.0  0.000449177
24  2.5  0.00174059
24  3.5  0.00017679
24  5.0  7.19961e-06
24  4.5  1.81934e-05
24  4.0  4.92746e-05
24  5.5  3.03138e-06
24  6.0  1.34851e-06
24  6.5  6.27318e-07
24  8.5  4.32023e-08
24  7.0  3.05642e-07
24  7.5  1.5421e-07
24  8.0  8.0773e-08
24  9.5  1.3967e-08
24  10.0  8.14319e-09
24  9.0  2.43917e-08
24  10.5  4.8771e-09
26  0.2  1.65109
26  0.3  1.31695
24  11.0  2.97491e-09
26  0.4  1.01085
26  0.5  0.752093
26  0.6  0.546766
26  0.7  0.391784
26  0.8  0.278476
26  0.9  0.196538
26  1.0  0.139132
24  11.5  1.84796e-09
26  1.1  0.098814
26  1.2  0.0702397
26  1.3  0.0499912
26  1.4  0.0358291
26  1.5  0.0261716
26  1.6  0.0187784
26  1.8  0.0103733
26  1.7  0.0137309
26  1.9  0.00752885
26  2.0  0.00562191
26  2.5  0.00139578
26  3.0  0.000314835
26  3.5  0.000128167
24  12.0  1.16625e-09
26  4.5  1.43826e-05
26  4.0  3.95378e-05
26  5.0  5.73411e-06
26  5.5  2.40144e-06
26  6.0  1.06447e-06
26  8.0  6.30858e-08
26  6.5  4.95404e-07
26  7.0  2.41375e-07
26  7.5  1.21785e-07
26  9.5  1.09623e-08
26  8.5  3.4423e-08
26  10.0  6.37295e-09
26  9.0  1.91202e-08
26  10.5  3.82208e-09
28  0.2  1.36885
28  0.3  1.08599
28  0.4  0.828598
28  0.5  0.612342
28  0.6  0.442439
28  0.7  0.314688
28  0.8  0.222384
26  11.5  1.44497e-09
28  0.9  0.156345
28  1.0  0.10965
28  1.1  0.077682
28  1.2  0.0548163
28  1.3  0.0394246
26  11.0  2.34e-09
28  1.4  0.027965
28  1.6  0.0146883
28  1.5  0.0198946
28  1.8  0.00782451
28  1.7  0.0105324
28  1.9  0.00583342
28  2.0  0.0043135
28  2.5  0.00107086
28  3.0  0.000230234
28  3.5  0.000106248
26  12.0  9.07564e-10
28  4.5  1.05721e-05
28  5.0  4.19648e-06
28  4.0  2.91398e-05
28  5.5  1.74829e-06
28  7.0  1.72646e-07
28  6.0  7.75011e-07
28  6.5  3.60594e-07
28  7.5  8.78346e-08
28  8.0  4.60049e-08
28  8.5  2.47747e-08
28  9.5  7.86322e-09
28  9.0  1.37346e-08
28  10.0  4.58325e-09
28  10.5  2.73249e-09
30  0.2  1.04638
30  0.3  0.825251
30  0.4  0.624897
30  0.5  0.457596
30  0.6  0.327743
30  0.7  0.231275
30  0.8  0.161774
30  0.9  0.112834
30  1.0  0.0787448
28  11.0  1.65241e-09
30  1.2  0.0390044
30  1.1  0.0551875
30  1.3  0.0278615
30  1.4  0.0194426
30  1.5  0.013911
30  1.6  0.0100393
30  1.7  0.00743864
28  11.5  1.02447e-09
30  1.8  0.00538829
30  1.9  0.00400192
30  2.5  0.000665962
30  2.0  0.00291169
30  3.0  0.000150091
30  3.5  8.31596e-05
28  12.0  6.46307e-10
30  4.0  1.90785e-05
30  4.5  6.93038e-06
30  5.0  2.71212e-06
30  5.5  1.12889e-06
30  6.5  2.30705e-07
30  6.0  4.97056e-07
30  7.0  1.11398e-07
30  7.5  5.59169e-08
30  8.5  1.57108e-08
30  8.0  2.91192e-08
30  9.0  8.7009e-09
30  9.5  4.94919e-09
30  10.0  2.87943e-09
30  10.5  1.71279e-09
32  0.2  0.717731
32  0.3  0.56103
32  0.4  0.420216
30  11.0  1.04047e-09
32  0.5  0.304517
32  0.6  0.215618
32  0.7  0.150315
32  0.8  0.104196
32  0.9  0.071843
32  1.0  0.0499104
32  1.1  0.0346062
30  12.0  4.05163e-10
32  1.2  0.02408
32  1.3  0.0171867
32  1.4  0.0119123
32  1.5  0.00845421
32  1.6  0.00603529
32  1.7  0.0043922
32  1.8  0.00324111
32  1.9  0.0023662
32  2.0  0.00176787
32  3.0  0.000112073
32  2.5  0.000410295
30  11.5  6.40771e-10
32  3.5  4.6597e-05
32  5.5  6.2181e-07
32  4.5  3.86388e-06
32  4.0  1.07134e-05
32  5.0  1.49722e-06
32  6.5  1.24866e-07
32  7.0  5.9519e-08
32  6.0  2.71496e-07
32  8.0  1.56967e-08
32  7.5  3.00755e-08
32  9.0  4.62995e-09
32  8.5  8.37751e-09
32  9.5  2.62417e-09
32  10.0  1.52318e-09
34  0.2  0.434316
32  10.5  9.03203e-10
34  0.3  0.335547
34  0.4  0.248208
34  0.5  0.17731
32  11.0  5.47269e-10
34  0.6  0.123579
34  0.7  0.0851619
34  0.8  0.0582801
34  0.9  0.0398507
34  1.0  0.0272191
34  1.1  0.0187315
34  1.2  0.0130113
34  1.3  0.00912361
34  1.4  0.00635315
34  1.5  0.00456841
34  1.6  0.00315693
34  1.7  0.00230519
34  1.8  0.00167405
32  12.0  2.12301e-10
34  1.9  0.00121543
34  2.0  0.000860785
34  2.5  0.000205346
34  3.0  3.71655e-05
32  11.5  3.36963e-10
34  3.5  1.99235e-05
34  4.0  5.07128e-06
34  4.5  1.80379e-06
34  6.0  1.22684e-07
34  5.0  6.92304e-07
34  5.5  2.83725e-07
34  6.5  5.65884e-08
34  8.0  6.96793e-09
34  7.0  2.70727e-08
34  7.5  1.34176e-08
34  9.0  2.01699e-09
34  8.5  3.69256e-09
34  9.5  1.14899e-09
34  10.0  6.60814e-10
4  0.2  2.84243
34  10.5  3.91057e-10
34  11.0  2.36807e-10
4  0.3  2.3027
4  0.4  1.80042
4  0.5  1.36703
4  0.6  1.01625
4  0.7  0.743514
4  0.8  0.53934
4  1.0  0.280181
4  0.9  0.389078
4  1.1  0.202009
4  1.2  0.14618
4  1.3  0.105927
4  1.4  0.0769701
4  1.5  0.0561224
4  1.6  0.0421176
4  1.7  0.0310878
4  1.8  0.0229249
4  1.9  0.0172375
34  12.0  9.12955e-11
4  2.0  0.0127725
4  2.5  0.00326009
4  3.0  0.000911442
4  3.5  0.000281346
34  11.5  1.45515e-10
4  4.0  0.000100098
4  5.0  1.47364e-05
4  4.5  3.73016e-05
4  6.5  1.31174e-06
4  5.5  6.28965e-06
4  7.0  6.4248e-07
4  6.0  2.8178e-06
4  7.5  3.26506e-07
4  8.0  1.72709e-07
4  9.0  5.27322e-08
4  8.5  9.38659e-08
4  9.5  3.01832e-08
4  10.5  1.05831e-08
6  0.2  2.8154
4  10.0  1.76512e-08
4  11.0  6.48775e-09
6  0.3  2.27917
6  0.4  1.78278
6  0.5  1.35287
4  11.5  4.0362e-09
6  0.6  1.00426
6  0.7  0.735038
6  0.8  0.533337
6  1.0  0.276847
6  0.9  0.384818
6  1.2  0.144603
6  1.1  0.199805
6  1.3  0.104331
6  1.4  0.0758903
6  1.5  0.056018
6  1.6  0.0406582
6  1.7  0.0308362
6  1.8  0.0226919
6  1.9  0.0166279
6  2.0  0.012793
6  2.5  0.00329394
6  3.0  0.000822084
6  3.5  0.000384213
4  12.0  2.55598e-09
6  4.0  9.84005e-05
6  4.5  3.66627e-05
6  5.0  1.45703e-05
6  6.0  2.77169e-06
6  5.5  6.1805e-06
6  7.0  6.29904e-07
6  6.5  1.29735e-06
6  7.5  3.23025e-07
6  8.0  1.69616e-07
6  8.5  9.21011e-08
6  9.0  5.17806e-08
6  9.5  2.96277e-08
6  10.5  1.03865e-08
6  10.0  1.73282e-08
8  0.2  2.77924
6  11.0  6.36736e-09
8  0.3  2.24969
8  0.4  1.75745
8  0.5  1.33188
8  0.6  0.989747
8  0.7  0.723615
6  11.5  3.96042e-09
8  0.8  0.524271
8  1.0  0.272208
8  0.9  0.377953
8  1.1  0.19566
8  1.2  0.141598
8  1.3  0.103103
8  1.4  0.0754093
8  1.5  0.0542879
8  1.7  0.0301842
8  1.6  0.0397783
8  1.8  0.0223801
8  1.9  0.016243
8  2.0  0.0125469
8  2.5  0.00317292
8  3.0  0.000827093
8  3.5  0.000301533
8  4.0  9.59746e-05
6  12.0  2.50843e-09
8  4.5  3.57621e-05
8  5.0  1.42128e-05
8  6.0  2.70186e-06
8  7.0  6.1204e-07
8  5.5  6.02155e-06
8  6.5  1.26938e-06
8  7.5  3.14652e-07
8  8.0  1.65176e-07
8  8.5  8.98548e-08
8  9.0  5.02622e-08
8  9.5  2.8847e-08
8  10.5  1.01108e-08
8  10.0  1.68692e-08
8  11.0  6.19833e-09
8  11.5  3.85557e-09
8  12.0  2.44227e-09
