# exclusive D0 cross section, Pb target, HymnD fragmentation, An0n channel
# generated      : 2026-08-20 11:02:48 EEST
# calls          : 1e5 below 4.0 GeV, 2e3 above (see EXCL_PT_THRESHOLD) (VEGAS calls per point, see CALLS_EXCL/CALLS_EXCL_FACTORIZED/CALLS_DIFF)
# dipole samples : data/Pb/bk_posterior/member_0041/glauber_mve_<b>
# pD0 sweep      : 0.2 0.3 0.4 0.5 0.6 0.7 0.8 0.9 1.0 1.1 1.2 1.3 1.4 1.5 1.6 1.7 1.8 1.9 2.0 2.5 3.0 3.5 4.0 4.5 5.0 5.5 6.0 6.5 7.0 7.5 8.0 8.5 9.0 9.5 10.0 10.5 11.0 11.5 12.0
# fixed rapidity y : 3.0
# ============================================================
# b  pD0  dsigma_dyd2pD0
0  0.2  0.542288
0  0.3  0.430557
0  0.4  0.32806
0  0.5  0.241709
0  0.6  0.173626
0  0.7  0.122642
0  0.9  0.0592211
0  0.8  0.085505
0  1.0  0.0408528
0  1.3  0.0135552
0  1.4  0.00937023
0  1.1  0.0281866
0  1.2  0.0194445
0  1.5  0.00649863
0  1.7  0.00320517
0  1.6  0.00453958
0  1.8  0.00227881
0  1.9  0.00159857
0  2.0  0.00113724
0  3.0  4.71644e-05
0  2.5  0.000220089
0  3.5  1.11452e-05
0  4.0  3.11465e-06
0  5.0  2.70864e-07
0  4.5  8.82079e-07
0  5.5  8.69638e-08
0  6.0  2.96524e-08
0  6.5  1.06165e-08
0  7.0  3.9679e-09
0  7.5  1.54032e-09
0  9.0  1.1008e-10
0  8.0  6.17279e-10
0  8.5  2.55678e-10
0  10.0  2.13032e-11
0  9.5  4.77182e-11
10  0.2  0.520102
10  0.3  0.412386
10  0.4  0.313916
10  0.5  0.230854
0  11.5  2.17528e-12
0  10.5  9.78223e-12
10  0.7  0.116641
10  0.6  0.165534
10  0.8  0.081171
10  0.9  0.0561721
10  1.0  0.0388226
10  1.1  0.0266468
10  1.2  0.0183535
10  1.3  0.0126737
0  11.0  4.56272e-12
10  1.4  0.0087916
10  1.5  0.00611749
0  12.0  1.05462e-12
10  1.7  0.00299632
10  1.6  0.00426524
10  1.8  0.00210759
10  1.9  0.00152392
10  3.0  4.53549e-05
10  2.5  0.000207296
10  2.0  0.00106481
10  3.5  1.06491e-05
10  4.0  2.86679e-06
10  4.5  8.13421e-07
10  5.0  2.47628e-07
10  5.5  7.97767e-08
10  7.5  1.41986e-09
10  6.0  2.72425e-08
10  6.5  9.74281e-09
10  7.0  3.64093e-09
10  9.0  9.97839e-11
10  8.0  5.64928e-10
10  10.0  1.94672e-11
10  8.5  2.3432e-10
10  9.5  4.36182e-11
10  11.5  1.99797e-12
12  0.2  0.509885
12  0.3  0.403703
12  0.4  0.307058
12  0.5  0.225823
12  0.6  0.161747
12  0.7  0.113904
12  0.8  0.079295
12  0.9  0.0547531
12  1.0  0.0376916
10  10.5  8.92145e-12
12  1.3  0.0124107
12  1.2  0.0178641
12  1.1  0.0259262
12  1.5  0.00596276
12  1.4  0.00854234
12  1.6  0.00413378
10  12.0  9.61116e-13
10  11.0  4.16273e-12
12  1.7  0.00289943
12  1.8  0.00205713
12  1.9  0.00144821
12  2.0  0.00106002
12  2.5  0.000200102
12  3.5  1.08782e-05
12  3.0  4.2741e-05
12  4.0  2.77358e-06
12  4.5  7.82204e-07
12  5.0  2.37984e-07
12  5.5  7.66259e-08
12  6.0  2.61586e-08
12  6.5  9.34863e-09
12  7.0  3.48837e-09
12  7.5  1.35224e-09
12  8.0  5.42017e-10
12  8.5  2.24108e-10
12  9.0  9.51535e-11
12  9.5  4.16876e-11
14  0.2  0.497049
12  10.0  1.86064e-11
14  0.3  0.393912
14  0.4  0.29896
14  0.5  0.219569
12  10.5  8.54993e-12
14  0.6  0.15714
14  0.8  0.0768198
14  0.7  0.110571
14  0.9  0.0530003
14  1.0  0.0364899
14  1.1  0.0250624
14  1.2  0.0172623
14  1.3  0.011983
12  11.0  3.9843e-12
14  1.4  0.00829106
14  1.5  0.00575002
14  1.6  0.00400155
14  1.7  0.00278771
14  1.8  0.00196654
14  2.0  0.00100236
14  1.9  0.00139471
14  2.5  0.00019046
14  3.0  4.21734e-05
14  3.5  9.97513e-06
12  12.0  9.20065e-13
12  11.5  1.89376e-12
14  4.0  2.63063e-06
14  4.5  7.45191e-07
14  5.0  2.26527e-07
14  5.5  7.28857e-08
14  6.0  2.48404e-08
14  8.0  5.19403e-10
14  6.5  8.88221e-09
14  7.0  3.31449e-09
14  7.5  1.28168e-09
14  9.5  3.95992e-11
14  10.0  1.77587e-11
14  8.5  2.12822e-10
14  9.0  9.04457e-11
16  0.2  0.481562
16  0.3  0.381041
16  0.4  0.289097
16  0.5  0.212086
14  10.5  8.08691e-12
16  0.7  0.106457
16  0.6  0.15155
16  0.8  0.0739307
16  0.9  0.0510368
16  1.0  0.0350765
16  1.1  0.0240271
16  1.2  0.0165076
16  1.3  0.0113918
16  1.4  0.00785279
14  11.0  3.77166e-12
16  1.6  0.00382003
16  1.5  0.00549654
14  11.5  1.7938e-12
16  1.7  0.00266075
16  1.8  0.00191112
16  1.9  0.00134262
16  2.0  0.000953386
16  2.5  0.000181126
16  3.0  3.98765e-05
14  12.0  8.67745e-13
16  3.5  1.014e-05
16  4.5  7.05545e-07
16  4.0  2.47991e-06
16  5.0  2.12988e-07
16  5.5  6.86758e-08
16  6.0  2.33116e-08
16  6.5  8.33505e-09
16  7.0  3.10322e-09
16  7.5  1.20237e-09
16  9.5  3.72858e-11
16  8.0  4.81674e-10
16  8.5  1.98907e-10
16  10.0  1.65541e-11
16  9.0  8.45851e-11
18  0.2  0.463062
16  11.0  3.52026e-12
18  0.3  0.366006
18  0.4  0.277269
18  0.5  0.203046
18  0.6  0.144855
18  0.7  0.10159
18  0.8  0.0703848
18  0.9  0.048518
16  10.5  7.55343e-12
18  1.0  0.0332467
18  1.2  0.0156561
18  1.1  0.022789
18  1.3  0.0108403
18  1.4  0.00747147
18  1.5  0.00514657
18  1.6  0.00358541
18  1.7  0.00250975
18  1.8  0.00177228
18  2.0  0.000897451
18  1.9  0.00125133
18  2.5  0.000173772
18  3.0  3.79076e-05
18  3.5  8.82885e-06
16  11.5  1.67558e-12
16  12.0  8.08213e-13
18  4.0  2.30378e-06
18  4.5  6.50762e-07
18  5.0  1.973e-07
18  5.5  6.35038e-08
18  6.0  2.15828e-08
18  6.5  7.6974e-09
18  7.0  2.86479e-09
18  8.5  1.86198e-10
18  7.5  1.10842e-09
18  9.0  7.81303e-11
18  8.0  4.43753e-10
18  10.0  1.52604e-11
18  11.0  3.24174e-12
18  9.5  3.40441e-11
2  0.2  0.541364
2  0.3  0.429856
2  0.4  0.327508
2  0.5  0.241265
2  0.6  0.173377
2  0.7  0.122361
18  10.5  6.94173e-12
2  0.8  0.0853713
2  0.9  0.0591067
2  1.0  0.0408145
2  1.1  0.0281271
2  1.3  0.0135234
2  1.2  0.0193843
2  1.4  0.00934927
2  1.5  0.00648209
2  1.6  0.00453674
2  1.8  0.00227828
2  1.7  0.00319754
2  1.9  0.00159415
2  2.0  0.00113483
2  2.5  0.000222805
2  3.0  4.70732e-05
2  3.5  1.25608e-05
18  11.5  1.53853e-12
2  4.0  3.10488e-06
18  12.0  7.41773e-13
2  5.0  2.7e-07
2  4.5  8.73854e-07
2  5.5  8.66801e-08
2  6.0  2.95562e-08
2  7.5  1.54389e-09
2  6.5  1.0582e-08
2  7.0  3.9542e-09
2  9.0  1.09957e-10
2  8.0  6.15225e-10
2  8.5  2.54844e-10
2  10.0  2.12299e-11
2  10.5  9.71639e-12
2  9.5  4.75614e-11
20  0.2  0.440592
20  0.3  0.347724
20  0.4  0.262971
20  0.5  0.192186
20  0.7  0.0957429
20  0.6  0.136806
20  0.8  0.0662601
20  0.9  0.0454848
20  1.0  0.031102
20  1.2  0.0146565
20  1.1  0.0213409
20  1.3  0.0100493
20  1.4  0.00696574
20  1.5  0.00478915
20  1.6  0.00332261
2  11.0  4.54661e-12
20  1.9  0.00116193
20  1.7  0.00232699
20  1.8  0.00163017
20  2.5  0.000154318
20  2.0  0.00082032
20  3.0  3.10521e-05
20  3.5  7.95321e-06
2  11.5  2.16357e-12
20  4.5  5.97952e-07
2  12.0  1.04644e-12
20  4.0  2.10439e-06
20  5.0  1.79342e-07
20  5.5  5.77016e-08
20  6.0  1.95454e-08
20  7.0  2.59133e-09
20  6.5  6.96501e-09
20  7.5  1.00099e-09
20  8.0  4.00367e-10
20  8.5  1.65157e-10
20  9.0  7.0243e-11
20  9.5  3.0701e-11
20  10.0  1.36897e-11
20  11.5  1.3905e-12
22  0.2  0.413113
22  0.3  0.325448
22  0.4  0.245714
22  0.5  0.179093
20  10.5  6.24966e-12
22  0.6  0.127197
22  0.7  0.0887625
22  0.9  0.0419839
22  0.8  0.0613037
22  1.0  0.0286207
22  1.1  0.0196155
22  1.2  0.0133982
22  1.3  0.00917381
22  1.4  0.00636748
20  11.0  2.90059e-12
22  1.5  0.00436775
22  1.6  0.00302668
22  1.7  0.00212333
22  1.8  0.00149594
22  1.9  0.00103824
22  2.0  0.000747759
22  2.5  0.000140694
22  3.0  2.82228e-05
22  3.5  7.43229e-06
20  12.0  6.6694e-13
22  4.5  5.32339e-07
22  4.0  1.87088e-06
22  5.0  1.58723e-07
22  6.0  1.73624e-08
22  5.5  5.09184e-08
22  6.5  6.1359e-09
22  7.0  2.28146e-09
22  7.5  8.81113e-10
22  8.0  3.51586e-10
22  8.5  1.44939e-10
22  9.0  6.17259e-11
22  10.0  1.20354e-11
22  9.5  2.68518e-11
24  0.2  0.379628
24  0.3  0.298294
24  0.4  0.224591
24  0.5  0.163218
24  0.6  0.115484
22  12.0  5.8597e-13
22  10.5  5.4687e-12
24  0.7  0.0803774
24  0.8  0.0553121
24  0.9  0.0377593
24  1.0  0.0256716
24  1.1  0.0175008
22  11.0  2.54363e-12
24  1.2  0.0119472
24  1.5  0.00388851
24  1.3  0.00816777
24  1.4  0.00559973
24  1.6  0.00267474
24  1.7  0.00186561
24  1.8  0.00130119
24  1.9  0.000912719
24  2.0  0.000655651
24  2.5  0.000124396
24  3.0  2.47119e-05
24  3.5  5.78201e-06
22  11.5  1.20824e-12
24  4.0  1.60703e-06
24  4.5  4.50696e-07
24  5.0  1.35551e-07
24  6.0  1.4872e-08
24  5.5  4.33872e-08
24  7.5  7.47925e-10
24  6.5  5.20765e-09
24  7.0  1.93063e-09
24  8.0  2.97077e-10
24  10.0  1.01502e-11
24  10.5  4.63164e-12
24  8.5  1.22433e-10
24  9.0  5.19242e-11
24  9.5  2.2567e-11
24  11.0  2.12703e-12
26  0.2  0.338403
26  0.3  0.265083
26  0.4  0.198828
26  0.5  0.143906
26  0.6  0.10137
26  0.7  0.0701838
26  0.8  0.0480996
26  0.9  0.0327188
26  1.0  0.0221952
26  1.1  0.0150816
26  1.2  0.0102523
26  1.3  0.00698533
24  12.0  4.88221e-13
26  1.4  0.00477392
26  1.5  0.00328048
26  1.6  0.00227339
26  1.7  0.00160246
26  1.8  0.00110671
26  2.0  0.00055687
26  1.9  0.000769609
26  2.5  0.00010406
26  3.5  4.76294e-06
24  11.5  1.00758e-12
26  3.0  2.16707e-05
26  4.0  1.31088e-06
26  4.5  3.65761e-07
26  5.0  1.0976e-07
26  5.5  3.50468e-08
26  6.0  1.18151e-08
26  8.0  2.37192e-10
26  6.5  4.18523e-09
26  7.0  1.54705e-09
26  7.5  5.96025e-10
26  10.0  8.02605e-12
26  8.5  9.75255e-11
26  9.0  4.12582e-11
26  9.5  1.7951e-11
28  0.2  0.288199
28  0.3  0.224817
28  0.4  0.167637
28  0.5  0.120637
26  10.5  3.63568e-12
28  0.6  0.0845541
28  0.7  0.0582063
28  0.8  0.039665
28  0.9  0.0268079
28  1.0  0.0181476
26  12.0  3.84972e-13
28  1.1  0.0122059
28  1.2  0.00826986
28  1.3  0.00561404
28  1.4  0.00381235
28  1.5  0.0026166
26  11.0  1.68947e-12
28  1.6  0.00179983
28  1.7  0.00124635
28  1.8  0.000873513
28  1.9  0.000607578
26  11.5  7.99393e-13
28  2.0  0.000426918
28  2.5  7.96011e-05
28  3.0  1.58112e-05
28  3.5  4.13333e-06
28  4.0  9.91368e-07
28  4.5  2.74974e-07
28  5.0  8.21184e-08
28  6.0  8.80313e-09
28  5.5  2.60923e-08
28  6.5  3.12055e-09
28  7.0  1.14134e-09
28  7.5  4.37649e-10
28  8.0  1.7398e-10
28  8.5  7.13053e-11
28  10.0  5.83567e-12
28  9.0  2.97418e-11
28  9.5  1.30963e-11
30  0.2  0.229043
30  0.3  0.177628
30  0.4  0.131569
30  0.5  0.0939066
28  11.5  5.79809e-13
28  10.5  2.64399e-12
30  0.6  0.0653147
30  0.7  0.0446171
30  0.8  0.0301413
30  0.9  0.0202637
28  11.0  1.22359e-12
30  1.2  0.00615937
30  1.0  0.0135706
30  1.1  0.00910515
30  1.3  0.00413886
30  1.4  0.00279682
30  1.5  0.00190462
30  1.6  0.00131176
30  1.7  0.000902931
30  1.8  0.000622145
30  1.9  0.000433779
30  2.0  0.000303932
30  2.5  5.54145e-05
30  3.0  1.21672e-05
30  3.5  2.84134e-06
28  12.0  2.78149e-13
30  4.0  6.72536e-07
30  4.5  1.84988e-07
30  5.0  5.48842e-08
30  5.5  1.7324e-08
30  7.5  2.87984e-10
30  6.0  5.79071e-09
30  6.5  2.03506e-09
30  8.0  1.13693e-10
30  7.0  7.47416e-10
30  8.5  4.62355e-11
30  9.0  1.94883e-11
30  10.5  1.69487e-12
30  9.5  8.41511e-12
32  0.2  0.165897
32  0.3  0.1277
32  0.4  0.0936676
30  10.0  3.73318e-12
32  0.5  0.0661429
32  0.6  0.04548
32  0.7  0.0307763
32  0.8  0.0205662
32  0.9  0.0137115
30  11.5  3.70993e-13
32  1.0  0.00909829
32  1.1  0.00606412
32  1.3  0.00270763
32  1.2  0.00403087
30  11.0  7.826e-13
32  1.4  0.00181896
32  1.5  0.00122799
32  1.6  0.000840042
32  1.7  0.000584424
32  1.9  0.000277086
32  1.8  0.000397072
32  2.0  0.000195694
32  2.5  3.41855e-05
32  3.0  7.41781e-06
32  3.5  1.57057e-06
30  12.0  1.7681e-13
32  4.5  1.08604e-07
32  4.0  3.95129e-07
32  5.0  3.16297e-08
32  5.5  9.91644e-09
32  7.5  1.59917e-10
32  6.0  3.29055e-09
32  6.5  1.14852e-09
32  7.0  4.19001e-10
32  8.0  6.27865e-11
32  8.5  2.55493e-11
32  9.0  1.07195e-11
32  10.5  9.19497e-13
32  9.5  4.61031e-12
32  11.0  4.26831e-13
34  0.2  0.107865
32  10.0  2.01777e-12
34  0.3  0.0821898
34  0.4  0.0595704
34  0.5  0.0415553
34  0.6  0.0282068
32  12.0  9.62705e-14
34  0.7  0.0188326
34  0.8  0.0124193
34  1.0  0.00539032
34  0.9  0.00817487
34  1.1  0.00355066
34  1.2  0.00234775
34  1.3  0.00156101
34  1.5  0.000698432
34  1.4  0.00103806
34  1.6  0.000469214
34  1.7  0.000320544
34  1.8  0.000223243
34  1.9  0.000153549
34  2.0  0.000107136
34  2.5  1.80632e-05
34  3.0  3.56868e-06
34  3.5  9.61141e-07
32  11.5  1.9939e-13
34  4.0  1.98161e-07
34  4.5  5.33772e-08
34  5.0  1.54794e-08
34  5.5  4.80251e-09
34  7.5  7.53377e-11
34  6.0  1.57837e-09
34  6.5  5.46347e-10
34  7.0  1.97652e-10
34  8.0  2.93193e-11
34  8.5  1.18592e-11
34  10.0  9.2644e-13
34  9.5  2.11218e-12
34  9.0  4.92081e-12
34  10.5  4.16972e-13
4  0.2  0.538787
4  0.4  0.325798
4  0.3  0.427798
4  0.5  0.240071
4  0.6  0.172397
4  0.7  0.121698
4  0.8  0.0849042
4  0.9  0.0587724
34  11.5  8.96038e-14
4  1.0  0.0405551
4  1.1  0.0279477
4  1.3  0.0134283
4  1.2  0.0192661
4  1.4  0.00924565
34  11.0  1.91076e-13
4  1.5  0.00645186
4  1.6  0.0045069
4  1.7  0.00317462
4  1.8  0.00225691
4  1.9  0.00160856
4  2.0  0.00112164
4  3.0  4.70201e-05
4  2.5  0.000218036
4  3.5  1.25005e-05
34  12.0  4.26084e-14
4  5.0  2.67312e-07
4  4.0  3.06603e-06
4  4.5  8.71151e-07
4  5.5  8.58122e-08
4  6.0  2.92684e-08
4  7.0  3.9547e-09
4  6.5  1.04783e-08
4  7.5  1.51818e-09
4  8.0  6.08998e-10
4  8.5  2.52718e-10
4  10.0  2.10135e-11
4  9.0  1.07505e-10
4  11.0  4.53681e-12
4  9.5  4.69877e-11
6  0.2  0.534496
6  0.3  0.424201
6  0.4  0.323163
4  10.5  9.6454e-12
6  0.6  0.170768
6  0.5  0.237937
6  0.7  0.12051
6  0.8  0.0840799
6  0.9  0.0582228
6  1.0  0.0402421
4  11.5  2.1435e-12
6  1.1  0.0276431
6  1.2  0.0190548
6  1.4  0.00920066
6  1.3  0.0131631
6  1.5  0.00637557
6  1.7  0.00313635
6  1.6  0.0044758
6  1.8  0.00219492
6  1.9  0.00159234
6  2.0  0.00111724
6  3.0  4.65351e-05
6  2.5  0.000219045
6  3.5  1.11407e-05
4  12.0  1.03563e-12
6  5.0  2.63072e-07
6  4.0  3.01917e-06
6  4.5  8.57471e-07
6  5.5  8.4362e-08
6  6.0  2.87968e-08
6  7.0  3.86078e-09
6  6.5  1.03047e-08
6  7.5  1.49093e-09
6  8.0  5.98665e-10
6  8.5  2.48282e-10
6  10.0  2.06548e-11
6  9.0  1.05665e-10
6  9.5  4.61932e-11
6  11.5  2.10929e-12
8  0.2  0.528165
8  0.3  0.418993
8  0.4  0.319142
6  10.5  9.47387e-12
8  0.5  0.234939
8  0.6  0.168461
8  0.7  0.118834
8  0.8  0.0828384
8  0.9  0.0573502
8  1.0  0.0396271
8  1.1  0.0272059
8  1.2  0.0187721
6  11.0  4.42019e-12
8  1.3  0.0129538
8  1.4  0.00904748
8  1.5  0.00627152
8  1.7  0.00308176
8  1.8  0.00218921
8  1.6  0.00436553
8  1.9  0.00153044
8  2.0  0.00109814
8  2.5  0.000212053
8  3.0  4.49525e-05
8  3.5  1.18395e-05
8  5.0  2.57052e-07
6  12.0  1.01561e-12
8  4.0  2.95271e-06
8  4.5  8.38595e-07
8  5.5  8.23634e-08
8  7.0  3.78654e-09
8  6.0  2.81213e-08
8  6.5  1.00522e-08
8  7.5  1.45505e-09
8  8.0  5.834e-10
8  8.5  2.421e-10
8  10.0  2.01397e-11
8  9.0  1.02741e-10
8  9.5  4.50509e-11
8  11.0  4.30104e-12
8  10.5  9.23642e-12
8  11.5  2.04789e-12
8  12.0  9.9011e-13
