# exclusive D0 cross section, Pb target, LHAPDF fragmentation, An0n channel
# generated      : 2026-08-19 15:24:12 EEST
# calls          : 1e5 below 4.0 GeV, 2e3 above (see EXCL_PT_THRESHOLD) (VEGAS calls per point, see CALLS_EXCL/CALLS_EXCL_FACTORIZED/CALLS_DIFF)
# dipole samples : data/Pb/bk_posterior/member_0041/glauber_mve_<b>
# pD0 sweep      : 0.2 0.3 0.4 0.5 0.6 0.7 0.8 0.9 1.0 1.1 1.2 1.3 1.4 1.5 1.6 1.7 1.8 1.9 2.0 2.5 3.0 3.5 4.0 4.5 5.0 5.5 6.0 6.5 7.0 7.5 8.0 8.5 9.0 9.5 10.0 10.5 11.0 11.5 12.0
# fixed rapidity y : 3.0
# ============================================================
# b  pD0  dsigma_dyd2pD0
0  0.5  0.242535
0  0.2  0.540166
0  0.3  0.429243
0  0.4  0.327682
0  0.6  0.175541
0  0.7  0.125126
0  0.9  0.062102
0  0.8  0.088256
0  1.0  0.0435277
0  1.3  0.0150567
0  1.1  0.0304477
0  1.2  0.0214
0  1.5  0.00756475
0  1.4  0.0106608
0  1.6  0.00541838
0  1.8  0.00276834
0  1.7  0.00386134
0  2.0  0.00145419
0  1.9  0.00199946
0  3.0  7.12822e-05
0  2.5  0.000316291
0  3.5  1.97035e-05
0  4.5  1.6599e-06
0  4.0  5.48735e-06
0  5.0  5.33621e-07
0  5.5  1.81772e-07
0  6.0  6.50112e-08
0  6.5  2.42854e-08
0  7.0  9.45434e-09
0  7.5  3.81318e-09
0  8.0  1.58619e-09
0  8.5  6.80109e-10
0  10.0  6.22359e-11
0  9.0  2.99617e-10
0  10.5  2.94879e-11
0  9.5  1.35279e-10
0  11.0  1.40161e-11
10  0.2  0.518095
10  0.3  0.410904
10  0.4  0.31337
10  0.5  0.231618
10  0.6  0.16734
10  0.7  0.119111
10  0.8  0.0839912
10  0.9  0.058898
10  1.0  0.0412175
10  1.1  0.0288235
10  1.2  0.0202001
10  1.3  0.0142051
10  1.4  0.0100259
10  1.5  0.00709393
10  1.6  0.00508481
10  1.8  0.00259978
10  1.7  0.00361457
10  1.9  0.00188927
10  2.0  0.00136091
10  3.0  6.55261e-05
10  2.5  0.000294826
10  3.5  1.76223e-05
0  11.5  6.85453e-12
0  12.0  3.40595e-12
10  4.5  1.53089e-06
10  4.0  5.06396e-06
10  5.0  4.91016e-07
10  5.5  1.6718e-07
10  6.0  5.9713e-08
10  6.5  2.22848e-08
10  7.0  8.66535e-09
10  7.5  3.50116e-09
10  8.0  1.45143e-09
10  9.0  2.736e-10
10  8.5  6.217e-10
10  10.0  5.68385e-11
10  10.5  2.69329e-11
10  11.0  1.2815e-11
10  9.5  1.23198e-10
12  0.2  0.508013
12  0.3  0.402402
12  0.4  0.306572
12  0.5  0.226547
12  0.6  0.163581
12  0.7  0.116328
12  0.8  0.0818929
12  0.9  0.0574051
12  1.0  0.0401315
12  1.1  0.0280996
12  1.2  0.0196699
12  1.3  0.0138118
12  1.4  0.00974868
12  1.5  0.00688615
12  1.7  0.00353983
12  1.6  0.00494532
12  1.8  0.00253444
12  1.9  0.0018313
12  2.0  0.00131966
12  3.0  6.30202e-05
12  2.5  0.000281717
12  3.5  1.645e-05
10  11.5  6.24896e-12
10  12.0  3.1062e-12
12  4.5  1.47328e-06
12  4.0  4.87338e-06
12  5.0  4.72301e-07
12  5.5  1.6056e-07
12  6.0  5.73709e-08
12  6.5  2.14058e-08
12  7.0  8.31201e-09
12  7.5  3.35913e-09
12  8.0  1.39194e-09
12  9.5  1.19863e-10
12  8.5  5.9609e-10
12  10.0  5.44492e-11
12  10.5  2.54257e-11
12  9.0  2.62502e-10
12  11.0  1.22679e-11
14  0.2  0.495201
14  0.3  0.392102
14  0.4  0.29875
14  0.5  0.220331
14  0.6  0.158929
14  0.7  0.112814
14  0.8  0.0793395
14  0.9  0.0555618
14  1.0  0.0387459
14  1.1  0.0271612
14  1.2  0.0189637
14  1.3  0.0133385
14  1.4  0.00945989
14  1.5  0.00664024
14  1.6  0.00475535
14  1.7  0.00340783
14  1.8  0.00242563
14  1.9  0.00175496
14  2.0  0.00126595
14  2.5  0.000271339
14  3.0  6.33049e-05
14  3.5  1.78096e-05
12  11.5  5.98075e-12
12  12.0  2.9716e-12
14  5.0  4.54996e-07
14  4.5  1.40305e-06
14  4.0  4.64887e-06
14  5.5  1.53162e-07
14  6.0  5.45586e-08
14  6.5  2.03296e-08
14  7.0  7.89128e-09
14  7.5  3.17924e-09
14  8.5  5.64018e-10
14  9.0  2.51326e-10
14  8.0  1.32092e-09
14  10.5  2.43904e-11
14  11.0  1.16134e-11
14  9.5  1.11905e-10
16  0.2  0.479859
16  0.3  0.379446
14  11.5  5.64795e-12
14  10.0  5.15864e-11
16  0.4  0.28887
16  0.5  0.212805
16  0.6  0.153304
16  0.7  0.108794
16  0.8  0.0763911
16  0.9  0.0534114
16  1.0  0.0372724
16  1.1  0.0259799
16  1.2  0.0181794
16  1.3  0.0127432
16  1.4  0.00903853
16  1.5  0.00641892
16  1.7  0.00324676
16  1.6  0.00453257
16  1.8  0.00230425
16  1.9  0.00166627
16  2.0  0.00121565
16  2.5  0.000256409
16  3.0  5.97386e-05
16  3.5  1.5037e-05
14  12.0  2.81845e-12
16  5.0  4.27042e-07
16  4.0  4.40002e-06
16  4.5  1.32146e-06
16  5.5  1.43487e-07
16  7.0  7.41026e-09
16  6.0  5.11995e-08
16  6.5  1.90777e-08
16  8.5  5.29815e-10
16  7.5  2.97851e-09
16  8.0  1.23614e-09
16  9.0  2.32642e-10
16  9.5  1.04677e-10
16  11.0  1.08455e-11
18  0.2  0.461314
18  0.3  0.364363
16  11.5  5.27914e-12
16  10.5  2.27025e-11
18  0.4  0.277072
18  0.5  0.203757
18  0.6  0.146555
18  0.7  0.103809
18  0.8  0.0728167
18  0.9  0.0508711
16  10.0  4.8196e-11
18  1.0  0.03542
18  1.1  0.0246568
18  1.2  0.0172234
18  1.4  0.00854247
18  1.3  0.0120568
18  1.6  0.00427441
18  1.5  0.0059876
18  1.7  0.00305405
18  1.8  0.00217124
18  1.9  0.00157494
18  2.0  0.00113032
18  2.5  0.000238631
18  3.0  5.3899e-05
18  3.5  1.43249e-05
16  12.0  2.62602e-12
18  4.0  4.08717e-06
18  4.5  1.22635e-06
18  5.5  1.33101e-07
18  5.0  3.91865e-07
18  6.0  4.73111e-08
18  7.0  6.84755e-09
18  6.5  1.76256e-08
18  7.5  2.74699e-09
18  8.0  1.14131e-09
18  8.5  4.8787e-10
18  9.0  2.14238e-10
18  11.0  9.97667e-12
18  9.5  9.66e-11
2  0.2  0.539329
18  10.5  2.08795e-11
2  0.3  0.428511
2  0.4  0.327129
2  0.5  0.242113
2  0.6  0.175223
18  10.0  4.43115e-11
2  0.7  0.124897
2  0.8  0.0882524
2  0.9  0.0619592
2  1.0  0.0434366
2  1.1  0.0304094
2  1.2  0.0213562
2  1.3  0.015023
2  1.4  0.0106348
2  1.5  0.00760559
2  1.6  0.0054049
2  1.8  0.00276882
2  1.7  0.00384406
2  1.9  0.00200372
2  2.0  0.00145054
2  2.5  0.000315333
2  3.0  7.11802e-05
2  3.5  1.97258e-05
18  11.5  4.86692e-12
18  12.0  2.40847e-12
2  4.5  1.65496e-06
2  4.0  5.47064e-06
2  5.0  5.31954e-07
2  5.5  1.81203e-07
2  6.0  6.48014e-08
2  6.5  2.42058e-08
2  7.0  9.42297e-09
2  7.5  3.80075e-09
2  8.0  1.58091e-09
2  8.5  6.77822e-10
2  10.0  6.20232e-11
2  9.0  2.98638e-10
2  10.5  2.93652e-11
2  11.0  1.3969e-11
2  9.5  1.34763e-10
20  0.2  0.438829
20  0.3  0.346181
20  0.4  0.262812
20  0.5  0.192858
20  0.6  0.138464
20  0.7  0.0977679
20  0.8  0.0684214
20  0.9  0.04774
20  1.0  0.033247
20  1.1  0.0230811
20  1.2  0.0160907
20  1.4  0.0079586
20  1.3  0.0112471
20  1.5  0.00557094
20  1.6  0.00397411
20  1.7  0.00281286
20  1.9  0.00145873
20  2.0  0.00107371
20  1.8  0.0020119
20  2.5  0.000220467
20  3.0  4.96723e-05
20  3.5  1.29331e-05
2  11.5  6.83023e-12
2  12.0  3.39395e-12
20  4.5  1.11716e-06
20  4.0  3.71065e-06
20  5.0  3.56394e-07
20  5.5  1.20596e-07
20  6.0  4.29286e-08
20  7.0  6.19856e-09
20  6.5  1.59673e-08
20  8.5  4.45207e-10
20  7.5  2.48236e-09
20  9.0  1.94666e-10
20  8.0  1.03067e-09
20  11.0  8.97236e-12
20  9.5  8.68677e-11
22  0.2  0.41156
22  0.3  0.324405
22  0.4  0.245544
20  10.0  3.99515e-11
22  0.6  0.128718
22  0.5  0.179756
22  0.7  0.0907619
22  0.8  0.063266
22  0.9  0.0440838
20  10.5  1.86536e-11
22  1.1  0.0212313
22  1.0  0.0305779
22  1.2  0.0147549
22  1.4  0.00728502
22  1.3  0.0102883
22  1.6  0.00362002
22  1.5  0.00513007
22  1.7  0.00257713
22  1.8  0.00183157
22  2.0  0.000958841
22  1.9  0.00130848
22  2.5  0.000199476
22  3.0  4.38313e-05
22  3.5  1.17129e-05
20  11.5  4.37727e-12
20  12.0  2.16432e-12
22  4.5  9.91998e-07
22  4.0  3.30609e-06
22  6.0  3.81496e-08
22  5.0  3.15967e-07
22  5.5  1.0714e-07
22  6.5  1.41984e-08
22  7.0  5.44958e-09
22  7.5  2.18235e-09
22  9.5  7.64838e-11
22  8.0  9.05629e-10
22  8.5  3.86314e-10
22  10.0  3.50142e-11
22  9.0  1.6965e-10
22  10.5  1.66106e-11
22  11.0  7.85265e-12
24  0.2  0.378289
24  0.3  0.297324
24  0.4  0.224367
24  0.5  0.163792
24  0.6  0.116915
24  0.7  0.0822211
24  0.8  0.0572104
24  0.9  0.039591
24  1.0  0.0274418
24  1.1  0.0189896
24  1.2  0.01315
24  1.3  0.00916626
24  1.4  0.00640313
22  11.5  3.82141e-12
24  1.6  0.0032071
24  1.5  0.00450681
24  1.7  0.00227767
24  1.8  0.00163253
24  1.9  0.0011658
24  2.0  0.000833031
24  3.0  3.9079e-05
24  2.5  0.000174736
24  3.5  1.09775e-05
22  12.0  1.88993e-12
24  5.0  2.72805e-07
24  4.5  8.49978e-07
24  4.0  2.83955e-06
24  5.5  9.13527e-08
24  7.5  1.86066e-09
24  6.0  3.22208e-08
24  6.5  1.19539e-08
24  8.0  7.71989e-10
24  7.0  4.61376e-09
24  9.0  1.43651e-10
24  8.5  3.26417e-10
24  9.5  6.41931e-11
24  11.0  6.59297e-12
24  10.0  2.94046e-11
26  0.2  0.337343
26  0.3  0.264267
26  0.4  0.198676
26  0.5  0.144537
26  0.6  0.102597
26  0.7  0.0718125
26  0.8  0.0497496
26  0.9  0.0343351
26  1.0  0.0236657
24  10.5  1.38075e-11
26  1.1  0.0163574
26  1.2  0.0112794
26  1.3  0.00784393
26  1.4  0.00545583
26  1.5  0.00386141
26  1.6  0.00269449
26  1.7  0.00191103
26  1.9  0.000989839
26  1.8  0.00135856
26  2.5  0.000143644
26  2.0  0.000698751
26  3.0  3.28655e-05
26  3.5  8.23706e-06
24  11.5  3.20677e-12
24  12.0  1.58469e-12
26  5.5  7.34799e-08
26  4.0  2.32223e-06
26  4.5  6.89147e-07
26  5.0  2.18893e-07
26  7.0  3.7106e-09
26  6.0  2.59488e-08
26  8.0  6.20357e-10
26  6.5  9.60941e-09
26  7.5  1.47901e-09
26  8.5  2.62827e-10
26  10.5  1.08786e-11
26  9.0  1.13697e-10
26  9.5  5.09647e-11
26  10.0  2.33358e-11
28  0.2  0.287074
28  0.3  0.224101
28  0.4  0.167636
28  0.6  0.0855636
28  0.5  0.121223
28  0.7  0.0595818
28  0.8  0.0410862
28  0.9  0.0281798
28  1.0  0.0193277
28  1.1  0.0132784
28  1.2  0.0091133
28  1.3  0.00630811
28  1.4  0.00438217
28  1.5  0.00308431
26  11.0  5.21739e-12
28  1.6  0.0021479
28  1.7  0.00151476
28  1.8  0.00107557
28  1.9  0.000778682
28  2.0  0.000551014
28  2.5  0.000111581
28  3.0  2.39022e-05
28  3.5  6.53239e-06
26  11.5  2.53706e-12
26  12.0  1.25082e-12
28  4.5  5.19876e-07
28  5.0  1.6424e-07
28  4.0  1.75856e-06
28  5.5  5.4797e-08
28  6.5  7.1213e-09
28  7.5  1.10622e-09
28  6.0  1.92957e-08
28  8.0  4.51366e-10
28  7.0  2.73162e-09
28  8.5  1.90497e-10
28  9.0  8.30951e-11
28  10.5  7.97433e-12
28  9.5  3.71925e-11
30  0.2  0.228232
30  0.3  0.177164
30  0.4  0.1316
28  10.0  1.69965e-11
30  0.5  0.0944293
30  0.6  0.0662098
30  0.7  0.0456761
30  0.8  0.0312618
30  0.9  0.0213141
30  1.0  0.0145096
30  1.1  0.00989992
30  1.2  0.00676983
30  1.3  0.00464424
30  1.4  0.00321077
30  1.5  0.00225275
30  1.6  0.00157524
30  1.7  0.00109667
30  1.8  0.000776778
30  1.9  0.000547993
28  11.0  3.78628e-12
30  2.0  0.000398056
30  2.5  7.89652e-05
30  3.5  3.92415e-06
30  3.0  1.78571e-05
28  11.5  1.83839e-12
28  12.0  9.04909e-13
30  4.5  3.50727e-07
30  5.5  3.72391e-08
30  5.0  1.09829e-07
30  4.0  1.19487e-06
30  6.0  1.28996e-08
30  7.0  1.79428e-09
30  7.5  7.13768e-10
30  6.5  4.68908e-09
30  8.0  2.92545e-10
30  8.5  1.23611e-10
30  9.0  5.37436e-11
30  9.5  2.39997e-11
30  11.0  2.42692e-12
32  0.2  0.165347
30  10.0  1.09498e-11
32  0.3  0.127345
32  0.4  0.093668
32  0.5  0.0665309
32  0.6  0.046135
30  10.5  5.09824e-12
32  0.7  0.0315334
32  0.8  0.0213709
32  1.0  0.00972546
32  0.9  0.0144222
32  1.1  0.00657791
32  1.2  0.00447375
32  1.3  0.00305507
32  1.4  0.00209358
32  1.5  0.00144543
32  1.6  0.000999459
32  1.7  0.000704179
32  1.9  0.000350729
32  1.8  0.000490936
32  2.0  0.000247192
32  2.5  4.76851e-05
32  3.0  1.02835e-05
32  3.5  2.78086e-06
30  11.5  1.17168e-12
30  12.0  5.76899e-13
32  4.0  7.05386e-07
32  4.5  2.04219e-07
32  6.0  7.30889e-09
32  5.0  6.33795e-08
32  5.5  2.08853e-08
32  6.5  2.64244e-09
32  7.0  1.01327e-09
32  7.5  3.97895e-10
32  8.0  1.62503e-10
32  8.5  6.84193e-11
32  9.0  2.96059e-11
32  9.5  1.31615e-11
34  0.2  0.107523
34  0.3  0.0819328
32  10.0  5.97925e-12
34  0.4  0.0595977
34  0.5  0.0418322
34  0.6  0.028584
34  0.7  0.0193235
34  0.8  0.0129326
34  0.9  0.0086384
32  10.5  2.77846e-12
34  1.0  0.00575544
34  1.1  0.00385434
32  11.0  1.31525e-12
34  1.2  0.00259223
34  1.3  0.00175567
34  1.4  0.00119268
34  1.5  0.000814816
34  1.6  0.000562395
34  1.8  0.000272029
34  1.7  0.000389844
34  1.9  0.000195255
34  2.0  0.000137776
34  3.0  5.21394e-06
34  2.5  2.55922e-05
34  3.5  1.24956e-06
32  11.5  6.34072e-13
32  12.0  3.11042e-13
34  4.5  1.01603e-07
34  5.0  3.1123e-08
34  4.0  3.54331e-07
34  5.5  1.01363e-08
34  7.5  1.88407e-10
34  6.5  1.25533e-09
34  6.0  3.49162e-09
34  7.0  4.76507e-10
34  8.5  3.18499e-11
34  8.0  7.57465e-11
34  9.0  1.3687e-11
34  9.5  6.02804e-12
4  0.2  0.536727
4  0.3  0.426071
34  10.0  2.72514e-12
4  0.4  0.325465
4  0.5  0.240841
4  0.6  0.174261
4  0.7  0.124179
34  10.5  1.25881e-12
4  0.8  0.0878142
4  1.0  0.0431622
4  0.9  0.0615912
4  1.1  0.0302156
4  1.2  0.0212866
4  1.3  0.014921
4  1.4  0.0105512
4  1.5  0.00755768
4  1.6  0.00536187
4  1.8  0.00275298
4  1.7  0.00381676
4  1.9  0.00198751
4  2.0  0.00144553
34  11.0  5.93848e-13
4  2.5  0.000313043
4  3.0  7.05557e-05
4  3.5  1.98531e-05
34  11.5  2.85685e-13
34  12.0  1.39348e-13
4  4.5  1.63963e-06
4  4.0  5.42072e-06
4  5.0  5.26942e-07
4  5.5  1.79364e-07
4  6.0  6.41718e-08
4  6.5  2.39709e-08
4  7.0  9.32939e-09
4  7.5  3.76224e-09
4  8.0  1.56485e-09
4  10.0  6.13798e-11
4  8.5  6.70829e-10
4  9.0  2.95579e-10
4  10.5  2.90797e-11
4  9.5  1.32907e-10
4  11.0  1.38327e-11
6  0.2  0.532583
6  0.3  0.422578
6  0.4  0.322688
6  0.5  0.2387
6  0.6  0.172643
6  0.7  0.123049
6  0.8  0.0867516
6  0.9  0.0609582
6  1.0  0.0427131
6  1.1  0.0298639
6  1.2  0.0210004
6  1.3  0.0147557
6  1.4  0.0104397
6  1.5  0.00747142
6  1.6  0.00529646
6  1.7  0.00377593
6  1.8  0.00271342
6  2.5  0.000313021
6  1.9  0.00196281
6  2.0  0.00143448
6  3.0  6.88254e-05
6  3.5  1.82012e-05
4  11.5  6.75739e-12
4  12.0  3.35794e-12
6  4.5  1.61397e-06
6  4.0  5.33417e-06
6  5.5  1.77035e-07
6  5.0  5.19027e-07
6  6.0  6.31191e-08
6  6.5  2.35759e-08
6  7.0  9.18315e-09
6  7.5  3.69711e-09
6  8.0  1.53798e-09
6  8.5  6.59597e-10
6  10.0  6.03065e-11
6  9.0  2.90367e-10
6  10.5  2.84816e-11
6  9.5  1.30647e-10
6  11.0  1.35898e-11
8  0.2  0.526201
8  0.3  0.417731
8  0.4  0.318717
8  0.5  0.235641
8  0.6  0.17034
8  0.7  0.121313
8  0.8  0.0856173
8  0.9  0.0599943
8  1.0  0.0420742
8  1.1  0.0294717
8  1.2  0.0206476
8  1.3  0.0145258
8  1.4  0.0102531
8  1.5  0.00733784
8  1.6  0.00521247
8  1.8  0.00267985
8  1.7  0.00369907
8  1.9  0.00192764
8  2.0  0.00139689
8  2.5  0.000303251
8  3.0  6.72239e-05
8  3.5  1.77068e-05
6  11.5  6.64767e-12
6  12.0  3.29786e-12
8  4.5  1.57792e-06
8  4.0  5.2143e-06
8  5.0  5.06599e-07
8  5.5  1.7244e-07
8  6.0  6.16508e-08
8  6.5  2.30178e-08
8  7.0  8.94968e-09
8  7.5  3.61407e-09
8  8.0  1.50017e-09
8  10.0  5.87808e-11
8  8.5  6.47767e-10
8  9.0  2.83223e-10
8  9.5  1.27452e-10
8  11.0  1.32546e-11
8  10.5  2.76747e-11
8  11.5  6.4695e-12
8  12.0  3.21351e-12
