# exclusive D0 cross section, Pb target, KniehlKramer fragmentation, An0n channel
# generated      : 2026-10-01 16:51:52 EEST
# flux_model     : EFF (TARGET=AA)
# calls         : 1e5 below 4.0 GeV, 2e3 above (see EXCL_PT_THRESHOLD) (VEGAS calls per point, see CALLS_EXCL/CALLS_EXCL_FACTORIZED/CALLS_DIFF)
# dipole samples : data/Pb/mve/glauber_mve_<b>
# pD0 sweep      : 0.2 0.3 0.4 0.5 0.6 0.7 0.8 0.9 1.0 1.1 1.2 1.3 1.4 1.5 1.6 1.7 1.8 1.9 2.0 2.5 3.0 3.5 4.0 4.5 5.0 5.5 6.0 6.5 7.0 7.5 8.0 8.5 9.0 9.5 10.0 10.5 11.0 11.5 12.0
# fixed rapidity y : -1.5
# ============================================================
# b  pD0  dsigma_dyd2pD0
0  0.2  8.61086
0  0.3  6.25808
0  0.4  4.52843
0  0.6  2.319
0  0.5  3.25727
0  0.8  1.1662
0  0.7  1.64538
0  0.9  0.819608
0  1.0  0.579074
0  1.2  0.293208
0  1.1  0.408834
0  1.3  0.206362
0  1.4  0.14939
0  1.6  0.0779987
0  1.5  0.107043
0  1.7  0.0567217
0  1.8  0.0418745
0  2.0  0.0226999
0  1.9  0.0310997
0  2.5  0.00551556
0  3.0  0.00145827
0  3.5  0.000448672
0  7.0  1.34987e-06
0  4.0  0.000151693
0  5.5  1.04639e-05
0  5.0  2.38618e-05
0  4.5  5.78942e-05
0  6.0  5.01811e-06
0  6.5  2.56093e-06
0  8.0  4.34157e-07
0  8.5  2.60991e-07
0  7.5  7.58878e-07
0  9.5  1.02374e-07
10  0.2  8.07986
10  0.3  5.86535
0  9.0  1.62788e-07
10  0.4  4.23344
10  0.5  3.03556
10  0.7  1.52771
10  0.6  2.15962
10  0.8  1.07657
10  0.9  0.758135
10  1.0  0.537145
0  10.0  6.73313e-08
10  1.1  0.380648
10  1.2  0.269936
0  10.5  4.46227e-08
10  1.3  0.189023
10  1.4  0.135841
10  1.5  0.099534
10  1.6  0.0723127
0  11.0  3.00914e-08
10  1.7  0.0518026
10  1.9  0.0288885
10  1.8  0.0380497
10  2.5  0.00511156
10  2.0  0.021171
0  11.5  1.8884e-08
10  3.0  0.00131754
10  3.5  0.000404955
0  12.0  1.45903e-08
10  7.0  1.21907e-06
10  4.0  0.000136838
10  5.0  2.12639e-05
10  5.5  9.44806e-06
10  6.0  4.50745e-06
10  4.5  5.22554e-05
10  6.5  2.31231e-06
10  8.0  3.92152e-07
10  8.5  2.35863e-07
10  7.5  6.85405e-07
10  9.5  9.25209e-08
12  0.2  7.84183
12  0.3  5.68435
10  9.0  1.45867e-07
12  0.4  4.10302
12  0.5  2.93977
12  0.6  2.08789
12  0.7  1.4786
10  10.0  6.08574e-08
12  0.8  1.04197
12  0.9  0.729015
10  10.5  4.03766e-08
12  1.0  0.51292
12  1.1  0.361222
12  1.2  0.255171
12  1.3  0.181992
12  1.5  0.0941674
12  1.4  0.130296
12  1.6  0.0673001
10  11.0  2.73874e-08
12  1.7  0.0488592
12  1.8  0.0351446
12  1.9  0.0269029
10  11.5  1.88221e-08
12  2.5  0.0050533
12  2.0  0.0203045
12  3.0  0.00126906
12  3.5  0.000385847
10  12.0  1.31594e-08
12  7.0  1.15656e-06
12  4.0  0.000130381
12  5.0  2.02587e-05
12  5.5  8.99893e-06
12  6.0  4.28182e-06
12  4.5  4.97773e-05
12  6.5  2.2032e-06
12  8.0  3.74109e-07
12  8.5  2.24721e-07
12  7.5  6.53224e-07
12  9.5  8.81667e-08
14  0.2  7.55184
14  0.3  5.46188
12  9.0  1.40242e-07
14  0.4  3.94024
14  0.5  2.81123
14  0.6  1.99629
14  0.7  1.41293
14  0.8  0.990003
14  0.9  0.697101
12  10.0  5.80064e-08
14  1.0  0.488472
12  10.5  3.84713e-08
14  1.1  0.34309
14  1.2  0.245226
14  1.3  0.174445
14  1.4  0.123821
14  1.5  0.091058
14  1.6  0.0656207
12  11.0  2.61142e-08
14  1.7  0.046714
14  1.8  0.0349279
14  1.9  0.025878
12  11.5  1.79472e-08
14  2.0  0.0191476
14  2.5  0.00458314
14  3.0  0.0011947
14  3.5  0.000362995
12  12.0  1.25608e-08
14  5.5  8.50127e-06
14  4.0  0.000122615
14  5.0  1.9057e-05
14  6.0  4.03191e-06
14  7.0  1.08836e-06
14  4.5  4.68274e-05
14  6.5  2.07314e-06
14  8.5  2.11508e-07
14  7.5  6.14277e-07
14  8.0  3.54926e-07
16  0.2  7.1943
14  9.5  8.30042e-08
16  0.3  5.2067
16  0.4  3.74758
14  9.0  1.31859e-07
16  0.5  2.66964
16  0.6  1.89271
16  0.7  1.33546
16  0.8  0.938351
14  10.0  5.46143e-08
16  0.9  0.656338
16  1.0  0.460117
16  1.1  0.322704
16  1.2  0.227349
16  1.3  0.164704
14  10.5  3.62044e-08
16  1.4  0.116152
16  1.5  0.0831916
16  1.6  0.059554
16  1.7  0.0438298
14  11.0  2.45815e-08
16  1.8  0.0318865
16  2.0  0.0177121
16  1.9  0.0241327
14  11.5  1.69109e-08
16  3.0  0.00110143
16  2.5  0.00387722
16  3.5  0.000333567
14  12.0  1.1812e-08
16  5.0  1.76782e-05
16  6.0  3.73519e-06
16  6.5  1.8956e-06
16  4.0  0.000114926
16  7.0  1.00919e-06
16  4.5  4.3389e-05
16  5.5  7.96295e-06
16  8.0  3.26265e-07
16  8.5  1.96197e-07
16  7.5  5.64054e-07
16  9.5  7.69964e-08
18  0.2  6.77244
18  0.3  4.88616
16  9.0  1.22408e-07
18  0.4  3.51564
18  0.5  2.50413
18  0.6  1.76769
16  10.0  5.06529e-08
18  0.7  1.24146
18  0.8  0.872187
18  0.9  0.609215
18  1.0  0.429642
16  10.5  3.36186e-08
18  1.1  0.299799
18  1.2  0.210113
18  1.3  0.148798
18  1.4  0.10668
18  1.5  0.0765886
18  1.6  0.0559774
18  1.7  0.0405669
16  11.0  2.28238e-08
18  1.9  0.021466
18  1.8  0.0292743
18  2.0  0.0166351
18  3.0  0.000999671
18  2.5  0.00315446
16  11.5  1.56926e-08
18  3.5  0.00030379
16  12.0  1.09748e-08
18  6.5  1.72353e-06
18  4.0  0.000103511
18  5.0  1.60927e-05
18  5.5  7.14062e-06
18  7.0  9.19867e-07
18  4.5  3.95006e-05
18  6.0  3.43931e-06
18  8.5  1.78689e-07
18  7.5  5.18842e-07
18  8.0  3.00125e-07
18  9.5  7.01447e-08
2  0.2  8.59047
2  0.3  6.24337
18  9.0  1.11543e-07
2  0.4  4.5189
2  0.5  3.24909
2  0.6  2.31501
2  0.7  1.64082
2  0.8  1.15747
18  10.0  4.62065e-08
2  0.9  0.817544
2  1.0  0.576645
2  1.1  0.407689
2  1.2  0.288541
18  10.5  3.06253e-08
2  1.3  0.2092
2  1.4  0.150297
2  1.5  0.108848
2  1.7  0.056541
2  1.6  0.0785049
18  11.0  2.08269e-08
2  1.8  0.0407089
2  1.9  0.0303251
2  2.0  0.023287
2  2.5  0.00513052
2  3.0  0.00145231
18  11.5  1.42669e-08
2  3.5  0.000446874
18  12.0  9.98965e-09
2  7.0  1.34462e-06
2  4.0  0.000151098
2  4.5  5.76479e-05
2  5.0  2.38069e-05
2  5.5  1.0593e-05
2  6.0  5.04149e-06
2  6.5  2.55118e-06
2  8.5  2.60088e-07
2  7.5  7.55979e-07
2  9.5  1.01949e-07
2  8.0  4.36272e-07
20  0.2  6.28611
20  0.3  4.53018
2  9.0  1.62161e-07
20  0.4  3.24084
20  0.5  2.30056
20  0.6  1.62465
20  0.7  1.13812
20  0.8  0.793894
20  0.9  0.558087
2  10.0  6.70504e-08
20  1.0  0.388718
20  1.1  0.270989
20  1.2  0.192068
2  10.5  4.44909e-08
20  1.3  0.134897
20  1.4  0.0967679
20  1.5  0.0683986
2  11.0  2.98603e-08
20  1.6  0.0508442
20  1.7  0.036226
20  1.8  0.0266595
20  1.9  0.0198527
2  11.5  2.07401e-08
20  2.0  0.0149307
20  2.5  0.00350103
20  3.0  0.000890328
20  3.5  0.000270103
2  12.0  1.45235e-08
20  6.5  1.52939e-06
20  4.0  9.20342e-05
20  5.0  1.42971e-05
20  7.0  8.1787e-07
20  4.5  3.51051e-05
20  5.5  6.45932e-06
20  6.0  3.07746e-06
20  8.0  2.64798e-07
20  8.5  1.59123e-07
20  7.5  4.61377e-07
20  9.5  6.24386e-08
22  0.2  5.70601
20  9.0  9.93351e-08
22  0.3  4.09807
22  0.4  2.92419
22  0.5  2.07368
22  0.6  1.45487
22  0.7  1.01905
20  10.0  4.11232e-08
22  0.8  0.707512
22  0.9  0.493815
22  1.0  0.342535
22  1.1  0.242633
22  1.2  0.169164
20  10.5  2.72646e-08
22  1.3  0.119277
22  1.4  0.0859362
22  1.5  0.0615888
22  1.6  0.0445511
20  11.0  1.83034e-08
22  1.7  0.0310948
22  1.8  0.0232362
22  1.9  0.0170842
22  2.0  0.0128793
22  2.5  0.00266808
20  11.5  1.27287e-08
22  3.0  0.00076798
22  3.5  0.000232705
20  12.0  8.91455e-09
22  6.5  1.32023e-06
22  7.0  7.03875e-07
22  4.0  7.92844e-05
22  5.5  5.47852e-06
22  6.0  2.60915e-06
22  4.5  3.025e-05
22  5.0  1.24777e-05
22  8.0  2.28201e-07
22  8.5  1.37136e-07
22  7.5  3.97718e-07
22  9.5  5.38471e-08
24  0.2  5.01516
24  0.3  3.58938
22  9.0  8.5616e-08
24  0.4  2.55116
24  0.5  1.80139
24  0.6  1.25839
24  0.7  0.876713
24  0.8  0.607145
22  10.0  3.54826e-08
24  0.9  0.420797
24  1.0  0.295126
24  1.1  0.203775
22  10.5  2.3519e-08
24  1.2  0.141575
24  1.3  0.100271
24  1.4  0.0712189
24  1.5  0.052038
22  11.0  1.59736e-08
24  1.7  0.025328
24  1.6  0.0365575
24  1.8  0.0196292
24  1.9  0.0143528
24  2.0  0.0108102
24  2.5  0.00232416
22  11.5  1.09962e-08
24  3.0  0.000633828
24  3.5  0.000191978
22  12.0  7.69553e-09
24  7.0  5.80731e-07
24  5.5  4.51221e-06
24  6.0  2.14972e-06
24  4.0  6.60534e-05
24  4.5  2.48813e-05
24  5.0  1.02771e-05
24  6.5  1.10395e-06
24  7.5  3.23741e-07
24  8.0  1.88084e-07
24  8.5  1.13125e-07
24  9.5  4.4438e-08
26  0.2  4.20806
26  0.3  2.9989
24  9.0  7.0619e-08
26  0.4  2.12325
26  0.5  1.4867
26  0.6  1.03489
26  0.7  0.716164
26  0.8  0.493955
24  10.0  2.92618e-08
26  0.9  0.341147
26  1.0  0.235289
26  1.1  0.162692
24  10.5  1.94011e-08
26  1.2  0.114606
26  1.3  0.0809247
26  1.4  0.0561759
26  1.5  0.0409253
26  1.6  0.0289448
24  11.0  1.31828e-08
26  1.7  0.0210588
26  1.8  0.0157278
26  1.9  0.0115426
26  2.0  0.0083159
24  11.5  9.07109e-09
26  2.5  0.00169797
26  3.0  0.000490318
26  3.5  0.000149597
24  12.0  6.34668e-09
26  6.0  1.66008e-06
26  7.0  4.48874e-07
26  6.5  8.4091e-07
26  4.0  5.09877e-05
26  4.5  1.92345e-05
26  5.0  7.92481e-06
26  5.5  3.53817e-06
26  7.5  2.50007e-07
26  8.0  1.45495e-07
26  8.5  8.74208e-08
28  0.2  3.28983
26  9.5  3.43536e-08
28  0.3  2.32469
28  0.4  1.63654
26  9.0  5.45602e-08
28  0.5  1.13932
28  0.6  0.786617
28  0.7  0.54222
28  0.8  0.370967
26  10.0  2.26129e-08
28  0.9  0.253249
28  1.0  0.17422
28  1.1  0.120065
28  1.3  0.0586298
28  1.2  0.0839192
26  10.5  1.50015e-08
28  1.4  0.0420058
28  1.5  0.029656
26  11.0  1.01888e-08
28  1.6  0.0209069
28  1.7  0.0149217
28  1.8  0.0114181
28  1.9  0.00809782
28  2.0  0.00585494
26  11.5  7.01205e-09
28  2.5  0.00119762
28  3.0  0.000346115
28  3.5  0.000104307
26  12.0  4.88503e-09
28  7.0  3.14385e-07
28  4.0  3.54597e-05
28  6.0  1.16389e-06
28  6.5  5.89261e-07
28  4.5  1.34789e-05
28  5.0  5.55818e-06
28  5.5  2.47568e-06
28  7.5  1.75296e-07
28  8.0  1.02008e-07
28  8.5  6.12696e-08
30  0.2  2.30934
30  0.3  1.62351
28  9.0  3.82984e-08
30  0.4  1.13135
28  9.5  2.44075e-08
30  0.5  0.779147
30  0.6  0.533566
30  0.7  0.363499
30  0.8  0.248261
28  10.0  1.58771e-08
30  0.9  0.167421
30  1.0  0.113936
30  1.1  0.0788276
28  10.5  1.05318e-08
30  1.2  0.0546892
30  1.3  0.0373342
30  1.4  0.0267663
30  1.5  0.018506
30  1.6  0.0132311
30  1.7  0.00960137
28  11.0  7.16411e-09
30  1.8  0.00684121
30  1.9  0.00496602
30  2.0  0.00377686
30  2.5  0.000710468
30  3.0  0.000215632
30  3.5  6.4086e-05
28  11.5  4.91756e-09
28  12.0  3.44241e-09
30  6.0  7.10518e-07
30  6.5  3.58971e-07
30  5.5  1.49035e-06
30  7.0  1.92318e-07
30  4.0  2.16883e-05
30  4.5  8.24546e-06
30  5.0  3.39784e-06
30  8.0  6.22812e-08
30  8.5  3.73986e-08
30  7.5  1.08553e-07
32  0.2  1.39828
30  9.0  2.34335e-08
32  0.3  0.971865
32  0.4  0.671586
30  9.5  1.49208e-08
32  0.5  0.458146
32  0.6  0.309432
32  0.7  0.208522
32  0.8  0.140206
30  10.0  9.70189e-09
32  0.9  0.0940442
32  1.0  0.0641483
30  10.5  6.44703e-09
32  1.1  0.0431229
32  1.2  0.029798
32  1.3  0.0202371
30  11.0  4.38027e-09
32  1.4  0.0146213
32  1.5  0.0102182
32  1.6  0.00717155
32  1.7  0.00505025
30  11.5  3.01447e-09
32  1.8  0.00364511
32  1.9  0.00260222
32  3.0  0.000110446
32  2.0  0.0020201
32  2.5  0.000346526
32  3.5  3.28996e-05
30  12.0  2.10987e-09
32  5.5  7.59121e-07
32  6.0  3.61677e-07
32  4.0  1.12044e-05
32  7.0  9.74099e-08
32  4.5  4.19047e-06
32  5.0  1.72953e-06
32  7.5  5.45353e-08
32  6.5  1.85616e-07
32  8.0  3.17378e-08
32  8.5  1.92658e-08
4  0.2  8.53031
4  0.3  6.19813
32  9.0  1.19168e-08
4  0.4  4.48502
4  0.5  3.22193
4  0.6  2.29564
32  9.5  7.60209e-09
4  0.7  1.62606
4  0.8  1.14949
32  10.0  4.94418e-09
4  0.9  0.814088
32  10.5  3.28884e-09
4  1.0  0.573254
4  1.1  0.408782
4  1.2  0.286747
4  1.3  0.206467
4  1.4  0.148977
32  11.0  2.22605e-09
4  1.5  0.107419
4  1.6  0.0759673
4  1.7  0.0555875
4  1.8  0.0406819
4  1.9  0.0305563
4  2.0  0.0228782
4  3.5  0.000441602
4  2.5  0.0051871
4  3.0  0.00143551
32  11.5  1.53628e-09
32  12.0  1.07166e-09
4  4.0  0.000149343
4  7.0  1.32899e-06
4  4.5  5.69756e-05
4  5.0  2.35406e-05
4  5.5  1.04652e-05
4  6.0  4.96788e-06
4  6.5  2.52009e-06
4  8.5  2.57053e-07
4  7.5  7.47205e-07
4  8.0  4.3177e-07
6  0.2  8.42217
4  9.0  1.60292e-07
6  0.3  6.11973
4  9.5  1.00673e-07
6  0.4  4.42892
6  0.5  3.1747
6  0.6  2.26529
6  0.7  1.60699
6  0.8  1.13626
4  10.0  6.63402e-08
6  0.9  0.79777
6  1.0  0.562705
6  1.1  0.402565
4  10.5  4.39721e-08
6  1.2  0.285311
6  1.3  0.203024
6  1.4  0.144464
4  11.0  2.97993e-08
6  1.5  0.106118
6  1.6  0.0759553
6  1.7  0.0550618
6  1.8  0.0406255
6  1.9  0.030441
6  2.0  0.0223353
6  2.5  0.0057739
4  11.5  2.05058e-08
6  3.0  0.00140768
6  3.5  0.000428875
4  12.0  1.43329e-08
6  7.0  1.30285e-06
6  4.0  0.000146353
6  6.0  4.81051e-06
6  6.5  2.4348e-06
6  4.5  5.58523e-05
6  5.0  2.30778e-05
6  5.5  1.02633e-05
6  8.5  2.51982e-07
6  7.5  7.32394e-07
6  9.5  9.88465e-08
6  8.0  4.22817e-07
8  0.2  8.27922
6  9.0  1.57188e-07
8  0.3  6.00673
8  0.4  4.35038
8  0.5  3.11791
8  0.6  2.21775
8  0.7  1.57101
6  10.0  6.5037e-08
8  0.8  1.10811
8  0.9  0.780766
8  1.0  0.553961
6  10.5  4.30794e-08
8  1.1  0.393158
8  1.2  0.279125
8  1.3  0.195968
8  1.4  0.140428
6  11.0  2.91794e-08
8  1.5  0.101236
8  1.6  0.0735091
8  1.7  0.0536248
8  1.8  0.0396329
6  11.5  2.01111e-08
8  1.9  0.0295899
8  2.0  0.0217289
8  2.5  0.0053302
8  3.5  0.000420638
8  3.0  0.00136829
6  12.0  1.40539e-08
8  7.0  1.2616e-06
8  4.0  0.000142214
8  6.0  4.67283e-06
8  4.5  5.42683e-05
8  5.0  2.24008e-05
8  5.5  9.974e-06
8  6.5  2.40199e-06
8  8.0  4.07716e-07
8  8.5  2.44858e-07
8  7.5  7.10621e-07
8  9.5  9.60477e-08
8  9.0  1.52765e-07
8  12.0  1.35376e-08
8  10.0  6.32297e-08
8  10.5  4.19267e-08
8  11.0  2.83653e-08
8  11.5  1.95535e-08
