# diffractive D0 cross section, Pb target, LHAPDF fragmentation, An0n channel
# generated      : 2026-08-19 15:24:08 EEST
# calls          : 1e5 (VEGAS calls per point, see CALLS_EXCL/CALLS_EXCL_FACTORIZED/CALLS_DIFF)
# dipole samples : data/Pb/bk_posterior/member_0032/glauber_mve_<b>
# pD0 sweep      : 0.2 0.3 0.4 0.5 0.6 0.7 0.8 0.9 1.0 1.1 1.2 1.3 1.4 1.5 1.6 1.7 1.8 1.9 2.0 2.5 3.0 3.5 4.0 4.5 5.0 5.5 6.0 6.5 7.0 7.5 8.0 8.5 9.0 9.5 10.0 10.5 11.0 11.5 12.0
# fixed rapidity y : 2.0
# ============================================================
# b  pD0  dsigma_dyd2pD0
0  0.2  0.216954
0  0.4  0.392648
0  0.5  0.429391
0  0.3  0.320404
0  0.7  0.392233
0  0.6  0.423745
0  0.8  0.339391
0  0.9  0.289766
0  1.1  0.19438
0  1.0  0.239144
0  1.2  0.157576
0  1.3  0.126982
0  1.5  0.080112
0  1.4  0.102008
0  1.6  0.0652327
0  1.8  0.0414073
0  1.7  0.0521175
0  1.9  0.0340681
0  2.0  0.0278092
0  2.5  0.010166
0  3.0  0.00415032
0  3.5  0.00181777
0  4.5  0.000441535
0  5.5  0.00013044
0  4.0  0.000881234
0  5.0  0.000229045
0  6.0  7.45077e-05
0  7.0  2.67667e-05
0  6.5  4.41116e-05
0  7.5  1.63357e-05
0  8.0  1.01397e-05
0  9.5  2.96821e-06
0  8.5  6.87179e-06
0  9.0  4.49426e-06
0  10.5  1.3987e-06
0  11.0  9.57484e-07
0  10.0  2.04237e-06
10  0.2  0.216531
10  0.3  0.318005
10  0.4  0.392984
10  0.5  0.418819
10  0.6  0.413705
10  0.7  0.383465
10  0.8  0.332334
10  0.9  0.282279
10  1.0  0.231486
10  1.1  0.188388
10  1.2  0.151298
10  1.3  0.12231
10  1.4  0.0968792
10  1.5  0.0780459
10  1.6  0.0611018
10  1.7  0.0504315
10  1.8  0.0399794
10  1.9  0.0335478
10  2.0  0.026245
10  2.5  0.00965828
10  3.0  0.00394766
10  3.5  0.00171208
0  11.5  6.52724e-07
10  5.0  0.00022505
0  12.0  4.46943e-07
10  4.5  0.000426614
10  4.0  0.000831697
10  5.5  0.00012403
10  6.0  6.9816e-05
10  7.0  2.53739e-05
10  6.5  4.15554e-05
10  7.5  1.59259e-05
10  9.5  2.87372e-06
10  8.0  1.00255e-05
10  8.5  6.50716e-06
10  9.0  4.29176e-06
10  11.0  9.04986e-07
12  0.2  0.213246
12  0.3  0.312405
10  10.0  1.92169e-06
12  0.4  0.387103
12  0.5  0.420845
12  0.6  0.404477
10  10.5  1.33443e-06
12  0.7  0.376396
12  0.8  0.328986
12  0.9  0.277469
12  1.1  0.183872
12  1.0  0.227065
12  1.2  0.148287
12  1.3  0.119452
12  1.5  0.077607
12  1.4  0.0963071
12  1.6  0.0606365
12  1.7  0.0475892
12  1.9  0.03197
12  1.8  0.0398007
12  2.0  0.0262138
12  3.0  0.00393168
12  2.5  0.00950376
12  3.5  0.00170469
10  11.5  6.38708e-07
10  12.0  4.52151e-07
12  4.5  0.000417987
12  4.0  0.000807366
12  5.0  0.000219607
12  5.5  0.000123562
12  6.0  6.87417e-05
12  7.0  2.46016e-05
12  6.5  4.07918e-05
12  7.5  1.55711e-05
12  9.5  2.77562e-06
12  8.0  9.91587e-06
12  8.5  6.35313e-06
12  9.0  4.19955e-06
12  11.0  8.9651e-07
12  10.0  1.87164e-06
14  0.2  0.214315
14  0.3  0.310899
14  0.4  0.382715
14  0.5  0.411441
14  0.6  0.404038
14  0.8  0.32197
14  0.7  0.370896
14  0.9  0.271208
14  1.0  0.222662
14  1.1  0.179837
14  1.2  0.145163
14  1.3  0.115909
14  1.4  0.0935473
14  1.5  0.0738448
12  10.5  1.30493e-06
14  1.6  0.0592898
14  1.8  0.0382814
14  1.7  0.0478006
14  1.9  0.0307226
14  2.5  0.00946886
14  2.0  0.0250088
14  3.0  0.00372663
14  3.5  0.00163703
12  11.5  6.13543e-07
12  12.0  4.14465e-07
14  4.0  0.000803708
14  5.0  0.000215428
14  4.5  0.000399987
14  5.5  0.000118044
14  6.5  3.90513e-05
14  6.0  6.5976e-05
14  7.0  2.35694e-05
14  7.5  1.50269e-05
14  9.5  2.69939e-06
14  8.0  9.43569e-06
14  8.5  6.16714e-06
14  9.0  4.09468e-06
16  0.2  0.210407
14  11.5  5.98124e-07
14  10.0  1.82594e-06
16  0.3  0.312058
16  0.4  0.385678
16  0.5  0.406332
16  0.6  0.400712
16  0.7  0.363555
16  0.8  0.314762
16  0.9  0.263803
16  1.0  0.216602
16  1.1  0.175057
16  1.2  0.143487
16  1.3  0.112638
16  1.4  0.0914019
16  1.5  0.0724821
14  10.5  1.22546e-06
16  1.6  0.056922
16  1.7  0.0463693
16  1.8  0.0375051
16  1.9  0.0295308
16  2.0  0.0243932
16  3.0  0.00365536
16  2.5  0.00892553
14  11.0  8.8563e-07
16  3.5  0.00158894
14  12.0  4.32543e-07
16  4.0  0.000767537
16  5.0  0.000205574
16  4.5  0.00038812
16  5.5  0.000112211
16  6.0  6.30329e-05
16  7.0  2.30749e-05
16  6.5  3.80343e-05
16  7.5  1.44611e-05
16  8.0  9.34894e-06
16  8.5  5.88404e-06
16  10.0  1.75593e-06
16  9.0  3.80588e-06
16  9.5  2.47992e-06
18  0.2  0.209338
18  0.3  0.307063
18  0.4  0.372637
18  0.5  0.395846
18  0.6  0.389946
18  0.7  0.353298
18  0.8  0.306096
16  10.5  1.20627e-06
18  0.9  0.256689
18  1.0  0.21098
18  1.1  0.169489
18  1.2  0.136487
18  1.4  0.0854265
18  1.3  0.109096
18  1.5  0.0701776
18  1.6  0.0542177
16  11.0  8.0919e-07
18  1.7  0.0437996
18  1.8  0.03579
18  1.9  0.0287915
18  2.0  0.0233985
16  12.0  4.08089e-07
18  2.5  0.0085288
18  3.0  0.0034539
18  3.5  0.0015158
16  11.5  5.7792e-07
18  4.0  0.000737367
18  4.5  0.000368297
18  5.0  0.000195099
18  5.5  0.000108475
18  6.0  6.09089e-05
18  7.0  2.22487e-05
18  6.5  3.63337e-05
18  7.5  1.34822e-05
18  8.0  8.64596e-06
18  10.0  1.69136e-06
18  8.5  5.61119e-06
18  9.0  3.72117e-06
18  9.5  2.40089e-06
18  11.0  7.94288e-07
2  0.2  0.216141
18  10.5  1.13891e-06
2  0.3  0.321452
2  0.4  0.392503
2  0.5  0.42612
2  0.7  0.391731
2  0.6  0.422905
2  0.8  0.340637
2  0.9  0.289272
2  1.0  0.238305
2  1.1  0.194047
2  1.2  0.157446
2  1.3  0.126383
2  1.5  0.0814311
2  1.4  0.101739
2  1.6  0.064681
2  1.7  0.0536032
2  1.8  0.042642
2  1.9  0.0337418
2  2.0  0.0277974
2  2.5  0.0101486
2  3.0  0.00415953
2  3.5  0.00183424
18  12.0  3.99336e-07
18  11.5  5.51635e-07
2  4.5  0.000443771
2  4.0  0.000886511
2  5.0  0.000235677
2  5.5  0.000130038
2  6.0  7.45017e-05
2  7.0  2.58479e-05
2  6.5  4.40383e-05
2  8.0  1.05116e-05
2  7.5  1.63308e-05
2  9.5  2.92735e-06
2  8.5  6.86212e-06
2  10.5  1.38589e-06
2  9.0  4.49744e-06
2  11.0  9.55656e-07
20  0.2  0.205414
20  0.3  0.301036
2  10.0  2.03769e-06
20  0.4  0.369729
20  0.5  0.388969
20  0.6  0.376405
20  0.7  0.341346
20  0.8  0.294281
20  0.9  0.245335
20  1.0  0.203312
20  1.2  0.129754
20  1.1  0.162114
2  12.0  4.76453e-07
20  1.3  0.104256
20  1.5  0.064725
20  1.4  0.0834269
20  1.6  0.0519486
20  1.9  0.0268682
20  1.7  0.0424747
20  1.8  0.0339935
20  2.0  0.0219007
20  2.5  0.00805392
20  3.5  0.00145147
20  3.0  0.00324476
2  11.5  6.69958e-07
20  4.0  0.00069296
20  4.5  0.000348782
20  5.0  0.000185292
20  6.0  5.81032e-05
20  5.5  0.000102353
20  7.0  2.12068e-05
20  6.5  3.40174e-05
20  7.5  1.28753e-05
20  8.0  8.14864e-06
20  8.5  5.23805e-06
20  10.0  1.57224e-06
20  9.0  3.52773e-06
20  9.5  2.34212e-06
20  10.5  1.09319e-06
22  0.2  0.205855
22  0.3  0.297512
22  0.4  0.362546
22  0.5  0.377852
22  0.6  0.364755
22  0.7  0.329036
22  0.8  0.280273
22  0.9  0.233363
22  1.1  0.151945
22  1.0  0.192224
22  1.2  0.12196
22  1.3  0.0950842
22  1.4  0.0769155
22  1.5  0.0619626
22  1.7  0.0398152
22  1.6  0.0503501
20  11.0  7.58168e-07
22  1.8  0.0319726
22  2.0  0.0208569
22  1.9  0.0254539
22  2.5  0.00750149
22  3.5  0.00135228
22  3.0  0.00303887
20  11.5  5.18817e-07
20  12.0  3.64634e-07
22  4.0  0.000652817
22  4.5  0.000313366
22  5.0  0.000171575
22  5.5  9.33277e-05
22  6.0  5.29318e-05
22  7.0  1.95064e-05
22  6.5  3.18457e-05
22  7.5  1.20051e-05
22  8.0  7.72547e-06
22  8.5  4.98824e-06
22  9.0  3.25324e-06
22  10.0  1.47587e-06
22  9.5  2.20927e-06
24  0.2  0.198525
24  0.3  0.286673
22  10.5  1.02088e-06
24  0.4  0.345446
24  0.5  0.36247
24  0.6  0.344957
24  0.7  0.310196
24  0.8  0.261926
24  1.0  0.18097
24  0.9  0.217959
24  1.1  0.143578
24  1.2  0.113643
24  1.5  0.0565203
24  1.3  0.090008
24  1.4  0.0717376
24  1.6  0.0450271
24  1.7  0.0361656
24  1.9  0.0237052
24  1.8  0.0288583
24  2.0  0.01861
24  2.5  0.00680731
24  3.0  0.00275995
24  3.5  0.00124731
22  11.0  7.06208e-07
22  11.5  4.90535e-07
22  12.0  3.32198e-07
24  4.0  0.000572058
24  4.5  0.000294506
24  5.0  0.000155527
24  6.0  4.93481e-05
24  5.5  8.51189e-05
24  7.0  1.76086e-05
24  6.5  2.88825e-05
24  7.5  1.09326e-05
24  8.0  6.93275e-06
24  8.5  4.53749e-06
24  9.0  2.95327e-06
24  10.0  1.34395e-06
24  9.5  1.98879e-06
26  0.2  0.193291
26  0.3  0.276294
26  0.4  0.328408
26  0.5  0.341478
26  0.6  0.321404
26  0.7  0.280863
26  0.8  0.240896
24  10.5  9.15439e-07
26  0.9  0.197903
26  1.0  0.16045
26  1.1  0.127711
26  1.2  0.104758
26  1.3  0.0811948
26  1.4  0.0637886
26  1.5  0.0509378
26  1.7  0.0322851
26  1.6  0.0408451
24  11.0  6.37936e-07
26  2.0  0.0168995
26  1.8  0.0258611
26  1.9  0.0204231
26  3.0  0.00248213
26  2.5  0.0060112
24  11.5  4.44033e-07
26  3.5  0.00110144
24  12.0  3.08595e-07
26  4.0  0.000516185
26  5.5  7.53511e-05
26  5.0  0.000136886
26  4.5  0.000256261
26  6.0  4.38503e-05
26  7.0  1.54638e-05
26  6.5  2.54012e-05
26  7.5  9.76039e-06
26  8.0  6.00264e-06
26  8.5  3.94254e-06
26  9.0  2.60877e-06
26  10.0  1.19146e-06
26  9.5  1.74641e-06
26  11.0  5.48858e-07
28  0.2  0.183068
28  0.3  0.262211
26  11.5  3.87116e-07
28  0.4  0.307639
28  0.5  0.310975
28  0.6  0.290686
28  0.7  0.250262
28  0.8  0.215203
28  0.9  0.172493
28  1.0  0.138823
28  1.1  0.108585
26  10.5  8.08298e-07
28  1.2  0.0877452
28  1.3  0.0675116
28  1.4  0.0542503
28  1.5  0.0430472
28  1.6  0.0351757
28  1.7  0.0272622
28  1.8  0.0216598
28  2.0  0.0144787
28  1.9  0.0170835
28  3.0  0.00198867
28  2.5  0.00515308
28  3.5  0.000900922
26  12.0  2.71718e-07
28  4.0  0.000427121
28  4.5  0.000214755
28  5.5  6.23173e-05
28  6.0  3.62802e-05
28  5.0  0.000115003
28  7.0  1.29304e-05
28  6.5  2.17541e-05
28  7.5  7.99102e-06
28  8.0  5.12807e-06
28  8.5  3.31674e-06
28  9.0  2.18163e-06
28  10.0  9.13984e-07
28  9.5  1.46373e-06
28  11.0  4.64923e-07
30  0.2  0.170606
30  0.3  0.236111
30  0.4  0.275932
30  0.5  0.270036
30  0.6  0.246192
28  10.5  6.76403e-07
30  0.8  0.173972
30  0.7  0.211198
30  1.0  0.112817
30  0.9  0.140111
30  1.1  0.0892029
30  1.2  0.0705742
30  1.3  0.0559255
30  1.4  0.0433688
30  1.5  0.034017
30  1.6  0.0271192
30  1.7  0.0214204
30  1.9  0.0137417
30  1.8  0.0171182
30  2.0  0.0111182
30  2.5  0.00414242
30  3.0  0.00162398
30  3.5  0.000709481
28  11.5  3.27717e-07
28  12.0  2.18631e-07
30  4.5  0.000172564
30  4.0  0.000336613
30  5.0  8.96119e-05
30  5.5  5.005e-05
30  6.0  2.87035e-05
30  6.5  1.70218e-05
30  7.0  1.00588e-05
30  7.5  6.34721e-06
30  8.0  4.07914e-06
30  8.5  2.61943e-06
30  9.5  1.13968e-06
30  9.0  1.70212e-06
30  10.0  7.8019e-07
32  0.2  0.152301
32  0.3  0.204888
32  0.4  0.22708
32  0.5  0.216703
32  0.6  0.190154
32  0.7  0.160477
30  10.5  5.36033e-07
32  0.8  0.131215
32  0.9  0.106077
32  1.0  0.0830516
32  1.1  0.0650026
32  1.2  0.0504565
32  1.3  0.0395362
32  1.4  0.032112
32  1.6  0.0201747
32  1.5  0.0248801
32  1.8  0.012914
32  1.7  0.0157502
32  1.9  0.0100613
32  2.5  0.00296943
32  2.0  0.00817821
30  11.0  3.66979e-07
32  3.0  0.00120299
32  3.5  0.000528545
30  11.5  2.54298e-07
30  12.0  1.81041e-07
32  4.0  0.000244605
32  5.5  3.54009e-05
32  6.0  1.96312e-05
32  4.5  0.000121971
32  5.0  6.30458e-05
32  6.5  1.20262e-05
32  7.0  7.15041e-06
32  7.5  4.47552e-06
32  8.0  2.95715e-06
32  9.0  1.24854e-06
32  9.5  8.29553e-07
32  8.5  1.91023e-06
32  10.0  5.59525e-07
34  0.2  0.129914
34  0.3  0.163068
32  10.5  3.74587e-07
34  0.4  0.169669
34  0.5  0.155337
34  0.6  0.133991
32  11.0  2.56796e-07
34  0.7  0.110322
34  0.8  0.091224
34  1.0  0.0546243
34  0.9  0.0711847
34  1.1  0.0426695
34  1.2  0.033645
34  1.3  0.0266678
34  1.4  0.020464
34  1.5  0.0167031
34  1.6  0.0127557
34  1.7  0.0102419
34  1.8  0.00813261
34  1.9  0.00637709
34  2.5  0.00185991
34  2.0  0.00521406
34  3.5  0.000315897
34  3.0  0.000763312
32  11.5  1.8144e-07
32  12.0  1.28933e-07
34  4.0  0.000162093
34  4.5  7.81996e-05
34  5.0  4.28738e-05
34  5.5  2.29585e-05
34  6.5  7.93111e-06
34  6.0  1.34562e-05
34  7.0  4.7355e-06
34  8.0  1.87125e-06
34  7.5  2.96612e-06
34  8.5  1.21686e-06
34  9.5  5.23504e-07
34  9.0  7.93822e-07
34  11.0  1.69449e-07
34  10.0  3.3689e-07
4  0.2  0.216518
4  0.3  0.321488
34  10.5  2.45859e-07
4  0.4  0.391373
4  0.5  0.427836
4  0.6  0.42575
4  0.7  0.388225
4  0.9  0.289742
4  0.8  0.341353
4  1.0  0.237522
4  1.1  0.192594
4  1.2  0.156182
4  1.3  0.126357
4  1.4  0.10151
4  1.5  0.0814227
4  1.6  0.0652301
4  1.8  0.0415099
4  1.7  0.0524203
4  1.9  0.0334323
4  2.0  0.0276996
4  2.5  0.0102981
4  3.0  0.00409805
4  3.5  0.00179413
34  11.5  1.12813e-07
34  12.0  8.23961e-08
4  4.5  0.000436362
4  4.0  0.000875384
4  5.0  0.000235113
4  5.5  0.000127625
4  6.0  7.36296e-05
4  7.0  2.61075e-05
4  6.5  4.37564e-05
4  7.5  1.62963e-05
4  8.0  1.03302e-05
4  9.5  2.99214e-06
4  8.5  6.81068e-06
4  10.5  1.37566e-06
4  9.0  4.4646e-06
4  11.0  9.18471e-07
6  0.2  0.216318
6  0.3  0.316257
6  0.4  0.389557
6  0.5  0.426189
4  10.0  2.0269e-06
6  0.6  0.416326
6  0.7  0.388873
6  0.8  0.336954
6  0.9  0.287572
6  1.0  0.236045
6  1.1  0.192958
6  1.2  0.155851
6  1.3  0.124933
6  1.4  0.100423
6  1.5  0.0802749
6  1.6  0.0645809
6  1.7  0.0518741
6  1.8  0.0414193
6  1.9  0.0336109
6  2.5  0.0099734
6  2.0  0.027253
6  3.0  0.00409386
6  3.5  0.00177319
4  11.5  6.61512e-07
4  12.0  4.75733e-07
6  4.5  0.000438665
6  4.0  0.000847275
6  5.0  0.000230547
6  5.5  0.000129087
6  6.0  7.23779e-05
6  7.0  2.60465e-05
6  6.5  4.3128e-05
6  7.5  1.63414e-05
6  8.0  1.03599e-05
6  9.5  2.95862e-06
6  8.5  6.78438e-06
6  10.5  1.36631e-06
6  9.0  4.42026e-06
8  0.2  0.216401
8  0.3  0.317513
8  0.4  0.395096
8  0.5  0.424571
8  0.6  0.417643
6  10.0  2.02187e-06
8  0.7  0.383088
8  0.8  0.337151
8  0.9  0.285755
8  1.0  0.23571
8  1.1  0.189855
8  1.2  0.153937
8  1.3  0.124339
8  1.4  0.0992817
8  1.5  0.0791013
6  11.0  9.39115e-07
8  1.6  0.062539
8  1.7  0.0511138
8  1.8  0.0408742
8  1.9  0.0330365
8  2.0  0.0266225
8  3.0  0.00411814
8  2.5  0.0103628
8  3.5  0.00173354
6  11.5  6.65717e-07
6  12.0  4.5491e-07
8  5.0  0.000217669
8  4.5  0.000429017
8  4.0  0.000833721
8  5.5  0.000126231
8  6.0  7.32008e-05
8  7.0  2.5751e-05
8  6.5  4.2563e-05
8  7.5  1.60685e-05
8  9.5  2.90777e-06
8  8.0  1.03881e-05
8  8.5  6.67898e-06
8  9.0  4.32547e-06
8  11.0  9.23347e-07
8  11.5  6.51986e-07
8  10.0  1.9505e-06
8  10.5  1.34437e-06
8  12.0  4.40633e-07
