# exclusive D0 cross section, Pb target, HymnD fragmentation, An0n channel
# generated      : 2026-08-20 11:02:18 EEST
# calls          : 1e5 below 4.0 GeV, 2e3 above (see EXCL_PT_THRESHOLD) (VEGAS calls per point, see CALLS_EXCL/CALLS_EXCL_FACTORIZED/CALLS_DIFF)
# dipole samples : data/Pb/bk_posterior/member_0032/glauber_mve_<b>
# pD0 sweep      : 0.2 0.3 0.4 0.5 0.6 0.7 0.8 0.9 1.0 1.1 1.2 1.3 1.4 1.5 1.6 1.7 1.8 1.9 2.0 2.5 3.0 3.5 4.0 4.5 5.0 5.5 6.0 6.5 7.0 7.5 8.0 8.5 9.0 9.5 10.0 10.5 11.0 11.5 12.0
# fixed rapidity y : -1.0
# ============================================================
# b  pD0  dsigma_dyd2pD0
0  0.4  1.92559
0  0.2  3.04873
0  0.3  2.4658
0  0.5  1.45814
0  0.7  0.788766
0  0.6  1.08044
0  0.8  0.570356
0  1.0  0.295919
0  0.9  0.410306
0  1.2  0.154679
0  1.1  0.213096
0  1.3  0.111732
0  1.4  0.080702
0  1.5  0.0583431
0  1.8  0.0243365
0  1.6  0.0432573
0  1.7  0.0321957
0  2.0  0.0131996
0  1.9  0.0180764
0  3.0  0.00100275
0  3.5  0.000130749
0  2.5  0.00336095
0  4.0  0.000106293
0  4.5  4.05011e-05
0  5.0  1.68761e-05
0  5.5  7.47304e-06
0  6.0  3.49731e-06
0  6.5  1.73619e-06
0  7.5  4.93718e-07
0  8.0  2.78789e-07
0  7.0  9.0976e-07
0  9.0  9.98156e-08
0  8.5  1.66003e-07
0  10.0  4.0027e-08
0  10.5  2.61947e-08
0  9.5  6.31578e-08
0  11.5  1.21314e-08
10  0.2  2.8782
10  0.3  2.3221
10  0.4  1.80876
0  12.0  8.47326e-09
10  0.5  1.3671
10  0.6  1.00988
10  0.7  0.735937
10  0.8  0.531342
10  0.9  0.382377
10  1.0  0.274436
10  1.1  0.197062
10  1.3  0.102616
10  1.2  0.141282
10  1.5  0.0536288
10  1.4  0.0735035
10  1.7  0.0300046
10  1.6  0.0394276
0  11.0  1.78743e-08
10  1.8  0.0219643
10  1.9  0.016646
10  2.0  0.0128082
10  2.5  0.0032445
10  3.0  0.00109168
10  3.5  0.000202895
10  4.0  9.69895e-05
10  4.5  3.66772e-05
10  5.0  1.52718e-05
10  5.5  6.73193e-06
10  6.5  1.55474e-06
10  7.0  8.13205e-07
10  6.0  3.16177e-06
10  8.0  2.50641e-07
10  7.5  4.50694e-07
10  8.5  1.49842e-07
10  10.0  3.62367e-08
10  9.0  9.15705e-08
10  9.5  5.70686e-08
12  0.2  2.79975
10  10.5  2.40694e-08
12  0.3  2.25726
12  0.4  1.75554
10  12.0  7.65249e-09
12  0.5  1.32648
12  0.6  0.97901
12  0.7  0.710422
12  0.8  0.513783
12  0.9  0.369204
12  1.0  0.264457
12  1.1  0.189821
12  1.2  0.135949
12  1.3  0.0979998
12  1.4  0.0727148
10  11.0  1.61557e-08
12  1.5  0.0513491
12  1.6  0.0382892
12  1.7  0.0281387
12  1.8  0.0217124
12  1.9  0.0156426
10  11.5  1.10532e-08
12  2.0  0.0120522
12  2.5  0.00285018
12  3.5  0.00053623
12  3.0  0.000828041
12  4.0  9.24506e-05
12  4.5  3.50886e-05
12  5.0  1.45316e-05
12  5.5  6.4202e-06
12  6.5  1.48203e-06
12  7.0  7.75108e-07
12  6.0  3.016e-06
12  8.0  2.38928e-07
12  7.5  4.29476e-07
12  9.0  8.59746e-08
12  8.5  1.42846e-07
12  10.0  3.44751e-08
12  9.5  5.4389e-08
12  10.5  2.26449e-08
14  0.2  2.70274
12  11.0  1.53037e-08
14  0.3  2.17758
14  0.4  1.69204
14  0.5  1.27301
14  0.6  0.939742
14  0.7  0.68166
12  11.5  1.04355e-08
14  0.8  0.491768
14  0.9  0.352945
14  1.0  0.253066
14  1.1  0.180859
14  1.2  0.131013
14  1.3  0.0944952
14  1.4  0.0690586
14  1.5  0.0505393
14  1.6  0.0356133
14  1.7  0.0271237
14  1.8  0.0200417
14  1.9  0.0152193
12  12.0  7.31407e-09
14  2.0  0.0116802
14  2.5  0.00271719
14  3.0  0.0006644
14  3.5  0.000219943
14  4.0  8.70724e-05
14  4.5  3.30666e-05
14  5.0  1.36329e-05
14  6.0  2.83954e-06
14  6.5  1.39577e-06
14  5.5  6.05194e-06
14  7.0  7.29858e-07
14  8.0  2.25449e-07
14  7.5  4.04334e-07
14  8.5  1.34458e-07
14  9.0  8.21629e-08
14  10.0  3.24757e-08
14  9.5  5.11326e-08
14  10.5  2.13674e-08
16  0.2  2.58732
16  0.3  2.08099
16  0.4  1.61524
16  0.5  1.21432
16  0.6  0.893572
14  12.0  6.88316e-09
14  11.0  1.43895e-08
16  0.7  0.647979
16  0.8  0.465989
16  0.9  0.334055
16  1.0  0.239268
16  1.1  0.170664
16  1.2  0.12273
16  1.3  0.0879733
16  1.4  0.0642465
16  1.6  0.0343775
16  1.5  0.0468404
16  1.7  0.0250819
16  1.8  0.0188711
16  1.9  0.0140179
16  2.0  0.0107294
16  2.5  0.00243442
16  3.0  0.000684304
16  3.5  0.000281399
14  11.5  9.88505e-09
16  4.0  8.09845e-05
16  4.5  3.06999e-05
16  5.0  1.26539e-05
16  6.0  2.63656e-06
16  5.5  5.61883e-06
16  6.5  1.2956e-06
16  7.0  6.77558e-07
16  7.5  3.7973e-07
16  8.0  2.12859e-07
16  9.0  7.55141e-08
16  8.5  1.24578e-07
16  10.0  3.01189e-08
16  10.5  1.97768e-08
16  9.5  4.74839e-08
18  0.2  2.4487
18  0.3  1.96649
18  0.4  1.51961
18  0.5  1.14333
18  0.6  0.8397
18  0.7  0.60787
16  11.0  1.34494e-08
18  0.8  0.435511
18  0.9  0.311055
18  1.0  0.222529
18  1.1  0.159179
18  1.2  0.114624
18  1.3  0.0814018
18  1.4  0.0590982
18  1.5  0.0438148
18  1.6  0.0313765
18  1.7  0.0230973
18  1.8  0.0175438
16  12.0  6.40389e-09
18  1.9  0.01307
18  2.0  0.00999141
18  2.5  0.00226006
18  3.0  0.000555835
18  3.5  -3.0129e-05
16  11.5  9.24042e-09
18  4.5  2.79289e-05
18  5.0  1.15832e-05
18  4.0  7.41018e-05
18  6.5  1.18154e-06
18  6.0  2.4057e-06
18  5.5  5.12385e-06
18  7.0  6.17859e-07
18  7.5  3.41257e-07
18  9.0  6.86863e-08
18  8.0  1.93952e-07
18  8.5  1.13759e-07
18  9.5  4.32892e-08
18  10.5  1.806e-08
18  10.0  2.78644e-08
2  0.2  3.04231
2  0.3  2.46094
18  11.0  1.21816e-08
2  0.4  1.91953
2  0.5  1.45528
2  0.6  1.07798
2  0.7  0.786617
2  0.8  0.568657
2  0.9  0.409193
2  1.0  0.294994
18  11.5  8.34204e-09
2  1.1  0.212066
2  1.2  0.154255
2  1.3  0.110944
2  1.4  0.0804305
2  1.5  0.0582956
2  1.6  0.0429587
2  1.8  0.0242689
2  1.7  0.0319387
2  1.9  0.0183078
2  2.0  0.0139036
2  2.5  0.00334806
2  3.0  0.000944306
2  3.5  0.000210455
18  12.0  5.87929e-09
2  4.0  0.000105782
2  5.0  1.67324e-05
2  4.5  4.03476e-05
2  6.0  3.4841e-06
2  5.5  7.39246e-06
2  6.5  1.72955e-06
2  7.5  4.91716e-07
2  7.0  9.0636e-07
2  8.0  2.81859e-07
2  9.0  9.94328e-08
2  8.5  1.65081e-07
2  10.0  3.98829e-08
2  9.5  6.29032e-08
2  10.5  2.62205e-08
20  0.2  2.28524
20  0.3  1.83133
20  0.4  1.4146
2  11.0  1.76703e-08
20  0.5  1.05943
20  0.6  0.776007
20  0.7  0.55959
20  0.8  0.40036
20  0.9  0.285649
20  1.0  0.203658
2  11.5  1.21182e-08
20  1.1  0.144715
20  1.2  0.104051
20  1.3  0.0753858
20  1.5  0.0396002
20  1.4  0.053039
20  1.6  0.0281741
20  1.7  0.0211192
20  1.8  0.0158278
20  1.9  0.0115514
20  2.0  0.00906651
20  2.5  0.00203169
20  3.0  0.000671092
20  3.5  0.000301777
2  12.0  8.54124e-09
20  4.0  6.57411e-05
20  4.5  2.50691e-05
20  5.0  1.04385e-05
20  5.5  4.56868e-06
20  6.0  2.14404e-06
20  6.5  1.05286e-06
20  7.0  5.50333e-07
20  7.5  3.031e-07
20  8.0  1.72658e-07
20  8.5  1.01411e-07
20  9.0  6.11084e-08
20  9.5  3.79526e-08
20  10.0  2.46386e-08
22  0.2  2.08932
20  10.5  1.62235e-08
22  0.3  1.66985
22  0.4  1.28679
22  0.5  0.959692
22  0.6  0.700162
22  0.7  0.503618
22  0.8  0.359767
22  0.9  0.254993
22  1.0  0.181269
22  1.1  0.128722
22  1.2  0.0925748
22  1.3  0.0654297
20  11.0  1.09088e-08
22  1.4  0.0481184
20  11.5  7.4434e-09
22  1.5  0.0338576
22  1.6  0.0248117
22  1.7  0.0183784
22  1.8  0.0140458
22  1.9  0.0103801
20  12.0  5.17629e-09
22  2.0  0.00771391
22  2.5  0.00179875
22  3.5  0.000223657
22  3.0  0.000437484
22  4.0  5.72979e-05
22  4.5  2.15972e-05
22  5.0  8.90256e-06
22  6.0  1.8522e-06
22  5.5  3.95064e-06
22  6.5  9.09398e-07
22  7.5  2.62332e-07
22  7.0  4.82248e-07
22  8.0  1.49362e-07
22  8.5  8.76421e-08
22  10.0  2.10453e-08
22  9.0  5.33036e-08
22  9.5  3.32242e-08
22  10.5  1.38546e-08
24  0.2  1.85566
24  0.3  1.48
22  11.0  9.33796e-09
24  0.4  1.13496
24  0.5  0.841873
24  0.6  0.610844
22  11.5  6.39643e-09
24  0.7  0.438822
24  0.8  0.311521
24  0.9  0.220818
24  1.0  0.156619
24  1.1  0.111232
24  1.2  0.0784756
24  1.3  0.0559447
24  1.4  0.0400898
24  1.5  0.0294343
24  1.6  0.0217591
24  1.7  0.01577
24  1.8  0.0116138
24  1.9  0.0085049
24  2.0  0.0065095
24  2.5  0.00144262
24  3.0  0.000394212
24  3.5  0.000145115
22  12.0  4.50215e-09
24  4.0  4.73477e-05
24  4.5  1.7992e-05
24  6.0  1.53108e-06
24  5.0  7.3864e-06
24  5.5  3.27083e-06
24  6.5  7.514e-07
24  7.5  2.14495e-07
24  7.0  3.98854e-07
24  8.0  1.23383e-07
24  8.5  7.24772e-08
24  10.0  1.74077e-08
24  9.0  4.40223e-08
24  9.5  2.73588e-08
26  0.2  1.58198
24  12.0  3.6635e-09
26  0.3  1.25446
26  0.4  0.957332
24  10.5  1.15005e-08
26  0.5  0.707081
24  11.5  5.28385e-09
26  0.6  0.511634
26  0.7  0.363925
26  0.8  0.256769
26  0.9  0.181083
26  1.0  0.127594
26  1.1  0.0900087
26  1.2  0.0637622
24  11.0  7.75468e-09
26  1.3  0.0451361
26  1.4  0.0328022
26  1.5  0.0235983
26  1.6  0.0174265
26  1.7  0.0128443
26  1.9  0.00675396
26  1.8  0.00928627
26  2.5  0.00150436
26  2.0  0.00493888
26  3.0  0.000320681
26  3.5  0.000121083
26  4.0  3.69792e-05
26  4.5  1.39218e-05
26  5.0  5.74353e-06
26  5.5  2.54907e-06
26  6.0  1.18869e-06
26  7.5  1.67519e-07
26  6.5  5.88028e-07
26  7.0  3.07453e-07
26  8.0  9.42967e-08
26  8.5  5.54331e-08
26  9.0  3.36309e-08
26  9.5  2.12227e-08
26  11.0  5.91593e-09
26  10.0  1.36274e-08
28  0.2  1.26168
26  10.5  8.82869e-09
28  0.3  0.995755
28  0.4  0.754839
28  0.5  0.553793
28  0.6  0.397172
28  0.7  0.280511
28  0.8  0.196672
28  0.9  0.137541
28  1.0  0.0966785
28  1.1  0.0680358
28  1.2  0.0478198
28  1.3  0.0343321
28  1.4  0.0238906
28  1.5  0.0171098
28  1.6  0.0126045
28  1.7  0.00952019
28  1.8  0.00682973
28  1.9  0.00513232
28  2.0  0.00386405
28  2.5  0.000733685
28  3.0  0.000308147
28  3.5  0.000128674
26  11.5  4.10686e-09
26  12.0  2.88139e-09
28  4.0  2.63229e-05
28  4.5  9.88223e-06
28  5.0  4.06094e-06
28  5.5  1.78733e-06
28  6.0  8.40455e-07
28  6.5  4.14071e-07
28  7.0  2.16527e-07
28  7.5  1.17694e-07
28  8.0  6.66694e-08
28  9.0  2.3635e-08
28  8.5  3.93001e-08
28  10.0  9.47167e-09
28  9.5  1.49015e-08
28  11.0  4.19576e-09
30  0.2  0.914271
28  10.5  6.20559e-09
30  0.3  0.715294
30  0.4  0.537611
30  0.5  0.39085
30  0.6  0.276848
30  0.7  0.194204
30  0.8  0.134893
28  11.5  2.87017e-09
30  0.9  0.0939904
30  1.0  0.0652194
30  1.1  0.0453457
28  12.0  2.0057e-09
30  1.2  0.0317264
30  1.4  0.0160157
30  1.3  0.0222492
30  1.5  0.011622
30  1.6  0.00839067
30  1.8  0.0043633
30  1.7  0.00600168
30  1.9  0.00336219
30  2.0  0.00242867
30  2.5  0.000500204
30  3.0  9.6894e-05
30  3.5  3.42291e-05
30  4.0  1.63792e-05
30  4.5  6.13828e-06
30  5.0  2.52211e-06
30  5.5  1.10973e-06
30  7.0  1.31485e-07
30  6.0  5.20682e-07
30  6.5  2.56253e-07
30  7.5  7.23718e-08
30  8.0  4.10993e-08
30  8.5  2.3963e-08
30  10.5  3.8213e-09
30  9.0  1.46288e-08
30  9.5  9.12087e-09
30  10.0  5.87764e-09
32  0.2  0.580756
32  0.3  0.450024
32  0.4  0.334322
30  11.5  1.76034e-09
32  0.5  0.23982
32  0.7  0.116419
32  0.6  0.168278
32  0.9  0.0551112
32  0.8  0.0799327
32  1.0  0.0378478
32  1.1  0.0260874
32  1.2  0.0181742
32  1.3  0.0129085
30  11.0  2.59447e-09
32  1.4  0.00890333
32  1.5  0.0063285
32  1.6  0.00464466
32  1.8  0.00245175
32  1.7  0.00324766
32  1.9  0.00181651
32  2.5  0.000325424
32  2.0  0.00135645
32  3.0  0.000112565
32  3.5  4.536e-05
30  12.0  1.24314e-09
32  4.0  8.54622e-06
32  4.5  3.20639e-06
32  5.0  1.3064e-06
32  5.5  5.7055e-07
32  7.0  6.74566e-08
32  6.0  2.66879e-07
32  8.0  2.06351e-08
32  6.5  1.31632e-07
32  7.5  3.72348e-08
32  9.5  4.61674e-09
32  8.5  1.23293e-08
32  9.0  7.47261e-09
32  10.5  1.93324e-09
32  11.0  1.2948e-09
32  10.0  2.97117e-09
34  0.2  0.316575
34  0.3  0.242053
34  0.4  0.177412
32  12.0  6.26023e-10
34  0.5  0.125542
34  0.6  0.0867401
34  0.7  0.0592152
34  0.9  0.0273176
34  0.8  0.0402228
34  1.0  0.0186487
34  1.1  0.0127911
34  1.2  0.00872212
34  1.3  0.00618823
34  1.4  0.0042323
34  1.5  0.00299388
34  1.6  0.00218854
34  1.7  0.00152452
34  1.8  0.00114762
34  1.9  0.000830794
34  2.0  0.000609836
34  2.5  0.000103231
34  3.0  1.66515e-05
34  3.5  2.80228e-05
32  11.5  9.0723e-10
34  4.0  3.69357e-06
34  4.5  1.37865e-06
34  5.0  5.58237e-07
34  6.0  1.11797e-07
34  5.5  2.40392e-07
34  8.0  8.66773e-09
34  6.5  5.50384e-08
34  7.0  2.86841e-08
34  7.5  1.54682e-08
34  9.0  3.04868e-09
34  9.5  1.9146e-09
34  8.5  5.0977e-09
34  10.5  8.06276e-10
34  10.0  1.23746e-09
4  0.2  3.02221
34  11.0  5.42494e-10
4  0.3  2.44538
4  0.4  1.90671
34  12.0  2.55599e-10
4  0.5  1.4402
4  0.6  1.06734
4  0.7  0.780297
34  11.5  3.72843e-10
4  0.8  0.564488
4  0.9  0.406126
4  1.0  0.293144
4  1.1  0.210432
4  1.2  0.152159
4  1.3  0.110396
4  1.4  0.0797643
4  1.5  0.0588115
4  1.6  0.0430508
4  1.7  0.0326536
4  1.8  0.0237992
4  1.9  0.0178342
4  2.0  0.0136118
4  2.5  0.00339898
4  3.0  0.000765098
4  3.5  0.000270536
4  4.0  0.000104665
4  5.0  1.65432e-05
4  4.5  3.98752e-05
4  6.0  3.44436e-06
4  5.5  7.30733e-06
4  6.5  1.70964e-06
4  7.5  4.8602e-07
4  7.0  8.95332e-07
4  8.0  2.78981e-07
4  9.0  9.82513e-08
4  8.5  1.63129e-07
4  10.0  3.94183e-08
4  9.5  6.21449e-08
4  11.5  1.19038e-08
6  0.2  2.99093
6  0.3  2.4154
6  0.4  1.88307
4  12.0  8.34533e-09
6  0.5  1.4276
4  10.5  2.61053e-08
6  0.6  1.05533
6  0.7  0.770051
6  0.8  0.556683
6  0.9  0.399986
6  1.0  0.288085
6  1.2  0.15033
6  1.1  0.20709
4  11.0  1.75055e-08
6  1.3  0.107427
6  1.4  0.0779955
6  1.5  0.0574521
6  1.6  0.0424583
6  1.8  0.0237857
6  1.7  0.0312853
6  2.0  0.0132563
6  1.9  0.0173908
6  2.5  0.00336787
6  3.0  0.000968732
6  3.5  1.33242e-05
6  4.0  0.000102827
6  4.5  3.91122e-05
6  5.0  1.62923e-05
6  6.0  3.37614e-06
6  5.5  7.16974e-06
6  6.5  1.67675e-06
6  7.5  4.76584e-07
6  7.0  8.77446e-07
6  8.0  2.73453e-07
6  9.0  9.6287e-08
6  8.5  1.59965e-07
6  9.5  6.01527e-08
6  10.0  3.86495e-08
6  11.0  1.70395e-08
8  0.2  2.94282
8  0.3  2.3763
8  0.4  1.8524
6  12.0  8.17662e-09
8  0.5  1.40069
6  10.5  2.56081e-08
8  0.6  1.03544
8  0.7  0.755102
8  0.8  0.546059
8  0.9  0.392731
8  1.0  0.282304
8  1.2  0.146183
8  1.1  0.202685
8  1.3  0.106019
6  11.5  1.17532e-08
8  1.5  0.0566735
8  1.4  0.076218
8  1.6  0.0409316
8  1.7  0.0302995
8  1.8  0.0233174
8  1.9  0.016853
8  2.0  0.0131289
8  2.5  0.00323665
8  3.0  0.00102895
8  3.5  -4.62955e-05
8  4.0  0.000100003
8  4.5  3.80561e-05
8  5.0  1.58458e-05
8  6.5  1.61407e-06
8  5.5  6.97863e-06
8  6.0  3.28053e-06
8  7.0  8.43208e-07
8  7.5  4.67862e-07
8  8.0  2.63957e-07
8  8.5  1.55536e-07
8  9.0  9.36027e-08
8  9.5  5.84851e-08
8  10.5  2.4633e-08
8  10.0  3.75232e-08
8  11.0  1.67628e-08
8  11.5  1.14994e-08
8  12.0  8.0326e-09
