# diffractive D0 cross section, Pb target, HymnD fragmentation, An0n channel
# generated      : 2026-08-20 11:00:16 EEST
# calls          : 1e5 (VEGAS calls per point, see CALLS_EXCL/CALLS_EXCL_FACTORIZED/CALLS_DIFF)
# dipole samples : data/Pb/bk_posterior/member_0002/glauber_mve_<b>
# pD0 sweep      : 0.2 0.3 0.4 0.5 0.6 0.7 0.8 0.9 1.0 1.1 1.2 1.3 1.4 1.5 1.6 1.7 1.8 1.9 2.0 2.5 3.0 3.5 4.0 4.5 5.0 5.5 6.0 6.5 7.0 7.5 8.0 8.5 9.0 9.5 10.0 10.5 11.0 11.5 12.0
# fixed rapidity y : 2.0
# ============================================================
# b  pD0  dsigma_dyd2pD0
0  0.5  0.442872
0  0.2  0.220092
0  0.3  0.330049
0  0.4  0.404546
0  0.6  0.437124
0  0.9  0.290874
0  0.7  0.398774
0  0.8  0.347093
0  1.1  0.190103
0  1.0  0.236845
0  1.5  0.0742813
0  1.2  0.152255
0  1.4  0.0952767
0  1.3  0.120618
0  1.6  0.058814
0  1.7  0.0464316
0  2.0  0.0238814
0  1.8  0.0375214
0  2.5  0.00820618
0  1.9  0.029968
0  3.0  0.00316244
0  3.5  0.00132994
0  5.0  0.000148878
0  6.0  4.32045e-05
0  4.0  0.000600514
0  4.5  0.000290909
0  5.5  7.77518e-05
0  8.0  5.46621e-06
0  6.5  2.45449e-05
0  7.0  1.45579e-05
0  7.5  8.79098e-06
0  9.0  2.19687e-06
0  8.5  3.44574e-06
0  9.5  1.44526e-06
0  10.0  9.56273e-07
10  0.2  0.219037
10  0.3  0.32558
10  0.4  0.400356
10  0.5  0.429129
10  0.6  0.431087
10  0.7  0.390009
10  0.8  0.337136
10  0.9  0.278196
0  10.5  6.33333e-07
10  1.0  0.229213
10  1.1  0.182921
10  1.2  0.145863
10  1.3  0.115774
10  1.4  0.0914692
10  1.5  0.0722436
0  11.0  4.34041e-07
10  1.6  0.0574005
10  1.7  0.0460212
10  1.8  0.0359608
10  1.9  0.0285049
10  2.0  0.022882
10  2.5  0.00782667
10  3.0  0.00300913
10  3.5  0.0012513
0  11.5  2.96833e-07
10  4.5  0.000273991
0  12.0  2.00551e-07
10  5.0  0.000140607
10  4.0  0.000563314
10  6.0  3.92328e-05
10  5.5  7.48295e-05
10  6.5  2.33021e-05
10  7.0  1.39351e-05
10  7.5  8.39434e-06
10  9.0  2.10497e-06
10  8.0  5.10118e-06
10  8.5  3.2673e-06
10  9.5  1.36323e-06
10  10.0  8.9928e-07
12  0.2  0.219016
10  11.0  4.03095e-07
12  0.3  0.327718
12  0.4  0.403093
12  0.5  0.430368
12  0.6  0.41568
12  0.7  0.383598
10  10.5  5.95997e-07
12  0.8  0.331068
12  0.9  0.274753
12  1.0  0.22452
12  1.1  0.181292
12  1.2  0.143748
12  1.3  0.113888
12  1.4  0.0888696
12  1.5  0.0712687
12  1.6  0.0568462
12  1.8  0.0347604
12  1.7  0.0441237
12  2.0  0.0219547
12  1.9  0.0279161
12  2.5  0.00759115
12  3.5  0.00122818
12  3.0  0.00287222
10  11.5  2.71298e-07
12  4.5  0.000264094
10  12.0  1.9138e-07
12  5.0  0.000136811
12  6.0  4.00249e-05
12  4.0  0.000558475
12  5.5  7.34122e-05
12  6.5  2.25928e-05
12  7.0  1.34876e-05
12  8.5  3.20062e-06
12  7.5  8.27392e-06
12  9.0  2.04881e-06
12  8.0  5.10708e-06
12  9.5  1.33217e-06
12  10.0  8.64201e-07
14  0.2  0.216861
14  0.3  0.324061
14  0.4  0.392901
14  0.5  0.423859
12  10.5  5.89848e-07
14  0.6  0.414108
14  0.7  0.375547
14  0.8  0.326084
14  0.9  0.26932
14  1.0  0.220708
14  1.1  0.174044
14  1.2  0.140798
14  1.3  0.111372
14  1.4  0.0867335
12  11.0  3.77324e-07
14  1.6  0.0550574
14  1.5  0.068989
14  1.8  0.0337003
14  1.7  0.0420998
14  1.9  0.0261229
14  2.0  0.0214808
14  2.5  0.00745803
14  3.0  0.00284271
14  3.5  0.0011667
12  11.5  2.71506e-07
12  12.0  1.91267e-07
14  5.0  0.000131453
14  4.0  0.000538488
14  4.5  0.000264041
14  6.0  3.76028e-05
14  5.5  7.08066e-05
14  6.5  2.13088e-05
14  7.0  1.32417e-05
14  8.5  3.04267e-06
14  7.5  8.06234e-06
14  8.0  4.94969e-06
14  9.0  1.98577e-06
14  9.5  1.30067e-06
14  10.5  5.60626e-07
16  0.2  0.217044
16  0.3  0.317754
14  10.0  8.57262e-07
16  0.4  0.38971
16  0.5  0.418765
16  0.6  0.408272
16  0.7  0.359772
16  0.8  0.315728
16  0.9  0.265407
16  1.0  0.21511
16  1.1  0.171229
16  1.2  0.137095
16  1.3  0.1075
16  1.4  0.0852363
16  1.5  0.066767
16  1.6  0.0529474
16  1.7  0.0421807
16  1.8  0.0334329
14  11.0  3.83108e-07
16  1.9  0.0259924
16  2.0  0.0210858
16  3.0  0.00269352
16  2.5  0.0072791
16  3.5  0.00113201
14  11.5  2.62021e-07
14  12.0  1.80569e-07
16  5.0  0.000130708
16  4.0  0.000532396
16  4.5  0.000256492
16  6.0  3.71496e-05
16  5.5  6.784e-05
16  6.5  2.11373e-05
16  7.0  1.26366e-05
16  8.5  2.99584e-06
16  7.5  7.68539e-06
16  9.0  1.91996e-06
16  8.0  4.76324e-06
16  10.0  7.95371e-07
16  9.5  1.25788e-06
18  0.2  0.214782
18  0.3  0.317987
18  0.4  0.383899
18  0.5  0.415507
18  0.6  0.400681
18  0.7  0.360129
18  0.8  0.31052
18  0.9  0.25633
16  10.5  5.52034e-07
18  1.0  0.207481
18  1.1  0.16618
18  1.2  0.129248
18  1.3  0.106532
18  1.4  0.0827545
18  1.5  0.064116
18  1.6  0.0501179
18  1.7  0.0395388
16  11.0  3.72023e-07
18  1.9  0.025126
18  1.8  0.031611
18  2.0  0.0199903
18  2.5  0.00692898
18  3.5  0.00110473
18  3.0  0.00263142
16  11.5  2.53805e-07
16  12.0  1.74864e-07
18  5.0  0.000122147
18  4.0  0.000503044
18  4.5  0.000239972
18  6.0  3.57296e-05
18  5.5  6.44946e-05
18  8.0  4.48939e-06
18  6.5  2.07341e-05
18  7.0  1.22377e-05
18  9.0  1.83312e-06
18  7.5  7.38074e-06
18  10.0  7.79433e-07
18  8.5  2.91699e-06
18  10.5  5.3171e-07
18  9.5  1.18716e-06
2  0.2  0.220044
2  0.3  0.330108
2  0.4  0.409658
2  0.5  0.439278
2  0.7  0.39731
2  0.6  0.435495
2  0.8  0.345392
2  0.9  0.291421
2  1.1  0.188601
2  1.0  0.237999
2  1.2  0.15317
2  1.3  0.122298
2  1.4  0.0957063
2  1.5  0.0752795
2  1.6  0.0592038
2  1.7  0.0468579
18  11.0  3.56397e-07
2  1.8  0.0375264
2  1.9  0.0299176
2  2.0  0.0238352
2  2.5  0.00816156
18  11.5  2.36153e-07
2  3.0  0.00309835
2  3.5  0.00129598
18  12.0  1.67176e-07
2  5.0  0.000147634
2  6.0  4.25535e-05
2  4.0  0.000588049
2  4.5  0.000287799
2  5.5  7.69333e-05
2  6.5  2.49546e-05
2  8.0  5.45991e-06
2  7.0  1.44076e-05
2  9.0  2.09433e-06
2  7.5  8.76062e-06
2  8.5  3.41339e-06
2  9.5  1.42239e-06
2  10.0  9.16895e-07
20  0.2  0.215549
20  0.3  0.310176
20  0.4  0.377896
2  10.5  6.17369e-07
20  0.5  0.402116
20  0.6  0.388103
20  0.7  0.350136
20  0.8  0.297218
20  0.9  0.24546
20  1.0  0.200225
20  1.1  0.159718
20  1.2  0.126322
20  1.3  0.0996283
2  11.0  4.31669e-07
20  1.5  0.0610485
20  1.4  0.0797767
20  1.6  0.0479851
20  1.7  0.0382025
20  1.9  0.023823
20  1.8  0.0300931
20  2.5  0.00651658
20  2.0  0.0192603
20  3.0  0.0024477
2  11.5  2.94893e-07
20  3.5  0.00103793
2  12.0  2.03948e-07
20  5.0  0.000112376
20  6.0  3.22825e-05
20  4.0  0.000467281
20  4.5  0.000228372
20  6.5  1.94334e-05
20  5.5  6.09463e-05
20  7.0  1.14086e-05
20  7.5  6.84158e-06
20  8.0  4.22423e-06
20  8.5  2.68335e-06
20  9.0  1.74198e-06
20  9.5  1.12243e-06
20  10.0  7.49379e-07
22  0.2  0.206886
22  0.3  0.303472
22  0.4  0.367636
22  0.5  0.386189
22  0.6  0.37152
22  0.7  0.333546
20  10.5  4.95857e-07
22  0.8  0.286235
22  0.9  0.23162
22  1.0  0.188362
22  1.1  0.149923
22  1.2  0.118055
22  1.4  0.0722552
22  1.3  0.0928587
20  11.0  3.30217e-07
22  1.5  0.0568048
22  1.6  0.0449649
22  1.8  0.0288303
22  1.7  0.0356726
22  2.5  0.00621894
22  1.9  0.0222151
22  2.0  0.0175869
22  3.0  0.00231145
22  3.5  0.000961184
20  11.5  2.3124e-07
20  12.0  1.56131e-07
22  4.0  0.000441574
22  4.5  0.000211311
22  5.0  0.000105875
22  5.5  5.65369e-05
22  6.0  3.14495e-05
22  6.5  1.79266e-05
22  8.0  3.98352e-06
22  7.0  1.07073e-05
22  7.5  6.49724e-06
22  10.0  6.89271e-07
22  8.5  2.50741e-06
22  10.5  4.65427e-07
22  9.0  1.58434e-06
22  9.5  1.03929e-06
24  0.2  0.20576
24  0.3  0.295643
24  0.4  0.354593
24  0.5  0.375816
24  0.6  0.354167
24  0.7  0.313156
24  0.8  0.266401
24  0.9  0.214688
24  1.0  0.173012
24  1.1  0.138691
24  1.2  0.109382
24  1.3  0.0865228
22  11.0  3.16092e-07
24  1.4  0.0673036
24  1.5  0.05269
24  1.6  0.0412202
24  1.7  0.0327236
24  1.8  0.0258194
24  1.9  0.0207246
24  2.0  0.0160914
24  3.0  0.00205333
24  2.5  0.00547161
24  3.5  0.000879889
22  11.5  2.11229e-07
22  12.0  1.46593e-07
24  4.0  0.000388606
24  4.5  0.000189359
24  5.0  9.58475e-05
24  6.0  2.85188e-05
24  5.5  5.19178e-05
24  6.5  1.6538e-05
24  7.0  9.60408e-06
24  8.0  3.63184e-06
24  7.5  5.91113e-06
24  10.0  6.05411e-07
24  8.5  2.28988e-06
24  9.0  1.46423e-06
24  9.5  9.48846e-07
26  0.2  0.197326
26  0.3  0.284423
26  0.4  0.339225
26  0.5  0.351386
26  0.6  0.330151
26  0.7  0.291837
26  0.8  0.243198
24  10.5  4.15848e-07
26  0.9  0.198898
26  1.0  0.158247
26  1.2  0.0973748
26  1.1  0.128126
26  1.3  0.0769116
26  1.4  0.0597629
26  1.6  0.0368971
26  1.5  0.0464245
26  1.7  0.0292108
26  1.9  0.0181116
26  1.8  0.0227457
24  11.0  2.8068e-07
26  2.0  0.0148503
26  2.5  0.00494516
26  3.0  0.00185375
26  3.5  0.000775239
24  11.5  1.94449e-07
24  12.0  1.33081e-07
26  5.0  8.58318e-05
26  4.0  0.000354102
26  4.5  0.000169047
26  5.5  4.52051e-05
26  6.0  2.55109e-05
26  6.5  1.44463e-05
26  7.0  8.37571e-06
26  7.5  5.1592e-06
26  9.0  1.29382e-06
26  8.0  3.17993e-06
26  8.5  1.99887e-06
26  9.5  8.07201e-07
26  10.0  5.32987e-07
28  0.2  0.186742
28  0.3  0.268857
26  10.5  3.66147e-07
28  0.4  0.315446
28  0.5  0.320769
28  0.6  0.29655
28  0.7  0.255975
28  0.8  0.212689
28  0.9  0.172565
26  11.0  2.47942e-07
28  1.0  0.138123
28  1.1  0.107925
28  1.2  0.084084
28  1.3  0.0660912
28  1.4  0.0513188
28  1.5  0.0398464
28  1.6  0.0310928
28  1.7  0.0243531
28  1.8  0.0194507
28  1.9  0.0148435
28  2.0  0.0120009
28  3.5  0.000661196
28  2.5  0.00413073
28  3.0  0.00156301
26  11.5  1.72822e-07
28  4.5  0.00014118
26  12.0  1.1889e-07
28  5.5  3.81972e-05
28  4.0  0.000290569
28  5.0  7.28295e-05
28  6.0  2.11541e-05
28  7.0  7.05432e-06
28  6.5  1.20305e-05
28  7.5  4.3233e-06
28  8.0  2.59095e-06
28  8.5  1.6566e-06
28  10.0  4.64318e-07
28  9.0  1.04437e-06
28  9.5  7.0606e-07
30  0.2  0.17439
30  0.3  0.244983
28  10.5  3.10359e-07
30  0.4  0.281462
30  0.5  0.277695
30  0.6  0.255266
30  0.7  0.214803
30  0.8  0.173698
30  0.9  0.141124
30  1.0  0.111513
30  1.1  0.0856247
30  1.2  0.0677645
30  1.3  0.0537326
28  11.0  2.07026e-07
30  1.4  0.0408224
30  1.5  0.0317756
30  1.6  0.0253008
30  1.8  0.0156362
30  1.7  0.0197273
30  2.0  0.00955439
30  1.9  0.0121262
30  3.5  0.000528985
30  2.5  0.00323839
30  3.0  0.00122045
28  11.5  1.44015e-07
28  12.0  9.83566e-08
30  4.5  0.000112731
30  5.5  3.02569e-05
30  4.0  0.000226596
30  5.0  5.7322e-05
30  6.0  1.67378e-05
30  6.5  9.68812e-06
30  7.0  5.65883e-06
30  7.5  3.37094e-06
30  8.0  2.07158e-06
30  8.5  1.3331e-06
30  9.0  8.45403e-07
30  9.5  5.47149e-07
30  10.0  3.6624e-07
32  0.2  0.155905
32  0.3  0.213687
32  0.4  0.237869
32  0.5  0.220644
32  0.6  0.195113
32  0.7  0.164586
30  10.5  2.33335e-07
32  0.8  0.134206
32  0.9  0.106249
32  1.0  0.0817806
32  1.1  0.064603
32  1.2  0.049692
32  1.3  0.0392822
32  1.4  0.0299315
32  1.6  0.018372
32  1.5  0.0229456
32  1.7  0.0141062
30  11.0  1.64804e-07
32  1.8  0.0112387
32  1.9  0.0087097
32  2.0  0.00685891
32  2.5  0.00235966
32  3.0  0.000863061
32  3.5  0.000372853
30  11.5  1.08653e-07
30  12.0  7.5852e-08
32  4.5  8.16533e-05
32  4.0  0.000166549
32  5.5  2.19932e-05
32  5.0  4.12293e-05
32  6.0  1.16806e-05
32  6.5  6.99689e-06
32  8.5  9.36153e-07
32  7.0  4.12884e-06
32  7.5  2.47137e-06
32  8.0  1.52852e-06
32  9.0  6.01975e-07
32  9.5  3.90083e-07
32  10.0  2.61818e-07
34  0.2  0.135935
34  0.3  0.172076
32  10.5  1.74884e-07
34  0.4  0.177297
34  0.5  0.162987
34  0.6  0.139073
34  0.7  0.11149
34  0.8  0.0907425
34  0.9  0.0712942
34  1.0  0.0547918
34  1.1  0.0413774
34  1.2  0.0327106
34  1.3  0.0256518
34  1.5  0.0151743
34  1.4  0.0195571
32  11.0  1.16733e-07
34  1.6  0.0116875
34  1.7  0.00913636
34  1.8  0.00708927
34  2.0  0.00469153
34  1.9  0.00557465
34  2.5  0.00154889
34  3.0  0.000560819
34  3.5  0.00024201
32  11.5  7.9582e-08
32  12.0  5.60818e-08
34  4.5  5.36137e-05
34  4.0  0.000110133
34  5.5  1.41785e-05
34  5.0  2.71702e-05
34  7.0  2.63136e-06
34  6.0  7.55191e-06
34  6.5  4.40689e-06
34  7.5  1.60506e-06
34  8.0  9.47475e-07
34  9.0  3.91212e-07
34  10.0  1.67926e-07
34  8.5  6.15854e-07
34  10.5  1.11917e-07
34  9.5  2.5187e-07
4  0.2  0.223955
4  0.3  0.331358
4  0.4  0.406813
4  0.5  0.441189
4  0.6  0.431361
4  0.7  0.396959
4  0.8  0.344261
4  0.9  0.289077
4  1.1  0.191728
4  1.0  0.236021
4  1.2  0.150847
4  1.3  0.119095
4  1.5  0.0744492
4  1.4  0.093405
4  1.7  0.0473854
4  1.6  0.0595198
34  11.0  7.42711e-08
4  1.8  0.0374748
4  1.9  0.0294127
4  2.0  0.0237557
4  2.5  0.00802967
4  3.0  0.00311491
4  3.5  0.00128935
34  11.5  5.17308e-08
34  12.0  3.55193e-08
4  5.0  0.000141565
4  6.0  4.35861e-05
4  4.0  0.000591628
4  4.5  0.000282416
4  5.5  7.69345e-05
4  6.5  2.49041e-05
4  7.0  1.44903e-05
4  7.5  8.71833e-06
4  9.0  2.18675e-06
4  8.0  5.40989e-06
4  8.5  3.42042e-06
4  9.5  1.44931e-06
6  0.2  0.224753
4  10.0  9.44744e-07
6  0.3  0.327339
6  0.4  0.405519
4  10.5  6.31213e-07
6  0.5  0.442891
6  0.6  0.427968
6  0.7  0.39679
6  0.8  0.339063
6  0.9  0.28723
6  1.0  0.234501
6  1.1  0.187403
6  1.2  0.150404
6  1.3  0.11787
4  11.0  4.26367e-07
6  1.4  0.0941006
6  1.5  0.0737867
6  1.7  0.0466705
6  1.6  0.0589619
6  1.8  0.0365464
6  1.9  0.0297636
6  2.0  0.0235417
6  2.5  0.00817378
6  3.0  0.00303866
6  3.5  0.00129598
4  11.5  2.89897e-07
4  12.0  2.01242e-07
6  5.0  0.00014269
6  6.0  4.2996e-05
6  4.0  0.000595522
6  4.5  0.000288858
6  5.5  7.68251e-05
6  6.5  2.41497e-05
6  7.0  1.41726e-05
6  7.5  8.73917e-06
6  9.0  2.15476e-06
6  8.0  5.34758e-06
6  8.5  3.38913e-06
6  9.5  1.41094e-06
6  10.0  9.05422e-07
8  0.2  0.220562
8  0.3  0.328642
8  0.4  0.402582
8  0.5  0.437428
8  0.6  0.429077
6  10.5  6.17405e-07
8  0.7  0.391502
8  0.8  0.339355
8  0.9  0.281674
8  1.0  0.232559
8  1.1  0.187148
8  1.2  0.147968
8  1.3  0.11795
8  1.4  0.0942656
6  11.0  4.27013e-07
8  1.5  0.0729826
8  1.6  0.0575642
8  1.7  0.0459332
8  1.8  0.0363887
8  1.9  0.0289779
8  2.0  0.0233075
8  2.5  0.00792543
8  3.0  0.00302651
8  3.5  0.00129824
6  11.5  2.85802e-07
6  12.0  1.99242e-07
8  5.0  0.000144659
8  4.0  0.000570914
8  4.5  0.000280423
8  6.0  4.09712e-05
8  5.5  7.62491e-05
8  6.5  2.43536e-05
8  7.0  1.41943e-05
8  7.5  8.57695e-06
8  9.0  2.13204e-06
8  8.0  5.28302e-06
8  8.5  3.33501e-06
8  9.5  1.37885e-06
8  10.0  9.23867e-07
8  10.5  6.25627e-07
8  11.0  4.2131e-07
8  11.5  2.80875e-07
8  12.0  1.95284e-07
