# diffractive D0 cross section, Pb target, HymnD fragmentation, An0n channel
# generated      : 2026-08-20 11:05:20 EEST
# calls          : 1e5 (VEGAS calls per point, see CALLS_EXCL/CALLS_EXCL_FACTORIZED/CALLS_DIFF)
# dipole samples : data/Pb/bk_posterior/member_0077/glauber_mve_<b>
# pD0 sweep      : 0.2 0.3 0.4 0.5 0.6 0.7 0.8 0.9 1.0 1.1 1.2 1.3 1.4 1.5 1.6 1.7 1.8 1.9 2.0 2.5 3.0 3.5 4.0 4.5 5.0 5.5 6.0 6.5 7.0 7.5 8.0 8.5 9.0 9.5 10.0 10.5 11.0 11.5 12.0
# fixed rapidity y : 1.0
# ============================================================
# b  pD0  dsigma_dyd2pD0
0  0.5  0.864607
0  0.2  0.42539
0  0.3  0.626044
0  0.4  0.793607
0  0.6  0.863442
0  1.0  0.523324
0  0.9  0.624798
0  0.8  0.719533
0  0.7  0.809453
0  1.1  0.430346
0  1.2  0.345325
0  1.5  0.189657
0  1.3  0.285298
0  1.4  0.231208
0  1.6  0.151148
0  1.7  0.122954
0  1.9  0.0819942
0  1.8  0.100105
0  2.0  0.0671413
0  2.5  0.0259108
0  3.0  0.0111009
0  3.5  0.00510001
0  4.0  0.00254161
0  4.5  0.00139884
0  5.0  0.00077984
0  5.5  0.000458302
0  6.0  0.000282752
0  6.5  0.00016874
0  7.0  0.000110024
0  7.5  7.30214e-05
0  8.0  4.91471e-05
0  9.0  2.33565e-05
0  8.5  3.35978e-05
0  9.5  1.65322e-05
0  10.5  8.58495e-06
0  10.0  1.18678e-05
0  11.0  6.43629e-06
10  0.2  0.428772
10  0.3  0.618366
10  0.4  0.769128
10  0.5  0.848064
10  0.6  0.849273
10  0.7  0.785096
0  11.5  4.66841e-06
10  0.8  0.692964
10  0.9  0.600992
10  1.1  0.420344
10  1.0  0.502312
10  1.2  0.337882
10  1.3  0.278062
10  1.5  0.181599
10  1.4  0.219759
10  1.6  0.144711
10  1.7  0.11802
10  1.8  0.0973151
10  1.9  0.0766613
10  2.0  0.0635553
10  2.5  0.0236183
10  3.0  0.0105279
10  3.5  0.00492253
0  12.0  3.47682e-06
10  4.5  0.00132416
10  5.5  0.000433364
10  4.0  0.00247184
10  5.0  0.00074471
10  6.0  0.0002578
10  7.5  6.93122e-05
10  6.5  0.00016401
10  7.0  0.000104969
10  8.0  4.66136e-05
10  8.5  3.25887e-05
10  9.5  1.5782e-05
10  9.0  2.26825e-05
10  10.5  8.23746e-06
10  10.0  1.1328e-05
12  0.2  0.426982
10  11.0  6.03533e-06
12  0.3  0.61291
12  0.4  0.764262
12  0.5  0.838963
12  0.6  0.837861
12  0.7  0.776862
12  0.8  0.694439
10  11.5  4.5225e-06
12  1.0  0.497055
12  0.9  0.5907
12  1.1  0.406146
12  1.3  0.27353
12  1.2  0.331532
12  1.5  0.175429
12  1.4  0.218163
12  1.7  0.115151
12  1.6  0.144306
12  1.8  0.0943499
12  1.9  0.0760949
12  2.0  0.0617072
12  2.5  0.0243581
12  3.0  0.0102893
12  3.5  0.00475739
10  12.0  3.4194e-06
12  4.5  0.0012892
12  4.0  0.00241814
12  5.0  0.000728813
12  5.5  0.000409793
12  6.5  0.000159828
12  6.0  0.000261315
12  7.5  6.8466e-05
12  7.0  0.000104152
12  8.0  4.55691e-05
12  9.0  2.17326e-05
12  8.5  3.1159e-05
12  9.5  1.53865e-05
12  10.5  7.941e-06
14  0.2  0.420332
14  0.3  0.60768
12  10.0  1.10967e-05
12  11.0  5.83318e-06
14  0.4  0.769857
14  0.5  0.838094
14  0.6  0.819199
14  0.7  0.765139
14  0.8  0.673867
14  1.0  0.486759
14  0.9  0.57831
14  1.1  0.401299
14  1.3  0.26501
12  11.5  4.341e-06
14  1.2  0.323649
14  1.4  0.214583
14  1.5  0.17197
14  1.6  0.137688
14  1.7  0.11157
14  1.8  0.0908482
14  1.9  0.073295
14  2.0  0.0603874
14  3.0  0.0100558
14  2.5  0.0234718
14  3.5  0.00467732
14  4.0  0.00234197
14  4.5  0.00126343
12  12.0  3.32484e-06
14  5.0  0.000703985
14  5.5  0.000403974
14  6.0  0.000254955
14  6.5  0.000156048
14  7.0  0.000102022
14  7.5  6.50878e-05
14  8.0  4.40318e-05
14  8.5  3.03832e-05
14  9.5  1.48952e-05
14  9.0  2.15298e-05
14  10.0  1.06447e-05
14  10.5  7.90996e-06
16  0.2  0.420333
16  0.3  0.603518
16  0.4  0.746614
14  11.0  5.67935e-06
16  0.5  0.81932
16  0.6  0.809625
16  0.7  0.746491
16  0.8  0.657097
16  0.9  0.574182
16  1.0  0.471713
16  1.1  0.388745
16  1.2  0.313098
16  1.3  0.258044
14  11.5  4.39497e-06
16  1.4  0.206415
16  1.5  0.16643
16  1.6  0.133211
16  1.7  0.107848
16  1.8  0.0884255
16  1.9  0.0708218
16  2.0  0.0583151
16  2.5  0.0226027
16  3.0  0.00964795
16  3.5  0.00458415
14  12.0  3.23243e-06
16  4.0  0.00226558
16  4.5  0.00120685
16  6.0  0.000240906
16  5.0  0.000652474
16  5.5  0.000398224
16  6.5  0.000148581
16  7.0  9.70409e-05
16  7.5  6.36006e-05
16  8.0  4.27325e-05
16  8.5  2.92165e-05
16  9.5  1.43974e-05
16  10.0  1.02624e-05
16  9.0  2.05424e-05
16  10.5  7.6055e-06
18  0.2  0.408444
16  11.0  5.6232e-06
18  0.3  0.599152
18  0.4  0.736726
18  0.5  0.804418
18  0.6  0.792157
18  0.7  0.732634
18  0.8  0.639244
18  1.0  0.448852
18  0.9  0.545323
18  1.1  0.377049
18  1.2  0.306719
18  1.3  0.246057
18  1.4  0.199931
18  1.5  0.159532
18  1.6  0.12816
16  11.5  4.02004e-06
18  1.7  0.10375
18  1.9  0.0690413
18  1.8  0.0838455
18  2.0  0.056011
18  2.5  0.0216001
18  3.0  0.009126
18  3.5  0.00431993
16  12.0  3.03666e-06
18  4.0  0.0021612
18  4.5  0.00116681
18  5.0  0.000627768
18  5.5  0.000382153
18  6.5  0.000142937
18  6.0  0.00023402
18  7.5  6.10683e-05
18  7.0  9.22074e-05
18  8.0  4.04597e-05
18  9.0  1.91953e-05
18  8.5  2.78441e-05
18  9.5  1.3705e-05
18  10.5  7.22161e-06
2  0.2  0.424137
18  10.0  9.80331e-06
18  11.0  5.34085e-06
2  0.3  0.623436
2  0.4  0.790785
2  0.5  0.858615
2  0.6  0.863272
18  11.5  3.9267e-06
2  0.7  0.811079
2  0.8  0.722036
2  0.9  0.614822
2  1.0  0.528984
2  1.1  0.428907
2  1.2  0.348173
2  1.4  0.230921
2  1.3  0.2835
2  1.5  0.187187
2  1.6  0.153264
2  1.7  0.123847
2  1.8  0.0996989
2  2.0  0.0665326
2  1.9  0.0809696
2  3.0  0.0110887
2  2.5  0.0257112
2  3.5  0.00508177
18  12.0  2.95486e-06
2  4.0  0.00255832
2  4.5  0.00138631
2  5.0  0.000783589
2  6.0  0.000279367
2  5.5  0.000451745
2  7.0  0.0001147
2  7.5  7.28506e-05
2  6.5  0.000172986
2  8.0  5.03509e-05
2  9.0  2.32844e-05
2  8.5  3.27518e-05
2  9.5  1.64324e-05
2  10.5  8.57952e-06
2  10.0  1.18683e-05
20  0.2  0.404785
2  11.0  6.43517e-06
20  0.3  0.588592
20  0.4  0.725309
20  0.5  0.781848
20  0.6  0.779264
20  0.7  0.710861
20  0.8  0.611683
20  0.9  0.525236
20  1.0  0.437247
20  1.1  0.356034
20  1.2  0.290707
20  1.3  0.235051
20  1.4  0.189228
2  11.5  4.69215e-06
20  1.6  0.124108
20  1.5  0.152347
20  1.7  0.0981132
20  1.8  0.0796331
20  1.9  0.0643956
20  2.5  0.0205282
20  2.0  0.0529486
20  3.5  0.00405524
20  3.0  0.00874236
2  12.0  3.5809e-06
20  5.5  0.000347137
20  4.5  0.00109885
20  5.0  0.000589374
20  4.0  0.00204973
20  6.0  0.000219418
20  6.5  0.000136753
20  7.0  8.58988e-05
20  7.5  5.69362e-05
20  8.0  3.85233e-05
20  9.5  1.28274e-05
20  8.5  2.63419e-05
20  9.0  1.83324e-05
20  10.0  9.22109e-06
22  0.2  0.395132
20  10.5  6.71882e-06
22  0.3  0.577972
22  0.4  0.712839
22  0.5  0.757406
22  0.6  0.739743
22  0.7  0.672757
22  0.8  0.587135
22  0.9  0.502087
22  1.0  0.410041
20  11.5  3.64273e-06
22  1.1  0.337162
22  1.2  0.277722
22  1.4  0.17782
22  1.3  0.219079
22  1.5  0.14427
22  1.6  0.114876
22  1.8  0.0742186
22  1.7  0.0918933
22  1.9  0.0604011
20  11.0  5.00422e-06
22  2.0  0.0492828
22  2.5  0.0192578
22  3.0  0.00811755
22  3.5  0.00381156
20  12.0  2.71332e-06
22  4.5  0.00102028
22  5.0  0.000569961
22  4.0  0.00190542
22  5.5  0.000337493
22  6.0  0.000202673
22  6.5  0.000126047
22  7.5  5.3278e-05
22  7.0  7.91312e-05
22  8.0  3.6071e-05
22  8.5  2.4917e-05
22  9.5  1.20195e-05
22  9.0  1.73652e-05
22  10.5  6.35429e-06
22  10.0  8.72642e-06
24  0.2  0.391779
24  0.3  0.55849
24  0.4  0.688481
24  0.5  0.725658
24  0.7  0.631597
24  0.6  0.701139
24  0.8  0.54895
22  11.5  3.37625e-06
24  0.9  0.464588
24  1.0  0.381135
24  1.1  0.315402
24  1.2  0.253953
24  1.4  0.163805
22  11.0  4.57875e-06
24  1.3  0.201942
24  1.6  0.103804
24  1.5  0.130093
24  1.8  0.0686548
24  1.7  0.0839177
24  1.9  0.0553104
24  2.5  0.0176056
24  2.0  0.0453205
24  3.0  0.00729148
22  12.0  2.51718e-06
24  3.5  0.00343854
24  4.5  0.000921453
24  5.0  0.000517242
24  4.0  0.00175669
24  5.5  0.000307389
24  6.0  0.000186012
24  6.5  0.000115953
24  7.0  7.40003e-05
24  7.5  4.7154e-05
24  9.5  1.10096e-05
24  8.0  3.18076e-05
24  8.5  2.22379e-05
24  10.0  7.85743e-06
24  9.0  1.56053e-05
24  10.5  5.62134e-06
26  0.2  0.370236
26  0.3  0.540152
26  0.4  0.651254
26  0.5  0.686137
26  0.6  0.659258
26  0.7  0.581139
26  0.8  0.503827
26  0.9  0.423657
26  1.0  0.345641
26  1.1  0.279818
24  11.5  3.15201e-06
26  1.2  0.224852
26  1.3  0.181518
26  1.4  0.145203
26  1.5  0.115274
26  1.6  0.0925064
26  1.7  0.0741599
26  1.8  0.0604807
24  11.0  4.14538e-06
26  1.9  0.0493581
26  2.0  0.0403513
26  2.5  0.0152661
26  3.0  0.00648343
26  3.5  0.00307488
24  12.0  2.37982e-06
26  4.0  0.00153025
26  5.5  0.000264912
26  4.5  0.000835821
26  5.0  0.00046128
26  6.0  0.000156942
26  6.5  0.000102217
26  8.0  2.89404e-05
26  7.0  6.25199e-05
26  7.5  4.1931e-05
26  8.5  1.96988e-05
26  9.5  9.71621e-06
26  10.0  6.89224e-06
26  9.0  1.37784e-05
26  10.5  4.87759e-06
28  0.2  0.364315
28  0.3  0.503758
28  0.4  0.601426
28  0.5  0.628461
28  0.6  0.584825
28  0.7  0.521098
28  0.8  0.444087
28  0.9  0.367009
28  1.0  0.300818
26  11.5  2.71302e-06
28  1.1  0.239188
28  1.2  0.193132
26  11.0  3.65817e-06
28  1.3  0.154355
28  1.4  0.123468
28  1.5  0.0982927
26  12.0  2.0261e-06
28  1.6  0.0784735
28  1.8  0.0521442
28  1.7  0.0637587
28  1.9  0.0416247
28  2.5  0.0130846
28  2.0  0.0336643
28  3.0  0.00573105
28  3.5  0.00252481
28  5.5  0.000217853
28  5.0  0.000379209
28  4.0  0.00129626
28  4.5  0.000664636
28  6.5  8.43081e-05
28  6.0  0.000135715
28  8.0  2.37558e-05
28  7.0  5.47746e-05
28  7.5  3.60515e-05
28  8.5  1.63726e-05
28  9.5  8.08381e-06
28  10.0  5.76569e-06
28  9.0  1.14563e-05
28  10.5  4.18686e-06
30  0.2  0.327823
30  0.3  0.45726
30  0.4  0.531051
30  0.5  0.547272
30  0.6  0.499043
30  0.7  0.43258
30  0.8  0.36526
30  0.9  0.295702
30  1.0  0.240903
30  1.1  0.19538
28  11.5  2.26511e-06
30  1.2  0.155261
30  1.3  0.12275
30  1.4  0.098414
30  1.5  0.0794233
30  1.6  0.0633757
28  11.0  3.06118e-06
30  1.7  0.0504882
30  1.8  0.0401483
30  1.9  0.0324921
30  2.0  0.0262254
30  2.5  0.0100944
30  3.0  0.00425424
30  3.5  0.00195588
28  12.0  1.66686e-06
30  5.0  0.000302449
30  4.0  0.000992105
30  4.5  0.000529848
30  5.5  0.000170375
30  6.0  0.000103668
30  6.5  6.6228e-05
30  7.0  4.19986e-05
30  8.0  1.88405e-05
30  7.5  2.76274e-05
30  8.5  1.27159e-05
30  9.5  6.20085e-06
30  9.0  8.95376e-06
30  10.0  4.43912e-06
30  10.5  3.27062e-06
32  0.2  0.297092
30  11.0  2.39689e-06
32  0.3  0.394471
32  0.4  0.450086
32  0.5  0.432499
32  0.6  0.388488
32  0.7  0.33346
32  0.8  0.275404
30  11.5  1.76537e-06
32  1.0  0.179549
32  0.9  0.222788
32  1.1  0.143865
32  1.2  0.111869
32  1.3  0.0902184
32  1.5  0.0579615
32  1.4  0.0707674
32  1.6  0.045244
32  1.8  0.0299671
32  1.7  0.0356883
32  1.9  0.0236989
32  2.5  0.00711325
32  2.0  0.0192351
30  12.0  1.32639e-06
32  3.0  0.00310007
32  3.5  0.00144507
32  5.0  0.000210577
32  4.0  0.000730399
32  4.5  0.000374175
32  5.5  0.000124381
32  6.0  7.57982e-05
32  7.0  2.98687e-05
32  6.5  4.69437e-05
32  8.5  8.99514e-06
32  7.5  1.99659e-05
32  8.0  1.32668e-05
32  9.0  6.32297e-06
32  9.5  4.43145e-06
32  10.0  3.26629e-06
32  10.5  2.32915e-06
34  0.2  0.243022
34  0.3  0.313268
34  0.4  0.332504
34  0.5  0.314431
34  0.6  0.269547
34  0.7  0.226735
32  11.0  1.74025e-06
34  0.8  0.185104
34  0.9  0.150978
34  1.0  0.120331
34  1.1  0.0962234
34  1.2  0.0740474
34  1.3  0.0580107
34  1.4  0.046408
34  1.5  0.0376374
34  1.6  0.029766
34  1.7  0.024031
34  1.8  0.0189004
34  1.9  0.0154284
34  2.0  0.0126964
34  2.5  0.00468167
34  3.0  0.00195934
32  12.0  9.46203e-07
34  3.5  0.000932111
32  11.5  1.2572e-06
34  4.5  0.000246575
34  5.0  0.000137954
34  4.0  0.000456412
34  5.5  8.03563e-05
34  6.0  4.91277e-05
34  6.5  2.95612e-05
34  7.0  1.95753e-05
34  7.5  1.2737e-05
34  9.0  4.07406e-06
34  8.0  8.51964e-06
34  8.5  5.85197e-06
34  9.5  2.92754e-06
34  10.0  2.066e-06
4  0.2  0.43074
4  0.3  0.623382
34  10.5  1.48638e-06
4  0.4  0.782933
4  0.5  0.858619
4  0.6  0.862802
4  0.7  0.807586
4  0.8  0.710321
4  0.9  0.617414
4  1.0  0.519645
4  1.1  0.422967
4  1.2  0.345839
4  1.3  0.283486
4  1.5  0.189138
4  1.4  0.23036
4  1.6  0.151454
4  1.7  0.121376
34  11.0  1.10506e-06
4  1.9  0.0809927
4  1.8  0.0989025
4  2.0  0.0663889
4  2.5  0.0258963
4  3.0  0.0110138
4  3.5  0.00510209
34  12.0  6.25975e-07
34  11.5  8.30616e-07
4  4.0  0.00257801
4  4.5  0.0013717
4  5.0  0.00078713
4  6.0  0.000272715
4  5.5  0.000455165
4  7.0  0.00010859
4  6.5  0.000170442
4  7.5  7.07456e-05
4  8.0  4.84495e-05
4  8.5  3.44741e-05
4  9.0  2.33894e-05
4  9.5  1.62107e-05
4  10.5  8.64654e-06
4  10.0  1.17301e-05
6  0.2  0.422181
4  11.0  6.27943e-06
6  0.3  0.623439
6  0.4  0.778562
6  0.5  0.854537
6  0.7  0.808594
6  0.6  0.855622
6  0.8  0.714829
6  0.9  0.608454
6  1.0  0.514502
6  1.1  0.42365
6  1.3  0.282543
6  1.2  0.345525
6  1.4  0.22681
6  1.5  0.183996
4  11.5  4.68314e-06
6  1.7  0.121471
6  1.6  0.149537
6  1.8  0.0990747
6  1.9  0.0804597
6  2.0  0.0648327
6  2.5  0.0254559
6  3.0  0.010898
6  3.5  0.00506279
4  12.0  3.44922e-06
6  4.0  0.00254395
6  4.5  0.00136477
6  5.0  0.000771461
6  6.0  0.000270335
6  5.5  0.000452923
6  7.0  0.000110968
6  7.5  7.17452e-05
6  6.5  0.000171494
6  8.5  3.30161e-05
6  8.0  4.85593e-05
6  9.0  2.2666e-05
6  9.5  1.65018e-05
6  10.5  8.47298e-06
6  10.0  1.20885e-05
6  11.0  6.09176e-06
8  0.2  0.421842
8  0.3  0.620509
8  0.4  0.784061
8  0.5  0.857748
8  0.6  0.857978
8  0.7  0.796555
8  0.8  0.705007
8  0.9  0.607193
6  11.5  4.59038e-06
8  1.0  0.510008
8  1.1  0.419513
8  1.2  0.341632
8  1.4  0.228259
8  1.3  0.279147
8  1.5  0.184623
8  1.6  0.149179
8  1.7  0.119785
8  1.8  0.0970325
8  2.0  0.0639051
8  1.9  0.0779894
8  2.5  0.0251195
8  3.0  0.0107901
8  3.5  0.00496836
8  4.0  0.00247441
6  12.0  3.40891e-06
8  4.5  0.00134215
8  5.0  0.000766851
8  6.0  0.00026545
8  5.5  0.000441857
8  6.5  0.000168173
8  7.0  0.000111236
8  7.5  7.10966e-05
8  8.0  4.7402e-05
8  9.0  2.23798e-05
8  8.5  3.24782e-05
8  9.5  1.64869e-05
8  10.0  1.12458e-05
8  10.5  8.27857e-06
8  11.0  6.29778e-06
8  11.5  4.63932e-06
8  12.0  3.4631e-06
