# diffractive D0 cross section, Pb target, HymnD fragmentation, An0n channel
# generated      : 2026-08-20 11:05:20 EEST
# calls          : 1e5 (VEGAS calls per point, see CALLS_EXCL/CALLS_EXCL_FACTORIZED/CALLS_DIFF)
# dipole samples : data/Pb/bk_posterior/member_0077/glauber_mve_<b>
# pD0 sweep      : 0.2 0.3 0.4 0.5 0.6 0.7 0.8 0.9 1.0 1.1 1.2 1.3 1.4 1.5 1.6 1.7 1.8 1.9 2.0 2.5 3.0 3.5 4.0 4.5 5.0 5.5 6.0 6.5 7.0 7.5 8.0 8.5 9.0 9.5 10.0 10.5 11.0 11.5 12.0
# fixed rapidity y : 0.0
# ============================================================
# b  pD0  dsigma_dyd2pD0
0  0.3  0.812237
0  0.4  1.02463
0  0.2  0.559641
0  0.6  1.15711
0  0.5  1.13431
0  0.7  1.08335
0  0.9  0.848056
0  0.8  0.979275
0  1.0  0.718083
0  1.1  0.600912
0  1.3  0.409289
0  1.2  0.497004
0  1.5  0.280549
0  1.4  0.340336
0  1.7  0.185713
0  1.6  0.22852
0  1.8  0.154895
0  1.9  0.127594
0  3.0  0.0197452
0  2.0  0.105456
0  2.5  0.0429108
0  3.5  0.00978331
0  4.0  0.00517688
0  4.5  0.00290244
0  5.0  0.00172585
0  5.5  0.00106224
0  6.0  0.000658121
0  7.5  0.000202938
0  6.5  0.000430524
0  7.0  0.000293629
0  8.0  0.000143924
0  8.5  0.000100703
0  9.0  7.11336e-05
0  9.5  5.19326e-05
0  10.0  3.97674e-05
10  0.2  0.552524
10  0.3  0.802923
10  0.4  0.997412
10  0.5  1.10884
10  0.6  1.12271
10  0.7  1.04827
0  10.5  2.90546e-05
10  0.8  0.943779
10  0.9  0.82003
0  11.0  2.19116e-05
10  1.0  0.69565
10  1.1  0.581163
10  1.2  0.482813
10  1.3  0.392791
10  1.4  0.321317
10  1.5  0.265934
10  1.8  0.145248
10  1.6  0.220053
10  1.7  0.178241
0  11.5  1.72529e-05
10  1.9  0.121133
10  2.5  0.0415817
10  2.0  0.100877
10  3.5  0.00943694
10  3.0  0.0188518
0  12.0  1.30894e-05
10  4.0  0.00494504
10  5.0  0.00165829
10  5.5  0.000998514
10  4.5  0.00278332
10  6.5  0.000420575
10  6.0  0.000621409
10  8.0  0.000131946
10  7.0  0.000276
10  7.5  0.000190114
10  8.5  9.5801e-05
10  10.0  3.64464e-05
10  10.5  2.74838e-05
10  9.0  6.7294e-05
10  9.5  4.89104e-05
12  0.2  0.547633
12  0.3  0.782753
12  0.4  1.00741
12  0.5  1.10845
12  0.6  1.10141
12  0.7  1.04825
12  0.8  0.933117
12  0.9  0.809003
12  1.0  0.67862
12  1.1  0.570396
12  1.2  0.47097
12  1.3  0.387789
12  1.4  0.314468
10  11.0  2.10996e-05
12  1.5  0.258887
12  1.7  0.171563
12  1.6  0.212585
12  1.8  0.143186
12  1.9  0.118538
12  2.5  0.040758
10  11.5  1.59154e-05
12  2.0  0.0980863
12  3.0  0.0183006
12  3.5  0.00924966
10  12.0  1.26888e-05
12  4.0  0.00480014
12  5.0  0.00158132
12  5.5  0.00096289
12  4.5  0.00271837
12  6.5  0.000402837
12  6.0  0.000616049
12  7.0  0.00027024
12  7.5  0.000183351
12  8.0  0.000131124
12  8.5  9.17061e-05
12  10.0  3.68417e-05
12  9.0  6.81898e-05
12  9.5  4.80319e-05
14  0.2  0.533931
14  0.3  0.794526
14  0.4  0.989661
14  0.5  1.08606
12  10.5  2.76158e-05
14  0.6  1.09447
14  0.7  1.03297
14  0.8  0.921588
14  0.9  0.791283
14  1.0  0.673016
14  1.1  0.556377
14  1.3  0.377864
14  1.2  0.462421
14  1.4  0.303484
14  1.5  0.254712
14  1.6  0.206862
12  11.0  2.02022e-05
14  1.7  0.169627
14  1.8  0.139134
14  2.0  0.096043
14  1.9  0.115553
14  3.0  0.0181433
14  2.5  0.039491
12  11.5  1.6052e-05
12  12.0  1.19934e-05
14  3.5  0.00889006
14  4.5  0.0026742
14  5.0  0.00152922
14  5.5  0.000943819
14  4.0  0.00472095
14  6.5  0.00038749
14  6.0  0.000603946
14  7.0  0.000266471
14  7.5  0.000177461
14  8.0  0.00012847
14  8.5  8.82354e-05
14  10.5  2.63125e-05
14  9.0  6.42484e-05
14  9.5  4.71316e-05
14  10.0  3.48097e-05
16  0.2  0.535484
16  0.3  0.780165
16  0.4  0.980636
16  0.5  1.06743
16  0.6  1.08326
16  0.7  1.00416
16  0.8  0.888511
16  0.9  0.768726
16  1.0  0.652739
16  1.1  0.543712
16  1.2  0.450059
16  1.3  0.36475
16  1.4  0.298968
16  1.5  0.243425
16  1.6  0.200767
14  11.0  2.03312e-05
16  1.7  0.165145
16  1.8  0.137522
16  1.9  0.11144
16  2.0  0.0925632
16  2.5  0.0380975
16  3.0  0.0172109
16  3.5  0.00852916
14  11.5  1.50142e-05
14  12.0  1.20804e-05
16  4.5  0.00255282
16  5.0  0.00148961
16  5.5  0.000903831
16  4.0  0.00452137
16  6.5  0.000373553
16  6.0  0.000579041
16  7.0  0.000253126
16  7.5  0.000173287
16  8.0  0.000122788
16  9.0  6.36142e-05
16  8.5  8.77681e-05
16  10.5  2.56632e-05
16  9.5  4.51906e-05
16  10.0  3.39671e-05
18  0.2  0.531932
18  0.3  0.769123
18  0.4  0.966404
18  0.5  1.04642
18  0.6  1.05557
18  0.7  0.983013
18  0.8  0.871214
18  0.9  0.743798
18  1.0  0.628164
18  1.1  0.526464
18  1.2  0.42667
16  11.0  1.91038e-05
18  1.3  0.350365
18  1.5  0.234012
18  1.4  0.290491
18  1.6  0.193738
18  1.7  0.159094
18  1.8  0.130806
18  1.9  0.106723
18  2.0  0.0889608
18  2.5  0.0362984
16  12.0  1.1545e-05
18  3.0  0.0165874
18  3.5  0.00820882
16  11.5  1.49426e-05
18  4.5  0.00245132
18  5.0  0.00143583
18  4.0  0.00438591
18  5.5  0.000875781
18  6.5  0.000356604
18  6.0  0.000547179
18  8.0  0.000116249
18  7.0  0.000241538
18  7.5  0.000169322
18  8.5  8.41678e-05
18  10.0  3.31044e-05
18  9.0  5.9927e-05
18  9.5  4.25393e-05
2  0.2  0.55813
2  0.3  0.809786
2  0.4  1.00724
18  10.5  2.40622e-05
2  0.5  1.1282
2  0.6  1.1494
2  0.7  1.09011
2  0.8  0.966318
2  0.9  0.841061
2  1.0  0.721625
2  1.2  0.499621
2  1.1  0.600119
18  11.0  1.80505e-05
2  1.3  0.410509
2  1.4  0.334738
2  1.6  0.228337
2  1.5  0.274085
2  1.7  0.187568
18  11.5  1.41655e-05
2  1.8  0.154662
2  1.9  0.127146
2  2.0  0.105664
2  2.5  0.043701
2  3.0  0.0196009
2  3.5  0.00967961
18  12.0  1.07429e-05
2  4.0  0.00517215
2  4.5  0.00292711
2  5.0  0.00170669
2  5.5  0.00104866
2  6.0  0.00066216
2  6.5  0.000429527
2  7.0  0.000296265
2  7.5  0.000200089
2  8.0  0.000137708
2  8.5  9.74825e-05
2  9.0  7.15998e-05
2  9.5  5.19347e-05
2  10.0  3.85147e-05
20  0.2  0.523227
20  0.3  0.755831
20  0.4  0.940669
2  10.5  2.96814e-05
20  0.5  1.02513
20  0.6  1.01661
20  0.7  0.939362
20  0.8  0.836387
2  11.0  2.20302e-05
20  0.9  0.714949
20  1.0  0.601032
20  1.1  0.50054
20  1.2  0.408532
20  1.3  0.339063
20  1.4  0.276849
20  1.5  0.224736
20  1.6  0.183541
20  1.8  0.121634
20  1.7  0.1507
20  1.9  0.100616
20  2.0  0.0838049
20  2.5  0.0345511
2  11.5  1.67795e-05
20  3.0  0.0156488
20  3.5  0.00770257
2  12.0  1.2913e-05
20  4.0  0.00404917
20  4.5  0.0022826
20  5.0  0.00134191
20  5.5  0.000826544
20  6.5  0.000337294
20  7.5  0.000159255
20  6.0  0.00052095
20  7.0  0.000231075
20  8.0  0.000111567
20  10.0  3.00785e-05
20  8.5  7.94775e-05
20  9.0  5.57229e-05
20  9.5  4.09161e-05
20  11.0  1.73963e-05
22  0.2  0.512173
22  0.3  0.741479
22  0.4  0.913573
22  0.5  0.993734
22  0.6  0.970463
22  0.7  0.898464
20  10.5  2.32792e-05
22  0.8  0.805052
22  0.9  0.682478
22  1.0  0.571667
22  1.1  0.470333
22  1.3  0.315014
22  1.2  0.389631
22  1.4  0.259651
22  1.5  0.210646
22  1.6  0.170559
22  1.7  0.140255
22  1.8  0.116275
22  1.9  0.0942449
22  2.0  0.0786052
22  2.5  0.032222
22  3.0  0.0144894
22  3.5  0.00725933
20  11.5  1.35328e-05
20  12.0  1.00377e-05
22  4.0  0.00377128
22  4.5  0.00209492
22  5.0  0.00125959
22  5.5  0.000764109
22  6.5  0.000314948
22  6.0  0.000480442
22  7.5  0.000144965
22  7.0  0.000211319
22  8.0  0.000101264
22  9.5  3.7772e-05
22  8.5  7.33686e-05
22  9.0  5.20169e-05
22  10.0  2.93757e-05
24  0.2  0.498838
22  10.5  2.10488e-05
24  0.3  0.723279
24  0.4  0.878994
24  0.5  0.940905
24  0.6  0.929175
24  0.7  0.857503
24  0.8  0.744758
24  0.9  0.642387
24  1.0  0.529551
24  1.1  0.436647
24  1.2  0.35347
22  11.0  1.60616e-05
24  1.3  0.28809
24  1.4  0.236086
24  1.6  0.157134
24  1.5  0.194003
24  1.7  0.128847
24  1.8  0.105901
24  1.9  0.0861448
24  2.0  0.0712782
24  2.5  0.029389
24  3.0  0.0135011
22  11.5  1.2438e-05
24  3.5  0.00654466
22  12.0  9.41054e-06
24  4.0  0.00342866
24  5.0  0.00113398
24  4.5  0.00191544
24  5.5  0.000707093
24  6.0  0.000440176
24  6.5  0.00028713
24  7.5  0.00013082
24  7.0  0.000189375
24  8.0  9.43923e-05
24  8.5  6.68999e-05
24  9.0  4.69522e-05
24  9.5  3.53917e-05
24  10.0  2.6148e-05
26  0.2  0.481119
26  0.3  0.699954
26  0.4  0.839466
24  10.5  1.91284e-05
26  0.5  0.882927
26  0.6  0.8726
26  0.7  0.791884
26  0.8  0.679839
26  0.9  0.574028
26  1.0  0.477162
26  1.1  0.393083
26  1.2  0.324069
26  1.3  0.255966
24  11.0  1.4583e-05
26  1.4  0.212612
26  1.5  0.172499
26  1.6  0.138922
26  1.7  0.115139
26  1.9  0.0780899
26  1.8  0.0929836
26  2.0  0.0634041
26  2.5  0.0254515
26  3.0  0.0116675
26  3.5  0.00578036
24  11.5  1.14239e-05
24  12.0  8.63648e-06
26  4.0  0.00306195
26  4.5  0.00173045
26  5.0  0.000982365
26  5.5  0.000624542
26  6.0  0.000385764
26  6.5  0.000250586
26  7.0  0.00017309
26  8.0  8.29343e-05
26  7.5  0.000119101
26  8.5  5.74278e-05
26  9.0  4.19059e-05
26  9.5  3.10763e-05
26  10.0  2.21393e-05
28  0.2  0.458299
28  0.3  0.655538
26  10.5  1.69687e-05
28  0.4  0.784733
28  0.5  0.809201
28  0.6  0.782229
28  0.7  0.695136
28  0.8  0.600686
28  0.9  0.4983
28  1.0  0.415883
28  1.1  0.336121
28  1.3  0.223599
28  1.2  0.277603
26  11.0  1.30345e-05
28  1.4  0.178712
28  1.5  0.145368
28  1.6  0.118954
28  1.7  0.0966889
28  1.9  0.0650709
28  1.8  0.0789014
28  2.0  0.0548145
28  2.5  0.0221006
26  11.5  9.97511e-06
28  3.0  0.00979055
28  3.5  0.00483868
26  12.0  7.59944e-06
28  5.0  0.000860893
28  4.0  0.00253197
28  4.5  0.00143398
28  5.5  0.000511752
28  6.0  0.000331772
28  6.5  0.00021555
28  7.0  0.0001404
28  7.5  9.98508e-05
28  8.0  6.93404e-05
28  9.5  2.52103e-05
28  8.5  4.78127e-05
28  10.5  1.43668e-05
28  9.0  3.57374e-05
28  10.0  1.85003e-05
28  11.5  8.10285e-06
30  0.2  0.423803
30  0.3  0.596037
30  0.4  0.684062
30  0.5  0.703955
30  0.6  0.65462
30  0.7  0.577247
30  0.8  0.488229
30  0.9  0.404494
30  1.0  0.3337
30  1.1  0.27227
30  1.2  0.219705
30  1.3  0.17847
30  1.4  0.142418
30  1.6  0.094697
30  1.5  0.115876
28  11.0  1.09758e-05
30  1.7  0.0761665
30  1.8  0.0627046
30  1.9  0.0521431
30  2.0  0.0426444
30  2.5  0.0171906
30  3.0  0.00784354
30  3.5  0.00387875
28  12.0  6.38223e-06
30  4.0  0.00200643
30  5.0  0.00065494
30  4.5  0.00111824
30  5.5  0.000401062
30  6.0  0.000262382
30  6.5  0.000164877
30  7.0  0.000110995
30  7.5  7.61309e-05
30  8.0  5.42323e-05
30  8.5  3.83196e-05
30  9.0  2.71031e-05
30  9.5  1.9754e-05
30  10.0  1.45625e-05
32  0.2  0.375251
30  10.5  1.09285e-05
32  0.3  0.513132
32  0.4  0.565493
32  0.5  0.559574
32  0.6  0.506778
32  0.7  0.445943
32  0.8  0.373236
32  0.9  0.306975
32  1.0  0.249497
32  1.3  0.128919
32  1.1  0.199515
32  1.2  0.161841
30  11.0  8.56643e-06
32  1.4  0.10418
32  1.5  0.0848042
32  1.6  0.069127
32  1.7  0.0555628
32  1.8  0.0455799
32  1.9  0.0370184
32  2.0  0.0304785
32  2.5  0.0124092
32  3.0  0.00562045
32  3.5  0.00271952
30  11.5  6.31833e-06
30  12.0  4.95144e-06
32  4.5  0.00082211
32  5.0  0.000477405
32  4.0  0.0014389
32  5.5  0.000278347
32  6.0  0.000183534
32  6.5  0.000119788
32  7.0  7.86121e-05
32  7.5  5.41906e-05
32  8.0  3.76046e-05
32  8.5  2.75938e-05
32  9.0  1.9242e-05
32  9.5  1.40193e-05
32  10.0  1.03273e-05
34  0.2  0.315777
34  0.3  0.409965
34  0.4  0.424507
34  0.5  0.403174
34  0.6  0.358052
34  0.7  0.302173
34  0.8  0.253612
34  0.9  0.201929
34  1.0  0.16224
32  10.5  7.795e-06
34  1.2  0.108065
34  1.1  0.133598
34  1.3  0.0862206
34  1.4  0.0678684
34  1.5  0.0551696
34  1.6  0.0448163
34  1.7  0.0359196
34  1.8  0.0293579
34  1.9  0.0243094
34  2.0  0.019581
34  2.5  0.00779272
32  11.0  6.09761e-06
34  3.0  0.00358649
34  3.5  0.00175428
32  11.5  4.67468e-06
32  12.0  3.60397e-06
34  5.5  0.000182685
34  4.0  0.000928761
34  4.5  0.000514486
34  5.0  0.00030244
34  6.0  0.00011615
34  6.5  7.47423e-05
34  7.0  5.07781e-05
34  7.5  3.48574e-05
34  8.0  2.47142e-05
34  8.5  1.69786e-05
34  9.0  1.23828e-05
34  9.5  9.13775e-06
34  10.0  6.74674e-06
34  11.0  3.78196e-06
34  11.5  2.90058e-06
4  0.2  0.561399
4  0.3  0.810572
34  10.5  5.06937e-06
4  0.4  1.01361
4  0.5  1.13116
4  0.6  1.15076
4  0.7  1.07369
4  0.9  0.83331
4  0.8  0.970961
4  1.0  0.709889
34  12.0  2.25469e-06
4  1.1  0.597268
4  1.2  0.498528
4  1.3  0.406582
4  1.4  0.33641
4  1.5  0.272802
4  1.6  0.225463
4  1.7  0.184132
4  1.8  0.152122
4  2.0  0.104558
4  1.9  0.125633
4  2.5  0.04313
4  3.0  0.0196247
4  3.5  0.00976977
4  4.0  0.00524789
4  4.5  0.00290661
4  5.0  0.00170041
4  5.5  0.00103947
4  6.0  0.000653445
4  6.5  0.000425047
4  7.0  0.000286863
4  7.5  0.000201506
4  8.0  0.000137804
4  8.5  9.74006e-05
4  9.0  7.03336e-05
4  9.5  5.17968e-05
4  10.0  3.85776e-05
6  0.2  0.559444
6  0.3  0.806885
4  10.5  2.94172e-05
6  0.4  1.00999
6  0.5  1.12482
6  0.6  1.14576
6  0.7  1.06618
6  0.8  0.968196
6  0.9  0.838524
6  1.0  0.709721
6  1.2  0.496076
6  1.1  0.598131
6  1.3  0.404328
6  1.4  0.329899
4  11.0  2.15366e-05
6  1.5  0.270106
6  1.6  0.221029
6  1.8  0.152564
6  1.7  0.183948
6  1.9  0.124382
6  2.5  0.0429573
6  2.0  0.10349
6  3.0  0.019647
6  3.5  0.00960914
4  11.5  1.6508e-05
6  4.0  0.00515054
6  4.5  0.00284209
4  12.0  1.27814e-05
6  5.5  0.00102479
6  5.0  0.00167538
6  6.0  0.000674753
6  6.5  0.000424295
6  7.0  0.000283308
6  7.5  0.000195063
6  8.0  0.000138092
6  8.5  9.76929e-05
6  9.0  6.98377e-05
6  9.5  5.1192e-05
6  10.0  3.92582e-05
6  10.5  2.79258e-05
8  0.2  0.55383
8  0.3  0.799296
8  0.4  1.00694
8  0.5  1.13224
8  0.6  1.14054
8  0.7  1.07108
8  0.8  0.963658
8  0.9  0.831574
8  1.0  0.697109
8  1.1  0.588808
6  11.0  2.13546e-05
8  1.2  0.485122
8  1.3  0.401521
8  1.4  0.327279
8  1.6  0.21923
8  1.7  0.181399
8  1.5  0.2696
8  1.8  0.1503
8  2.0  0.102407
8  1.9  0.124694
6  12.0  1.28447e-05
8  2.5  0.0415088
8  3.0  0.0190519
8  3.5  0.00942624
6  11.5  1.6503e-05
8  4.0  0.0050384
8  4.5  0.00282997
8  5.0  0.00165226
8  5.5  0.00101464
8  6.0  0.000639678
8  7.5  0.000191575
8  6.5  0.000414203
8  8.0  0.000136574
8  7.0  0.000278754
8  8.5  9.8398e-05
8  9.0  6.99626e-05
8  9.5  5.21018e-05
8  10.0  3.82619e-05
8  10.5  2.84784e-05
8  11.0  2.17754e-05
8  11.5  1.66373e-05
8  12.0  1.25824e-05
