# exclusive D0 cross section, Pb target, LHAPDF fragmentation, An0n channel
# generated      : 2026-08-19 15:29:17 EEST
# calls          : 1e5 below 4.0 GeV, 2e3 above (see EXCL_PT_THRESHOLD) (VEGAS calls per point, see CALLS_EXCL/CALLS_EXCL_FACTORIZED/CALLS_DIFF)
# dipole samples : data/Pb/bk_posterior/member_0077/glauber_mve_<b>
# pD0 sweep      : 0.2 0.3 0.4 0.5 0.6 0.7 0.8 0.9 1.0 1.1 1.2 1.3 1.4 1.5 1.6 1.7 1.8 1.9 2.0 2.5 3.0 3.5 4.0 4.5 5.0 5.5 6.0 6.5 7.0 7.5 8.0 8.5 9.0 9.5 10.0 10.5 11.0 11.5 12.0
# fixed rapidity y : -1.0
# ============================================================
# b  pD0  dsigma_dyd2pD0
0  0.2  3.07578
0  0.5  1.47604
0  0.3  2.48374
0  0.4  1.94151
0  0.6  1.10424
0  0.7  0.811713
0  0.8  0.595162
0  0.9  0.434515
0  1.0  0.316443
0  1.2  0.16984
0  1.1  0.231448
0  1.3  0.124655
0  1.4  0.0919436
0  1.6  0.0524543
0  1.7  0.0385675
0  1.5  0.0685645
0  1.8  0.0303226
0  1.9  0.0225689
0  2.0  0.0178598
0  2.5  0.00489457
0  3.0  0.00138015
0  3.5  0.00041012
0  5.0  3.1198e-05
0  4.0  0.000179185
0  4.5  7.23596e-05
0  5.5  1.42664e-05
0  6.0  6.99154e-06
0  7.0  1.90746e-06
0  6.5  3.5822e-06
0  7.5  1.06459e-06
0  8.5  3.6994e-07
0  8.0  6.2378e-07
0  10.5  6.35978e-08
0  9.0  2.30697e-07
0  10.0  9.45853e-08
0  9.5  1.47585e-07
0  11.0  4.32271e-08
10  0.2  2.8996
10  0.3  2.34147
10  0.4  1.82644
10  0.5  1.38674
10  0.6  1.03312
10  0.7  0.759924
10  0.8  0.554674
10  0.9  0.402857
10  1.1  0.214427
10  1.0  0.293738
10  1.2  0.157112
10  1.3  0.116397
0  11.5  2.99292e-08
10  1.4  0.0849769
10  1.5  0.0631655
10  1.6  0.047995
10  1.7  0.0353694
10  1.8  0.0275375
10  1.9  0.0208697
10  2.0  0.0160805
10  2.5  0.00410496
10  3.0  0.00111422
0  12.0  2.10741e-08
10  3.5  0.000296337
10  4.0  0.000163293
10  4.5  6.5502e-05
10  5.0  2.81095e-05
10  5.5  1.29103e-05
10  6.0  6.32529e-06
10  7.5  9.63809e-07
10  6.5  3.24775e-06
10  7.0  1.74196e-06
10  8.0  5.64523e-07
10  8.5  3.38069e-07
10  9.0  2.09434e-07
10  9.5  1.33248e-07
10  10.0  8.56633e-08
12  0.2  2.8217
12  0.3  2.27491
12  0.4  1.7718
10  10.5  5.80099e-08
12  0.5  1.34572
12  0.6  1.00114
10  11.5  2.70674e-08
12  0.7  0.734794
12  0.8  0.535436
12  0.9  0.389688
12  1.0  0.28315
12  1.1  0.20655
10  11.0  3.94952e-08
12  1.2  0.151279
10  12.0  1.91496e-08
12  1.3  0.111904
12  1.4  0.0815181
12  1.5  0.0603899
12  1.6  0.0458705
12  1.7  0.0338698
12  1.8  0.0263407
12  1.9  0.0195096
12  2.0  0.0148617
12  2.5  0.00410595
12  3.0  0.00132329
12  3.5  0.000370286
12  5.0  2.66159e-05
12  4.0  0.000154503
12  4.5  6.23416e-05
12  5.5  1.23085e-05
12  6.0  6.04831e-06
12  7.5  9.18354e-07
12  6.5  3.08989e-06
12  8.5  3.17321e-07
12  7.0  1.65983e-06
12  9.0  1.95587e-07
12  8.0  5.37392e-07
12  9.5  1.27066e-07
12  10.5  5.43782e-08
12  10.0  8.28095e-08
14  0.2  2.72402
14  0.3  2.19284
14  0.4  1.70988
14  0.5  1.29273
14  0.6  0.961549
14  0.7  0.704953
14  0.8  0.513112
14  0.9  0.373408
14  1.0  0.269881
14  1.1  0.197248
14  1.2  0.143967
14  1.3  0.105208
14  1.4  0.0783751
14  1.5  0.0575571
14  1.7  0.0329678
14  1.6  0.0426484
14  1.8  0.0250003
12  11.5  2.581e-08
14  1.9  0.018403
14  2.0  0.0141902
14  2.5  0.00372344
12  12.0  1.82528e-08
14  3.0  0.00134573
12  11.0  3.7632e-08
14  3.5  0.000353743
14  5.0  2.52849e-05
14  4.0  0.000146548
14  4.5  5.87793e-05
14  5.5  1.15898e-05
14  6.5  2.88533e-06
14  6.0  5.65972e-06
14  7.5  8.5846e-07
14  8.0  5.01318e-07
14  7.0  1.5632e-06
14  8.5  2.98443e-07
14  9.5  1.18099e-07
14  9.0  1.87912e-07
14  10.0  7.79731e-08
16  0.2  2.60743
16  0.3  2.09881
16  0.4  1.6315
16  0.5  1.23294
16  0.6  0.914559
16  0.7  0.669582
16  0.8  0.486999
14  10.5  5.21531e-08
14  12.0  1.71676e-08
16  0.9  0.353969
16  1.0  0.255827
16  1.1  0.186145
16  1.2  0.136049
14  11.5  2.43039e-08
16  1.3  0.0996145
16  1.5  0.0546835
16  1.4  0.0728232
16  1.6  0.041279
16  1.7  0.0303092
16  1.8  0.0235446
14  11.0  3.52044e-08
16  1.9  0.0172585
16  2.5  0.00336857
16  2.0  0.0135086
16  3.0  0.000926923
16  3.5  0.000242355
16  4.0  0.000136114
16  4.5  5.47149e-05
16  5.0  2.36046e-05
16  5.5  1.07575e-05
16  6.5  2.68096e-06
16  6.0  5.27463e-06
16  8.5  2.7652e-07
16  7.0  1.45088e-06
16  7.5  8.0938e-07
16  8.0  4.65105e-07
16  9.0  1.71376e-07
16  9.5  1.10854e-07
16  10.0  7.24767e-08
18  0.2  2.46789
16  12.0  1.59385e-08
16  10.5  4.83291e-08
18  0.3  1.98209
18  0.5  1.16059
18  0.4  1.53921
18  0.6  0.858965
18  0.7  0.626653
18  0.8  0.454486
18  1.0  0.238245
18  0.9  0.3292
18  1.1  0.172676
18  1.2  0.125727
16  11.0  3.26959e-08
18  1.3  0.0915641
18  1.4  0.0675381
18  1.5  0.0498916
18  1.6  0.0379437
18  1.7  0.0282733
18  1.9  0.0164863
18  1.8  0.0208739
18  2.0  0.0122702
18  2.5  0.0032694
18  3.0  0.00103023
18  3.5  0.00025737
16  11.5  2.27385e-08
18  4.0  0.000123617
18  5.0  2.13514e-05
18  4.5  4.98994e-05
18  5.5  9.80801e-06
18  6.0  4.81034e-06
18  7.0  1.30863e-06
18  6.5  2.45701e-06
18  8.5  2.52277e-07
18  7.5  7.38612e-07
18  8.0  4.27003e-07
18  9.0  1.58922e-07
18  10.0  6.50312e-08
18  9.5  1.01305e-07
2  0.2  3.06799
2  0.3  2.47922
18  10.5  4.39961e-08
2  0.4  1.93723
2  0.5  1.47478
18  12.0  1.45233e-08
2  0.6  1.10068
2  0.7  0.811665
2  0.8  0.593912
2  0.9  0.433093
2  1.0  0.315759
2  1.1  0.230997
2  1.2  0.16907
18  11.0  2.98821e-08
2  1.3  0.124354
2  1.5  0.0695152
2  1.4  0.0919586
2  1.6  0.0512213
2  1.7  0.0380758
2  1.8  0.0291373
2  1.9  0.0221489
2  2.0  0.0173566
2  2.5  0.00469582
2  3.0  0.00151023
2  3.5  0.000548868
18  11.5  2.06939e-08
2  5.0  3.10828e-05
2  4.0  0.000178506
2  4.5  7.21018e-05
2  5.5  1.42095e-05
2  6.0  6.96543e-06
2  7.0  1.90011e-06
2  6.5  3.57128e-06
2  7.5  1.06052e-06
2  8.5  3.6874e-07
2  9.0  2.25941e-07
2  8.0  6.20878e-07
2  10.5  6.33406e-08
2  10.0  9.4228e-08
2  9.5  1.46139e-07
2  11.0  4.30601e-08
20  0.2  2.3024
20  0.3  1.84656
20  0.4  1.42995
20  0.5  1.07539
20  0.6  0.793568
20  0.7  0.578531
20  0.9  0.302414
20  0.8  0.418418
20  1.0  0.218264
20  1.1  0.157783
20  1.2  0.115008
20  1.3  0.0839985
20  1.4  0.0610649
20  1.5  0.0452067
20  1.6  0.0345161
2  12.0  2.0991e-08
20  1.7  0.0252507
20  1.8  0.0189815
20  1.9  0.0144566
20  2.0  0.0109987
20  2.5  0.00284286
20  3.0  0.00107832
20  3.5  0.000265236
2  11.5  3.01138e-08
20  4.0  0.000110292
20  5.0  1.89672e-05
20  4.5  4.44733e-05
20  5.5  8.75505e-06
20  6.0  4.28593e-06
20  7.0  1.16629e-06
20  6.5  2.18906e-06
20  8.5  2.25313e-07
20  8.0  3.78447e-07
20  7.5  6.58556e-07
20  9.0  1.39364e-07
20  9.5  8.86288e-08
20  10.0  5.87465e-08
20  11.0  2.63616e-08
22  0.2  2.10676
20  10.5  3.92102e-08
22  0.3  1.68513
22  0.4  1.30038
22  0.5  0.976178
22  0.6  0.716879
22  0.7  0.52074
22  0.8  0.375815
22  0.9  0.27023
22  1.0  0.194907
22  1.1  0.140458
22  1.2  0.101656
22  1.3  0.0739474
22  1.4  0.0552692
22  1.5  0.0400888
22  1.6  0.0295916
22  1.7  0.0227368
22  1.8  0.0165977
22  1.9  0.0125885
22  2.0  0.0096153
22  2.5  0.00231865
22  3.5  0.000257101
20  11.5  1.85057e-08
22  3.0  0.000655474
20  12.0  1.30135e-08
22  5.5  7.50417e-06
22  4.0  9.59855e-05
22  4.5  3.84886e-05
22  5.0  1.6447e-05
22  6.0  3.7053e-06
22  6.5  1.89454e-06
22  8.5  1.94638e-07
22  8.0  3.26048e-07
22  7.0  1.01202e-06
22  7.5  5.68652e-07
22  9.5  7.63611e-08
22  10.0  5.00657e-08
22  11.0  2.27537e-08
22  9.0  1.22132e-07
24  0.2  1.87302
22  10.5  3.38018e-08
24  0.3  1.4929
24  0.4  1.14831
24  0.5  0.857183
24  0.6  0.627658
22  12.0  1.11451e-08
24  0.7  0.453895
24  0.8  0.32663
24  0.9  0.233524
24  1.0  0.167776
22  11.5  1.5751e-08
24  1.1  0.120704
24  1.2  0.0877276
24  1.3  0.0639546
24  1.4  0.0467902
24  1.5  0.0338191
24  1.7  0.0192604
24  1.6  0.0251151
24  1.8  0.0145236
24  1.9  0.0109591
24  2.0  0.00791554
24  2.5  0.00225871
24  3.0  0.00063161
24  3.5  0.000173819
24  5.5  6.21718e-06
24  6.0  3.0471e-06
24  4.0  7.99522e-05
24  4.5  3.20525e-05
24  5.0  1.36729e-05
24  7.0  8.31414e-07
24  6.5  1.56384e-06
24  7.5  4.68455e-07
24  8.5  1.61308e-07
24  8.0  2.71285e-07
24  9.0  1.00751e-07
24  9.5  6.42563e-08
24  10.0  4.18555e-08
24  11.0  1.87895e-08
26  0.2  1.59579
26  0.3  1.26699
26  0.4  0.969275
26  0.5  0.719901
24  12.0  9.20188e-09
26  0.6  0.523935
24  10.5  2.78845e-08
26  0.7  0.377183
26  0.8  0.269438
26  0.9  0.191881
26  1.0  0.137094
26  1.1  0.0984898
26  1.2  0.070753
26  1.3  0.0511666
26  1.4  0.0376132
26  1.5  0.028222
26  1.6  0.020211
26  1.7  0.0153963
26  1.8  0.0114918
26  1.9  0.00851369
26  2.5  0.00169257
26  2.0  0.00639598
26  3.0  0.000571749
24  11.5  1.31646e-08
26  3.5  9.26451e-05
26  4.5  2.49579e-05
26  4.0  6.24218e-05
26  5.0  1.06229e-05
26  5.5  4.86475e-06
26  6.0  2.36258e-06
26  8.0  2.0685e-07
26  6.5  1.21297e-06
26  8.5  1.23775e-07
26  7.0  6.49837e-07
26  7.5  3.63609e-07
26  9.0  7.70066e-08
26  9.5  4.93215e-08
26  10.5  2.12395e-08
26  10.0  3.22175e-08
26  11.0  1.45257e-08
28  0.2  1.27427
28  0.3  1.00617
28  0.4  0.763494
28  0.5  0.56399
28  0.6  0.407518
28  0.7  0.291019
28  0.8  0.206366
28  0.9  0.146081
28  1.0  0.103914
28  1.1  0.0743349
28  1.2  0.0531872
28  1.3  0.0381637
26  12.0  7.16151e-09
28  1.4  0.0276408
28  1.5  0.0202068
28  1.6  0.0148465
28  1.8  0.00852742
28  1.7  0.011349
28  1.9  0.00620785
28  2.0  0.00487927
28  2.5  0.00117967
28  3.5  0.000166098
26  11.5  1.0185e-08
28  3.0  0.000398544
28  4.5  1.77285e-05
28  5.0  7.46911e-06
28  4.0  4.4413e-05
28  5.5  3.43937e-06
28  6.0  1.67549e-06
28  7.0  4.53607e-07
28  6.5  8.57105e-07
28  9.0  5.39716e-08
28  7.5  2.55569e-07
28  8.5  8.76575e-08
28  8.0  1.481e-07
28  10.5  1.49273e-08
28  11.5  7.0858e-09
28  9.5  3.48755e-08
28  10.0  2.27595e-08
30  0.2  0.924663
28  11.0  1.0201e-08
30  0.3  0.724497
30  0.4  0.545549
30  0.5  0.398304
30  0.6  0.284621
30  0.7  0.201729
30  0.8  0.141835
28  12.0  4.9928e-09
30  0.9  0.0996969
30  1.0  0.0703164
30  1.1  0.0498095
30  1.2  0.0355616
30  1.3  0.0258173
30  1.4  0.0186558
30  1.5  0.0132677
30  1.6  0.0097748
30  1.7  0.00737821
30  1.8  0.00555473
30  1.9  0.00421222
30  2.0  0.00311308
30  3.5  0.000111274
30  2.5  0.000783444
30  3.0  0.000196057
30  4.5  1.10332e-05
30  4.0  2.77678e-05
30  5.0  4.64766e-06
30  5.5  2.12989e-06
30  7.0  2.78748e-07
30  7.5  1.54619e-07
30  6.5  5.22163e-07
30  6.0  1.03497e-06
30  8.0  8.9649e-08
30  8.5  5.43674e-08
30  10.0  1.37302e-08
30  9.0  3.35763e-08
30  10.5  9.17955e-09
30  9.5  2.13187e-08
30  11.5  4.29995e-09
32  0.2  0.587877
32  0.3  0.455588
32  0.4  0.339722
32  0.5  0.244953
32  0.6  0.173257
32  0.7  0.120869
30  11.0  6.28608e-09
32  0.8  0.0842543
32  0.9  0.0586645
32  1.0  0.0409877
32  1.1  0.02884
32  1.2  0.0204229
32  1.3  0.0145048
32  1.4  0.0103544
32  1.5  0.00764591
32  1.6  0.00559123
32  1.7  0.00398212
32  1.8  0.00305667
32  1.9  0.00230411
32  2.0  0.00167593
32  2.5  0.000423401
32  3.5  8.01695e-05
32  3.0  0.000160847
30  12.0  3.08811e-09
32  6.0  5.29608e-07
32  4.0  1.45403e-05
32  4.5  5.71764e-06
32  5.0  2.42686e-06
32  5.5  1.10513e-06
32  8.0  4.57797e-08
32  6.5  2.70465e-07
32  7.0  1.43753e-07
32  7.5  8.04438e-08
32  8.5  2.7484e-08
32  9.0  1.70777e-08
32  10.5  4.68179e-09
32  9.5  1.07464e-08
32  10.0  7.01255e-09
32  11.0  3.19475e-09
34  0.2  0.321099
32  11.5  2.22416e-09
34  0.3  0.246056
34  0.4  0.180741
34  0.5  0.128522
34  0.6  0.0895732
34  0.7  0.0618182
34  0.8  0.0423746
34  0.9  0.0292606
34  1.0  0.0201598
34  1.1  0.0140641
34  1.2  0.00986842
34  1.3  0.00697666
34  1.4  0.0050148
34  1.5  0.00351711
34  1.6  0.00264466
34  1.7  0.0018751
34  1.8  0.00142926
34  1.9  0.00104912
34  2.0  0.000783986
34  2.5  0.000188067
34  3.5  2.01489e-05
34  3.0  5.26771e-05
32  12.0  1.57695e-09
34  5.5  4.65992e-07
34  4.0  6.2898e-06
34  4.5  2.45662e-06
34  5.0  1.03167e-06
34  6.0  2.2435e-07
34  7.5  3.30829e-08
34  6.5  1.13802e-07
34  7.0  6.03166e-08
34  8.0  1.93425e-08
34  8.5  1.15485e-08
34  9.0  7.12087e-09
34  10.5  1.93036e-09
34  10.0  2.89923e-09
34  9.5  4.52209e-09
4  0.2  3.0466
34  11.0  1.3144e-09
4  0.3  2.46067
4  0.4  1.92098
4  0.5  1.46581
34  11.5  9.15811e-10
4  0.6  1.09134
4  0.7  0.80529
4  0.8  0.589143
4  0.9  0.430092
4  1.0  0.312738
4  1.1  0.228804
4  1.2  0.167922
4  1.3  0.123278
4  1.4  0.0921081
4  1.5  0.0684246
4  1.6  0.0506951
4  1.7  0.0389416
4  1.8  0.0289482
4  1.9  0.0223519
4  2.5  0.00483019
4  2.0  0.0175389
4  3.0  0.00135396
4  3.5  0.000580384
34  12.0  6.47941e-10
4  4.0  0.000176528
4  4.5  7.12924e-05
4  5.0  3.07364e-05
4  5.5  1.40471e-05
4  6.0  6.88759e-06
4  7.0  1.87803e-06
4  6.5  3.53519e-06
4  7.5  1.04826e-06
4  8.5  3.64898e-07
4  9.0  2.23716e-07
4  8.0  6.15006e-07
4  10.0  9.31435e-08
4  11.0  4.25853e-08
4  9.5  1.45219e-07
6  0.2  3.01212
4  10.5  6.31626e-08
6  0.3  2.4339
6  0.4  1.90192
4  12.0  2.10188e-08
6  0.5  1.44642
6  0.6  1.07886
6  0.7  0.794572
6  0.8  0.58004
6  0.9  0.423504
6  1.0  0.308659
6  1.1  0.225691
6  1.2  0.165076
6  1.3  0.12143
6  1.5  0.0672223
6  1.4  0.089724
6  1.6  0.0496829
6  1.7  0.0383752
6  1.9  0.0221415
6  1.8  0.028051
6  2.0  0.0165101
6  2.5  0.0044515
6  3.0  0.00139846
6  3.5  0.000264141
4  11.5  2.97604e-08
6  4.0  0.000173602
6  4.5  6.9922e-05
6  5.0  3.01521e-05
6  5.5  1.37829e-05
6  6.0  6.71786e-06
6  7.0  1.84097e-06
6  7.5  1.02806e-06
6  6.5  3.457e-06
6  9.0  2.19603e-07
6  8.0  6.02386e-07
6  8.5  3.6155e-07
6  9.5  1.40611e-07
6  10.0  9.14134e-08
6  11.0  4.15779e-08
8  0.2  2.96549
8  0.3  2.39238
8  0.4  1.86935
8  0.5  1.41901
6  12.0  2.05858e-08
8  0.6  1.0587
8  0.7  0.779076
6  10.5  6.18702e-08
8  0.8  0.569677
8  0.9  0.414441
8  1.0  0.302455
8  1.1  0.22095
8  1.2  0.161668
8  1.3  0.118735
8  1.4  0.0883426
8  1.5  0.0659243
8  1.6  0.0486498
8  1.7  0.0363947
8  1.8  0.0286712
8  1.9  0.0211167
8  2.0  0.0159659
8  2.5  0.00455489
8  3.0  0.00125335
8  3.5  0.000608537
6  11.5  2.92157e-08
8  4.0  0.000168871
8  4.5  6.79681e-05
8  5.0  2.93209e-05
8  5.5  1.34025e-05
8  6.0  6.56923e-06
8  6.5  3.35804e-06
8  8.5  3.47425e-07
8  7.0  1.8092e-06
8  7.5  1.00577e-06
8  9.0  2.14307e-07
8  8.0  5.85328e-07
8  9.5  1.36626e-07
8  10.5  5.96076e-08
8  10.0  8.88743e-08
8  11.0  4.04756e-08
8  11.5  2.83498e-08
8  12.0  2.0017e-08
