# diffractive D0 cross section, Pb target, LHAPDF fragmentation, An0n channel
# generated      : 2026-08-19 15:24:08 EEST
# calls          : 1e5 (VEGAS calls per point, see CALLS_EXCL/CALLS_EXCL_FACTORIZED/CALLS_DIFF)
# dipole samples : data/Pb/bk_posterior/member_0028/glauber_mve_<b>
# pD0 sweep      : 0.2 0.3 0.4 0.5 0.6 0.7 0.8 0.9 1.0 1.1 1.2 1.3 1.4 1.5 1.6 1.7 1.8 1.9 2.0 2.5 3.0 3.5 4.0 4.5 5.0 5.5 6.0 6.5 7.0 7.5 8.0 8.5 9.0 9.5 10.0 10.5 11.0 11.5 12.0
# fixed rapidity y : 0.0
# ============================================================
# b  pD0  dsigma_dyd2pD0
0  0.3  0.768408
0  0.2  0.544211
0  0.5  1.11307
0  0.4  1.00116
0  0.6  1.12013
0  0.9  0.858661
0  0.8  0.978145
0  0.7  1.07546
0  1.0  0.733343
0  1.1  0.626378
0  1.4  0.356515
0  1.3  0.434216
0  1.2  0.521457
0  1.5  0.300649
0  1.6  0.249274
0  1.7  0.205542
0  1.8  0.173455
0  2.0  0.118989
0  1.9  0.144044
0  3.0  0.0250666
0  2.5  0.0529603
0  3.5  0.0131287
0  4.0  0.00741677
0  4.5  0.00421184
0  5.5  0.00160204
0  6.0  0.00105418
0  5.0  0.00254932
0  6.5  0.000704295
0  7.0  0.000480898
0  7.5  0.000333449
0  8.0  0.0002474
0  9.5  9.66241e-05
0  8.5  0.000178906
0  10.0  7.29844e-05
0  9.0  0.000131654
10  0.2  0.539875
0  11.5  3.34353e-05
10  0.3  0.776535
10  0.4  0.971072
10  0.5  1.0885
10  0.6  1.09116
10  0.7  1.04597
10  0.8  0.94732
0  10.5  5.56091e-05
10  0.9  0.828229
10  1.0  0.697942
10  1.1  0.597062
10  1.2  0.498013
10  1.3  0.418937
10  1.5  0.286259
0  11.0  4.22977e-05
10  1.4  0.347249
10  1.6  0.237121
10  1.7  0.196086
10  1.8  0.16548
10  1.9  0.138857
10  2.0  0.116434
10  2.5  0.0505215
10  3.0  0.0243729
10  3.5  0.012679
0  12.0  2.64659e-05
10  4.0  0.00690994
10  4.5  0.00404036
10  5.0  0.00249606
10  6.0  0.000995758
10  7.0  0.000470185
10  5.5  0.00152607
10  6.5  0.00066524
10  8.0  0.000227786
10  7.5  0.000320766
10  9.5  9.08698e-05
10  8.5  0.000165418
10  10.0  6.91044e-05
10  10.5  5.36098e-05
10  9.0  0.000122418
10  11.5  3.09896e-05
12  0.2  0.536779
12  0.3  0.775603
12  0.4  0.975146
12  0.5  1.08346
12  0.6  1.0815
12  0.7  1.03739
12  0.8  0.929093
12  0.9  0.810874
12  1.0  0.690996
12  1.1  0.588492
12  1.3  0.407696
12  1.2  0.49319
12  1.4  0.337177
12  1.5  0.285255
12  1.6  0.232834
10  11.0  4.13426e-05
12  1.7  0.193351
12  1.9  0.135605
12  1.8  0.163926
12  2.0  0.114001
12  2.5  0.0497723
12  3.0  0.0236568
12  3.5  0.0122408
10  12.0  2.52774e-05
12  4.0  0.00673614
12  5.5  0.00150382
12  4.5  0.00394557
12  5.0  0.00238892
12  6.0  0.000973449
12  7.0  0.000450522
12  6.5  0.000654877
12  7.5  0.000322049
12  8.0  0.000230788
12  8.5  0.000166691
12  10.0  6.61068e-05
12  9.0  0.000122136
12  9.5  9.162e-05
12  11.5  3.07161e-05
14  0.2  0.531626
14  0.3  0.754325
14  0.4  0.962292
14  0.5  1.05408
14  0.7  1.01827
14  0.6  1.06516
14  0.8  0.903097
14  0.9  0.797515
14  1.0  0.683654
14  1.1  0.574378
14  1.2  0.481263
14  1.4  0.331609
14  1.3  0.402562
14  1.5  0.274094
12  10.5  5.26309e-05
14  1.6  0.226149
14  1.7  0.189835
14  1.9  0.131583
14  1.8  0.159011
12  11.0  3.966e-05
14  2.0  0.110617
14  2.5  0.0480354
14  3.5  0.0117868
14  3.0  0.0232158
12  12.0  2.39203e-05
14  4.0  0.00656789
14  4.5  0.00381805
14  5.0  0.00230626
14  5.5  0.00144795
14  7.0  0.000433186
14  6.5  0.00063191
14  6.0  0.000940701
14  7.5  0.000303387
14  8.0  0.000216343
14  10.0  6.51134e-05
14  8.5  0.000157036
14  10.5  4.92261e-05
14  9.0  0.000115964
14  9.5  8.67282e-05
16  0.2  0.527189
16  0.3  0.760073
14  11.5  2.99105e-05
16  0.4  0.949072
16  0.5  1.05664
16  0.6  1.04437
16  0.7  0.992069
16  0.8  0.889822
16  0.9  0.780248
16  1.0  0.660507
16  1.1  0.557701
16  1.2  0.465758
16  1.3  0.390759
16  1.4  0.321287
16  1.5  0.266668
16  1.6  0.221536
16  1.7  0.184052
16  1.8  0.15417
16  1.9  0.127196
16  2.0  0.1046
16  2.5  0.0470193
14  11.0  3.93318e-05
16  3.0  0.0223345
16  3.5  0.011484
14  12.0  2.33342e-05
16  4.0  0.00627334
16  4.5  0.00364552
16  5.0  0.00224841
16  6.0  0.000907972
16  5.5  0.00140658
16  6.5  0.000642866
16  7.0  0.000415237
16  7.5  0.000292336
16  9.0  0.000112102
16  8.0  0.000211843
16  10.0  6.34437e-05
16  8.5  0.000151453
16  10.5  4.85553e-05
16  9.5  8.25616e-05
18  0.2  0.521615
18  0.3  0.751313
18  0.4  0.938847
18  0.5  1.03201
18  0.6  1.036
18  0.7  0.974392
18  0.8  0.870344
18  0.9  0.751276
16  12.0  2.24357e-05
18  1.0  0.642503
18  1.1  0.539922
18  1.2  0.447663
16  11.0  3.65175e-05
18  1.3  0.373438
18  1.4  0.3041
18  1.5  0.253475
18  1.6  0.211596
18  1.7  0.17496
18  1.8  0.146024
18  1.9  0.122077
18  2.0  0.102212
18  2.5  0.0441212
18  3.0  0.0214933
18  3.5  0.0110079
16  11.5  2.88926e-05
18  4.0  0.0060119
18  5.5  0.0013385
18  4.5  0.00349912
18  5.0  0.00211608
18  6.5  0.000582562
18  6.0  0.000868896
18  7.0  0.000399328
18  7.5  0.000281605
18  8.0  0.000199207
18  8.5  0.000148778
18  10.0  5.99023e-05
18  9.0  0.000108979
18  9.5  8.18006e-05
2  0.2  0.543409
2  0.3  0.792704
2  0.4  0.994709
2  0.5  1.10842
2  0.6  1.1313
2  0.7  1.07206
2  0.8  0.962161
18  10.5  4.70305e-05
2  0.9  0.850056
2  1.0  0.733979
2  1.1  0.617703
2  1.2  0.51939
2  1.3  0.436937
2  1.4  0.357845
2  1.5  0.299162
2  1.6  0.251087
18  11.0  3.60431e-05
2  1.7  0.208007
2  1.8  0.173099
2  1.9  0.143255
2  2.0  0.121582
2  2.5  0.0534379
2  3.0  0.0254
2  3.5  0.0132384
18  11.5  2.80817e-05
2  4.0  0.00727633
18  12.0  2.15655e-05
2  4.5  0.00427703
2  5.5  0.00161832
2  5.0  0.00255351
2  6.5  0.00070375
2  6.0  0.00104098
2  7.0  0.000482528
2  7.5  0.000348038
2  8.0  0.000240372
2  9.5  9.58839e-05
2  8.5  0.000176083
2  10.0  7.25719e-05
2  9.0  0.000131363
2  11.5  3.28305e-05
20  0.2  0.513272
20  0.3  0.740349
20  0.4  0.916801
20  0.5  1.0052
2  10.5  5.52863e-05
20  0.6  1.01155
20  0.7  0.942983
20  0.8  0.83804
20  0.9  0.725234
20  1.0  0.613948
20  1.1  0.515901
20  1.2  0.425857
20  1.3  0.352662
2  11.0  4.34125e-05
20  1.4  0.295215
20  1.5  0.242508
20  1.6  0.200424
20  1.8  0.136656
20  1.7  0.167006
20  2.0  0.0969682
20  1.9  0.116529
20  2.5  0.0422705
20  3.0  0.0203249
20  3.5  0.0104004
2  12.0  2.6414e-05
20  4.0  0.00578073
20  4.5  0.0033009
20  5.0  0.00200252
20  6.5  0.00054676
20  5.5  0.00125236
20  6.0  0.000828567
20  7.0  0.000376489
20  8.5  0.000139849
20  7.5  0.000264539
20  8.0  0.000194055
20  10.0  5.85979e-05
20  9.0  0.000101864
20  9.5  7.71742e-05
22  0.2  0.503368
22  0.3  0.730825
22  0.4  0.89386
22  0.5  0.963193
22  0.6  0.96123
20  10.5  4.33632e-05
22  0.7  0.888045
22  0.8  0.802576
22  1.0  0.581044
20  11.0  3.41805e-05
22  0.9  0.690423
22  1.1  0.485976
22  1.2  0.403482
22  1.3  0.331022
22  1.4  0.277859
22  1.5  0.229521
22  1.6  0.187407
22  1.8  0.129397
22  1.7  0.156489
22  1.9  0.107145
22  2.0  0.0919162
22  3.0  0.018853
22  2.5  0.0392165
22  3.5  0.00962712
20  11.5  2.65442e-05
20  12.0  2.0506e-05
22  4.0  0.00539408
22  5.5  0.00117044
22  4.5  0.00312346
22  5.0  0.00186786
22  7.0  0.000352083
22  6.0  0.000763335
22  6.5  0.000507969
22  7.5  0.000246293
22  8.0  0.000176323
22  8.5  0.000131235
22  10.0  5.27152e-05
22  9.0  9.37882e-05
22  10.5  4.13812e-05
22  9.5  7.0038e-05
24  0.2  0.492018
24  0.3  0.713067
24  0.4  0.867075
24  0.5  0.925027
24  0.6  0.912355
24  0.7  0.842815
24  0.8  0.751635
24  0.9  0.644867
24  1.0  0.541229
24  1.1  0.453748
24  1.2  0.368885
24  1.3  0.311849
24  1.4  0.253382
22  11.0  3.09336e-05
24  1.5  0.210673
24  1.6  0.168885
24  1.7  0.142833
24  1.8  0.118703
24  1.9  0.0978628
24  2.0  0.0828521
24  2.5  0.0357979
24  3.5  0.00883805
24  3.0  0.0171565
22  11.5  2.39968e-05
22  12.0  1.87308e-05
24  6.0  0.000689168
24  4.0  0.00482295
24  4.5  0.00284214
24  5.0  0.00169994
24  5.5  0.00109094
24  7.5  0.000230215
24  7.0  0.000329777
24  6.5  0.000467374
24  8.0  0.000163463
24  10.0  4.76776e-05
24  8.5  0.000116529
24  9.0  8.57515e-05
24  9.5  6.47517e-05
26  0.2  0.472279
26  0.3  0.681463
24  10.5  3.6312e-05
26  0.4  0.826147
26  0.5  0.878451
26  0.6  0.856593
26  0.7  0.776007
26  0.8  0.690671
26  0.9  0.58528
26  1.0  0.485028
26  1.1  0.408422
26  1.2  0.33919
24  11.0  2.77869e-05
26  1.3  0.277845
26  1.4  0.229291
26  1.5  0.187951
26  1.6  0.154261
26  1.7  0.127339
26  1.8  0.105227
26  1.9  0.0871518
24  11.5  2.17412e-05
26  2.0  0.0734845
26  2.5  0.0317437
26  3.0  0.0151763
26  3.5  0.00771534
24  12.0  1.683e-05
26  6.0  0.00062179
26  4.0  0.00429276
26  4.5  0.00251017
26  5.0  0.00149645
26  5.5  0.000945924
26  6.5  0.000421106
26  7.0  0.000280581
26  7.5  0.000202259
26  8.0  0.000140352
26  10.0  4.18494e-05
26  8.5  0.000101719
26  9.0  7.73218e-05
26  9.5  5.52193e-05
28  0.2  0.449929
28  0.3  0.643285
26  11.5  1.90236e-05
28  0.4  0.766018
28  0.5  0.80435
28  0.6  0.771246
28  0.7  0.68656
26  10.5  3.28386e-05
28  0.8  0.595652
28  0.9  0.510838
28  1.0  0.422047
28  1.1  0.349117
28  1.2  0.289384
28  1.3  0.23487
28  1.4  0.194817
28  1.5  0.159203
28  1.6  0.130411
28  1.7  0.1084
28  1.8  0.0908991
26  11.0  2.45674e-05
28  1.9  0.0746074
28  2.0  0.0622222
28  2.5  0.0269007
28  3.0  0.0128916
28  3.5  0.00664629
26  12.0  1.49667e-05
28  4.0  0.00358957
28  4.5  0.0021282
28  6.0  0.000523998
28  5.0  0.00128334
28  6.5  0.000344733
28  5.5  0.000793588
28  7.0  0.00023517
28  7.5  0.000166363
28  8.5  8.79399e-05
28  8.0  0.000120901
28  10.0  3.59015e-05
28  9.0  6.28984e-05
28  9.5  4.68629e-05
30  0.2  0.423152
28  11.5  1.59691e-05
30  0.3  0.583671
30  0.4  0.682048
30  0.5  0.687405
30  0.6  0.646698
28  10.5  2.74433e-05
30  0.7  0.578203
30  0.8  0.490241
30  0.9  0.410326
30  1.0  0.347547
30  1.1  0.284865
30  1.2  0.233901
28  11.0  2.03853e-05
30  1.3  0.189285
30  1.4  0.155482
30  1.5  0.12681
30  1.6  0.104925
30  1.7  0.0860112
30  1.8  0.0710916
30  1.9  0.0581821
30  2.0  0.0499528
30  2.5  0.0208394
30  3.5  0.00510906
30  3.0  0.0101451
28  12.0  1.28818e-05
30  4.0  0.00280438
30  4.5  0.00162452
30  5.0  0.00100808
30  6.0  0.000417584
30  5.5  0.000624858
30  6.5  0.000274927
30  7.0  0.000188902
30  8.0  9.21636e-05
30  7.5  0.000131425
30  10.0  2.82341e-05
30  8.5  6.78613e-05
30  9.0  4.94263e-05
30  9.5  3.65785e-05
32  0.2  0.374613
32  0.3  0.50565
32  0.4  0.556655
32  0.5  0.55632
32  0.6  0.505665
30  10.5  2.14271e-05
32  0.7  0.445277
32  0.9  0.311473
32  0.8  0.370843
32  1.0  0.256743
32  1.1  0.208607
32  1.2  0.169486
32  1.3  0.137179
32  1.4  0.112455
32  1.5  0.0927249
32  1.6  0.0762738
30  11.0  1.6383e-05
32  1.7  0.0628136
32  1.8  0.05163
32  1.9  0.0429624
32  2.0  0.0352197
32  2.5  0.0153145
32  3.5  0.00366842
32  3.0  0.0071662
30  11.5  1.26686e-05
30  12.0  9.80677e-06
32  5.0  0.000717258
32  4.0  0.00199557
32  4.5  0.00116284
32  5.5  0.000443513
32  6.5  0.000197152
32  6.0  0.000287945
32  7.0  0.000135767
32  7.5  9.37824e-05
32  8.0  6.67884e-05
32  8.5  4.81386e-05
32  9.0  3.5147e-05
32  10.5  1.484e-05
32  9.5  2.59307e-05
32  10.0  1.95433e-05
32  11.5  9.19191e-06
34  0.2  0.312719
34  0.3  0.406206
34  0.4  0.419175
34  0.5  0.400076
34  0.6  0.355878
34  0.7  0.303807
34  0.8  0.251804
34  0.9  0.206204
34  1.0  0.167981
34  1.1  0.13798
32  11.0  1.14548e-05
34  1.2  0.111071
34  1.3  0.0915023
34  1.4  0.0738857
34  1.6  0.0487711
34  1.5  0.0601681
34  1.7  0.040421
34  1.9  0.0275642
34  1.8  0.0331953
34  2.0  0.0228659
34  3.0  0.00455858
34  2.5  0.0096953
34  3.5  0.00240497
32  12.0  6.96992e-06
34  4.0  0.00125871
34  4.5  0.000750472
34  5.0  0.000456334
34  5.5  0.000286555
34  6.0  0.000189077
34  7.0  8.52448e-05
34  6.5  0.000124968
34  7.5  5.94343e-05
34  8.0  4.22243e-05
34  8.5  3.08555e-05
34  9.0  2.2488e-05
34  9.5  1.71063e-05
34  10.0  1.25704e-05
4  0.2  0.541713
4  0.3  0.789768
4  0.4  0.991084
4  0.5  1.11372
4  0.6  1.10976
4  0.7  1.07024
4  0.8  0.962596
4  0.9  0.84474
34  10.5  9.8393e-06
4  1.0  0.73115
4  1.1  0.616892
4  1.2  0.516086
4  1.3  0.42667
4  1.4  0.35912
4  1.5  0.300556
34  11.0  7.37947e-06
4  1.6  0.245739
4  1.8  0.171901
4  1.7  0.205763
4  1.9  0.143246
4  2.0  0.120271
4  2.5  0.0531334
4  3.5  0.013072
4  3.0  0.0252173
34  11.5  5.74905e-06
34  12.0  4.52299e-06
4  4.0  0.00718608
4  4.5  0.004138
4  5.5  0.00158912
4  6.0  0.00104144
4  5.0  0.00254945
4  7.5  0.000333383
4  7.0  0.000474339
4  8.0  0.000240581
4  6.5  0.000695726
4  9.5  9.7664e-05
4  10.0  7.17687e-05
4  8.5  0.000178828
4  9.0  0.00012683
4  10.5  5.56062e-05
4  11.5  3.24314e-05
6  0.2  0.542957
6  0.3  0.786104
6  0.4  0.985943
6  0.5  1.10906
6  0.6  1.12506
6  0.7  1.0602
6  0.8  0.959731
6  0.9  0.843713
6  1.0  0.72822
6  1.1  0.614126
6  1.2  0.513575
6  1.3  0.430463
6  1.4  0.356349
6  1.6  0.244453
6  1.5  0.295972
6  1.7  0.206355
4  11.0  4.22637e-05
6  1.8  0.171
6  1.9  0.142583
6  2.0  0.116714
6  2.5  0.0526366
6  3.5  0.0130192
6  3.0  0.0248813
4  12.0  2.62988e-05
6  4.0  0.0071228
6  4.5  0.00413016
6  5.5  0.00160454
6  5.0  0.00256481
6  6.0  0.00102393
6  7.0  0.000483667
6  7.5  0.00033362
6  6.5  0.000709542
6  8.0  0.000236319
6  8.5  0.000175679
6  9.0  0.000126868
6  9.5  9.68741e-05
6  10.0  7.10367e-05
8  0.2  0.543687
6  11.5  3.24447e-05
8  0.3  0.777128
8  0.4  0.985315
8  0.5  1.10293
8  0.6  1.10427
6  10.5  5.57316e-05
8  0.7  1.04539
8  0.8  0.951623
8  0.9  0.837122
8  1.0  0.717128
8  1.1  0.606101
8  1.2  0.503629
8  1.3  0.422941
8  1.4  0.348672
8  1.5  0.292639
6  11.0  4.24502e-05
8  1.6  0.244102
8  1.7  0.199203
8  1.8  0.167777
8  1.9  0.141079
8  2.0  0.114802
8  2.5  0.0511058
8  3.5  0.012902
8  3.0  0.0245604
6  12.0  2.55043e-05
8  4.0  0.00703142
8  5.5  0.00157599
8  4.5  0.00412185
8  5.0  0.00246592
8  6.0  0.0010188
8  7.5  0.000330842
8  8.0  0.00023676
8  6.5  0.000676047
8  7.0  0.000465501
8  8.5  0.000169336
8  10.0  6.92461e-05
8  9.0  0.000127919
8  10.5  5.43469e-05
8  9.5  9.29402e-05
8  11.0  4.18753e-05
8  11.5  3.20504e-05
8  12.0  2.54214e-05
