# exclusive D0 cross section, Pb target, HymnD fragmentation, An0n channel
# generated      : 2026-08-20 11:01:48 EEST
# calls          : 1e5 below 4.0 GeV, 2e3 above (see EXCL_PT_THRESHOLD) (VEGAS calls per point, see CALLS_EXCL/CALLS_EXCL_FACTORIZED/CALLS_DIFF)
# dipole samples : data/Pb/bk_posterior/member_0028/glauber_mve_<b>
# pD0 sweep      : 0.2 0.3 0.4 0.5 0.6 0.7 0.8 0.9 1.0 1.1 1.2 1.3 1.4 1.5 1.6 1.7 1.8 1.9 2.0 2.5 3.0 3.5 4.0 4.5 5.0 5.5 6.0 6.5 7.0 7.5 8.0 8.5 9.0 9.5 10.0 10.5 11.0 11.5 12.0
# fixed rapidity y : 1.0
# ============================================================
# b  pD0  dsigma_dyd2pD0
0  0.4  1.81188
0  0.3  2.31681
0  0.5  1.37674
0  0.2  2.85951
0  0.7  0.748633
0  0.8  0.543324
0  0.6  1.02322
0  0.9  0.392401
0  1.0  0.282569
0  1.1  0.203956
0  1.2  0.147286
0  1.4  0.0775421
0  1.3  0.106812
0  1.5  0.0565414
0  1.7  0.0313766
0  1.9  0.0175115
0  1.6  0.0414481
0  1.8  0.0229237
0  2.0  0.012664
0  3.0  0.000911027
0  2.5  0.00331777
0  3.5  0.00026078
0  4.0  0.000100639
0  5.0  1.47818e-05
0  4.5  3.7461e-05
0  6.5  1.31196e-06
0  5.5  6.30496e-06
0  7.0  6.39094e-07
0  6.0  2.82093e-06
0  7.5  3.28112e-07
0  8.0  1.7203e-07
0  9.0  5.23437e-08
0  8.5  9.33782e-08
0  9.5  2.99438e-08
0  10.0  1.75145e-08
0  10.5  1.04781e-08
10  0.2  2.72438
10  0.3  2.20419
10  0.4  1.7194
10  0.5  1.30445
0  11.0  6.40067e-09
10  0.6  0.967302
10  0.7  0.70653
10  0.8  0.511289
10  0.9  0.369347
10  1.0  0.264767
10  1.1  0.190282
10  1.2  0.137713
10  1.3  0.09998
0  11.5  3.97693e-09
10  1.5  0.0526161
10  1.4  0.0722607
10  1.6  0.0393288
10  1.8  0.0215272
10  1.7  0.0285267
10  2.0  0.0121973
10  1.9  0.016013
10  2.5  0.00290742
10  3.0  0.000797461
10  3.5  0.00027202
0  12.0  2.51419e-09
10  4.0  9.21306e-05
10  4.5  3.42701e-05
10  5.0  1.36056e-05
10  5.5  5.75493e-06
10  6.5  1.19298e-06
10  6.0  2.57217e-06
10  7.0  5.87885e-07
10  7.5  2.9885e-07
10  8.5  8.54261e-08
10  8.0  1.56806e-07
10  9.0  4.75858e-08
10  10.0  1.59098e-08
10  9.5  2.72028e-08
10  10.5  9.50649e-09
12  0.2  2.65992
12  0.3  2.15008
12  0.4  1.67742
12  0.5  1.27097
12  0.6  0.941704
10  11.0  5.81334e-09
12  0.7  0.686751
12  0.8  0.497176
12  0.9  0.357554
12  1.0  0.256583
12  1.1  0.185038
12  1.2  0.133345
12  1.3  0.0966869
12  1.4  0.0698475
12  1.5  0.0514881
12  1.6  0.0373143
10  11.5  3.61372e-09
12  1.7  0.0273841
12  1.8  0.0207034
12  1.9  0.0155565
12  2.0  0.0116282
12  2.5  0.00300805
12  3.0  0.000819508
10  12.0  2.28956e-09
12  3.5  0.000293603
12  4.0  8.83848e-05
12  4.5  3.28559e-05
12  5.0  1.30344e-05
12  5.5  5.51386e-06
12  6.5  1.15648e-06
12  6.0  2.4606e-06
12  8.0  1.50045e-07
12  7.0  5.62518e-07
12  8.5  8.14957e-08
12  7.5  2.85827e-07
12  9.5  2.6005e-08
12  9.0  4.52939e-08
12  10.0  1.52012e-08
14  0.2  2.58313
14  0.3  2.08657
14  0.4  1.62533
14  0.5  1.22985
14  0.6  0.909905
12  10.5  9.10138e-09
14  0.7  0.66212
14  0.8  0.478865
14  0.9  0.344418
14  1.0  0.246646
14  1.1  0.177671
14  1.3  0.0930519
14  1.2  0.128224
14  1.6  0.0364028
14  1.4  0.0669225
14  1.5  0.0489346
14  1.7  0.0263124
14  1.8  0.0196163
14  2.0  0.0108368
14  1.9  0.014619
14  3.0  0.000808204
14  2.5  0.0028096
12  11.5  3.45172e-09
14  3.5  0.000209452
12  12.0  2.18576e-09
12  11.0  5.52277e-09
14  4.5  3.09636e-05
14  4.0  8.39956e-05
14  5.0  1.23661e-05
14  5.5  5.22402e-06
14  6.0  2.33055e-06
14  6.5  1.09483e-06
14  7.0  5.32238e-07
14  7.5  2.67709e-07
14  8.5  7.71228e-08
14  8.0  1.41822e-07
14  9.5  2.45664e-08
14  10.0  1.43638e-08
14  9.0  4.28054e-08
14  10.5  8.5969e-09
16  0.2  2.48898
16  0.3  2.00802
16  0.4  1.56358
16  0.5  1.18108
16  0.6  0.872688
16  0.7  0.634694
16  0.8  0.457851
16  0.9  0.328382
14  12.0  2.07912e-09
16  1.0  0.235037
16  1.1  0.169206
16  1.2  0.121672
16  1.3  0.0876989
16  1.4  0.0634188
16  1.6  0.0345701
14  11.5  3.25942e-09
16  1.5  0.0461601
16  1.7  0.0254936
16  1.8  0.0186721
16  1.9  0.0138612
16  2.0  0.010391
14  11.0  5.21461e-09
16  2.5  0.00268088
16  3.5  0.000299236
16  3.0  0.000632452
16  4.5  2.89783e-05
16  4.0  7.86136e-05
16  6.0  2.15971e-06
16  5.0  1.15628e-05
16  5.5  4.88365e-06
16  6.5  1.02339e-06
16  8.5  7.13131e-08
16  7.0  4.96888e-07
16  7.5  2.52372e-07
16  8.0  1.32147e-07
16  9.5  2.28909e-08
16  9.0  3.98864e-08
16  10.5  8.00812e-09
16  10.0  1.33774e-08
18  0.2  2.37685
18  0.3  1.91382
18  0.4  1.48861
18  0.5  1.12198
16  11.0  4.84882e-09
18  0.6  0.827121
18  0.7  0.601241
18  0.8  0.433037
18  0.9  0.309849
18  1.0  0.221339
18  1.1  0.158931
18  1.2  0.114088
18  1.3  0.0828908
18  1.4  0.0603026
18  1.5  0.0432431
18  1.6  0.0325687
18  1.8  0.0174936
18  1.7  0.0236575
18  1.9  0.0129931
18  2.0  0.0095668
18  2.5  0.00243856
16  11.5  3.03461e-09
18  3.0  0.000736038
18  3.5  0.000220989
16  12.0  1.91887e-09
18  4.5  2.66947e-05
18  4.0  7.25641e-05
18  5.0  1.06493e-05
18  6.5  9.29634e-07
18  5.5  4.49254e-06
18  7.0  4.54503e-07
18  6.0  2.00203e-06
18  7.5  2.32714e-07
18  8.0  1.21808e-07
18  8.5  6.56568e-08
18  9.0  3.67656e-08
18  9.5  2.09482e-08
18  10.5  7.33138e-09
18  10.0  1.22368e-08
2  0.2  2.85461
2  0.3  2.31253
2  0.4  1.80896
2  0.5  1.3738
2  0.6  1.02128
2  0.7  0.747758
2  0.8  0.542269
18  11.0  4.44785e-09
2  0.9  0.390914
2  1.0  0.281893
2  1.1  0.203442
2  1.2  0.147271
2  1.3  0.106349
2  1.4  0.0773721
18  11.5  2.7764e-09
2  1.5  0.0570583
2  1.7  0.0312508
2  1.6  0.0413911
2  1.8  0.022868
2  1.9  0.0174627
2  2.0  0.0129614
2  2.5  0.00327279
2  3.0  0.000820122
2  3.5  0.000276876
18  12.0  1.75375e-09
2  4.0  0.00010031
2  5.0  1.47319e-05
2  4.5  3.73354e-05
2  6.5  1.30735e-06
2  5.5  6.28365e-06
2  7.0  6.36291e-07
2  6.0  2.81136e-06
2  7.5  3.26855e-07
2  8.0  1.7139e-07
2  9.0  5.21572e-08
2  8.5  9.30678e-08
2  9.5  2.98359e-08
2  10.0  1.74204e-08
20  0.2  2.24144
2  11.0  6.37733e-09
20  0.3  1.80484
20  0.4  1.39855
20  0.5  1.05214
20  0.6  0.774288
2  10.5  1.03795e-08
20  0.7  0.560621
20  0.8  0.402686
20  1.0  0.2064
20  0.9  0.28786
20  1.1  0.147297
20  1.2  0.105444
20  1.4  0.0556077
20  1.3  0.0756741
20  1.5  0.0405282
20  1.6  0.0297577
2  11.5  3.96215e-09
20  1.7  0.0212816
20  2.0  0.00866253
20  1.8  0.0158056
20  1.9  0.0119079
20  2.5  0.00214191
20  3.0  0.000565954
20  3.5  0.00017357
20  4.5  2.40641e-05
2  12.0  2.50497e-09
20  4.0  6.55971e-05
20  5.0  9.62646e-06
20  5.5  4.05308e-06
20  6.0  1.80305e-06
20  6.5  8.425e-07
20  7.0  4.10212e-07
20  7.5  2.07635e-07
20  8.0  1.09145e-07
20  8.5  5.97262e-08
20  9.5  1.88077e-08
20  9.0  3.28748e-08
20  10.0  1.09861e-08
20  10.5  6.56555e-09
22  0.2  2.08083
22  0.3  1.6691
22  0.4  1.29106
22  0.5  0.968795
22  0.6  0.710196
22  0.7  0.513245
20  11.0  4.00238e-09
22  0.8  0.36774
22  0.9  0.262239
22  1.0  0.187209
22  1.1  0.133519
22  1.2  0.0957596
22  1.3  0.068336
22  1.4  0.0492726
22  1.5  0.0358559
20  11.5  2.48329e-09
22  1.6  0.0259946
22  1.7  0.0190439
22  1.9  0.0106652
22  1.8  0.0142533
22  2.0  0.00763663
22  2.5  0.00197241
22  3.5  0.000215849
20  12.0  1.57037e-09
22  3.0  0.000486473
22  4.5  2.13326e-05
22  5.0  8.45267e-06
22  4.0  5.76858e-05
22  5.5  3.55966e-06
22  6.5  7.39057e-07
22  6.0  1.57747e-06
22  7.0  3.58657e-07
22  7.5  1.81373e-07
22  8.0  9.50004e-08
22  8.5  5.1334e-08
22  9.5  1.63734e-08
22  9.0  2.86193e-08
22  10.5  5.7094e-09
24  0.2  1.88408
22  10.0  9.53906e-09
24  0.3  1.50944
24  0.4  1.16229
24  0.5  0.868668
24  0.6  0.634647
24  0.7  0.45682
24  0.8  0.326485
24  0.9  0.231176
24  1.0  0.16459
24  1.1  0.116889
22  11.5  2.15584e-09
24  1.2  0.0836488
24  1.3  0.0602945
24  1.4  0.0436654
24  1.5  0.0317153
22  11.0  3.46263e-09
24  1.6  0.0226277
24  1.7  0.0165229
24  1.8  0.0124593
24  2.0  0.00685893
24  1.9  0.00907546
24  2.5  0.0017044
24  3.0  0.000399727
24  3.5  0.0001703
22  12.0  1.36254e-09
24  4.5  1.80228e-05
24  5.0  7.12506e-06
24  4.0  4.8859e-05
24  5.5  2.98646e-06
24  6.0  1.33764e-06
24  6.5  6.18563e-07
24  7.0  3.00953e-07
24  7.5  1.52049e-07
24  8.0  7.93612e-08
24  8.5  4.29429e-08
24  9.5  1.36579e-08
24  10.0  7.99965e-09
24  9.0  2.38601e-08
24  10.5  4.7574e-09
26  0.2  1.64608
26  0.3  1.31297
26  0.4  1.00777
26  0.5  0.749472
26  0.6  0.545073
26  0.7  0.390498
26  0.8  0.277253
26  0.9  0.196095
26  1.0  0.138396
26  1.1  0.0984046
26  1.2  0.0700465
26  1.3  0.0496277
26  1.4  0.0356636
26  1.5  0.0258682
26  1.6  0.0192948
24  11.0  2.88379e-09
26  1.7  0.0136426
26  1.8  0.0100894
26  1.9  0.00751116
26  2.0  0.00565643
26  2.5  0.00141796
26  3.0  0.000310052
24  11.5  1.78555e-09
26  3.5  7.98988e-05
24  12.0  1.12666e-09
26  5.5  2.34956e-06
26  4.5  1.43758e-05
26  5.0  5.67235e-06
26  4.0  3.92893e-05
26  6.5  4.8875e-07
26  6.0  1.05098e-06
26  8.0  6.20297e-08
26  7.0  2.37633e-07
26  7.5  1.19579e-07
26  8.5  3.37888e-08
26  9.5  1.07275e-08
26  10.0  6.25014e-09
26  9.0  1.87352e-08
26  10.5  3.71685e-09
28  0.2  1.36375
28  0.3  1.08225
28  0.4  0.825495
28  0.5  0.609986
28  0.6  0.440605
28  0.7  0.31382
28  0.8  0.221203
28  0.9  0.155091
28  1.0  0.109423
28  1.1  0.077378
28  1.2  0.0544405
28  1.3  0.0392349
28  1.4  0.0281941
28  1.5  0.0203167
28  1.6  0.0148311
28  1.7  0.0104238
26  11.0  2.25735e-09
28  1.8  0.0077804
28  2.0  0.0042075
28  1.9  0.00569555
28  2.5  0.00103528
28  3.0  0.000238536
28  3.5  9.02086e-05
26  11.5  1.3955e-09
26  12.0  8.79432e-10
28  5.0  4.15135e-06
28  4.0  2.88766e-05
28  4.5  1.05454e-05
28  5.5  1.72373e-06
28  6.0  7.67691e-07
28  6.5  3.55595e-07
28  7.0  1.72133e-07
28  7.5  8.64938e-08
28  8.0  4.51081e-08
28  9.0  1.35106e-08
28  8.5  2.43022e-08
28  10.0  4.48796e-09
28  9.5  7.69078e-09
30  0.2  1.0411
28  10.5  2.66297e-09
30  0.3  0.820982
30  0.4  0.621252
30  0.5  0.455038
30  0.6  0.325873
30  0.7  0.229826
30  0.8  0.161078
30  0.9  0.112308
30  1.0  0.0782743
30  1.1  0.0549753
30  1.2  0.0386373
30  1.3  0.0277008
28  11.0  1.62357e-09
30  1.4  0.0193562
30  1.5  0.0138197
28  12.0  6.30572e-10
30  1.6  0.0100112
30  1.8  0.00533453
30  1.7  0.00724333
30  1.9  0.00396982
30  2.0  0.0028325
30  2.5  0.000661035
30  3.0  0.000154593
30  3.5  7.25832e-05
28  11.5  9.95105e-10
30  5.5  1.11122e-06
30  4.0  1.88923e-05
30  4.5  6.86135e-06
30  5.0  2.68239e-06
30  6.0  4.90799e-07
30  6.5  2.27278e-07
30  7.0  1.09827e-07
30  7.5  5.50299e-08
30  8.0  2.87514e-08
30  9.0  8.52915e-09
30  8.5  1.53788e-08
30  10.0  2.81242e-09
30  9.5  4.7911e-09
30  10.5  1.67059e-09
32  0.2  0.712526
32  0.3  0.557049
32  0.4  0.417035
32  0.5  0.301738
32  0.6  0.213713
32  0.7  0.148974
32  0.8  0.103394
32  0.9  0.0714487
32  1.0  0.0494247
32  1.1  0.0343223
30  11.0  1.00883e-09
32  1.2  0.0239162
30  12.0  3.93784e-10
32  1.3  0.0167055
32  1.4  0.0118108
32  1.5  0.00837798
32  1.6  0.00598651
32  1.7  0.00438186
32  1.8  0.00318912
32  1.9  0.00237476
32  2.0  0.00174922
32  2.5  0.000371289
30  11.5  6.2289e-10
32  3.0  8.48818e-05
32  3.5  4.54048e-05
32  4.5  3.82363e-06
32  4.0  1.06073e-05
32  5.0  1.48148e-06
32  5.5  6.11704e-07
32  7.0  5.8689e-08
32  6.5  1.23633e-07
32  6.0  2.67727e-07
32  8.0  1.53991e-08
32  7.5  2.96063e-08
32  8.5  8.22637e-09
32  9.5  2.56792e-09
32  9.0  4.53186e-09
32  10.5  8.81044e-10
32  10.0  1.48694e-09
34  0.2  0.429194
34  0.3  0.331781
32  11.0  5.33226e-10
34  0.4  0.245381
34  0.5  0.175052
34  0.6  0.122249
34  0.7  0.0841701
34  0.8  0.0576324
34  0.9  0.0393367
34  1.0  0.0269321
34  1.1  0.0184877
34  1.2  0.0127598
34  1.3  0.00904206
34  1.4  0.00622823
34  1.6  0.00319122
34  1.5  0.00437471
34  1.7  0.00231996
34  1.8  0.00165523
34  2.0  0.000883128
34  1.9  0.00120754
34  2.5  0.000199868
34  3.0  3.72523e-05
34  3.5  2.27637e-05
32  11.5  3.27379e-10
32  12.0  2.05016e-10
34  4.0  5.01277e-06
34  4.5  1.78132e-06
34  5.0  6.83494e-07
34  5.5  2.80077e-07
34  6.5  5.57935e-08
34  6.0  1.2191e-07
34  7.0  2.66954e-08
34  7.5  1.3197e-08
34  9.0  1.97296e-09
34  8.0  6.82266e-09
34  8.5  3.6242e-09
34  9.5  1.1246e-09
34  10.0  6.49099e-10
4  0.2  2.83843
34  11.0  2.306e-10
4  0.3  2.2968
4  0.4  1.79789
4  0.5  1.36502
4  0.6  1.01368
4  0.7  0.742019
34  10.5  3.81634e-10
4  0.8  0.538002
4  0.9  0.388424
4  1.0  0.279479
4  1.1  0.20194
34  12.0  8.86254e-11
4  1.3  0.106172
4  1.2  0.145997
4  1.5  0.0567332
4  1.4  0.0766611
4  1.6  0.0418993
4  1.7  0.031142
4  1.8  0.0228684
4  1.9  0.0172186
34  11.5  1.41344e-10
4  2.0  0.0128244
4  3.5  0.000382609
4  3.0  0.000877963
4  2.5  0.00326502
4  4.0  9.93134e-05
4  5.0  1.45832e-05
4  4.5  3.69572e-05
4  5.5  6.21963e-06
4  7.0  6.30259e-07
4  6.0  2.78201e-06
4  6.5  1.30224e-06
4  7.5  3.23357e-07
4  8.0  1.69582e-07
4  9.0  5.15981e-08
4  8.5  9.20015e-08
4  9.5  2.95128e-08
4  10.5  1.03246e-08
4  10.0  1.72322e-08
6  0.2  2.81142
4  11.0  6.30719e-09
6  0.3  2.27659
6  0.4  1.78
6  0.5  1.35124
6  0.6  1.00374
6  0.8  0.531756
6  0.7  0.733942
6  0.9  0.383658
6  1.0  0.276536
6  1.1  0.199288
6  1.2  0.144031
6  1.3  0.104762
6  1.4  0.0766151
6  1.5  0.0558513
4  11.5  3.91998e-09
6  1.6  0.0404861
6  1.7  0.0299321
6  1.8  0.0225345
6  1.9  0.0166092
6  2.0  0.0125738
6  2.5  0.00316191
6  3.0  0.000883724
6  3.5  0.000300864
6  4.0  9.7657e-05
6  5.0  1.43359e-05
4  12.0  2.47731e-09
6  4.5  3.63226e-05
6  6.0  2.73529e-06
6  5.5  6.11053e-06
6  6.5  1.28444e-06
6  7.0  6.20026e-07
6  7.5  3.18966e-07
6  8.0  1.64987e-07
6  9.0  5.06617e-08
6  8.5  9.03155e-08
6  9.5  2.89708e-08
6  10.0  1.69354e-08
6  10.5  1.01328e-08
8  0.2  2.77414
8  0.3  2.24307
8  0.4  1.75386
8  0.5  1.33086
8  0.6  0.987921
8  0.7  0.722051
8  0.8  0.523157
8  0.9  0.376714
8  1.0  0.271447
8  1.1  0.195292
6  11.5  3.85101e-09
8  1.2  0.141303
8  1.3  0.102677
8  1.4  0.0751295
8  1.5  0.0540638
6  11.0  6.14533e-09
8  1.7  0.0290845
8  1.6  0.0398139
8  1.8  0.0218894
8  2.0  0.0123732
8  1.9  0.0162752
8  2.5  0.00309211
8  3.0  0.000798397
8  3.5  0.000298007
6  12.0  2.43121e-09
8  4.5  3.5427e-05
8  4.0  9.52297e-05
8  5.0  1.40651e-05
8  6.0  2.66684e-06
8  5.5  5.95528e-06
8  6.5  1.25041e-06
8  7.5  3.10368e-07
8  7.0  6.08396e-07
8  8.0  1.62348e-07
8  9.0  4.93469e-08
8  8.5  8.80236e-08
8  9.5  2.8205e-08
8  10.0  1.64828e-08
8  10.5  9.87153e-09
8  11.0  6.02569e-09
8  11.5  3.73364e-09
8  12.0  2.36706e-09
