# diffractive D0 cross section, Pb target, LHAPDF fragmentation, An0n channel
# generated      : 2026-08-19 15:25:06 EEST
# calls          : 1e5 (VEGAS calls per point, see CALLS_EXCL/CALLS_EXCL_FACTORIZED/CALLS_DIFF)
# dipole samples : data/Pb/bk_posterior/member_0050/glauber_mve_<b>
# pD0 sweep      : 0.2 0.3 0.4 0.5 0.6 0.7 0.8 0.9 1.0 1.1 1.2 1.3 1.4 1.5 1.6 1.7 1.8 1.9 2.0 2.5 3.0 3.5 4.0 4.5 5.0 5.5 6.0 6.5 7.0 7.5 8.0 8.5 9.0 9.5 10.0 10.5 11.0 11.5 12.0
# fixed rapidity y : 3.0
# ============================================================
# b  pD0  dsigma_dyd2pD0
0  0.2  0.0594679
0  0.5  0.110704
0  0.4  0.10468
0  0.3  0.0867882
0  0.7  0.0927815
0  0.6  0.106461
0  0.8  0.0787716
0  0.9  0.0637893
0  1.0  0.0505086
0  1.1  0.0400405
0  1.2  0.0313004
0  1.4  0.0183153
0  1.3  0.0239139
0  1.5  0.0140694
0  1.6  0.0108099
0  1.8  0.00661584
0  1.7  0.00839276
0  1.9  0.00503848
0  2.5  0.00118254
0  3.0  0.000382402
0  3.5  0.000142667
0  2.0  0.00391838
0  5.0  9.40927e-06
0  4.0  5.38703e-05
0  4.5  2.18271e-05
0  5.5  4.28306e-06
0  6.5  9.79488e-07
0  7.0  4.91903e-07
0  6.0  2.04668e-06
0  8.0  1.3384e-07
0  7.5  2.44681e-07
0  9.5  2.10019e-08
0  8.5  6.90836e-08
0  9.0  3.82097e-08
10  0.2  0.0587138
10  0.3  0.08581
10  0.4  0.103753
10  0.5  0.109812
10  0.6  0.103387
0  10.0  1.17591e-08
10  0.7  0.0909043
10  0.8  0.0759577
10  0.9  0.0616507
10  1.0  0.0488823
10  1.1  0.0385282
10  1.2  0.0303166
0  10.5  6.63587e-09
10  1.3  0.0231728
10  1.5  0.0138225
10  1.4  0.0178266
10  1.6  0.0104922
10  1.7  0.00809596
10  1.9  0.00487881
10  1.8  0.00622409
0  11.0  3.74726e-09
10  2.0  0.00377084
10  3.0  0.000366113
10  2.5  0.00111723
10  3.5  0.000131367
0  11.5  2.19023e-09
0  12.0  1.29566e-09
10  5.0  9.07417e-06
10  4.5  2.11992e-05
10  4.0  5.1993e-05
10  5.5  4.07415e-06
10  6.5  9.32778e-07
10  6.0  1.95112e-06
10  7.0  4.53903e-07
10  7.5  2.4158e-07
10  9.0  3.57276e-08
10  9.5  1.94905e-08
10  8.0  1.2725e-07
10  8.5  6.54825e-08
10  10.0  1.08922e-08
12  0.2  0.0584838
12  0.3  0.0854881
12  0.4  0.102149
12  0.5  0.108295
12  0.6  0.10168
12  0.7  0.0905566
12  0.8  0.0749996
12  0.9  0.0609615
12  1.0  0.0477857
12  1.1  0.0382935
12  1.2  0.029776
12  1.4  0.0174479
10  10.5  6.15692e-09
12  1.3  0.0226213
12  1.5  0.0133961
12  1.6  0.0102782
12  1.7  0.00790115
12  1.8  0.00609099
12  1.9  0.00474333
12  2.0  0.00369834
12  2.5  0.00107412
12  3.0  0.000357632
10  11.0  3.62504e-09
12  3.5  0.000131137
10  11.5  2.09999e-09
10  12.0  1.20893e-09
12  4.0  5.10251e-05
12  4.5  2.09749e-05
12  5.0  9.25308e-06
12  6.5  8.90151e-07
12  5.5  4.08565e-06
12  6.0  1.91853e-06
12  7.0  4.61028e-07
12  8.5  6.39619e-08
12  9.0  3.44711e-08
12  7.5  2.36702e-07
12  8.0  1.24004e-07
12  9.5  1.98174e-08
12  10.0  1.08383e-08
14  0.2  0.0581268
14  0.3  0.0856659
14  0.4  0.101145
14  0.5  0.107207
14  0.6  0.100303
14  0.7  0.0881506
14  0.8  0.0737168
14  0.9  0.0599997
14  1.0  0.0479686
14  1.1  0.0371427
12  10.5  6.10673e-09
14  1.2  0.0282935
14  1.3  0.0219634
12  11.5  2.02771e-09
14  1.4  0.0169935
14  1.5  0.0129937
14  1.6  0.00998593
14  1.8  0.00591457
14  1.7  0.00769045
12  11.0  3.50148e-09
14  1.9  0.00448629
14  2.0  0.00360887
14  3.0  0.000343029
14  2.5  0.00106708
14  3.5  0.000127184
12  12.0  1.20457e-09
14  4.5  2.0122e-05
14  4.0  4.93478e-05
14  5.0  8.80613e-06
14  6.5  8.57016e-07
14  5.5  3.76882e-06
14  6.0  1.78426e-06
14  7.0  4.27837e-07
14  7.5  2.26035e-07
14  8.0  1.1811e-07
14  8.5  6.35647e-08
14  9.0  3.36733e-08
14  9.5  1.83124e-08
16  0.2  0.0578473
16  0.3  0.0842511
16  0.4  0.102031
14  10.0  1.05014e-08
16  0.5  0.105348
16  0.6  0.0993717
16  0.7  0.087048
16  0.8  0.0727755
16  0.9  0.0584267
16  1.0  0.0461946
14  10.5  6.00394e-09
16  1.1  0.036309
16  1.2  0.0282148
16  1.3  0.021389
16  1.4  0.0162709
16  1.5  0.0123862
16  1.7  0.00768916
16  1.6  0.00964747
14  11.0  3.44917e-09
16  1.8  0.00573744
16  1.9  0.00444758
16  2.0  0.00343633
16  2.5  0.000998165
16  3.0  0.00033821
16  3.5  0.000122133
14  11.5  1.95875e-09
14  12.0  1.16777e-09
16  4.0  4.76779e-05
16  4.5  1.8982e-05
16  5.5  3.81111e-06
16  5.0  8.38719e-06
16  7.0  4.15102e-07
16  6.5  8.69283e-07
16  6.0  1.77801e-06
16  7.5  2.2308e-07
16  8.0  1.14762e-07
16  8.5  6.21239e-08
16  10.0  1.0178e-08
16  9.0  3.27152e-08
16  9.5  1.76901e-08
16  10.5  5.68339e-09
18  0.2  0.0578009
18  0.3  0.0844337
18  0.4  0.0986863
18  0.5  0.103074
18  0.6  0.0974093
18  0.7  0.0853242
18  0.8  0.0707924
18  0.9  0.0572969
18  1.0  0.0454946
18  1.1  0.0351446
18  1.3  0.0207884
18  1.2  0.0270081
18  1.4  0.0159731
18  1.5  0.0120711
18  1.6  0.0094517
16  11.0  3.28095e-09
18  1.7  0.00722489
18  1.8  0.00551523
18  1.9  0.00429952
18  2.0  0.0032494
18  2.5  0.000970874
18  3.0  0.000331528
18  3.5  0.000118945
16  11.5  1.92284e-09
16  12.0  1.11753e-09
18  4.5  1.88053e-05
18  4.0  4.60523e-05
18  5.0  8.15185e-06
18  6.5  8.37438e-07
18  5.5  3.61679e-06
18  6.0  1.70834e-06
18  7.0  3.93234e-07
18  7.5  2.01491e-07
18  8.0  1.0976e-07
18  9.0  3.06086e-08
18  8.5  5.80727e-08
18  11.0  3.14493e-09
18  9.5  1.66661e-08
2  0.2  0.0595921
18  10.5  5.49061e-09
2  0.3  0.0863671
2  0.4  0.104788
2  0.5  0.110836
18  10.0  9.74443e-09
2  0.6  0.104856
2  0.7  0.0933406
2  0.8  0.0774913
2  0.9  0.0633339
2  1.0  0.0511818
2  1.1  0.0393724
2  1.2  0.0311283
2  1.3  0.0240283
2  1.4  0.0182487
18  11.5  1.83672e-09
2  1.5  0.0142239
2  1.6  0.0109289
2  1.7  0.00839066
2  1.8  0.00652756
2  1.9  0.00502862
2  2.0  0.00392082
2  2.5  0.00118302
2  3.5  0.000138201
2  3.0  0.000383348
18  12.0  1.07901e-09
2  5.0  9.57268e-06
2  4.5  2.23114e-05
2  4.0  5.45209e-05
2  6.5  9.92643e-07
2  5.5  4.32721e-06
2  7.0  4.93361e-07
2  6.0  2.05301e-06
2  8.0  1.32487e-07
2  7.5  2.52493e-07
2  9.5  2.07375e-08
2  8.5  6.90685e-08
2  9.0  3.70881e-08
2  10.5  6.63955e-09
20  0.2  0.0565656
20  0.3  0.0824842
20  0.4  0.0974145
20  0.5  0.101339
2  10.0  1.14768e-08
20  0.6  0.0951213
20  0.7  0.0826045
20  0.8  0.0687475
20  0.9  0.0546392
20  1.0  0.0421149
20  1.1  0.0335417
20  1.2  0.025581
20  1.3  0.0195969
20  1.4  0.0151102
20  1.5  0.0115153
20  1.7  0.00703891
20  1.6  0.00878354
20  1.8  0.00531059
2  11.0  3.72517e-09
20  1.9  0.00414272
20  2.0  0.00308225
20  2.5  0.000929566
20  3.0  0.00030785
20  3.5  0.000110864
2  11.5  2.1499e-09
2  12.0  1.28368e-09
20  5.0  7.65865e-06
20  4.0  4.34992e-05
20  4.5  1.77288e-05
20  5.5  3.44905e-06
20  7.5  1.99023e-07
20  6.0  1.59546e-06
20  6.5  7.803e-07
20  7.0  3.95042e-07
20  8.0  1.0307e-07
20  8.5  5.31143e-08
20  9.0  2.99683e-08
20  9.5  1.61866e-08
20  11.0  2.9697e-09
20  10.5  5.12431e-09
22  0.2  0.0555095
22  0.3  0.0806277
22  0.4  0.0947166
20  10.0  9.22362e-09
22  0.5  0.0966358
22  0.6  0.091131
20  12.0  9.98643e-10
22  0.7  0.078668
22  0.8  0.0651462
22  0.9  0.0516795
22  1.0  0.040926
22  1.1  0.0315514
20  11.5  1.70121e-09
22  1.2  0.0241257
22  1.4  0.0141898
22  1.3  0.0188246
22  1.6  0.008624
22  1.5  0.0108336
22  1.7  0.00637508
22  1.8  0.00489682
22  2.0  0.00294865
22  1.9  0.00377245
22  2.5  0.000868224
22  3.0  0.000285408
22  3.5  0.000102642
22  5.0  7.05241e-06
22  4.5  1.59633e-05
22  4.0  4.03066e-05
22  5.5  3.11446e-06
22  8.0  9.77268e-08
22  6.0  1.53096e-06
22  6.5  7.30455e-07
22  8.5  5.10774e-08
22  7.0  3.66896e-07
22  7.5  1.87162e-07
22  9.0  2.78367e-08
22  9.5  1.50637e-08
24  0.2  0.0548102
24  0.3  0.0784525
22  10.0  8.68738e-09
24  0.4  0.0918315
24  0.5  0.0939297
24  0.6  0.086452
24  0.7  0.0740174
24  0.8  0.0611861
24  0.9  0.0484465
22  12.0  9.19355e-10
24  1.0  0.0380287
24  1.1  0.0292517
24  1.2  0.0227077
24  1.3  0.0173291
22  10.5  4.86513e-09
24  1.4  0.0129951
24  1.5  0.00987358
24  1.6  0.00768091
24  1.7  0.00584939
24  1.8  0.00455318
24  1.9  0.00344939
24  2.0  0.00268944
24  2.5  0.000788561
22  11.0  2.82972e-09
24  3.0  0.000262645
24  3.5  9.32365e-05
22  11.5  1.60697e-09
24  4.0  3.54676e-05
24  4.5  1.4939e-05
24  5.0  6.29288e-06
24  6.0  1.40438e-06
24  5.5  2.93783e-06
24  6.5  6.63597e-07
24  7.0  3.33396e-07
24  7.5  1.69647e-07
24  8.0  8.83098e-08
24  10.0  7.88051e-09
24  8.5  4.54655e-08
24  9.0  2.44898e-08
24  9.5  1.42147e-08
26  0.2  0.0530858
26  0.3  0.0756026
26  0.4  0.0892041
26  0.5  0.0880562
26  0.6  0.0801777
26  0.7  0.0684038
26  0.8  0.0558154
26  0.9  0.044854
26  1.0  0.0343808
26  1.1  0.0262068
24  10.5  4.41046e-09
26  1.2  0.0201841
26  1.3  0.0156185
26  1.4  0.0116332
26  1.5  0.00888365
26  1.6  0.00681968
26  1.7  0.00521705
24  11.0  2.48239e-09
26  1.8  0.00404733
26  2.0  0.00242959
26  1.9  0.00301093
26  2.5  0.00071042
24  11.5  1.46768e-09
26  3.5  8.06369e-05
26  3.0  0.000235714
24  12.0  8.42459e-10
26  5.5  2.67036e-06
26  5.0  5.79376e-06
26  4.0  3.10318e-05
26  4.5  1.28168e-05
26  6.0  1.21694e-06
26  6.5  5.40002e-07
26  7.0  2.94847e-07
26  7.5  1.49647e-07
26  8.0  7.72872e-08
26  8.5  4.13129e-08
26  9.0  2.16319e-08
26  9.5  1.24543e-08
26  11.0  2.25525e-09
26  10.5  3.85699e-09
28  0.2  0.0504487
28  0.3  0.0718575
28  0.4  0.0823353
28  0.5  0.0798605
26  11.5  1.26866e-09
28  0.6  0.0722161
26  10.0  6.88081e-09
28  0.7  0.0609326
28  0.8  0.0484078
28  0.9  0.038316
28  1.0  0.0296362
28  1.1  0.022624
28  1.3  0.0133474
28  1.2  0.0172917
28  1.4  0.00998499
28  1.5  0.00755956
28  1.6  0.00579715
28  1.7  0.00433969
28  1.8  0.00338596
28  1.9  0.00262829
28  2.0  0.00202738
28  2.5  0.000584989
28  3.0  0.000196857
28  3.5  6.59949e-05
28  4.0  2.67387e-05
26  12.0  7.49557e-10
28  4.5  1.07048e-05
28  5.5  2.06067e-06
28  5.0  4.84088e-06
28  7.0  2.47144e-07
28  6.0  9.91042e-07
28  6.5  4.88165e-07
28  8.0  6.48722e-08
28  7.5  1.20953e-07
28  8.5  3.50553e-08
28  9.0  1.86176e-08
28  9.5  9.95562e-09
30  0.2  0.0472142
30  0.3  0.0671013
28  10.0  5.59229e-09
30  0.4  0.0737612
30  0.5  0.0708043
30  0.6  0.0607376
30  0.7  0.0510122
28  10.5  3.20633e-09
30  0.8  0.0407587
30  0.9  0.0318154
30  1.0  0.0241628
30  1.1  0.0183514
28  11.5  1.0942e-09
30  1.2  0.0138804
30  1.3  0.0106379
30  1.4  0.00794185
30  1.5  0.00589899
30  1.6  0.00453612
28  11.0  1.7787e-09
30  1.8  0.00264113
30  1.7  0.00344723
30  1.9  0.00208519
30  2.0  0.00158221
30  2.5  0.00047823
30  3.0  0.000151526
30  3.5  5.54831e-05
28  12.0  6.20848e-10
30  4.0  2.06019e-05
30  4.5  8.39486e-06
30  5.0  3.66457e-06
30  5.5  1.61628e-06
30  7.0  1.90691e-07
30  6.0  7.64429e-07
30  6.5  3.79971e-07
30  8.0  5.0921e-08
30  7.5  9.63735e-08
30  9.5  8.08092e-09
30  8.5  2.68928e-08
30  9.0  1.47e-08
30  10.0  4.54589e-09
32  0.2  0.044122
32  0.3  0.0578637
30  10.5  2.59368e-09
32  0.5  0.0565857
32  0.4  0.0606813
32  0.7  0.0389626
32  0.6  0.0476917
32  0.8  0.0309792
32  0.9  0.0240577
32  1.0  0.0181028
32  1.1  0.0137071
32  1.3  0.00775526
32  1.2  0.0102941
30  11.0  1.48675e-09
32  1.4  0.00593693
32  1.5  0.00434673
32  1.6  0.00330211
32  1.7  0.00255776
32  1.8  0.00197933
32  1.9  0.00148298
32  2.0  0.00115316
32  2.5  0.000348015
32  3.5  3.8866e-05
32  3.0  0.000107609
30  11.5  8.58043e-10
32  4.0  1.47285e-05
30  12.0  4.95827e-10
32  4.5  5.89851e-06
32  5.0  2.5553e-06
32  5.5  1.20916e-06
32  6.0  5.49168e-07
32  6.5  2.7185e-07
32  7.0  1.35042e-07
32  8.5  1.93877e-08
32  7.5  6.98757e-08
32  8.0  3.41195e-08
32  9.0  1.0314e-08
32  9.5  5.697e-09
34  0.2  0.0375116
32  10.5  1.85608e-09
34  0.3  0.0466971
34  0.4  0.0470096
34  0.5  0.0417893
34  0.6  0.0337154
32  10.0  3.24269e-09
34  0.7  0.0270042
34  0.8  0.0204751
34  0.9  0.0158832
34  1.1  0.00906023
34  1.0  0.0122353
34  1.2  0.00679887
34  1.3  0.00501746
34  1.4  0.00387352
34  1.6  0.00222338
34  1.5  0.0028334
32  11.0  1.05233e-09
34  1.7  0.00163707
34  1.8  0.00126506
34  1.9  0.000982341
34  2.0  0.000774225
34  2.5  0.000227539
34  3.0  7.17013e-05
34  3.5  2.39153e-05
32  11.5  6.16317e-10
32  12.0  3.62309e-10
34  5.0  1.66972e-06
34  4.5  3.94238e-06
34  4.0  9.40205e-06
34  5.5  7.55122e-07
34  7.0  8.50774e-08
34  6.5  1.70888e-07
34  6.0  3.52144e-07
34  8.5  1.22963e-08
34  7.5  4.42716e-08
34  8.0  2.35201e-08
34  9.5  3.78494e-09
34  9.0  6.64799e-09
34  10.0  2.04095e-09
34  11.5  3.8684e-10
4  0.2  0.060302
4  0.3  0.0868441
4  0.4  0.104872
34  10.5  1.16797e-09
4  0.5  0.10778
4  0.6  0.105207
4  0.7  0.0937093
4  0.8  0.0780469
4  0.9  0.063481
4  1.0  0.0505432
4  1.1  0.0398227
4  1.2  0.0307768
4  1.3  0.0238938
4  1.4  0.0184117
4  1.5  0.0142008
4  1.6  0.0108663
4  1.7  0.00842941
34  11.0  6.70041e-10
4  1.8  0.00647535
4  1.9  0.00500236
4  2.0  0.0038799
4  2.5  0.00117973
4  3.5  0.000137656
4  3.0  0.000376026
34  12.0  2.30793e-10
4  5.0  9.60059e-06
4  4.5  2.20663e-05
4  4.0  5.36643e-05
4  6.5  9.81552e-07
4  5.5  4.26874e-06
4  7.0  4.84991e-07
4  6.0  2.03288e-06
4  8.0  1.32736e-07
4  7.5  2.42372e-07
4  9.5  2.1067e-08
4  8.5  6.94693e-08
4  9.0  3.78567e-08
6  0.2  0.0591013
4  10.0  1.16466e-08
6  0.3  0.086606
6  0.4  0.104033
6  0.5  0.110246
6  0.6  0.105193
6  0.7  0.0930637
6  0.8  0.0776675
6  0.9  0.0636869
6  1.1  0.0393243
6  1.0  0.0502459
4  10.5  6.57131e-09
6  1.2  0.0304489
6  1.3  0.02361
6  1.5  0.0141388
6  1.4  0.018183
6  1.7  0.00824982
6  1.6  0.0108769
6  1.9  0.00508728
6  1.8  0.00646697
4  11.0  3.72631e-09
6  2.0  0.00383792
6  2.5  0.00116591
6  3.0  0.000382157
6  3.5  0.000136685
4  11.5  2.14235e-09
6  5.0  9.46352e-06
4  12.0  1.29448e-09
6  4.5  2.16641e-05
6  4.0  5.32843e-05
6  6.5  9.66299e-07
6  5.5  4.32392e-06
6  6.0  2.00318e-06
6  7.0  4.84828e-07
6  7.5  2.52784e-07
6  8.0  1.29544e-07
6  9.5  2.05034e-08
6  8.5  6.89674e-08
6  9.0  3.77884e-08
6  10.5  6.53815e-09
8  0.2  0.0592112
6  10.0  1.15084e-08
8  0.3  0.0859984
8  0.4  0.104722
8  0.5  0.109234
8  0.6  0.103808
8  0.7  0.0926623
8  0.8  0.0770158
8  0.9  0.0626142
8  1.1  0.0386941
8  1.0  0.0498596
8  1.2  0.0296422
8  1.3  0.0231818
8  1.4  0.0178479
8  1.5  0.0137059
8  1.6  0.0106286
8  1.7  0.00824914
8  1.8  0.00634137
8  1.9  0.00489177
6  11.0  3.74355e-09
8  2.0  0.00384211
8  2.5  0.00114209
8  3.5  0.000136965
8  3.0  0.000371729
6  11.5  2.17075e-09
6  12.0  1.25016e-09
8  4.5  2.15858e-05
8  4.0  5.23602e-05
8  5.0  9.49634e-06
8  5.5  4.07325e-06
8  6.5  1.0093e-06
8  6.0  1.91845e-06
8  7.0  4.63801e-07
8  8.5  6.94416e-08
8  7.5  2.47855e-07
8  9.0  3.61302e-08
8  8.0  1.29736e-07
8  10.0  1.11019e-08
8  9.5  1.97418e-08
8  11.0  3.59713e-09
8  10.5  6.36945e-09
8  11.5  2.10466e-09
8  12.0  1.25468e-09
