# diffractive D0 cross section, Pb target, LHAPDF fragmentation, An0n channel
# generated      : 2026-08-19 15:25:06 EEST
# calls          : 1e5 (VEGAS calls per point, see CALLS_EXCL/CALLS_EXCL_FACTORIZED/CALLS_DIFF)
# dipole samples : data/Pb/bk_posterior/member_0051/glauber_mve_<b>
# pD0 sweep      : 0.2 0.3 0.4 0.5 0.6 0.7 0.8 0.9 1.0 1.1 1.2 1.3 1.4 1.5 1.6 1.7 1.8 1.9 2.0 2.5 3.0 3.5 4.0 4.5 5.0 5.5 6.0 6.5 7.0 7.5 8.0 8.5 9.0 9.5 10.0 10.5 11.0 11.5 12.0
# fixed rapidity y : 1.0
# ============================================================
# b  pD0  dsigma_dyd2pD0
0  0.5  0.856701
0  0.2  0.415351
0  0.3  0.608653
0  0.4  0.766158
0  0.7  0.807979
0  0.6  0.847374
0  0.8  0.721533
0  0.9  0.621998
0  1.0  0.539497
0  1.2  0.36832
0  1.1  0.445814
0  1.4  0.250335
0  1.3  0.303523
0  1.5  0.204417
0  1.6  0.167736
0  1.7  0.138501
0  1.9  0.0945011
0  1.8  0.113821
0  2.0  0.0775075
0  2.5  0.0317584
0  3.0  0.0145809
0  3.5  0.00711853
0  5.0  0.00120277
0  4.0  0.00372974
0  4.5  0.00207274
0  5.5  0.000731794
0  6.0  0.000460029
0  7.5  0.000129343
0  6.5  0.000294526
0  7.0  0.000198518
0  8.0  8.96134e-05
0  8.5  6.22742e-05
0  9.0  4.43284e-05
0  9.5  3.20084e-05
0  10.0  2.3835e-05
0  10.5  1.76664e-05
10  0.2  0.415746
10  0.3  0.595203
10  0.4  0.751838
10  0.5  0.824521
10  0.6  0.829783
10  0.7  0.783337
0  11.0  1.32782e-05
10  0.8  0.695642
10  0.9  0.603072
10  1.0  0.511019
10  1.1  0.430791
10  1.3  0.290995
10  1.2  0.35426
10  1.4  0.238213
10  1.5  0.196095
10  1.6  0.161057
10  1.7  0.131941
10  1.8  0.10966
10  1.9  0.0916496
10  2.0  0.0744867
10  2.5  0.030979
10  3.0  0.0136087
10  3.5  0.00677042
0  11.5  9.9294e-06
0  12.0  7.51927e-06
10  4.0  0.00356367
10  4.5  0.00197665
10  5.0  0.00115825
10  5.5  0.000692257
10  6.0  0.000431092
10  6.5  0.000280518
10  7.5  0.000126777
10  7.0  0.000183052
10  8.0  8.40312e-05
10  8.5  5.9476e-05
10  9.0  4.3053e-05
10  9.5  3.08432e-05
10  10.5  1.59901e-05
10  10.0  2.27635e-05
10  11.0  1.21795e-05
12  0.2  0.407561
12  0.3  0.595258
12  0.4  0.749707
12  0.5  0.816186
12  0.6  0.824191
10  11.5  9.21207e-06
12  0.7  0.772514
12  0.8  0.677823
12  0.9  0.591459
12  1.0  0.506251
12  1.2  0.350284
12  1.1  0.422164
12  1.3  0.287987
12  1.4  0.232573
12  1.5  0.192831
12  1.7  0.130006
12  1.8  0.106642
12  1.6  0.156882
12  1.9  0.0875627
12  2.5  0.0302885
12  2.0  0.0732851
12  3.0  0.0135642
12  3.5  0.00654638
10  12.0  7.18629e-06
12  4.0  0.00342326
12  5.0  0.00112051
12  4.5  0.00192381
12  6.0  0.000419731
12  5.5  0.000675788
12  7.0  0.000181738
12  6.5  0.000270751
12  7.5  0.000119674
12  8.5  5.7003e-05
12  8.0  8.28149e-05
12  9.0  4.09115e-05
12  9.5  2.95978e-05
12  10.0  2.20378e-05
12  10.5  1.59405e-05
14  0.2  0.407509
14  0.3  0.594357
14  0.4  0.744523
14  0.5  0.813796
14  0.6  0.810253
14  0.7  0.766603
14  0.8  0.675717
12  12.0  7.00409e-06
14  0.9  0.580106
12  11.0  1.19304e-05
14  1.0  0.489376
14  1.1  0.411743
14  1.2  0.340732
14  1.3  0.275143
14  1.4  0.228519
14  1.5  0.186201
14  1.6  0.154815
14  1.7  0.127347
14  1.8  0.103293
14  1.9  0.0856879
14  2.5  0.0290309
14  2.0  0.0706667
14  3.5  0.00639676
14  3.0  0.0130421
12  11.5  9.19969e-06
14  4.5  0.00187235
14  4.0  0.00333596
14  5.0  0.00108906
14  5.5  0.000662711
14  6.5  0.000254059
14  6.0  0.000411351
14  7.5  0.000116324
14  7.0  0.000174986
14  8.5  5.53533e-05
14  8.0  7.93647e-05
14  9.0  4.03673e-05
14  9.5  2.89643e-05
14  10.5  1.54195e-05
14  10.0  2.15949e-05
16  0.2  0.403036
16  0.3  0.587272
16  0.4  0.731933
14  11.0  1.18332e-05
16  0.5  0.794911
14  12.0  6.71798e-06
16  0.6  0.797152
16  0.7  0.74165
16  0.8  0.662113
16  0.9  0.565416
16  1.0  0.481238
16  1.1  0.404346
16  1.2  0.331082
16  1.3  0.272705
14  11.5  8.85831e-06
16  1.4  0.221695
16  1.5  0.182159
16  1.7  0.122659
16  1.6  0.148812
16  1.8  0.100894
16  1.9  0.0822143
16  2.5  0.0284369
16  2.0  0.0676497
16  3.0  0.0125624
16  3.5  0.00609767
16  5.0  0.00103324
16  4.0  0.00320769
16  4.5  0.0017981
16  5.5  0.000632262
16  6.0  0.000400021
16  6.5  0.000250909
16  7.0  0.000167095
16  8.0  7.73597e-05
16  8.5  5.43319e-05
16  7.5  0.000114054
16  9.0  3.9842e-05
16  9.5  2.84285e-05
16  10.0  2.01756e-05
18  0.2  0.401717
18  0.3  0.585428
18  0.4  0.722774
18  0.5  0.799239
18  0.6  0.777425
16  12.0  6.39864e-06
16  10.5  1.51023e-05
18  0.7  0.723438
18  0.8  0.640789
18  0.9  0.554194
18  1.0  0.466854
18  1.1  0.387104
18  1.2  0.317934
18  1.3  0.260466
18  1.4  0.21232
18  1.5  0.174884
18  1.6  0.141946
18  1.7  0.116745
18  1.8  0.0959429
18  1.9  0.0796215
18  2.0  0.0653623
18  2.5  0.0269298
16  11.0  1.10954e-05
18  3.0  0.0121836
18  3.5  0.00582042
16  11.5  8.38661e-06
18  5.5  0.000605228
18  5.0  0.00101843
18  4.0  0.00310314
18  4.5  0.00171939
18  6.0  0.000378009
18  6.5  0.000235801
18  8.5  5.16567e-05
18  7.0  0.000159833
18  8.0  7.43269e-05
18  7.5  0.000107645
18  9.0  3.67981e-05
18  9.5  2.6633e-05
18  10.5  1.43536e-05
2  0.2  0.414762
2  0.3  0.602062
18  10.0  1.9302e-05
2  0.4  0.767495
2  0.5  0.843813
2  0.6  0.849941
2  0.7  0.800883
2  0.8  0.720792
18  12.0  6.14411e-06
2  0.9  0.629312
2  1.0  0.525537
2  1.1  0.444662
2  1.3  0.301813
2  1.2  0.369034
2  1.4  0.248896
2  1.5  0.204286
2  1.6  0.167152
2  1.7  0.137772
2  1.9  0.0924034
2  1.8  0.113855
2  2.0  0.0772649
2  2.5  0.0321265
2  3.0  0.0145286
18  11.0  1.06535e-05
2  3.5  0.00702866
18  11.5  8.1514e-06
2  5.0  0.0011941
2  4.0  0.00367227
2  4.5  0.00205178
2  7.0  0.000189274
2  5.5  0.000719513
2  6.0  0.00044613
2  6.5  0.000286029
2  7.5  0.000129752
2  8.5  6.26552e-05
2  8.0  9.08782e-05
2  9.0  4.4916e-05
2  9.5  3.26904e-05
2  10.0  2.39431e-05
2  10.5  1.70474e-05
20  0.2  0.397776
2  11.0  1.29999e-05
20  0.3  0.57273
20  0.4  0.712764
20  0.5  0.769025
20  0.6  0.761134
20  0.7  0.703028
20  0.8  0.620048
20  1.0  0.448659
20  0.9  0.533419
20  1.1  0.368329
20  1.2  0.30066
20  1.3  0.248565
20  1.4  0.203717
20  1.5  0.165263
20  1.6  0.134707
20  1.7  0.111044
20  1.8  0.0905618
20  1.9  0.0746742
20  2.5  0.0253086
20  2.0  0.0619759
20  3.0  0.0112919
20  3.5  0.00552509
2  11.5  9.85114e-06
2  12.0  7.51991e-06
20  5.0  0.000934263
20  4.0  0.00292049
20  4.5  0.0016055
20  5.5  0.000572065
20  6.0  0.000356506
20  7.5  0.000102698
20  6.5  0.000230863
20  7.0  0.000151097
20  8.0  6.88383e-05
20  8.5  4.87064e-05
20  9.0  3.42496e-05
20  9.5  2.46181e-05
20  10.5  1.37572e-05
22  0.2  0.39636
20  10.0  1.8299e-05
22  0.3  0.5633
22  0.4  0.70243
22  0.5  0.740397
22  0.6  0.726086
22  0.7  0.669263
22  0.8  0.590021
22  0.9  0.505785
22  1.0  0.416342
22  1.1  0.347446
22  1.2  0.286326
22  1.3  0.233528
22  1.4  0.193703
22  1.6  0.126869
22  1.5  0.156688
22  1.7  0.103405
22  1.8  0.0849139
22  1.9  0.0701355
22  2.0  0.0583935
20  11.0  9.98567e-06
20  12.0  5.77951e-06
22  2.5  0.0237438
22  3.0  0.0108217
22  3.5  0.00512367
20  11.5  7.78875e-06
22  4.5  0.00151396
22  5.5  0.000514698
22  4.0  0.00273732
22  5.0  0.000893881
22  6.0  0.000327571
22  7.5  9.51993e-05
22  6.5  0.000211305
22  7.0  0.000142149
22  8.0  6.42176e-05
22  8.5  4.54959e-05
22  9.0  3.27762e-05
22  9.5  2.33285e-05
22  11.5  6.9933e-06
22  10.0  1.69085e-05
24  0.2  0.377032
24  0.3  0.548572
24  0.4  0.660921
22  10.5  1.24359e-05
24  0.5  0.709018
24  0.6  0.693858
24  0.7  0.631754
24  0.8  0.554507
24  0.9  0.465489
24  1.0  0.389216
24  1.1  0.323894
24  1.2  0.271495
22  11.0  9.38464e-06
24  1.3  0.21578
24  1.5  0.142062
24  1.4  0.176395
24  1.6  0.116321
24  1.7  0.0947959
24  1.8  0.0777332
24  1.9  0.0643556
24  2.0  0.0529873
24  2.5  0.0213949
24  3.0  0.00951128
24  3.5  0.0047374
22  12.0  5.33295e-06
24  4.5  0.0013531
24  5.0  0.000775603
24  4.0  0.00247011
24  6.0  0.000299427
24  5.5  0.000473006
24  7.5  8.64419e-05
24  6.5  0.000195122
24  7.0  0.000127366
24  8.0  5.94593e-05
24  8.5  4.16859e-05
24  9.0  2.99819e-05
24  9.5  2.14607e-05
24  10.0  1.54185e-05
24  10.5  1.14376e-05
26  0.2  0.370465
26  0.3  0.526892
26  0.4  0.636556
26  0.5  0.678839
26  0.6  0.644345
26  0.7  0.582592
26  0.8  0.510205
26  0.9  0.432217
24  11.0  8.53272e-06
26  1.0  0.349935
26  1.1  0.291428
26  1.2  0.238019
24  11.5  6.34852e-06
26  1.3  0.194201
26  1.4  0.156943
26  1.5  0.126516
26  1.6  0.104524
26  1.7  0.0837895
26  1.8  0.0687554
26  1.9  0.0569501
26  2.0  0.0470873
26  2.5  0.0187744
26  3.0  0.00840871
26  3.5  0.0041961
24  12.0  4.86507e-06
26  4.5  0.00123124
26  4.0  0.00223916
26  5.5  0.000412569
26  5.0  0.000705877
26  6.0  0.000267551
26  7.5  7.54025e-05
26  6.5  0.000171382
26  7.0  0.000109604
26  8.0  5.25717e-05
26  8.5  3.65011e-05
26  9.0  2.59272e-05
26  9.5  1.84707e-05
26  10.0  1.3517e-05
26  10.5  1.00202e-05
28  0.2  0.344731
28  0.3  0.499331
28  0.4  0.586342
28  0.5  0.616734
28  0.6  0.583761
28  0.7  0.514232
28  0.8  0.446857
28  0.9  0.379559
26  11.0  7.36652e-06
28  1.0  0.310734
28  1.1  0.250537
28  1.2  0.204643
28  1.3  0.165782
28  1.4  0.13413
28  1.5  0.108413
28  1.6  0.0875494
28  1.7  0.071682
28  1.8  0.0589364
28  1.9  0.0482937
28  2.0  0.0397562
28  2.5  0.0165334
28  3.0  0.00719364
28  3.5  0.00345533
26  11.5  5.73506e-06
26  12.0  4.28749e-06
28  4.0  0.00185734
28  4.5  0.00101812
28  5.0  0.000589192
28  6.5  0.000143515
28  6.0  0.000219783
28  5.5  0.000359025
28  7.0  9.42766e-05
28  7.5  6.40589e-05
28  8.0  4.30278e-05
28  8.5  3.04169e-05
28  9.0  2.17488e-05
28  10.5  8.4597e-06
28  9.5  1.55578e-05
30  0.2  0.327185
28  10.0  1.12788e-05
30  0.3  0.452393
28  11.0  6.27896e-06
30  0.4  0.519671
30  0.5  0.53194
30  0.6  0.496843
30  0.7  0.437363
30  0.8  0.368222
30  0.9  0.306971
30  1.0  0.248071
30  1.1  0.202731
30  1.2  0.15938
28  11.5  4.71835e-06
30  1.3  0.130945
30  1.4  0.106774
30  1.5  0.0860028
30  1.6  0.0691877
30  1.8  0.0460846
30  1.7  0.0572068
30  1.9  0.0386721
30  2.0  0.030754
30  2.5  0.0125909
30  3.0  0.0056316
30  3.5  0.00266789
28  12.0  3.53742e-06
30  4.5  0.000806864
30  5.5  0.000280146
30  4.0  0.00142256
30  5.0  0.00046442
30  6.5  0.000112083
30  6.0  0.000172759
30  7.5  4.95495e-05
30  7.0  7.37156e-05
30  8.0  3.39909e-05
30  8.5  2.38583e-05
30  10.0  8.82727e-06
30  9.0  1.69549e-05
30  9.5  1.21663e-05
32  0.2  0.292521
30  10.5  6.50876e-06
32  0.3  0.394281
30  11.5  3.68984e-06
32  0.4  0.43855
32  0.5  0.426028
32  0.6  0.387892
30  11.0  4.85398e-06
32  0.7  0.33309
32  0.8  0.269992
32  0.9  0.228509
32  1.0  0.185339
32  1.1  0.146697
32  1.2  0.119557
32  1.3  0.0954549
32  1.5  0.0626645
32  1.4  0.0771671
32  1.6  0.049739
32  1.8  0.0334149
32  1.7  0.04036
32  1.9  0.0268261
32  2.5  0.00904281
32  2.0  0.023021
32  3.0  0.00397776
32  3.5  0.00197894
32  4.5  0.000567237
30  12.0  2.7822e-06
32  4.0  0.00105362
32  5.0  0.000338316
32  5.5  0.000199945
32  6.5  7.89476e-05
32  6.0  0.000125443
32  8.5  1.69753e-05
32  7.0  5.20938e-05
32  7.5  3.49616e-05
32  8.0  2.40559e-05
32  9.5  8.61256e-06
32  9.0  1.20076e-05
32  10.0  6.29946e-06
34  0.2  0.241419
34  0.3  0.310694
32  11.0  3.51197e-06
34  0.4  0.322683
32  10.5  4.65493e-06
34  0.5  0.309098
34  0.6  0.271508
34  0.7  0.229557
34  0.8  0.183683
32  11.5  2.70196e-06
34  0.9  0.154967
34  1.0  0.12099
34  1.1  0.0973296
34  1.3  0.0630913
34  1.2  0.0781844
34  1.4  0.051128
34  1.5  0.0409296
34  1.6  0.0331783
34  1.8  0.0222484
34  1.7  0.0269913
34  1.9  0.0183092
34  2.0  0.0148445
34  2.5  0.00597434
34  3.0  0.00268142
34  3.5  0.00129393
32  12.0  1.98117e-06
34  5.0  0.000214435
34  4.0  0.000659313
34  4.5  0.000371193
34  5.5  0.00012946
34  6.0  8.02299e-05
34  6.5  5.10726e-05
34  7.0  3.3885e-05
34  7.5  2.26764e-05
34  8.0  1.54561e-05
34  9.0  7.6848e-06
34  8.5  1.09222e-05
34  10.0  4.06632e-06
34  9.5  5.5126e-06
34  10.5  2.97951e-06
4  0.2  0.418473
4  0.3  0.606605
4  0.4  0.76422
4  0.5  0.85276
4  0.6  0.849191
4  0.7  0.805127
4  0.8  0.715294
34  11.5  1.71796e-06
4  0.9  0.623972
4  1.0  0.526677
4  1.1  0.443566
4  1.2  0.365802
4  1.3  0.304206
4  1.4  0.247243
4  1.5  0.201431
34  11.0  2.23636e-06
4  1.6  0.166923
4  1.7  0.134358
4  1.9  0.0948692
4  1.8  0.112817
4  2.0  0.0762151
4  3.0  0.014639
4  2.5  0.0318206
4  3.5  0.00701593
4  5.0  0.00118303
34  12.0  1.2782e-06
4  4.0  0.00364135
4  4.5  0.00201328
4  5.5  0.000723557
4  6.5  0.000290681
4  6.0  0.000452525
4  7.5  0.000129311
4  7.0  0.000188456
4  8.5  6.14457e-05
4  8.0  8.82321e-05
4  9.0  4.41767e-05
4  9.5  3.1541e-05
4  10.0  2.30641e-05
6  0.2  0.411108
6  0.3  0.605257
6  0.4  0.756309
6  0.5  0.832258
6  0.6  0.846822
6  0.7  0.7933
4  11.0  1.30341e-05
6  0.8  0.712381
6  0.9  0.625532
4  10.5  1.71716e-05
6  1.0  0.520316
6  1.1  0.441239
6  1.2  0.36223
6  1.3  0.299519
4  11.5  9.85933e-06
6  1.4  0.245358
6  1.5  0.201478
6  1.6  0.165756
6  1.7  0.135977
6  1.8  0.112006
6  1.9  0.0927788
6  2.0  0.0757789
6  2.5  0.0312067
6  3.0  0.0141378
6  3.5  0.00698624
4  12.0  7.51077e-06
6  4.0  0.00361982
6  4.5  0.00202703
6  5.0  0.00118537
6  5.5  0.000719393
6  6.0  0.000448865
6  7.5  0.000127417
6  6.5  0.000290734
6  7.0  0.000184604
6  8.0  8.54421e-05
6  9.0  4.44381e-05
6  8.5  6.14728e-05
6  9.5  3.14693e-05
6  10.0  2.26948e-05
8  0.2  0.423106
8  0.3  0.605562
8  0.4  0.76028
8  0.5  0.837315
6  10.5  1.71271e-05
8  0.6  0.837337
8  0.7  0.79234
8  0.8  0.704734
8  0.9  0.60638
8  1.0  0.523169
8  1.1  0.435308
6  11.0  1.29214e-05
8  1.3  0.298357
8  1.2  0.360738
8  1.4  0.24435
8  1.5  0.199527
8  1.7  0.136139
8  1.6  0.163505
8  1.8  0.111709
8  1.9  0.0915772
8  3.0  0.0142401
8  2.0  0.0758206
8  2.5  0.0311805
6  11.5  9.49084e-06
8  3.5  0.00691054
6  12.0  7.11613e-06
8  4.0  0.00366254
8  4.5  0.00200403
8  5.0  0.00117425
8  5.5  0.000693445
8  6.0  0.000438972
8  6.5  0.000283331
8  7.5  0.000126369
8  7.0  0.00018607
8  8.0  8.67666e-05
8  8.5  5.93942e-05
8  9.0  4.32223e-05
8  9.5  3.08215e-05
8  10.0  2.25389e-05
8  11.0  1.2395e-05
8  10.5  1.71605e-05
8  11.5  9.3363e-06
8  12.0  7.13464e-06
