# exclusive D0 cross section, Pb target, HymnD fragmentation, An0n channel
# generated      : 2026-10-04 20:52:05 EEST
# flux_model     : STARLIGHT (TARGET=AA)
# scale_factor   : 2.0 (fragmentation scale Q = SCALE_FACTOR * m_T)
# calls          : 1e5 below 3.0 GeV, 2e3 above (see EXCL_PT_THRESHOLD) (VEGAS calls per point, see CALLS_EXCL/CALLS_EXCL_FACTORIZED/CALLS_DIFF)
# dipole samples : data/Pb/mve/glauber_mve_<b_d>
# pD0 sweep      : 0.2 0.3 0.4 0.5 0.6 0.7 0.8 0.9 1.0 1.1 1.2 1.3 1.4 1.5 1.6 1.7 1.8 1.9 2.0 2.5 3.0 3.5 4.0 4.5 5.0 5.5 6.0 6.5 7.0 7.5 8.0 8.5 9.0 9.5 10.0 10.5 11.0 11.5 12.0
# fixed rapidity y : -2.5
# ============================================================
# b_d  pD0  dsigma_dyd2pD0
0  0.2  8.68035
0  0.4  4.30195
0  0.3  6.1108
0  0.5  3.0104
0  0.6  2.08066
0  0.8  0.993629
0  0.7  1.43439
0  0.9  0.682693
0  1.0  0.469554
0  1.1  0.326579
0  1.2  0.228547
0  1.3  0.161496
0  1.4  0.1115
0  1.7  0.0442708
0  1.5  0.0796605
0  1.8  0.032734
0  1.6  0.0576819
0  1.9  0.0233493
0  2.5  0.00338676
0  2.0  0.0176676
0  3.0  0.00105213
0  4.0  0.000118601
0  3.5  0.000335636
0  4.5  4.6395e-05
0  6.0  4.42814e-06
0  5.0  1.97716e-05
0  5.5  9.16721e-06
0  6.5  2.27633e-06
0  8.0  3.90154e-07
0  7.0  1.22072e-06
0  7.5  6.79667e-07
0  10.0  5.71337e-08
0  8.5  2.34724e-07
0  9.0  1.42198e-07
10  0.2  8.09992
0  9.5  8.93013e-08
10  0.3  5.69567
10  0.4  3.99751
0  11.0  2.51347e-08
10  0.5  2.79154
10  0.7  1.3261
10  0.6  1.92589
10  0.8  0.910286
0  10.5  3.75539e-08
10  0.9  0.62308
10  1.0  0.43031
10  1.1  0.29721
10  1.2  0.207653
10  1.3  0.145379
10  1.4  0.101796
10  1.5  0.0718644
10  1.7  0.0369346
10  1.6  0.0525027
10  1.8  0.0288165
10  1.9  0.020744
10  2.5  0.0036521
10  2.0  0.0162614
0  11.5  1.68902e-08
10  3.0  0.000948098
0  12.0  1.16461e-08
10  4.0  0.000106745
10  3.5  0.000302302
10  5.0  1.79655e-05
10  4.5  4.24878e-05
10  5.5  8.26734e-06
10  7.5  6.05962e-07
10  6.0  4.02498e-06
10  6.5  2.05667e-06
10  7.0  1.10161e-06
10  8.0  3.47912e-07
10  8.5  2.10092e-07
10  9.0  1.28423e-07
10  10.5  3.39928e-08
10  9.5  8.08848e-08
12  0.2  7.85058
12  0.3  5.5079
10  10.0  5.17482e-08
12  0.4  3.86136
12  0.5  2.69266
10  12.0  1.04665e-08
12  0.6  1.85488
12  0.7  1.27292
12  0.8  0.877639
12  0.9  0.596634
12  1.0  0.412174
12  1.1  0.284511
12  1.2  0.197869
12  1.3  0.13804
12  1.4  0.0968275
12  1.5  0.0713303
12  1.6  0.0497439
12  1.7  0.0378412
12  1.8  0.0273736
10  11.0  2.25948e-08
12  2.0  0.0145171
12  1.9  0.0209954
12  2.5  0.00252746
10  11.5  1.52861e-08
12  3.0  0.000901538
12  4.0  0.000101505
12  5.0  1.69342e-05
12  3.5  0.000287342
12  4.5  3.99681e-05
12  6.0  3.80312e-06
12  5.5  7.87259e-06
12  6.5  1.96486e-06
12  7.0  1.04971e-06
12  8.0  3.36171e-07
12  7.5  5.84804e-07
12  10.0  4.92462e-08
12  8.5  2.0018e-07
12  9.0  1.22397e-07
14  0.2  7.52445
12  9.5  7.71274e-08
14  0.3  5.28289
14  0.4  3.69306
14  0.5  2.56594
12  11.0  2.15893e-08
12  12.0  9.96916e-09
14  0.6  1.76822
14  0.7  1.21303
14  0.8  0.829064
14  0.9  0.568229
14  1.0  0.393829
12  10.5  3.22746e-08
14  1.1  0.272501
14  1.2  0.187597
14  1.3  0.132367
14  1.5  0.0662593
14  1.4  0.0931588
14  1.6  0.0476284
14  1.7  0.0341187
14  1.8  0.0248722
14  1.9  0.0203445
14  2.0  0.0135842
14  2.5  0.00301474
12  11.5  1.45702e-08
14  3.0  0.000846867
14  4.0  9.53665e-05
14  3.5  0.000270268
14  4.5  3.76223e-05
14  5.0  1.61887e-05
14  5.5  7.40352e-06
14  6.0  3.59456e-06
14  6.5  1.84407e-06
14  7.0  9.87825e-07
14  7.5  5.48355e-07
14  8.0  3.16936e-07
14  10.0  4.64121e-08
14  8.5  1.89703e-07
14  9.0  1.15583e-07
14  9.5  7.23919e-08
16  0.2  7.14961
16  0.3  5.00403
16  0.4  3.50444
14  11.0  2.03317e-08
14  12.0  9.39198e-09
16  0.5  2.42824
16  0.6  1.66781
16  0.7  1.14304
16  0.8  0.77819
16  0.9  0.537474
16  1.1  0.254387
16  1.0  0.36627
14  10.5  3.03782e-08
16  1.2  0.175659
16  1.3  0.125067
16  1.4  0.0868718
16  1.5  0.0608539
16  1.6  0.0443962
16  1.7  0.0329588
16  1.8  0.0236597
16  2.0  0.0128087
16  1.9  0.0171916
16  2.5  0.00333095
14  11.5  1.37172e-08
16  4.0  8.82147e-05
16  3.5  0.00024976
16  5.0  1.47555e-05
16  3.0  0.000800576
16  4.5  3.51137e-05
16  6.0  3.29553e-06
16  5.5  6.86104e-06
16  6.5  1.70422e-06
16  7.0  9.1478e-07
16  7.5  5.10005e-07
16  8.0  2.90655e-07
16  8.5  1.74825e-07
16  9.0  1.06948e-07
18  0.2  6.69499
16  9.5  6.70194e-08
18  0.3  4.66653
18  0.4  3.26891
16  10.0  4.31511e-08
18  0.5  2.26186
18  0.6  1.55274
16  12.0  8.69563e-09
18  0.7  1.06127
18  0.8  0.722573
18  0.9  0.49621
18  1.0  0.338746
18  1.1  0.233395
16  10.5  2.82876e-08
18  1.2  0.160565
18  1.3  0.111717
18  1.4  0.0801172
18  1.5  0.0570241
18  1.6  0.0403475
18  1.7  0.0292305
18  1.9  0.0165954
18  1.8  0.0221709
18  2.0  0.0119579
16  11.0  1.88129e-08
18  2.5  0.00264873
16  11.5  1.27609e-08
18  4.0  8.0142e-05
18  3.0  0.000722984
18  5.0  1.34146e-05
18  3.5  0.000226925
18  4.5  3.16774e-05
18  5.5  6.24559e-06
18  6.0  3.03961e-06
18  6.5  1.55492e-06
18  8.5  1.57305e-07
18  8.0  2.6723e-07
18  7.0  8.33249e-07
18  7.5  4.63707e-07
18  9.0  9.74362e-08
2  0.2  8.65547
18  9.5  6.11444e-08
2  0.3  6.08491
2  0.4  4.28628
18  10.0  3.92232e-08
2  0.5  2.99754
2  0.6  2.07557
2  0.7  1.43065
2  0.8  0.984046
2  0.9  0.680251
18  10.5  2.56165e-08
2  1.0  0.468492
2  1.2  0.226122
2  1.1  0.324278
18  11.5  1.16461e-08
2  1.3  0.163783
2  1.4  0.114301
2  1.5  0.0785193
2  1.6  0.0585337
2  1.7  0.0424248
18  11.0  1.71794e-08
2  1.8  0.0313875
2  1.9  0.0229555
2  2.0  0.0177339
2  2.5  0.00298762
2  3.0  0.00104782
18  12.0  8.01575e-09
2  4.0  0.000118122
2  3.5  0.000334219
2  4.5  4.62123e-05
2  6.0  4.4126e-06
2  5.0  1.9696e-05
2  5.5  9.12297e-06
2  6.5  2.26788e-06
2  8.0  3.88764e-07
2  7.0  1.21603e-06
2  7.5  6.77059e-07
2  10.0  5.69135e-08
2  8.5  2.31661e-07
2  9.0  1.41615e-07
20  0.2  6.16633
2  9.5  8.89702e-08
20  0.3  4.30192
20  0.5  2.0706
20  0.4  2.99846
2  11.0  2.50219e-08
2  12.0  1.15201e-08
20  0.6  1.41158
20  0.7  0.960419
2  10.5  3.72664e-08
20  0.8  0.651674
20  0.9  0.445921
20  1.0  0.304827
20  1.1  0.208673
20  1.2  0.144413
20  1.3  0.101357
20  1.4  0.0697886
20  1.5  0.0500528
20  1.6  0.0361328
20  1.8  0.0201874
20  1.7  0.026273
20  1.9  0.0149686
20  2.5  0.00225315
20  2.0  0.0104263
2  11.5  1.6878e-08
20  4.0  7.10611e-05
20  4.5  2.78056e-05
20  3.5  0.000201044
20  5.0  1.19171e-05
20  3.0  0.000634845
20  5.5  5.54923e-06
20  7.5  4.08256e-07
20  6.0  2.69587e-06
20  6.5  1.38097e-06
20  9.0  8.56404e-08
20  8.0  2.38332e-07
20  7.0  7.42165e-07
20  10.0  3.49283e-08
20  8.5  1.42204e-07
22  0.2  5.54269
20  9.5  5.44344e-08
22  0.3  3.8578
22  0.4  2.67918
22  0.5  1.83973
22  0.6  1.25643
22  0.7  0.84853
22  0.8  0.575534
22  0.9  0.391428
22  1.0  0.266602
20  10.5  2.29038e-08
22  1.1  0.182417
22  1.2  0.125479
22  1.3  0.0867788
22  1.4  0.0602806
22  1.5  0.0446423
22  1.6  0.031452
22  1.7  0.022387
22  1.8  0.017044
20  11.0  1.52791e-08
22  2.5  0.00219712
22  1.9  0.0128278
22  2.0  0.00978911
20  11.5  1.03449e-08
20  12.0  7.13669e-09
22  3.0  0.000544221
22  4.0  6.10699e-05
22  4.5  2.39106e-05
22  5.0  1.02502e-05
22  3.5  0.000172783
22  7.5  3.51599e-07
22  5.5  4.77466e-06
22  6.0  2.32629e-06
22  6.5  1.18977e-06
22  8.5  1.20645e-07
22  7.0  6.39059e-07
22  8.0  2.01574e-07
22  9.0  7.45513e-08
22  11.0  1.31313e-08
22  9.5  4.69993e-08
24  0.2  4.82006
24  0.3  3.34207
24  0.4  2.30348
22  10.0  3.00683e-08
24  0.5  1.57879
22  12.0  6.11676e-09
24  0.6  1.06861
22  10.5  1.97011e-08
24  0.7  0.71912
24  0.8  0.484782
24  0.9  0.330056
24  1.0  0.22394
24  1.1  0.153135
24  1.2  0.104542
24  1.3  0.0726231
24  1.4  0.0516332
24  1.5  0.0357534
24  1.6  0.0264697
24  1.7  0.0189184
24  1.8  0.0136413
24  1.9  0.0102748
24  2.0  0.00764224
24  2.5  0.00161022
22  11.5  8.9034e-09
24  4.0  5.02288e-05
24  4.5  1.96403e-05
24  3.0  0.000449959
24  3.5  0.000141456
24  5.0  8.56891e-06
24  5.5  3.93382e-06
24  6.0  1.91845e-06
24  6.5  9.79011e-07
24  8.5  9.94055e-08
24  7.0  5.24825e-07
24  9.0  6.09115e-08
24  7.5  2.92958e-07
24  8.0  1.69222e-07
24  10.5  1.61921e-08
24  11.0  1.08254e-08
24  9.5  3.88609e-08
26  0.2  3.97325
26  0.3  2.73789
24  10.0  2.48481e-08
26  0.4  1.88444
26  0.5  1.28056
26  0.6  0.860747
26  0.7  0.577121
26  0.8  0.389984
26  0.9  0.261578
26  1.0  0.175851
26  1.1  0.119887
26  1.2  0.0823122
26  1.3  0.0578174
26  1.4  0.0395484
26  1.5  0.0282584
26  1.7  0.0144387
26  1.6  0.0197777
26  1.8  0.0112343
26  1.9  0.00802198
26  2.5  0.0011968
26  2.0  0.00554033
24  11.5  7.34119e-09
24  12.0  5.06338e-09
26  4.0  3.83567e-05
26  3.0  0.000343261
26  3.5  0.00010868
26  4.5  1.5304e-05
26  5.0  6.59927e-06
26  5.5  3.02917e-06
26  6.0  1.4775e-06
26  6.5  7.5563e-07
26  8.5  7.66251e-08
26  7.0  3.97496e-07
26  7.5  2.2679e-07
26  8.0  1.30198e-07
26  10.5  1.25367e-08
26  9.0  4.77664e-08
26  11.0  8.3903e-09
26  9.5  3.00653e-08
28  0.2  3.03793
26  10.0  1.92064e-08
28  0.3  2.07773
28  0.4  1.42051
28  0.5  0.95702
28  0.6  0.637618
28  0.7  0.425789
28  0.8  0.281824
28  0.9  0.188437
28  1.0  0.127177
26  11.5  5.74227e-09
28  1.2  0.0586938
28  1.1  0.0852732
28  1.3  0.0399087
28  1.5  0.0199518
28  1.4  0.0286039
28  1.6  0.0135593
28  1.8  0.00777097
28  1.7  0.0105859
28  2.0  0.00380638
28  1.9  0.00544246
28  2.5  0.000890438
28  3.0  0.000237494
26  12.0  3.91428e-09
28  4.0  2.6763e-05
28  4.5  1.05344e-05
28  3.5  7.56557e-05
28  6.0  1.01637e-06
28  5.0  4.61306e-06
28  5.5  2.12039e-06
28  7.5  1.57065e-07
28  6.5  5.31339e-07
28  9.0  3.31429e-08
28  7.0  2.85e-07
28  8.0  9.16021e-08
28  8.5  5.47629e-08
30  0.2  2.06283
28  9.5  2.10741e-08
30  0.3  1.40109
28  10.0  1.34933e-08
30  0.4  0.943988
30  0.5  0.62967
30  0.6  0.415193
30  0.7  0.273486
30  0.8  0.180292
28  10.5  8.8462e-09
30  0.9  0.119402
30  1.0  0.0802262
30  1.1  0.0539882
30  1.2  0.0363345
30  1.3  0.0246884
30  1.4  0.0170651
30  1.5  0.0120623
28  11.0  5.90152e-09
30  1.6  0.00884264
30  1.7  0.0063952
30  1.8  0.00490474
30  1.9  0.00342818
30  2.0  0.00240944
30  2.5  0.00037241
28  11.5  3.98885e-09
28  12.0  2.75632e-09
30  4.0  1.6276e-05
30  4.5  6.40312e-06
30  3.0  0.000144599
30  3.5  4.58722e-05
30  5.0  2.7807e-06
30  5.5  1.2923e-06
30  6.0  6.25872e-07
30  6.5  3.22789e-07
30  7.0  1.74265e-07
30  7.5  9.68926e-08
30  8.5  3.36096e-08
30  8.0  5.5998e-08
30  9.0  2.05127e-08
30  10.0  8.27447e-09
30  9.5  1.288e-08
32  0.2  1.18564
32  0.3  0.795491
32  0.4  0.531251
32  0.5  0.349787
32  0.6  0.227794
32  0.7  0.148619
32  0.8  0.0968489
32  0.9  0.06366
32  1.1  0.027928
32  1.0  0.0423337
30  10.5  5.41465e-09
32  1.3  0.0131429
32  1.2  0.0191377
32  1.4  0.00887476
30  11.0  3.606e-09
32  1.5  0.00620342
32  1.6  0.00454754
32  1.7  0.00333407
32  1.9  0.00168923
32  1.8  0.00236094
32  2.0  0.00111679
32  2.5  0.000195768
30  11.5  2.45192e-09
32  3.0  7.19582e-05
30  12.0  1.6868e-09
32  4.5  3.23714e-06
32  5.0  1.38934e-06
32  3.5  2.31396e-05
32  4.0  8.21672e-06
32  6.0  3.14657e-07
32  5.5  6.54079e-07
32  7.0  8.71993e-08
32  6.5  1.64094e-07
32  7.5  4.91352e-08
32  8.0  2.84941e-08
32  10.0  4.19061e-09
32  8.5  1.69758e-08
32  9.0  1.04251e-08
32  9.5  6.56402e-09
4  0.2  8.58906
4  0.3  6.03356
32  12.0  8.53704e-10
4  0.4  4.25982
32  11.0  1.85407e-09
4  0.5  2.98391
4  0.6  2.05839
4  0.7  1.41626
32  10.5  2.76365e-09
4  0.8  0.974953
4  0.9  0.673561
4  1.0  0.467309
4  1.1  0.323672
4  1.2  0.223822
4  1.3  0.157357
4  1.4  0.109516
4  1.5  0.0804653
4  1.6  0.0580317
4  1.8  0.0314196
4  1.7  0.0414558
4  1.9  0.0245028
4  2.0  0.016986
4  2.5  0.00503605
32  11.5  1.24476e-09
4  3.0  0.00103565
4  4.0  0.000116596
4  3.5  0.000330363
4  4.5  4.56868e-05
4  6.0  4.36159e-06
4  5.0  1.94797e-05
4  5.5  9.01905e-06
4  7.5  6.60065e-07
4  6.5  2.24241e-06
4  8.5  2.26195e-07
4  8.0  3.83701e-07
4  7.0  1.20135e-06
4  10.0  5.62651e-08
4  9.0  1.39973e-07
6  0.2  8.47474
4  9.5  8.79008e-08
6  0.3  5.95111
6  0.4  4.198
6  0.5  2.93264
6  0.6  2.02605
6  0.7  1.39451
4  10.5  3.68988e-08
6  0.8  0.961116
6  0.9  0.661687
6  1.0  0.456397
6  1.1  0.316316
6  1.3  0.156597
6  1.2  0.220852
6  1.5  0.0781415
6  1.4  0.108223
4  11.0  2.46282e-08
6  1.6  0.0550277
6  1.7  0.0400332
6  1.8  0.0306481
6  1.9  0.022335
6  2.0  0.0166576
6  2.5  0.00256052
4  11.5  1.67177e-08
6  3.0  0.00101513
6  4.0  0.000114337
4  12.0  1.1458e-08
6  3.5  0.00032374
6  4.5  4.54235e-05
6  5.0  1.91057e-05
6  5.5  8.84025e-06
6  7.5  6.4728e-07
6  6.0  4.2951e-06
6  6.5  2.14739e-06
6  7.0  1.17726e-06
6  8.0  3.77012e-07
6  8.5  2.25054e-07
6  9.0  1.3721e-07
8  0.2  8.31316
6  9.5  8.61715e-08
8  0.3  5.83254
6  10.0  5.52319e-08
8  0.4  4.11177
8  0.6  1.99039
8  0.5  2.87229
6  10.5  3.60856e-08
8  0.7  1.3624
8  0.8  0.936387
8  0.9  0.646134
8  1.0  0.444642
8  1.1  0.308419
8  1.2  0.213364
8  1.3  0.149363
8  1.4  0.10617
8  1.5  0.0754671
8  1.6  0.0550721
8  1.7  0.0398835
6  11.0  2.42125e-08
8  1.9  0.0222683
8  1.8  0.0301686
8  2.0  0.0161624
8  2.5  0.00250335
6  11.5  1.63043e-08
8  3.0  0.000986462
6  12.0  1.12335e-08
8  4.0  0.000110964
8  3.5  0.000314154
8  5.0  1.86729e-05
8  6.0  4.14765e-06
8  4.5  4.41183e-05
8  5.5  8.58724e-06
8  6.5  2.13361e-06
8  7.0  1.14374e-06
8  7.5  6.37515e-07
8  8.5  2.18409e-07
8  8.0  3.65923e-07
8  9.0  1.33489e-07
8  11.0  2.33945e-08
8  10.5  3.52152e-08
8  9.5  8.37754e-08
8  10.0  5.3646e-08
8  12.0  1.09e-08
8  11.5  1.58432e-08
