# exclusive D0 cross section, Pb target, HymnD fragmentation, An0n channel
# generated      : 2026-10-04 20:52:05 EEST
# flux_model     : STARLIGHT (TARGET=AA)
# scale_factor   : 2.0 (fragmentation scale Q = SCALE_FACTOR * m_T)
# calls          : 1e5 below 3.0 GeV, 2e3 above (see EXCL_PT_THRESHOLD) (VEGAS calls per point, see CALLS_EXCL/CALLS_EXCL_FACTORIZED/CALLS_DIFF)
# dipole samples : data/Pb/mve/glauber_mve_<b_d>
# pD0 sweep      : 0.2 0.3 0.4 0.5 0.6 0.7 0.8 0.9 1.0 1.1 1.2 1.3 1.4 1.5 1.6 1.7 1.8 1.9 2.0 2.5 3.0 3.5 4.0 4.5 5.0 5.5 6.0 6.5 7.0 7.5 8.0 8.5 9.0 9.5 10.0 10.5 11.0 11.5 12.0
# fixed rapidity y : 1.0
# ============================================================
# b_d  pD0  dsigma_dyd2pD0
0  0.5  1.58752
0  0.2  4.36456
0  0.6  1.1262
0  0.3  3.11098
0  0.4  2.23348
0  0.7  0.791173
0  1.0  0.276564
0  0.8  0.555789
0  0.9  0.390778
0  1.1  0.194667
0  1.3  0.0999393
0  1.2  0.137814
0  1.4  0.0718708
0  1.6  0.0382227
0  1.5  0.0516387
0  1.7  0.0271664
0  1.9  0.0153375
0  1.8  0.0207031
0  2.5  0.00280997
0  2.0  0.0113463
0  3.5  0.000249131
0  4.0  8.58398e-05
0  4.5  3.21074e-05
0  5.0  1.28975e-05
0  3.0  0.000795203
0  6.0  2.48479e-06
0  5.5  5.53649e-06
0  6.5  1.17784e-06
0  8.0  1.59327e-07
0  7.0  5.81941e-07
0  7.5  2.99177e-07
0  8.5  8.71311e-08
0  10.0  1.69115e-08
0  9.5  2.84867e-08
0  9.0  4.93303e-08
10  0.2  4.14656
0  10.5  1.02299e-08
10  0.3  2.95116
10  0.4  2.11532
10  0.5  1.50184
10  0.6  1.06159
10  0.7  0.745909
10  0.8  0.522928
10  1.0  0.258779
10  0.9  0.366672
0  11.0  6.3128e-09
10  1.1  0.182263
10  1.2  0.130932
10  1.3  0.0931159
10  1.4  0.0671644
10  1.5  0.0481878
10  1.6  0.0353027
10  1.7  0.0253279
10  1.9  0.0141618
10  1.8  0.0187023
10  2.0  0.0105347
10  2.5  0.00264171
0  12.0  2.54583e-09
0  11.5  3.98497e-09
10  4.5  2.95408e-05
10  3.5  0.000228593
10  4.0  7.86692e-05
10  3.0  0.000730981
10  5.0  1.17833e-05
10  5.5  5.03279e-06
10  6.0  2.26672e-06
10  6.5  1.07394e-06
10  8.0  1.44981e-07
10  7.5  2.72506e-07
10  7.0  5.32924e-07
10  8.5  7.92731e-08
10  10.0  1.53742e-08
10  9.5  2.58842e-08
10  9.0  4.48675e-08
12  0.2  4.04265
12  0.3  2.8782
12  0.4  2.06155
12  0.5  1.46205
12  0.6  1.03253
12  0.7  0.724038
12  0.9  0.357295
12  0.8  0.507291
12  1.0  0.249626
10  11.0  5.73366e-09
12  1.2  0.125967
12  1.1  0.176014
12  1.3  0.0895339
12  1.4  0.0633278
12  1.6  0.0339452
12  1.5  0.0457517
12  1.7  0.0250295
10  10.5  9.32109e-09
12  1.8  0.0186459
12  1.9  0.0135612
12  2.5  0.00258559
12  2.0  0.010089
10  12.0  2.30988e-09
10  11.5  3.61762e-09
12  3.0  0.000698446
12  3.5  0.000219364
12  4.0  7.54222e-05
12  5.0  1.13241e-05
12  4.5  2.81733e-05
12  5.5  4.82143e-06
12  6.0  2.16987e-06
12  6.5  1.02715e-06
12  8.0  1.38668e-07
12  7.5  2.60606e-07
12  7.0  5.09748e-07
12  8.5  7.57823e-08
12  10.0  1.46854e-08
12  9.5  2.47456e-08
12  9.0  4.28833e-08
14  0.2  3.92416
14  0.3  2.79059
14  0.4  1.99464
14  0.5  1.41609
14  0.6  0.996893
14  0.7  0.699044
14  0.8  0.489276
14  0.9  0.342633
12  11.0  5.4759e-09
14  1.2  0.120944
14  1.0  0.239886
14  1.1  0.169214
14  1.4  0.0615332
14  1.3  0.0848738
14  1.5  0.0449326
14  1.6  0.0327019
12  10.5  8.90755e-09
14  1.7  0.0239016
14  1.8  0.0172765
14  1.9  0.0129356
14  2.0  0.00958946
14  2.5  0.00234865
12  12.0  2.2058e-09
12  11.5  3.45472e-09
14  3.0  0.000664178
14  3.5  0.00020836
14  4.0  7.16183e-05
14  5.0  1.07353e-05
14  4.5  2.68293e-05
14  5.5  4.56716e-06
14  6.0  2.05463e-06
14  7.5  2.47347e-07
14  6.5  9.72567e-07
14  7.0  4.8225e-07
14  8.0  1.30671e-07
14  8.5  7.16286e-08
14  10.0  1.38674e-08
14  9.0  4.03438e-08
14  9.5  2.33831e-08
16  0.2  3.77537
16  0.3  2.68202
14  11.5  3.25665e-09
16  0.4  1.91393
16  0.5  1.35808
16  0.6  0.954375
16  0.7  0.667032
16  0.8  0.466163
16  0.9  0.326009
16  1.0  0.229282
16  1.1  0.161849
14  11.0  5.16882e-09
16  1.2  0.114953
16  1.3  0.0813495
16  1.4  0.0576669
16  1.5  0.0415607
16  1.6  0.0303451
16  1.7  0.022078
14  10.5  8.41192e-09
16  1.8  0.0162795
16  2.0  0.0086947
16  1.9  0.0122145
16  2.5  0.00226581
14  12.0  2.08196e-09
16  3.0  0.000623676
16  3.5  0.000195472
16  4.0  6.71244e-05
16  4.5  2.49687e-05
16  5.0  1.00252e-05
16  5.5  4.26838e-06
16  6.0  1.92003e-06
16  6.5  9.07445e-07
16  7.0  4.4808e-07
16  7.5  2.29891e-07
16  8.0  1.21868e-07
16  8.5  6.67839e-08
16  9.0  3.76565e-08
16  9.5  2.17875e-08
16  11.0  4.831e-09
18  0.2  3.5978
18  0.3  2.55032
18  0.4  1.81803
18  0.5  1.2854
18  0.6  0.902572
18  0.7  0.631016
18  0.8  0.44074
18  0.9  0.307285
16  10.0  1.29341e-08
18  1.1  0.152294
18  1.0  0.214923
18  1.2  0.107695
18  1.3  0.0752785
18  1.4  0.053892
18  1.6  0.0288497
18  1.5  0.0397178
18  1.7  0.0209582
18  1.8  0.0154236
16  10.5  7.8031e-09
18  1.9  0.0114065
18  2.0  0.00844493
18  2.5  0.00202953
16  12.0  1.93865e-09
16  11.5  3.03541e-09
18  4.5  2.30644e-05
18  3.0  0.000577752
18  3.5  0.000180554
18  4.0  6.1927e-05
18  5.5  3.93613e-06
18  5.0  9.2182e-06
18  6.0  1.76539e-06
18  6.5  8.33814e-07
18  7.0  4.11581e-07
18  7.5  2.10875e-07
18  8.0  1.11842e-07
18  8.5  6.11943e-08
18  10.0  1.18067e-08
18  9.5  1.99548e-08
18  9.0  3.46091e-08
2  0.2  4.35666
2  0.3  3.10617
2  0.4  2.22692
2  0.5  1.58511
2  0.6  1.12116
2  0.7  0.789133
2  0.8  0.556079
2  0.9  0.389951
2  1.0  0.274726
18  11.0  4.40417e-09
2  1.1  0.193953
2  1.3  0.0996617
2  1.2  0.137392
2  1.4  0.0703002
2  1.5  0.0508953
2  1.6  0.0377471
2  1.7  0.0277926
2  1.8  0.0208042
18  10.5  7.1712e-09
2  1.9  0.0151133
2  2.0  0.0113407
2  2.5  0.00271993
18  12.0  1.77288e-09
18  11.5  2.77676e-09
2  3.5  0.000248319
2  4.0  8.55543e-05
2  4.5  3.19977e-05
2  3.0  0.000792733
2  5.0  1.28539e-05
2  6.0  2.47613e-06
2  6.5  1.17364e-06
2  5.5  5.51699e-06
2  8.0  1.58755e-07
2  7.0  5.79894e-07
2  7.5  2.98042e-07
2  8.5  8.68188e-08
2  10.0  1.68505e-08
2  9.5  2.83824e-08
2  9.0  4.91563e-08
20  0.2  3.38494
20  0.3  2.39639
2  10.5  1.01924e-08
20  0.4  1.70654
20  0.5  1.2032
20  0.6  0.842505
20  0.7  0.587713
20  0.8  0.408884
20  0.9  0.285786
2  11.0  6.29058e-09
20  1.0  0.198798
20  1.1  0.141051
20  1.2  0.0997055
20  1.3  0.0693133
20  1.4  0.0500823
20  1.5  0.036414
20  1.6  0.0258225
20  1.7  0.0188906
20  1.8  0.0139219
20  1.9  0.0105549
20  2.0  0.00782585
20  2.5  0.00190233
2  12.0  2.53642e-09
2  11.5  3.97037e-09
20  4.5  2.08689e-05
20  3.0  0.000524232
20  3.5  0.00016353
20  4.0  5.592e-05
20  5.0  8.30962e-06
20  5.5  3.53722e-06
20  6.0  1.58828e-06
20  6.5  7.50304e-07
20  7.0  3.6966e-07
20  7.5  1.8945e-07
20  8.0  1.0036e-07
20  8.5  5.49429e-08
20  9.0  3.09334e-08
20  9.5  1.78844e-08
22  0.2  3.13094
22  0.3  2.21088
22  0.4  1.56846
22  0.5  1.10326
22  0.6  0.77148
22  0.7  0.536334
22  0.8  0.372905
22  0.9  0.258839
20  10.0  1.0608e-08
22  1.0  0.180041
22  1.1  0.127159
22  1.2  0.0898667
22  1.3  0.0623856
22  1.4  0.0448719
20  11.0  3.94077e-09
22  1.5  0.0319627
22  1.6  0.0238204
22  1.7  0.0173498
20  10.5  6.41968e-09
22  1.8  0.0124846
22  1.9  0.009323
22  2.0  0.00682367
22  2.5  0.00162751
20  12.0  1.58489e-09
22  3.0  0.000464022
20  11.5  2.48158e-09
22  4.5  1.82976e-05
22  4.0  4.92045e-05
22  3.5  0.000144166
22  5.5  3.10147e-06
22  5.0  7.28322e-06
22  6.5  6.55246e-07
22  6.0  1.39614e-06
22  7.5  1.65247e-07
22  7.0  3.24093e-07
22  8.0  8.73536e-08
22  8.5  4.7801e-08
22  9.0  2.6946e-08
22  9.5  1.55516e-08
24  0.2  2.82442
24  0.3  1.99085
24  0.4  1.40852
24  0.5  0.988124
24  0.6  0.686842
22  10.0  9.22869e-09
24  0.8  0.329403
24  0.7  0.476192
24  0.9  0.227722
24  1.0  0.158274
24  1.1  0.110264
24  1.2  0.0785161
24  1.3  0.0544692
24  1.4  0.0393208
24  1.5  0.0277572
24  1.7  0.0149737
24  1.6  0.0199918
22  10.5  5.57635e-09
24  1.9  0.00788293
24  1.8  0.0107137
22  11.5  2.14954e-09
24  2.0  0.00594247
24  2.5  0.00145081
22  11.0  3.43953e-09
22  12.0  1.37547e-09
24  3.0  0.000395407
24  4.5  1.54429e-05
24  3.5  0.000122308
24  4.0  4.16404e-05
24  5.0  6.13518e-06
24  5.5  2.60337e-06
24  6.5  5.49221e-07
24  7.0  2.70331e-07
24  6.0  1.17185e-06
24  7.5  1.38237e-07
24  8.0  7.30701e-08
24  8.5  3.9953e-08
24  9.5  1.2965e-08
24  11.0  2.85212e-09
24  10.0  7.65018e-09
24  9.0  2.25159e-08
26  0.2  2.45411
26  0.3  1.72511
26  0.4  1.21536
26  0.5  0.845926
26  0.7  0.405341
26  0.6  0.587876
26  0.8  0.279039
26  1.0  0.133147
26  0.9  0.192271
26  1.1  0.0921578
26  1.2  0.0642572
26  1.3  0.0452276
26  1.6  0.0169098
26  1.4  0.0320636
26  1.5  0.0229723
26  1.7  0.0123296
26  1.8  0.00894739
26  1.9  0.00654549
26  2.0  0.00482823
26  2.5  0.00114615
24  10.5  4.64275e-09
24  12.0  1.14209e-09
26  3.5  9.81829e-05
24  11.5  1.79455e-09
26  3.0  0.000318202
26  4.0  3.34553e-05
26  5.0  4.88142e-06
26  4.5  1.23498e-05
26  6.5  4.34423e-07
26  5.5  2.07449e-06
26  8.0  5.75959e-08
26  6.0  9.28269e-07
26  7.0  2.13219e-07
26  7.5  1.0895e-07
26  8.5  3.14389e-08
26  9.0  1.76535e-08
26  9.5  1.01723e-08
26  10.0  5.99379e-09
28  0.2  2.01604
28  0.3  1.41058
28  0.4  0.988074
28  0.5  0.68331
28  0.6  0.471688
28  0.7  0.323218
28  0.8  0.221275
28  1.0  0.105059
28  0.9  0.152025
28  1.1  0.0720051
28  1.2  0.0499734
28  1.3  0.0349285
28  1.4  0.0251531
28  1.5  0.0176105
28  1.6  0.0126036
28  1.7  0.00932494
28  1.9  0.00505255
28  1.8  0.00671235
26  10.5  3.6337e-09
28  2.0  0.0036902
28  2.5  0.000782528
26  11.0  2.2401e-09
26  12.0  8.92522e-10
28  3.5  7.26284e-05
26  11.5  1.40207e-09
28  4.0  2.4486e-05
28  3.0  0.000238259
28  5.5  1.50646e-06
28  4.5  9.0555e-06
28  5.0  3.58541e-06
28  6.0  6.71327e-07
28  6.5  3.14418e-07
28  7.0  1.53818e-07
28  7.5  7.85582e-08
28  8.0  4.14725e-08
28  9.5  7.28262e-09
28  8.5  2.25564e-08
28  9.0  1.26656e-08
30  0.2  1.52447
30  0.3  1.05981
30  0.4  0.736035
30  0.5  0.505851
30  0.6  0.345376
30  0.7  0.235297
30  0.8  0.159475
30  0.9  0.108649
28  10.0  4.30915e-09
30  1.0  0.0740946
30  1.2  0.0351034
30  1.1  0.0509561
30  1.3  0.0245425
30  1.5  0.0123471
30  1.4  0.0172411
30  1.6  0.00903366
30  1.7  0.00627066
30  1.8  0.00461416
30  1.9  0.00336165
28  10.5  2.59839e-09
30  2.0  0.00252469
30  2.5  0.000522335
28  11.0  1.59778e-09
28  12.0  6.35636e-10
28  11.5  1.00017e-09
30  3.0  0.000157273
30  3.5  4.77742e-05
30  4.5  5.85055e-06
30  4.0  1.60975e-05
30  5.0  2.30324e-06
30  5.5  9.67861e-07
30  6.0  4.30796e-07
30  7.0  9.80815e-08
30  7.5  4.99055e-08
30  6.5  2.01797e-07
30  9.0  8.01635e-09
30  8.0  2.62477e-08
30  8.5  1.42662e-08
32  0.2  1.02664
32  0.3  0.708687
30  10.5  1.62004e-09
30  9.5  4.53081e-09
32  0.4  0.486976
32  0.5  0.332015
32  0.6  0.223671
30  11.0  9.93467e-10
32  0.7  0.150603
32  0.8  0.101432
32  0.9  0.0684226
32  1.0  0.0461567
30  10.0  2.70442e-09
32  1.1  0.0314039
32  1.3  0.015144
32  1.2  0.0215891
32  1.4  0.0107021
32  1.5  0.00751098
32  1.6  0.00539523
32  1.7  0.00388118
30  11.5  6.21761e-10
32  1.8  0.00278573
32  2.0  0.00147396
32  2.5  0.000336086
32  1.9  0.00202725
30  12.0  3.96161e-10
32  3.0  8.99706e-05
32  4.0  8.94072e-06
32  4.5  3.24001e-06
32  3.5  2.70874e-05
32  5.0  1.26767e-06
32  6.0  2.3409e-07
32  6.5  1.08937e-07
32  5.5  5.31598e-07
32  8.0  1.4038e-08
32  7.0  5.29389e-08
32  7.5  2.67347e-08
32  8.5  7.59837e-09
32  9.0  4.23514e-09
32  9.5  2.42681e-09
4  0.2  4.33049
4  0.3  3.08517
4  0.4  2.21503
4  0.5  1.57457
4  0.6  1.11326
32  10.0  1.42775e-09
4  0.7  0.784802
4  0.8  0.55079
4  0.9  0.387631
4  1.0  0.272473
4  1.2  0.138841
4  1.1  0.192561
4  1.4  0.0713576
4  1.5  0.0518645
4  1.3  0.0971494
32  11.5  3.25745e-10
4  1.6  0.0366887
4  1.7  0.0277696
4  1.8  0.0204664
4  1.9  0.0148917
4  2.0  0.0111808
4  2.5  0.00275282
32  10.5  8.56507e-10
32  12.0  2.07098e-10
32  11.0  5.25446e-10
4  3.5  0.000245881
4  4.0  8.46994e-05
4  4.5  3.16664e-05
4  3.0  0.000785078
4  5.0  1.27215e-05
4  6.0  2.4501e-06
4  5.5  5.47605e-06
4  6.5  1.16109e-06
4  8.0  1.5704e-07
4  7.0  5.73771e-07
4  7.5  2.94868e-07
4  9.0  4.8378e-08
4  8.5  8.58803e-08
4  10.0  1.66948e-08
4  9.5  2.8069e-08
6  0.2  4.28885
6  0.3  3.0546
4  10.5  1.00733e-08
6  0.4  2.19014
6  0.5  1.55755
6  0.6  1.10068
6  0.7  0.775135
6  0.8  0.544056
6  0.9  0.383149
6  1.1  0.191622
6  1.0  0.269065
4  11.0  6.22186e-09
6  1.3  0.0976798
6  1.2  0.137178
6  1.5  0.050287
6  1.4  0.0687224
6  1.6  0.0369763
6  1.7  0.0263553
6  1.8  0.0196231
6  1.9  0.0147596
6  2.0  0.0111662
6  2.5  0.00269657
4  12.0  2.50807e-09
4  11.5  3.92657e-09
6  3.5  0.000241833
6  4.0  8.32752e-05
6  4.5  3.11121e-05
6  3.0  0.0007723
6  5.0  1.25626e-05
6  6.0  2.40659e-06
6  6.5  1.14031e-06
6  5.5  5.36493e-06
6  7.0  5.63615e-07
6  8.0  1.54167e-07
6  7.5  2.90314e-07
6  8.5  8.43129e-08
6  10.0  1.63643e-08
6  9.5  2.75481e-08
6  9.0  4.77407e-08
8  0.2  4.2275
8  0.3  3.00955
8  0.4  2.15129
8  0.5  1.53723
8  0.6  1.08518
8  0.7  0.76221
8  0.9  0.376499
8  0.8  0.534803
6  11.0  6.10549e-09
8  1.0  0.264095
8  1.1  0.187764
8  1.2  0.134456
8  1.4  0.0678848
8  1.3  0.0939008
8  1.5  0.0491969
8  1.6  0.0354837
8  1.8  0.0192649
8  1.7  0.0259978
6  10.5  9.91706e-09
8  1.9  0.0143488
8  2.0  0.0108492
8  2.5  0.00263048
6  12.0  2.46102e-09
6  11.5  3.85288e-09
8  3.5  0.000236077
8  4.0  8.12482e-05
8  4.5  3.03413e-05
8  3.0  0.000754399
8  5.0  1.22432e-05
8  6.0  2.34551e-06
8  7.5  2.82286e-07
8  5.5  5.22908e-06
8  6.5  1.11128e-06
8  8.0  1.50142e-07
8  7.0  5.50398e-07
8  10.0  1.59319e-08
8  9.5  2.68173e-08
8  8.5  8.21789e-08
8  9.0  4.64844e-08
8  11.0  5.94269e-09
8  10.5  9.66087e-09
8  12.0  2.39477e-09
8  11.5  3.75013e-09
