# exclusive D0 cross section, Pb target, LHAPDF fragmentation, An0n channel
# generated      : 2026-08-19 15:24:11 EEST
# calls          : 1e5 below 4.0 GeV, 2e3 above (see EXCL_PT_THRESHOLD) (VEGAS calls per point, see CALLS_EXCL/CALLS_EXCL_FACTORIZED/CALLS_DIFF)
# dipole samples : data/Pb/bk_posterior/member_0000/glauber_mve_<b>
# pD0 sweep      : 0.2 0.3 0.4 0.5 0.6 0.7 0.8 0.9 1.0 1.1 1.2 1.3 1.4 1.5 1.6 1.7 1.8 1.9 2.0 2.5 3.0 3.5 4.0 4.5 5.0 5.5 6.0 6.5 7.0 7.5 8.0 8.5 9.0 9.5 10.0 10.5 11.0 11.5 12.0
# fixed rapidity y : -1.0
# ============================================================
# b  pD0  dsigma_dyd2pD0
0  0.5  1.49995
0  0.4  1.97018
0  0.2  3.11576
0  0.3  2.51893
0  0.6  1.12045
0  0.7  0.825112
0  0.9  0.441173
0  0.8  0.604557
0  1.0  0.321097
0  1.1  0.234664
0  1.3  0.127804
0  1.2  0.172346
0  1.5  0.0697296
0  1.4  0.0937027
0  1.7  0.0401177
0  1.6  0.0518154
0  1.8  0.0294389
0  1.9  0.0226011
0  2.5  0.00466236
0  2.0  0.0170848
0  3.0  0.00152456
0  3.5  0.000438572
0  5.0  2.97668e-05
0  4.0  0.000176168
0  4.5  6.98782e-05
0  5.5  1.35174e-05
0  7.0  1.74982e-06
0  6.0  6.54677e-06
0  8.0  5.4171e-07
0  6.5  3.30808e-06
0  7.5  9.53362e-07
0  8.5  3.24076e-07
0  9.0  1.97096e-07
0  10.0  7.80296e-08
0  9.5  1.23328e-07
0  10.5  5.10687e-08
10  0.2  2.94193
0  11.0  3.40832e-08
0  12.0  1.62251e-08
10  0.3  2.37381
10  0.4  1.85129
0  11.5  2.33277e-08
10  0.5  1.40674
10  0.6  1.04696
10  0.7  0.771309
10  0.8  0.563368
10  0.9  0.409355
10  1.0  0.298331
10  1.1  0.217606
10  1.2  0.159312
10  1.3  0.116144
10  1.5  0.0648295
10  1.4  0.0861168
10  1.6  0.0488403
10  1.7  0.0366575
10  1.8  0.0278224
10  2.0  0.0158934
10  1.9  0.0207147
10  2.5  0.00416757
10  3.0  0.00116331
10  3.5  0.000345828
10  5.0  2.69687e-05
10  4.0  0.000160043
10  4.5  6.34367e-05
10  5.5  1.23126e-05
10  7.5  8.5856e-07
10  6.5  2.96408e-06
10  6.0  5.90912e-06
10  8.0  4.88282e-07
10  8.5  2.89801e-07
10  7.0  1.57868e-06
10  9.0  1.77767e-07
10  10.0  7.05983e-08
10  9.5  1.11592e-07
10  11.0  3.09644e-08
10  10.5  4.61641e-08
12  0.2  2.86056
12  0.3  2.3071
12  0.4  1.79844
12  0.5  1.36382
12  0.6  1.01564
12  0.7  0.745738
12  0.8  0.544175
10  11.5  2.11145e-08
12  0.9  0.395938
12  1.0  0.287583
12  1.1  0.210012
12  1.2  0.153461
12  1.3  0.113086
12  1.4  0.0827387
12  1.5  0.0613617
12  1.6  0.0456814
12  1.7  0.0348692
12  1.8  0.0260228
12  1.9  0.0196568
12  2.0  0.015239
12  2.5  0.00422267
12  3.0  0.00135336
12  3.5  0.000474296
10  12.0  1.47811e-08
12  4.0  0.000152059
12  4.5  6.04297e-05
12  5.0  2.57383e-05
12  5.5  1.17329e-05
12  7.0  1.49502e-06
12  6.5  2.82942e-06
12  6.0  5.63732e-06
12  8.0  4.66196e-07
12  7.5  8.21802e-07
12  8.5  2.7639e-07
12  9.0  1.6949e-07
12  10.0  6.72703e-08
12  9.5  1.06195e-07
12  10.5  4.39102e-08
14  0.2  2.76209
12  11.0  2.94207e-08
14  0.3  2.22574
14  0.4  1.73152
14  0.5  1.31324
14  0.6  0.975165
14  0.7  0.715337
14  0.8  0.520908
14  0.9  0.378313
14  1.0  0.275057
14  1.1  0.200225
14  1.2  0.146253
14  1.3  0.107662
14  1.4  0.0798003
14  1.5  0.0592952
14  1.6  0.0434175
14  1.8  0.0255792
14  1.7  0.0326138
14  2.0  0.0144004
14  1.9  0.0194506
12  11.5  2.03549e-08
14  2.5  0.00374874
14  3.0  0.00138187
14  3.5  0.000450986
12  12.0  1.40796e-08
14  4.0  0.000143513
14  4.5  5.7069e-05
14  5.0  2.41847e-05
14  5.5  1.10807e-05
14  7.0  1.40436e-06
14  6.5  2.66632e-06
14  6.0  5.31123e-06
14  8.0  4.3875e-07
14  7.5  7.74745e-07
14  8.5  2.63444e-07
14  9.0  1.59922e-07
14  9.5  9.99728e-08
14  10.0  6.41664e-08
16  0.2  2.64351
14  11.0  2.77547e-08
16  0.3  2.12855
14  10.5  4.19881e-08
16  0.4  1.65493
16  0.5  1.25148
16  0.6  0.928256
16  0.7  0.679837
16  0.8  0.493237
16  0.9  0.357904
16  1.0  0.259553
16  1.1  0.188854
16  1.2  0.13774
16  1.3  0.10101
14  11.5  1.90614e-08
16  1.4  0.0738502
16  1.5  0.054581
16  1.6  0.0407717
16  1.7  0.0312971
16  1.8  0.023663
16  2.0  0.0135748
16  1.9  0.0175087
16  2.5  0.00355574
16  3.5  0.000259548
16  3.0  0.000943776
14  12.0  1.32681e-08
16  4.0  0.000133952
16  4.5  5.31254e-05
16  5.0  2.25236e-05
16  5.5  1.02701e-05
16  7.0  1.30038e-06
16  6.5  2.47611e-06
16  7.5  7.156e-07
16  6.0  4.93323e-06
16  8.0  4.08891e-07
16  8.5  2.41807e-07
16  9.5  9.16544e-08
16  9.0  1.47201e-07
16  10.0  5.87599e-08
16  10.5  3.87573e-08
18  0.2  2.50385
18  0.3  2.01156
18  0.4  1.56126
18  0.5  1.17817
18  0.6  0.871226
18  0.7  0.636139
16  11.0  2.59788e-08
18  0.8  0.461837
18  0.9  0.333982
18  1.0  0.241624
18  1.1  0.17575
18  1.2  0.127735
18  1.3  0.0946634
18  1.4  0.0684864
18  1.6  0.0386624
18  1.5  0.0504946
16  11.5  1.77564e-08
18  1.7  0.0290625
18  1.9  0.0167158
18  1.8  0.0220316
18  2.0  0.01226
18  2.5  0.00317916
18  3.0  0.00108705
18  3.5  0.00061937
16  12.0  1.23409e-08
18  4.0  0.000121295
18  4.5  4.82748e-05
18  5.0  2.05707e-05
18  5.5  9.38527e-06
18  7.0  1.18595e-06
18  6.5  2.25946e-06
18  7.5  6.54433e-07
18  6.0  4.50467e-06
18  8.5  2.20113e-07
18  9.5  8.35741e-08
18  8.0  3.77407e-07
18  9.0  1.34046e-07
18  10.5  3.50654e-08
18  10.0  5.30584e-08
2  0.2  3.10774
2  0.3  2.51402
2  0.4  1.96568
18  11.5  1.60069e-08
2  0.5  1.49723
2  0.6  1.11549
2  0.7  0.823966
2  0.8  0.602935
2  0.9  0.439848
2  1.0  0.320731
18  11.0  2.38052e-08
2  1.1  0.234431
2  1.2  0.172052
2  1.3  0.127427
2  1.4  0.0934237
2  1.5  0.0691453
2  1.6  0.0517864
2  1.7  0.0399925
2  1.8  0.0293929
2  1.9  0.022373
2  2.0  0.017243
2  2.5  0.00457612
2  3.0  0.0013214
2  3.5  0.00049386
18  12.0  1.12478e-08
2  5.0  2.96561e-05
2  4.0  0.000175562
2  4.5  6.96572e-05
2  5.5  1.33694e-05
2  6.5  3.26517e-06
2  6.0  6.51679e-06
2  7.0  1.72978e-06
2  7.5  9.49749e-07
2  8.0  5.39597e-07
2  8.5  3.22687e-07
2  9.0  1.96335e-07
2  9.5  1.2322e-07
2  10.0  7.76016e-08
20  0.2  2.33645
2  10.5  5.16795e-08
20  0.3  1.87435
20  0.4  1.45154
20  0.5  1.09083
20  0.6  0.805122
20  0.7  0.587488
20  0.8  0.424783
20  0.9  0.306541
2  11.5  2.32427e-08
20  1.0  0.221428
20  1.1  0.160551
20  1.2  0.116301
2  11.0  3.45366e-08
20  1.3  0.0848683
20  1.4  0.0632979
2  12.0  1.61208e-08
20  1.5  0.0460077
20  1.7  0.0264479
20  1.6  0.034103
20  1.8  0.0192531
20  1.9  0.0150197
20  2.0  0.0114505
20  2.5  0.00298662
20  3.5  0.000327169
20  3.0  0.000768884
20  4.0  0.000108573
20  4.5  4.31429e-05
20  5.0  1.83226e-05
20  5.5  8.35295e-06
20  7.0  1.0615e-06
20  6.5  2.016e-06
20  7.5  5.82152e-07
20  6.0  3.99597e-06
20  8.5  1.95246e-07
20  8.0  3.36554e-07
20  9.0  1.19424e-07
20  10.0  4.79554e-08
20  9.5  7.54806e-08
20  11.0  2.08875e-08
22  0.2  2.13761
20  10.5  3.17963e-08
22  0.3  1.71085
22  0.4  1.32119
22  0.6  0.728559
22  0.5  0.990548
22  0.7  0.529086
22  0.9  0.274531
22  0.8  0.381156
22  1.1  0.141958
22  1.0  0.197633
22  1.2  0.103337
22  1.3  0.0758632
22  1.4  0.0558848
22  1.5  0.0403317
22  1.6  0.0305147
22  1.7  0.0231854
22  1.8  0.0175906
22  1.9  0.01305
22  2.5  0.00246593
22  2.0  0.00975679
22  3.0  0.000781967
22  3.5  0.000267233
20  11.5  1.4386e-08
20  12.0  1.00408e-08
22  4.0  9.4314e-05
22  4.5  3.75199e-05
22  5.0  1.58642e-05
22  5.5  7.2319e-06
22  7.0  9.16864e-07
22  6.5  1.73954e-06
22  7.5  5.04534e-07
22  6.0  3.4664e-06
22  8.5  1.68403e-07
22  8.0  2.8767e-07
22  9.5  6.42086e-08
22  10.0  4.14192e-08
22  9.0  1.0385e-07
24  0.2  1.90124
22  11.0  1.80171e-08
24  0.3  1.51591
22  10.5  2.73836e-08
24  0.4  1.1657
22  11.5  1.232e-08
24  0.5  0.871176
24  0.6  0.638
24  0.7  0.461097
24  0.8  0.331616
24  0.9  0.237334
24  1.0  0.1701
24  1.1  0.122635
24  1.2  0.0883695
24  1.3  0.0644852
24  1.4  0.0478694
24  1.5  0.0343183
24  1.6  0.0253405
24  1.7  0.0194935
24  1.9  0.011161
24  1.8  0.0142619
24  2.5  0.0021605
24  2.0  0.00824363
24  3.0  0.000806918
24  3.5  0.000199431
22  12.0  8.63214e-09
24  4.5  3.08304e-05
24  4.0  7.79433e-05
24  5.0  1.31486e-05
24  5.5  5.94679e-06
24  7.5  4.15121e-07
24  6.0  2.84872e-06
24  6.5  1.43559e-06
24  8.5  1.39227e-07
24  7.0  7.62644e-07
24  8.0  2.39272e-07
24  9.0  8.58064e-08
24  9.5  5.36899e-08
24  10.0  3.44344e-08
24  10.5  2.22156e-08
26  0.2  1.61977
26  0.3  1.28638
26  0.4  0.984358
26  0.5  0.731007
26  0.6  0.532461
26  0.7  0.38272
26  0.8  0.273659
26  0.9  0.195066
26  1.0  0.139264
26  1.1  0.0998639
26  1.2  0.0718237
26  1.3  0.052039
26  1.4  0.0382755
26  1.5  0.0276449
26  1.6  0.0209817
26  1.7  0.0154603
26  1.8  0.0113308
24  11.0  1.50793e-08
26  1.9  0.00861264
26  2.0  0.00658406
26  2.5  0.00166724
26  3.0  0.000576459
26  3.5  0.000285115
24  11.5  1.02864e-08
24  12.0  7.13154e-09
26  4.0  6.05017e-05
26  4.5  2.41898e-05
26  5.0  1.02353e-05
26  5.5  4.60516e-06
26  7.0  5.84574e-07
26  6.5  1.11263e-06
26  6.0  2.2281e-06
26  7.5  3.21087e-07
26  8.0  1.83002e-07
26  8.5  1.08205e-07
26  9.0  6.66024e-08
26  9.5  4.15462e-08
26  11.0  1.15032e-08
26  10.5  1.71555e-08
26  10.0  2.66658e-08
28  0.2  1.2934
28  0.3  1.02167
28  0.4  0.776328
28  0.5  0.572703
28  0.6  0.413399
28  0.7  0.294792
28  0.8  0.209644
28  0.9  0.148487
28  1.0  0.105636
28  1.1  0.0750788
28  1.2  0.0538209
28  1.3  0.038683
28  1.4  0.0285384
28  1.5  0.0209346
28  1.6  0.0153768
28  1.8  0.00858217
28  1.7  0.0111515
28  1.9  0.00644328
26  11.5  7.94006e-09
28  2.0  0.00496757
28  2.5  0.00117816
28  3.0  0.000397208
26  12.0  5.50788e-09
28  3.5  0.00013439
28  4.0  4.35475e-05
28  4.5  1.70969e-05
28  5.0  7.28007e-06
28  6.0  1.56292e-06
28  5.5  3.28526e-06
28  7.5  2.26065e-07
28  8.0  1.28323e-07
28  6.5  7.84403e-07
28  8.5  7.5711e-08
28  7.0  4.16713e-07
28  10.0  1.85985e-08
28  9.0  4.68773e-08
28  9.5  2.90701e-08
30  0.2  0.938064
30  0.3  0.735445
28  12.0  3.82704e-09
30  0.4  0.553885
28  10.5  1.22672e-08
30  0.5  0.404708
30  0.6  0.289616
30  0.7  0.204667
30  0.8  0.14388
30  0.9  0.101286
30  1.0  0.0712618
30  1.1  0.0505329
28  11.0  8.20413e-09
30  1.2  0.0360734
30  1.3  0.026003
30  1.4  0.0188496
30  1.5  0.0134797
30  1.6  0.0100587
30  1.7  0.00752579
30  1.8  0.00558862
30  1.9  0.0040038
30  2.0  0.0030657
30  3.5  0.000118039
30  2.5  0.000735647
30  3.0  0.000184011
28  11.5  5.5621e-09
30  4.0  2.72621e-05
30  5.0  4.45036e-06
30  4.5  1.06556e-05
30  5.5  2.02984e-06
30  7.5  1.39127e-07
30  6.5  4.83288e-07
30  6.0  9.68235e-07
30  7.0  2.5428e-07
30  8.0  7.93574e-08
30  8.5  4.72821e-08
30  9.5  1.77419e-08
30  9.0  2.85949e-08
30  11.0  4.94048e-09
30  10.0  1.14528e-08
32  0.2  0.595979
30  11.5  3.38778e-09
32  0.3  0.462521
32  0.4  0.344164
32  0.5  0.247953
32  0.6  0.175519
30  12.0  2.33682e-09
32  0.7  0.122563
30  10.5  7.51271e-09
32  0.8  0.085394
32  0.9  0.059168
32  1.0  0.0414784
32  1.1  0.0291516
32  1.2  0.0206634
32  1.3  0.0146346
32  1.4  0.0106567
32  1.5  0.00759709
32  1.6  0.00566059
32  1.7  0.00414983
32  1.8  0.00297681
32  1.9  0.00223657
32  2.0  0.00171719
32  2.5  0.000436148
32  3.0  0.000101403
32  3.5  1.92854e-05
32  4.0  1.41673e-05
32  4.5  5.55004e-06
32  5.0  2.33671e-06
32  5.5  1.04722e-06
32  6.0  4.97972e-07
32  7.5  7.08374e-08
32  6.5  2.50067e-07
32  7.0  1.31602e-07
32  8.0  4.05784e-08
32  9.0  1.44683e-08
32  9.5  9.05111e-09
32  8.5  2.4125e-08
32  11.0  2.53117e-09
32  10.0  5.79964e-09
34  0.2  0.324234
34  0.3  0.248702
32  10.5  3.82794e-09
34  0.4  0.182607
34  0.5  0.129866
32  11.5  1.70932e-09
34  0.6  0.0904826
34  0.7  0.0624233
34  0.8  0.0428567
34  0.9  0.0294766
34  1.0  0.0203766
34  1.1  0.0141681
34  1.2  0.0100086
34  1.3  0.00704952
34  1.4  0.0049734
34  1.6  0.00262685
34  1.5  0.00354196
34  1.7  0.00198336
32  12.0  1.19349e-09
34  1.8  0.00140228
34  1.9  0.0010316
34  2.0  0.000784544
34  2.5  0.000182626
34  3.5  4.44287e-05
34  3.0  4.11164e-05
34  4.0  6.16266e-06
34  5.5  4.37779e-07
34  6.0  2.0779e-07
34  4.5  2.37983e-06
34  6.5  1.04383e-07
34  5.0  9.97272e-07
34  7.0  5.43804e-08
34  8.5  9.93723e-09
34  7.5  3.0117e-08
34  8.0  1.71212e-08
34  9.0  6.07028e-09
34  11.0  1.04037e-09
34  9.5  3.78783e-09
34  10.0  2.42122e-09
4  0.2  3.08801
34  10.5  1.58803e-09
4  0.3  2.49763
4  0.4  1.95196
4  0.5  1.48492
4  0.6  1.10622
4  0.7  0.81517
4  0.8  0.597664
4  0.9  0.435514
4  1.0  0.317728
4  1.1  0.232422
4  1.3  0.126239
4  1.2  0.170582
4  1.4  0.0924272
4  1.5  0.0694478
4  1.6  0.0521948
34  12.0  4.95269e-10
4  1.7  0.0382989
4  1.9  0.0220626
4  1.8  0.0291797
4  2.5  0.00451793
34  11.5  7.15071e-10
4  2.0  0.016953
4  3.0  0.00128232
4  3.5  0.000329097
4  5.0  2.93257e-05
4  4.0  0.000172985
4  4.5  6.88812e-05
4  5.5  1.34215e-05
4  6.0  6.43756e-06
4  6.5  3.26657e-06
4  7.5  9.34454e-07
4  8.0  5.34145e-07
4  7.0  1.71891e-06
4  8.5  3.18683e-07
4  9.0  1.93747e-07
4  9.5  1.21315e-07
4  10.5  5.03297e-08
4  10.0  7.78996e-08
6  0.2  3.05392
4  11.0  3.36289e-08
6  0.3  2.46791
6  0.4  1.93
6  0.5  1.46721
6  0.6  1.09406
6  0.7  0.806
6  0.8  0.589031
4  11.5  2.2972e-08
6  0.9  0.429537
6  1.0  0.313254
6  1.1  0.228575
6  1.3  0.124265
6  1.2  0.167837
6  1.4  0.0908721
6  1.5  0.0679658
6  1.6  0.0503944
4  12.0  1.59285e-08
6  1.8  0.0294082
6  1.7  0.0375923
6  1.9  0.0220614
6  2.0  0.0172807
6  3.0  0.00135917
6  2.5  0.00435201
6  3.5  0.000599668
6  4.0  0.000170312
6  4.5  6.75384e-05
6  5.0  2.87732e-05
6  5.5  1.31497e-05
6  6.0  6.31381e-06
6  7.0  1.67644e-06
6  7.5  9.20598e-07
6  8.0  5.23497e-07
6  6.5  3.19605e-06
6  8.5  3.11725e-07
6  9.0  1.9001e-07
6  10.0  7.53972e-08
6  9.5  1.19076e-07
8  0.2  3.00283
6  10.5  4.99503e-08
8  0.3  2.42458
8  0.4  1.89628
8  0.5  1.44071
6  11.5  2.25276e-08
8  0.6  1.07473
8  0.7  0.790741
8  0.8  0.577899
6  11.0  3.35048e-08
8  0.9  0.421022
8  1.0  0.307041
6  12.0  1.5626e-08
8  1.1  0.223585
8  1.2  0.163984
8  1.3  0.119961
8  1.4  0.0888576
8  1.5  0.0659997
8  1.6  0.0490796
8  1.9  0.0217734
8  1.7  0.0368129
8  1.8  0.0280251
8  2.5  0.0043536
8  2.0  0.0162466
8  3.0  0.00137985
8  3.5  0.000474341
8  4.0  0.000166003
8  4.5  6.58269e-05
8  5.0  2.79159e-05
8  5.5  1.27125e-05
8  6.0  6.12629e-06
8  7.5  8.90995e-07
8  7.0  1.62874e-06
8  6.5  3.13161e-06
8  9.5  1.14245e-07
8  8.0  5.16384e-07
8  8.5  3.03019e-07
8  9.0  1.85347e-07
8  10.0  7.427e-08
8  11.0  3.21211e-08
8  10.5  4.86881e-08
8  12.0  1.52542e-08
8  11.5  2.19079e-08
