# diffractive D0 cross section, Pb target, HymnD fragmentation, An0n channel
# generated      : 2026-08-24 16:54:18 EEST
# calls          : 1e5 (VEGAS calls per point, see CALLS_EXCL/CALLS_EXCL_FACTORIZED/CALLS_DIFF)
# dipole samples : data/Pb/mve/glauber_mve_<b>
# pD0 sweep      : 0.2 0.3 0.4 0.5 0.6 0.7 0.8 0.9 1.0 1.1 1.2 1.3 1.4 1.5 1.6 1.7 1.8 1.9 2.0 2.5 3.0 3.5 4.0 4.5 5.0 5.5 6.0 6.5 7.0 7.5 8.0 8.5 9.0 9.5 10.0 10.5 11.0 11.5 12.0
# fixed rapidity y : 2.5
# ============================================================
# b  pD0  dsigma_dyd2pD0
0  0.2  0.315049
0  0.3  0.310866
0  0.4  0.306788
0  0.5  0.283667
0  0.6  0.248499
0  0.7  0.213251
0  0.8  0.17282
0  0.9  0.139318
0  1.0  0.107645
0  1.1  0.0840049
0  1.2  0.063407
0  1.3  0.0495587
0  1.4  0.038649
0  1.5  0.0294648
0  1.6  0.0226053
0  1.7  0.0175435
0  1.8  0.0135898
0  1.9  0.0106919
0  2.0  0.00832645
0  2.5  0.0025877
0  3.0  0.000919961
0  3.5  0.000352908
0  4.0  0.000147077
0  4.5  6.5178e-05
0  5.0  2.97853e-05
0  5.5  1.44576e-05
0  6.0  7.57543e-06
0  6.5  3.88704e-06
0  7.0  2.1413e-06
0  7.5  1.16222e-06
0  8.0  6.79942e-07
0  8.5  3.90748e-07
0  9.0  2.3276e-07
0  9.5  1.37889e-07
0  10.0  8.84363e-08
0  10.5  5.39141e-08
0  11.0  3.29878e-08
0  11.5  2.07375e-08
10  0.2  0.3072
10  0.3  0.306266
0  12.0  1.37504e-08
10  0.4  0.300347
10  0.5  0.279394
10  0.6  0.242033
10  0.7  0.208688
10  0.8  0.167219
10  0.9  0.13288
10  1.0  0.104048
10  1.1  0.0802597
10  1.2  0.0621513
10  1.3  0.0470405
10  1.4  0.0360315
10  1.5  0.0282716
10  1.6  0.0216947
10  1.7  0.0168427
10  1.8  0.013038
10  1.9  0.0102231
10  2.0  0.00792324
10  2.5  0.0024812
10  3.0  0.000859741
10  3.5  0.000331306
10  4.0  0.000138343
10  4.5  6.19285e-05
10  5.0  2.79423e-05
10  5.5  1.38711e-05
10  6.0  7.1874e-06
10  6.5  3.68388e-06
10  7.0  1.99708e-06
10  7.5  1.09171e-06
10  8.0  6.33744e-07
10  8.5  3.78529e-07
10  9.0  2.28937e-07
10  9.5  1.31371e-07
10  10.0  8.2354e-08
10  10.5  5.0315e-08
10  11.0  3.2037e-08
10  11.5  2.05116e-08
12  0.2  0.299814
12  0.3  0.307605
10  12.0  1.25393e-08
12  0.4  0.295183
12  0.5  0.276155
12  0.6  0.244117
12  0.7  0.206171
12  0.8  0.167274
12  0.9  0.128559
12  1.0  0.100218
12  1.1  0.0794407
12  1.2  0.0609211
12  1.3  0.0469165
12  1.4  0.0352736
12  1.5  0.0276373
12  1.6  0.0212228
12  1.7  0.0166537
12  1.8  0.012621
12  1.9  0.00997047
12  2.0  0.00781674
12  2.5  0.00243661
12  3.0  0.000840135
12  3.5  0.000311187
12  4.0  0.000138333
12  4.5  6.04179e-05
12  5.0  2.80472e-05
12  5.5  1.36591e-05
12  6.0  6.80194e-06
12  6.5  3.65353e-06
12  7.0  1.94935e-06
12  7.5  1.11189e-06
12  8.0  6.26151e-07
12  8.5  3.53702e-07
12  9.0  2.1764e-07
12  9.5  1.30278e-07
12  10.0  8.11096e-08
12  10.5  5.00242e-08
12  11.0  3.12812e-08
12  11.5  1.95479e-08
14  0.2  0.300692
12  12.0  1.26551e-08
14  0.3  0.298588
14  0.4  0.293301
14  0.5  0.274737
14  0.6  0.237284
14  0.7  0.202037
14  0.8  0.162825
14  0.9  0.129597
14  1.0  0.100179
14  1.1  0.0780315
14  1.2  0.0587449
14  1.3  0.0453588
14  1.4  0.0346194
14  1.5  0.0270626
14  1.6  0.0205739
14  1.7  0.0158869
14  1.8  0.0124645
14  1.9  0.009582
14  2.0  0.00752627
14  2.5  0.00238693
14  3.0  0.00083138
14  3.5  0.000326248
14  4.0  0.000132251
14  4.5  5.81211e-05
14  5.0  2.7174e-05
14  5.5  1.31819e-05
14  6.0  6.61662e-06
14  6.5  3.55922e-06
14  7.0  1.89805e-06
14  7.5  1.09119e-06
14  8.0  6.08706e-07
14  8.5  3.58584e-07
14  9.0  2.10317e-07
14  9.5  1.26918e-07
14  10.0  7.82176e-08
14  10.5  4.6626e-08
14  11.0  3.03353e-08
14  11.5  1.85837e-08
16  0.2  0.296209
16  0.3  0.294805
16  0.4  0.290912
16  0.5  0.268074
14  12.0  1.22263e-08
16  0.6  0.233099
16  0.7  0.199338
16  0.8  0.158475
16  0.9  0.124204
16  1.0  0.0977894
16  1.1  0.0753164
16  1.2  0.0578459
16  1.3  0.0447383
16  1.4  0.0342915
16  1.5  0.0262647
16  1.6  0.0200807
16  1.7  0.0155114
16  1.8  0.0119985
16  1.9  0.00943708
16  2.0  0.00725418
16  2.5  0.00225169
16  3.0  0.000785081
16  3.5  0.00030844
16  4.0  0.000126025
16  4.5  5.54294e-05
16  5.0  2.66234e-05
16  5.5  1.27144e-05
16  6.0  6.42305e-06
16  6.5  3.44158e-06
16  7.0  1.85776e-06
16  7.5  1.01757e-06
16  8.0  5.87113e-07
16  8.5  3.40324e-07
16  9.0  2.01273e-07
16  9.5  1.22056e-07
16  10.0  7.47723e-08
16  10.5  4.5999e-08
16  11.0  2.92472e-08
16  11.5  1.84352e-08
18  0.2  0.289897
18  0.3  0.290419
16  12.0  1.17831e-08
18  0.4  0.281844
18  0.5  0.2609
18  0.6  0.228532
18  0.7  0.19233
18  0.8  0.155128
18  0.9  0.120527
18  1.0  0.0930279
18  1.1  0.0709454
18  1.2  0.0555383
18  1.3  0.0423434
18  1.4  0.0323568
18  1.5  0.025334
18  1.6  0.0191361
18  1.7  0.0149256
18  1.8  0.0114409
18  1.9  0.0089489
18  2.0  0.00700098
18  2.5  0.00217347
18  3.0  0.000737811
18  3.5  0.000292587
18  4.0  0.000122034
18  4.5  5.21162e-05
18  5.0  2.49003e-05
18  5.5  1.21105e-05
18  6.0  5.86409e-06
18  6.5  3.24607e-06
18  7.0  1.80269e-06
18  7.5  1.00657e-06
18  8.0  5.63093e-07
18  8.5  3.2427e-07
18  9.0  1.91137e-07
18  9.5  1.14514e-07
18  10.0  7.12045e-08
18  10.5  4.44018e-08
18  11.0  2.78517e-08
18  11.5  1.75207e-08
2  0.2  0.313926
2  0.3  0.30992
2  0.4  0.304735
18  12.0  1.13267e-08
2  0.5  0.284368
2  0.6  0.25258
2  0.7  0.213299
2  0.8  0.173556
2  0.9  0.137876
2  1.0  0.107975
2  1.1  0.0835507
2  1.2  0.0646063
2  1.3  0.0493053
2  1.4  0.0381808
2  1.5  0.0293601
2  1.6  0.0225136
2  1.7  0.0177348
2  1.8  0.0136594
2  1.9  0.0107328
2  2.0  0.00824662
2  2.5  0.00256671
2  3.0  0.000905906
2  3.5  0.000340815
2  4.0  0.00014126
2  4.5  6.45225e-05
2  5.0  3.00305e-05
2  5.5  1.47653e-05
2  6.0  7.5198e-06
2  6.5  3.84385e-06
2  7.0  2.09954e-06
2  7.5  1.18926e-06
2  8.0  6.85543e-07
2  8.5  3.91288e-07
2  9.0  2.35544e-07
2  9.5  1.41347e-07
2  10.0  8.63117e-08
2  10.5  5.17794e-08
2  11.0  3.36491e-08
2  11.5  2.13831e-08
20  0.2  0.290236
2  12.0  1.37019e-08
20  0.3  0.279989
20  0.4  0.273986
20  0.5  0.256169
20  0.6  0.22323
20  0.7  0.185758
20  0.8  0.149072
20  0.9  0.116917
20  1.0  0.0890699
20  1.1  0.0694902
20  1.2  0.0528633
20  1.3  0.0404713
20  1.4  0.0312202
20  1.5  0.0238299
20  1.6  0.0182676
20  1.7  0.0142433
20  1.8  0.0109455
20  1.9  0.0085785
20  2.0  0.00664384
20  2.5  0.0020474
20  3.0  0.00071977
20  3.5  0.000276829
20  4.0  0.000111242
20  4.5  4.93175e-05
20  5.0  2.3324e-05
20  5.5  1.1625e-05
20  6.0  6.06433e-06
20  6.5  3.09648e-06
20  7.0  1.66569e-06
20  7.5  9.24835e-07
20  8.0  5.16637e-07
20  8.5  3.04874e-07
20  9.0  1.82442e-07
20  9.5  1.06541e-07
20  10.0  6.70066e-08
20  10.5  4.15782e-08
20  11.0  2.62941e-08
20  11.5  1.64939e-08
22  0.2  0.275761
22  0.3  0.27348
22  0.4  0.26562
20  12.0  1.05576e-08
22  0.5  0.249978
22  0.6  0.210027
22  0.7  0.174881
22  0.8  0.140369
22  0.9  0.108983
22  1.0  0.0842937
22  1.1  0.0652332
22  1.2  0.050016
22  1.3  0.0379607
22  1.4  0.0290256
22  1.5  0.022511
22  1.6  0.0171569
22  1.7  0.0131812
22  1.8  0.0100869
22  1.9  0.00786473
22  2.0  0.00616594
22  2.5  0.00190974
22  3.0  0.000660438
22  3.5  0.000257583
22  4.0  0.000106594
22  4.5  4.51301e-05
22  5.0  2.23077e-05
22  5.5  1.07751e-05
22  6.0  5.48455e-06
22  6.5  2.89369e-06
22  7.0  1.54485e-06
22  7.5  8.6139e-07
22  8.0  4.9849e-07
22  8.5  2.9661e-07
22  9.0  1.66814e-07
22  9.5  1.01376e-07
22  10.0  6.10659e-08
22  10.5  3.88217e-08
22  11.0  2.41948e-08
22  11.5  1.55003e-08
24  0.2  0.265757
24  0.3  0.266152
22  12.0  1.00304e-08
24  0.4  0.254191
24  0.5  0.233965
24  0.6  0.196154
24  0.7  0.165135
24  0.8  0.130899
24  0.9  0.101411
24  1.0  0.0790837
24  1.1  0.0595831
24  1.2  0.0467257
24  1.3  0.0354243
24  1.4  0.0267731
24  1.5  0.0205094
24  1.6  0.0157794
24  1.7  0.0119883
24  1.8  0.00929339
24  1.9  0.00712997
24  2.0  0.00566541
24  2.5  0.00174643
24  3.0  0.000604252
24  3.5  0.000227736
24  4.0  9.63424e-05
24  4.5  4.22086e-05
24  5.0  1.92086e-05
24  5.5  9.38887e-06
24  6.0  4.99739e-06
24  6.5  2.62275e-06
24  7.0  1.40564e-06
24  7.5  7.90161e-07
24  8.0  4.39527e-07
24  8.5  2.61638e-07
24  9.0  1.5228e-07
24  9.5  9.42082e-08
24  10.0  5.65462e-08
24  10.5  3.44977e-08
24  11.0  2.20316e-08
24  11.5  1.41772e-08
26  0.2  0.256819
24  12.0  9.02285e-09
26  0.3  0.249507
26  0.4  0.237706
26  0.5  0.215184
26  0.6  0.183708
26  0.7  0.150233
26  0.8  0.119177
26  0.9  0.0939293
26  1.0  0.071538
26  1.1  0.0542589
26  1.2  0.0421724
26  1.3  0.0313213
26  1.4  0.0239771
26  1.5  0.0180561
26  1.6  0.0140244
26  1.7  0.0105545
26  1.8  0.00837743
26  1.9  0.00661432
26  2.0  0.00494359
26  2.5  0.00155121
26  3.0  0.000538507
26  3.5  0.000198321
26  4.0  8.60114e-05
26  4.5  3.77398e-05
26  5.0  1.77827e-05
26  5.5  8.54331e-06
26  6.0  4.39336e-06
26  6.5  2.21309e-06
26  7.0  1.24792e-06
26  7.5  6.89236e-07
26  8.0  3.79533e-07
26  8.5  2.2945e-07
26  9.0  1.32808e-07
26  9.5  8.24132e-08
26  10.0  5.00178e-08
26  10.5  3.1209e-08
26  11.0  1.92286e-08
26  11.5  1.21187e-08
28  0.2  0.232171
28  0.3  0.232378
28  0.4  0.21984
26  12.0  8.00493e-09
28  0.5  0.194813
28  0.6  0.164648
28  0.7  0.133654
28  0.8  0.105711
28  0.9  0.0810617
28  1.0  0.0614314
28  1.1  0.0467349
28  1.2  0.0355666
28  1.3  0.027035
28  1.4  0.0209835
28  1.5  0.0156954
28  1.6  0.0117294
28  1.7  0.00895022
28  1.8  0.00693603
28  1.9  0.00546748
28  2.0  0.00416342
28  2.5  0.00126332
28  3.0  0.000459002
28  3.5  0.000173077
28  4.0  7.20813e-05
28  4.5  3.16999e-05
28  5.0  1.50557e-05
28  5.5  7.3166e-06
28  6.0  3.70138e-06
28  6.5  1.88817e-06
28  7.0  1.05897e-06
28  7.5  5.68823e-07
28  8.0  3.35725e-07
28  8.5  1.84685e-07
28  9.0  1.1524e-07
28  9.5  7.03593e-08
28  10.0  4.12821e-08
28  10.5  2.63443e-08
28  11.0  1.58619e-08
28  11.5  1.04436e-08
28  12.0  6.73587e-09
30  0.2  0.208649
30  0.3  0.20236
30  0.4  0.192285
30  0.5  0.167304
30  0.6  0.139633
30  0.7  0.110397
30  0.8  0.0849495
30  0.9  0.0646419
30  1.0  0.0502147
30  1.1  0.0376064
30  1.2  0.0287855
30  1.3  0.0212608
30  1.4  0.0161385
30  1.5  0.012432
30  1.6  0.00922145
30  1.7  0.00730294
30  1.8  0.00560035
30  1.9  0.00433891
30  2.0  0.00330252
30  2.5  0.00100577
30  3.0  0.000349928
30  3.5  0.000138443
30  4.0  5.70588e-05
30  4.5  2.48862e-05
30  5.0  1.15152e-05
30  5.5  5.62705e-06
30  6.0  2.93677e-06
30  6.5  1.49063e-06
30  7.0  8.03058e-07
30  7.5  4.45416e-07
30  8.0  2.6231e-07
30  8.5  1.51583e-07
30  9.0  9.04254e-08
30  9.5  5.44952e-08
30  10.0  3.30074e-08
30  10.5  2.0885e-08
30  11.0  1.31228e-08
30  11.5  8.2117e-09
30  12.0  5.21878e-09
32  0.2  0.173797
32  0.3  0.171916
32  0.4  0.157211
32  0.5  0.133376
32  0.6  0.106782
32  0.7  0.0843963
32  0.8  0.0649009
32  0.9  0.0490853
32  1.0  0.0370933
32  1.1  0.0279155
32  1.2  0.0210614
32  1.3  0.015798
32  1.4  0.0116023
32  1.5  0.00901771
32  1.6  0.0070628
32  1.7  0.00513258
32  1.8  0.00403888
32  1.9  0.00318544
32  2.0  0.00237038
32  2.5  0.00071626
32  3.0  0.00024665
32  3.5  9.62193e-05
32  4.0  3.97323e-05
32  4.5  1.69707e-05
32  5.0  8.32613e-06
32  5.5  4.12836e-06
32  6.0  2.0846e-06
32  6.5  1.08802e-06
32  7.0  5.91195e-07
32  7.5  3.22263e-07
32  8.0  1.80654e-07
32  8.5  1.09258e-07
32  9.0  6.29883e-08
32  9.5  3.94359e-08
32  10.0  2.38238e-08
32  10.5  1.4989e-08
32  11.0  9.3793e-09
32  11.5  5.91329e-09
4  0.2  0.310861
4  0.3  0.306446
32  12.0  3.63325e-09
4  0.4  0.308389
4  0.5  0.284864
4  0.6  0.253208
4  0.7  0.213296
4  0.8  0.172888
4  0.9  0.1364
4  1.0  0.106706
4  1.1  0.083066
4  1.2  0.0638442
4  1.3  0.0497946
4  1.4  0.0374634
4  1.5  0.0291475
4  1.6  0.0218795
4  1.7  0.0172087
4  1.8  0.0134776
4  1.9  0.0105188
4  2.0  0.00805404
4  2.5  0.00256347
4  3.0  0.000890973
4  3.5  0.000346843
4  4.0  0.00014591
4  4.5  6.32062e-05
4  5.0  3.03296e-05
4  5.5  1.4629e-05
4  6.0  7.23629e-06
4  6.5  3.92856e-06
4  7.0  2.10857e-06
4  7.5  1.1926e-06
4  8.0  6.97143e-07
4  8.5  3.87139e-07
4  9.0  2.33031e-07
4  9.5  1.39051e-07
4  10.0  8.15541e-08
4  10.5  5.26611e-08
4  11.0  3.35451e-08
4  11.5  2.05741e-08
6  0.2  0.310598
6  0.3  0.305569
4  12.0  1.34168e-08
6  0.4  0.305424
6  0.5  0.27939
6  0.6  0.251558
6  0.7  0.210607
6  0.8  0.171874
6  0.9  0.135403
6  1.0  0.106459
6  1.1  0.082808
6  1.2  0.0627566
6  1.3  0.048835
6  1.4  0.0377069
6  1.5  0.028797
6  1.6  0.0218807
6  1.7  0.0172052
6  1.8  0.0134229
6  1.9  0.0106025
6  2.0  0.00823619
6  2.5  0.00253955
6  3.0  0.00088348
6  3.5  0.000343151
6  4.0  0.00014323
6  4.5  6.18523e-05
6  5.0  2.97651e-05
6  5.5  1.44258e-05
6  6.0  7.15371e-06
6  6.5  3.90588e-06
6  7.0  2.10579e-06
6  7.5  1.14575e-06
6  8.0  6.69803e-07
6  8.5  3.87259e-07
6  9.0  2.28091e-07
6  9.5  1.38496e-07
6  10.0  8.45275e-08
6  10.5  5.24517e-08
6  11.0  3.31677e-08
6  11.5  2.10328e-08
8  0.2  0.305887
8  0.3  0.302387
8  0.4  0.306329
8  0.5  0.284456
6  12.0  1.34602e-08
8  0.6  0.249701
8  0.7  0.208267
8  0.8  0.168131
8  0.9  0.135326
8  1.0  0.105507
8  1.1  0.0819393
8  1.2  0.0630167
8  1.3  0.0483885
8  1.4  0.037219
8  1.5  0.0285309
8  1.6  0.0219508
8  1.7  0.0169828
8  1.8  0.013169
8  1.9  0.0103317
8  2.0  0.00798891
8  2.5  0.00248772
8  3.0  0.000868863
8  3.5  0.000338572
8  4.0  0.000143387
8  4.5  6.3199e-05
8  5.0  2.91235e-05
8  5.5  1.43273e-05
8  6.0  7.23727e-06
8  6.5  3.74533e-06
8  7.0  2.05354e-06
8  7.5  1.14004e-06
8  8.0  6.60776e-07
8  8.5  3.86659e-07
8  9.0  2.2733e-07
8  9.5  1.37394e-07
8  10.0  8.38077e-08
8  10.5  5.2491e-08
8  11.0  3.23134e-08
8  11.5  2.06742e-08
8  12.0  1.28579e-08
