# exclusive D0 cross section, Pb target, HymnD fragmentation, An0n channel
# generated      : 2026-08-25 09:57:21 EEST
# calls          : 1e5 below 3.0 GeV, 2e3 above (see EXCL_PT_THRESHOLD) (VEGAS calls per point, see CALLS_EXCL/CALLS_EXCL_FACTORIZED/CALLS_DIFF)
# dipole samples : data/Pb/mve/glauber_mve_<b>
# pD0 sweep      : 0.2 0.3 0.4 0.5 0.6 0.7 0.8 0.9 1.0 1.1 1.2 1.3 1.4 1.5 1.6 1.7 1.8 1.9 2.0 2.5 3.0 3.5 4.0 4.5 5.0 5.5 6.0 6.5 7.0 7.5 8.0 8.5 9.0 9.5 10.0 10.5 11.0 11.5 12.0
# fixed rapidity y : -0.5
# ============================================================
# b  pD0  dsigma_dyd2pD0
0  0.3  2.89462
0  0.2  4.04407
0  0.5  1.50056
0  0.4  2.09255
0  0.6  1.06836
0  0.8  0.536692
0  0.7  0.757229
0  1.0  0.27074
0  0.9  0.378604
0  1.1  0.192131
0  1.2  0.138525
0  1.3  0.0984474
0  1.4  0.072676
0  1.5  0.0529425
0  1.6  0.0383769
0  1.8  0.0209523
0  1.7  0.0287633
0  2.0  0.0117416
0  2.5  0.00311805
0  1.9  0.0161932
0  3.5  0.00028234
0  4.0  0.000100797
0  3.0  0.000872325
0  4.5  3.85543e-05
0  6.0  3.27632e-06
0  6.5  1.62097e-06
0  5.0  1.58668e-05
0  5.5  7.04326e-06
0  8.0  2.53136e-07
0  7.0  8.40413e-07
0  7.5  4.51848e-07
0  9.0  8.5968e-08
0  8.5  1.45038e-07
0  10.0  3.30401e-08
0  9.5  5.33329e-08
0  10.5  2.13086e-08
10  0.2  3.8138
10  0.3  2.72991
10  0.4  1.9659
10  0.5  1.40879
10  0.6  1.00082
10  0.7  0.7074
10  0.8  0.499271
10  0.9  0.353017
10  1.0  0.249343
10  1.1  0.177125
10  1.2  0.12814
10  1.3  0.092281
10  1.5  0.049376
10  1.4  0.0668192
0  11.5  9.39801e-09
10  1.6  0.0362922
10  1.7  0.0266332
10  1.8  0.0198819
10  1.9  0.014929
10  2.5  0.00284594
10  2.0  0.011254
0  12.0  6.42297e-09
0  11.0  1.42295e-08
10  4.0  9.16458e-05
10  3.5  0.000255982
10  3.0  0.000799507
10  4.5  3.49891e-05
10  6.0  2.96855e-06
10  5.0  1.43949e-05
10  5.5  6.38182e-06
10  6.5  1.47128e-06
10  8.0  2.29014e-07
10  7.0  7.61623e-07
10  9.0  7.78181e-08
10  8.5  1.31286e-07
10  7.5  4.08345e-07
10  10.0  2.98841e-08
10  9.5  4.83686e-08
10  11.0  1.2709e-08
12  0.2  3.71659
10  10.5  1.93035e-08
12  0.3  2.65697
12  0.4  1.90905
12  0.5  1.36546
12  0.6  0.971299
12  0.7  0.687006
12  0.9  0.342832
12  0.8  0.482679
12  1.0  0.242085
12  1.1  0.172493
12  1.2  0.121743
12  1.3  0.0894524
12  1.4  0.0647293
12  1.5  0.046343
12  1.6  0.0339168
12  1.8  0.018484
12  1.7  0.0250932
12  1.9  0.0135543
12  2.5  0.0022984
12  2.0  0.0105445
10  11.5  8.63414e-09
10  12.0  5.85743e-09
12  3.0  0.000763994
12  3.5  0.000245318
12  4.0  8.67282e-05
12  5.5  5.98435e-06
12  4.5  3.33972e-05
12  6.0  2.83178e-06
12  5.0  1.37483e-05
12  8.0  2.1833e-07
12  6.5  1.40395e-06
12  7.0  7.27745e-07
12  7.5  3.90521e-07
12  8.5  1.25236e-07
12  10.0  2.84467e-08
12  9.0  7.52344e-08
14  0.2  3.58353
12  9.5  4.61125e-08
14  0.3  2.56342
12  10.5  1.84011e-08
14  0.4  1.84366
14  0.5  1.31168
14  0.7  0.660547
14  0.6  0.931941
14  0.8  0.463761
14  0.9  0.326211
14  1.0  0.230401
14  1.2  0.117373
14  1.1  0.16303
14  1.3  0.0848521
12  11.0  1.209e-08
14  1.4  0.0613892
14  1.5  0.0448247
14  1.6  0.0327977
14  1.7  0.0233108
14  1.8  0.0179397
14  1.9  0.0135014
14  2.0  0.0103727
14  2.5  0.00207718
12  12.0  5.5366e-09
14  3.5  0.000230034
12  11.5  8.23915e-09
14  3.0  0.00071912
14  4.0  8.20778e-05
14  4.5  3.14903e-05
14  5.5  5.72383e-06
14  6.0  2.67071e-06
14  5.0  1.2979e-05
14  6.5  1.3233e-06
14  8.0  2.04909e-07
14  7.0  6.86068e-07
14  7.5  3.68737e-07
14  8.5  1.17152e-07
14  10.0  2.6847e-08
14  9.0  7.01896e-08
14  9.5  4.34243e-08
16  0.2  3.43749
16  0.3  2.44791
16  0.4  1.75963
14  10.5  1.73487e-08
16  0.5  1.25034
16  0.6  0.885964
16  0.7  0.624259
16  0.8  0.440077
16  0.9  0.310572
16  1.0  0.21767
16  1.1  0.155058
16  1.2  0.111113
16  1.3  0.0796063
16  1.4  0.0576198
16  1.5  0.0419139
16  1.6  0.0309745
14  11.5  7.64189e-09
16  1.7  0.0226523
16  1.9  0.0128361
16  1.8  0.0166391
16  2.0  0.00979479
16  2.5  0.00210601
14  11.0  1.15583e-08
14  12.0  5.21726e-09
16  3.5  0.000215569
16  4.0  7.67351e-05
16  3.0  0.000670967
16  5.5  5.32684e-06
16  4.5  2.91321e-05
16  6.0  2.48403e-06
16  5.0  1.20774e-05
16  7.5  3.41318e-07
16  8.0  1.90322e-07
16  6.5  1.23038e-06
16  7.0  6.37265e-07
16  8.5  1.09609e-07
16  10.0  2.49397e-08
16  9.0  6.52284e-08
16  10.5  1.60969e-08
16  9.5  4.05018e-08
18  0.2  3.25132
18  0.3  2.31865
18  0.4  1.66167
18  0.5  1.18099
18  0.6  0.834488
18  0.7  0.585225
18  0.8  0.411723
18  0.9  0.288907
18  1.0  0.203088
18  1.1  0.1446
18  1.2  0.103288
18  1.3  0.0736543
18  1.4  0.0532726
18  1.5  0.0386894
18  1.7  0.0205168
18  1.6  0.0285995
18  1.8  0.0150235
18  1.9  0.0117083
18  2.5  0.0022703
18  2.0  0.00852301
16  12.0  4.85602e-09
16  11.0  1.07344e-08
16  11.5  7.1853e-09
18  3.0  0.000617311
18  3.5  0.000197313
18  4.0  7.01039e-05
18  4.5  2.67527e-05
18  5.5  4.87175e-06
18  6.0  2.26715e-06
18  5.0  1.10596e-05
18  7.5  3.1167e-07
18  8.0  1.74533e-07
18  6.5  1.12399e-06
18  7.0  5.82263e-07
18  8.5  1.00017e-07
18  10.0  2.27207e-08
18  9.0  5.98498e-08
18  9.5  3.68162e-08
18  10.5  1.46824e-08
2  0.2  4.03296
2  0.3  2.88847
2  0.4  2.08893
2  0.5  1.49523
2  0.6  1.06633
2  0.7  0.757216
2  0.8  0.534728
2  0.9  0.378096
2  1.0  0.267967
2  1.1  0.18989
2  1.2  0.13802
2  1.3  0.0987754
2  1.4  0.0721044
2  1.5  0.0523315
2  1.6  0.0387329
2  1.7  0.0276861
2  1.8  0.0203112
2  2.0  0.0113803
2  1.9  0.0161691
2  2.5  0.00321976
18  11.0  9.78877e-09
18  12.0  4.42703e-09
2  3.5  0.000281398
18  11.5  6.55574e-09
2  4.0  0.00010044
2  3.0  0.000872386
2  4.5  3.81643e-05
2  6.0  3.26362e-06
2  5.0  1.58086e-05
2  5.5  7.0173e-06
2  8.0  2.52163e-07
2  6.5  1.62298e-06
2  7.0  8.3726e-07
2  9.0  8.56435e-08
2  8.5  1.44492e-07
2  7.5  4.5e-07
2  10.0  3.29149e-08
2  9.5  5.31304e-08
2  10.5  2.12525e-08
20  0.2  3.03324
20  0.3  2.15983
20  0.4  1.53987
20  0.5  1.09511
20  0.6  0.771806
20  0.7  0.539593
20  0.8  0.379587
20  1.0  0.186233
20  0.9  0.264908
20  1.1  0.132429
20  1.2  0.0946091
20  1.3  0.067676
20  1.4  0.0479734
2  11.5  9.36618e-09
20  1.5  0.0348676
20  1.6  0.0253637
20  1.7  0.0194217
20  1.8  0.0134385
20  1.9  0.0101508
20  2.0  0.00805972
20  2.5  0.00214278
2  12.0  6.39818e-09
2  11.0  1.41772e-08
20  3.0  0.000556807
20  3.5  0.000178111
20  4.0  6.27261e-05
20  4.5  2.39504e-05
20  6.0  2.02532e-06
20  5.0  9.91211e-06
20  5.5  4.35295e-06
20  7.5  2.79076e-07
20  7.0  5.17993e-07
20  6.5  1.00993e-06
20  8.0  1.54891e-07
20  8.5  8.90287e-08
20  10.0  2.02531e-08
20  10.5  1.31141e-08
20  9.0  5.36037e-08
20  9.5  3.27696e-08
22  0.2  2.78185
22  0.3  1.9677
20  11.0  8.61378e-09
22  0.4  1.40194
22  0.6  0.699383
22  0.5  0.994061
22  0.7  0.489069
22  0.8  0.341156
22  0.9  0.237785
22  1.0  0.167764
22  1.2  0.0840146
22  1.1  0.117003
22  1.3  0.0594007
22  1.5  0.0311352
22  1.4  0.0430146
22  1.7  0.0163839
22  1.6  0.0227596
22  1.8  0.0126753
22  1.9  0.00945383
22  2.0  0.00719499
22  2.5  0.0015281
20  11.5  5.8415e-09
20  12.0  3.99752e-09
22  3.0  0.000484253
22  3.5  0.000154102
22  4.0  5.42112e-05
22  4.5  2.08504e-05
22  5.0  8.5969e-06
22  5.5  3.77562e-06
22  6.0  1.76393e-06
22  6.5  8.69028e-07
22  7.0  4.48293e-07
22  8.0  1.33973e-07
22  7.5  2.41558e-07
22  8.5  7.69666e-08
22  10.5  1.1313e-08
22  9.0  4.65724e-08
22  10.0  1.75706e-08
22  9.5  2.82779e-08
24  0.2  2.47437
24  0.3  1.7459
24  0.4  1.24152
24  0.5  0.87453
24  0.6  0.612261
22  11.0  7.40985e-09
24  0.7  0.425796
24  0.9  0.207452
24  0.8  0.296495
24  1.0  0.144401
24  1.1  0.100727
24  1.2  0.0708355
24  1.3  0.0512559
24  1.4  0.037031
24  1.5  0.026303
24  1.6  0.0191906
24  1.7  0.0139657
24  1.8  0.0100617
24  1.9  0.00817246
24  2.0  0.00572646
24  2.5  0.00128243
22  12.0  3.40235e-09
24  3.5  0.000128036
24  4.0  4.53591e-05
22  11.5  5.04392e-09
24  3.0  0.000405915
24  4.5  1.7296e-05
24  5.0  7.13391e-06
24  5.5  3.13901e-06
24  6.0  1.46767e-06
24  7.5  2.00467e-07
24  6.5  7.21816e-07
24  7.0  3.71811e-07
24  9.0  3.77811e-08
24  8.5  6.38158e-08
24  8.0  1.11186e-07
24  10.5  9.37513e-09
24  9.5  2.35238e-08
26  0.2  2.11014
26  0.3  1.48718
24  10.0  1.46166e-08
26  0.4  1.04852
26  0.5  0.736398
26  0.6  0.512311
26  0.7  0.354306
26  0.8  0.246533
26  0.9  0.170247
24  12.0  2.80881e-09
26  1.0  0.118046
26  1.1  0.0825155
26  1.2  0.0590025
26  1.4  0.0300466
26  1.3  0.0422168
26  1.6  0.0159519
26  1.5  0.0213594
26  1.7  0.0111741
26  1.8  0.00862183
26  1.9  0.00621537
24  11.0  6.18683e-09
26  2.0  0.00454236
26  2.5  0.000989377
24  11.5  4.14577e-09
26  3.0  0.000321903
26  3.5  0.000101053
26  4.0  3.5589e-05
26  4.5  1.35116e-05
26  6.5  5.56656e-07
26  5.0  5.57231e-06
26  7.0  2.89638e-07
26  5.5  2.44754e-06
26  6.0  1.14723e-06
26  7.5  1.55633e-07
26  8.0  8.6285e-08
26  8.5  4.98599e-08
26  10.0  1.11743e-08
26  9.0  2.96617e-08
26  9.5  1.81395e-08
26  11.0  4.72126e-09
28  0.2  1.68882
28  0.3  1.18428
28  0.4  0.829382
28  0.5  0.578921
28  0.6  0.400103
28  0.8  0.189988
28  0.7  0.275992
28  0.9  0.130787
28  1.1  0.0624302
28  1.0  0.0900935
28  1.2  0.0444663
28  1.3  0.0315519
28  1.4  0.0226463
28  1.5  0.016041
28  1.6  0.011923
28  1.7  0.00861276
26  10.5  7.32358e-09
28  1.8  0.00632705
28  1.9  0.00478127
28  2.0  0.00350755
28  2.5  0.000830073
26  12.0  2.17573e-09
28  3.0  0.000232694
28  3.5  7.23663e-05
26  11.5  3.21674e-09
28  4.0  2.54629e-05
28  5.0  3.97887e-06
28  4.5  9.67502e-06
28  6.5  3.9336e-07
28  5.5  1.74414e-06
28  6.0  8.12049e-07
28  7.5  1.10132e-07
28  7.0  2.04991e-07
28  8.0  6.0896e-08
28  10.0  7.90937e-09
28  8.5  3.52704e-08
28  9.0  2.09402e-08
28  10.5  5.09545e-09
28  9.5  1.27963e-08
30  0.2  1.22779
30  0.3  0.854059
30  0.4  0.594639
30  0.5  0.410323
30  0.6  0.281821
30  0.7  0.192684
30  0.8  0.13113
30  0.9  0.0893615
30  1.0  0.0613022
30  1.1  0.0423249
30  1.2  0.0295309
30  1.3  0.0208196
30  1.4  0.0148623
30  1.5  0.0107456
30  1.6  0.00766691
30  1.8  0.0040591
28  11.5  2.23902e-09
30  1.7  0.00566411
30  1.9  0.00320622
30  2.0  0.00228413
30  2.5  0.000552573
28  11.0  3.38702e-09
28  12.0  1.52989e-09
30  3.0  0.0001492
30  3.5  4.61495e-05
30  4.0  1.60531e-05
30  4.5  6.0798e-06
30  6.5  2.43781e-07
30  5.0  2.48652e-06
30  5.5  1.0942e-06
30  6.0  5.03957e-07
30  7.0  1.26945e-07
30  8.5  2.1544e-08
30  7.5  6.80197e-08
30  8.0  3.75464e-08
30  10.5  3.13135e-09
30  9.0  1.2889e-08
30  9.5  7.84286e-09
32  0.2  0.784156
32  0.3  0.540969
32  0.4  0.373186
30  10.0  4.93121e-09
32  0.5  0.254415
32  0.6  0.172287
32  0.7  0.116311
32  0.8  0.0789381
32  0.9  0.0534402
32  1.0  0.0365893
32  1.1  0.0252343
30  12.0  9.33032e-10
32  1.3  0.0121972
32  1.2  0.0172809
32  1.4  0.00861135
32  1.5  0.00613136
32  1.6  0.00435946
32  1.7  0.00312438
30  11.0  2.07055e-09
32  1.8  0.00231128
32  2.0  0.00125895
32  1.9  0.00174139
32  2.5  0.000327207
30  11.5  1.39319e-09
32  3.0  8.07541e-05
32  3.5  2.49472e-05
32  4.0  8.57611e-06
32  5.5  5.63023e-07
32  4.5  3.22389e-06
32  5.0  1.31016e-06
32  6.0  2.63566e-07
32  6.5  1.28725e-07
32  7.0  6.56994e-08
32  8.5  1.10512e-08
32  7.5  3.50614e-08
32  8.0  1.93795e-08
32  9.0  6.55159e-09
32  9.5  4.00187e-09
32  10.5  1.59119e-09
4  0.2  4.01416
4  0.3  2.86945
4  0.4  2.06784
4  0.5  1.48682
32  10.0  2.52572e-09
4  0.6  1.05975
32  12.0  4.78905e-10
4  0.7  0.748908
4  0.8  0.529623
4  0.9  0.374411
4  1.1  0.189936
4  1.0  0.265463
4  1.2  0.136557
4  1.3  0.0972964
4  1.4  0.0709293
4  1.5  0.0524406
4  1.6  0.037816
4  1.7  0.0285111
4  1.8  0.0200357
4  1.9  0.0157156
4  2.0  0.0119479
4  2.5  0.00311863
32  11.0  1.05775e-09
4  3.0  0.000865112
4  3.5  0.000278443
4  4.0  9.93485e-05
32  11.5  7.12886e-10
4  4.5  3.77139e-05
4  6.0  3.22615e-06
4  6.5  1.59549e-06
4  5.0  1.56346e-05
4  5.5  6.94056e-06
4  8.0  2.4933e-07
4  7.0  8.27926e-07
4  9.0  8.46683e-08
4  7.5  4.4488e-07
4  8.5  1.42847e-07
4  10.0  3.25339e-08
4  9.5  5.25112e-08
6  0.2  3.96741
6  0.3  2.83647
4  10.5  2.10245e-08
6  0.4  2.04467
6  0.5  1.46801
6  0.6  1.04407
6  0.7  0.743147
6  0.8  0.523096
6  0.9  0.369412
6  1.0  0.262272
6  1.1  0.185709
6  1.3  0.0972105
6  1.2  0.132832
6  1.4  0.06989
6  1.5  0.0518727
6  1.6  0.0375417
6  1.7  0.0278178
6  1.9  0.0154756
6  1.8  0.0209231
4  11.5  9.24558e-09
6  2.0  0.011595
6  2.5  0.00251949
4  12.0  6.33116e-09
4  11.0  1.40154e-08
6  3.5  0.000272733
6  4.0  9.74936e-05
6  3.0  0.000846267
6  4.5  3.73025e-05
6  6.0  3.16478e-06
6  5.0  1.534e-05
6  5.5  6.80746e-06
6  6.5  1.56878e-06
6  8.0  2.44494e-07
6  7.5  4.30375e-07
6  7.0  8.12184e-07
6  8.5  1.40101e-07
6  9.0  8.34049e-08
6  10.0  3.18642e-08
6  9.5  4.93209e-08
8  0.2  3.90625
6  10.5  2.0605e-08
8  0.3  2.79153
8  0.4  2.01242
8  0.5  1.44012
8  0.6  1.02609
8  0.7  0.725688
8  0.8  0.512896
8  0.9  0.361633
8  1.0  0.256615
8  1.2  0.132236
8  1.1  0.184286
8  1.3  0.0937949
8  1.4  0.0688483
8  1.5  0.050568
6  11.5  9.068e-09
8  1.7  0.0265311
8  1.6  0.0370594
8  1.8  0.0198912
8  1.9  0.0150583
8  2.0  0.0116302
8  2.5  0.00291516
6  11.0  1.37487e-08
8  4.0  9.49808e-05
6  12.0  6.2986e-09
8  3.0  0.000828331
8  3.5  0.000264289
8  4.5  3.61761e-05
8  6.0  3.0777e-06
8  5.0  1.49275e-05
8  5.5  6.61924e-06
8  6.5  1.52628e-06
8  8.0  2.37777e-07
8  7.0  7.9029e-07
8  9.0  8.07557e-08
8  8.5  1.36301e-07
8  7.5  4.2441e-07
8  10.0  3.10005e-08
8  9.5  5.01179e-08
8  10.5  2.00527e-08
8  11.0  1.31665e-08
8  11.5  8.79077e-09
8  12.0  6.03105e-09
