# diffractive D0 cross section, Pb target, LHAPDF fragmentation, An0n channel
# generated      : 2026-08-20 10:21:52 EEST
# calls          : 1e5 (VEGAS calls per point, see CALLS_EXCL/CALLS_EXCL_FACTORIZED/CALLS_DIFF)
# dipole samples : data/Pb/mve/glauber_mve_<b>
# pD0 sweep      : 0.2 0.3 0.4 0.5 0.6 0.7 0.8 0.9 1.0 1.1 1.2 1.3 1.4 1.5 1.6 1.7 1.8 1.9 2.0 2.5 3.0 3.5 4.0 4.5 5.0 5.5 6.0 6.5 7.0 7.5 8.0 8.5 9.0 9.5 10.0 10.5 11.0 11.5 12.0
# fixed rapidity y : 1.0
# ============================================================
# b  pD0  dsigma_dyd2pD0
0  0.5  1.00696
0  0.2  0.586253
0  0.3  0.830495
0  0.4  0.97886
0  0.6  0.9641
0  0.7  0.873787
0  0.8  0.763192
0  1.0  0.532281
0  0.9  0.64022
0  1.1  0.434903
0  1.2  0.357126
0  1.4  0.227107
0  1.5  0.184362
0  1.3  0.281617
0  1.9  0.0795058
0  1.6  0.147675
0  1.7  0.118996
0  1.8  0.0963041
0  2.0  0.064825
0  3.5  0.00490435
0  2.5  0.0247547
0  3.0  0.0105463
0  5.0  0.000739052
0  4.0  0.00246979
0  4.5  0.00130696
0  5.5  0.000433755
0  6.0  0.000252055
0  7.5  6.8328e-05
0  7.0  0.000104212
0  6.5  0.00016096
0  8.5  3.12074e-05
0  8.0  4.60671e-05
0  9.5  1.51246e-05
0  9.0  2.14602e-05
0  10.0  1.13309e-05
0  10.5  8.19299e-06
10  0.2  0.579905
0  11.0  5.96915e-06
10  0.3  0.820381
10  0.4  0.951313
10  0.5  0.990694
10  0.6  0.954983
10  0.7  0.854355
10  0.8  0.738267
0  11.5  4.33586e-06
10  0.9  0.618424
10  1.0  0.514923
10  1.1  0.419629
10  1.2  0.335608
10  1.3  0.271694
10  1.5  0.17715
10  1.4  0.218001
10  1.7  0.114989
10  1.6  0.140996
10  1.8  0.0918589
10  1.9  0.075696
10  2.0  0.0607329
10  2.5  0.0236478
10  3.0  0.0100402
10  3.5  0.00466794
0  12.0  3.31194e-06
10  5.0  0.000706397
10  4.0  0.00233306
10  4.5  0.0012526
10  6.0  0.000251448
10  5.5  0.00040364
10  6.5  0.000155224
10  7.0  9.897e-05
10  7.5  6.59796e-05
10  8.0  4.50288e-05
10  8.5  3.03369e-05
10  9.0  2.07251e-05
10  10.0  1.04783e-05
10  9.5  1.42375e-05
10  10.5  7.8753e-06
12  0.2  0.590215
12  0.3  0.816921
12  0.4  0.944879
12  0.5  0.980472
12  0.6  0.92768
12  0.7  0.847933
10  12.0  3.06223e-06
12  0.8  0.723428
10  11.0  5.54859e-06
12  0.9  0.619795
12  1.0  0.503559
12  1.1  0.410183
12  1.2  0.328482
12  1.3  0.266233
10  11.5  4.20955e-06
12  1.4  0.214336
12  1.5  0.171473
12  1.6  0.138052
12  1.7  0.111074
12  1.8  0.0899967
12  1.9  0.0741168
12  2.0  0.0600958
12  2.5  0.0229628
12  3.0  0.0097408
12  3.5  0.00455292
12  4.0  0.00228596
12  5.0  0.000684371
12  4.5  0.00121549
12  6.0  0.000242183
12  5.5  0.000404854
12  6.5  0.000153177
12  7.0  9.90689e-05
12  7.5  6.31818e-05
12  8.0  4.34766e-05
12  8.5  2.90674e-05
12  9.0  2.00047e-05
12  10.0  1.03386e-05
12  9.5  1.43311e-05
12  10.5  7.46123e-06
14  0.2  0.581959
14  0.3  0.808434
14  0.4  0.945879
14  0.5  0.97293
14  0.6  0.914042
12  12.0  3.07506e-06
12  11.0  5.55061e-06
14  0.8  0.71568
14  0.7  0.823287
14  0.9  0.596266
14  1.0  0.492865
14  1.1  0.398442
12  11.5  4.12348e-06
14  1.2  0.328376
14  1.4  0.208093
14  1.3  0.260322
14  1.5  0.16595
14  1.7  0.109778
14  1.6  0.134511
14  1.9  0.0708543
14  1.8  0.0885252
14  2.0  0.0587856
14  2.5  0.0224585
14  3.0  0.00950052
14  3.5  0.00454989
14  4.0  0.00222229
14  5.0  0.000671735
14  4.5  0.00118114
14  6.0  0.000236489
14  5.5  0.000374469
14  7.0  9.3927e-05
14  7.5  6.09655e-05
14  6.5  0.000145494
14  8.0  4.06376e-05
14  8.5  2.83549e-05
14  9.0  1.97338e-05
14  10.0  9.91278e-06
14  9.5  1.4315e-05
14  10.5  7.1604e-06
16  0.2  0.574885
16  0.3  0.797735
16  0.4  0.92743
16  0.5  0.964006
14  11.0  5.32315e-06
16  0.6  0.899662
16  0.7  0.802307
16  0.8  0.690655
16  0.9  0.577938
14  11.5  3.88885e-06
16  1.0  0.480466
16  1.1  0.392317
16  1.2  0.311892
16  1.4  0.202028
16  1.3  0.251386
16  1.5  0.161442
16  1.6  0.129796
16  1.8  0.0850884
16  1.7  0.104755
16  1.9  0.0693997
16  2.0  0.0566094
16  2.5  0.021692
16  3.0  0.00907009
16  3.5  0.00421648
14  12.0  2.95482e-06
16  4.0  0.00212574
16  4.5  0.00113599
16  5.0  0.000639202
16  5.5  0.000370306
16  6.0  0.000230377
16  7.0  9.06431e-05
16  7.5  5.94668e-05
16  6.5  0.000138873
16  8.0  4.0171e-05
16  8.5  2.7015e-05
16  9.0  1.89467e-05
16  10.0  9.61422e-06
16  9.5  1.32073e-05
16  10.5  7.01025e-06
16  11.0  5.1525e-06
18  0.2  0.56886
18  0.3  0.785153
18  0.4  0.908956
18  0.5  0.938104
18  0.6  0.881547
18  0.7  0.785731
18  0.8  0.672913
18  0.9  0.563443
16  11.5  3.76509e-06
18  1.1  0.374652
18  1.0  0.460076
18  1.2  0.302421
18  1.3  0.244526
18  1.4  0.194326
18  1.5  0.155045
18  1.6  0.125363
18  1.7  0.100468
18  1.8  0.0821087
18  1.9  0.0666854
18  2.0  0.0534496
16  12.0  2.84664e-06
18  2.5  0.0211649
18  3.5  0.00414774
18  3.0  0.00867246
18  4.0  0.00201831
18  4.5  0.00107639
18  5.0  0.000613356
18  5.5  0.000349035
18  6.0  0.000217892
18  7.5  5.6808e-05
18  7.0  8.68273e-05
18  6.5  0.000136895
18  8.5  2.5972e-05
18  8.0  3.82927e-05
18  9.0  1.84506e-05
18  9.5  1.28644e-05
18  10.5  6.67042e-06
18  10.0  9.13758e-06
2  0.2  0.599774
2  0.3  0.830037
2  0.4  0.967606
2  0.5  1.0128
2  0.6  0.964477
18  11.5  3.66431e-06
2  0.7  0.876398
2  0.8  0.758281
18  11.0  4.85499e-06
2  0.9  0.638612
2  1.0  0.524445
2  1.1  0.429597
2  1.2  0.347202
2  1.3  0.278571
2  1.4  0.226766
2  1.5  0.184639
2  1.6  0.147001
2  1.7  0.119907
2  1.9  0.0782949
2  1.8  0.096433
2  2.0  0.0645967
2  2.5  0.0251127
2  3.0  0.0105288
2  3.5  0.00483356
18  12.0  2.68398e-06
2  5.0  0.000721748
2  4.0  0.00245194
2  4.5  0.00131189
2  6.0  0.000247767
2  5.5  0.000421191
2  7.5  6.87761e-05
2  7.0  0.000102708
2  6.5  0.000162371
2  8.5  3.14599e-05
2  8.0  4.61588e-05
2  9.0  2.17729e-05
2  10.0  1.12604e-05
2  9.5  1.58221e-05
2  10.5  7.95556e-06
20  0.2  0.558141
20  0.3  0.771697
20  0.4  0.888389
2  11.0  5.76253e-06
20  0.6  0.856221
20  0.5  0.913792
20  0.7  0.760968
2  11.5  4.42926e-06
20  0.8  0.650189
20  0.9  0.540322
20  1.0  0.439606
20  1.1  0.360225
20  1.2  0.287658
20  1.4  0.18404
20  1.3  0.230532
20  1.5  0.148864
20  1.6  0.118576
20  1.7  0.0955423
20  1.9  0.062492
20  1.8  0.0778806
20  2.0  0.0508767
20  2.5  0.0196318
20  3.0  0.00822678
20  3.5  0.00387422
2  12.0  3.25597e-06
20  4.0  0.0019272
20  4.5  0.00103852
20  5.0  0.000560709
20  5.5  0.000326814
20  6.0  0.000205707
20  7.5  5.32655e-05
20  6.5  0.000126786
20  7.0  8.12383e-05
20  8.0  3.59923e-05
20  8.5  2.46081e-05
20  9.0  1.69296e-05
20  9.5  1.20215e-05
20  10.5  6.21812e-06
20  10.0  8.6045e-06
22  0.2  0.532193
22  0.3  0.756011
20  11.0  4.61956e-06
22  0.4  0.887821
22  0.5  0.875877
22  0.6  0.824194
22  0.7  0.724132
20  11.5  3.44057e-06
22  0.8  0.615691
22  0.9  0.511361
22  1.0  0.41938
22  1.1  0.338356
22  1.2  0.270303
22  1.3  0.21795
22  1.5  0.138291
22  1.4  0.173449
22  1.6  0.110771
22  1.7  0.0896548
22  1.8  0.0717722
22  1.9  0.0586528
22  2.0  0.0477918
22  2.5  0.0182298
22  3.5  0.00354841
22  3.0  0.00761119
20  12.0  2.52353e-06
22  5.5  0.00031193
22  4.0  0.00179887
22  4.5  0.000969955
22  5.0  0.000528
22  6.5  0.000118492
22  7.5  4.99756e-05
22  6.0  0.000191594
22  7.0  7.48295e-05
22  8.5  2.2895e-05
22  8.0  3.35222e-05
22  9.5  1.13083e-05
22  9.0  1.61033e-05
22  10.0  7.94126e-06
22  10.5  5.75007e-06
24  0.2  0.534263
24  0.3  0.735034
24  0.4  0.81945
24  0.5  0.83149
22  11.0  4.31214e-06
24  0.6  0.781895
24  0.7  0.685654
24  0.8  0.578027
24  0.9  0.472344
24  1.0  0.38827
24  1.1  0.312
24  1.2  0.248316
24  1.3  0.199015
24  1.4  0.159598
24  1.5  0.125563
24  1.6  0.102191
24  1.7  0.0822175
24  1.8  0.0665072
24  2.0  0.044005
24  1.9  0.0541612
22  11.5  3.15669e-06
24  2.5  0.0164309
24  3.5  0.00325178
24  3.0  0.00703721
22  12.0  2.38485e-06
24  4.0  0.00163142
24  4.5  0.000884223
24  5.0  0.000493044
24  5.5  0.00029152
24  7.5  4.55115e-05
24  6.5  0.000106918
24  6.0  0.000173277
24  7.0  6.88348e-05
24  8.0  3.04239e-05
24  8.5  2.09084e-05
24  9.0  1.44826e-05
24  9.5  1.01259e-05
26  0.2  0.516419
24  10.0  7.31571e-06
24  10.5  5.27144e-06
26  0.3  0.692908
26  0.4  0.791429
26  0.5  0.784072
26  0.6  0.722589
26  0.7  0.624433
24  11.0  3.89388e-06
26  0.8  0.525214
26  0.9  0.429281
26  1.0  0.351553
26  1.1  0.278624
24  11.5  2.9219e-06
26  1.2  0.222968
26  1.3  0.177922
26  1.4  0.144264
26  1.5  0.113332
26  1.6  0.0916118
26  1.7  0.0725326
26  1.8  0.0587679
26  1.9  0.0479196
26  2.0  0.0392589
24  12.0  2.12325e-06
26  2.5  0.0148137
26  3.5  0.00287255
26  3.0  0.00616628
26  4.0  0.00145098
26  4.5  0.000776064
26  5.5  0.000252878
26  5.0  0.000435839
26  6.0  0.000152275
26  7.0  6.12892e-05
26  7.5  4.02326e-05
26  6.5  9.55809e-05
26  8.5  1.82771e-05
26  8.0  2.65022e-05
26  10.0  6.39452e-06
26  9.0  1.25738e-05
26  9.5  8.91289e-06
26  10.5  4.61465e-06
28  0.2  0.47796
28  0.3  0.648227
28  0.4  0.715698
28  0.5  0.710579
28  0.6  0.646514
26  11.0  3.43454e-06
28  0.7  0.555058
28  0.8  0.460816
28  0.9  0.37366
28  1.0  0.298835
28  1.1  0.241429
26  11.5  2.51238e-06
28  1.2  0.190876
28  1.3  0.152519
28  1.4  0.121958
28  1.5  0.0965528
28  1.6  0.0774743
26  12.0  1.87687e-06
28  1.7  0.0622067
28  1.9  0.0405865
28  1.8  0.0496848
28  2.0  0.0324606
28  2.5  0.0123101
28  3.0  0.00523019
28  3.5  0.00238687
28  5.0  0.00036402
28  4.0  0.00122886
28  4.5  0.000643325
28  6.0  0.000127824
28  5.5  0.000210578
28  6.5  7.95456e-05
28  8.0  2.24449e-05
28  7.0  5.11631e-05
28  7.5  3.32199e-05
28  8.5  1.49348e-05
28  9.0  1.05748e-05
28  10.0  5.42836e-06
28  10.5  3.87647e-06
28  9.5  7.49061e-06
30  0.2  0.445208
28  11.0  2.853e-06
30  0.3  0.582194
30  0.4  0.631309
30  0.5  0.610565
30  0.6  0.542254
30  0.7  0.459092
30  0.8  0.375316
30  0.9  0.300831
30  1.0  0.249568
30  1.1  0.194823
30  1.2  0.154823
30  1.3  0.123009
30  1.4  0.0975626
30  1.5  0.0759815
30  1.6  0.0607586
30  1.7  0.0485212
30  1.8  0.0386073
30  1.9  0.0321518
28  12.0  1.59688e-06
30  2.0  0.0253402
30  2.5  0.00952281
30  3.5  0.00191072
30  3.0  0.00423361
28  11.5  2.07879e-06
30  4.0  0.000938891
30  4.5  0.00050696
30  5.0  0.000283627
30  5.5  0.000158773
30  6.0  9.51807e-05
30  6.5  6.25364e-05
30  7.0  3.99403e-05
30  7.5  2.5706e-05
30  8.0  1.7391e-05
30  9.0  8.38396e-06
30  8.5  1.1851e-05
30  9.5  5.7974e-06
30  10.0  4.17035e-06
30  10.5  3.03226e-06
32  0.2  0.391686
32  0.3  0.497384
32  0.4  0.521213
32  0.5  0.484143
30  11.0  2.21288e-06
32  0.6  0.419113
32  0.7  0.349618
32  0.8  0.282861
32  0.9  0.223537
32  1.0  0.180769
30  11.5  1.67294e-06
32  1.1  0.144008
32  1.2  0.112305
32  1.3  0.0872962
32  1.4  0.070559
32  1.5  0.0544207
32  1.6  0.0453641
32  1.8  0.0282228
32  1.7  0.034875
32  1.9  0.0226726
32  2.0  0.0182419
30  12.0  1.22807e-06
32  2.5  0.00677327
32  3.0  0.0029789
32  3.5  0.00137471
32  4.5  0.000362659
32  4.0  0.00069465
32  5.0  0.000198524
32  5.5  0.000118337
32  7.0  2.79145e-05
32  6.0  6.99627e-05
32  6.5  4.39346e-05
32  7.5  1.85241e-05
32  8.5  8.64585e-06
32  8.0  1.2345e-05
32  9.5  4.26211e-06
32  9.0  5.82906e-06
32  10.0  2.99199e-06
32  11.0  1.59393e-06
4  0.2  0.590073
4  0.3  0.832294
32  10.5  2.2398e-06
4  0.4  0.973382
4  0.5  1.00752
4  0.6  0.973508
4  0.7  0.866752
4  0.8  0.76192
4  0.9  0.638527
4  1.0  0.524896
4  1.1  0.435275
4  1.2  0.350472
4  1.3  0.282232
32  11.5  1.1661e-06
4  1.4  0.2292
4  1.5  0.18325
4  1.6  0.1452
4  1.7  0.120195
4  1.8  0.0957914
4  2.0  0.0631281
4  1.9  0.0783013
4  2.5  0.024274
32  12.0  8.91444e-07
4  3.0  0.0104805
4  3.5  0.00488371
4  5.0  0.000731734
4  4.0  0.00243079
4  4.5  0.0013171
4  6.0  0.000260574
4  6.5  0.00016012
4  5.5  0.00040684
4  7.5  6.77011e-05
4  7.0  0.000103704
4  8.5  3.15633e-05
4  8.0  4.56383e-05
4  9.0  2.17327e-05
4  10.0  1.0866e-05
4  9.5  1.52857e-05
4  10.5  7.87518e-06
6  0.2  0.593646
6  0.3  0.828403
4  11.0  5.6569e-06
6  0.4  0.969546
6  0.5  1.0041
6  0.6  0.962666
6  0.7  0.864692
6  0.8  0.759938
6  1.0  0.523482
4  11.5  4.29875e-06
6  0.9  0.632309
6  1.1  0.42502
6  1.2  0.344796
6  1.3  0.285107
6  1.4  0.225208
6  1.5  0.1803
6  1.7  0.11772
6  1.6  0.145444
6  1.8  0.0956738
6  1.9  0.0778049
6  2.0  0.0626655
6  2.5  0.024425
6  3.0  0.0103096
6  3.5  0.00484151
4  12.0  3.29363e-06
6  5.0  0.000731595
6  4.0  0.00238781
6  4.5  0.00129204
6  6.0  0.000250233
6  5.5  0.000409391
6  7.5  6.73683e-05
6  7.0  0.000101795
6  6.5  0.000157865
6  8.5  3.17631e-05
6  8.0  4.49553e-05
6  9.0  2.1512e-05
6  10.0  1.09835e-05
6  9.5  1.50219e-05
6  10.5  7.83726e-06
8  0.2  0.584964
8  0.3  0.828905
6  11.0  5.72284e-06
8  0.4  0.957168
8  0.5  1.00529
8  0.6  0.962897
8  0.7  0.862712
8  0.8  0.736959
8  0.9  0.627407
6  11.5  4.19111e-06
8  1.0  0.518021
8  1.1  0.427648
8  1.2  0.343679
8  1.3  0.273926
8  1.4  0.220516
8  1.5  0.179124
8  1.6  0.14454
8  1.7  0.11624
8  1.8  0.0939064
8  1.9  0.0768845
8  2.0  0.0625159
8  2.5  0.0242463
8  3.5  0.00474636
8  3.0  0.0102381
6  12.0  3.26522e-06
8  5.0  0.000720437
8  4.0  0.00236068
8  4.5  0.00127295
8  6.0  0.000256398
8  6.5  0.000160736
8  5.5  0.000416574
8  7.0  9.7781e-05
8  7.5  6.64652e-05
8  9.0  2.12222e-05
8  8.0  4.47736e-05
8  8.5  3.01602e-05
8  10.0  1.05435e-05
8  9.5  1.49561e-05
8  10.5  7.72773e-06
8  11.5  4.14861e-06
8  11.0  5.68492e-06
8  12.0  3.13569e-06
