# exclusive D0 cross section, Pb target, LHAPDF fragmentation, An0n channel
# generated      : 2026-08-20 10:21:52 EEST
# calls          : 1e5 below 4.0 GeV, 2e3 above (see EXCL_PT_THRESHOLD) (VEGAS calls per point, see CALLS_EXCL/CALLS_EXCL_FACTORIZED/CALLS_DIFF)
# dipole samples : data/Pb/mve/glauber_mve_<b>
# pD0 sweep      : 0.2 0.3 0.4 0.5 0.6 0.7 0.8 0.9 1.0 1.1 1.2 1.3 1.4 1.5 1.6 1.7 1.8 1.9 2.0 2.5 3.0 3.5 4.0 4.5 5.0 5.5 6.0 6.5 7.0 7.5 8.0 8.5 9.0 9.5 10.0 10.5 11.0 11.5 12.0
# fixed rapidity y : 2.0
# ============================================================
# b  pD0  dsigma_dyd2pD0
0  0.5  0.842158
0  0.4  1.15294
0  0.2  1.98535
0  0.3  1.53893
0  0.6  0.605296
0  0.7  0.429752
0  0.8  0.303945
0  0.9  0.214403
0  1.0  0.150809
0  1.2  0.075659
0  1.1  0.106577
0  1.5  0.0272993
0  1.4  0.0383668
0  1.3  0.0536426
0  1.6  0.0201619
0  1.7  0.0145861
0  1.8  0.0103152
0  1.9  0.00785994
0  2.5  0.00126504
0  2.0  0.00562519
0  3.0  0.000355434
0  3.5  0.000111287
0  4.5  1.11937e-05
0  5.5  1.61556e-06
0  4.0  3.23494e-05
0  5.0  4.11899e-06
0  6.0  6.70555e-07
0  7.0  1.32674e-07
0  6.5  2.92071e-07
0  7.5  6.23683e-08
0  9.5  4.23559e-09
0  8.0  3.03554e-08
0  8.5  1.52981e-08
0  9.0  7.89921e-09
0  10.0  2.27858e-09
10  0.2  1.89723
10  0.3  1.46732
0  10.5  1.2594e-09
10  0.4  1.09757
10  0.5  0.800867
10  0.6  0.573876
10  0.7  0.407683
10  0.8  0.287439
10  0.9  0.201893
10  1.0  0.142231
10  1.1  0.10009
0  11.0  7.15069e-10
10  1.2  0.0711265
10  1.4  0.0361643
10  1.3  0.0502462
10  1.5  0.0259439
10  1.6  0.0188376
10  1.7  0.0131991
10  1.8  0.00965523
10  1.9  0.00718118
0  11.5  4.12183e-10
10  2.0  0.00530845
10  2.5  0.00119275
10  3.5  8.8376e-05
10  3.0  0.000325515
0  12.0  2.41619e-10
10  5.0  3.77883e-06
10  4.0  2.97164e-05
10  4.5  1.02308e-05
10  5.5  1.4819e-06
10  6.0  6.13923e-07
10  7.0  1.2124e-07
10  6.5  2.66735e-07
10  7.5  5.69895e-08
10  8.0  2.7705e-08
10  8.5  1.39476e-08
10  9.0  7.20587e-09
10  9.5  3.82252e-09
10  11.0  6.57116e-10
10  10.0  2.07355e-09
12  0.2  1.85614
12  0.3  1.43458
12  0.4  1.07294
12  0.5  0.781064
12  0.6  0.559806
10  10.5  1.15051e-09
12  0.7  0.396926
12  0.8  0.279572
12  0.9  0.196567
12  1.0  0.138134
12  1.1  0.0973467
12  1.2  0.0690143
12  1.3  0.0490049
12  1.4  0.0352092
12  1.6  0.0182425
12  1.5  0.0247821
12  1.7  0.0128359
12  1.8  0.0093529
12  1.9  0.00685097
12  2.0  0.00505764
12  3.0  0.000317789
12  2.5  0.00122043
12  3.5  8.31063e-05
10  11.5  3.74893e-10
10  12.0  2.19655e-10
12  5.0  3.62628e-06
12  4.0  2.85649e-05
12  4.5  9.82518e-06
12  5.5  1.42051e-06
12  6.0  5.88629e-07
12  6.5  2.55679e-07
12  7.0  1.1582e-07
12  7.5  5.45825e-08
12  8.0  2.65242e-08
12  8.5  1.33645e-08
12  10.0  1.99546e-09
12  9.0  6.89608e-09
12  9.5  3.65453e-09
12  11.0  6.28011e-10
14  0.2  1.80447
14  0.3  1.39385
14  0.4  1.04064
14  0.5  0.757419
12  10.5  1.1034e-09
14  0.6  0.542305
14  0.7  0.384191
14  0.8  0.270314
14  0.9  0.189794
14  1.0  0.133184
14  1.1  0.0939219
14  1.2  0.0661015
14  1.3  0.0470761
14  1.4  0.0336603
14  1.5  0.0237669
14  1.6  0.0175167
14  1.7  0.0126769
14  1.8  0.0089411
14  1.9  0.00655577
14  2.0  0.00484596
14  2.5  0.00116182
14  3.0  0.000294542
14  3.5  8.19393e-05
12  11.5  3.58232e-10
12  12.0  2.10052e-10
14  4.0  2.71719e-05
14  4.5  9.33828e-06
14  5.5  1.35295e-06
14  5.0  3.4354e-06
14  6.0  5.58399e-07
14  6.5  2.42413e-07
14  7.0  1.09858e-07
14  8.5  1.27423e-08
14  7.5  5.1723e-08
14  8.0  2.51224e-08
14  9.0  6.53165e-09
14  9.5  3.46194e-09
16  0.2  1.74341
16  0.3  1.34435
14  10.0  1.87798e-09
16  0.4  1.00288
16  0.5  0.72893
16  0.6  0.521337
14  10.5  1.04104e-09
16  0.7  0.368553
14  11.5  3.40004e-10
16  0.8  0.258843
16  0.9  0.181438
16  1.0  0.127258
16  1.1  0.0893835
16  1.3  0.0447175
16  1.2  0.0631338
16  1.4  0.0319867
16  1.5  0.0225756
14  11.0  5.88547e-10
16  1.7  0.0120599
16  1.6  0.0162565
16  1.8  0.00848195
16  1.9  0.00623032
16  3.0  0.000291381
16  2.0  0.00460878
16  2.5  0.00107772
16  3.5  8.8081e-05
14  12.0  1.98416e-10
16  4.0  2.55741e-05
16  5.5  1.26796e-06
16  4.5  8.76677e-06
16  5.0  3.22362e-06
16  6.0  5.23011e-07
16  6.5  2.26999e-07
16  8.5  1.18857e-08
16  7.0  1.02747e-07
16  7.5  4.83577e-08
16  9.0  6.22559e-09
16  8.0  2.34279e-08
16  9.5  3.22911e-09
16  11.0  5.53327e-10
16  10.0  1.75142e-09
18  0.2  1.67016
18  0.3  1.28648
18  0.4  0.957372
16  10.5  9.7128e-10
18  0.5  0.694048
18  0.6  0.496015
18  0.7  0.350186
18  0.8  0.245535
18  0.9  0.171985
18  1.0  0.120398
18  1.1  0.0843906
18  1.2  0.0596974
18  1.3  0.0424015
18  1.4  0.0301135
18  1.5  0.0214995
18  1.6  0.0154461
18  1.7  0.0109094
18  1.9  0.00599774
18  1.8  0.00791775
18  2.0  0.00438928
18  2.5  0.00100152
18  3.0  0.000274889
18  3.5  7.66983e-05
16  11.5  3.15824e-10
16  12.0  1.84899e-10
18  4.0  2.36654e-05
18  5.5  1.16977e-06
18  4.5  8.10899e-06
18  5.0  2.97803e-06
18  6.0  4.82194e-07
18  6.5  2.09e-07
18  7.0  9.46189e-08
18  7.5  4.44786e-08
18  8.5  1.0876e-08
18  8.0  2.16044e-08
18  9.0  5.60078e-09
18  9.5  2.96821e-09
18  10.0  1.60737e-09
2  0.2  1.98258
2  0.3  1.53589
18  10.5  8.91075e-10
2  0.4  1.15116
2  0.5  0.841322
2  0.6  0.604321
2  0.7  0.428868
18  11.0  5.03371e-10
2  0.8  0.303272
2  0.9  0.213918
2  1.0  0.150793
2  1.1  0.10636
2  1.2  0.0754904
2  1.3  0.0534793
2  1.4  0.0382687
2  1.6  0.0201316
2  1.5  0.02723
2  1.7  0.0145471
2  1.8  0.0103586
2  2.0  0.00572583
2  1.9  0.00758297
2  2.5  0.00137509
18  11.5  2.89606e-10
2  3.0  0.000347286
2  3.5  0.000110216
18  12.0  1.69432e-10
2  4.5  1.11575e-05
2  4.0  3.22096e-05
2  5.5  1.61698e-06
2  5.0  4.10517e-06
2  6.0  6.68311e-07
2  7.0  1.32221e-07
2  6.5  2.91073e-07
2  7.5  6.21545e-08
2  9.5  4.22049e-09
2  8.0  3.02463e-08
2  8.5  1.52455e-08
2  9.0  7.87095e-09
2  10.0  2.2669e-09
20  0.2  1.58064
20  0.3  1.21616
20  0.4  0.903198
2  10.5  1.25965e-09
20  0.5  0.654204
20  0.6  0.465984
20  0.7  0.328061
20  0.8  0.229634
20  0.9  0.160298
20  1.0  0.112076
20  1.1  0.07854
20  1.3  0.0393578
20  1.2  0.0553107
2  11.0  7.1226e-10
20  1.4  0.0274871
20  1.5  0.0196789
20  1.6  0.0140425
20  1.8  0.00747819
20  1.7  0.0100659
20  2.0  0.0039987
20  1.9  0.00535875
2  11.5  4.10721e-10
20  2.5  0.000912612
20  3.0  0.000236366
20  3.5  5.99033e-05
2  12.0  2.40747e-10
20  4.5  7.35989e-06
20  4.0  2.14736e-05
20  5.0  2.69678e-06
20  5.5  1.0537e-06
20  6.0  4.35603e-07
20  6.5  1.88346e-07
20  7.0  8.53455e-08
20  7.5  4.00875e-08
20  8.0  1.94748e-08
20  8.5  9.75205e-09
20  9.0  5.04912e-09
20  9.5  2.66336e-09
20  10.0  1.44215e-09
22  0.2  1.47372
22  0.3  1.13098
22  0.4  0.837591
22  0.5  0.605211
22  0.6  0.429921
22  0.7  0.301111
20  10.5  7.99946e-10
22  0.8  0.210774
22  0.9  0.14667
22  1.0  0.102423
22  1.1  0.0717109
20  11.0  4.51514e-10
22  1.3  0.0357476
22  1.2  0.0501704
22  1.5  0.0181696
22  1.4  0.0249511
22  1.6  0.0126985
22  1.7  0.00942588
22  1.8  0.00656565
22  1.9  0.00489228
22  2.0  0.00352569
22  3.0  0.000215224
22  2.5  0.000834569
20  11.5  2.59671e-10
22  3.5  6.08964e-05
20  12.0  1.51863e-10
22  4.0  1.9043e-05
22  4.5  6.4944e-06
22  5.0  2.38451e-06
22  5.5  9.27091e-07
22  6.5  1.65974e-07
22  6.0  3.82723e-07
22  7.0  7.47541e-08
22  7.5  3.50741e-08
22  8.0  1.70394e-08
22  8.5  8.53305e-09
22  10.0  1.27085e-09
22  9.0  4.40256e-09
22  10.5  7.03275e-10
22  9.5  2.32493e-09
24  0.2  1.34279
24  0.3  1.0271
24  0.4  0.758653
24  0.5  0.54667
24  0.6  0.386578
24  0.7  0.270509
24  0.8  0.188314
24  0.9  0.130697
24  1.0  0.0908654
24  1.1  0.0634217
24  1.2  0.0445552
24  1.3  0.0311229
24  1.4  0.0221892
24  1.5  0.0159584
24  1.6  0.0113818
22  11.0  3.9328e-10
24  1.7  0.007913
24  1.8  0.00571817
24  2.0  0.00305017
24  1.9  0.00416786
24  2.5  0.000700752
22  11.5  2.26163e-10
24  3.0  0.000176235
24  3.5  5.1589e-05
22  12.0  1.32328e-10
24  4.0  1.62087e-05
24  4.5  5.52112e-06
24  5.0  2.01654e-06
24  5.5  7.87255e-07
24  6.0  3.23542e-07
24  6.5  1.39706e-07
24  7.0  6.30089e-08
24  7.5  2.95477e-08
24  8.0  1.43236e-08
24  8.5  7.26485e-09
24  9.0  3.69264e-09
24  9.5  1.94837e-09
24  10.5  5.87164e-10
26  0.2  1.18392
26  0.3  0.902362
24  10.0  1.05347e-09
26  0.4  0.663376
26  0.5  0.475584
26  0.6  0.334847
26  0.7  0.232999
26  0.8  0.161514
26  0.9  0.111693
26  1.0  0.0773994
26  1.1  0.0539388
26  1.2  0.0375937
26  1.3  0.0264695
26  1.5  0.0134132
26  1.4  0.0183853
26  1.6  0.00950214
26  1.7  0.00662155
26  1.8  0.00496715
26  1.9  0.0035688
24  11.0  3.28708e-10
26  2.0  0.00258575
26  2.5  0.000546167
26  3.0  0.000140523
26  3.5  4.23713e-05
24  11.5  1.88874e-10
24  12.0  1.10313e-10
26  4.0  1.32086e-05
26  4.5  4.44427e-06
26  5.0  1.62141e-06
26  5.5  6.29563e-07
26  7.0  5.0388e-08
26  6.0  2.58435e-07
26  6.5  1.11342e-07
26  8.5  5.68027e-09
26  7.5  2.34464e-08
26  8.0  1.13389e-08
26  10.0  8.38857e-10
26  9.0  2.91884e-09
26  9.5  1.5381e-09
28  0.2  0.990877
28  0.3  0.752058
28  0.4  0.549656
28  0.5  0.391248
26  10.5  4.58783e-10
28  0.6  0.27405
28  0.7  0.189759
28  0.8  0.130711
28  0.9  0.0898937
28  1.0  0.0619176
28  1.1  0.0428244
28  1.2  0.0297434
28  1.4  0.0147181
28  1.3  0.0207026
26  11.0  2.58534e-10
28  1.5  0.0102141
28  1.7  0.00513619
28  1.6  0.00722339
28  1.8  0.0038124
28  1.9  0.00274267
28  2.5  0.000421545
28  2.0  0.00198401
28  3.0  0.000113064
28  3.5  3.13215e-05
26  11.5  1.4844e-10
26  12.0  8.66204e-11
28  5.0  1.20964e-06
28  4.0  9.7768e-06
28  5.5  4.65059e-07
28  4.5  3.30025e-06
28  6.0  1.90079e-07
28  6.5  8.19087e-08
28  7.0  3.65922e-08
28  7.5  1.70669e-08
28  8.0  8.24977e-09
28  8.5  4.10486e-09
28  9.5  1.11571e-09
28  10.5  3.31822e-10
28  9.0  2.11292e-09
28  10.0  6.00068e-10
30  0.2  0.769655
30  0.3  0.579697
30  0.4  0.420605
28  12.0  6.25579e-11
30  0.5  0.296983
30  0.6  0.206025
30  0.7  0.14153
30  0.8  0.0968968
30  0.9  0.066117
30  1.0  0.0452405
30  1.1  0.031111
30  1.3  0.0149732
30  1.2  0.0215726
28  11.0  1.85939e-10
30  1.4  0.0104376
30  1.5  0.00723502
30  1.6  0.00526807
30  1.7  0.00361416
30  1.9  0.00190329
30  1.8  0.00261184
30  2.5  0.000311025
30  2.0  0.00137508
30  3.0  7.5148e-05
30  3.5  2.28909e-05
28  11.5  1.06619e-10
30  4.5  2.18448e-06
30  5.5  3.04866e-07
30  4.0  6.51094e-06
30  5.0  7.88835e-07
30  6.5  5.35256e-08
30  6.0  1.23565e-07
30  7.0  2.36445e-08
30  7.5  1.09868e-08
30  8.0  5.29762e-09
30  8.5  2.63378e-09
30  9.0  1.34792e-09
30  9.5  7.07797e-10
30  11.0  1.20458e-10
30  10.0  3.80906e-10
32  0.2  0.539027
32  0.3  0.40215
32  0.4  0.288557
32  0.5  0.201702
32  0.6  0.138475
32  0.7  0.0941453
32  0.8  0.0637459
32  0.9  0.0431516
30  10.5  2.09454e-10
32  1.0  0.0292669
32  1.1  0.0199158
32  1.2  0.0136142
32  1.3  0.00936259
32  1.4  0.00647385
32  1.5  0.00451048
32  1.6  0.00326836
32  1.7  0.00230613
32  1.8  0.00160211
32  1.9  0.00116708
32  2.0  0.000850316
32  2.5  0.000171206
32  3.0  4.24942e-05
32  3.5  1.05217e-05
30  11.5  6.73072e-11
30  12.0  3.915e-11
32  4.0  3.73662e-06
32  5.0  4.4508e-07
32  4.5  1.23989e-06
32  5.5  1.69785e-07
32  6.0  6.78859e-08
32  6.5  2.92319e-08
32  7.0  1.30086e-08
32  7.5  6.01196e-09
32  8.0  2.88741e-09
32  8.5  1.42809e-09
32  9.0  7.28273e-10
32  11.0  6.31455e-11
32  9.5  3.81312e-10
32  10.0  2.04574e-10
4  0.2  1.97198
4  0.3  1.52708
32  10.5  1.12095e-10
4  0.4  1.14443
4  0.5  0.83585
4  0.6  0.600399
4  0.7  0.427219
4  0.8  0.301335
4  0.9  0.21244
4  1.0  0.149594
4  1.1  0.105545
4  1.2  0.074932
4  1.3  0.0531346
4  1.4  0.0378659
4  1.5  0.0269948
4  1.7  0.0144976
4  1.6  0.0195264
4  1.8  0.0104482
4  2.0  0.00556517
4  1.9  0.00753328
4  2.5  0.00135904
4  3.0  0.000351001
4  3.5  0.000103945
32  11.5  3.58156e-11
4  4.5  1.10501e-05
32  12.0  2.07941e-11
4  4.0  3.18998e-05
4  5.0  4.06183e-06
4  5.5  1.60092e-06
4  6.0  6.61562e-07
4  7.0  1.30856e-07
4  6.5  2.87884e-07
4  7.5  6.1532e-08
4  9.5  4.17505e-09
4  8.0  2.99315e-08
4  8.5  1.50767e-08
4  9.0  7.78767e-09
4  10.5  1.25364e-09
4  10.0  2.24386e-09
6  0.2  1.95418
6  0.3  1.51407
6  0.4  1.13302
6  0.5  0.828282
6  0.6  0.594662
6  0.7  0.421751
6  0.8  0.298451
6  0.9  0.209593
6  1.0  0.147827
6  1.1  0.104365
6  1.2  0.0739188
6  1.3  0.0524612
4  11.0  7.04307e-10
6  1.4  0.037435
6  1.5  0.0271056
6  1.6  0.0192126
6  1.7  0.0138991
6  1.8  0.0101105
6  1.9  0.00766977
6  2.0  0.0054763
6  2.5  0.00131963
4  11.5  4.06331e-10
6  3.0  0.000326297
6  3.5  9.45018e-05
4  12.0  2.38101e-10
6  4.0  3.13851e-05
6  4.5  1.08252e-05
6  5.0  3.99426e-06
6  5.5  1.57033e-06
6  6.5  2.86669e-07
6  6.0  6.50296e-07
6  7.0  1.28586e-07
6  7.5  6.04615e-08
6  8.0  2.94067e-08
6  9.5  4.09911e-09
6  8.5  1.48087e-08
6  9.0  7.64899e-09
6  11.0  6.98896e-10
8  0.2  1.92925
6  10.0  2.16179e-09
8  0.3  1.49431
8  0.4  1.1178
8  0.5  0.815442
6  10.5  1.22374e-09
8  0.6  0.585563
8  0.7  0.416048
8  0.8  0.293552
8  0.9  0.206345
8  1.0  0.145407
8  1.1  0.102462
8  1.2  0.0725439
8  1.3  0.0515629
8  1.4  0.037142
8  1.5  0.0267222
8  1.7  0.0139977
8  1.6  0.0188531
8  1.8  0.00989514
8  1.9  0.00726941
8  2.0  0.00551433
8  2.5  0.00130636
8  3.0  0.00033262
8  3.5  0.000102669
6  11.5  3.98799e-10
6  12.0  2.33766e-10
8  5.0  3.89405e-06
8  4.0  3.06564e-05
8  4.5  1.05667e-05
8  5.5  1.53237e-06
8  6.0  6.34437e-07
8  7.0  1.25378e-07
8  6.5  2.75753e-07
8  7.5  5.89494e-08
8  8.0  2.86663e-08
8  9.5  3.99444e-09
8  8.5  1.44369e-08
8  9.0  7.4821e-09
8  11.0  6.80706e-10
8  10.0  2.14738e-09
8  10.5  1.19219e-09
8  11.5  3.91528e-10
8  12.0  2.2769e-10
