# diffractive D0 cross section, Pb target, HymnD fragmentation, An0n channel
# generated      : 2026-08-20 11:03:49 EEST
# calls          : 1e5 (VEGAS calls per point, see CALLS_EXCL/CALLS_EXCL_FACTORIZED/CALLS_DIFF)
# dipole samples : data/Pb/bk_posterior/member_0054/glauber_mve_<b>
# pD0 sweep      : 0.2 0.3 0.4 0.5 0.6 0.7 0.8 0.9 1.0 1.1 1.2 1.3 1.4 1.5 1.6 1.7 1.8 1.9 2.0 2.5 3.0 3.5 4.0 4.5 5.0 5.5 6.0 6.5 7.0 7.5 8.0 8.5 9.0 9.5 10.0 10.5 11.0 11.5 12.0
# fixed rapidity y : -1.0
# ============================================================
# b  pD0  dsigma_dyd2pD0
0  0.2  0.592816
0  0.5  1.18973
0  0.4  1.07814
0  0.3  0.8457
0  0.6  1.19779
0  0.9  0.896585
0  0.7  1.14018
0  0.8  1.03523
0  1.0  0.767893
0  1.2  0.532847
0  1.1  0.642969
0  1.3  0.443969
0  1.6  0.249491
0  1.7  0.201779
0  1.4  0.36523
0  1.5  0.302049
0  1.8  0.168292
0  1.9  0.139682
0  2.0  0.116879
0  2.5  0.0493346
0  3.0  0.0228997
0  3.5  0.0114381
0  5.5  0.00130158
0  4.0  0.0062385
0  4.5  0.00350494
0  5.0  0.00213407
0  6.0  0.00083799
0  7.5  0.000260771
0  6.5  0.000555887
0  7.0  0.000382375
0  9.0  9.62398e-05
0  8.0  0.000183591
0  9.5  7.12458e-05
0  8.5  0.000132073
0  10.0  5.25113e-05
0  11.0  3.06129e-05
0  11.5  2.35743e-05
10  0.2  0.567134
0  10.5  4.07838e-05
10  0.3  0.842515
10  0.4  1.05344
10  0.5  1.15727
10  0.6  1.15867
10  0.7  1.09888
10  0.9  0.867462
10  0.8  1.00019
10  1.0  0.743613
10  1.2  0.514474
10  1.1  0.620099
10  1.3  0.423582
10  1.4  0.351675
10  1.5  0.287542
10  1.8  0.16014
10  1.6  0.237032
10  1.7  0.196073
10  1.9  0.134455
10  2.0  0.11274
10  2.5  0.0469767
10  3.0  0.0218559
0  12.0  1.82112e-05
10  3.5  0.0108625
10  4.0  0.00581801
10  5.5  0.00123432
10  4.5  0.0033446
10  6.5  0.000529677
10  5.0  0.0019832
10  6.0  0.000794748
10  7.5  0.000248161
10  7.0  0.000360326
10  9.0  9.21529e-05
10  8.0  0.000173448
10  8.5  0.000125349
10  10.0  5.0499e-05
10  9.5  7.03246e-05
10  10.5  3.82364e-05
12  0.2  0.575083
12  0.3  0.842002
12  0.4  1.04367
10  11.0  2.93317e-05
12  0.5  1.15116
10  11.5  2.26331e-05
12  0.7  1.09983
12  0.6  1.1736
12  0.8  0.978709
12  0.9  0.855482
12  1.0  0.730328
12  1.1  0.609759
10  12.0  1.73419e-05
12  1.4  0.343763
12  1.2  0.506774
12  1.3  0.416824
12  1.5  0.282431
12  1.6  0.23292
12  1.7  0.192112
12  1.8  0.156982
12  1.9  0.130978
12  2.0  0.108409
12  3.0  0.0213729
12  2.5  0.0460489
12  3.5  0.0106362
12  5.5  0.00120814
12  4.0  0.00571172
12  5.0  0.00194697
12  4.5  0.00332309
12  6.0  0.000777961
12  6.5  0.000518501
12  7.5  0.000245007
12  7.0  0.000355627
12  8.5  0.000123847
12  9.0  8.92376e-05
12  8.0  0.000172754
12  9.5  6.61771e-05
12  10.0  4.98185e-05
12  10.5  3.62149e-05
12  11.0  2.84054e-05
14  0.2  0.567274
12  11.5  2.07593e-05
14  0.3  0.835888
14  0.4  1.03554
14  0.5  1.14506
14  0.6  1.14145
14  0.7  1.08077
14  0.8  0.966759
14  0.9  0.8388
14  1.0  0.710871
14  1.1  0.593437
14  1.2  0.485685
14  1.3  0.407519
14  1.4  0.335427
14  1.5  0.27531
14  1.7  0.188703
14  1.6  0.22667
14  1.8  0.152612
14  1.9  0.127742
14  2.0  0.106127
14  2.5  0.0450647
14  3.5  0.0102219
14  3.0  0.0207038
12  12.0  1.69804e-05
14  5.5  0.00117561
14  4.0  0.00561997
14  4.5  0.00316222
14  5.0  0.0018847
14  6.0  0.000767354
14  7.0  0.000339299
14  7.5  0.000234129
14  6.5  0.000499218
14  9.0  8.80593e-05
14  8.0  0.000165678
14  8.5  0.000120292
14  9.5  6.38041e-05
14  10.0  4.82833e-05
14  10.5  3.63743e-05
16  0.2  0.57232
14  11.5  2.11775e-05
16  0.3  0.824303
16  0.4  0.987643
16  0.5  1.12854
16  0.6  1.12266
16  0.7  1.03692
16  0.8  0.940143
16  0.9  0.803884
16  1.0  0.693539
16  1.1  0.578101
16  1.2  0.468321
14  11.0  2.73549e-05
16  1.4  0.324609
16  1.5  0.265895
16  1.3  0.395562
16  1.6  0.220787
16  1.9  0.123079
16  1.8  0.146931
16  1.7  0.180748
16  2.5  0.0421813
16  2.0  0.103203
16  3.0  0.0198509
14  12.0  1.61642e-05
16  3.5  0.00993472
16  4.0  0.00541379
16  5.5  0.00113318
16  4.5  0.00303291
16  5.0  0.00182337
16  6.0  0.000731098
16  6.5  0.00047992
16  8.0  0.000163073
16  7.5  0.000229348
16  7.0  0.000326995
16  8.5  0.000116198
16  9.0  8.33611e-05
16  10.5  3.51166e-05
16  9.5  6.13762e-05
16  10.0  4.67788e-05
18  0.2  0.560743
16  12.0  1.59051e-05
18  0.3  0.807646
16  11.5  2.04725e-05
18  0.4  1.0045
18  0.5  1.10437
18  0.6  1.10152
16  11.0  2.65758e-05
18  0.7  1.03423
18  0.8  0.916842
18  0.9  0.793359
18  1.0  0.672043
18  1.1  0.561611
18  1.2  0.465054
18  1.4  0.304887
18  1.3  0.378263
18  1.5  0.255645
18  1.6  0.205899
18  1.7  0.173361
18  1.8  0.142878
18  2.0  0.0986306
18  3.5  0.00952899
18  2.5  0.0414395
18  1.9  0.119014
18  3.0  0.0193274
18  4.5  0.00291427
18  5.5  0.00108777
18  4.0  0.00518285
18  5.0  0.00174015
18  6.0  0.000707886
18  7.0  0.000312158
18  7.5  0.00021576
18  8.0  0.000151936
18  6.5  0.000460664
18  9.5  5.96605e-05
18  9.0  7.95949e-05
18  8.5  0.000109697
18  10.0  4.47973e-05
18  12.0  1.51781e-05
18  11.0  2.56818e-05
18  10.5  3.35737e-05
2  0.2  0.587935
2  0.3  0.843342
2  0.4  1.07821
2  0.5  1.18902
2  0.6  1.2138
2  0.7  1.14219
2  0.8  1.03023
2  0.9  0.898754
2  1.0  0.761385
2  1.2  0.536065
2  1.1  0.643632
18  11.5  1.96723e-05
2  1.3  0.442108
2  1.4  0.365253
2  1.5  0.299629
2  1.7  0.203493
2  1.6  0.244257
2  1.8  0.165405
2  1.9  0.137595
2  2.5  0.0490249
2  3.0  0.0228896
2  3.5  0.0113041
2  2.0  0.117139
2  5.5  0.00130195
2  4.0  0.0062603
2  4.5  0.00349082
2  5.0  0.00209526
2  7.5  0.000259947
2  6.0  0.000833891
2  7.0  0.000383262
2  6.5  0.000550719
2  8.0  0.000185479
2  9.0  9.61292e-05
2  8.5  0.000131514
2  9.5  7.05399e-05
2  11.0  3.06651e-05
2  10.0  5.23619e-05
20  0.2  0.552886
2  10.5  3.99754e-05
20  0.3  0.804303
20  0.4  0.98313
20  0.5  1.06716
20  0.6  1.0631
20  0.7  0.991183
20  0.8  0.882801
20  0.9  0.760376
20  1.0  0.643474
20  1.1  0.53765
20  1.2  0.441905
20  1.4  0.295651
20  1.3  0.364201
20  1.5  0.242031
20  1.7  0.162298
20  1.6  0.200592
20  1.8  0.136388
20  1.9  0.110813
2  11.5  2.35951e-05
20  2.5  0.0393554
20  3.0  0.01807
2  12.0  1.85597e-05
20  2.0  0.0933643
20  3.5  0.00897526
20  5.5  0.00107339
20  4.5  0.00277851
20  4.0  0.0048396
20  5.0  0.00163795
20  6.0  0.000657002
20  6.5  0.000442276
20  8.0  0.000143625
20  7.0  0.000294642
20  9.0  7.64823e-05
20  9.5  5.56362e-05
20  7.5  0.000203977
20  8.5  0.000103065
20  10.0  4.12076e-05
20  10.5  3.14217e-05
22  0.2  0.54468
22  0.3  0.785453
22  0.4  0.962678
22  0.5  1.04557
22  0.6  1.0337
20  11.0  2.42031e-05
20  11.5  1.85222e-05
22  0.7  0.953393
22  0.8  0.843555
22  0.9  0.721666
22  1.0  0.607762
22  1.1  0.503117
22  1.2  0.415929
22  1.4  0.275795
22  1.3  0.340521
22  1.5  0.226307
22  1.7  0.153924
22  1.6  0.188
22  1.9  0.103426
22  1.8  0.126719
22  2.0  0.0861163
22  2.5  0.0363352
22  3.0  0.0167411
22  3.5  0.00837214
20  12.0  1.45173e-05
22  4.0  0.00450088
22  5.5  0.000952774
22  4.5  0.00259526
22  5.0  0.00154271
22  6.0  0.0006098
22  6.5  0.000401259
22  7.0  0.00027481
22  7.5  0.000190562
22  9.0  7.04809e-05
22  8.0  0.000136686
22  9.5  5.16469e-05
22  8.5  9.67473e-05
22  10.0  3.90005e-05
22  10.5  2.96217e-05
24  0.2  0.527372
22  12.0  1.32593e-05
24  0.3  0.760756
22  11.0  2.17525e-05
24  0.4  0.920904
24  0.5  1.00136
22  11.5  1.73301e-05
24  0.6  0.971631
24  0.7  0.899176
24  0.9  0.674429
24  0.8  0.790406
24  1.0  0.565291
24  1.1  0.467547
24  1.2  0.38171
24  1.3  0.315415
24  1.4  0.25145
24  1.5  0.212113
24  1.7  0.141927
24  1.6  0.172396
24  1.8  0.116372
24  2.0  0.080078
24  1.9  0.0961292
24  3.0  0.0153895
24  2.5  0.0331734
24  3.5  0.00776142
24  5.5  0.000867854
24  4.0  0.00416085
24  4.5  0.00233032
24  5.0  0.00141618
24  6.0  0.00055952
24  7.0  0.000248073
24  7.5  0.000173148
24  6.5  0.000367018
24  8.0  0.000121426
24  8.5  8.87807e-05
24  9.5  4.68158e-05
24  10.0  3.52129e-05
24  9.0  6.35969e-05
24  10.5  2.6835e-05
26  0.2  0.503785
24  11.0  2.00531e-05
26  0.3  0.733276
26  0.4  0.882694
26  0.5  0.942927
26  0.6  0.906901
26  0.7  0.825892
26  0.8  0.721914
26  0.9  0.613793
26  1.1  0.41993
24  11.5  1.55358e-05
26  1.0  0.508006
26  1.3  0.279192
26  1.2  0.344179
26  1.4  0.230645
26  1.5  0.18887
26  1.7  0.125341
26  1.6  0.152739
26  1.8  0.103088
26  1.9  0.0838372
26  2.0  0.0702133
26  2.5  0.0295909
26  3.0  0.0134242
26  3.5  0.00684394
24  12.0  1.18855e-05
26  5.5  0.000786795
26  4.0  0.0035694
26  4.5  0.00208816
26  5.0  0.00124894
26  6.0  0.000497527
26  6.5  0.000323678
26  7.0  0.000222404
26  7.5  0.000154151
26  8.0  0.00010682
26  8.5  7.82151e-05
26  9.0  5.67221e-05
26  9.5  4.1318e-05
26  10.0  3.12958e-05
26  10.5  2.33461e-05
28  0.2  0.483782
26  11.0  1.77519e-05
28  0.3  0.688867
28  0.4  0.817072
28  0.5  0.856555
28  0.6  0.817666
28  0.7  0.726855
28  0.8  0.633327
28  0.9  0.535156
28  1.0  0.443884
28  1.1  0.362222
28  1.2  0.295634
28  1.3  0.241063
28  1.4  0.195105
28  1.5  0.158917
26  11.5  1.36916e-05
26  12.0  1.07767e-05
28  1.7  0.105896
28  1.6  0.129769
28  1.8  0.0874399
28  1.9  0.0718092
28  2.0  0.0597028
28  3.0  0.0113039
28  2.5  0.0248817
28  3.5  0.00568487
28  4.5  0.00176038
28  4.0  0.00302419
28  5.0  0.0010252
28  5.5  0.000637078
28  6.0  0.000411459
28  7.0  0.00018778
28  8.0  9.22455e-05
28  6.5  0.000276936
28  7.5  0.000129865
28  8.5  6.43293e-05
28  9.0  4.80049e-05
28  9.5  3.54901e-05
28  10.5  1.98589e-05
28  10.0  2.50895e-05
30  0.2  0.450276
30  0.3  0.619768
30  0.4  0.724325
30  0.5  0.738846
28  11.5  1.16029e-05
30  0.6  0.687926
30  0.7  0.612994
30  0.8  0.522156
28  11.0  1.49474e-05
30  0.9  0.436224
30  1.0  0.35831
30  1.1  0.294232
30  1.2  0.237181
30  1.3  0.191185
30  1.4  0.156076
30  1.5  0.127682
30  1.6  0.101355
30  1.8  0.0686358
30  1.7  0.0841461
30  1.9  0.0554893
28  12.0  9.0549e-06
30  2.5  0.0193545
30  2.0  0.0470831
30  3.0  0.00889889
30  3.5  0.00453552
30  5.5  0.000503028
30  4.0  0.00234858
30  4.5  0.00138278
30  5.0  0.000820063
30  6.0  0.000322544
30  7.5  9.96543e-05
30  8.0  7.04092e-05
30  8.5  5.07462e-05
30  6.5  0.000213358
30  7.0  0.000144077
30  9.0  3.65822e-05
30  9.5  2.70751e-05
30  10.0  2.01789e-05
30  10.5  1.55605e-05
32  0.2  0.397588
30  11.5  8.9829e-06
32  0.3  0.542595
32  0.4  0.603167
32  0.5  0.591742
32  0.6  0.534787
30  11.0  1.18879e-05
32  0.7  0.468937
32  0.8  0.395428
32  0.9  0.326348
32  1.0  0.265064
32  1.1  0.215485
32  1.2  0.173487
32  1.4  0.112803
32  1.3  0.139768
32  1.7  0.0606655
32  1.5  0.0923321
32  1.6  0.0736955
32  1.8  0.0503796
32  1.9  0.0411413
32  2.0  0.0350181
32  3.5  0.00318797
32  2.5  0.0141236
32  3.0  0.00646299
30  12.0  7.08935e-06
32  4.0  0.00171934
32  4.5  0.000992656
32  5.0  0.0005758
32  5.5  0.000359227
32  6.0  0.000235816
32  8.0  4.97118e-05
32  6.5  0.000155644
32  7.5  7.27135e-05
32  7.0  0.000103099
32  8.5  3.59904e-05
32  10.0  1.44191e-05
32  9.0  2.6142e-05
32  9.5  1.97855e-05
34  0.2  0.331043
32  10.5  1.09003e-05
34  0.3  0.430505
34  0.4  0.447671
34  0.5  0.425924
34  0.6  0.376933
34  0.7  0.321811
34  0.8  0.266563
34  0.9  0.218497
34  1.0  0.17775
32  11.0  8.32324e-06
34  1.1  0.141779
34  1.2  0.11509
34  1.3  0.0932864
34  1.4  0.0731799
34  1.5  0.0595389
32  12.0  5.06166e-06
34  1.6  0.0497205
34  1.7  0.0402417
34  1.8  0.0326799
34  1.9  0.0263905
34  2.0  0.0222117
34  2.5  0.00913999
34  3.0  0.00409199
32  11.5  6.50845e-06
34  3.5  0.00204852
34  4.0  0.00112252
34  4.5  0.000621423
34  5.0  0.000371902
34  5.5  0.000227336
34  7.0  6.57388e-05
34  6.0  0.000147483
34  7.5  4.68455e-05
34  6.5  9.97884e-05
34  8.5  2.3044e-05
34  8.0  3.23101e-05
34  9.5  1.24728e-05
34  9.0  1.67568e-05
34  10.0  9.28474e-06
34  11.0  5.35126e-06
34  10.5  6.94036e-06
34  11.5  4.03404e-06
4  0.2  0.569605
4  0.3  0.850471
34  12.0  3.1647e-06
4  0.4  1.06802
4  0.5  1.19125
4  0.6  1.19094
4  0.7  1.13806
4  0.8  1.0234
4  0.9  0.887416
4  1.0  0.758876
4  1.1  0.641182
4  1.2  0.530275
4  1.3  0.438831
4  1.4  0.361267
4  1.5  0.2948
4  1.6  0.243634
4  1.7  0.203281
4  1.8  0.162798
4  1.9  0.138611
4  2.5  0.0486268
4  2.0  0.116004
4  3.0  0.0225832
4  3.5  0.0111983
4  5.5  0.00129528
4  4.0  0.00608621
4  4.5  0.00349651
4  5.0  0.00209898
4  7.0  0.000375774
4  7.5  0.000259415
4  6.0  0.000830421
4  8.5  0.000131061
4  6.5  0.000554522
4  9.0  9.69583e-05
4  8.0  0.00018052
4  10.0  5.24264e-05
4  9.5  7.05034e-05
4  10.5  3.98607e-05
4  11.0  3.02084e-05
4  11.5  2.35833e-05
6  0.2  0.58589
6  0.3  0.840054
6  0.4  1.05777
6  0.5  1.18815
6  0.6  1.19305
6  0.7  1.13286
6  0.8  1.01638
6  0.9  0.892312
6  1.0  0.758069
6  1.1  0.633147
6  1.2  0.530332
6  1.4  0.360447
6  1.3  0.433877
6  1.6  0.241114
6  1.7  0.201217
6  1.5  0.296242
6  1.8  0.167003
6  1.9  0.138246
4  12.0  1.81813e-05
6  2.0  0.115601
6  3.5  0.0112335
6  3.0  0.0224833
6  2.5  0.0486077
6  4.0  0.00606468
6  5.5  0.00128398
6  4.5  0.00354593
6  5.0  0.00208821
6  6.0  0.000828015
6  7.5  0.00025585
6  6.5  0.000544553
6  7.0  0.000374569
6  9.0  9.46083e-05
6  8.0  0.000181191
6  8.5  0.000129563
6  10.0  5.12638e-05
6  9.5  6.96729e-05
6  10.5  3.94396e-05
8  0.2  0.583772
8  0.3  0.840302
8  0.4  1.05848
8  0.5  1.17598
8  0.6  1.18475
8  0.7  1.11784
8  0.8  1.01145
8  0.9  0.870874
8  1.0  0.75613
6  11.0  3.05328e-05
8  1.1  0.631612
8  1.2  0.523713
8  1.3  0.431071
8  1.4  0.353541
8  1.5  0.290786
8  1.6  0.238984
8  1.7  0.196813
8  1.8  0.16369
8  1.9  0.136887
6  11.5  2.31325e-05
8  2.0  0.113739
8  2.5  0.0480576
8  3.0  0.0221361
8  3.5  0.0110487
6  12.0  1.81689e-05
8  4.0  0.00605052
8  4.5  0.00345079
8  5.0  0.00203903
8  5.5  0.0012856
8  7.0  0.000365182
8  6.0  0.000823415
8  7.5  0.000259122
8  6.5  0.000536136
8  9.0  9.43224e-05
8  8.0  0.000179464
8  8.5  0.000129707
8  9.5  6.936e-05
8  10.5  3.86551e-05
8  11.0  2.92533e-05
8  10.0  5.15803e-05
8  12.0  1.76734e-05
8  11.5  2.26501e-05
