# diffractive D0 cross section, Pb target, LHAPDF fragmentation, An0n channel
# generated      : 2026-08-20 11:03:49 EEST
# calls          : 1e5 (VEGAS calls per point, see CALLS_EXCL/CALLS_EXCL_FACTORIZED/CALLS_DIFF)
# dipole samples : data/Pb/bk_posterior/member_0054/glauber_mve_<b>
# pD0 sweep      : 0.2 0.3 0.4 0.5 0.6 0.7 0.8 0.9 1.0 1.1 1.2 1.3 1.4 1.5 1.6 1.7 1.8 1.9 2.0 2.5 3.0 3.5 4.0 4.5 5.0 5.5 6.0 6.5 7.0 7.5 8.0 8.5 9.0 9.5 10.0 10.5 11.0 11.5 12.0
# fixed rapidity y : 3.0
# ============================================================
# b  pD0  dsigma_dyd2pD0
0  0.3  0.0904646
0  0.4  0.106862
0  0.2  0.0603888
0  0.5  0.111794
0  0.6  0.10721
0  0.8  0.0784962
0  0.9  0.0623523
0  0.7  0.094165
0  1.0  0.0482853
0  1.2  0.0292815
0  1.1  0.0381213
0  1.3  0.0220767
0  1.5  0.0126603
0  1.4  0.0168538
0  1.6  0.00952261
0  1.7  0.00722095
0  1.8  0.00552948
0  1.9  0.00426386
0  2.0  0.00319296
0  3.0  0.000264261
0  2.5  0.000893541
0  3.5  9.24636e-05
0  4.0  3.37864e-05
0  4.5  1.27983e-05
0  5.0  5.26066e-06
0  5.5  2.28772e-06
0  6.5  4.78474e-07
0  6.0  9.90089e-07
0  7.5  1.14333e-07
0  7.0  2.28758e-07
0  9.0  1.5658e-08
0  8.0  5.59701e-08
0  8.5  2.89687e-08
0  9.5  8.16572e-09
10  0.2  0.0602644
0  10.0  4.55279e-09
10  0.4  0.10452
10  0.3  0.0877643
10  0.5  0.109987
10  0.6  0.104448
10  0.7  0.0914646
10  0.8  0.0761106
0  10.5  2.4382e-09
0  11.0  1.36987e-09
10  1.1  0.0358394
10  1.0  0.0471899
10  0.9  0.0606126
10  1.2  0.0278246
10  1.3  0.0211526
10  1.4  0.0160812
10  1.5  0.0121953
10  1.7  0.00689967
10  1.6  0.00914808
10  1.8  0.00531535
10  1.9  0.00405356
10  2.0  0.00307427
0  11.5  7.82955e-10
10  2.5  0.000846156
10  3.0  0.000247712
10  3.5  8.79338e-05
0  12.0  4.50846e-10
10  4.5  1.27657e-05
10  5.5  2.11886e-06
10  4.0  3.23264e-05
10  5.0  4.84937e-06
10  7.0  2.21976e-07
10  6.0  9.49043e-07
10  6.5  4.50633e-07
10  7.5  1.08058e-07
10  8.0  5.46983e-08
10  8.5  2.80019e-08
10  9.0  1.44799e-08
10  9.5  7.68959e-09
10  10.0  4.20575e-09
12  0.2  0.0599306
12  0.3  0.0871814
10  11.5  7.39692e-10
12  0.4  0.105151
10  10.5  2.34196e-09
12  0.5  0.10965
12  0.7  0.0901106
12  0.6  0.103226
12  0.8  0.0745227
12  0.9  0.0597487
12  1.0  0.0470862
12  1.1  0.0357436
12  1.2  0.028046
12  1.4  0.0157866
12  1.3  0.0209178
10  11.0  1.33149e-09
12  1.5  0.0118307
12  1.7  0.0067521
12  1.8  0.00512025
12  1.9  0.00392308
12  1.6  0.00893318
12  2.5  0.000811395
12  2.0  0.00301485
12  3.0  0.000251773
12  3.5  8.63067e-05
10  12.0  4.17529e-10
12  4.5  1.21331e-05
12  4.0  3.1618e-05
12  5.0  4.90923e-06
12  5.5  2.07312e-06
12  6.5  4.50584e-07
12  6.0  9.4715e-07
12  7.5  1.04266e-07
12  7.0  2.10632e-07
12  8.0  5.38422e-08
12  8.5  2.77211e-08
12  9.0  1.43762e-08
12  10.5  2.29351e-09
12  9.5  7.77892e-09
12  10.0  4.07362e-09
14  0.2  0.0591711
14  0.3  0.0866442
14  0.4  0.104121
14  0.5  0.108759
14  0.6  0.0993525
14  0.7  0.0893806
14  0.8  0.0724427
14  0.9  0.0586532
14  1.0  0.045907
14  1.2  0.0271085
14  1.1  0.0351954
14  1.3  0.020622
14  1.4  0.015341
14  1.5  0.0116114
14  1.7  0.00654745
14  1.6  0.00877549
12  11.0  1.28657e-09
14  1.8  0.00505199
14  2.0  0.00291597
14  1.9  0.00383994
14  2.5  0.000792234
12  11.5  7.23172e-10
14  3.0  0.000243047
14  3.5  8.39575e-05
12  12.0  4.11346e-10
14  4.5  1.16381e-05
14  4.0  3.13313e-05
14  5.0  4.90836e-06
14  5.5  2.08237e-06
14  6.5  4.25109e-07
14  7.0  2.09093e-07
14  6.0  8.89059e-07
14  7.5  1.03149e-07
14  9.0  1.38626e-08
14  8.0  5.24635e-08
14  8.5  2.68524e-08
14  9.5  7.45397e-09
14  10.0  4.05864e-09
14  10.5  2.28583e-09
16  0.2  0.0586767
16  0.3  0.0859131
16  0.4  0.102478
16  0.5  0.106994
16  0.7  0.0863325
16  0.6  0.100963
16  0.8  0.0717119
16  0.9  0.0571685
16  1.0  0.0440181
16  1.2  0.0261056
16  1.3  0.0197207
16  1.1  0.0340581
16  1.4  0.0148182
14  11.0  1.26522e-09
16  1.5  0.0113102
16  1.6  0.00843763
16  1.7  0.00643247
16  1.8  0.00478431
16  2.0  0.00285912
16  1.9  0.00368123
16  3.0  0.000238237
14  11.5  6.96418e-10
16  2.5  0.000779944
16  3.5  8.1203e-05
14  12.0  4.05921e-10
16  4.5  1.16363e-05
16  4.0  2.75194e-05
16  5.0  4.77001e-06
16  5.5  2.05223e-06
16  6.0  9.27052e-07
16  6.5  4.21798e-07
16  7.0  2.05e-07
16  7.5  1.00291e-07
16  9.0  1.32507e-08
16  8.0  5.02348e-08
16  8.5  2.61331e-08
16  9.5  7.14836e-09
16  10.0  3.89601e-09
18  0.2  0.0580588
18  0.3  0.0859867
18  0.4  0.10138
18  0.5  0.104716
18  0.6  0.0978201
16  10.5  2.07468e-09
18  0.7  0.0850985
18  1.0  0.0425331
16  11.0  1.19492e-09
16  11.5  6.66723e-10
18  0.8  0.0705124
18  0.9  0.0551632
18  1.1  0.0326582
18  1.2  0.0248681
18  1.3  0.0190147
18  1.5  0.0108245
18  1.4  0.0143983
18  1.6  0.00817546
18  1.7  0.00624104
18  1.9  0.00356991
18  1.8  0.00464953
16  12.0  3.86947e-10
18  3.0  0.000228532
18  2.0  0.00271129
18  3.5  7.64874e-05
18  2.5  0.00072907
18  4.5  1.05775e-05
18  4.0  2.8608e-05
18  5.0  4.35985e-06
18  5.5  1.92108e-06
18  6.0  8.66379e-07
18  6.5  4.05912e-07
18  7.0  1.81394e-07
18  7.5  9.23933e-08
18  8.0  4.77694e-08
18  8.5  2.47239e-08
18  9.0  1.27329e-08
18  9.5  6.88259e-09
18  10.0  3.60989e-09
2  0.2  0.0603854
2  0.3  0.0887372
2  0.4  0.10552
2  0.5  0.112796
2  0.6  0.106429
2  0.7  0.0937901
2  0.8  0.0784478
18  10.5  2.05094e-09
2  1.0  0.0490854
2  0.9  0.0626351
18  11.5  6.47171e-10
2  1.2  0.0292935
2  1.1  0.0373016
18  11.0  1.13282e-09
2  1.3  0.0219669
2  1.4  0.0167126
2  1.7  0.00720081
2  1.6  0.00955977
2  2.0  0.00314933
2  1.8  0.00556702
2  1.5  0.0125972
2  2.5  0.0008825
2  3.0  0.000270724
2  1.9  0.00423019
2  3.5  9.15149e-05
18  12.0  3.68915e-10
2  4.0  3.38604e-05
2  4.5  1.34602e-05
2  5.0  5.40673e-06
2  5.5  2.3096e-06
2  6.0  1.01009e-06
2  6.5  4.87344e-07
2  7.0  2.23824e-07
2  7.5  1.14202e-07
2  8.0  5.62043e-08
2  8.5  2.94889e-08
2  10.0  4.44905e-09
2  9.0  1.54364e-08
2  9.5  8.1565e-09
20  0.2  0.0580648
20  0.3  0.0842874
20  0.4  0.0991966
20  0.5  0.102787
2  10.5  2.4709e-09
20  0.6  0.0948868
20  0.7  0.0824742
20  0.8  0.0674457
20  0.9  0.0532247
20  1.1  0.0317511
20  1.0  0.041653
20  1.2  0.0239435
20  1.3  0.0180352
2  11.0  1.3877e-09
20  1.4  0.0136137
20  1.5  0.0103325
20  1.6  0.00784017
2  11.5  7.7763e-10
20  1.7  0.00585063
20  1.8  0.00443271
20  1.9  0.00338171
20  2.0  0.00262425
20  3.0  0.000218332
20  2.5  0.000693976
20  3.5  7.23499e-05
2  12.0  4.44256e-10
20  4.0  2.70096e-05
20  4.5  1.05022e-05
20  5.0  4.26149e-06
20  5.5  1.84075e-06
20  6.0  8.2378e-07
20  6.5  3.76495e-07
20  7.0  1.84396e-07
20  7.5  9.06477e-08
20  8.0  4.54812e-08
20  8.5  2.36547e-08
20  9.0  1.17353e-08
20  9.5  6.48907e-09
20  10.0  3.49994e-09
22  0.2  0.0571633
22  0.3  0.0829582
22  0.4  0.0972926
20  10.5  1.92498e-09
22  0.5  0.0994189
22  0.7  0.0786215
22  0.6  0.0918078
22  0.9  0.0509593
22  0.8  0.064345
22  1.0  0.0387916
22  1.1  0.0299051
22  1.2  0.0225874
22  1.3  0.0171987
22  1.4  0.0127484
22  1.5  0.00958684
20  11.0  1.08807e-09
22  1.7  0.0054993
22  1.6  0.00727572
22  1.8  0.00416464
22  1.9  0.00313442
22  2.0  0.00241026
22  2.5  0.000652367
22  3.5  6.78812e-05
22  3.0  0.000202845
20  11.5  6.18315e-10
20  12.0  3.45783e-10
22  4.0  2.52551e-05
22  4.5  9.34125e-06
22  5.0  3.78388e-06
22  5.5  1.68444e-06
22  6.0  7.78557e-07
22  6.5  3.59502e-07
22  8.0  4.07417e-08
22  7.0  1.65106e-07
22  7.5  8.35009e-08
22  9.5  6.12791e-09
22  8.5  2.20718e-08
22  9.0  1.10757e-08
22  10.0  3.31409e-09
22  10.5  1.81849e-09
24  0.2  0.0556679
24  0.3  0.0801217
24  0.4  0.0937489
24  0.5  0.0950095
22  11.0  1.00671e-09
24  0.6  0.0869124
24  0.8  0.06046
24  0.7  0.0753623
24  0.9  0.0469936
24  1.0  0.0362438
22  11.5  5.63067e-10
24  1.3  0.0157743
24  1.1  0.0276024
24  1.2  0.0206976
24  1.4  0.0116934
24  1.5  0.00883501
24  1.7  0.00506507
24  1.6  0.00658507
24  1.8  0.00379996
24  2.0  0.00221905
24  1.9  0.00286913
24  3.0  0.000181213
24  2.5  0.000597828
24  3.5  6.20014e-05
22  12.0  3.28502e-10
24  4.5  8.40569e-06
24  4.0  2.27268e-05
24  5.0  3.62769e-06
24  5.5  1.59643e-06
24  6.5  3.24049e-07
24  6.0  7.11239e-07
24  7.5  7.60954e-08
24  7.0  1.54687e-07
24  8.0  3.85372e-08
24  8.5  1.97914e-08
24  9.0  1.03137e-08
24  9.5  5.52525e-09
24  10.0  2.92117e-09
24  10.5  1.67264e-09
26  0.2  0.0536789
26  0.3  0.0778729
26  0.4  0.0899727
24  11.0  9.02527e-10
26  0.5  0.0900716
26  0.6  0.0811385
26  0.7  0.0676952
26  0.8  0.0550165
26  0.9  0.0427771
26  1.0  0.0330381
26  1.1  0.0248679
26  1.3  0.0141502
26  1.2  0.0188276
26  1.4  0.0107338
26  1.5  0.00796321
26  1.6  0.00594639
26  1.7  0.00454238
26  1.8  0.0034251
26  1.9  0.00255291
26  2.0  0.00194567
26  3.0  0.000158044
26  2.5  0.000537606
26  3.5  5.3631e-05
24  11.5  5.28905e-10
24  12.0  2.89788e-10
26  4.0  2.03173e-05
26  4.5  7.56529e-06
26  5.0  3.37807e-06
26  5.5  1.38455e-06
26  7.0  1.344e-07
26  6.0  6.10631e-07
26  6.5  2.85841e-07
26  7.5  6.80988e-08
26  8.0  3.38301e-08
26  8.5  1.76402e-08
26  9.0  9.13661e-09
26  9.5  4.70289e-09
26  10.0  2.59608e-09
28  0.2  0.0520987
28  0.3  0.0732803
28  0.4  0.083625
26  10.5  1.42647e-09
28  0.5  0.0821306
28  0.6  0.0730861
28  0.7  0.0612624
26  11.5  4.62851e-10
28  0.8  0.048159
28  0.9  0.0378258
28  1.0  0.0282982
28  1.1  0.0216089
28  1.2  0.0165005
26  11.0  8.23877e-10
28  1.3  0.0120418
28  1.5  0.00675011
28  1.4  0.0089856
28  1.7  0.00373999
28  1.6  0.00498522
28  1.8  0.00282847
28  1.9  0.0021483
28  2.0  0.00165445
28  2.5  0.000439929
26  12.0  2.58534e-10
28  3.0  0.000135113
28  3.5  4.57862e-05
28  4.0  1.66072e-05
28  4.5  6.34134e-06
28  5.0  2.68517e-06
28  5.5  1.10222e-06
28  6.0  5.11066e-07
28  6.5  2.29673e-07
28  7.5  5.63046e-08
28  7.0  1.11436e-07
28  8.0  2.80143e-08
28  9.0  7.57995e-09
28  8.5  1.45684e-08
28  9.5  4.12807e-09
28  10.0  2.22633e-09
30  0.2  0.0486511
30  0.3  0.067721
30  0.4  0.0749104
30  0.5  0.0707525
30  0.6  0.0615293
30  0.7  0.0508658
30  0.8  0.0400938
30  0.9  0.0312952
28  10.5  1.20326e-09
30  1.0  0.0234469
30  1.1  0.0174897
28  11.0  6.94709e-10
30  1.2  0.0130869
30  1.3  0.00977379
30  1.4  0.00721039
30  1.5  0.00536622
28  11.5  3.83294e-10
30  1.6  0.00401183
30  1.7  0.00300471
30  1.8  0.00225727
30  1.9  0.00172316
30  2.5  0.000343257
30  2.0  0.00131858
30  3.0  0.000109075
30  3.5  3.61302e-05
28  12.0  2.20913e-10
30  4.0  1.30617e-05
30  4.5  4.92994e-06
30  5.0  2.07301e-06
30  6.0  3.85102e-07
30  5.5  8.75561e-07
30  6.5  1.85394e-07
30  7.0  8.82845e-08
30  7.5  4.43546e-08
30  8.0  2.24222e-08
30  8.5  1.12121e-08
30  9.0  6.05116e-09
30  9.5  3.17311e-09
30  10.0  1.66687e-09
30  10.5  9.64716e-10
32  0.2  0.0442444
32  0.3  0.0590686
32  0.4  0.0621028
32  0.5  0.0576974
32  0.6  0.0481135
32  0.7  0.0394279
32  0.8  0.0304696
32  0.9  0.02322
32  1.1  0.0132447
32  1.0  0.0171935
30  12.0  1.72086e-10
32  1.2  0.00966035
30  11.0  5.36861e-10
32  1.3  0.00709999
32  1.4  0.00527815
32  1.5  0.00394403
32  1.7  0.00221089
32  1.6  0.00293555
32  1.9  0.00123943
32  2.5  0.000244031
32  1.8  0.00166144
32  2.0  0.000934606
32  3.0  7.59944e-05
32  3.5  2.59872e-05
30  11.5  3.05192e-10
32  5.0  1.4568e-06
32  4.0  9.15086e-06
32  4.5  3.5787e-06
32  5.5  6.43563e-07
32  6.0  2.8329e-07
32  7.5  3.16532e-08
32  7.0  6.33641e-08
32  6.5  1.3117e-07
32  8.0  1.59886e-08
32  9.5  2.27741e-09
32  8.5  8.15182e-09
32  9.0  4.12742e-09
32  10.0  1.24564e-09
34  0.2  0.0372578
34  0.3  0.0473858
34  0.4  0.0471064
34  0.5  0.0415015
32  12.0  1.26473e-10
34  0.6  0.0344756
34  0.7  0.0267941
34  0.8  0.0203827
34  0.9  0.0152978
34  1.0  0.0115933
34  1.1  0.00880032
34  1.2  0.00644837
34  1.3  0.0046845
34  1.5  0.00255882
34  1.4  0.00346454
32  10.5  6.84082e-10
34  1.6  0.00195025
34  1.7  0.00141596
32  11.0  3.8502e-10
34  1.8  0.00103561
34  1.9  0.000829098
34  2.0  0.000618705
32  11.5  2.21193e-10
34  2.5  0.000167352
34  3.0  4.73259e-05
34  3.5  1.71161e-05
34  4.0  5.92211e-06
34  4.5  2.29066e-06
34  5.0  9.23579e-07
34  5.5  4.01642e-07
34  6.0  1.78214e-07
34  7.0  4.08848e-08
34  6.5  8.51603e-08
34  7.5  2.05039e-08
34  8.0  1.04214e-08
34  8.5  5.31439e-09
34  9.0  2.70567e-09
34  10.0  7.969e-10
34  9.5  1.39655e-09
4  0.2  0.0602222
34  11.5  1.39066e-10
4  0.3  0.0901765
4  0.4  0.105598
34  10.5  4.443e-10
4  0.5  0.112684
4  0.6  0.10731
4  0.7  0.0939162
4  0.8  0.0772568
4  0.9  0.0625781
4  1.0  0.0487654
4  1.2  0.0286687
4  1.1  0.0376059
4  1.3  0.0220825
34  11.0  2.41298e-10
4  1.4  0.0163887
4  1.7  0.00725359
4  1.5  0.0126184
4  1.6  0.0095302
4  2.0  0.00318694
4  1.9  0.00413907
4  1.8  0.00548076
4  2.5  0.000865206
34  12.0  7.9805e-11
4  3.0  0.000264352
4  3.5  9.17017e-05
4  4.0  3.26004e-05
4  4.5  1.30083e-05
4  5.0  5.19626e-06
4  5.5  2.26902e-06
4  6.0  1.02242e-06
4  6.5  4.67632e-07
4  7.0  2.21474e-07
4  7.5  1.0868e-07
4  8.0  5.69747e-08
4  10.0  4.40273e-09
4  8.5  2.92023e-08
4  9.0  1.51408e-08
4  9.5  8.16599e-09
4  11.0  1.34385e-09
6  0.2  0.0599844
6  0.3  0.0884307
6  0.4  0.107456
6  0.5  0.11199
6  0.7  0.091679
6  0.6  0.106129
4  10.5  2.47247e-09
6  0.9  0.0622629
6  0.8  0.0775808
6  1.0  0.0488501
6  1.2  0.0284062
6  1.3  0.0218602
6  1.1  0.0372965
6  1.5  0.0124693
6  1.6  0.00949889
6  1.4  0.0165525
6  1.7  0.0072026
6  1.8  0.00551013
6  1.9  0.00415357
4  11.5  7.70895e-10
4  12.0  4.40022e-10
6  3.5  8.92478e-05
6  2.0  0.00316019
6  3.0  0.000267151
6  2.5  0.000863213
6  4.0  3.2803e-05
6  4.5  1.32368e-05
6  5.0  5.07081e-06
6  5.5  2.2754e-06
6  6.0  1.06072e-06
6  6.5  4.57602e-07
6  7.0  2.27752e-07
6  8.0  5.51563e-08
6  8.5  2.92681e-08
6  7.5  1.12778e-07
6  9.0  1.53115e-08
6  10.0  4.35665e-09
6  9.5  8.21081e-09
8  0.2  0.0600266
8  0.3  0.0881717
8  0.4  0.105585
8  0.5  0.108687
6  11.0  1.36262e-09
8  0.6  0.10442
8  0.7  0.092513
6  10.5  2.45918e-09
8  0.8  0.0760724
8  0.9  0.0614441
8  1.0  0.0477115
8  1.1  0.0365175
8  1.2  0.0281098
8  1.3  0.0212014
8  1.4  0.0164395
8  1.5  0.0122745
8  1.7  0.00697969
8  1.6  0.00941981
8  1.8  0.00549466
8  1.9  0.00418045
8  2.0  0.00311676
8  2.5  0.000864291
8  3.5  8.93871e-05
8  3.0  0.000260603
6  11.5  7.71185e-10
6  12.0  4.38221e-10
8  4.0  3.30282e-05
8  4.5  1.23992e-05
8  5.0  5.11366e-06
8  5.5  2.2363e-06
8  6.0  1.00114e-06
8  6.5  4.70582e-07
8  7.0  2.24231e-07
8  7.5  1.07323e-07
8  8.0  5.61449e-08
8  8.5  2.85387e-08
8  9.0  1.50071e-08
8  9.5  7.8093e-09
8  10.0  4.36496e-09
8  11.5  7.58491e-10
8  10.5  2.40241e-09
8  11.0  1.34852e-09
8  12.0  4.27207e-10
