# diffractive D0 cross section, Pb target, LHAPDF fragmentation, An0n channel
# generated      : 2026-08-20 11:01:17 EEST
# calls          : 1e5 (VEGAS calls per point, see CALLS_EXCL/CALLS_EXCL_FACTORIZED/CALLS_DIFF)
# dipole samples : data/Pb/bk_posterior/member_0021/glauber_mve_<b>
# pD0 sweep      : 0.2 0.3 0.4 0.5 0.6 0.7 0.8 0.9 1.0 1.1 1.2 1.3 1.4 1.5 1.6 1.7 1.8 1.9 2.0 2.5 3.0 3.5 4.0 4.5 5.0 5.5 6.0 6.5 7.0 7.5 8.0 8.5 9.0 9.5 10.0 10.5 11.0 11.5 12.0
# fixed rapidity y : 0.0
# ============================================================
# b  pD0  dsigma_dyd2pD0
0  0.3  0.809044
0  0.4  1.01116
0  0.5  1.13369
0  0.2  0.558005
0  0.6  1.14463
0  0.8  0.970021
0  0.7  1.07558
0  1.0  0.715882
0  0.9  0.85009
0  1.1  0.60138
0  1.2  0.502428
0  1.4  0.337482
0  1.3  0.412004
0  1.5  0.278384
0  1.7  0.185886
0  1.6  0.228277
0  1.8  0.153704
0  1.9  0.126238
0  2.0  0.10553
0  2.5  0.0435553
0  3.0  0.0196294
0  3.5  0.00971397
0  4.0  0.00517992
0  4.5  0.00290447
0  6.0  0.000663327
0  5.0  0.0017275
0  5.5  0.00105975
0  6.5  0.000442134
0  7.0  0.000288663
0  7.5  0.000201897
0  8.0  0.000138401
0  8.5  0.000100582
0  9.0  7.02241e-05
0  9.5  5.20566e-05
0  11.0  2.19241e-05
0  10.0  3.8231e-05
10  0.2  0.550202
10  0.3  0.795549
10  0.4  1.00203
10  0.5  1.12482
0  10.5  2.87843e-05
10  0.6  1.12913
10  0.7  1.05005
10  0.8  0.937771
10  0.9  0.820544
10  1.0  0.696827
10  1.1  0.583168
10  1.2  0.479015
10  1.3  0.390764
10  1.4  0.327684
10  1.5  0.268804
10  1.6  0.217427
10  1.7  0.177407
10  1.9  0.121265
10  1.8  0.147052
10  2.0  0.100138
10  2.5  0.0408318
0  12.0  1.29223e-05
10  3.0  0.0187131
10  3.5  0.00932912
0  11.5  1.71502e-05
10  4.0  0.00490322
10  5.5  0.000987666
10  4.5  0.00279943
10  5.0  0.00161004
10  6.0  0.000624708
10  6.5  0.000411539
10  7.0  0.00027438
10  7.5  0.000188365
10  8.0  0.000133894
10  8.5  9.34065e-05
10  9.0  6.7432e-05
10  9.5  5.09028e-05
10  11.0  2.1405e-05
10  10.0  3.63254e-05
12  0.2  0.551019
12  0.3  0.794396
10  10.5  2.76539e-05
12  0.4  1.0034
12  0.5  1.10444
12  0.6  1.11831
12  0.7  1.04864
12  0.8  0.931804
12  0.9  0.802535
12  1.0  0.685679
12  1.1  0.570804
12  1.2  0.467725
12  1.3  0.388746
12  1.5  0.262936
12  1.4  0.319576
12  1.6  0.21375
10  12.0  1.2464e-05
12  1.7  0.172992
12  1.8  0.144582
12  1.9  0.118646
12  2.0  0.09839
12  2.5  0.0403986
12  3.0  0.018734
10  11.5  1.67921e-05
12  3.5  0.00910718
12  5.5  0.00097561
12  4.0  0.00478975
12  4.5  0.00273914
12  5.0  0.00157999
12  6.0  0.000614687
12  7.5  0.000186516
12  6.5  0.000409864
12  7.0  0.000267356
12  9.0  6.74501e-05
12  8.0  0.000126848
12  8.5  9.37789e-05
12  9.5  4.85436e-05
12  10.0  3.53444e-05
14  0.2  0.532417
14  0.3  0.783838
12  10.5  2.69779e-05
14  0.4  0.984954
14  0.5  1.08698
14  0.6  1.09305
14  0.7  1.01871
14  0.8  0.913012
14  0.9  0.793693
14  1.0  0.669882
14  1.1  0.553382
12  11.0  2.09563e-05
14  1.2  0.462158
12  12.0  1.18973e-05
14  1.3  0.37493
14  1.4  0.310415
14  1.5  0.247619
14  1.6  0.208695
14  1.9  0.114652
14  1.7  0.172224
14  1.8  0.140038
14  2.0  0.0967582
12  11.5  1.5521e-05
14  2.5  0.0393273
14  3.0  0.0179105
14  3.5  0.00904881
14  4.0  0.00469865
14  5.0  0.00152365
14  5.5  0.000927541
14  4.5  0.00261372
14  6.0  0.000593364
14  7.5  0.000177671
14  6.5  0.00040293
14  7.0  0.000261317
14  9.5  4.82703e-05
14  8.0  0.000124692
14  8.5  8.86091e-05
14  9.0  6.38943e-05
16  0.2  0.533734
14  10.0  3.46421e-05
16  0.3  0.771936
16  0.4  0.974029
16  0.5  1.07683
14  10.5  2.67986e-05
16  0.6  1.0673
16  0.7  0.992125
16  0.8  0.903615
16  0.9  0.76853
16  1.0  0.648695
16  1.1  0.543432
16  1.2  0.448932
16  1.3  0.365384
16  1.4  0.30037
16  1.5  0.243203
14  11.0  1.93947e-05
16  1.6  0.200545
16  1.7  0.16586
16  1.8  0.136711
16  2.0  0.0924567
16  1.9  0.111227
14  12.0  1.16112e-05
16  2.5  0.0375467
16  3.0  0.017319
16  3.5  0.00856564
14  11.5  1.52392e-05
16  4.5  0.00255488
16  5.5  0.000906152
16  4.0  0.00451443
16  5.0  0.00148666
16  7.0  0.000252777
16  6.0  0.000574992
16  6.5  0.000373476
16  7.5  0.000172117
16  8.0  0.000120854
16  8.5  8.71601e-05
16  9.0  6.35044e-05
16  9.5  4.62274e-05
16  11.0  1.89643e-05
16  10.0  3.32457e-05
18  0.2  0.531573
18  0.3  0.77444
18  0.4  0.968765
18  0.5  1.04549
16  10.5  2.51809e-05
18  0.6  1.04449
18  0.7  0.975944
18  0.8  0.87296
18  1.0  0.631222
18  0.9  0.748735
18  1.1  0.524212
18  1.2  0.425521
18  1.3  0.348549
18  1.4  0.290617
18  1.5  0.234746
18  1.6  0.194404
18  1.8  0.127757
18  1.7  0.158323
18  1.9  0.107139
16  12.0  1.15555e-05
18  2.0  0.0889044
18  2.5  0.0363179
18  3.5  0.0080795
18  3.0  0.016646
16  11.5  1.42731e-05
18  4.0  0.00432018
18  5.5  0.000859718
18  4.5  0.00241503
18  5.0  0.00143462
18  6.0  0.000550997
18  7.0  0.000241939
18  6.5  0.000357268
18  7.5  0.00016752
18  8.0  0.000117272
18  8.5  8.37926e-05
18  9.0  5.97074e-05
18  9.5  4.31456e-05
18  10.0  3.25532e-05
18  11.5  1.38383e-05
2  0.2  0.557822
2  0.3  0.809628
2  0.4  1.02535
2  0.5  1.13271
18  10.5  2.44326e-05
2  0.6  1.14653
2  0.7  1.08857
2  0.8  0.978674
2  0.9  0.839062
2  1.0  0.720131
2  1.1  0.606007
18  11.0  1.81177e-05
2  1.3  0.405379
2  1.2  0.498784
2  1.4  0.332448
2  1.5  0.276081
2  1.6  0.224483
2  1.7  0.185273
2  1.8  0.150376
2  2.0  0.10561
2  1.9  0.126303
2  2.5  0.0428515
2  3.0  0.0195429
2  3.5  0.00985642
18  12.0  1.07904e-05
2  4.0  0.00519928
2  4.5  0.00289886
2  6.0  0.000669624
2  5.0  0.00169659
2  5.5  0.00102674
2  6.5  0.000430711
2  7.0  0.000293398
2  7.5  0.000203366
2  8.0  0.000138094
2  8.5  0.000100577
2  9.0  7.07391e-05
2  9.5  5.35318e-05
2  10.0  3.85011e-05
20  0.2  0.524869
20  0.3  0.763395
2  10.5  2.89023e-05
20  0.4  0.946874
20  0.5  1.02843
20  0.6  1.02185
20  0.7  0.936967
20  0.8  0.835452
20  0.9  0.718296
20  1.0  0.610385
20  1.1  0.498261
20  1.2  0.408489
20  1.3  0.337966
20  1.4  0.276125
2  11.0  2.16842e-05
20  1.7  0.150136
20  1.6  0.183014
20  1.5  0.226214
20  1.8  0.123033
20  1.9  0.100866
20  2.0  0.0838189
20  2.5  0.0344301
2  12.0  1.28402e-05
20  3.0  0.0155631
20  3.5  0.00768525
2  11.5  1.70885e-05
20  5.5  0.000817213
20  4.0  0.00401589
20  4.5  0.00226988
20  5.0  0.00132743
20  6.0  0.000528506
20  8.0  0.000108788
20  6.5  0.000340292
20  7.0  0.000233203
20  7.5  0.000154254
20  8.5  7.80575e-05
20  9.0  5.68259e-05
20  9.5  4.11179e-05
20  10.0  3.01495e-05
22  0.2  0.514138
20  10.5  2.25347e-05
22  0.3  0.743938
22  0.4  0.919992
22  0.5  1.0032
22  0.6  0.968715
22  0.7  0.913792
22  0.8  0.794194
22  0.9  0.678587
22  1.0  0.568845
22  1.1  0.468324
22  1.2  0.386097
22  1.3  0.318238
20  11.0  1.71408e-05
22  1.4  0.260602
20  12.0  9.98809e-06
22  1.5  0.210357
22  1.6  0.172759
22  1.7  0.140473
22  1.8  0.11611
22  2.0  0.0778234
22  1.9  0.094919
22  2.5  0.0322702
22  3.5  0.00717491
22  3.0  0.0145563
20  11.5  1.35205e-05
22  4.0  0.00378848
22  4.5  0.00210298
22  5.0  0.00123068
22  5.5  0.000756832
22  6.0  0.000488083
22  7.0  0.000210088
22  6.5  0.000315126
22  7.5  0.000143681
22  8.0  0.00010056
22  8.5  7.3191e-05
22  9.0  5.30167e-05
22  9.5  3.86789e-05
22  10.0  2.8105e-05
24  0.2  0.498321
24  0.3  0.722122
24  0.4  0.886442
24  0.5  0.942378
24  0.6  0.933885
24  0.7  0.85059
24  0.8  0.747627
24  0.9  0.634444
24  1.0  0.532738
22  10.5  2.10883e-05
24  1.1  0.434679
24  1.2  0.359193
24  1.3  0.287821
24  1.4  0.234908
24  1.5  0.192003
24  1.6  0.158057
24  1.8  0.104648
24  1.7  0.128511
24  2.0  0.071291
24  1.9  0.0866636
22  11.0  1.57229e-05
24  2.5  0.0293972
24  3.0  0.0133449
24  3.5  0.00646315
22  11.5  1.24395e-05
22  12.0  9.36662e-06
24  5.5  0.000696105
24  4.0  0.00346478
24  4.5  0.00192471
24  5.0  0.00112713
24  7.0  0.000196417
24  6.0  0.000440538
24  7.5  0.000134152
24  6.5  0.00028955
24  8.0  9.15985e-05
24  8.5  6.5263e-05
24  9.0  4.71002e-05
24  9.5  3.46219e-05
24  10.0  2.54138e-05
26  0.2  0.484426
24  10.5  1.88595e-05
26  0.3  0.704308
26  0.4  0.844864
26  0.5  0.892294
26  0.6  0.869092
26  0.7  0.782234
26  0.8  0.683311
26  0.9  0.577197
26  1.0  0.47713
26  1.1  0.397435
26  1.2  0.321189
26  1.3  0.260385
26  1.4  0.211649
26  1.5  0.171652
26  1.6  0.140162
24  12.0  8.70774e-06
24  11.0  1.44814e-05
26  1.7  0.111725
26  1.8  0.0921627
26  1.9  0.0765316
26  2.0  0.0633305
26  3.0  0.0112533
26  2.5  0.025972
26  3.5  0.00585293
24  11.5  1.09247e-05
26  5.5  0.000606843
26  4.0  0.00304009
26  4.5  0.00173743
26  5.0  0.00102144
26  7.5  0.000115994
26  6.0  0.00038376
26  6.5  0.000252339
26  8.0  8.26745e-05
26  7.0  0.000169941
26  8.5  5.73728e-05
26  10.0  2.21459e-05
26  9.0  4.24054e-05
26  9.5  3.1005e-05
28  0.2  0.459058
26  10.5  1.71646e-05
28  0.3  0.657068
28  0.4  0.782189
28  0.5  0.829479
28  0.6  0.779579
28  0.7  0.698183
26  11.0  1.27737e-05
28  0.8  0.597213
28  0.9  0.506266
28  1.1  0.333401
28  1.0  0.416513
28  1.2  0.275914
28  1.4  0.18244
28  1.3  0.220767
28  1.6  0.11852
28  1.5  0.14521
28  1.7  0.0957112
26  11.5  9.97203e-06
28  1.9  0.065214
28  1.8  0.0792431
28  2.0  0.0537752
28  3.0  0.00983578
28  2.5  0.0220653
28  3.5  0.00483015
26  12.0  7.4917e-06
28  4.0  0.00260695
28  5.0  0.000854335
28  4.5  0.00145637
28  5.5  0.000511358
28  6.0  0.000321459
28  6.5  0.000217114
28  7.0  0.000144012
28  7.5  9.74551e-05
28  8.0  6.75356e-05
28  8.5  4.86021e-05
28  9.0  3.44195e-05
28  9.5  2.60681e-05
28  11.0  1.0634e-05
28  10.0  1.9332e-05
30  0.2  0.423137
30  0.3  0.597791
30  0.4  0.686395
28  10.5  1.40286e-05
30  0.5  0.698428
30  0.6  0.660589
30  0.7  0.577787
30  0.9  0.407452
30  0.8  0.500719
30  1.0  0.339129
30  1.1  0.275701
30  1.2  0.22295
30  1.3  0.176624
30  1.4  0.14349
30  1.5  0.11632
30  1.6  0.0944502
30  1.7  0.0763511
30  1.9  0.0511755
30  1.8  0.0633622
30  2.0  0.0423745
30  2.5  0.0171142
30  3.0  0.00754837
30  3.5  0.00383694
28  11.5  8.19012e-06
28  12.0  6.27034e-06
30  4.0  0.00197387
30  5.0  0.000657374
30  4.5  0.00111141
30  5.5  0.00041123
30  7.0  0.000111562
30  6.0  0.000253553
30  6.5  0.000170292
30  7.5  7.56625e-05
30  8.0  5.2794e-05
30  8.5  3.77398e-05
30  9.0  2.72439e-05
30  9.5  1.97896e-05
32  0.2  0.380766
30  11.5  6.44282e-06
32  0.3  0.517719
30  10.0  1.45662e-05
32  0.4  0.572011
32  0.5  0.567171
32  0.6  0.512497
32  0.7  0.441825
30  10.5  1.10098e-05
32  0.8  0.371543
32  0.9  0.30698
32  1.0  0.250572
32  1.1  0.201261
32  1.2  0.161453
32  1.3  0.12993
32  1.5  0.0845625
32  1.4  0.103728
32  1.6  0.0691642
32  1.7  0.0550358
32  1.8  0.0455838
32  1.9  0.0371645
32  2.0  0.0304525
30  11.0  8.41968e-06
32  2.5  0.0125057
32  3.0  0.00565887
32  3.5  0.00270635
32  4.5  0.000811956
30  12.0  4.92791e-06
32  4.0  0.00140239
32  5.0  0.000467446
32  5.5  0.00029143
32  6.0  0.000184574
32  6.5  0.000120089
32  8.0  3.85432e-05
32  7.0  7.9046e-05
32  7.5  5.47072e-05
32  8.5  2.69868e-05
32  9.0  1.90537e-05
32  9.5  1.42258e-05
32  11.0  5.9875e-06
32  10.0  1.03618e-05
34  0.2  0.318138
34  0.3  0.409023
32  10.5  7.91025e-06
34  0.4  0.426963
34  0.5  0.405452
34  0.6  0.358442
34  0.7  0.303502
34  0.8  0.251823
34  0.9  0.203462
34  1.0  0.164036
34  1.1  0.134985
34  1.3  0.0858313
34  1.2  0.106272
34  1.4  0.0683444
34  1.5  0.0550321
34  1.6  0.0444763
34  1.7  0.0357467
34  1.8  0.0292072
34  1.9  0.0241595
34  2.0  0.0198648
34  2.5  0.00814138
34  3.0  0.00356514
34  3.5  0.0017527
32  11.5  4.53831e-06
32  12.0  3.50648e-06
34  4.5  0.000512561
34  4.0  0.000920372
34  5.0  0.000299441
34  5.5  0.000185364
34  7.0  5.05041e-05
34  6.0  0.000116425
34  6.5  7.41867e-05
34  7.5  3.46925e-05
34  8.0  2.43433e-05
34  8.5  1.71606e-05
34  10.0  6.63729e-06
34  9.0  1.23998e-05
34  9.5  9.24135e-06
4  0.2  0.557276
4  0.3  0.812256
4  0.4  1.02916
4  0.5  1.1254
34  10.5  5.00124e-06
4  0.6  1.15435
4  0.7  1.08751
4  0.8  0.976603
4  0.9  0.838873
4  1.0  0.718247
4  1.1  0.603512
4  1.2  0.495907
4  1.4  0.330422
4  1.3  0.411515
34  11.0  3.83265e-06
4  1.5  0.274472
4  1.6  0.226804
4  1.7  0.185523
4  1.9  0.123678
4  1.8  0.15389
4  2.0  0.104607
4  3.5  0.00976884
4  2.5  0.043116
4  3.0  0.0194867
34  11.5  2.88667e-06
34  12.0  2.23785e-06
4  4.0  0.00519748
4  4.5  0.00287765
4  5.5  0.00103623
4  6.0  0.000647632
4  5.0  0.00170188
4  8.0  0.000137354
4  6.5  0.000425903
4  7.0  0.000287335
4  7.5  0.000202319
4  8.5  0.000100127
4  9.0  7.2361e-05
4  9.5  5.27144e-05
4  11.0  2.23317e-05
4  10.0  3.92763e-05
6  0.2  0.558561
6  0.3  0.805261
6  0.4  1.01783
6  0.5  1.12498
6  0.6  1.14405
6  0.7  1.07963
4  10.5  2.9396e-05
6  0.8  0.957215
6  0.9  0.835066
6  1.0  0.70987
6  1.1  0.597436
6  1.2  0.493612
6  1.3  0.408142
6  1.4  0.329026
6  1.5  0.268403
6  1.6  0.222921
6  1.7  0.183763
6  1.8  0.149929
6  1.9  0.124648
6  2.0  0.102642
6  2.5  0.0427928
4  12.0  1.28625e-05
6  3.0  0.0192035
6  3.5  0.00972489
4  11.5  1.65335e-05
6  4.0  0.00510148
6  4.5  0.00285818
6  5.5  0.00103176
6  5.0  0.00167555
6  6.0  0.000648294
6  7.0  0.000288706
6  6.5  0.000436781
6  7.5  0.000197531
6  8.0  0.000136394
6  8.5  9.89648e-05
6  9.0  7.16997e-05
6  11.0  2.2043e-05
6  9.5  5.10506e-05
8  0.2  0.55637
8  0.3  0.799237
6  10.0  3.88497e-05
8  0.4  1.00889
8  0.5  1.12292
8  0.6  1.121
8  0.7  1.06906
8  0.8  0.961989
8  0.9  0.826217
6  10.5  2.89893e-05
8  1.0  0.705474
8  1.1  0.586902
8  1.2  0.482972
8  1.3  0.396909
8  1.4  0.330341
8  1.5  0.267114
8  1.6  0.222111
8  1.7  0.181893
8  1.8  0.149168
8  1.9  0.123194
8  2.0  0.102256
8  3.0  0.0192119
6  12.0  1.29831e-05
8  2.5  0.0420399
8  3.5  0.00951756
6  11.5  1.67455e-05
8  4.0  0.00509727
8  5.5  0.00100707
8  4.5  0.00280453
8  5.0  0.00165273
8  6.0  0.000650725
8  7.0  0.000286133
8  6.5  0.000430204
8  7.5  0.000197356
8  8.0  0.000137625
8  8.5  9.48544e-05
8  9.0  6.85707e-05
8  9.5  5.02987e-05
8  11.0  2.15018e-05
8  10.0  3.72184e-05
8  10.5  2.79272e-05
8  11.5  1.67107e-05
8  12.0  1.25129e-05
