# exclusive D0 cross section, Pb target, HymnD fragmentation, An0n channel
# generated      : 2026-08-20 10:20:12 EEST
# calls          : 1e5 below 4.0 GeV, 2e3 above (see EXCL_PT_THRESHOLD) (VEGAS calls per point, see CALLS_EXCL/CALLS_EXCL_FACTORIZED/CALLS_DIFF)
# dipole samples : data/Pb/mve/glauber_mve_<b>
# pD0 sweep      : 0.2 0.3 0.4 0.5 0.6 0.7 0.8 0.9 1.0 1.1 1.2 1.3 1.4 1.5 1.6 1.7 1.8 1.9 2.0 2.5 3.0 3.5 4.0 4.5 5.0 5.5 6.0 6.5 7.0 7.5 8.0 8.5 9.0 9.5 10.0 10.5 11.0 11.5 12.0
# fixed rapidity y : -1.0
# ============================================================
# b  pD0  dsigma_dyd2pD0
0  0.3  2.50621
0  0.5  1.48511
0  0.4  1.95765
0  0.2  3.09818
0  0.7  0.803615
0  0.6  1.10022
0  0.8  0.582869
0  0.9  0.420411
0  1.0  0.302141
0  1.2  0.156276
0  1.1  0.217141
0  1.4  0.0840963
0  1.3  0.112285
0  1.7  0.0329913
0  1.6  0.0435003
0  1.5  0.0605249
0  1.8  0.0243781
0  1.9  0.0177829
0  2.0  0.0141637
0  2.5  0.00333915
0  3.0  0.000940467
0  3.5  -4.84448e-05
0  4.0  0.000104706
0  4.5  4.02415e-05
0  5.0  1.66243e-05
0  5.5  7.39371e-06
0  6.5  1.71515e-06
0  7.5  4.93361e-07
0  6.0  3.51687e-06
0  8.0  2.83184e-07
0  7.0  9.16059e-07
0  8.5  1.66815e-07
0  9.5  6.3574e-08
0  9.0  1.01785e-07
0  10.0  4.11842e-08
10  0.2  2.92254
10  0.3  2.36061
0  10.5  2.74785e-08
0  12.0  8.83147e-09
10  0.4  1.83974
10  0.5  1.39117
10  0.6  1.02903
10  0.7  0.749423
10  0.8  0.541528
0  11.0  1.83605e-08
10  0.9  0.389385
10  1.0  0.280149
10  1.2  0.145425
10  1.1  0.200342
10  1.4  0.076503
10  1.3  0.103509
10  1.5  0.05553
10  1.6  0.0399883
10  1.7  0.0300896
10  1.8  0.0219188
10  1.9  0.0165695
10  2.0  0.0121711
0  11.5  1.27337e-08
10  2.5  0.00296166
10  3.0  0.000939818
10  3.5  0.000233016
10  4.0  9.58056e-05
10  4.5  3.66336e-05
10  5.0  1.50387e-05
10  5.5  6.64687e-06
10  6.0  3.14223e-06
10  6.5  1.56406e-06
10  7.5  4.46129e-07
10  8.0  2.55496e-07
10  7.0  8.27521e-07
10  9.0  9.19869e-08
10  8.5  1.52715e-07
10  9.5  5.83189e-08
10  11.0  1.65626e-08
10  10.0  3.77325e-08
12  0.2  2.84317
12  0.3  2.29232
10  11.5  1.14032e-08
12  0.4  1.78565
10  10.5  2.47945e-08
12  0.5  1.34852
12  0.6  0.996662
10  12.0  7.9885e-09
12  0.7  0.725428
12  0.8  0.523871
12  0.9  0.376218
12  1.0  0.270222
12  1.1  0.192895
12  1.2  0.138521
12  1.4  0.0738362
12  1.3  0.0997942
12  1.5  0.0520097
12  1.6  0.0383577
12  1.7  0.0288899
12  1.9  0.0162742
12  1.8  0.0215995
12  2.0  0.012427
12  2.5  0.00293788
12  3.0  0.00088057
12  3.5  0.000226424
12  4.0  9.07233e-05
12  4.5  3.48822e-05
12  5.0  1.43101e-05
12  5.5  6.3518e-06
12  6.5  1.48434e-06
12  7.5  4.253e-07
12  6.0  3.02809e-06
12  7.0  7.89376e-07
12  8.5  1.43617e-07
12  8.0  2.47282e-07
12  9.5  5.48314e-08
12  9.0  8.78361e-08
12  11.5  1.08732e-08
12  10.0  3.59245e-08
14  0.2  2.74336
14  0.3  2.21045
12  10.5  2.35731e-08
14  0.4  1.71821
12  12.0  7.6211e-09
14  0.5  1.29646
12  11.0  1.5934e-08
14  0.6  0.957629
14  0.7  0.695227
14  0.8  0.500755
14  0.9  0.359361
14  1.0  0.257542
14  1.1  0.183989
14  1.3  0.0955815
14  1.2  0.131987
14  1.5  0.0505946
14  1.4  0.0681798
14  1.6  0.0362231
14  1.7  0.0272946
14  1.9  0.0152793
14  1.8  0.0208605
14  2.0  0.0117006
14  2.5  0.00255405
14  3.0  0.000729844
14  3.5  0.000315624
14  4.0  8.555e-05
14  4.5  3.26109e-05
14  5.0  1.34884e-05
14  5.5  5.9907e-06
14  7.5  3.99683e-07
14  6.5  1.40346e-06
14  6.0  2.84814e-06
14  7.0  7.41565e-07
14  9.0  8.21398e-08
14  8.5  1.35199e-07
14  9.5  5.15577e-08
14  8.0  2.32773e-07
14  11.0  1.47605e-08
14  10.0  3.38351e-08
14  11.5  1.02369e-08
16  0.2  2.62447
16  0.3  2.11236
14  10.5  2.22454e-08
16  0.4  1.63962
16  0.5  1.2348
16  0.6  0.908657
14  12.0  7.17762e-09
16  0.7  0.659737
16  0.8  0.474353
16  0.9  0.340811
16  1.0  0.243691
16  1.1  0.173715
16  1.2  0.124339
16  1.3  0.089334
16  1.4  0.0646042
16  1.5  0.0473495
16  1.6  0.0349167
16  1.7  0.0252857
16  1.8  0.0191277
16  1.9  0.014046
16  2.0  0.0106751
16  2.5  0.00230999
16  3.5  -9.46491e-06
16  3.0  0.000840727
16  4.0  7.99485e-05
16  4.5  3.03012e-05
16  5.0  1.25265e-05
16  5.5  5.57543e-06
16  6.5  1.29886e-06
16  6.0  2.65221e-06
16  7.0  6.83777e-07
16  7.5  3.82758e-07
16  8.5  1.25483e-07
16  8.0  2.13797e-07
16  9.5  4.81107e-08
16  9.0  7.77779e-08
16  10.0  3.10001e-08
16  11.0  1.36985e-08
16  10.5  2.04666e-08
18  0.2  2.48314
16  11.5  9.50432e-09
18  0.3  1.99572
18  0.4  1.54459
18  0.5  1.16157
18  0.6  0.852244
16  12.0  6.66221e-09
18  0.7  0.617575
18  0.8  0.443099
18  0.9  0.316923
18  1.0  0.226431
18  1.1  0.162407
18  1.2  0.115672
18  1.3  0.0826482
18  1.4  0.0600885
18  1.5  0.0436233
18  1.7  0.0241208
18  1.6  0.0314927
18  1.9  0.0131246
18  1.8  0.0175778
18  2.0  0.0100347
18  3.0  0.000464332
18  2.5  0.00228054
18  3.5  0.00013061
18  4.0  7.20396e-05
18  6.0  2.40284e-06
18  4.5  2.78683e-05
18  5.0  1.14187e-05
18  5.5  5.08473e-06
18  6.5  1.19578e-06
18  7.0  6.24897e-07
18  7.5  3.45323e-07
18  8.5  1.14338e-07
18  8.0  1.9669e-07
18  9.0  6.96717e-08
18  10.5  1.86292e-08
18  10.0  2.82284e-08
18  11.0  1.24945e-08
18  9.5  4.43672e-08
18  11.5  8.66942e-09
2  0.2  3.09176
2  0.3  2.50054
2  0.4  1.95248
2  0.5  1.4799
2  0.6  1.09809
2  0.7  0.801645
2  0.8  0.581044
2  0.9  0.419297
2  1.0  0.302098
2  1.1  0.216135
2  1.2  0.155715
2  1.3  0.112432
2  1.4  0.0818365
2  1.5  0.0592223
2  1.6  0.0431884
2  1.7  0.0330438
2  1.8  0.0246784
2  1.9  0.0177889
2  2.0  0.0135613
2  2.5  0.00334333
2  3.0  0.000963642
2  3.5  0.000206835
18  12.0  6.10485e-09
2  4.0  0.000104271
2  4.5  4.01874e-05
2  5.0  1.65606e-05
2  5.5  7.36477e-06
2  6.5  1.70849e-06
2  7.5  4.91489e-07
2  6.0  3.50184e-06
2  7.0  9.13542e-07
2  8.0  2.84672e-07
2  8.5  1.66028e-07
2  9.5  6.34307e-08
2  9.0  1.02367e-07
2  10.0  4.10267e-08
2  10.5  2.7072e-08
20  0.2  2.31591
2  11.0  1.83113e-08
20  0.3  1.85804
20  0.4  1.43428
2  12.0  8.80034e-09
20  0.5  1.0753
20  0.6  0.787528
20  0.7  0.569586
20  0.8  0.407034
20  0.9  0.289921
20  1.0  0.206914
20  1.1  0.148043
20  1.2  0.105143
20  1.3  0.0748959
20  1.4  0.055217
20  1.5  0.0396079
20  1.6  0.0291763
20  1.7  0.0216898
20  1.8  0.015783
20  1.9  0.0119108
20  2.0  0.00897981
20  2.5  0.00204906
20  3.5  0.000209341
20  3.0  0.000500338
2  11.5  1.26836e-08
20  5.0  1.02271e-05
20  4.0  6.48389e-05
20  4.5  2.46819e-05
20  5.5  4.5299e-06
20  6.0  2.1404e-06
20  7.0  5.55234e-07
20  8.0  1.78511e-07
20  6.5  1.0728e-06
20  7.5  3.06719e-07
20  8.5  1.01941e-07
20  9.0  6.21588e-08
20  10.0  2.51883e-08
20  11.0  1.1167e-08
20  9.5  3.95106e-08
22  0.2  2.11626
20  10.5  1.66057e-08
20  11.5  7.72558e-09
22  0.3  1.69275
22  0.4  1.30426
20  12.0  5.40453e-09
22  0.5  0.973393
22  0.7  0.51184
22  0.6  0.710816
22  0.8  0.364882
22  0.9  0.259301
22  1.0  0.184085
22  1.1  0.130335
22  1.2  0.0934021
22  1.3  0.0664488
22  1.4  0.0482355
22  1.5  0.0343143
22  1.6  0.02575
22  1.8  0.0138164
22  1.7  0.0186232
22  1.9  0.0105811
22  2.0  0.00763963
22  2.5  0.00179759
22  3.0  0.0005595
22  3.5  0.000172248
22  6.0  1.84034e-06
22  4.0  5.66735e-05
22  4.5  2.14072e-05
22  5.0  8.79072e-06
22  6.5  9.05851e-07
22  5.5  3.91373e-06
22  7.5  2.59311e-07
22  7.0  4.85354e-07
22  8.5  8.78578e-08
22  8.0  1.50504e-07
22  9.5  3.36403e-08
22  9.0  5.41537e-08
22  10.0  2.1701e-08
22  11.0  9.64713e-09
22  11.5  6.68356e-09
24  0.2  1.87741
24  0.3  1.49785
22  10.5  1.44163e-08
24  0.4  1.14923
24  0.5  0.853924
22  12.0  4.6637e-09
24  0.6  0.621184
24  0.7  0.44527
24  0.8  0.316409
24  0.9  0.223964
24  1.0  0.158673
24  1.1  0.112419
24  1.2  0.0795218
24  1.4  0.0410025
24  1.3  0.0565176
24  1.5  0.0290734
24  1.7  0.0152584
24  1.6  0.021217
24  1.8  0.0114372
24  1.9  0.00857016
24  2.0  0.00669419
24  2.5  0.00149826
24  3.5  0.000162478
24  3.0  0.000412683
24  4.0  4.68854e-05
24  6.0  1.51476e-06
24  4.5  1.78098e-05
24  5.0  7.3151e-06
24  5.5  3.23749e-06
24  8.0  1.24023e-07
24  6.5  7.62346e-07
24  7.0  3.98624e-07
24  7.5  2.19163e-07
24  9.0  4.43947e-08
24  9.5  2.76457e-08
24  8.5  7.34146e-08
24  10.0  1.79086e-08
24  10.5  1.18324e-08
26  0.2  1.59645
26  0.3  1.26758
24  11.0  8.00577e-09
24  12.0  3.83605e-09
26  0.4  0.967611
26  0.5  0.715903
26  0.6  0.517051
26  0.7  0.368622
26  0.8  0.260422
24  11.5  5.50297e-09
26  0.9  0.183411
26  1.0  0.1292
26  1.2  0.0644209
26  1.1  0.090954
26  1.3  0.0459686
26  1.4  0.0324034
26  1.5  0.0240705
26  1.6  0.0176473
26  1.7  0.013078
26  1.8  0.00921202
26  1.9  0.00688195
26  2.0  0.00537883
26  2.5  0.00114098
26  3.0  0.000353146
26  3.5  0.000176424
26  4.5  1.38871e-05
26  6.0  1.16881e-06
26  4.0  3.62826e-05
26  5.0  5.68188e-06
26  5.5  2.51343e-06
26  7.0  3.05056e-07
26  6.5  5.84266e-07
26  8.0  9.49981e-08
26  7.5  1.67464e-07
26  9.0  3.42798e-08
26  8.5  5.62086e-08
26  9.5  2.15089e-08
26  10.5  9.15225e-09
26  11.0  6.14578e-09
26  10.0  1.40404e-08
28  0.2  1.2709
28  0.3  1.00337
28  0.4  0.760843
28  0.6  0.400667
28  0.5  0.558635
28  0.7  0.283278
28  0.8  0.198714
28  0.9  0.139433
28  1.0  0.0976064
28  1.1  0.0683112
26  11.5  4.25441e-09
28  1.2  0.0481224
28  1.3  0.0337842
28  1.4  0.0246379
28  1.5  0.0175695
28  1.6  0.0127422
28  1.7  0.00919943
28  1.8  0.00666056
28  2.0  0.00385082
28  1.9  0.00493968
28  2.5  0.000765141
28  3.0  0.000256136
28  3.5  0.000130873
26  12.0  2.99443e-09
28  4.0  2.59057e-05
28  4.5  9.77809e-06
28  5.0  4.01486e-06
28  5.5  1.77695e-06
28  6.5  4.1252e-07
28  6.0  8.30075e-07
28  7.0  2.15897e-07
28  7.5  1.17318e-07
28  8.0  6.69815e-08
28  9.5  1.50647e-08
28  9.0  2.4041e-08
28  8.5  3.98893e-08
28  10.0  9.74286e-09
28  11.0  4.33327e-09
28  10.5  6.43371e-09
30  0.2  0.916313
30  0.3  0.717572
28  11.5  2.99154e-09
30  0.4  0.539325
30  0.5  0.392393
30  0.6  0.278356
28  12.0  2.08794e-09
30  0.7  0.195195
30  0.8  0.135766
30  0.9  0.0944536
30  1.0  0.0655499
30  1.1  0.0455705
30  1.2  0.03182
30  1.3  0.0227658
30  1.5  0.0115024
30  1.4  0.0160303
30  1.7  0.00609356
30  1.6  0.00815953
30  1.8  0.00430052
30  1.9  0.00327618
30  2.0  0.00219757
30  2.5  0.000582753
30  3.5  9.04455e-06
30  3.0  9.76182e-05
30  4.0  1.61119e-05
30  6.0  5.06741e-07
30  4.5  6.07864e-06
30  5.0  2.4823e-06
30  6.5  2.50124e-07
30  5.5  1.09298e-06
30  7.0  1.33051e-07
30  7.5  7.26728e-08
30  8.0  4.16133e-08
30  9.0  1.47597e-08
30  8.5  2.45353e-08
30  9.5  9.23509e-09
30  10.0  5.9628e-09
30  10.5  3.93342e-09
32  0.2  0.576478
32  0.3  0.447431
32  0.4  0.332181
32  0.5  0.238749
30  12.0  1.27737e-09
32  0.6  0.167296
30  11.5  1.82741e-09
32  0.7  0.116044
32  0.8  0.0798501
32  0.9  0.0548914
32  1.0  0.0379158
32  1.1  0.0260611
32  1.2  0.0180198
32  1.3  0.0128429
30  11.0  2.67261e-09
32  1.5  0.00646778
32  1.4  0.00899361
32  1.6  0.00458864
32  1.8  0.00245004
32  1.9  0.00177951
32  1.7  0.00330441
32  2.0  0.00139743
32  2.5  0.000271985
32  3.0  8.77221e-05
32  3.5  4.68432e-05
32  6.0  2.60337e-07
32  4.0  8.4306e-06
32  4.5  3.14798e-06
32  5.0  1.28445e-06
32  5.5  5.63911e-07
32  6.5  1.3048e-07
32  7.5  3.68554e-08
32  8.0  2.09356e-08
32  7.0  6.82233e-08
32  9.0  7.52651e-09
32  8.5  1.23454e-08
32  10.0  3.03129e-09
32  9.5  4.71243e-09
32  10.5  2.00394e-09
4  0.2  3.07106
4  0.3  2.48337
4  0.4  1.93901
32  12.0  6.51946e-10
4  0.5  1.46906
4  0.6  1.08949
4  0.7  0.796465
4  0.8  0.575008
4  0.9  0.414904
4  1.0  0.298975
4  1.1  0.214331
32  11.0  1.35918e-09
4  1.2  0.154009
4  1.3  0.112263
4  1.4  0.0817082
4  1.5  0.0598938
4  1.6  0.0427461
4  1.7  0.0325866
4  1.9  0.0180669
4  1.8  0.0240399
4  2.0  0.0134678
4  3.0  0.000981441
4  3.5  0.000382514
4  2.5  0.0034784
32  11.5  9.39487e-10
4  4.0  0.00010418
4  4.5  3.94469e-05
4  5.0  1.64003e-05
4  5.5  7.28049e-06
4  6.5  1.68934e-06
4  6.0  3.46288e-06
4  7.5  4.86559e-07
4  8.0  2.80197e-07
4  7.0  9.04131e-07
4  8.5  1.64133e-07
4  9.5  6.26173e-08
4  9.0  1.01139e-07
4  10.5  2.67832e-08
4  10.0  4.10868e-08
6  0.2  3.03553
6  0.3  2.4549
6  0.4  1.91465
4  12.0  8.70044e-09
6  0.5  1.4506
6  0.6  1.07448
6  0.7  0.784915
6  0.8  0.566822
4  11.0  1.8225e-08
6  0.9  0.408739
6  1.0  0.293641
6  1.1  0.212177
6  1.2  0.152987
6  1.3  0.109551
6  1.4  0.0790078
6  1.5  0.0587942
6  1.6  0.0424895
6  1.7  0.0322178
4  11.5  1.25349e-08
6  1.9  0.0175379
6  1.8  0.0238513
6  2.0  0.0127599
6  2.5  0.00318404
6  3.0  0.000776465
6  3.5  0.000102971
6  4.0  0.000102673
6  4.5  3.88757e-05
6  5.0  1.60656e-05
6  5.5  7.13496e-06
6  6.0  3.35564e-06
6  6.5  1.70226e-06
6  7.0  8.84033e-07
6  7.5  4.83314e-07
6  9.0  9.67489e-08
6  8.0  2.7644e-07
6  8.5  1.60789e-07
6  10.5  2.62265e-08
6  10.0  3.97651e-08
6  9.5  6.22443e-08
6  11.5  1.21707e-08
8  0.2  2.98752
8  0.3  2.41442
6  12.0  8.53092e-09
8  0.4  1.88215
6  11.0  1.77427e-08
8  0.5  1.42489
8  0.6  1.05531
8  0.8  0.55675
8  0.7  0.769531
8  0.9  0.400673
8  1.0  0.288223
8  1.1  0.207923
8  1.2  0.14967
8  1.3  0.106916
8  1.4  0.0772538
8  1.5  0.0560656
8  1.6  0.0413734
8  1.7  0.0307925
8  1.8  0.0229216
8  1.9  0.017289
8  2.0  0.0128783
8  2.5  0.00340425
8  3.5  0.000248637
8  3.0  0.000861136
8  4.0  9.83871e-05
8  4.5  3.78853e-05
8  5.0  1.56304e-05
8  5.5  6.9356e-06
8  7.5  4.63686e-07
8  6.0  3.30087e-06
8  6.5  1.625e-06
8  7.0  8.57993e-07
8  9.5  5.9791e-08
8  8.0  2.67438e-07
8  8.5  1.5857e-07
8  9.0  9.64024e-08
8  10.5  2.55066e-08
8  11.0  1.72098e-08
8  10.0  3.91605e-08
8  11.5  1.18426e-08
8  12.0  8.29666e-09
