# exclusive D0 cross section, Pb target, HymnD fragmentation, An0n channel
# generated      : 2026-08-20 10:20:12 EEST
# calls          : 1e5 below 4.0 GeV, 2e3 above (see EXCL_PT_THRESHOLD) (VEGAS calls per point, see CALLS_EXCL/CALLS_EXCL_FACTORIZED/CALLS_DIFF)
# dipole samples : data/Pb/mve/glauber_mve_<b>
# pD0 sweep      : 0.2 0.3 0.4 0.5 0.6 0.7 0.8 0.9 1.0 1.1 1.2 1.3 1.4 1.5 1.6 1.7 1.8 1.9 2.0 2.5 3.0 3.5 4.0 4.5 5.0 5.5 6.0 6.5 7.0 7.5 8.0 8.5 9.0 9.5 10.0 10.5 11.0 11.5 12.0
# fixed rapidity y : 2.0
# ============================================================
# b  pD0  dsigma_dyd2pD0
0  0.4  1.08861
0  0.2  1.74184
0  0.3  1.40236
0  0.5  0.81953
0  0.9  0.222572
0  0.8  0.313415
0  0.7  0.436237
0  0.6  0.602795
0  1.2  0.0804546
0  1.1  0.112299
0  1.3  0.0570137
0  1.0  0.158329
0  1.4  0.0412916
0  1.6  0.0216478
0  1.5  0.0295187
0  1.7  0.0156992
0  1.8  0.0114172
0  2.0  0.00601799
0  1.9  0.00816217
0  2.5  0.00143281
0  3.0  0.000363436
0  3.5  0.000123709
0  5.0  4.31656e-06
0  4.0  3.40924e-05
0  4.5  1.16936e-05
0  5.5  1.68357e-06
0  6.0  6.98034e-07
0  6.5  2.99118e-07
0  7.0  1.36884e-07
0  7.5  6.4381e-08
0  8.0  3.12848e-08
0  8.5  1.57181e-08
0  9.0  8.10418e-09
0  9.5  4.29969e-09
0  10.0  2.32502e-09
10  0.2  1.66511
0  10.5  1.2892e-09
10  0.3  1.33874
10  0.4  1.03711
10  0.5  0.779768
10  0.6  0.571356
10  0.7  0.413542
0  11.0  7.28184e-10
10  0.8  0.295765
10  0.9  0.210162
10  1.1  0.105571
10  1.0  0.149059
10  1.2  0.0751389
10  1.3  0.0536522
10  1.4  0.0381725
10  1.5  0.0275628
10  1.6  0.0199313
10  1.7  0.0142721
10  1.8  0.0103938
10  2.0  0.00560128
10  1.9  0.00760512
10  2.5  0.00125166
10  3.5  0.000114416
10  3.0  0.000338801
0  11.5  4.18638e-10
0  12.0  2.45105e-10
10  5.0  3.95958e-06
10  4.0  3.12921e-05
10  4.5  1.07269e-05
10  5.5  1.54396e-06
10  6.0  6.39076e-07
10  6.5  2.7667e-07
10  7.0  1.25154e-07
10  7.5  5.88456e-08
10  8.0  2.85746e-08
10  8.5  1.43341e-08
10  9.0  7.39027e-09
10  9.5  3.91131e-09
10  10.0  2.11859e-09
10  10.5  1.17822e-09
12  0.2  1.62817
12  0.3  1.309
12  0.4  1.01306
12  0.5  0.760511
12  0.6  0.556949
12  0.7  0.402667
12  0.8  0.28788
12  0.9  0.20462
12  1.0  0.144797
12  1.1  0.102552
12  1.2  0.072947
12  1.4  0.0374451
12  1.3  0.0519381
12  1.5  0.0267986
12  1.6  0.0194796
10  11.5  3.8212e-10
10  11.0  6.67363e-10
12  1.7  0.0140351
12  1.9  0.00756904
12  1.8  0.0101006
12  2.0  0.00536837
12  2.5  0.00129545
12  3.0  0.000327176
12  3.5  0.000103497
10  12.0  2.23052e-10
12  4.0  3.00493e-05
12  4.5  1.0314e-05
12  5.0  3.7916e-06
12  5.5  1.48213e-06
12  6.0  6.12429e-07
12  6.5  2.65167e-07
12  7.0  1.19911e-07
12  7.5  5.6248e-08
12  8.0  2.73659e-08
12  8.5  1.37193e-08
12  9.0  7.07105e-09
12  9.5  3.73817e-09
12  10.0  2.02506e-09
12  10.5  1.12164e-09
14  0.2  1.58427
14  0.3  1.27289
14  0.4  0.983633
14  0.5  0.73786
14  0.6  0.539988
14  0.7  0.390156
14  0.8  0.278225
14  0.9  0.197506
14  1.0  0.139762
12  11.5  3.65161e-10
14  1.1  0.0989728
14  1.2  0.0702303
14  1.4  0.0360416
14  1.3  0.0499034
12  11.0  6.33411e-10
14  1.5  0.0256837
14  1.6  0.0183445
14  1.7  0.0135081
14  1.8  0.00970218
14  1.9  0.00727454
14  2.0  0.00531021
14  2.5  0.00125873
14  3.5  0.000105955
14  3.0  0.000296992
12  12.0  2.13163e-10
14  4.0  2.85758e-05
14  4.5  9.80356e-06
14  5.0  3.59502e-06
14  5.5  1.40676e-06
14  6.0  5.8048e-07
14  6.5  2.51403e-07
14  7.0  1.1364e-07
14  7.5  5.33154e-08
14  8.0  2.58851e-08
14  8.5  1.29916e-08
14  9.5  3.55158e-09
14  9.0  6.69504e-09
14  10.0  1.91438e-09
16  0.2  1.5305
16  0.3  1.22801
14  11.0  6.00421e-10
14  10.5  1.06002e-09
16  0.4  0.948403
16  0.5  0.710095
16  0.7  0.373357
16  0.6  0.519527
16  0.8  0.266754
16  0.9  0.189087
16  1.0  0.133753
16  1.1  0.0942706
16  1.2  0.0668789
16  1.3  0.0474184
16  1.4  0.0341421
16  1.5  0.0243467
16  1.6  0.017642
14  11.5  3.45113e-10
16  1.7  0.0127162
16  1.8  0.0093512
16  1.9  0.00688362
16  2.0  0.00492424
16  2.5  0.00114311
16  3.0  0.000286345
16  3.5  9.6136e-05
14  12.0  2.01432e-10
16  4.0  2.69177e-05
16  4.5  9.20597e-06
16  5.0  3.37626e-06
16  6.5  2.37043e-07
16  5.5  1.31725e-06
16  6.0  5.43601e-07
16  7.0  1.06286e-07
16  7.5  4.98546e-08
16  8.0  2.41974e-08
16  8.5  1.21372e-08
16  9.0  6.25579e-09
16  10.5  9.90063e-10
16  9.5  3.30254e-09
16  10.0  1.79215e-09
18  0.2  1.46613
18  0.3  1.17456
18  0.4  0.905857
18  0.5  0.677425
18  0.6  0.494865
16  12.0  1.89614e-10
18  0.7  0.35566
18  0.8  0.252898
18  0.9  0.178478
18  1.1  0.0893322
18  1.0  0.126407
18  1.2  0.0633876
18  1.3  0.0447804
18  1.5  0.0230643
18  1.4  0.0318095
18  1.6  0.0165374
16  11.5  3.21852e-10
18  1.7  0.0118731
16  11.0  5.5839e-10
18  1.8  0.00856698
18  1.9  0.0062561
18  2.5  0.00108665
18  2.0  0.00457174
18  3.5  9.66739e-05
18  3.0  0.000273173
18  4.0  2.49246e-05
18  4.5  8.49847e-06
18  5.0  3.11333e-06
18  5.5  1.21488e-06
18  7.0  9.81105e-08
18  6.0  5.01289e-07
18  6.5  2.16948e-07
18  7.5  4.58643e-08
18  8.0  2.22654e-08
18  8.5  1.11537e-08
18  10.0  1.65024e-09
18  9.0  5.7477e-09
18  9.5  3.03083e-09
2  0.2  1.73865
2  0.3  1.39991
2  0.4  1.08682
2  0.5  0.817862
2  0.6  0.601623
18  10.5  9.07358e-10
2  0.7  0.435462
2  0.8  0.312622
2  0.9  0.22199
18  11.5  2.9525e-10
2  1.0  0.15799
2  1.2  0.0803446
2  1.1  0.112057
2  1.3  0.0569391
2  1.4  0.0411727
2  1.5  0.0293339
2  1.6  0.021551
18  11.0  5.11824e-10
2  1.7  0.0156658
2  1.8  0.0114568
2  1.9  0.0081605
2  2.0  0.00606099
2  2.5  0.00143087
2  3.5  0.0001266
2  3.0  0.000366572
18  12.0  1.72041e-10
2  5.0  4.30189e-06
2  4.0  3.39839e-05
2  4.5  1.16561e-05
2  5.5  1.68081e-06
2  6.0  6.95107e-07
2  6.5  3.01427e-07
2  7.0  1.36417e-07
2  7.5  6.4141e-08
2  8.0  3.12531e-08
2  8.5  1.56632e-08
2  9.0  8.07384e-09
2  9.5  4.27407e-09
2  10.0  2.31683e-09
20  0.2  1.3888
20  0.3  1.11041
20  0.4  0.85507
20  0.5  0.638023
2  10.5  1.284e-09
20  0.6  0.464881
20  0.7  0.333552
20  0.8  0.23704
20  0.9  0.167181
20  1.0  0.117521
20  1.1  0.0830541
20  1.3  0.0415742
20  1.2  0.0587132
20  1.4  0.029809
2  11.0  7.25603e-10
20  1.5  0.0212275
20  1.6  0.0151513
20  1.7  0.0108867
20  1.8  0.00786418
20  1.9  0.00574871
20  2.0  0.00425234
20  2.5  0.000893886
2  11.5  4.17139e-10
20  3.0  0.000234996
20  3.5  6.93303e-05
2  12.0  2.44211e-10
20  4.0  2.2628e-05
20  4.5  7.71448e-06
20  5.0  2.82219e-06
20  5.5  1.09819e-06
20  6.0  4.52638e-07
20  6.5  1.9574e-07
20  7.0  8.81472e-08
20  8.0  2.00849e-08
20  7.5  4.13272e-08
20  10.0  1.48034e-09
20  8.5  1.00328e-08
20  9.0  5.14525e-09
20  9.5  2.72556e-09
22  0.2  1.2949
20  10.5  8.18118e-10
22  0.3  1.03452
22  0.4  0.79404
22  0.5  0.590706
22  0.6  0.429294
22  0.8  0.217607
22  0.7  0.307078
22  0.9  0.153218
22  1.0  0.107382
22  1.1  0.0755473
22  1.3  0.0376652
22  1.2  0.0533915
22  1.4  0.0267269
22  1.6  0.0137733
22  1.5  0.019037
22  1.7  0.0097722
20  11.0  4.59161e-10
22  1.8  0.00709723
22  1.9  0.00525564
22  2.5  0.000902255
22  2.0  0.00383649
22  3.0  0.000236964
22  3.5  6.27675e-05
20  11.5  2.63659e-10
20  12.0  1.54133e-10
22  4.0  2.00468e-05
22  4.5  6.8111e-06
22  5.0  2.48371e-06
22  5.5  9.66652e-07
22  6.0  3.97849e-07
22  6.5  1.71739e-07
22  7.0  7.72759e-08
22  8.0  1.7704e-08
22  7.5  3.6169e-08
22  9.0  4.54894e-09
22  8.5  8.76806e-09
22  10.0  1.29244e-09
22  9.5  2.37771e-09
22  10.5  7.12591e-10
24  0.2  1.18191
24  0.3  0.940871
24  0.4  0.719872
24  0.5  0.533667
24  0.6  0.386678
24  0.7  0.275472
24  0.8  0.19442
24  0.9  0.136591
24  1.0  0.0956295
24  1.1  0.0670393
24  1.2  0.0471657
24  1.3  0.0331604
24  1.4  0.0238162
22  11.0  4.00292e-10
24  1.5  0.0166766
24  1.6  0.0119049
24  1.7  0.00852165
24  1.8  0.00621191
24  1.9  0.00452609
24  2.5  0.000692562
24  2.0  0.0032875
24  3.0  0.000196243
24  3.5  5.35819e-05
22  11.5  2.29573e-10
22  12.0  1.34292e-10
24  4.0  1.70867e-05
24  4.5  5.79191e-06
24  5.0  2.11162e-06
24  5.5  8.17837e-07
24  6.0  3.36243e-07
24  6.5  1.44753e-07
24  7.0  6.50787e-08
24  7.5  3.04397e-08
24  9.0  3.80463e-09
24  8.0  1.47291e-08
24  10.0  1.08694e-09
24  8.5  7.36139e-09
24  9.5  1.99182e-09
26  0.2  1.04137
26  0.3  0.826978
24  10.5  5.93929e-10
26  0.4  0.630288
26  0.5  0.465497
26  0.6  0.335265
26  0.7  0.237901
26  0.8  0.167112
26  0.9  0.1167
26  1.0  0.0815105
26  1.1  0.0567645
26  1.2  0.0399078
26  1.4  0.0197251
26  1.3  0.0278888
24  11.0  3.34483e-10
26  1.5  0.0141337
26  1.7  0.00733105
26  1.6  0.0100835
26  1.9  0.00373922
26  1.8  0.00515364
26  2.0  0.00275558
26  3.0  0.000136266
26  2.5  0.00063812
26  3.5  5.15786e-05
24  11.5  1.91825e-10
24  12.0  1.12024e-10
26  4.0  1.38046e-05
26  4.5  4.65027e-06
26  5.0  1.69436e-06
26  5.5  6.54312e-07
26  6.0  2.68401e-07
26  6.5  1.15207e-07
26  7.0  5.17916e-08
26  7.5  2.41615e-08
26  8.0  1.16586e-08
26  8.5  5.82305e-09
26  10.0  8.51115e-10
26  9.0  2.99053e-09
26  9.5  1.57369e-09
28  0.2  0.873277
28  0.3  0.689992
28  0.4  0.523093
28  0.5  0.383679
28  0.6  0.274887
28  0.7  0.193857
28  0.8  0.135363
28  0.9  0.0939982
28  1.0  0.0652756
28  1.1  0.0453805
28  1.2  0.0316066
26  10.5  4.67258e-10
28  1.3  0.0220312
28  1.4  0.0154967
28  1.6  0.00787294
28  1.5  0.0109451
28  1.8  0.0041121
28  1.7  0.00552122
28  1.9  0.00287993
28  2.0  0.002149
28  2.5  0.000434933
28  3.0  0.000124503
26  11.0  2.62996e-10
28  3.5  2.85994e-05
26  11.5  1.50555e-10
26  12.0  8.78553e-11
28  4.5  3.46628e-06
28  4.0  1.02975e-05
28  5.0  1.25426e-06
28  5.5  4.84284e-07
28  6.0  1.97113e-07
28  8.0  8.53813e-09
28  6.5  8.44282e-08
28  7.0  3.78108e-08
28  8.5  4.23114e-09
28  7.5  1.75978e-08
28  9.5  1.14051e-09
28  9.0  2.16176e-09
28  10.5  3.39354e-10
28  11.0  1.90768e-10
30  0.2  0.679386
28  10.0  6.07715e-10
30  0.3  0.533392
30  0.4  0.401333
30  0.5  0.291948
30  0.6  0.207434
30  0.8  0.100409
30  0.7  0.145041
30  0.9  0.0692975
30  1.0  0.0476346
30  1.1  0.0328951
30  1.2  0.0229715
30  1.3  0.015864
30  1.4  0.0111209
30  1.5  0.00787581
30  1.6  0.00566454
30  1.7  0.00387782
30  1.9  0.00204209
30  1.8  0.0028135
30  2.5  0.000294059
30  2.0  0.00148805
30  3.5  2.26537e-05
30  3.0  9.19821e-05
28  11.5  1.08233e-10
28  12.0  6.29767e-11
30  4.0  6.85552e-06
30  4.5  2.2836e-06
30  5.0  8.223e-07
30  6.0  1.28836e-07
30  5.5  3.15952e-07
30  7.5  1.13562e-08
30  6.5  5.47041e-08
30  7.0  2.44258e-08
30  9.0  1.38436e-09
30  8.0  5.44062e-09
30  8.5  2.69736e-09
30  9.5  7.22902e-10
30  10.0  3.88067e-10
32  0.2  0.476479
32  0.3  0.371069
32  0.4  0.276274
32  0.5  0.198993
32  0.6  0.13967
32  0.7  0.0965165
30  10.5  2.13225e-10
32  0.8  0.0663129
32  0.9  0.0452022
32  1.0  0.0308372
32  1.1  0.0211183
32  1.2  0.0145351
32  1.4  0.00701561
30  11.0  1.19543e-10
32  1.3  0.0100031
32  1.5  0.00496516
32  1.6  0.0034876
32  1.7  0.00240963
32  1.8  0.00172537
32  2.0  0.000900397
32  1.9  0.00123697
32  2.5  0.000182939
32  3.5  1.09717e-05
32  3.0  4.68086e-05
30  11.5  6.82804e-11
30  12.0  3.96932e-11
32  4.0  3.93004e-06
32  4.5  1.30007e-06
32  5.0  4.63441e-07
32  5.5  1.77049e-07
32  6.0  7.12725e-08
32  6.5  3.0292e-08
32  7.0  1.34507e-08
32  7.5  6.19172e-09
32  8.0  2.96458e-09
32  8.5  1.46336e-09
32  9.5  3.89198e-10
32  9.0  7.45248e-10
32  10.0  2.08376e-10
4  0.2  1.73006
4  0.3  1.39209
4  0.4  1.08067
4  0.5  0.813167
4  0.6  0.597233
4  0.7  0.432645
32  10.5  1.14068e-10
4  0.8  0.310422
4  0.9  0.220689
4  1.0  0.15668
4  1.1  0.111158
4  1.2  0.0793801
4  1.3  0.0565276
32  11.0  6.37057e-11
4  1.4  0.0408031
4  1.6  0.0210639
4  1.5  0.0289731
4  1.7  0.0151668
4  1.8  0.0110654
4  1.9  0.00810292
4  2.0  0.00600136
4  2.5  0.00141073
4  3.0  0.00035498
4  3.5  0.000113883
32  11.5  3.62779e-11
32  12.0  2.10386e-11
4  5.0  4.25882e-06
4  4.0  3.36507e-05
4  4.5  1.15384e-05
4  5.5  1.66125e-06
4  6.0  6.88537e-07
4  6.5  2.98329e-07
4  7.0  1.35033e-07
4  7.5  6.34719e-08
4  8.0  3.08537e-08
4  8.5  1.54986e-08
4  9.0  7.98938e-09
4  9.5  4.24352e-09
4  10.0  2.29225e-09
6  0.2  1.71476
4  10.5  1.27012e-09
6  0.3  1.37944
6  0.4  1.07035
6  0.5  0.805342
6  0.6  0.591316
6  0.7  0.428267
6  0.8  0.307014
6  0.9  0.218144
6  1.0  0.154833
6  1.1  0.109985
6  1.2  0.0782963
4  11.0  7.1777e-10
6  1.3  0.055774
6  1.5  0.0286627
6  1.4  0.0399207
6  1.6  0.0205837
6  1.7  0.0151862
6  1.8  0.0112068
6  2.0  0.00588043
6  1.9  0.00800297
4  11.5  4.12633e-10
6  2.5  0.00139651
6  3.0  0.000359327
6  3.5  0.000111967
4  12.0  2.41627e-10
6  5.0  4.18726e-06
6  4.0  3.3103e-05
6  4.5  1.13402e-05
6  5.5  1.63365e-06
6  6.0  6.76933e-07
6  6.5  2.93205e-07
6  7.0  1.32715e-07
6  7.5  6.23718e-08
6  8.0  3.0333e-08
6  8.5  1.52235e-08
6  9.0  7.84599e-09
6  9.5  4.15807e-09
6  10.0  2.2512e-09
8  0.2  1.69308
8  0.3  1.36152
8  0.4  1.05586
8  0.5  0.79383
8  0.6  0.583138
6  10.5  1.24723e-09
8  0.7  0.421673
8  0.9  0.21517
8  0.8  0.301764
8  1.1  0.108119
8  1.0  0.152381
8  1.2  0.0769007
8  1.3  0.0548482
8  1.4  0.0391117
8  1.6  0.0206603
6  11.0  7.04751e-10
8  1.5  0.0280877
8  1.7  0.0149497
8  1.8  0.0106687
8  1.9  0.00780326
8  2.0  0.00579074
8  2.5  0.00128189
8  3.5  0.000109637
8  3.0  0.000338245
6  11.5  4.05109e-10
6  12.0  2.37291e-10
8  5.0  4.08747e-06
8  4.0  3.23245e-05
8  4.5  1.10732e-05
8  5.5  1.59489e-06
8  6.0  6.59797e-07
8  6.5  2.86114e-07
8  7.0  1.29409e-07
8  7.5  6.08063e-08
8  8.0  2.95607e-08
8  8.5  1.48364e-08
8  9.0  7.64539e-09
8  9.5  4.05112e-09
8  10.5  1.21949e-09
8  10.0  2.21169e-09
8  11.0  6.86064e-10
8  12.0  2.31716e-10
8  11.5  3.94565e-10
