# exclusive D0 cross section, Pb target, LHAPDF fragmentation, An0n channel
# generated      : 2026-08-19 15:24:06 EEST
# calls          : 1e5 below 4.0 GeV, 2e3 above (see EXCL_PT_THRESHOLD) (VEGAS calls per point, see CALLS_EXCL/CALLS_EXCL_FACTORIZED/CALLS_DIFF)
# dipole samples : data/Pb/bk_posterior/member_0008/glauber_mve_<b>
# pD0 sweep      : 0.2 0.3 0.4 0.5 0.6 0.7 0.8 0.9 1.0 1.1 1.2 1.3 1.4 1.5 1.6 1.7 1.8 1.9 2.0 2.5 3.0 3.5 4.0 4.5 5.0 5.5 6.0 6.5 7.0 7.5 8.0 8.5 9.0 9.5 10.0 10.5 11.0 11.5 12.0
# fixed rapidity y : 1.0
# ============================================================
# b  pD0  dsigma_dyd2pD0
0  0.4  1.80854
0  0.3  2.30763
0  0.5  1.38055
0  0.2  2.84998
0  0.8  0.55945
0  0.6  1.03115
0  0.7  0.76241
0  0.9  0.408919
0  1.0  0.298653
0  1.1  0.218671
0  1.3  0.118186
0  1.2  0.160569
0  1.4  0.0875593
0  1.5  0.0651143
0  1.6  0.0488964
0  1.7  0.0365374
0  1.8  0.0280761
0  1.9  0.0218401
0  2.0  0.0160253
0  2.5  0.00444017
0  3.5  0.000443312
0  3.0  0.00143766
0  4.5  6.74462e-05
0  5.5  1.24617e-05
0  4.0  0.000170639
0  5.0  2.82099e-05
0  6.0  5.86233e-06
0  6.5  2.8738e-06
0  7.0  1.45608e-06
0  7.5  7.67975e-07
0  8.0  4.20646e-07
0  8.5  2.34333e-07
0  10.0  4.8255e-08
0  9.0  1.35323e-07
0  9.5  7.98531e-08
0  10.5  2.97946e-08
10  0.2  2.71315
10  0.3  2.1912
10  0.4  1.71692
10  0.5  1.30821
10  0.6  0.976683
10  0.7  0.719704
10  0.8  0.525794
10  0.9  0.383664
10  1.0  0.279786
10  1.1  0.204755
10  1.2  0.150011
10  1.3  0.110264
10  1.4  0.0816675
10  1.5  0.0606453
10  1.6  0.0452613
0  11.0  1.86427e-08
10  1.7  0.0338697
10  1.9  0.0200924
10  1.8  0.0262631
10  2.0  0.0151923
10  2.5  0.00398794
0  12.0  7.76404e-09
10  3.5  0.000478648
10  3.0  0.00123228
0  11.5  1.19042e-08
10  4.0  0.00015645
10  4.5  6.15415e-05
10  5.0  2.5786e-05
10  5.5  1.14683e-05
10  6.5  2.61921e-06
10  6.0  5.35367e-06
10  7.0  1.31214e-06
10  7.5  6.98995e-07
10  9.5  7.197e-08
10  8.0  3.8101e-07
10  8.5  2.13352e-07
10  9.0  1.23483e-07
10  10.0  4.39208e-08
10  10.5  2.72085e-08
12  0.2  2.65051
12  0.3  2.14124
12  0.4  1.67464
12  0.5  1.27327
12  0.6  0.949639
12  0.7  0.699212
12  0.8  0.5112
12  0.9  0.372824
12  1.0  0.271343
12  1.1  0.198253
12  1.2  0.145667
12  1.3  0.106972
12  1.4  0.0788947
12  1.5  0.0588176
10  11.0  1.69341e-08
12  1.6  0.0437837
12  1.7  0.0329266
12  1.8  0.0252986
12  1.9  0.018957
10  12.0  7.04556e-09
12  2.0  0.014305
12  2.5  0.00384225
12  3.0  0.00114926
10  11.5  1.08041e-08
12  3.5  0.000380419
12  4.0  0.000150073
12  4.5  5.89324e-05
12  6.0  5.11248e-06
12  5.0  2.47117e-05
12  5.5  1.09837e-05
12  7.0  1.27581e-06
12  6.5  2.50794e-06
12  7.5  6.70547e-07
12  9.5  6.88749e-08
12  8.0  3.64295e-07
12  9.0  1.18089e-07
12  8.5  2.04189e-07
12  10.5  2.59833e-08
14  0.2  2.57377
14  0.3  2.07576
12  10.0  4.19428e-08
14  0.4  1.62255
14  0.5  1.23077
14  0.6  0.918514
14  0.7  0.675428
14  0.8  0.493006
14  0.9  0.359187
14  1.0  0.261508
14  1.1  0.1906
14  1.2  0.139439
14  1.3  0.102535
14  1.4  0.0758179
12  11.0  1.61131e-08
14  1.5  0.0560811
12  12.0  6.72346e-09
14  1.6  0.0419313
14  1.7  0.031702
14  1.8  0.0242016
14  1.9  0.0183052
14  2.5  0.00389189
14  2.0  0.0137638
14  3.0  0.00108547
12  11.5  1.03196e-08
14  3.5  0.000429533
14  4.0  0.000142508
14  4.5  5.60331e-05
14  5.0  2.34492e-05
14  5.5  1.03935e-05
14  6.0  4.87105e-06
14  6.5  2.37812e-06
14  7.0  1.20362e-06
14  7.5  6.32019e-07
14  8.0  3.44425e-07
14  8.5  1.92906e-07
14  10.5  2.45293e-08
14  9.0  1.11323e-07
14  9.5  6.54544e-08
14  10.0  3.96198e-08
16  0.2  2.47892
16  0.3  2.00007
16  0.4  1.56031
16  0.5  1.18338
16  0.6  0.88028
16  0.7  0.646792
16  0.8  0.472205
16  0.9  0.342928
16  1.0  0.248978
16  1.1  0.181561
16  1.2  0.133045
16  1.3  0.0972569
16  1.4  0.0717514
16  1.5  0.0531453
14  11.0  1.52657e-08
14  12.0  6.34156e-09
16  1.6  0.0399602
16  1.7  0.0297299
16  1.8  0.0228161
16  1.9  0.0173763
16  2.5  0.0035393
16  2.0  0.0133204
16  3.0  0.00104652
16  3.5  0.000306281
14  11.5  9.74028e-09
16  4.0  0.000133492
16  4.5  5.24525e-05
16  5.0  2.19362e-05
16  5.5  9.72795e-06
16  6.0  4.55317e-06
16  7.5  5.84412e-07
16  6.5  2.21356e-06
16  7.0  1.12611e-06
16  8.0  3.21171e-07
16  8.5  1.80496e-07
16  9.0  1.03826e-07
16  10.5  2.28403e-08
16  9.5  6.09999e-08
18  0.2  2.36671
18  0.3  1.90641
18  0.4  1.48477
16  10.0  3.69093e-08
18  0.5  1.12428
18  0.6  0.834829
18  0.7  0.611839
18  0.8  0.445968
18  0.9  0.323548
18  1.0  0.234439
18  1.1  0.170692
18  1.2  0.124498
18  1.3  0.0917784
18  1.4  0.0671692
18  1.5  0.050048
18  1.6  0.0370703
18  1.7  0.0284156
18  1.8  0.0213514
18  1.9  0.0161807
18  2.0  0.0123228
18  2.5  0.00322519
18  3.0  0.0010139
18  3.5  0.000433712
16  11.0  1.42187e-08
16  11.5  9.0838e-09
16  12.0  5.86617e-09
18  4.5  4.83527e-05
18  5.0  2.02309e-05
18  4.0  0.000122819
18  6.0  4.12501e-06
18  5.5  8.95322e-06
18  6.5  2.04078e-06
18  7.0  1.02979e-06
18  8.5  1.6444e-07
18  7.5  5.42872e-07
18  8.0  2.94716e-07
18  9.0  9.49351e-08
18  10.5  2.09079e-08
18  9.5  5.59378e-08
18  10.0  3.38663e-08
2  0.2  2.84437
2  0.3  2.30394
18  11.0  1.30199e-08
2  0.4  1.8051
2  0.6  1.02925
2  0.5  1.37782
2  0.7  0.760563
2  0.8  0.558356
2  0.9  0.40776
2  1.0  0.297858
2  1.1  0.218036
2  1.2  0.16007
2  1.3  0.118125
2  1.4  0.0873682
2  1.5  0.0650873
2  1.6  0.0486228
18  12.0  5.39332e-09
2  1.7  0.0365007
2  1.8  0.0276081
2  1.9  0.0215638
2  2.0  0.0160823
18  11.5  8.32262e-09
2  2.5  0.00444076
2  3.0  0.00131886
2  3.5  0.000521174
2  4.5  6.72543e-05
2  5.5  1.24185e-05
2  4.0  0.000170073
2  5.0  2.81121e-05
2  7.5  7.58499e-07
2  6.5  2.86293e-06
2  6.0  5.84225e-06
2  7.0  1.45098e-06
2  8.0  4.19466e-07
2  8.5  2.3352e-07
2  9.0  1.34832e-07
2  9.5  7.95623e-08
2  10.5  2.96859e-08
2  10.0  4.78959e-08
20  0.2  2.23254
20  0.3  1.79463
20  0.4  1.3947
20  0.5  1.05429
20  0.6  0.780339
20  0.7  0.570372
20  0.8  0.414853
20  0.9  0.300388
20  1.0  0.217126
20  1.1  0.157622
20  1.2  0.115608
20  1.3  0.084417
20  1.5  0.046022
20  1.4  0.0618254
20  1.6  0.0341092
20  1.7  0.0256125
20  1.8  0.0192923
20  2.5  0.00290496
20  1.9  0.0145602
20  3.0  0.000886122
20  2.0  0.0110516
20  3.5  0.000295801
2  11.0  1.85744e-08
2  12.0  7.73591e-09
2  11.5  1.18606e-08
20  5.0  1.82453e-05
20  4.0  0.000111038
20  6.0  3.76331e-06
20  4.5  4.35765e-05
20  6.5  1.83453e-06
20  5.5  8.07656e-06
20  8.0  2.62735e-07
20  7.0  9.18186e-07
20  7.5  4.86669e-07
20  9.0  8.53467e-08
20  8.5  1.47991e-07
20  10.5  1.87452e-08
20  9.5  5.01317e-08
20  10.0  3.02838e-08
22  0.2  2.0695
22  0.3  1.66208
22  0.4  1.28777
20  11.0  1.16573e-08
22  0.5  0.970497
22  0.6  0.716753
22  0.7  0.522819
22  0.8  0.378423
22  0.9  0.273632
22  1.0  0.197236
22  1.1  0.142982
22  1.2  0.104551
22  1.3  0.0758534
22  1.5  0.0414606
22  1.4  0.0557897
22  1.6  0.0309172
22  1.7  0.022768
22  1.8  0.0175036
22  1.9  0.0132078
22  2.0  0.00979751
22  2.5  0.00254988
22  3.0  0.000804539
22  3.5  0.000204768
20  11.5  7.44584e-09
20  12.0  4.80473e-09
22  4.5  3.834e-05
22  5.0  1.59789e-05
22  4.0  9.77307e-05
22  6.0  3.31288e-06
22  5.5  7.06316e-06
22  6.5  1.60239e-06
22  7.0  8.07866e-07
22  7.5  4.24807e-07
22  8.0  2.30663e-07
22  9.0  7.43002e-08
22  8.5  1.29089e-07
22  10.5  1.61473e-08
22  9.5  4.36195e-08
24  0.2  1.87392
22  10.0  2.63177e-08
24  0.3  1.50029
24  0.4  1.1593
24  0.5  0.870334
24  0.6  0.640328
22  11.0  1.01211e-08
24  0.7  0.464624
24  0.8  0.335975
24  0.9  0.241632
24  1.0  0.174149
24  1.1  0.126155
24  1.2  0.0909656
24  1.4  0.0486232
24  1.3  0.066446
24  1.5  0.0358979
24  1.6  0.0266509
24  1.7  0.0197535
24  1.8  0.0150918
24  1.9  0.0115415
24  2.0  0.00861213
24  2.5  0.0022546
24  3.0  0.000689594
24  3.5  0.000208841
22  11.5  6.46261e-09
22  12.0  4.16621e-09
24  5.0  1.33706e-05
24  4.5  3.23928e-05
24  4.0  8.27e-05
24  5.5  5.96955e-06
24  7.0  6.71615e-07
24  6.5  1.34503e-06
24  6.0  2.7659e-06
24  7.5  3.57502e-07
24  8.5  1.08247e-07
24  8.0  1.92812e-07
24  9.0  6.19971e-08
24  9.5  3.63833e-08
24  10.0  2.19298e-08
26  0.2  1.63717
26  0.3  1.30559
24  11.0  8.41479e-09
26  0.4  1.00488
26  0.5  0.750897
24  10.5  1.34412e-08
26  0.6  0.55013
26  0.7  0.39754
26  0.8  0.285541
26  0.9  0.204862
26  1.0  0.146468
26  1.1  0.105702
26  1.2  0.076324
26  1.3  0.0552833
26  1.4  0.0404129
26  1.5  0.0298802
26  1.6  0.0219816
26  1.7  0.0163269
26  1.8  0.0125145
26  1.9  0.0091038
26  2.0  0.00713744
26  2.5  0.00186524
24  11.5  5.37005e-09
26  3.5  0.000214465
26  3.0  0.000569306
24  12.0  3.46068e-09
26  4.5  2.58519e-05
26  5.0  1.07417e-05
26  4.0  6.63177e-05
26  5.5  4.71712e-06
26  6.0  2.19177e-06
26  6.5  1.06057e-06
26  7.0  5.34819e-07
26  7.5  2.807e-07
26  8.5  8.3895e-08
26  8.0  1.51876e-07
26  9.0  4.87784e-08
26  9.5  2.89078e-08
26  10.0  1.72033e-08
28  0.2  1.35472
28  0.3  1.07571
28  0.4  0.822358
28  0.5  0.610455
28  0.6  0.444356
28  0.7  0.318769
26  11.0  6.57891e-09
28  0.8  0.227693
28  0.9  0.16205
26  10.5  1.05258e-08
28  1.0  0.115743
28  1.1  0.0830894
28  1.2  0.0596383
28  1.3  0.0430572
28  1.4  0.0315157
28  1.5  0.0229071
28  1.6  0.0169086
28  1.7  0.0126754
28  1.8  0.00936736
28  1.9  0.00719238
28  2.0  0.00529969
28  2.5  0.00137521
28  3.0  0.000416154
28  3.5  0.000119462
26  11.5  4.196e-09
26  12.0  2.70017e-09
28  4.5  1.8776e-05
28  5.0  7.85122e-06
28  5.5  3.41798e-06
28  4.0  4.89058e-05
28  6.0  1.59058e-06
28  6.5  7.68024e-07
28  7.0  3.8714e-07
28  8.5  6.03792e-08
28  7.5  2.02744e-07
28  8.0  1.09495e-07
28  9.5  2.0534e-08
28  9.0  3.48832e-08
28  10.5  7.53726e-09
30  0.2  1.03283
30  0.3  0.815244
28  10.0  1.23025e-08
30  0.4  0.61836
30  0.5  0.454509
30  0.6  0.328204
30  0.7  0.234007
30  0.8  0.165676
30  0.9  0.117252
30  1.0  0.0829204
30  1.1  0.059064
28  11.5  2.99116e-09
30  1.3  0.0303743
30  1.2  0.0421567
30  1.4  0.0219274
30  1.5  0.0160806
30  1.6  0.0117844
28  11.0  4.67828e-09
30  1.8  0.00655764
30  1.7  0.00864271
30  1.9  0.00485606
30  2.0  0.00371106
30  2.5  0.000939863
30  3.0  0.000279236
30  3.5  7.16889e-05
28  12.0  1.92486e-09
30  4.0  3.22045e-05
30  5.5  2.21456e-06
30  4.5  1.23628e-05
30  5.0  5.07945e-06
30  6.0  1.02315e-06
30  6.5  4.9331e-07
30  7.5  1.29123e-07
30  7.0  2.4658e-07
30  8.0  6.95769e-08
30  8.5  3.84794e-08
30  9.0  2.20573e-08
30  9.5  1.27918e-08
30  10.5  4.7078e-09
30  10.0  7.79779e-09
32  0.2  0.705657
32  0.3  0.552076
30  11.0  2.94264e-09
32  0.4  0.414368
32  0.5  0.301789
32  0.6  0.215064
32  0.7  0.151589
32  0.8  0.106242
32  0.9  0.0743385
32  1.0  0.0522264
32  1.1  0.0368584
32  1.2  0.0261519
32  1.3  0.0188314
32  1.4  0.0135102
32  1.5  0.00974722
30  11.5  1.86951e-09
32  1.6  0.00712321
32  1.7  0.00531669
32  1.8  0.00394118
30  12.0  1.20369e-09
32  1.9  0.00288291
32  2.5  0.000511655
32  2.0  0.00219541
32  3.0  0.000159055
32  3.5  3.91125e-05
32  4.0  1.79838e-05
32  4.5  6.86904e-06
32  5.0  2.80275e-06
32  6.5  2.65058e-07
32  5.5  1.21622e-06
32  6.0  5.5592e-07
32  7.5  6.94637e-08
32  7.0  1.33302e-07
32  8.0  3.7276e-08
32  8.5  2.05168e-08
32  9.0  1.17259e-08
32  10.5  2.48507e-09
32  9.5  6.81949e-09
32  10.0  4.07228e-09
34  0.2  0.423776
34  0.3  0.327801
34  0.4  0.243071
32  11.0  1.54628e-09
34  0.5  0.174668
34  0.6  0.122805
34  0.7  0.0853177
34  0.8  0.0591517
34  0.9  0.0409438
34  1.0  0.0285458
34  1.1  0.0198292
34  1.2  0.0139298
34  1.3  0.00987244
34  1.4  0.00706973
34  1.6  0.00372832
34  1.5  0.00507062
34  1.8  0.0020363
34  1.7  0.00268335
34  1.9  0.00146075
34  2.0  0.0010915
34  2.5  0.000269014
34  3.0  8.66606e-05
34  3.5  2.64892e-05
32  11.5  9.81967e-10
32  12.0  6.28554e-10
34  5.0  1.28279e-06
34  4.5  3.20632e-06
34  4.0  8.47786e-06
34  6.5  1.19307e-07
34  6.0  2.53156e-07
34  5.5  5.56935e-07
34  8.0  1.62676e-08
34  7.0  5.96493e-08
34  7.5  3.07757e-08
34  8.5  9.04338e-09
34  9.5  2.98612e-09
34  10.5  1.07649e-09
34  9.0  5.12007e-09
34  11.0  6.61689e-10
4  0.2  2.82923
4  0.3  2.2903
34  10.0  1.77481e-09
4  0.4  1.79406
4  0.5  1.36924
4  0.6  1.02382
4  0.7  0.755924
4  0.8  0.554106
4  0.9  0.40487
4  1.0  0.295242
4  1.1  0.216473
34  11.5  4.22141e-10
4  1.2  0.159018
4  1.3  0.117022
4  1.4  0.0866242
4  1.5  0.0646502
4  1.6  0.0483849
4  1.7  0.0361895
4  1.9  0.0215833
4  1.8  0.0272498
4  2.5  0.00442889
4  2.0  0.0159658
4  3.0  0.00140654
4  3.5  0.000573305
34  12.0  2.69798e-10
4  4.0  0.000168375
4  5.5  1.22885e-05
4  4.5  6.63264e-05
4  5.0  2.78235e-05
4  7.5  7.50201e-07
4  6.5  2.83372e-06
4  6.0  5.78075e-06
4  7.0  1.43583e-06
4  8.0  4.12692e-07
4  10.0  4.76413e-08
4  8.5  2.31014e-07
4  9.0  1.33362e-07
4  11.0  1.84674e-08
6  0.2  2.80172
4  9.5  7.82618e-08
6  0.3  2.26746
6  0.4  1.77665
4  10.5  2.93613e-08
6  0.5  1.35498
6  0.6  1.01304
6  0.7  0.747352
6  0.8  0.547247
6  1.0  0.291585
6  0.9  0.400334
6  1.1  0.214223
6  1.2  0.156621
6  1.3  0.115324
6  1.4  0.0854944
6  1.5  0.0636535
6  1.6  0.0479342
6  1.8  0.0274555
6  1.7  0.0357041
6  1.9  0.0212937
6  2.0  0.0161024
6  2.5  0.00432699
6  3.0  0.00134284
6  3.5  0.000508149
4  12.0  7.65032e-09
4  11.5  1.17278e-08
6  4.5  6.55413e-05
6  4.0  0.000165549
6  5.5  1.20745e-05
6  6.0  5.62962e-06
6  5.0  2.7349e-05
6  7.0  1.40616e-06
6  6.5  2.78029e-06
6  7.5  7.43461e-07
6  8.0  4.05014e-07
6  10.0  4.67381e-08
6  8.5  2.26821e-07
6  9.5  7.73849e-08
6  9.0  1.30907e-07
8  0.2  2.76307
6  10.5  2.88172e-08
8  0.3  2.23506
8  0.4  1.75057
8  0.5  1.33456
8  0.7  0.734962
8  0.6  0.996795
8  0.8  0.538495
8  0.9  0.393667
8  1.0  0.286875
8  1.1  0.209703
8  1.2  0.154368
8  1.3  0.113181
8  1.5  0.0625185
8  1.4  0.0838543
8  1.6  0.0465429
8  1.7  0.0350756
8  1.8  0.0269427
8  1.9  0.0200376
8  2.0  0.0155805
8  2.5  0.00426519
8  3.0  0.00133176
6  11.0  1.80274e-08
8  3.5  0.000436257
6  12.0  7.50728e-09
6  11.5  1.15108e-08
8  4.0  0.000161583
8  5.5  1.17769e-05
8  4.5  6.36263e-05
8  5.0  2.66709e-05
8  7.5  7.2204e-07
8  6.5  2.7092e-06
8  6.0  5.54182e-06
8  7.0  1.37288e-06
8  8.0  3.94368e-07
8  10.0  4.54667e-08
8  8.5  2.211e-07
8  9.5  7.52927e-08
8  10.5  2.81819e-08
8  9.0  1.27484e-07
8  12.0  7.3055e-09
8  11.0  1.75487e-08
8  11.5  1.12089e-08
