# exclusive D0 cross section, Pb target, LHAPDF fragmentation, An0n channel
# generated      : 2026-08-19 15:24:06 EEST
# calls          : 1e5 below 4.0 GeV, 2e3 above (see EXCL_PT_THRESHOLD) (VEGAS calls per point, see CALLS_EXCL/CALLS_EXCL_FACTORIZED/CALLS_DIFF)
# dipole samples : data/Pb/bk_posterior/member_0008/glauber_mve_<b>
# pD0 sweep      : 0.2 0.3 0.4 0.5 0.6 0.7 0.8 0.9 1.0 1.1 1.2 1.3 1.4 1.5 1.6 1.7 1.8 1.9 2.0 2.5 3.0 3.5 4.0 4.5 5.0 5.5 6.0 6.5 7.0 7.5 8.0 8.5 9.0 9.5 10.0 10.5 11.0 11.5 12.0
# fixed rapidity y : 2.0
# ============================================================
# b  pD0  dsigma_dyd2pD0
0  0.2  1.72651
0  0.4  1.08021
0  0.5  0.816539
0  0.3  1.38904
0  0.6  0.604625
0  0.8  0.31966
0  0.9  0.230629
0  0.7  0.441415
0  1.0  0.166293
0  1.1  0.120068
0  1.2  0.0868522
0  1.3  0.0632382
0  1.4  0.0459401
0  1.5  0.0337256
0  1.6  0.0248865
0  1.8  0.0139903
0  1.7  0.0185071
0  1.9  0.0104473
0  3.0  0.000539849
0  2.0  0.00774151
0  2.5  0.00200111
0  3.5  0.000173524
0  4.5  2.24072e-05
0  5.5  3.6163e-06
0  4.0  6.10478e-05
0  5.0  8.7141e-06
0  6.0  1.56544e-06
0  7.0  3.36773e-07
0  6.5  7.10388e-07
0  7.5  1.64435e-07
0  8.5  4.33254e-08
0  8.0  8.30695e-08
0  10.0  7.10592e-09
0  9.0  2.30651e-08
0  9.5  1.26108e-08
0  11.0  2.35773e-09
10  0.2  1.64994
10  0.3  1.32569
0  11.5  1.38814e-09
10  0.4  1.02895
10  0.5  0.77601
10  0.6  0.573829
10  0.7  0.418162
10  0.8  0.302453
10  0.9  0.217666
10  1.0  0.156646
10  1.1  0.112796
10  1.2  0.0817864
0  10.5  4.02379e-09
10  1.3  0.059537
10  1.4  0.0430522
10  1.6  0.0233805
10  1.5  0.0316082
10  1.7  0.0172026
10  1.8  0.012782
10  1.9  0.00968801
10  2.0  0.00728891
10  2.5  0.0018224
10  3.0  0.000547867
10  3.5  0.000164736
0  12.0  8.33263e-10
10  4.5  2.05765e-05
10  4.0  5.61865e-05
10  5.0  7.99568e-06
10  5.5  3.31351e-06
10  6.5  6.52752e-07
10  6.0  1.4348e-06
10  7.0  3.08051e-07
10  7.5  1.50274e-07
10  8.0  7.5841e-08
10  8.5  3.94469e-08
10  9.0  2.10424e-08
10  9.5  1.15012e-08
12  0.2  1.61502
12  0.3  1.29755
10  10.0  6.4304e-09
12  0.4  1.00558
12  0.5  0.757995
12  0.6  0.559491
10  12.0  7.58269e-10
12  0.7  0.407467
12  0.8  0.294269
12  0.9  0.211645
12  1.0  0.152304
12  1.1  0.109621
12  1.2  0.0794468
10  10.5  3.6764e-09
12  1.3  0.0573382
12  1.4  0.0418701
12  1.5  0.0306536
12  1.6  0.0227303
10  11.0  2.13068e-09
12  1.7  0.0166643
12  1.8  0.0124023
12  2.5  0.00173689
12  1.9  0.0092468
12  2.0  0.00696298
12  3.0  0.00049247
12  3.5  0.000176063
10  11.5  1.25929e-09
12  4.5  1.97624e-05
12  5.5  3.17769e-06
12  4.0  5.39689e-05
12  5.0  7.67614e-06
12  6.0  1.38076e-06
12  6.5  6.24386e-07
12  7.5  1.44115e-07
12  7.0  2.943e-07
12  8.0  7.26286e-08
12  8.5  3.77339e-08
12  9.0  2.0136e-08
12  10.0  6.13792e-09
12  9.5  1.1011e-08
12  10.5  3.51925e-09
14  0.2  1.57115
14  0.3  1.26022
14  0.4  0.976629
14  0.5  0.735245
14  0.6  0.542344
14  0.7  0.39445
14  0.8  0.285006
14  0.9  0.204557
14  1.1  0.10568
14  1.0  0.147084
14  1.2  0.0762414
14  1.3  0.0553453
14  1.4  0.0401677
14  1.5  0.0296123
14  1.6  0.0217664
14  1.7  0.0159479
12  11.0  2.0371e-09
14  1.9  0.00904014
14  1.8  0.0118891
14  2.0  0.00664836
14  2.5  0.00169801
14  3.0  0.000485217
14  3.5  0.000142446
12  11.5  1.19434e-09
12  12.0  7.23462e-10
14  4.5  1.87838e-05
14  5.0  7.32505e-06
14  4.0  5.13651e-05
14  5.5  3.01746e-06
14  6.0  1.30604e-06
14  7.0  2.79816e-07
14  6.5  5.92227e-07
14  7.5  1.36416e-07
14  8.0  6.87973e-08
14  8.5  3.57482e-08
14  9.0  1.90587e-08
14  10.5  3.32018e-09
14  9.5  1.05336e-08
16  0.2  1.51789
14  10.0  5.81355e-09
16  0.3  1.21654
16  0.4  0.94126
16  0.5  0.708136
16  0.7  0.378494
16  0.6  0.521371
16  0.8  0.273124
16  0.9  0.195986
16  1.0  0.140461
16  1.1  0.100956
16  1.2  0.0728499
16  1.3  0.0529429
16  1.5  0.028167
16  1.4  0.0383044
16  1.6  0.020605
16  1.7  0.0151939
16  1.8  0.0112621
14  11.0  1.92692e-09
16  1.9  0.00841653
16  2.5  0.00159941
16  2.0  0.00638422
16  3.0  0.000446094
16  3.5  0.000142436
14  11.5  1.13438e-09
14  12.0  6.83538e-10
16  4.5  1.7644e-05
16  4.0  4.82899e-05
16  5.5  2.82764e-06
16  5.0  6.86135e-06
16  6.5  5.56614e-07
16  6.0  1.22335e-06
16  7.0  2.61458e-07
16  7.5  1.27518e-07
16  8.0  6.44513e-08
16  8.5  3.34286e-08
16  10.5  3.09635e-09
16  9.0  1.78068e-08
16  9.5  9.71822e-09
18  0.2  1.45425
16  11.5  1.07004e-09
18  0.3  1.16451
18  0.4  0.89953
18  0.6  0.496659
16  10.0  5.43148e-09
18  0.5  0.675161
18  0.7  0.359993
18  0.8  0.258989
18  1.0  0.133017
18  0.9  0.185478
18  1.1  0.0955277
18  1.2  0.0686847
18  1.3  0.0496763
18  1.4  0.0360167
18  1.5  0.0262736
18  1.6  0.019294
18  1.7  0.014301
18  1.8  0.0105256
18  1.9  0.00795193
18  2.0  0.00597853
18  2.5  0.00150719
18  3.0  0.000442947
16  11.0  1.79566e-09
18  3.5  0.000123089
16  12.0  6.37088e-10
18  4.0  4.48591e-05
18  4.5  1.63245e-05
18  5.0  6.33918e-06
18  5.5  2.61011e-06
18  6.5  5.15256e-07
18  6.0  1.13081e-06
18  7.0  2.40844e-07
18  7.5  1.17373e-07
18  8.0  5.91234e-08
18  8.5  3.0696e-08
18  9.0  1.63647e-08
18  10.5  2.84247e-09
18  9.5  8.93376e-09
2  0.2  1.72409
18  10.0  4.98166e-09
2  0.3  1.38653
18  11.0  1.65117e-09
2  0.4  1.07828
2  0.5  0.815266
2  0.6  0.603327
2  0.7  0.440556
2  0.8  0.318974
2  0.9  0.230186
2  1.0  0.165872
2  1.1  0.119787
2  1.2  0.0866461
2  1.3  0.0631966
2  1.4  0.0458281
2  1.5  0.033657
2  1.6  0.0248153
2  1.7  0.018439
2  1.9  0.0104131
2  1.8  0.0139477
2  2.0  0.0078478
2  2.5  0.00200708
2  3.0  0.000549483
18  11.5  9.73015e-10
2  3.5  0.000180945
18  12.0  5.83906e-10
2  4.5  2.23384e-05
2  4.0  6.08567e-05
2  5.5  3.60427e-06
2  5.0  8.68518e-06
2  6.0  1.56028e-06
2  7.0  3.35693e-07
2  6.5  7.07885e-07
2  7.5  1.63881e-07
2  8.5  4.31705e-08
2  8.0  8.27815e-08
2  9.0  2.29848e-08
2  9.5  1.25673e-08
2  11.0  2.34917e-09
2  10.0  7.02679e-09
20  0.2  1.3771
20  0.3  1.10184
20  0.4  0.849296
20  0.5  0.636283
2  11.5  1.38321e-09
20  0.6  0.466763
20  0.7  0.337813
20  0.8  0.242413
20  0.9  0.173276
2  10.5  4.00952e-09
20  1.0  0.123928
20  1.1  0.0887286
20  1.2  0.0639167
20  1.3  0.0461176
20  1.4  0.0335387
20  1.5  0.0243384
20  1.6  0.0178777
20  1.7  0.0131687
20  1.8  0.00967632
20  1.9  0.0073625
20  2.0  0.00545369
20  2.5  0.00137138
20  3.0  0.000408226
20  3.5  0.000103574
20  5.0  5.78595e-06
2  12.0  8.30293e-10
20  4.0  4.06977e-05
20  4.5  1.48026e-05
20  5.5  2.36099e-06
20  6.5  4.6099e-07
20  6.0  1.01998e-06
20  7.0  2.17438e-07
20  7.5  1.05785e-07
20  8.0  5.32408e-08
20  8.5  2.76305e-08
20  9.0  1.47138e-08
20  9.5  8.02303e-09
20  10.0  4.47235e-09
20  11.5  8.77953e-10
22  0.2  1.28486
22  0.3  1.0254
22  0.4  0.788656
22  0.5  0.589595
22  0.6  0.431084
22  0.7  0.311289
22  0.8  0.222783
22  0.9  0.158713
20  10.5  2.54655e-09
22  1.0  0.11331
22  1.1  0.0810677
22  1.2  0.0579777
22  1.4  0.0305146
22  1.3  0.0417715
22  1.5  0.0220656
20  11.0  1.4778e-09
22  1.6  0.0160995
22  1.8  0.00878356
22  1.7  0.0119291
22  1.9  0.00657184
22  2.5  0.00122379
22  2.0  0.00486909
22  3.0  0.000353486
22  3.5  0.000105637
20  12.0  5.23358e-10
22  4.0  3.60462e-05
22  4.5  1.30814e-05
22  5.0  5.06048e-06
22  5.5  2.07899e-06
22  6.0  8.96622e-07
22  7.0  1.90531e-07
22  6.5  4.04234e-07
22  7.5  9.26442e-08
22  8.0  4.66502e-08
22  10.0  3.95001e-09
22  8.5  2.41595e-08
22  9.5  7.02198e-09
22  9.0  1.28478e-08
22  10.5  2.23744e-09
24  0.2  1.17221
24  0.3  0.933973
24  0.4  0.715699
24  0.5  0.532953
24  0.6  0.38841
24  0.7  0.279291
24  0.9  0.141799
24  0.8  0.199334
24  1.0  0.100917
24  1.1  0.0717927
24  1.2  0.0514804
22  11.5  7.62059e-10
24  1.3  0.036882
24  1.4  0.026594
24  1.5  0.0193469
24  1.6  0.0141138
24  1.7  0.0104973
24  1.8  0.00782382
24  1.9  0.00574432
24  2.0  0.00425799
24  2.5  0.0010516
22  11.0  1.28717e-09
24  3.0  0.000292585
24  3.5  8.72485e-05
22  12.0  4.55509e-10
24  4.5  1.1131e-05
24  5.0  4.30725e-06
24  4.0  3.0736e-05
24  5.5  1.76196e-06
24  6.0  7.59599e-07
24  7.0  1.60722e-07
24  6.5  3.41362e-07
24  7.5  7.7942e-08
24  8.0  3.91879e-08
24  8.5  2.03127e-08
24  9.0  1.07873e-08
24  9.5  5.86869e-09
24  10.0  3.26593e-09
26  0.2  1.03458
26  0.3  0.820456
26  0.4  0.627053
24  12.0  3.8222e-10
26  0.5  0.464946
26  0.6  0.33736
24  10.5  1.85889e-09
26  0.7  0.241479
24  11.5  6.37133e-10
26  0.8  0.171429
26  0.9  0.121429
26  1.0  0.0860544
26  1.1  0.0610472
26  1.2  0.0434609
26  1.3  0.0311941
26  1.4  0.0223915
26  1.5  0.0162378
24  11.0  1.07582e-09
26  1.6  0.0118289
26  1.7  0.00863797
26  1.9  0.00476333
26  1.8  0.00636346
26  2.0  0.00361265
26  2.5  0.000866943
26  3.0  0.000233246
26  3.5  7.22368e-05
26  4.0  2.49801e-05
26  4.5  8.96436e-06
26  5.0  3.45978e-06
26  5.5  1.40962e-06
26  6.5  2.72906e-07
26  6.0  6.05615e-07
26  7.0  1.27854e-07
26  7.5  6.19242e-08
26  8.0  3.1051e-08
26  8.5  1.60811e-08
26  9.0  8.5337e-09
26  9.5  4.63269e-09
26  10.0  2.57691e-09
28  0.2  0.868099
28  0.3  0.685677
26  11.5  5.03476e-10
28  0.4  0.521151
28  0.5  0.384185
28  0.6  0.276873
28  0.7  0.197025
28  0.8  0.139064
28  0.9  0.0979253
28  1.0  0.0689247
28  1.1  0.0489384
28  1.2  0.0345954
26  10.5  1.46913e-09
28  1.3  0.024696
28  1.4  0.01784
28  1.5  0.0128563
28  1.6  0.00927607
28  1.7  0.00677024
28  1.8  0.0049425
28  2.0  0.00277606
28  1.9  0.00365915
26  11.0  8.46849e-10
28  2.5  0.000667131
28  3.0  0.000176088
28  3.5  6.57422e-05
26  12.0  2.98457e-10
28  4.0  1.85793e-05
28  5.0  2.56272e-06
28  4.5  6.66695e-06
28  6.0  4.46231e-07
28  5.5  1.04003e-06
28  6.5  1.99804e-07
28  7.0  9.32772e-08
28  7.5  4.51721e-08
28  9.5  3.3331e-09
28  8.0  2.26146e-08
28  8.5  1.16713e-08
28  10.0  1.86563e-09
28  9.0  6.18044e-09
28  11.0  6.13189e-10
30  0.2  0.676617
30  0.3  0.531193
30  0.4  0.40033
30  0.5  0.292605
30  0.6  0.209388
30  0.7  0.147607
30  0.8  0.103524
28  10.5  1.05611e-09
30  0.9  0.072422
30  1.0  0.0505693
30  1.1  0.0356
30  1.2  0.0250771
30  1.3  0.017878
30  1.4  0.0126945
30  1.5  0.00922071
30  1.6  0.0065687
30  1.7  0.00476287
30  1.8  0.00350722
30  2.0  0.00190297
30  1.9  0.00256164
30  2.5  0.000440437
30  3.0  0.000130894
30  3.5  3.57491e-05
28  11.5  3.58678e-10
28  12.0  2.14247e-10
30  4.0  1.24304e-05
30  4.5  4.42232e-06
30  5.5  6.82859e-07
30  6.0  2.93008e-07
30  5.0  1.68574e-06
30  7.0  6.04489e-08
30  6.5  1.29718e-07
30  8.0  1.45931e-08
30  7.5  2.91209e-08
30  8.5  7.4784e-09
30  9.0  3.9458e-09
30  9.5  2.13584e-09
30  10.0  1.18241e-09
32  0.2  0.475839
32  0.3  0.370599
30  10.5  6.695e-10
32  0.4  0.276528
32  0.5  0.199841
32  0.6  0.141444
32  0.7  0.0987749
32  0.8  0.0686782
32  0.9  0.0474712
32  1.0  0.0328991
32  1.1  0.0228927
32  1.2  0.0159864
32  1.3  0.0112533
32  1.4  0.00801207
32  1.5  0.0057078
32  1.6  0.00408399
30  11.0  3.85535e-10
32  1.7  0.00296863
32  1.9  0.00158964
32  1.8  0.00216152
32  2.0  0.00116892
32  2.5  0.000270576
32  3.5  2.04911e-05
32  3.0  7.93569e-05
30  11.5  2.26344e-10
30  12.0  1.34998e-10
32  5.0  9.53509e-07
32  4.0  7.14556e-06
32  4.5  2.51166e-06
32  5.5  3.8285e-07
32  6.0  1.61927e-07
32  7.0  3.33166e-08
32  6.5  7.18748e-08
32  7.5  1.59773e-08
32  8.0  7.93528e-09
32  9.5  1.15792e-09
32  8.5  4.06691e-09
32  9.0  2.1391e-09
32  10.0  6.36095e-10
34  0.2  0.297261
32  11.5  1.21552e-10
34  0.3  0.229004
34  0.4  0.168903
32  10.5  3.58828e-10
34  0.5  0.120465
34  0.6  0.0841287
34  0.7  0.0579657
34  0.8  0.0398074
34  1.0  0.018638
34  0.9  0.0271454
34  1.1  0.0128647
34  1.2  0.00892597
34  1.3  0.00626042
34  1.4  0.00438117
34  1.5  0.00308814
34  1.6  0.00220916
34  1.7  0.00158772
34  1.8  0.00115092
32  11.0  2.06052e-10
34  1.9  0.000837522
34  2.0  0.000628726
34  2.5  0.000135213
34  3.0  3.36955e-05
34  3.5  1.16564e-05
32  12.0  7.16778e-11
34  4.0  3.48104e-06
34  5.0  4.53951e-07
34  4.5  1.21041e-06
34  6.0  7.58025e-08
34  7.0  1.53633e-08
34  5.5  1.80227e-07
34  6.5  3.33734e-08
34  7.5  7.30031e-09
34  8.0  3.60998e-09
34  9.5  5.17552e-10
34  9.0  9.63559e-10
34  8.5  1.83641e-09
34  10.0  2.83893e-10
4  0.2  1.71617
4  0.3  1.3805
4  0.4  1.07229
4  0.5  0.810136
4  0.6  0.599682
4  0.7  0.43784
4  0.8  0.31649
4  0.9  0.228739
4  1.0  0.164721
34  10.5  1.59044e-10
4  1.1  0.118849
4  1.2  0.0860483
34  11.5  5.31215e-11
4  1.3  0.0627011
4  1.4  0.0454958
4  1.5  0.0334797
4  1.6  0.0248056
4  1.7  0.0182975
34  11.0  9.1005e-11
4  1.8  0.0135612
4  1.9  0.0103167
4  2.0  0.00757285
4  2.5  0.00198751
4  3.0  0.000548143
4  3.5  0.000190187
34  12.0  3.14414e-11
4  4.5  2.21245e-05
4  4.0  6.028e-05
4  5.0  8.59968e-06
4  6.5  7.06531e-07
4  5.5  3.56301e-06
4  6.0  1.54461e-06
4  7.0  3.32344e-07
4  7.5  1.62226e-07
4  9.5  1.25706e-08
4  8.0  8.1919e-08
4  8.5  4.26438e-08
4  10.5  4.01144e-09
4  9.0  2.27529e-08
6  0.2  1.69978
4  11.0  2.32395e-09
6  0.3  1.36704
6  0.4  1.06233
4  11.5  1.36735e-09
6  0.5  0.80205
6  0.6  0.593445
6  0.7  0.433291
6  0.8  0.313568
6  0.9  0.226073
6  1.0  0.162776
6  1.1  0.117484
6  1.2  0.0849684
4  10.0  6.92084e-09
6  1.3  0.0619297
6  1.4  0.0449267
6  1.5  0.0330427
6  1.6  0.0245138
6  1.7  0.0179566
6  1.8  0.0133621
6  1.9  0.0101659
6  2.0  0.00758237
6  2.5  0.00194142
6  3.0  0.000534109
6  3.5  0.000174836
4  12.0  8.2129e-10
6  4.5  2.17648e-05
6  4.0  5.92758e-05
6  5.0  8.45757e-06
6  5.5  3.50308e-06
6  6.0  1.51808e-06
6  7.0  3.26596e-07
6  6.5  6.88427e-07
6  7.5  1.59409e-07
6  8.0  8.04884e-08
6  8.5  4.18789e-08
6  10.0  6.8632e-09
6  9.0  2.23449e-08
6  11.0  2.28317e-09
6  9.5  1.21933e-08
8  0.2  1.67827
6  11.5  1.34181e-09
8  0.3  1.34898
8  0.4  1.04784
8  0.5  0.790907
8  0.6  0.585229
8  0.7  0.426794
8  0.8  0.308911
8  0.9  0.222392
8  1.0  0.160056
8  1.1  0.115386
8  1.2  0.0834497
8  1.3  0.0609172
8  1.4  0.0441302
6  10.5  3.89516e-09
8  1.5  0.0323962
8  1.6  0.0240786
8  1.7  0.0176418
8  1.8  0.0132006
8  1.9  0.00982981
8  2.0  0.00738448
8  2.5  0.00186783
8  3.0  0.000536623
8  3.5  0.000170127
6  12.0  8.06217e-10
8  4.5  2.12463e-05
8  4.0  5.79704e-05
8  5.0  8.2555e-06
8  5.5  3.4217e-06
8  6.0  1.48384e-06
8  7.0  3.18511e-07
8  6.5  6.73955e-07
8  7.5  1.55429e-07
8  8.0  7.84613e-08
8  10.0  6.67849e-09
8  9.0  2.16503e-08
8  8.5  4.08218e-08
8  9.5  1.19015e-08
8  11.5  1.30925e-09
8  10.5  3.8075e-09
8  12.0  7.85261e-10
8  11.0  2.21682e-09
