# diffractive D0 cross section, Pb target, HymnD fragmentation, An0n channel
# generated      : 2026-08-20 11:04:50 EEST
# calls          : 1e5 (VEGAS calls per point, see CALLS_EXCL/CALLS_EXCL_FACTORIZED/CALLS_DIFF)
# dipole samples : data/Pb/bk_posterior/member_0073/glauber_mve_<b>
# pD0 sweep      : 0.2 0.3 0.4 0.5 0.6 0.7 0.8 0.9 1.0 1.1 1.2 1.3 1.4 1.5 1.6 1.7 1.8 1.9 2.0 2.5 3.0 3.5 4.0 4.5 5.0 5.5 6.0 6.5 7.0 7.5 8.0 8.5 9.0 9.5 10.0 10.5 11.0 11.5 12.0
# fixed rapidity y : -1.0
# ============================================================
# b  pD0  dsigma_dyd2pD0
0  0.2  0.585109
0  0.3  0.847673
0  0.5  1.17196
0  0.4  1.05912
0  0.6  1.18305
0  0.8  0.994275
0  0.7  1.11255
0  0.9  0.865737
0  1.0  0.739959
0  1.1  0.61171
0  1.2  0.510525
0  1.4  0.348577
0  1.3  0.422917
0  1.6  0.238664
0  1.5  0.289171
0  1.7  0.196127
0  1.9  0.134687
0  2.0  0.110404
0  1.8  0.162883
0  2.5  0.0470183
0  3.0  0.0219038
0  3.5  0.0109495
0  5.5  0.00125271
0  4.0  0.00588943
0  4.5  0.00342692
0  5.0  0.00201907
0  6.0  0.000799093
0  6.5  0.000538612
0  7.0  0.000367905
0  8.5  0.00012635
0  7.5  0.000250114
0  8.0  0.000177343
0  9.5  6.9473e-05
0  9.0  9.25252e-05
0  10.0  5.04905e-05
10  0.2  0.573702
10  0.3  0.8343
10  0.4  1.0406
0  10.5  3.84771e-05
10  0.5  1.14722
10  0.6  1.15267
10  0.7  1.08372
10  0.8  0.971209
0  11.5  2.24746e-05
10  0.9  0.845239
10  1.0  0.709017
0  11.0  2.89454e-05
10  1.1  0.599483
10  1.2  0.496515
10  1.3  0.409373
10  1.4  0.33502
10  1.5  0.274019
10  1.7  0.186076
10  1.6  0.227677
10  1.8  0.155149
10  1.9  0.128814
10  2.0  0.105548
10  2.5  0.0443202
10  3.0  0.0210252
10  3.5  0.0105175
0  12.0  1.76577e-05
10  4.5  0.00322072
10  4.0  0.00569687
10  5.0  0.00194725
10  6.0  0.000778071
10  5.5  0.00118488
10  6.5  0.000517189
10  7.0  0.00034785
10  8.0  0.000167985
10  7.5  0.000238109
10  9.5  6.45356e-05
10  8.5  0.000120587
10  10.0  4.82329e-05
10  9.0  8.87439e-05
10  10.5  3.67712e-05
12  0.2  0.559827
12  0.3  0.826768
12  0.4  1.03215
12  0.5  1.13308
12  0.6  1.13641
10  11.5  2.15976e-05
12  0.7  1.06149
12  0.9  0.822906
12  0.8  0.957355
12  1.0  0.702993
12  1.1  0.586614
10  11.0  2.80069e-05
12  1.2  0.483915
12  1.3  0.401635
12  1.4  0.326181
12  1.5  0.270548
12  1.6  0.223567
12  1.7  0.184219
12  1.8  0.149754
12  1.9  0.125938
12  2.0  0.105351
12  2.5  0.0444298
12  3.5  0.0102321
12  3.0  0.0202751
12  4.5  0.00317165
10  12.0  1.70426e-05
12  4.0  0.0054833
12  5.0  0.0018622
12  6.0  0.000751381
12  5.5  0.00116216
12  6.5  0.000484444
12  7.0  0.000341665
12  8.5  0.00011771
12  7.5  0.000232096
12  8.0  0.000163367
12  9.5  6.36467e-05
12  10.0  4.73519e-05
12  9.0  8.68264e-05
12  10.5  3.59345e-05
14  0.2  0.565838
12  11.0  2.71571e-05
14  0.3  0.820081
14  0.4  1.01676
14  0.5  1.11571
14  0.6  1.09869
12  11.5  2.07366e-05
14  0.7  1.0501
14  0.8  0.926899
14  0.9  0.8119
14  1.1  0.571134
14  1.0  0.687894
14  1.3  0.38867
14  1.2  0.476496
14  1.4  0.318442
14  1.5  0.262549
14  1.6  0.217459
14  1.7  0.179834
14  1.9  0.123369
14  1.8  0.148278
14  2.5  0.0429328
14  2.0  0.100564
14  3.0  0.0199641
14  3.5  0.00994634
12  12.0  1.64615e-05
14  4.5  0.00302854
14  4.0  0.00535618
14  5.0  0.00185846
14  5.5  0.00113221
14  6.5  0.000478521
14  6.0  0.00072411
14  7.0  0.000326211
14  8.0  0.000159401
14  8.5  0.000116072
14  7.5  0.00022359
14  9.0  8.35115e-05
14  9.5  6.08627e-05
14  10.0  4.5973e-05
14  10.5  3.45512e-05
16  0.2  0.562577
16  0.3  0.815129
16  0.4  1.00854
16  0.5  1.09151
16  0.6  1.10572
16  0.7  1.01649
14  11.0  2.66744e-05
16  0.8  0.917803
16  0.9  0.790349
16  1.0  0.670783
16  1.1  0.563165
16  1.2  0.459649
16  1.3  0.384035
16  1.4  0.311796
16  1.5  0.253798
16  1.6  0.211005
16  1.7  0.171353
14  11.5  2.04013e-05
16  1.8  0.142297
16  1.9  0.118244
16  2.0  0.0994589
16  3.0  0.0191527
16  2.5  0.0414764
16  3.5  0.00951515
14  12.0  1.5172e-05
16  5.5  0.00110657
16  4.0  0.00512144
16  4.5  0.00293099
16  5.0  0.00179313
16  6.0  0.000691782
16  6.5  0.000460802
16  8.5  0.000110037
16  7.0  0.000313115
16  8.0  0.000153343
16  7.5  0.0002161
16  9.0  8.13338e-05
16  9.5  5.95154e-05
16  10.0  4.51753e-05
16  10.5  3.40293e-05
18  0.2  0.55814
18  0.3  0.803602
18  0.4  0.996565
16  12.0  1.54065e-05
18  0.5  1.08951
18  0.6  1.08226
18  0.7  0.995737
18  0.8  0.886132
18  0.9  0.760431
18  1.0  0.649794
16  11.0  2.55989e-05
18  1.2  0.44375
18  1.1  0.540809
18  1.3  0.362374
18  1.4  0.300716
18  1.6  0.201535
18  1.5  0.245723
18  1.7  0.166059
18  1.8  0.137186
16  11.5  1.93268e-05
18  1.9  0.113442
18  2.0  0.0941978
18  2.5  0.039657
18  3.0  0.0181258
18  3.5  0.00908783
18  5.0  0.00170832
18  4.0  0.00500088
18  4.5  0.00284935
18  5.5  0.00103571
18  6.0  0.000667553
18  6.5  0.000452613
18  8.5  0.000104958
18  7.0  0.000301812
18  7.5  0.00021048
18  9.0  7.65344e-05
18  8.0  0.000146434
18  10.0  4.23634e-05
18  9.5  5.64724e-05
18  11.5  1.84349e-05
2  0.2  0.545289
18  10.5  3.23276e-05
2  0.3  0.843272
2  0.4  1.05474
2  0.5  1.17419
18  11.0  2.47546e-05
2  0.6  1.16651
2  0.7  1.08676
2  0.8  0.992276
2  0.9  0.870483
2  1.0  0.729744
2  1.1  0.612947
2  1.2  0.515728
2  1.3  0.425314
2  1.4  0.347407
2  1.6  0.234682
2  1.5  0.288665
2  1.7  0.19497
2  1.8  0.162206
2  1.9  0.134741
2  2.0  0.112158
2  2.5  0.0477635
2  3.0  0.0219362
2  3.5  0.0109052
18  12.0  1.45425e-05
2  5.5  0.00125172
2  4.0  0.00595006
2  4.5  0.00336871
2  5.0  0.00201522
2  6.0  0.000802472
2  6.5  0.000526024
2  7.0  0.000363116
2  8.0  0.000178463
2  7.5  0.000251417
2  8.5  0.000128399
2  9.0  9.27996e-05
2  9.5  6.77633e-05
2  10.0  5.06753e-05
20  0.2  0.547819
2  10.5  3.85386e-05
20  0.3  0.788789
20  0.4  0.968811
2  11.5  2.25926e-05
20  0.5  1.06143
20  0.6  1.03302
20  0.7  0.954031
20  0.8  0.856159
20  0.9  0.736979
20  1.0  0.6172
20  1.1  0.518641
2  11.0  2.89523e-05
20  1.2  0.425779
20  1.3  0.348405
20  1.5  0.228527
20  1.4  0.285624
20  1.6  0.18962
20  1.7  0.157042
20  1.8  0.128402
20  2.0  0.0885002
20  1.9  0.107935
20  2.5  0.0374442
20  3.5  0.00860574
20  3.0  0.017224
2  12.0  1.76338e-05
20  4.0  0.00466638
20  4.5  0.00263118
20  5.0  0.00157776
20  5.5  0.00098147
20  6.0  0.000629585
20  6.5  0.000417206
20  7.0  0.000284881
20  7.5  0.000197354
20  9.0  7.3283e-05
20  9.5  5.41522e-05
20  8.0  0.000138168
20  10.0  4.03364e-05
20  8.5  9.94915e-05
20  11.0  2.2965e-05
22  0.2  0.534597
20  10.5  2.98828e-05
22  0.3  0.773543
22  0.4  0.948306
22  0.5  1.009
22  0.6  0.994889
22  0.7  0.912318
20  11.5  1.77174e-05
22  0.9  0.682155
22  0.8  0.815685
22  1.0  0.586279
22  1.1  0.484828
22  1.2  0.398779
22  1.3  0.326943
22  1.5  0.217852
22  1.4  0.267408
22  1.7  0.147583
22  1.6  0.180173
22  1.8  0.12087
22  1.9  0.0996052
22  2.5  0.0341541
22  2.0  0.0835676
22  3.0  0.0159523
22  3.5  0.00815115
20  12.0  1.39799e-05
22  6.5  0.0003951
22  4.0  0.00427773
22  4.5  0.00244877
22  5.0  0.00146196
22  5.5  0.000910616
22  6.0  0.000589773
22  9.0  6.66388e-05
22  7.0  0.000262733
22  7.5  0.000181683
22  8.0  0.000130375
22  8.5  9.36834e-05
22  10.0  3.70521e-05
22  9.5  4.92973e-05
22  11.0  2.12616e-05
24  0.2  0.519683
24  0.3  0.749591
24  0.4  0.907965
24  0.5  0.980722
24  0.6  0.933664
24  0.7  0.869357
22  10.5  2.84452e-05
24  0.8  0.762478
24  0.9  0.649905
22  11.5  1.63194e-05
24  1.0  0.541774
24  1.2  0.367889
24  1.1  0.44748
24  1.3  0.301782
24  1.5  0.199565
24  1.4  0.246823
24  1.6  0.164342
24  1.7  0.134534
24  1.8  0.110984
24  1.9  0.09204
24  2.0  0.0749923
24  2.5  0.0315396
24  3.5  0.00737789
24  3.0  0.0144839
22  12.0  1.26995e-05
24  4.0  0.00396286
24  4.5  0.00224783
24  5.0  0.00133727
24  5.5  0.00082735
24  7.0  0.000238342
24  6.0  0.000535768
24  6.5  0.000351676
24  7.5  0.000164645
24  8.0  0.000116283
24  9.5  4.59071e-05
24  9.0  6.10162e-05
24  8.5  8.37187e-05
24  10.0  3.39181e-05
24  11.0  1.93238e-05
24  10.5  2.54893e-05
26  0.2  0.50419
26  0.3  0.716752
26  0.4  0.864699
24  12.0  1.15927e-05
26  0.5  0.906892
26  0.6  0.877522
26  0.7  0.792321
26  0.8  0.695829
24  11.5  1.51321e-05
26  0.9  0.587723
26  1.0  0.492113
26  1.1  0.403493
26  1.2  0.328737
26  1.3  0.269713
26  1.4  0.222166
26  1.5  0.176923
26  1.6  0.145574
26  1.7  0.119972
26  1.8  0.0985857
26  1.9  0.0806771
26  2.0  0.0671704
26  2.5  0.0278151
26  3.0  0.0128444
26  3.5  0.00640182
26  4.0  0.00343601
26  5.5  0.000744397
26  4.5  0.00197326
26  5.0  0.00116937
26  6.0  0.000465607
26  8.0  0.000104098
26  6.5  0.000309005
26  7.0  0.000213899
26  9.0  5.38002e-05
26  7.5  0.000145505
26  8.5  7.2953e-05
26  10.0  3.02076e-05
26  9.5  3.93544e-05
26  11.0  1.69898e-05
28  0.2  0.474889
28  0.3  0.67647
26  10.5  2.26547e-05
28  0.4  0.797921
26  11.5  1.30704e-05
28  0.5  0.828542
28  0.6  0.787121
28  0.8  0.609651
28  0.7  0.70825
28  1.0  0.424305
28  0.9  0.511075
28  1.1  0.346547
28  1.2  0.2835
28  1.3  0.230688
26  12.0  1.03259e-05
28  1.4  0.187109
28  1.5  0.151913
28  1.6  0.123975
28  1.7  0.101499
28  1.8  0.0833059
28  1.9  0.0681338
28  2.0  0.0564972
28  2.5  0.0232837
28  3.0  0.0109064
28  3.5  0.00533847
28  5.0  0.00100318
28  5.5  0.000626352
28  4.0  0.00287461
28  4.5  0.00165127
28  6.0  0.00039347
28  7.5  0.000121521
28  6.5  0.000262962
28  7.0  0.000179344
28  8.5  6.29575e-05
28  9.0  4.45518e-05
28  8.0  8.76864e-05
28  10.0  2.47587e-05
28  9.5  3.28793e-05
30  0.2  0.438567
28  10.5  1.83085e-05
30  0.3  0.615785
30  0.4  0.707273
28  11.0  1.45434e-05
30  0.5  0.706419
30  0.6  0.663989
30  0.7  0.578028
28  11.5  1.11234e-05
30  0.8  0.501709
30  0.9  0.41678
30  1.0  0.343398
30  1.1  0.279242
30  1.2  0.226137
30  1.3  0.183447
30  1.4  0.147899
30  1.5  0.120071
30  1.6  0.0970018
30  1.7  0.0797167
30  1.8  0.0651424
30  1.9  0.0536053
30  2.0  0.0442461
30  2.5  0.0187451
30  3.0  0.00837225
30  3.5  0.00419426
28  12.0  8.48839e-06
30  4.0  0.00226375
30  4.5  0.00127312
30  5.0  0.000767945
30  6.0  0.000306552
30  5.5  0.000488351
30  6.5  0.000202686
30  7.5  9.71493e-05
30  7.0  0.000137171
30  8.5  4.84026e-05
30  8.0  6.63811e-05
30  9.5  2.6146e-05
30  10.0  1.92699e-05
30  10.5  1.48104e-05
30  9.0  3.46955e-05
30  11.0  1.10579e-05
32  0.2  0.389536
32  0.3  0.529659
30  12.0  6.761e-06
32  0.4  0.576062
32  0.5  0.569294
32  0.6  0.518106
32  0.7  0.44364
32  0.8  0.376261
32  0.9  0.310714
32  1.0  0.253262
32  1.1  0.204688
32  1.2  0.16561
32  1.3  0.133866
32  1.5  0.0880115
32  1.4  0.106695
32  1.6  0.0699108
32  1.7  0.0582419
32  1.9  0.0403849
30  11.5  8.49025e-06
32  1.8  0.0472329
32  2.0  0.0318767
32  2.5  0.0131086
32  3.5  0.00306816
32  3.0  0.00609533
32  4.0  0.00164984
32  4.5  0.000923021
32  5.0  0.000561024
32  5.5  0.000339761
32  6.5  0.00014787
32  7.5  6.7373e-05
32  6.0  0.000216655
32  7.0  9.69411e-05
32  9.0  2.48e-05
32  8.0  4.75808e-05
32  8.5  3.44359e-05
32  10.5  1.05683e-05
32  10.0  1.39836e-05
32  9.5  1.81839e-05
32  11.5  6.1986e-06
34  0.2  0.325769
34  0.3  0.409956
34  0.4  0.432906
34  0.5  0.404794
34  0.6  0.359732
34  0.7  0.301541
32  11.0  8.1838e-06
34  0.8  0.255707
34  0.9  0.205787
34  1.1  0.135327
34  1.0  0.166765
34  1.2  0.106152
34  1.3  0.087634
34  1.4  0.0693272
34  1.5  0.0560161
34  1.6  0.0458421
34  1.7  0.0369884
34  1.8  0.0305823
34  1.9  0.0250643
34  2.5  0.00865135
34  2.0  0.0205312
34  3.0  0.00404285
34  3.5  0.00191844
32  12.0  4.81122e-06
34  5.0  0.000351077
34  4.0  0.00102451
34  4.5  0.000580226
34  6.0  0.00014005
34  5.5  0.000219355
34  7.0  6.18192e-05
34  7.5  4.31378e-05
34  6.5  9.25935e-05
34  8.5  2.18248e-05
34  8.0  3.02662e-05
34  9.0  1.58752e-05
34  10.5  6.68275e-06
34  11.0  5.07242e-06
34  9.5  1.1748e-05
34  11.5  3.89604e-06
34  10.0  8.79017e-06
4  0.2  0.576638
4  0.3  0.844579
4  0.4  1.05636
4  0.5  1.16656
4  0.6  1.17778
4  0.7  1.09323
4  0.8  0.993473
4  0.9  0.866367
4  1.1  0.618259
4  1.0  0.735074
4  1.2  0.514892
4  1.3  0.42473
4  1.4  0.34907
4  1.5  0.286136
4  1.6  0.236362
4  1.7  0.194647
34  12.0  3.08097e-06
4  1.9  0.134956
4  1.8  0.161094
4  2.0  0.111212
4  2.5  0.0467071
4  3.0  0.0215136
4  3.5  0.0108756
4  4.0  0.00588715
4  5.5  0.00124101
4  4.5  0.00333535
4  5.0  0.0020354
4  6.0  0.000796545
4  6.5  0.000530224
4  7.0  0.00035763
4  7.5  0.000248422
4  8.0  0.000175978
4  8.5  0.000126333
4  9.0  9.21629e-05
4  9.5  6.74895e-05
4  10.0  5.16513e-05
6  0.2  0.57954
6  0.3  0.841908
4  10.5  3.82632e-05
6  0.4  1.0515
6  0.5  1.15577
6  0.6  1.17175
6  0.7  1.08343
6  0.8  0.983176
6  0.9  0.857984
6  1.0  0.729136
6  1.1  0.612894
4  11.0  2.88738e-05
6  1.2  0.508747
6  1.3  0.416176
6  1.4  0.344692
4  12.0  1.74069e-05
6  1.5  0.286691
6  1.6  0.232329
6  1.8  0.158298
6  1.9  0.131777
6  1.7  0.192535
6  2.0  0.110138
6  3.0  0.021687
6  2.5  0.0470235
4  11.5  2.24335e-05
6  3.5  0.0107985
6  5.5  0.00122746
6  4.0  0.00586131
6  4.5  0.00335978
6  5.0  0.00201317
6  6.0  0.000791068
6  6.5  0.000522809
6  7.0  0.000355289
6  7.5  0.000245302
6  8.0  0.000174198
6  8.5  0.000126058
6  9.5  6.72028e-05
6  9.0  9.10314e-05
6  10.5  3.79618e-05
6  10.0  5.04818e-05
8  0.2  0.576425
8  0.3  0.839355
8  0.4  1.03254
8  0.5  1.15384
8  0.6  1.16982
8  0.7  1.09837
8  0.8  0.968908
6  11.5  2.22447e-05
8  0.9  0.854212
8  1.0  0.723651
8  1.1  0.6083
8  1.2  0.50107
8  1.4  0.339432
8  1.3  0.414678
6  11.0  2.93233e-05
8  1.5  0.278982
8  1.6  0.230586
8  1.8  0.155955
8  1.7  0.191039
8  2.0  0.107819
8  1.9  0.131354
8  2.5  0.0463308
8  3.5  0.0106233
8  3.0  0.0211192
6  12.0  1.74606e-05
8  5.5  0.00123263
8  4.0  0.00575657
8  4.5  0.00326355
8  5.0  0.00194588
8  6.0  0.00077926
8  6.5  0.000517854
8  8.0  0.000172564
8  7.0  0.000351385
8  7.5  0.000245125
8  9.5  6.64408e-05
8  9.0  8.90721e-05
8  8.5  0.00012286
8  10.0  4.81163e-05
8  10.5  3.75047e-05
8  11.0  2.89912e-05
8  11.5  2.1978e-05
8  12.0  1.70441e-05
