# diffractive D0 cross section, Pb target, LHAPDF fragmentation, An0n channel
# generated      : 2026-08-19 15:28:47 EEST
# calls          : 1e5 (VEGAS calls per point, see CALLS_EXCL/CALLS_EXCL_FACTORIZED/CALLS_DIFF)
# dipole samples : data/Pb/bk_posterior/member_0073/glauber_mve_<b>
# pD0 sweep      : 0.2 0.3 0.4 0.5 0.6 0.7 0.8 0.9 1.0 1.1 1.2 1.3 1.4 1.5 1.6 1.7 1.8 1.9 2.0 2.5 3.0 3.5 4.0 4.5 5.0 5.5 6.0 6.5 7.0 7.5 8.0 8.5 9.0 9.5 10.0 10.5 11.0 11.5 12.0
# fixed rapidity y : 1.0
# ============================================================
# b  pD0  dsigma_dyd2pD0
0  0.2  0.420633
0  0.4  0.757581
0  0.5  0.832897
0  0.6  0.84213
0  0.3  0.606628
0  0.8  0.704171
0  0.7  0.789989
0  0.9  0.612058
0  1.0  0.521882
0  1.1  0.433676
0  1.3  0.296887
0  1.2  0.361436
0  1.4  0.241664
0  1.5  0.199675
0  1.6  0.164596
0  1.7  0.13492
0  1.8  0.111245
0  1.9  0.0921037
0  2.5  0.0312765
0  3.0  0.01402
0  2.0  0.0760073
0  3.5  0.00696128
0  4.0  0.00360422
0  5.5  0.000707611
0  4.5  0.00200722
0  5.0  0.00115283
0  6.0  0.000447633
0  8.0  8.66401e-05
0  6.5  0.000282731
0  7.0  0.000185655
0  7.5  0.00012735
0  9.0  4.28435e-05
0  8.5  6.14802e-05
0  9.5  3.13256e-05
0  10.0  2.26358e-05
10  0.2  0.413205
0  11.0  1.25531e-05
10  0.3  0.597279
10  0.4  0.750868
10  0.5  0.812543
10  0.6  0.821704
10  0.8  0.679737
10  0.7  0.769912
0  10.5  1.68925e-05
10  1.0  0.501349
10  0.9  0.595581
0  11.5  9.37546e-06
10  1.1  0.416858
10  1.3  0.284757
10  1.2  0.347364
10  1.4  0.237712
10  1.5  0.190578
10  1.6  0.159105
10  1.7  0.129034
10  1.8  0.107207
10  1.9  0.0874574
10  2.0  0.0725885
10  2.5  0.0296362
10  3.0  0.0136399
10  3.5  0.00658651
0  12.0  7.12955e-06
10  4.5  0.00190535
10  4.0  0.00345011
10  5.0  0.00106426
10  5.5  0.000679062
10  6.0  0.000427905
10  6.5  0.000275122
10  7.0  0.000180031
10  7.5  0.000119917
10  8.0  8.35787e-05
10  8.5  5.77203e-05
10  9.0  4.15921e-05
10  9.5  2.97634e-05
10  10.0  2.1766e-05
10  11.0  1.17674e-05
10  10.5  1.64721e-05
12  0.2  0.414686
12  0.3  0.589564
12  0.4  0.745807
12  0.5  0.815782
12  0.6  0.811224
12  0.7  0.765411
12  0.8  0.673797
12  0.9  0.592129
12  1.0  0.49995
12  1.1  0.416762
12  1.2  0.340395
12  1.3  0.279319
12  1.5  0.187424
12  1.4  0.22881
12  1.6  0.153869
12  1.7  0.126563
12  1.8  0.10456
12  1.9  0.0871416
10  11.5  9.12323e-06
12  2.0  0.071092
12  2.5  0.0293099
12  3.0  0.0131781
12  3.5  0.00641013
12  4.5  0.00189321
10  12.0  7.03621e-06
12  4.0  0.00340587
12  5.5  0.00066443
12  6.0  0.000414158
12  5.0  0.00111194
12  7.0  0.00017366
12  6.5  0.000264904
12  7.5  0.000114964
12  8.0  8.12464e-05
12  9.0  4.02955e-05
12  8.5  5.49112e-05
12  9.5  2.90823e-05
14  0.2  0.408033
12  10.0  2.11811e-05
14  0.3  0.591897
14  0.4  0.736425
14  0.5  0.796848
12  10.5  1.60759e-05
14  0.6  0.799323
14  0.7  0.751059
14  0.8  0.671529
14  0.9  0.575137
14  1.0  0.484011
12  11.5  9.07314e-06
14  1.1  0.400358
14  1.2  0.336421
14  1.3  0.281088
14  1.4  0.225009
12  11.0  1.15948e-05
14  1.5  0.181668
14  1.6  0.148865
14  1.7  0.123261
14  1.9  0.08272
14  1.8  0.100987
14  2.0  0.0689838
14  2.5  0.0285795
14  3.5  0.00634162
14  3.0  0.0128264
14  4.5  0.00182291
12  12.0  6.79179e-06
14  4.0  0.00333277
14  5.5  0.000647222
14  5.0  0.00104351
14  6.0  0.000397941
14  7.0  0.000168743
14  7.5  0.000115855
14  6.5  0.000258715
14  8.0  7.9316e-05
14  9.0  3.93403e-05
14  8.5  5.49213e-05
14  9.5  2.78738e-05
14  10.0  2.07487e-05
14  10.5  1.51162e-05
16  0.2  0.399576
16  0.3  0.580982
16  0.4  0.722987
16  0.5  0.791994
16  0.6  0.784699
16  0.7  0.731794
16  0.8  0.643743
16  0.9  0.557893
14  11.5  8.52055e-06
16  1.0  0.472777
16  1.2  0.324959
16  1.1  0.38702
14  11.0  1.16358e-05
16  1.3  0.262766
16  1.4  0.216719
16  1.6  0.144382
16  1.5  0.176368
16  1.8  0.0968728
16  1.7  0.118993
16  1.9  0.0812736
16  2.0  0.0664219
16  2.5  0.0273439
16  3.0  0.0123678
16  3.5  0.00598989
14  12.0  6.51737e-06
16  5.5  0.000621478
16  4.0  0.00317128
16  4.5  0.00175748
16  5.0  0.000996637
16  6.5  0.000256008
16  6.0  0.00037785
16  7.0  0.000164746
16  8.5  5.35032e-05
16  7.5  0.000110363
16  8.0  7.50093e-05
16  9.0  3.78538e-05
16  10.5  1.46257e-05
16  9.5  2.715e-05
16  10.0  2.03627e-05
18  0.2  0.395277
18  0.3  0.576116
18  0.4  0.718078
18  0.5  0.772927
18  0.6  0.773238
18  0.7  0.709407
18  0.8  0.631629
18  0.9  0.540502
18  1.0  0.454851
16  11.5  8.42378e-06
18  1.1  0.378022
18  1.2  0.311161
18  1.3  0.254838
16  11.0  1.09138e-05
18  1.4  0.208226
18  1.5  0.172758
18  1.6  0.140025
18  1.8  0.0953613
18  1.7  0.113907
18  1.9  0.0770552
18  2.0  0.0639636
18  2.5  0.0267355
18  3.0  0.0116486
18  3.5  0.00572977
16  12.0  6.20666e-06
18  4.0  0.00299415
18  4.5  0.00168474
18  6.0  0.000362423
18  5.0  0.000994058
18  5.5  0.000594709
18  6.5  0.000237321
18  7.0  0.000161724
18  7.5  0.000105887
18  8.0  7.1535e-05
18  8.5  5.11176e-05
18  9.0  3.61102e-05
18  9.5  2.55548e-05
18  10.0  1.87285e-05
18  10.5  1.38452e-05
2  0.2  0.414054
2  0.3  0.602612
2  0.4  0.759938
2  0.5  0.830821
18  11.0  1.03775e-05
2  0.6  0.837242
2  0.7  0.799402
2  0.8  0.712014
2  0.9  0.626478
2  1.0  0.520546
2  1.1  0.436812
2  1.2  0.357306
2  1.3  0.295445
2  1.4  0.244083
2  1.5  0.198072
2  1.6  0.163611
2  1.7  0.134805
2  1.8  0.111317
2  1.9  0.0913926
2  2.5  0.0315346
2  2.0  0.0766601
2  3.0  0.0140248
2  3.5  0.0069177
18  11.5  7.79763e-06
18  12.0  5.84265e-06
2  4.0  0.00361024
2  4.5  0.00201806
2  5.5  0.000712767
2  5.0  0.00117623
2  6.0  0.00044439
2  6.5  0.00028622
2  8.0  8.73818e-05
2  7.0  0.000191665
2  7.5  0.00012767
2  9.0  4.3661e-05
2  8.5  5.93978e-05
2  9.5  3.14157e-05
2  10.0  2.22317e-05
20  0.2  0.400157
2  11.0  1.25897e-05
20  0.3  0.567006
2  10.5  1.67722e-05
20  0.4  0.702614
20  0.5  0.756223
2  11.5  9.7461e-06
20  0.6  0.745918
20  0.7  0.688916
20  0.9  0.52094
20  0.8  0.604821
20  1.0  0.43554
20  1.1  0.361588
20  1.2  0.297208
20  1.3  0.239272
20  1.4  0.199323
20  1.5  0.162175
20  1.6  0.132182
20  1.7  0.108426
20  1.9  0.0729183
20  1.8  0.0890745
20  2.0  0.0606234
20  2.5  0.0250018
20  3.0  0.011268
2  12.0  7.30194e-06
20  3.5  0.00538228
20  4.5  0.00160831
20  4.0  0.0028716
20  5.0  0.00092887
20  6.0  0.000348614
20  5.5  0.000560855
20  6.5  0.000222782
20  7.0  0.000147997
20  8.0  6.84247e-05
20  7.5  9.97401e-05
20  8.5  4.80072e-05
20  9.5  2.45442e-05
20  9.0  3.48928e-05
20  10.0  1.79134e-05
20  11.5  7.35787e-06
22  0.2  0.385825
20  10.5  1.30876e-05
22  0.3  0.561607
22  0.4  0.677315
22  0.5  0.739184
22  0.6  0.724521
20  11.0  9.70188e-06
22  0.7  0.659034
22  0.8  0.586718
22  0.9  0.494822
22  1.0  0.412171
22  1.1  0.339604
22  1.2  0.280691
22  1.3  0.227525
22  1.4  0.185655
22  1.5  0.150911
22  1.6  0.123874
22  1.8  0.0832835
22  1.7  0.101302
22  2.0  0.0565461
22  1.9  0.0684791
22  3.5  0.00523026
22  3.0  0.0103247
22  2.5  0.0231114
20  12.0  5.75358e-06
22  4.5  0.00146936
22  4.0  0.00265863
22  5.0  0.000847
22  5.5  0.000523762
22  6.0  0.000324247
22  6.5  0.000208106
22  7.0  0.000138306
22  7.5  9.3125e-05
22  9.0  3.1839e-05
22  8.0  6.19096e-05
22  8.5  4.39672e-05
22  9.5  2.28709e-05
22  10.0  1.65514e-05
22  11.5  6.96599e-06
24  0.2  0.380794
22  11.0  8.96574e-06
24  0.3  0.542331
24  0.4  0.66237
24  0.5  0.702792
24  0.6  0.685332
24  0.7  0.619833
22  10.5  1.21725e-05
24  0.8  0.538
24  0.9  0.461056
24  1.0  0.385171
24  1.1  0.310582
24  1.2  0.260432
24  1.3  0.211897
24  1.4  0.171222
24  1.6  0.113459
24  1.5  0.138878
24  1.7  0.0922436
24  1.8  0.0753175
24  1.9  0.0622119
24  2.0  0.0515948
24  2.5  0.020908
24  3.5  0.00460436
24  3.0  0.00928223
22  12.0  5.28524e-06
24  4.5  0.00134102
24  5.0  0.00079661
24  4.0  0.00237495
24  5.5  0.000466477
24  6.0  0.000286125
24  6.5  0.000181642
24  7.5  8.37652e-05
24  7.0  0.000125101
24  9.0  2.85546e-05
24  8.0  5.82918e-05
24  8.5  3.95736e-05
24  9.5  2.08984e-05
24  10.0  1.50375e-05
26  0.2  0.366569
26  0.3  0.516185
26  0.4  0.619476
26  0.5  0.664093
24  10.5  1.11401e-05
26  0.6  0.635606
26  0.7  0.570614
26  0.8  0.49294
26  0.9  0.418623
26  1.0  0.353821
26  1.1  0.28501
24  11.0  8.32682e-06
26  1.2  0.232059
26  1.3  0.187772
26  1.4  0.153252
26  1.5  0.123691
26  1.6  0.100684
26  1.8  0.0665007
26  1.7  0.0822024
26  2.0  0.0463059
26  1.9  0.0567045
26  2.5  0.0184242
26  3.0  0.0081906
26  3.5  0.00408909
24  11.5  6.22986e-06
24  12.0  4.75932e-06
26  5.0  0.000688315
26  4.0  0.00207805
26  4.5  0.00118971
26  5.5  0.000412558
26  6.0  0.000261593
26  8.0  5.14008e-05
26  6.5  0.000167838
26  8.5  3.52859e-05
26  7.0  0.000110027
26  7.5  7.1107e-05
26  9.0  2.42454e-05
26  10.0  1.32245e-05
28  0.2  0.346797
26  9.5  1.82482e-05
28  0.3  0.488652
28  0.4  0.581029
28  0.5  0.59973
28  0.6  0.568291
28  0.7  0.508738
28  0.8  0.430116
28  0.9  0.362619
28  1.0  0.29478
28  1.1  0.245467
28  1.2  0.196945
28  1.3  0.161871
28  1.4  0.130429
28  1.5  0.105268
26  10.5  9.69309e-06
28  1.6  0.0857472
28  1.7  0.0689611
28  1.8  0.0574875
28  1.9  0.0469556
28  2.0  0.0391362
26  11.0  7.29233e-06
28  2.5  0.015401
28  3.0  0.0069154
28  3.5  0.00343754
26  11.5  5.52462e-06
26  12.0  4.2988e-06
28  5.0  0.000577847
28  5.5  0.000352049
28  4.0  0.0017152
28  4.5  0.00101078
28  6.0  0.000217759
28  6.5  0.000140383
28  7.5  6.22485e-05
28  7.0  9.19277e-05
28  8.5  2.94899e-05
28  8.0  4.25926e-05
28  10.0  1.10801e-05
28  9.0  2.11331e-05
28  9.5  1.51346e-05
30  0.2  0.326344
28  10.5  8.1707e-06
30  0.3  0.449669
30  0.4  0.51162
30  0.5  0.520365
30  0.6  0.482684
30  0.7  0.425555
30  0.8  0.35981
30  0.9  0.294219
30  1.0  0.239725
30  1.1  0.196924
30  1.2  0.158483
30  1.3  0.126642
30  1.4  0.10347
30  1.5  0.0832933
30  1.6  0.0678376
30  1.7  0.0550126
30  1.8  0.044432
30  1.9  0.0364258
28  11.0  6.09957e-06
30  2.0  0.0299961
30  2.5  0.0122745
30  3.0  0.00554989
30  3.5  0.00260666
28  11.5  4.60334e-06
28  12.0  3.47893e-06
30  4.0  0.0014166
30  5.5  0.000269895
30  4.5  0.000771847
30  6.0  0.000163976
30  5.0  0.000455596
30  7.5  4.69441e-05
30  6.5  0.000109532
30  7.0  7.16818e-05
30  8.0  3.3314e-05
30  8.5  2.29253e-05
30  9.0  1.6342e-05
30  10.0  8.59097e-06
30  9.5  1.17245e-05
30  10.5  6.32864e-06
32  0.2  0.283069
32  0.3  0.383636
32  0.4  0.428583
32  0.5  0.417084
32  0.6  0.37184
32  0.7  0.323769
32  0.8  0.27
32  0.9  0.216495
32  1.0  0.181057
32  1.1  0.142945
32  1.2  0.115316
32  1.3  0.0940104
32  1.4  0.0749296
32  1.5  0.0608365
32  1.6  0.0481097
32  1.7  0.0410634
32  1.8  0.0320049
30  11.0  4.78946e-06
32  1.9  0.0263674
32  2.0  0.0216211
32  2.5  0.00892345
32  3.0  0.00398721
32  3.5  0.00193205
30  11.5  3.62306e-06
30  12.0  2.7474e-06
32  5.0  0.000325246
32  4.0  0.000960242
32  5.5  0.000194613
32  4.5  0.000557468
32  6.0  0.00012021
32  8.0  2.3388e-05
32  7.5  3.39795e-05
32  8.5  1.62916e-05
32  6.5  7.68874e-05
32  7.0  4.89559e-05
32  9.5  8.28482e-06
32  9.0  1.16412e-05
32  10.0  6.12837e-06
34  0.2  0.240637
32  10.5  4.54082e-06
34  0.3  0.306327
34  0.4  0.314744
34  0.5  0.296197
34  0.6  0.262269
34  0.7  0.222697
34  0.8  0.180882
34  0.9  0.148454
34  1.0  0.119019
34  1.1  0.0958706
34  1.2  0.0770551
34  1.3  0.0599189
34  1.4  0.0488452
34  1.6  0.0322507
34  1.5  0.0396519
34  1.7  0.0260863
34  1.8  0.0211361
32  11.0  3.39973e-06
34  2.5  0.00572808
34  1.9  0.0178599
34  2.0  0.0143693
34  3.0  0.00254922
34  3.5  0.00119818
32  11.5  2.54893e-06
32  12.0  1.94506e-06
34  5.5  0.000124157
34  5.0  0.000202761
34  4.0  0.000653089
34  4.5  0.0003598
34  6.5  4.99242e-05
34  6.0  7.79281e-05
34  7.5  2.21026e-05
34  7.0  3.27095e-05
34  8.0  1.50952e-05
34  8.5  1.05198e-05
34  9.0  7.45172e-06
34  9.5  5.40699e-06
4  0.2  0.419672
34  10.0  3.93476e-06
4  0.3  0.604217
4  0.4  0.756156
4  0.5  0.835225
4  0.6  0.839038
4  0.7  0.786352
4  0.8  0.711825
34  10.5  2.96721e-06
4  0.9  0.602528
4  1.0  0.526819
4  1.1  0.435558
4  1.2  0.353813
4  1.3  0.296322
4  1.4  0.242144
34  11.0  2.18236e-06
4  1.5  0.198835
4  1.6  0.162385
4  1.7  0.134001
4  1.8  0.109911
4  2.0  0.0749219
4  1.9  0.0934358
4  2.5  0.0311147
4  3.0  0.0138547
4  3.5  0.00692447
34  11.5  1.64721e-06
34  12.0  1.24834e-06
4  4.0  0.0035957
4  4.5  0.00200833
4  5.5  0.000708861
4  5.0  0.00115009
4  6.0  0.0004415
4  6.5  0.000283093
4  7.0  0.000186687
4  7.5  0.000125252
4  8.5  6.05585e-05
4  8.0  8.66412e-05
4  9.0  4.27089e-05
4  9.5  3.10063e-05
4  10.0  2.25923e-05
4  11.0  1.25216e-05
6  0.2  0.416949
4  10.5  1.70551e-05
6  0.3  0.603802
6  0.4  0.750467
6  0.5  0.836171
6  0.6  0.830384
6  0.7  0.780276
6  0.8  0.707799
6  0.9  0.607532
6  1.0  0.51769
6  1.1  0.428763
4  11.5  9.4297e-06
6  1.2  0.357147
6  1.3  0.287769
6  1.5  0.196579
6  1.4  0.240405
6  1.6  0.162144
6  1.7  0.132448
6  1.8  0.110172
6  1.9  0.0900675
6  2.5  0.0306421
6  2.0  0.0747016
6  3.0  0.0139423
6  3.5  0.00688946
4  12.0  7.15769e-06
6  4.0  0.00353768
6  4.5  0.00200009
6  5.5  0.000695888
6  5.0  0.00113593
6  6.5  0.000280069
6  6.0  0.000440156
6  7.0  0.000190279
6  7.5  0.000124641
6  8.0  8.57848e-05
6  9.0  4.36641e-05
6  8.5  6.00939e-05
6  9.5  3.14093e-05
6  10.0  2.23498e-05
6  11.0  1.23071e-05
6  11.5  9.34459e-06
8  0.2  0.416457
8  0.3  0.601494
6  10.5  1.66098e-05
8  0.4  0.750316
8  0.5  0.820328
8  0.6  0.825
8  0.7  0.773432
8  0.8  0.688188
8  1.0  0.510665
8  0.9  0.596787
8  1.1  0.425223
8  1.2  0.353403
8  1.3  0.288043
8  1.4  0.237462
8  1.5  0.193788
8  1.6  0.159789
8  1.8  0.108301
8  1.7  0.131568
8  1.9  0.0888223
8  2.0  0.0739782
8  2.5  0.0305424
8  3.0  0.0137024
8  3.5  0.00679528
6  12.0  7.15021e-06
8  4.0  0.00353265
8  4.5  0.00195219
8  5.0  0.00116169
8  5.5  0.000691836
8  6.0  0.000433628
8  6.5  0.000279505
8  7.0  0.000184593
8  7.5  0.000123415
8  8.0  8.47834e-05
8  9.0  4.25374e-05
8  8.5  5.93905e-05
8  9.5  3.03801e-05
8  11.0  1.22147e-05
8  11.5  9.17473e-06
8  10.0  2.22414e-05
8  10.5  1.6316e-05
8  12.0  7.17887e-06
