# diffractive D0 cross section, Pb target, BCFY fragmentation, An0n channel
# generated      : 2026-10-04 20:52:05 EEST
# flux_model     : STARLIGHT (TARGET=AA)
# scale_factor   : 0.5 (fragmentation scale Q = SCALE_FACTOR * m_T)
# calls          : 1e5 (VEGAS calls per point, see CALLS_EXCL/CALLS_EXCL_FACTORIZED/CALLS_DIFF)
# dipole samples : data/Pb/mve/glauber_mve_<b_d>
# pD0 sweep      : 0.2 0.3 0.4 0.5 0.6 0.7 0.8 0.9 1.0 1.1 1.2 1.3 1.4 1.5 1.6 1.7 1.8 1.9 2.0 2.5 3.0 3.5 4.0 4.5 5.0 5.5 6.0 6.5 7.0 7.5 8.0 8.5 9.0 9.5 10.0 10.5 11.0 11.5 12.0
# fixed rapidity y : 0.0
# ============================================================
# b_d  pD0  dsigma_dyd2pD0
0  0.3  1.6795
0  0.2  1.25113
0  0.4  2.01675
0  0.5  2.3753
0  0.6  2.46087
0  0.7  2.50236
0  0.8  2.43583
0  0.9  2.24028
0  1.1  1.78311
0  1.0  2.03881
0  1.2  1.56036
0  1.3  1.34291
0  1.4  1.15566
0  1.5  0.976707
0  1.6  0.821084
0  1.7  0.694069
0  1.8  0.582612
0  1.9  0.495383
0  2.0  0.41965
0  2.5  0.186951
0  3.0  0.0859398
0  4.0  0.0231921
0  5.0  0.00757798
0  3.5  0.04285
0  4.5  0.0127126
0  6.0  0.00294967
0  7.0  0.00129019
0  5.5  0.00461448
0  6.5  0.00193042
0  7.5  0.000884606
0  8.0  0.000633043
0  8.5  0.00044246
0  9.0  0.000322323
10  0.2  1.23719
10  0.3  1.64843
0  9.5  0.000238303
10  0.4  2.02196
0  11.5  7.84359e-05
10  0.5  2.28844
0  10.5  0.000133133
10  0.6  2.47626
10  0.7  2.48453
10  0.8  2.34617
10  0.9  2.16594
10  1.0  1.96473
0  12.0  6.09658e-05
0  10.0  0.000181184
10  1.1  1.74529
10  1.2  1.50983
10  1.4  1.11308
10  1.3  1.30522
10  1.5  0.933813
10  1.6  0.798168
10  1.7  0.666465
10  1.8  0.562656
10  2.0  0.398077
10  1.9  0.477637
10  2.5  0.179339
0  11.0  0.000104457
10  4.0  0.0219038
10  3.0  0.0832466
10  3.5  0.0413611
10  4.5  0.0123976
10  5.0  0.00732623
10  5.5  0.00438266
10  6.0  0.00279601
10  6.5  0.0018281
10  7.0  0.0012471
10  7.5  0.000840667
10  8.0  0.000589149
10  8.5  0.000429408
10  9.0  0.000306825
12  0.2  1.2235
12  0.3  1.6461
10  9.5  0.000224398
12  0.4  2.01826
12  0.5  2.31753
12  0.6  2.45035
12  0.7  2.46297
12  0.8  2.30574
10  10.0  0.000169315
12  0.9  2.17402
12  1.0  1.92309
12  1.2  1.48703
12  1.1  1.71559
12  1.3  1.28197
12  1.4  1.08449
10  10.5  0.000131746
12  1.5  0.923396
12  1.6  0.772827
12  1.7  0.652565
12  1.8  0.554728
12  1.9  0.45624
12  2.0  0.395324
12  2.5  0.175241
10  11.0  9.65333e-05
10  11.5  7.46783e-05
12  3.0  0.0816703
10  12.0  5.96548e-05
12  4.0  0.0214876
12  3.5  0.0400102
12  4.5  0.0118801
12  5.5  0.00426294
12  5.0  0.00698268
12  6.0  0.00272209
12  7.0  0.00119508
12  7.5  0.00081925
12  6.5  0.00178325
12  8.0  0.000587548
12  8.5  0.000411518
12  9.0  0.000308451
14  0.2  1.20849
12  9.5  0.00021977
14  0.3  1.64092
14  0.4  2.03162
12  10.0  0.000166195
14  0.5  2.29598
14  0.6  2.41637
14  0.7  2.37159
14  0.8  2.31927
14  0.9  2.11244
14  1.0  1.8983
14  1.1  1.69019
14  1.2  1.42797
14  1.4  1.06683
14  1.3  1.24783
14  1.5  0.901098
14  1.6  0.75767
14  1.7  0.629354
14  1.8  0.541144
14  1.9  0.451693
12  10.5  0.000127118
14  2.0  0.382948
14  2.5  0.169889
12  11.0  9.50703e-05
14  3.5  0.0390511
12  11.5  7.25174e-05
14  3.0  0.078806
12  12.0  5.63749e-05
14  4.0  0.0207128
14  4.5  0.0115154
14  5.5  0.00422431
14  5.0  0.00680139
14  6.5  0.00173776
14  6.0  0.00263717
14  8.0  0.000559442
14  7.0  0.00114963
14  7.5  0.000794648
14  8.5  0.000410717
14  9.0  0.000298534
14  9.5  0.000215565
16  0.2  1.16459
16  0.3  1.63531
16  0.4  1.97314
16  0.5  2.22873
16  0.6  2.33351
14  10.0  0.000158158
16  0.7  2.38715
16  0.8  2.26115
16  0.9  2.06334
16  1.0  1.87597
16  1.1  1.64041
16  1.2  1.42612
16  1.4  1.03033
16  1.3  1.21939
16  1.5  0.864869
16  1.7  0.614674
16  1.6  0.72966
14  10.5  0.000122139
16  1.8  0.522803
16  1.9  0.441595
16  2.0  0.370504
16  2.5  0.164442
14  11.0  9.21921e-05
16  3.0  0.0761331
14  11.5  7.0107e-05
14  12.0  5.66617e-05
16  4.5  0.0111043
16  3.5  0.0381475
16  4.0  0.0202888
16  5.0  0.00660666
16  6.0  0.00255704
16  7.0  0.00111345
16  5.5  0.00402318
16  6.5  0.00167108
16  7.5  0.000771402
16  8.0  0.000518351
16  8.5  0.000396508
16  9.0  0.000289399
18  0.2  1.18718
18  0.3  1.61103
16  9.5  0.000212469
18  0.4  1.96702
18  0.5  2.23197
18  0.6  2.35058
18  0.7  2.28451
16  10.0  0.000153785
18  0.8  2.17133
18  0.9  2.01063
18  1.0  1.80066
18  1.1  1.59891
18  1.2  1.37263
18  1.3  1.17831
18  1.4  0.988114
18  1.5  0.836462
18  1.6  0.703587
18  1.7  0.587956
18  1.8  0.500578
18  1.9  0.416049
16  10.5  0.000115225
18  2.5  0.157485
18  2.0  0.356136
16  11.0  9.06979e-05
16  11.5  7.00594e-05
18  3.0  0.0724645
18  3.5  0.0361633
16  12.0  5.407e-05
18  4.5  0.0106782
18  4.0  0.0192759
18  5.0  0.00624966
18  7.0  0.00106664
18  6.0  0.00244782
18  5.5  0.00379127
18  6.5  0.00158431
18  7.5  0.000730957
18  8.0  0.000518954
18  8.5  0.000366793
18  9.0  0.000267203
2  0.2  1.26217
2  0.3  1.69279
18  9.5  0.000203483
2  0.4  2.03249
2  0.5  2.37206
2  0.6  2.52448
2  0.7  2.53511
2  0.8  2.39628
18  10.0  0.000151339
2  0.9  2.26268
2  1.0  2.04544
2  1.1  1.77534
2  1.3  1.35313
2  1.2  1.56781
18  10.5  0.000114377
2  1.4  1.1425
2  1.5  0.980827
2  1.6  0.820193
2  1.7  0.692607
2  1.8  0.587283
18  11.5  6.48957e-05
2  1.9  0.492805
2  2.0  0.421626
2  2.5  0.187134
18  11.0  8.47256e-05
2  3.0  0.0881231
2  4.0  0.0226656
18  12.0  4.88948e-05
2  3.5  0.0431457
2  5.0  0.00752246
2  4.5  0.0127936
2  7.0  0.00128329
2  6.0  0.0029428
2  5.5  0.00461534
2  6.5  0.00194482
2  7.5  0.000884404
2  8.0  0.00062588
2  8.5  0.0004543
2  9.0  0.000326618
20  0.2  1.18854
20  0.3  1.58844
2  11.5  7.84697e-05
2  9.5  0.00024441
20  0.4  1.92635
20  0.5  2.1784
20  0.6  2.28371
20  0.7  2.28074
20  0.8  2.14796
2  12.0  6.0815e-05
20  0.9  1.93215
20  1.0  1.74196
20  1.1  1.53036
20  1.2  1.31156
2  10.0  0.000177088
20  1.3  1.11656
20  1.4  0.938819
2  10.5  0.000137101
20  1.5  0.801656
20  1.6  0.675474
20  1.7  0.567099
20  1.8  0.477866
20  1.9  0.401604
20  2.5  0.149383
20  2.0  0.337792
2  11.0  0.000103352
20  3.0  0.0690654
20  3.5  0.0341126
20  4.5  0.0100756
20  4.0  0.0178313
20  5.0  0.0058984
20  5.5  0.00364589
20  6.0  0.00227574
20  8.0  0.000501787
20  6.5  0.00149807
20  7.0  0.00100633
20  7.5  0.000697053
20  8.5  0.000355476
20  9.0  0.000249735
22  0.2  1.13466
22  0.3  1.55073
22  0.4  1.8691
20  9.5  0.000190474
22  0.5  2.11556
22  0.6  2.21394
22  0.7  2.14449
20  10.0  0.000138466
22  0.8  2.02583
22  0.9  1.86039
22  1.0  1.65243
22  1.2  1.25445
22  1.1  1.45897
22  1.3  1.0654
22  1.4  0.895625
22  1.5  0.751467
22  1.6  0.631782
20  10.5  0.000107765
22  1.7  0.531918
22  1.8  0.443547
22  1.9  0.374736
22  2.0  0.315798
22  2.5  0.139128
20  11.0  8.02362e-05
22  3.0  0.0644662
22  3.5  0.0316353
20  11.5  6.12515e-05
20  12.0  4.78484e-05
22  4.0  0.0165989
22  5.0  0.00551148
22  4.5  0.0094362
22  5.5  0.00336301
22  6.0  0.00213114
22  6.5  0.00139064
22  7.0  0.000934144
22  7.5  0.00064257
22  8.0  0.000455846
22  8.5  0.000321551
24  0.2  1.10829
22  9.0  0.000234129
24  0.3  1.52403
24  0.4  1.81219
22  9.5  0.000177413
24  0.5  2.03986
24  0.6  2.11217
24  0.7  2.07702
24  0.8  1.91534
24  0.9  1.75046
24  1.0  1.53979
22  10.0  0.000128248
24  1.1  1.35317
24  1.2  1.15843
24  1.3  0.983772
22  10.5  9.69917e-05
24  1.4  0.823955
24  1.5  0.684962
24  1.7  0.483537
24  1.6  0.58348
24  1.8  0.401048
24  1.9  0.343078
24  2.0  0.287986
24  2.5  0.127494
22  11.0  7.4143e-05
24  3.0  0.0582159
24  3.5  0.0290676
22  11.5  5.71015e-05
22  12.0  4.43747e-05
24  4.5  0.00867117
24  4.0  0.0153564
24  5.5  0.00307883
24  6.5  0.00129016
24  5.0  0.00496993
24  6.0  0.00194019
24  7.5  0.000588046
24  7.0  0.000850827
24  8.0  0.000422894
24  10.0  0.000117479
24  8.5  0.000290087
24  9.0  0.000214523
26  0.2  1.06591
26  0.3  1.45603
24  9.5  0.000156709
26  0.4  1.73115
26  0.5  1.93033
26  0.6  1.98547
26  0.7  1.93681
26  0.8  1.79352
26  0.9  1.60604
26  1.0  1.40481
26  1.1  1.23284
26  1.2  1.04662
26  1.3  0.882002
26  1.4  0.740937
26  1.5  0.624288
24  10.5  9.0903e-05
26  1.6  0.520174
26  1.7  0.435035
26  1.8  0.36395
26  2.0  0.253952
26  1.9  0.301325
26  2.5  0.111797
24  11.0  6.93746e-05
24  11.5  5.19528e-05
26  3.5  0.0255255
24  12.0  4.03119e-05
26  4.5  0.0073274
26  3.0  0.0518964
26  4.0  0.0132964
26  5.5  0.00269034
26  6.5  0.00112084
26  5.0  0.00440743
26  6.0  0.00172099
26  7.0  0.000767974
26  7.5  0.000512908
26  8.0  0.000362427
26  8.5  0.00026281
26  9.0  0.000187828
28  0.2  1.00834
26  9.5  0.000137986
28  0.3  1.36776
28  0.4  1.62286
28  0.5  1.78214
28  0.6  1.81427
28  0.7  1.74233
26  10.0  0.000103466
28  0.8  1.60762
28  0.9  1.44048
28  1.0  1.23772
28  1.1  1.06891
28  1.2  0.895177
28  1.4  0.631977
28  1.3  0.763775
28  1.5  0.529212
28  1.6  0.444852
26  10.5  7.91307e-05
28  1.8  0.312725
28  1.7  0.367251
28  1.9  0.25687
28  2.0  0.216294
28  2.5  0.0949997
26  11.0  5.8804e-05
26  11.5  4.61905e-05
26  12.0  3.65216e-05
28  5.0  0.00369036
28  4.5  0.00629704
28  3.0  0.0433682
28  3.5  0.021278
28  4.0  0.0113217
28  5.5  0.00224778
28  6.0  0.00143089
28  7.5  0.000434849
28  6.5  0.000946594
28  7.0  0.000633776
28  10.0  8.85821e-05
28  8.0  0.000311756
28  8.5  0.000222223
28  9.0  0.000159734
30  0.2  0.927216
30  0.3  1.25186
28  9.5  0.000118558
30  0.4  1.47105
30  0.5  1.57489
30  0.6  1.54927
30  0.7  1.45974
30  0.8  1.33529
28  12.0  2.97982e-05
30  0.9  1.17086
28  10.5  6.52947e-05
30  1.0  1.02702
30  1.1  0.876633
30  1.2  0.732102
30  1.3  0.614162
30  1.6  0.349713
30  1.4  0.511234
30  1.5  0.421559
30  1.7  0.289733
30  1.8  0.245445
30  2.0  0.172056
30  1.9  0.206587
30  2.5  0.0744465
28  11.0  4.94223e-05
28  11.5  3.83288e-05
30  3.0  0.0340013
30  3.5  0.016754
30  4.0  0.008809
30  4.5  0.00489925
30  5.5  0.00177895
30  5.0  0.00288502
30  6.0  0.00112333
30  6.5  0.000725066
30  7.0  0.00049532
30  7.5  0.000340253
30  8.0  0.000238472
30  9.0  0.000123856
30  8.5  0.000168703
32  0.2  0.834206
32  0.3  1.08768
30  9.5  9.26111e-05
32  0.4  1.24828
32  0.5  1.30119
32  0.6  1.25965
32  0.7  1.14209
30  10.0  6.80073e-05
32  0.8  1.01769
32  1.0  0.750434
32  0.9  0.899053
32  1.1  0.648068
32  1.2  0.539055
32  1.3  0.449422
32  1.4  0.373851
32  1.6  0.256664
30  10.5  5.1974e-05
32  1.5  0.309673
32  1.7  0.214175
32  1.8  0.175267
32  2.0  0.124074
32  2.5  0.0527267
32  1.9  0.148403
30  11.0  3.88159e-05
32  3.5  0.0119806
30  11.5  3.01445e-05
30  12.0  2.33277e-05
32  3.0  0.024313
32  4.0  0.00635233
32  4.5  0.00354794
32  5.0  0.00207158
32  5.5  0.00128457
32  6.0  0.000814044
32  6.5  0.000525439
32  7.0  0.000354043
32  7.5  0.000240683
32  8.0  0.000172406
32  8.5  0.000120337
32  9.0  8.94771e-05
32  9.5  6.48442e-05
4  0.2  1.26667
4  0.3  1.67499
4  0.4  2.0705
4  0.5  2.37658
4  0.6  2.51647
32  12.0  1.69131e-05
4  0.7  2.50856
4  0.8  2.40684
32  10.0  4.83012e-05
4  0.9  2.22565
4  1.0  2.03409
4  1.1  1.78673
4  1.4  1.15449
4  1.2  1.5606
4  1.3  1.34014
32  10.5  3.63037e-05
4  1.5  0.965834
4  1.6  0.82477
4  1.8  0.57544
4  1.7  0.685447
4  2.0  0.419167
4  1.9  0.495916
4  2.5  0.186124
32  11.0  2.78249e-05
32  11.5  2.12735e-05
4  3.0  0.0868035
4  4.0  0.0227115
4  3.5  0.0428492
4  4.5  0.0128492
4  5.0  0.00745922
4  6.0  0.0029467
4  5.5  0.00457362
4  6.5  0.00190227
4  7.0  0.00128908
4  7.5  0.000878677
4  9.0  0.00032852
4  8.0  0.000636258
4  8.5  0.000438561
4  9.5  0.000240948
6  0.2  1.24332
6  0.3  1.68822
6  0.4  2.01502
4  11.5  7.77457e-05
6  0.5  2.37114
6  0.6  2.42672
6  0.7  2.52363
6  0.8  2.39969
4  10.0  0.000180939
4  12.0  6.22246e-05
6  0.9  2.24504
6  1.0  2.02133
6  1.1  1.76851
6  1.2  1.55398
6  1.3  1.34052
6  1.4  1.12894
4  10.5  0.000135878
6  1.5  0.970819
6  1.6  0.813295
6  1.8  0.568951
6  1.7  0.688749
6  1.9  0.489122
6  2.5  0.181368
6  2.0  0.415177
4  11.0  0.000102739
6  3.0  0.0858036
6  4.0  0.0222344
6  3.5  0.0418938
6  5.0  0.00742199
6  4.5  0.0126621
6  6.0  0.00288996
6  5.5  0.00452055
6  6.5  0.00186978
6  7.0  0.00126056
6  7.5  0.000869098
6  8.0  0.000608776
6  8.5  0.000448287
6  9.0  0.000325798
8  0.2  1.23953
8  0.3  1.67014
6  9.5  0.000238983
8  0.4  2.03097
6  11.5  7.71539e-05
8  0.5  2.29425
8  0.6  2.44528
8  0.7  2.51165
6  12.0  5.98892e-05
8  0.8  2.36485
6  10.0  0.000174919
8  0.9  2.19202
8  1.0  2.00323
8  1.1  1.76935
8  1.2  1.54339
8  1.3  1.32103
6  10.5  0.000133749
8  1.4  1.11036
8  1.5  0.942591
8  1.6  0.808141
8  1.7  0.670196
8  1.8  0.570022
8  1.9  0.480633
8  2.0  0.410408
6  11.0  0.000103475
8  2.5  0.182393
8  3.0  0.0855925
8  4.0  0.0222414
8  3.5  0.0418546
8  4.5  0.012556
8  5.0  0.00727167
8  6.0  0.00285294
8  5.5  0.00448393
8  7.5  0.000858035
8  6.5  0.001858
8  7.0  0.0012471
8  8.0  0.000614316
8  8.5  0.000430475
8  9.0  0.000312033
8  9.5  0.000236011
8  11.5  7.60126e-05
8  12.0  5.82416e-05
8  10.0  0.000176193
8  10.5  0.000132785
8  11.0  9.92493e-05
