# exclusive D0 cross section, Pb target, BCFY fragmentation, An0n channel
# generated      : 2026-10-04 20:52:05 EEST
# flux_model     : STARLIGHT (TARGET=AA)
# scale_factor   : 0.5 (fragmentation scale Q = SCALE_FACTOR * m_T)
# calls          : 1e5 below 3.0 GeV, 2e3 above (see EXCL_PT_THRESHOLD) (VEGAS calls per point, see CALLS_EXCL/CALLS_EXCL_FACTORIZED/CALLS_DIFF)
# dipole samples : data/Pb/mve/glauber_mve_<b_d>
# pD0 sweep      : 0.2 0.3 0.4 0.5 0.6 0.7 0.8 0.9 1.0 1.1 1.2 1.3 1.4 1.5 1.6 1.7 1.8 1.9 2.0 2.5 3.0 3.5 4.0 4.5 5.0 5.5 6.0 6.5 7.0 7.5 8.0 8.5 9.0 9.5 10.0 10.5 11.0 11.5 12.0
# fixed rapidity y : 0.5
# ============================================================
# b_d  pD0  dsigma_dyd2pD0
0  0.3  5.76917
0  0.5  3.79445
0  0.4  4.72766
0  0.6  2.99488
0  0.2  6.94049
0  0.7  2.33499
0  0.8  1.80029
0  1.0  1.04908
0  0.9  1.37939
0  1.1  0.795583
0  1.2  0.603192
0  1.3  0.457988
0  1.5  0.263522
0  1.4  0.346551
0  1.6  0.201584
0  1.7  0.154684
0  1.9  0.0921214
0  1.8  0.118122
0  2.0  0.0711519
0  2.5  0.0209483
0  4.0  0.000744864
0  4.5  0.000286861
0  5.0  0.000117876
0  3.0  0.00638147
0  3.5  0.0020983
0  6.5  1.13855e-05
0  5.5  5.13649e-05
0  6.0  2.36134e-05
0  7.0  5.72662e-06
0  8.5  9.04499e-07
0  7.5  3.0105e-06
0  8.0  1.62742e-06
0  9.5  3.0672e-07
0  9.0  5.21548e-07
10  0.2  6.59355
10  0.3  5.48014
10  0.4  4.47622
10  0.5  3.5907
10  0.6  2.83186
0  10.0  1.85117e-07
10  0.7  2.20573
10  0.8  1.69447
10  0.9  1.29412
10  1.0  0.984199
10  1.1  0.744281
10  1.2  0.563426
10  1.3  0.42595
10  1.6  0.186992
10  1.4  0.323091
0  10.5  1.1444e-07
10  1.5  0.244877
10  1.7  0.144008
10  1.9  0.0858312
10  1.8  0.110358
10  2.0  0.0663849
10  2.5  0.0192007
0  11.0  7.19631e-08
0  11.5  4.6116e-08
0  12.0  3.01198e-08
10  3.5  0.00191316
10  3.0  0.00586085
10  4.0  0.000685312
10  4.5  0.000262789
10  5.5  4.67927e-05
10  6.5  1.03702e-05
10  5.0  0.000107891
10  7.0  5.21882e-06
10  6.0  2.15315e-05
10  7.5  2.73769e-06
10  8.0  1.48015e-06
10  8.5  8.25491e-07
10  9.5  2.78479e-07
10  9.0  4.73718e-07
10  10.0  1.67785e-07
12  0.2  6.43245
12  0.3  5.34277
12  0.4  4.36121
12  0.5  3.49159
12  0.6  2.75184
12  0.7  2.1395
12  0.8  1.64372
12  0.9  1.25633
12  1.1  0.721515
12  1.0  0.953935
12  1.2  0.54591
12  1.3  0.412768
12  1.4  0.312612
12  1.5  0.237327
12  1.6  0.180404
12  1.7  0.138938
12  1.8  0.10661
10  10.5  1.03852e-07
12  1.9  0.0814229
12  2.0  0.0636726
12  2.5  0.0183755
10  11.0  6.52978e-08
10  11.5  4.17947e-08
10  12.0  2.7311e-08
12  3.5  0.00183473
12  3.0  0.00562541
12  4.0  0.000656805
12  5.0  0.000103083
12  4.5  0.000251708
12  5.5  4.47916e-05
12  6.0  2.05997e-05
12  6.5  9.92117e-06
12  7.0  4.98574e-06
12  7.5  2.61452e-06
12  8.0  1.4144e-06
12  8.5  7.89341e-07
12  9.5  2.65888e-07
12  9.0  4.52439e-07
12  10.0  1.60205e-07
14  0.2  6.23421
14  0.3  5.17272
14  0.4  4.22332
14  0.5  3.37968
14  0.6  2.66309
14  0.7  2.06414
14  0.8  1.58894
14  0.9  1.21044
14  1.1  0.693076
14  1.0  0.917279
14  1.2  0.522912
14  1.3  0.395511
14  1.5  0.227337
14  1.4  0.299063
14  1.6  0.172839
14  1.7  0.131805
14  1.8  0.101196
14  2.0  0.0610902
14  1.9  0.0773821
12  10.5  9.91513e-08
14  2.5  0.0175679
12  11.0  6.23188e-08
12  11.5  3.98867e-08
12  12.0  2.60609e-08
14  3.5  0.00174157
14  3.0  0.00534395
14  4.0  0.000622601
14  4.5  0.000238472
14  5.0  9.70916e-05
14  5.5  4.23873e-05
14  6.0  1.9484e-05
14  6.5  9.40559e-06
14  7.0  4.71027e-06
14  7.5  2.46062e-06
14  8.0  1.33628e-06
14  9.5  2.51002e-07
14  8.5  7.45803e-07
14  9.0  4.27105e-07
14  10.0  1.51211e-07
16  0.2  5.99629
16  0.3  4.97382
16  0.4  4.0515
16  0.5  3.2419
16  0.6  2.55082
16  0.7  1.97478
16  0.8  1.51612
16  0.9  1.15313
16  1.0  0.873279
16  1.1  0.659191
16  1.2  0.498166
16  1.3  0.374819
16  1.4  0.284425
16  1.5  0.215248
16  1.7  0.124794
14  10.5  9.42893e-08
16  1.6  0.162738
16  1.8  0.0951565
16  1.9  0.0733236
16  2.0  0.0563137
16  2.5  0.016768
14  11.0  5.87772e-08
16  4.0  0.000581386
14  11.5  3.76317e-08
16  3.5  0.00163224
14  12.0  2.45906e-08
16  4.5  0.000222265
16  3.0  0.00501391
16  5.0  9.11289e-05
16  6.5  8.75438e-06
16  5.5  3.96028e-05
16  7.0  4.39203e-06
16  6.0  1.82015e-05
16  7.5  2.30533e-06
16  8.0  1.24501e-06
16  8.5  6.94784e-07
16  9.5  2.33657e-07
16  9.0  3.97674e-07
16  10.0  1.40725e-07
18  0.2  5.71365
18  0.3  4.72726
18  0.4  3.85254
18  0.5  3.07699
18  0.6  2.4154
18  0.7  1.86816
18  0.8  1.43324
18  1.0  0.822864
18  0.9  1.08854
18  1.1  0.620693
18  1.2  0.466508
18  1.3  0.351958
18  1.4  0.26524
16  10.5  8.70775e-08
18  1.5  0.201421
18  1.6  0.152244
18  1.7  0.116172
18  1.8  0.09027
18  2.0  0.0530477
18  1.9  0.0681481
18  2.5  0.0152559
16  11.0  5.46766e-08
18  3.0  0.00463033
16  11.5  3.50175e-08
16  12.0  2.28701e-08
18  3.5  0.00150493
18  4.0  0.000533657
18  4.5  0.000205252
18  5.0  8.37372e-05
18  5.5  3.63436e-05
18  7.0  4.02837e-06
18  6.0  1.67492e-05
18  7.5  2.10331e-06
18  6.5  8.06116e-06
18  8.0  1.13021e-06
18  8.5  6.35995e-07
18  9.0  3.6399e-07
2  0.2  6.92716
2  0.3  5.75773
18  9.5  2.14067e-07
2  0.4  4.71684
2  0.5  3.78559
2  0.6  2.99211
2  0.7  2.32798
2  0.8  1.79592
18  10.0  1.28871e-07
2  0.9  1.37556
2  1.0  1.04669
2  1.1  0.793577
2  1.2  0.601649
2  1.3  0.456508
2  1.4  0.34613
18  10.5  7.96307e-08
2  1.5  0.262879
2  1.6  0.201121
2  1.7  0.153426
2  1.9  0.0922762
2  1.8  0.117871
2  2.0  0.0709351
2  2.5  0.020613
18  11.0  4.99864e-08
18  11.5  3.20258e-08
2  4.0  0.000742239
18  12.0  2.09003e-08
2  3.0  0.00636078
2  4.5  0.000285877
2  3.5  0.00209093
2  5.0  0.000117461
2  6.5  1.13453e-05
2  5.5  5.1186e-05
2  6.0  2.353e-05
2  7.0  5.70567e-06
2  8.5  9.01198e-07
2  7.5  2.99968e-06
2  8.0  1.6216e-06
2  9.5  3.05599e-07
2  9.0  5.19637e-07
20  0.2  5.36899
20  0.3  4.4462
20  0.4  3.61326
20  0.5  2.88011
20  0.6  2.25701
20  0.8  1.33107
20  0.7  1.74399
20  0.9  1.01075
20  1.0  0.761982
20  1.1  0.573049
2  10.0  1.84437e-07
20  1.2  0.432431
20  1.3  0.324062
20  1.4  0.243351
20  1.5  0.184534
2  10.5  1.14019e-07
20  1.6  0.139888
20  1.7  0.107069
20  1.8  0.0830117
20  1.9  0.0622236
20  2.0  0.04861
20  2.5  0.0141163
2  11.0  7.16983e-08
2  11.5  4.59447e-08
20  3.0  0.00419721
20  3.5  0.00135923
2  12.0  3.00068e-08
20  4.0  0.000481527
20  5.0  7.52764e-05
20  4.5  0.000184968
20  7.0  3.61221e-06
20  5.5  3.28436e-05
20  6.5  7.21327e-06
20  6.0  1.50477e-05
20  7.5  1.88654e-06
20  8.0  1.02204e-06
20  8.5  5.69107e-07
20  9.0  3.25916e-07
22  0.2  4.95838
22  0.3  4.10062
20  9.5  1.91597e-07
22  0.4  3.32656
22  0.5  2.64642
22  0.6  2.06898
22  0.8  1.21356
22  0.7  1.59352
22  0.9  0.918778
22  1.0  0.690294
20  10.0  1.14135e-07
22  1.1  0.518298
22  1.2  0.38917
22  1.3  0.291228
22  1.4  0.219605
22  1.5  0.165623
20  10.5  7.12092e-08
22  1.6  0.125087
22  1.7  0.0955474
22  1.8  0.0733895
22  1.9  0.0556209
22  2.0  0.0436501
22  2.5  0.0125745
20  11.0  4.46982e-08
20  11.5  2.8606e-08
22  3.5  0.00119597
20  12.0  1.86714e-08
22  4.0  0.000420557
22  5.0  6.58292e-05
22  3.0  0.00370327
22  4.5  0.000162079
22  5.5  2.85677e-05
22  6.5  6.29278e-06
22  7.0  3.14849e-06
22  6.0  1.31288e-05
22  7.5  1.64129e-06
22  8.5  4.92574e-07
22  8.0  8.89154e-07
22  9.0  2.82209e-07
22  10.0  9.99675e-08
24  0.2  4.46696
24  0.3  3.68556
24  0.4  2.98202
22  9.5  1.6639e-07
24  0.5  2.36532
24  0.6  1.84011
24  0.7  1.41561
24  0.8  1.07573
24  0.9  0.810641
24  1.0  0.608108
24  1.1  0.454319
24  1.2  0.339626
24  1.3  0.254541
24  1.4  0.190722
24  1.5  0.143505
24  1.6  0.10853
24  1.7  0.0824393
22  10.5  6.23016e-08
24  1.8  0.0629559
24  1.9  0.0480497
24  2.0  0.0370357
24  2.5  0.0107173
22  11.0  3.87486e-08
22  11.5  2.47988e-08
24  3.5  0.00101136
22  12.0  1.61657e-08
24  3.0  0.00314274
24  4.0  0.000358676
24  4.5  0.000136506
24  5.0  5.53684e-05
24  5.5  2.39923e-05
24  6.5  5.27324e-06
24  6.0  1.09957e-05
24  7.0  2.63179e-06
24  7.5  1.37095e-06
24  8.0  7.41351e-07
24  10.0  8.21622e-08
24  8.5  4.12191e-07
24  9.0  2.35814e-07
26  0.2  3.87384
26  0.3  3.18858
24  9.5  1.38562e-07
26  0.4  2.5714
26  0.5  2.03005
26  0.6  1.57639
26  0.7  1.20665
26  0.8  0.912117
26  0.9  0.684538
26  1.0  0.510618
26  1.1  0.380164
26  1.2  0.283619
26  1.4  0.158053
26  1.3  0.211285
26  1.5  0.118695
26  1.6  0.0900512
26  1.7  0.0674997
24  10.5  5.12993e-08
26  1.8  0.0516678
26  1.9  0.0394964
26  2.0  0.0303964
26  2.5  0.0084185
24  11.0  3.21865e-08
24  11.5  2.0587e-08
24  12.0  1.34204e-08
26  3.5  0.000809502
26  3.0  0.00252764
26  4.0  0.000285696
26  5.0  4.38659e-05
26  4.5  0.000108398
26  6.5  4.15897e-06
26  5.5  1.89511e-05
26  6.0  8.65268e-06
26  7.0  2.07247e-06
26  7.5  1.07644e-06
26  8.0  5.81824e-07
26  8.5  3.23167e-07
26  9.0  1.84622e-07
28  0.2  3.17249
26  9.5  1.08322e-07
28  0.3  2.60066
28  0.4  2.08825
28  0.5  1.64175
28  0.6  1.26758
28  0.7  0.963078
28  0.8  0.723162
26  10.0  6.50755e-08
28  0.9  0.540733
28  1.0  0.402469
28  1.1  0.296432
28  1.2  0.220523
28  1.3  0.163678
28  1.4  0.121945
28  1.5  0.0913716
28  1.6  0.0681911
28  1.7  0.0513708
28  1.8  0.0393979
28  1.9  0.0301944
28  2.0  0.0234182
26  10.5  4.00104e-08
28  2.5  0.0064085
26  11.0  2.51051e-08
26  11.5  1.60413e-08
26  12.0  1.04511e-08
28  4.5  7.87412e-05
28  3.5  0.000599408
28  3.0  0.00187363
28  4.0  0.000209484
28  5.5  1.37528e-05
28  5.0  3.18766e-05
28  6.5  2.98328e-06
28  7.0  1.49197e-06
28  6.0  6.26577e-06
28  8.0  4.14647e-07
28  7.5  7.7625e-07
28  9.0  1.31514e-07
28  9.5  7.72613e-08
28  8.5  2.31446e-07
30  0.2  2.38601
30  0.3  1.94662
30  0.4  1.55298
30  0.5  1.21318
30  0.6  0.929435
30  0.7  0.70087
28  10.0  4.63879e-08
30  0.8  0.523623
30  0.9  0.387627
30  1.0  0.285737
30  1.1  0.210221
30  1.2  0.154614
28  10.5  2.85283e-08
30  1.3  0.114089
30  1.4  0.0844976
30  1.5  0.0629466
30  1.6  0.0473096
30  1.7  0.0355681
30  1.8  0.0269601
30  1.9  0.0205064
30  2.0  0.0152724
30  2.5  0.00424757
28  11.0  1.78398e-08
28  11.5  1.13936e-08
28  12.0  7.40889e-09
30  4.0  0.000135259
30  5.0  2.05121e-05
30  4.5  5.07467e-05
30  3.0  0.00123539
30  3.5  0.000389611
30  6.0  3.97644e-06
30  6.5  1.8957e-06
30  5.5  8.81826e-06
30  7.0  9.4289e-07
30  8.0  2.6141e-07
30  7.5  4.89326e-07
30  9.0  8.23516e-08
30  8.5  1.45206e-07
32  0.2  1.59309
32  0.3  1.29199
30  9.5  4.83434e-08
32  0.4  1.02312
32  0.5  0.792021
32  0.6  0.601319
32  0.7  0.448945
32  0.8  0.331453
30  10.0  2.89649e-08
32  0.9  0.24323
32  1.0  0.177646
32  1.1  0.129561
32  1.2  0.0947448
32  1.3  0.0693495
32  1.4  0.0510592
30  10.5  1.77489e-08
32  1.5  0.0377287
32  1.6  0.0282586
32  1.7  0.0210557
32  1.8  0.0159238
32  1.9  0.0119702
32  2.5  0.00245004
32  2.0  0.00897854
30  11.0  1.11011e-08
30  11.5  7.07822e-09
30  12.0  4.59535e-09
32  3.5  0.000217682
32  4.0  7.48284e-05
32  3.0  0.000698543
32  6.0  2.13855e-06
32  4.5  2.80071e-05
32  5.5  4.76458e-06
32  6.5  1.01452e-06
32  5.0  1.12125e-05
32  7.0  5.03951e-07
32  7.5  2.60378e-07
32  8.0  1.39048e-07
32  10.0  1.51048e-08
32  9.0  4.33549e-08
32  8.5  7.66873e-08
4  0.2  6.88664
32  9.5  2.53978e-08
4  0.3  5.73074
4  0.4  4.68524
4  0.5  3.76238
4  0.6  2.97047
4  0.7  2.31361
4  0.8  1.78247
4  0.9  1.36579
4  1.0  1.03848
4  1.1  0.787444
4  1.2  0.596652
4  1.3  0.452478
4  1.4  0.343019
4  1.6  0.199598
4  1.5  0.260871
4  1.7  0.153718
32  10.5  9.27954e-09
4  1.8  0.117233
4  1.9  0.0902702
4  2.0  0.0704569
4  2.5  0.02055
32  11.0  5.78561e-09
32  11.5  3.68163e-09
32  12.0  2.38525e-09
4  4.0  0.000734714
4  4.5  0.000282919
4  3.0  0.00630001
4  3.5  0.0020694
4  5.0  0.000116254
4  5.5  5.06405e-05
4  6.5  1.12245e-05
4  6.0  2.32811e-05
4  7.5  2.96416e-06
4  7.0  5.64477e-06
4  8.5  8.91331e-07
4  8.0  1.604e-06
4  9.5  3.02232e-07
4  9.0  5.13919e-07
4  10.0  1.82132e-07
6  0.2  6.8175
6  0.3  5.66476
6  0.4  4.63873
6  0.5  3.72065
6  0.6  2.94017
6  0.7  2.29085
6  0.8  1.76419
6  0.9  1.34861
6  1.0  1.02558
6  1.1  0.777976
6  1.2  0.58855
6  1.3  0.446843
6  1.4  0.338902
6  1.5  0.257596
6  1.6  0.196192
4  10.5  1.12753e-07
6  1.7  0.14972
6  1.8  0.115264
6  2.0  0.0702349
6  1.9  0.0882943
6  2.5  0.0205373
4  11.0  7.09023e-08
4  11.5  4.54219e-08
4  12.0  2.96729e-08
6  3.5  0.00202616
6  4.0  0.000722005
6  4.5  0.000277968
6  3.0  0.00619638
6  5.0  0.000114225
6  5.5  4.97177e-05
6  6.5  1.10225e-05
6  6.0  2.28689e-05
6  7.0  5.5445e-06
6  8.5  8.74818e-07
6  7.5  2.91354e-06
6  8.0  1.57471e-06
6  9.5  2.96609e-07
6  9.0  5.04332e-07
6  10.0  1.78724e-07
8  0.2  6.71964
8  0.3  5.59017
8  0.4  4.5671
8  0.5  3.66123
8  0.6  2.89098
8  0.7  2.24967
8  0.8  1.73251
8  0.9  1.32654
8  1.0  1.00707
8  1.1  0.762667
8  1.2  0.577354
8  1.3  0.438038
6  10.5  1.10644e-07
8  1.4  0.331107
8  1.5  0.251706
8  1.6  0.192835
8  1.7  0.148347
8  1.8  0.113913
8  1.9  0.0869042
8  2.0  0.0679672
8  2.5  0.019705
6  11.0  6.95703e-08
6  11.5  4.45786e-08
8  4.0  0.000707091
6  12.0  2.91155e-08
8  3.5  0.00197707
8  4.5  0.00027102
8  3.0  0.00605133
8  5.0  0.000111283
8  5.5  4.84372e-05
8  7.0  5.40286e-06
8  6.0  2.22856e-05
8  6.5  1.07769e-05
8  8.5  8.51601e-07
8  7.5  2.83665e-06
8  8.0  1.53345e-06
8  9.5  2.88707e-07
8  9.0  4.90909e-07
8  10.0  1.73949e-07
8  10.5  1.07678e-07
8  11.5  4.29438e-08
8  11.0  6.77043e-08
8  12.0  2.83289e-08
