# exclusive D0 cross section, Pb target, BCFY fragmentation, An0n channel
# generated      : 2026-10-04 20:52:05 EEST
# flux_model     : STARLIGHT (TARGET=AA)
# scale_factor   : 0.5 (fragmentation scale Q = SCALE_FACTOR * m_T)
# calls          : 1e5 below 3.0 GeV, 2e3 above (see EXCL_PT_THRESHOLD) (VEGAS calls per point, see CALLS_EXCL/CALLS_EXCL_FACTORIZED/CALLS_DIFF)
# dipole samples : data/Pb/mve/glauber_mve_<b_d>
# pD0 sweep      : 0.2 0.3 0.4 0.5 0.6 0.7 0.8 0.9 1.0 1.1 1.2 1.3 1.4 1.5 1.6 1.7 1.8 1.9 2.0 2.5 3.0 3.5 4.0 4.5 5.0 5.5 6.0 6.5 7.0 7.5 8.0 8.5 9.0 9.5 10.0 10.5 11.0 11.5 12.0
# fixed rapidity y : 3.0
# ============================================================
# b_d  pD0  dsigma_dyd2pD0
0  0.3  0.7968
0  0.5  0.509129
0  0.2  0.966158
0  0.7  0.302883
0  0.6  0.39544
0  0.4  0.643504
0  0.8  0.228668
0  0.9  0.171042
0  1.1  0.0938911
0  1.0  0.127001
0  1.3  0.0508579
0  1.2  0.069091
0  1.4  0.0373656
0  1.5  0.0274946
0  1.6  0.0202815
0  1.7  0.0149784
0  2.5  0.00147455
0  1.9  0.00822966
0  1.8  0.011102
0  2.0  0.0061598
0  4.0  2.7775e-05
0  3.5  9.68536e-05
0  4.5  8.5642e-06
0  3.0  0.000367009
0  5.0  2.82461e-06
0  5.5  9.88141e-07
0  6.0  3.64795e-07
0  6.5  1.41251e-07
0  7.5  2.4245e-08
0  7.0  5.76786e-08
0  9.5  1.07353e-09
0  8.0  1.06558e-08
0  9.0  2.23488e-09
0  8.5  4.817e-09
0  10.5  2.65459e-10
0  11.0  1.36295e-10
10  0.2  0.926273
0  10.0  5.25216e-10
10  0.3  0.762851
10  0.4  0.615871
10  0.5  0.486826
10  0.6  0.377613
10  0.7  0.288511
10  0.8  0.217536
0  12.0  3.80991e-11
10  0.9  0.162447
10  1.0  0.120278
10  1.2  0.0653743
10  1.1  0.0888442
10  1.3  0.0480582
10  1.5  0.0259195
10  1.4  0.0352187
10  1.6  0.0190834
10  1.7  0.0140857
10  1.8  0.0104171
0  11.5  7.11874e-11
10  1.9  0.0077282
10  2.0  0.00574666
10  2.5  0.00140135
10  4.5  7.93411e-06
10  3.5  8.96707e-05
10  3.0  0.00034085
10  4.0  2.57583e-05
10  5.0  2.60254e-06
10  6.0  3.3565e-07
10  5.5  9.08767e-07
10  6.5  1.30109e-07
10  7.5  2.22264e-08
10  7.0  5.29318e-08
10  9.5  9.80665e-10
10  8.0  9.75861e-09
10  9.0  2.04307e-09
10  8.5  4.40695e-09
10  10.5  2.42427e-10
10  11.0  1.24412e-10
10  10.0  4.7974e-10
12  0.2  0.907908
12  0.3  0.747448
12  0.4  0.603071
12  0.5  0.476512
12  0.6  0.369267
10  12.0  3.4729e-11
12  0.7  0.281932
12  0.8  0.212363
12  0.9  0.158549
12  1.0  0.117332
12  1.1  0.0865146
12  1.2  0.0637035
12  1.3  0.04677
12  1.4  0.0342349
10  11.5  6.49299e-11
12  1.5  0.025287
12  1.6  0.018526
12  1.7  0.0136576
12  1.8  0.0101218
12  1.9  0.00750328
12  2.0  0.00558677
12  2.5  0.00135034
12  4.5  7.60095e-06
12  3.0  0.000328978
12  3.5  8.67849e-05
12  4.0  2.48079e-05
12  5.0  2.50202e-06
12  5.5  8.73066e-07
12  6.0  3.21839e-07
12  6.5  1.2494e-07
12  8.5  4.22053e-09
12  7.5  2.13158e-08
12  7.0  5.07476e-08
12  9.5  9.39508e-10
12  8.0  9.35339e-09
12  9.0  1.98058e-09
12  10.0  4.59487e-10
12  11.0  1.19076e-10
14  0.2  0.885422
14  0.3  0.728129
14  0.4  0.587139
14  0.5  0.462877
12  10.5  2.30982e-10
14  0.6  0.359152
14  0.7  0.273955
14  0.8  0.206102
14  0.9  0.153723
12  12.0  3.32361e-11
14  1.1  0.0838177
14  1.0  0.113654
14  1.2  0.0614635
14  1.3  0.0450303
14  1.5  0.0242991
14  1.4  0.0330554
14  1.6  0.0178487
14  1.7  0.0131486
14  1.8  0.00969765
12  11.5  6.2146e-11
14  1.9  0.00720729
14  2.5  0.0012932
14  2.0  0.00536787
14  3.5  8.26097e-05
14  4.0  2.35626e-05
14  3.0  0.000314761
14  4.5  7.24473e-06
14  5.0  2.38215e-06
14  6.0  3.06452e-07
14  5.5  8.30465e-07
14  6.5  1.18698e-07
14  8.5  4.00495e-09
14  7.5  2.0234e-08
14  7.0  4.81879e-08
14  9.5  8.89941e-10
14  9.0  1.85627e-09
14  8.0  8.87225e-09
14  11.0  1.12742e-10
16  0.2  0.857423
16  0.3  0.704948
16  0.4  0.568012
14  10.5  2.18016e-10
16  0.5  0.447457
16  0.6  0.3467
16  0.7  0.264116
16  0.8  0.198628
14  10.0  4.37342e-10
16  0.9  0.147907
14  12.0  3.14474e-11
16  1.0  0.109325
16  1.1  0.0804167
16  1.2  0.0590352
16  1.3  0.0432285
16  1.4  0.0316217
16  1.5  0.0232029
16  1.6  0.0170571
14  11.5  5.88241e-11
16  1.7  0.0125439
16  1.8  0.00925822
16  1.9  0.00689405
16  2.5  0.00122781
16  2.0  0.00510756
16  4.0  2.2222e-05
16  3.5  7.79862e-05
16  3.0  0.000297902
16  4.5  6.82488e-06
16  5.0  2.23921e-06
16  6.0  2.87552e-07
16  5.5  7.80469e-07
16  6.5  1.11377e-07
16  8.5  3.74936e-09
16  7.5  1.89691e-08
16  7.0  4.51897e-08
16  9.5  8.32065e-10
16  8.0  8.30906e-09
16  9.0  1.73704e-09
16  11.0  1.05345e-10
18  0.2  0.824323
18  0.3  0.677341
16  10.5  2.0461e-10
18  0.4  0.544922
18  0.5  0.429113
18  0.6  0.331766
18  0.7  0.252225
16  10.0  4.04697e-10
18  0.8  0.189401
18  0.9  0.140971
16  12.0  2.93528e-11
18  1.0  0.104001
18  1.2  0.0560226
18  1.1  0.0763897
18  1.3  0.0409732
18  1.4  0.0299322
18  1.5  0.0219819
18  1.6  0.0161407
18  1.7  0.0118425
18  1.8  0.00868804
16  11.5  5.49455e-11
18  1.9  0.00648376
18  2.0  0.00479871
18  2.5  0.00114392
18  3.0  0.000276901
18  4.0  2.06571e-05
18  3.5  7.26351e-05
18  4.5  6.36057e-06
18  6.0  2.6627e-07
18  5.0  2.08409e-06
18  5.5  7.22572e-07
18  6.5  1.02903e-07
18  7.5  1.74993e-08
18  8.5  3.45522e-09
18  7.0  4.17331e-08
18  8.0  7.62842e-09
18  9.5  7.65988e-10
18  9.0  1.59968e-09
18  11.0  9.68329e-11
2  0.2  0.964491
2  0.3  0.795491
18  10.5  1.88165e-10
2  0.4  0.642415
2  0.5  0.508454
2  0.6  0.394804
2  0.7  0.302355
2  0.8  0.228241
18  10.0  3.74357e-10
2  1.0  0.126711
2  0.9  0.170667
2  1.1  0.0935964
2  1.2  0.0689671
2  1.4  0.0372763
2  1.3  0.0507797
2  1.5  0.0274333
2  1.7  0.014951
2  1.6  0.0202348
2  1.8  0.0110543
2  1.9  0.00823106
2  2.5  0.00147137
2  2.0  0.00614405
18  11.5  5.06074e-11
2  3.5  9.65687e-05
18  12.0  2.71617e-11
2  4.0  2.76916e-05
2  3.0  0.000365973
2  4.5  8.53838e-06
2  5.5  9.84992e-07
2  5.0  2.82783e-06
2  6.0  3.6364e-07
2  6.5  1.4132e-07
2  7.5  2.41648e-08
2  7.0  5.74889e-08
2  9.5  1.06985e-09
2  8.0  1.06201e-08
2  9.0  2.22729e-09
2  8.5  4.80071e-09
2  10.5  2.64542e-10
2  11.0  1.35822e-10
2  10.0  5.23411e-10
20  0.2  0.783737
20  0.3  0.643481
20  0.4  0.516873
20  0.5  0.40677
20  0.6  0.313651
20  0.7  0.238509
20  0.8  0.178764
2  12.0  3.79657e-11
20  0.9  0.132665
20  1.0  0.097713
20  1.1  0.0716819
20  1.2  0.0524556
2  11.5  7.09389e-11
20  1.3  0.0382839
20  1.4  0.027992
20  1.5  0.0204597
20  1.6  0.0149734
20  1.7  0.010971
20  1.8  0.00808485
20  1.9  0.00599219
20  2.0  0.00443039
20  2.5  0.00105916
20  3.5  6.64452e-05
20  4.0  1.88526e-05
20  3.0  0.000255203
20  4.5  5.79511e-06
20  5.0  1.88621e-06
20  6.0  2.41278e-07
20  5.5  6.56047e-07
20  6.5  9.32107e-08
20  7.5  1.58229e-08
20  8.5  3.11922e-09
20  7.0  3.77842e-08
20  8.0  6.893e-09
20  9.5  6.91006e-10
20  9.0  1.44303e-09
20  10.0  3.37349e-10
20  11.0  8.71409e-11
22  0.2  0.734941
22  0.3  0.602088
20  10.5  1.69427e-10
22  0.4  0.483487
22  0.5  0.379507
22  0.6  0.292082
22  0.7  0.221585
22  0.9  0.122735
22  0.8  0.165733
22  1.0  0.0901972
22  1.1  0.0659462
22  1.3  0.0351247
22  1.2  0.0482075
22  1.4  0.0255791
22  1.5  0.0186946
22  1.6  0.013665
22  1.7  0.0100242
22  1.8  0.00735322
22  1.9  0.00544411
22  2.0  0.00405798
22  2.5  0.000948193
20  11.5  4.53191e-11
20  12.0  2.42614e-11
22  3.5  5.93567e-05
22  3.0  0.000228591
22  4.0  1.68544e-05
22  4.5  5.123e-06
22  5.0  1.67315e-06
22  5.5  5.80324e-07
22  6.0  2.12989e-07
22  6.5  8.22015e-08
22  7.0  3.31038e-08
22  7.5  1.39203e-08
22  8.0  6.05723e-09
22  8.5  2.73807e-09
22  9.5  6.05978e-10
22  9.0  1.2657e-09
22  10.5  1.48851e-10
22  10.0  2.95422e-10
22  11.0  7.61931e-11
24  0.2  0.675007
24  0.3  0.552337
24  0.4  0.442275
24  0.5  0.346568
24  0.6  0.266123
24  0.7  0.201129
24  0.8  0.149925
24  0.9  0.110818
24  1.0  0.0810195
24  1.1  0.0592067
24  1.2  0.0431094
24  1.3  0.0313618
24  1.4  0.0227747
24  1.5  0.0165777
22  11.5  3.94968e-11
24  1.6  0.0121003
24  1.7  0.00884258
24  1.8  0.00649219
24  2.0  0.0035571
24  1.9  0.00476402
24  2.5  0.000827416
22  12.0  2.11968e-11
24  3.5  5.12127e-05
24  4.0  1.44258e-05
24  3.0  0.000198379
24  4.5  4.40789e-06
24  5.0  1.4299e-06
24  5.5  4.94729e-07
24  6.5  7.00915e-08
24  6.0  1.8117e-07
24  7.0  2.80478e-08
24  7.5  1.17821e-08
24  9.5  5.10526e-10
24  8.5  2.30349e-09
24  8.0  5.1398e-09
24  9.0  1.06719e-09
24  10.5  1.25131e-10
24  10.0  2.48537e-10
26  0.2  0.601017
26  0.3  0.490671
26  0.4  0.391988
26  0.5  0.306257
26  0.6  0.234275
26  0.7  0.176487
26  0.8  0.131088
26  0.9  0.0962994
26  1.0  0.0702717
26  1.1  0.0511242
26  1.2  0.0370885
26  1.3  0.0268737
26  1.4  0.0194654
26  1.5  0.0141227
26  1.6  0.0102685
26  1.7  0.00749451
26  1.9  0.00406225
26  1.8  0.00550845
26  2.5  0.000687616
26  2.0  0.00298915
24  11.0  6.39144e-11
24  11.5  3.33763e-11
24  12.0  1.7774e-11
26  3.0  0.000163436
26  3.5  4.20835e-05
26  4.0  1.17829e-05
26  5.0  1.15806e-06
26  4.5  3.58468e-06
26  5.5  3.99855e-07
26  6.0  1.45858e-07
26  6.5  5.60974e-08
26  7.5  9.42307e-09
26  8.0  4.09022e-09
26  7.0  2.26127e-08
26  8.5  1.83689e-09
26  9.0  8.4944e-10
26  10.0  1.9781e-10
26  10.5  9.9194e-11
28  0.2  0.511189
26  9.5  4.03766e-10
28  0.3  0.415859
28  0.4  0.330852
28  0.5  0.257432
28  0.6  0.196091
28  0.7  0.146868
28  0.8  0.108521
28  1.0  0.0576587
28  0.9  0.0794163
28  1.2  0.0301392
28  1.1  0.0417049
28  1.3  0.021696
28  1.4  0.0156991
28  1.5  0.0113033
28  1.6  0.00821488
28  1.7  0.00596322
28  1.8  0.00436454
28  1.9  0.00319278
28  2.5  0.000529726
28  2.0  0.00235533
26  11.0  5.0628e-11
26  11.5  2.63985e-11
26  12.0  1.40386e-11
28  4.0  8.92821e-06
28  3.0  0.000126077
28  3.5  3.22111e-05
28  5.0  8.67459e-07
28  4.5  2.69871e-06
28  6.5  4.17399e-08
28  6.0  1.08303e-07
28  5.5  2.99291e-07
28  7.0  1.66163e-08
28  7.5  6.93259e-09
28  9.0  6.23146e-10
28  8.0  3.00473e-09
28  8.5  1.34605e-09
28  9.5  2.95827e-10
28  10.5  7.20988e-11
30  0.2  0.405157
30  0.3  0.328413
28  10.0  1.44182e-10
30  0.4  0.259948
28  11.5  1.9109e-11
30  0.5  0.200903
30  0.6  0.152138
30  0.7  0.113222
28  11.0  3.6635e-11
30  0.8  0.0830416
30  0.9  0.0603696
30  1.0  0.0435413
30  1.1  0.0312541
30  1.2  0.0224112
30  1.3  0.0160977
30  1.5  0.00828878
30  1.4  0.011526
30  1.6  0.00598259
30  1.7  0.00431638
30  1.8  0.00315222
30  1.9  0.00229136
30  2.0  0.00169267
30  2.5  0.000373856
28  12.0  1.01579e-11
30  3.0  8.71365e-05
30  3.5  2.19922e-05
30  4.0  6.06269e-06
30  4.5  1.81864e-06
30  5.5  1.98448e-07
30  5.0  5.83265e-07
30  6.0  7.16756e-08
30  6.5  2.73496e-08
30  7.0  1.0957e-08
30  8.5  8.72946e-10
30  7.5  4.54981e-09
30  9.5  1.90895e-10
30  8.0  1.96364e-09
30  9.0  4.01943e-10
30  10.5  4.62856e-11
30  10.0  9.24703e-11
32  0.2  0.292003
32  0.3  0.235254
32  0.4  0.18494
32  0.5  0.141807
32  0.6  0.106508
32  0.7  0.0784961
32  0.8  0.0570507
32  0.9  0.0411185
32  1.0  0.029419
32  1.1  0.0209191
32  1.2  0.014875
32  1.3  0.0106102
32  1.4  0.0075293
32  1.6  0.00385449
32  1.5  0.00537885
32  1.7  0.00276789
32  1.8  0.00200528
32  1.9  0.0014624
30  11.5  1.2189e-11
32  2.0  0.00105876
32  2.5  0.000229543
30  11.0  2.35257e-11
30  12.0  6.47513e-12
32  3.5  1.31049e-05
32  4.0  3.56511e-06
32  3.0  5.28974e-05
32  5.5  1.13729e-07
32  5.0  3.34877e-07
32  4.5  1.05875e-06
32  6.0  4.07386e-08
32  8.0  1.09025e-09
32  6.5  1.55072e-08
32  7.0  6.14541e-09
32  7.5  2.54156e-09
32  9.5  1.04749e-10
32  8.5  4.82863e-10
32  10.0  5.07806e-11
32  9.0  2.21249e-10
32  11.0  1.27509e-11
4  0.2  0.959808
32  10.5  2.51158e-11
4  0.3  0.791105
4  0.4  0.63907
4  0.5  0.506068
4  0.6  0.392757
4  0.7  0.300587
4  0.8  0.226926
4  1.0  0.125975
4  0.9  0.169664
4  1.1  0.0930016
4  1.2  0.0684948
4  1.3  0.0504044
4  1.4  0.0370235
4  1.5  0.0272275
4  1.6  0.0200863
4  1.7  0.0148278
4  1.8  0.010958
4  1.9  0.00814543
4  2.0  0.00609232
4  2.5  0.00147869
32  11.5  6.61538e-12
32  12.0  3.49517e-12
4  3.5  9.57032e-05
4  4.0  2.74377e-05
4  3.0  0.000362858
4  4.5  8.4599e-06
4  6.0  3.6116e-07
4  5.5  9.7565e-07
4  5.0  2.80298e-06
4  6.5  1.39901e-07
4  7.5  2.39296e-08
4  7.0  5.6909e-08
4  9.5  1.05858e-09
4  9.0  2.20401e-09
4  8.0  1.05156e-08
4  8.5  4.75217e-09
4  10.5  2.61844e-10
4  10.0  5.17982e-10
4  11.0  1.34248e-10
6  0.2  0.952239
6  0.3  0.78469
6  0.4  0.633645
6  0.5  0.501057
6  0.6  0.389316
6  0.7  0.297712
6  0.8  0.224639
6  0.9  0.167897
6  1.0  0.124663
4  12.0  3.75587e-11
6  1.1  0.0920723
6  1.2  0.0677669
6  1.3  0.0498311
6  1.4  0.036621
4  11.5  7.01913e-11
6  1.6  0.0198208
6  1.5  0.0269463
6  1.7  0.0146676
6  1.8  0.0108465
6  1.9  0.00806604
6  2.5  0.00144052
6  2.0  0.00601797
6  3.5  9.42827e-05
6  4.0  2.70207e-05
6  4.5  8.32787e-06
6  3.0  0.000357649
6  5.0  2.74679e-06
6  6.0  3.55099e-07
6  5.5  9.59723e-07
6  6.5  1.37619e-07
6  7.5  2.3522e-08
6  7.0  5.59648e-08
6  9.5  1.04036e-09
6  8.0  1.03339e-08
6  9.0  2.16634e-09
6  8.5  4.66994e-09
6  10.5  2.57196e-10
6  11.0  1.32029e-10
8  0.2  0.940961
8  0.3  0.776165
8  0.4  0.626172
8  0.5  0.495253
8  0.6  0.384339
6  10.0  5.09084e-10
8  0.7  0.293669
6  12.0  3.68938e-11
8  0.8  0.22167
8  1.0  0.122637
8  0.9  0.165586
8  1.1  0.0906119
8  1.3  0.0489814
8  1.2  0.0666229
8  1.4  0.0360067
8  1.5  0.026517
8  1.6  0.0194918
8  1.7  0.0144774
6  11.5  6.89459e-11
8  1.9  0.00792808
8  1.8  0.0106643
8  2.0  0.00590809
8  2.5  0.00142733
8  3.5  9.2277e-05
8  4.5  8.14099e-06
8  3.0  0.000350333
8  4.0  2.65314e-05
8  6.0  3.46525e-07
8  5.5  9.37454e-07
8  5.0  2.69384e-06
8  6.5  1.34365e-07
8  7.5  2.29542e-08
8  7.0  5.46247e-08
8  9.5  1.01443e-09
8  8.0  1.00818e-08
8  9.0  2.11281e-09
8  8.5  4.55503e-09
8  10.5  2.50728e-10
8  11.0  1.2869e-10
8  10.0  4.96205e-10
8  12.0  3.59524e-11
8  11.5  6.71941e-11
