# diffractive D0 cross section, Pb target, HymnD fragmentation, An0n channel
# generated      : 2026-08-20 10:20:42 EEST
# calls          : 1e5 (VEGAS calls per point, see CALLS_EXCL/CALLS_EXCL_FACTORIZED/CALLS_DIFF)
# dipole samples : data/Pb/mve/glauber_mve_<b>
# pD0 sweep      : 0.2 0.3 0.4 0.5 0.6 0.7 0.8 0.9 1.0 1.1 1.2 1.3 1.4 1.5 1.6 1.7 1.8 1.9 2.0 2.5 3.0 3.5 4.0 4.5 5.0 5.5 6.0 6.5 7.0 7.5 8.0 8.5 9.0 9.5 10.0 10.5 11.0 11.5 12.0
# fixed rapidity y : 0.0
# ============================================================
# b  pD0  dsigma_dyd2pD0
0  0.5  1.25259
0  0.3  0.95242
0  0.2  0.661095
0  0.4  1.16553
0  0.7  1.10985
0  0.6  1.20959
0  0.9  0.840601
0  0.8  0.977914
0  1.0  0.701018
0  1.1  0.580936
0  1.2  0.479291
0  1.4  0.320813
0  1.3  0.391262
0  1.5  0.259467
0  1.6  0.215238
0  1.7  0.177022
0  2.0  0.0984935
0  1.8  0.145285
0  1.9  0.120512
0  2.5  0.0408426
0  3.0  0.0187527
0  3.5  0.00917185
0  4.0  0.00501015
0  4.5  0.0027336
0  5.0  0.0016293
0  5.5  0.000988695
0  6.5  0.000414935
0  6.0  0.000636991
0  7.5  0.000193343
0  7.0  0.000276215
0  8.0  0.000135033
0  8.5  9.39201e-05
0  9.0  6.77793e-05
0  9.5  4.97595e-05
0  10.0  3.76915e-05
10  0.2  0.656082
0  10.5  2.83486e-05
10  0.3  0.943198
10  0.4  1.16149
10  0.5  1.21771
10  0.6  1.18428
10  0.7  1.0841
0  12.0  1.24272e-05
10  0.8  0.955498
10  0.9  0.812303
0  11.0  2.0728e-05
10  1.0  0.677307
10  1.1  0.562673
10  1.2  0.461696
10  1.3  0.375649
10  1.4  0.315589
10  1.6  0.205357
10  1.5  0.249822
10  1.7  0.169316
10  1.8  0.138556
10  2.5  0.039622
10  1.9  0.115238
10  3.0  0.018049
10  2.0  0.0952127
0  11.5  1.60025e-05
10  3.5  0.008804
10  4.0  0.00471388
10  5.5  0.000960635
10  4.5  0.0026565
10  5.0  0.00155632
10  6.5  0.000390742
10  6.0  0.00061276
10  7.0  0.000260958
10  7.5  0.000177517
10  8.0  0.000125839
10  8.5  8.99993e-05
10  9.0  6.65761e-05
10  9.5  4.87576e-05
10  10.0  3.523e-05
12  0.2  0.654939
12  0.3  0.930788
10  10.5  2.65146e-05
12  0.4  1.13262
12  0.5  1.2048
12  0.6  1.15314
12  0.7  1.07171
10  11.0  2.00909e-05
12  0.8  0.937575
12  1.0  0.666372
12  0.9  0.800952
12  1.1  0.553221
12  1.3  0.367998
12  1.2  0.451972
12  1.5  0.247868
12  1.4  0.305374
12  1.6  0.205584
12  1.8  0.13465
12  1.7  0.16699
12  1.9  0.112047
12  2.0  0.0931559
12  2.5  0.038407
12  3.0  0.017684
10  11.5  1.54607e-05
12  3.5  0.00873355
10  12.0  1.13315e-05
12  5.0  0.00149892
12  5.5  0.000919898
12  4.0  0.00458142
12  4.5  0.00257401
12  6.0  0.000587536
12  6.5  0.000392421
12  7.0  0.000256532
12  7.5  0.000175033
12  8.0  0.00012277
12  8.5  8.79327e-05
12  9.0  6.31617e-05
12  9.5  4.70097e-05
12  10.0  3.49936e-05
14  0.2  0.643433
14  0.3  0.919762
12  10.5  2.65051e-05
14  0.4  1.12154
14  0.5  1.18635
14  0.6  1.14259
14  0.7  1.04931
14  0.8  0.921187
14  0.9  0.779932
12  11.0  1.94403e-05
14  1.0  0.649209
14  1.1  0.539811
14  1.3  0.358854
14  1.2  0.4399
14  1.4  0.298112
14  1.5  0.241828
14  1.6  0.197876
14  1.7  0.163795
12  11.5  1.49442e-05
14  1.8  0.132948
14  1.9  0.109183
14  3.0  0.0168106
14  2.0  0.0906836
14  2.5  0.0373887
14  3.5  0.00857364
12  12.0  1.13689e-05
14  5.0  0.00145509
14  5.5  0.000894125
14  4.0  0.00442743
14  4.5  0.00248557
14  6.0  0.000565962
14  6.5  0.00036997
14  7.0  0.000248168
14  7.5  0.000171642
14  8.0  0.000120147
14  8.5  8.5219e-05
14  9.0  6.08262e-05
14  9.5  4.60933e-05
14  10.0  3.42883e-05
16  0.2  0.623342
14  10.5  2.43768e-05
16  0.3  0.91669
16  0.4  1.10989
16  0.5  1.15719
16  0.6  1.13196
14  11.0  1.89975e-05
16  0.7  1.03166
16  0.8  0.900442
16  0.9  0.764888
16  1.0  0.63279
16  1.1  0.520978
16  1.2  0.432096
16  1.3  0.347937
16  1.5  0.232091
16  1.4  0.284691
16  1.6  0.191295
16  1.7  0.15741
16  1.8  0.128702
16  2.0  0.087657
16  1.9  0.106322
16  2.5  0.0367539
14  11.5  1.48623e-05
16  3.0  0.0164032
16  3.5  0.00818989
14  12.0  1.14151e-05
16  5.0  0.00141353
16  4.0  0.00430805
16  4.5  0.00241152
16  5.5  0.000875508
16  6.0  0.000556085
16  6.5  0.000357938
16  7.0  0.000239744
16  7.5  0.000171067
16  8.0  0.000115722
16  8.5  8.218e-05
16  9.0  5.83546e-05
16  9.5  4.46028e-05
16  10.0  3.30991e-05
18  0.2  0.631421
16  10.5  2.47337e-05
18  0.3  0.907938
18  0.4  1.09189
18  0.6  1.10894
18  0.5  1.14424
18  0.7  0.987259
16  11.5  1.43274e-05
18  0.8  0.868435
18  0.9  0.736702
16  11.0  1.87263e-05
18  1.0  0.61753
18  1.2  0.412429
18  1.1  0.503164
18  1.3  0.33523
18  1.4  0.273578
18  1.5  0.225215
18  1.8  0.123249
18  1.6  0.183397
18  1.7  0.150153
18  1.9  0.101804
18  2.0  0.0840876
18  3.0  0.0158114
18  2.5  0.034282
18  3.5  0.00772929
18  5.0  0.00135632
16  12.0  1.09928e-05
18  4.0  0.00417245
18  4.5  0.00233187
18  5.5  0.000848257
18  6.5  0.000349636
18  6.0  0.000526077
18  7.0  0.000228896
18  7.5  0.000161329
18  8.0  0.000112349
18  8.5  7.77716e-05
18  9.0  5.7887e-05
18  9.5  4.12906e-05
18  10.0  3.06571e-05
2  0.2  0.659136
18  10.5  2.29651e-05
2  0.3  0.9528
2  0.4  1.14814
2  0.5  1.22813
18  11.5  1.33995e-05
2  0.6  1.21111
2  0.7  1.1068
2  0.8  0.973127
2  0.9  0.834273
18  11.0  1.79479e-05
2  1.0  0.701372
2  1.1  0.584018
2  1.2  0.47841
2  1.4  0.31541
2  1.3  0.390074
2  1.5  0.26254
2  1.6  0.213529
2  1.7  0.175383
2  1.8  0.145355
2  1.9  0.120355
2  2.0  0.0993454
2  2.5  0.0412566
2  3.0  0.0186785
2  3.5  0.00933644
18  12.0  1.0312e-05
2  4.0  0.00494493
2  4.5  0.00273002
2  5.0  0.00160956
2  6.5  0.000412488
2  5.5  0.00100605
2  6.0  0.00062116
2  7.0  0.000277445
2  7.5  0.000189285
2  8.0  0.00013073
2  8.5  9.44043e-05
2  9.0  6.98827e-05
2  9.5  4.98486e-05
2  10.0  3.66398e-05
20  0.2  0.629123
2  10.5  2.82686e-05
20  0.3  0.885908
20  0.4  1.06991
20  0.5  1.10641
20  0.6  1.06949
20  0.7  0.965782
20  0.8  0.84018
20  0.9  0.702534
20  1.0  0.58546
20  1.1  0.478312
20  1.3  0.317592
20  1.2  0.396441
2  11.0  2.14904e-05
20  1.4  0.262878
20  1.5  0.21077
20  1.6  0.175027
20  1.7  0.142119
20  1.8  0.117271
20  1.9  0.0963473
20  2.0  0.0796402
20  2.5  0.032827
2  11.5  1.64382e-05
20  3.5  0.00734297
20  3.0  0.014836
2  12.0  1.23534e-05
20  5.0  0.00129579
20  5.5  0.000796867
20  4.0  0.00385675
20  4.5  0.00217081
20  6.0  0.000504089
20  6.5  0.000324034
20  7.5  0.000148377
20  7.0  0.000221236
20  8.0  0.000104758
20  8.5  7.42086e-05
20  9.0  5.32567e-05
20  9.5  3.88908e-05
20  10.0  2.89352e-05
22  0.2  0.611524
20  10.5  2.14547e-05
22  0.3  0.870145
22  0.4  1.02799
22  0.5  1.07834
22  0.6  1.01854
20  11.5  1.29188e-05
22  0.8  0.796462
22  0.7  0.929001
22  0.9  0.665255
20  12.0  9.61916e-06
22  1.0  0.55159
22  1.1  0.452791
22  1.2  0.371932
22  1.3  0.30324
20  11.0  1.64642e-05
22  1.4  0.246197
22  1.6  0.162887
22  1.5  0.200412
22  1.7  0.131198
22  1.9  0.0895642
22  1.8  0.108812
22  2.0  0.0739903
22  2.5  0.0305452
22  3.0  0.0137695
22  3.5  0.00687351
22  5.0  0.00120999
22  5.5  0.000742769
22  4.0  0.0035927
22  4.5  0.0020016
22  6.0  0.000473058
22  6.5  0.000300213
22  7.0  0.000200211
22  7.5  0.00014228
22  9.0  4.96239e-05
22  8.0  9.73732e-05
22  8.5  6.87764e-05
22  9.5  3.65956e-05
22  10.0  2.68305e-05
24  0.2  0.601545
22  10.5  2.05324e-05
24  0.3  0.845274
24  0.4  0.998557
24  0.5  1.02491
24  0.6  0.97763
24  0.7  0.861659
24  0.8  0.747119
22  11.0  1.50887e-05
24  0.9  0.623092
24  1.0  0.515108
22  12.0  9.27494e-06
24  1.1  0.420942
24  1.2  0.342329
24  1.3  0.27934
24  1.4  0.226129
24  1.5  0.184038
24  1.6  0.149562
24  1.8  0.100553
24  1.7  0.119886
24  2.0  0.068057
24  1.9  0.0819434
24  2.5  0.028215
24  3.0  0.0126129
24  3.5  0.0062214
22  11.5  1.18153e-05
24  5.0  0.00107159
24  5.5  0.000672375
24  4.0  0.00332141
24  4.5  0.00181274
24  7.5  0.000125165
24  6.0  0.000415755
24  6.5  0.000279037
24  7.0  0.000188649
24  9.0  4.61235e-05
24  8.0  8.93947e-05
24  8.5  6.26163e-05
24  10.0  2.44213e-05
24  9.5  3.38033e-05
26  0.2  0.571712
26  0.3  0.800392
26  0.4  0.940085
26  0.5  0.965861
26  0.6  0.898733
26  0.7  0.791952
24  10.5  1.83647e-05
26  0.8  0.674701
26  0.9  0.563135
26  1.1  0.379014
26  1.0  0.467443
26  1.2  0.310979
24  11.0  1.38284e-05
26  1.3  0.250455
26  1.4  0.203441
26  1.6  0.132598
26  1.7  0.107476
26  1.5  0.163173
26  1.8  0.0881595
26  1.9  0.0731003
26  2.0  0.060041
26  3.0  0.0111313
24  11.5  1.05896e-05
26  2.5  0.0245315
26  3.5  0.0053983
24  12.0  8.1702e-06
26  5.0  0.000969263
26  5.5  0.000595057
26  4.0  0.00292524
26  4.5  0.00162585
26  6.5  0.000238085
26  7.5  0.000112971
26  6.0  0.000368122
26  7.0  0.00016242
26  9.0  3.88315e-05
26  8.0  7.95868e-05
26  8.5  5.55669e-05
26  10.0  2.12001e-05
26  9.5  2.94777e-05
28  0.2  0.552912
28  0.3  0.754499
28  0.4  0.865944
26  12.0  7.19808e-06
28  0.5  0.870455
28  0.6  0.797556
28  0.7  0.699935
26  10.5  1.60196e-05
28  0.8  0.591012
28  0.9  0.493654
28  1.0  0.399982
26  11.5  9.21851e-06
28  1.1  0.328524
28  1.2  0.264815
28  1.3  0.213792
28  1.4  0.170321
28  1.5  0.140472
26  11.0  1.24309e-05
28  1.7  0.0914236
28  1.6  0.112358
28  1.8  0.0749951
28  2.0  0.0509596
28  1.9  0.0618061
28  2.5  0.0206168
28  3.5  0.00457087
28  3.0  0.00929251
28  4.5  0.00137517
28  5.5  0.000481094
28  4.0  0.00242719
28  5.0  0.000798095
28  6.5  0.000205722
28  6.0  0.000318389
28  7.0  0.000135439
28  7.5  9.47197e-05
28  8.0  6.52683e-05
28  8.5  4.52793e-05
28  9.0  3.39686e-05
28  9.5  2.39255e-05
28  10.0  1.84831e-05
30  0.2  0.509349
30  0.3  0.68405
28  10.5  1.34933e-05
30  0.4  0.759781
30  0.5  0.756312
30  0.6  0.67384
30  0.7  0.582493
30  0.8  0.486538
30  0.9  0.396715
30  1.0  0.327414
30  1.1  0.263762
30  1.2  0.211783
30  1.3  0.168986
30  1.4  0.138205
28  11.0  1.00889e-05
30  1.5  0.111896
30  1.6  0.0891856
30  1.7  0.072256
30  1.8  0.0592376
30  1.9  0.0489701
30  2.0  0.0402942
30  2.5  0.0162227
30  3.0  0.00738633
30  3.5  0.00362009
28  11.5  7.79528e-06
28  12.0  6.04456e-06
30  4.5  0.00108666
30  5.0  0.000645196
30  5.5  0.000381239
30  4.0  0.0019069
30  6.0  0.000248405
30  8.0  5.00964e-05
30  6.5  0.00015875
30  7.0  0.00010557
30  7.5  7.4193e-05
30  9.0  2.59382e-05
30  8.5  3.5666e-05
30  9.5  1.87292e-05
30  10.0  1.40391e-05
32  0.2  0.449174
32  0.3  0.581463
32  0.4  0.626061
30  10.5  1.06281e-05
32  0.5  0.589115
32  0.6  0.522573
32  0.7  0.444077
32  0.8  0.36925
32  0.9  0.298095
32  1.0  0.241546
32  1.1  0.192265
32  1.2  0.155489
32  1.3  0.124614
32  1.4  0.098595
30  11.0  8.07842e-06
32  1.5  0.0793607
32  1.6  0.0655432
32  1.7  0.0527768
32  1.8  0.0420982
32  1.9  0.0349009
32  2.5  0.0115045
32  2.0  0.0287155
30  11.5  6.06841e-06
32  3.0  0.00529231
32  3.5  0.00258792
30  12.0  4.65447e-06
32  4.0  0.00138585
32  5.0  0.000454376
32  4.5  0.000746194
32  5.5  0.000273508
32  6.0  0.000174863
32  6.5  0.000112268
32  7.0  7.51488e-05
32  8.5  2.56134e-05
32  7.5  5.25384e-05
32  8.0  3.61806e-05
32  9.0  1.82546e-05
32  9.5  1.34731e-05
32  10.0  1.0242e-05
4  0.2  0.662883
4  0.3  0.954748
32  10.5  7.48111e-06
4  0.4  1.13337
4  0.5  1.23857
4  0.6  1.19568
4  0.7  1.09434
4  0.8  0.976841
4  0.9  0.833376
4  1.0  0.69373
4  1.2  0.478428
4  1.1  0.58335
4  1.3  0.386619
32  11.0  5.72654e-06
4  1.4  0.316801
4  1.5  0.261991
32  11.5  4.23225e-06
4  1.6  0.21393
4  1.7  0.176368
4  1.8  0.145046
4  1.9  0.119543
4  2.0  0.0986454
4  2.5  0.0409104
4  3.0  0.0188412
4  3.5  0.00919906
32  12.0  3.3524e-06
4  4.0  0.00489843
4  4.5  0.00273335
4  5.0  0.00160833
4  5.5  0.000973986
4  6.5  0.000411626
4  6.0  0.000626298
4  7.5  0.000193099
4  7.0  0.000273309
4  8.0  0.000132708
4  8.5  9.30436e-05
4  9.0  6.94962e-05
4  9.5  4.99746e-05
4  10.0  3.67345e-05
6  0.2  0.658927
6  0.3  0.947163
6  0.4  1.14937
4  10.5  2.83161e-05
6  0.5  1.21781
6  0.6  1.20488
4  11.0  2.07173e-05
6  0.7  1.10873
6  0.8  0.960833
6  0.9  0.827545
6  1.0  0.691742
6  1.1  0.576144
6  1.3  0.389694
6  1.2  0.472262
6  1.5  0.258503
6  1.4  0.313084
6  1.6  0.211927
6  1.7  0.174857
6  1.8  0.143887
6  1.9  0.115908
6  2.0  0.0993057
6  3.0  0.0183978
6  2.5  0.0403681
4  11.5  1.6457e-05
6  3.5  0.0091346
4  12.0  1.25901e-05
6  5.5  0.000979334
6  4.0  0.00490523
6  4.5  0.00271494
6  5.0  0.00160815
6  6.0  0.000617257
6  6.5  0.00040686
6  7.0  0.000270571
6  7.5  0.000186746
6  8.0  0.000134345
6  8.5  9.23505e-05
6  9.0  6.67225e-05
6  9.5  4.90691e-05
6  10.0  3.72872e-05
8  0.2  0.656308
8  0.3  0.940537
6  10.5  2.71494e-05
8  0.4  1.13498
8  0.5  1.21706
8  0.6  1.18368
8  0.7  1.08276
8  0.8  0.96283
8  0.9  0.818668
6  11.0  2.11117e-05
8  1.0  0.682671
8  1.1  0.571
8  1.2  0.469656
8  1.4  0.315831
8  1.3  0.381272
8  1.5  0.258187
8  1.6  0.209401
8  1.8  0.143565
8  1.7  0.172459
8  2.0  0.0970648
8  1.9  0.117428
8  3.0  0.0181627
8  2.5  0.0399466
8  3.5  0.00895676
6  11.5  1.55451e-05
6  12.0  1.23643e-05
8  5.5  0.000967744
8  4.0  0.00479671
8  4.5  0.00265801
8  5.0  0.00160973
8  6.5  0.000396406
8  6.0  0.000611027
8  7.0  0.000265021
8  7.5  0.00018188
8  8.0  0.000127253
8  8.5  9.31134e-05
8  9.0  6.70314e-05
8  9.5  4.98146e-05
8  10.0  3.5742e-05
8  10.5  2.67627e-05
8  11.0  2.00673e-05
8  11.5  1.54115e-05
8  12.0  1.23066e-05
