# diffractive D0 cross section, Pb target, HymnD fragmentation, An0n channel
# generated      : 2026-08-20 10:20:42 EEST
# calls          : 1e5 (VEGAS calls per point, see CALLS_EXCL/CALLS_EXCL_FACTORIZED/CALLS_DIFF)
# dipole samples : data/Pb/mve/glauber_mve_<b>
# pD0 sweep      : 0.2 0.3 0.4 0.5 0.6 0.7 0.8 0.9 1.0 1.1 1.2 1.3 1.4 1.5 1.6 1.7 1.8 1.9 2.0 2.5 3.0 3.5 4.0 4.5 5.0 5.5 6.0 6.5 7.0 7.5 8.0 8.5 9.0 9.5 10.0 10.5 11.0 11.5 12.0
# fixed rapidity y : 1.0
# ============================================================
# b  pD0  dsigma_dyd2pD0
0  0.5  0.934658
0  0.2  0.509031
0  0.3  0.744021
0  0.4  0.886979
0  0.6  0.917903
0  0.7  0.819368
0  0.9  0.607499
0  0.8  0.716381
0  1.2  0.332405
0  1.0  0.49983
0  1.3  0.272851
0  1.1  0.418915
0  1.4  0.216833
0  1.7  0.115912
0  1.5  0.176536
0  1.6  0.143695
0  1.8  0.0949226
0  2.0  0.0623518
0  1.9  0.0769315
0  2.5  0.0246261
0  3.5  0.00487314
0  3.0  0.0106071
0  4.0  0.00245474
0  4.5  0.00129624
0  5.0  0.000745316
0  5.5  0.000435767
0  7.0  0.000106893
0  6.0  0.000265067
0  6.5  0.000167409
0  7.5  7.0302e-05
0  8.0  4.68086e-05
0  8.5  3.26404e-05
0  9.0  2.25354e-05
0  9.5  1.62607e-05
0  10.0  1.13702e-05
10  0.2  0.501793
0  10.5  8.39203e-06
10  0.3  0.729913
10  0.4  0.878151
10  0.5  0.919748
0  11.5  4.64177e-06
10  0.6  0.885289
10  0.7  0.805807
0  12.0  3.43402e-06
10  0.9  0.588329
10  0.8  0.70075
10  1.0  0.493786
10  1.1  0.398942
0  11.0  6.23507e-06
10  1.2  0.322784
10  1.3  0.261107
10  1.5  0.168764
10  1.4  0.209602
10  1.6  0.137552
10  1.7  0.110801
10  1.8  0.0898441
10  1.9  0.0735135
10  2.5  0.0236466
10  2.0  0.0599118
10  3.0  0.00993607
10  3.5  0.00471713
10  4.5  0.00127354
10  4.0  0.00233887
10  5.0  0.000691714
10  5.5  0.000415041
10  7.0  0.000102313
10  6.0  0.00025218
10  6.5  0.000156106
10  8.0  4.39878e-05
10  7.5  6.59038e-05
10  9.0  2.10762e-05
10  8.5  3.07196e-05
10  10.0  1.09944e-05
10  9.5  1.46217e-05
10  11.0  5.93348e-06
12  0.2  0.491957
12  0.3  0.726696
10  10.5  8.0317e-06
12  0.4  0.867674
12  0.5  0.913693
12  0.6  0.869699
12  0.7  0.799326
12  0.8  0.68738
10  11.5  4.35031e-06
12  0.9  0.590105
12  1.0  0.48859
12  1.1  0.3923
12  1.2  0.316747
12  1.3  0.258372
12  1.4  0.205856
12  1.6  0.133197
12  1.5  0.165797
12  1.7  0.109762
12  1.8  0.0878343
12  1.9  0.0723352
12  2.0  0.0584505
12  2.5  0.02279
12  3.5  0.0045212
12  3.0  0.00969316
10  12.0  3.26435e-06
12  4.5  0.00121864
12  4.0  0.00226937
12  5.0  0.000682626
12  5.5  0.000411277
12  7.0  9.6077e-05
12  6.5  0.000152841
12  6.0  0.000247655
12  7.5  6.63919e-05
12  8.0  4.3801e-05
12  9.0  2.0121e-05
12  8.5  3.05971e-05
12  9.5  1.48089e-05
12  10.0  1.08669e-05
12  11.0  5.70033e-06
14  0.2  0.491119
14  0.3  0.719764
12  10.5  7.64563e-06
14  0.4  0.865299
12  11.5  4.12275e-06
14  0.5  0.900945
14  0.6  0.870728
14  0.7  0.774329
14  0.8  0.672939
14  0.9  0.568565
14  1.0  0.472761
14  1.2  0.311968
14  1.1  0.380398
14  1.4  0.201995
14  1.3  0.249314
14  1.6  0.13154
14  1.5  0.163075
14  1.7  0.106462
14  1.8  0.0870153
14  1.9  0.0701172
14  2.0  0.0573477
14  3.0  0.00946446
14  2.5  0.0222324
14  3.5  0.00443538
12  12.0  3.1443e-06
14  4.5  0.00118877
14  4.0  0.00222724
14  5.0  0.000668625
14  5.5  0.000393592
14  6.5  0.000147452
14  7.0  9.19162e-05
14  6.0  0.000239897
14  8.5  2.90824e-05
14  7.5  6.29732e-05
14  8.0  4.27474e-05
14  9.0  1.96117e-05
14  9.5  1.4695e-05
14  10.0  1.04535e-05
14  11.0  5.58063e-06
16  0.2  0.497253
14  10.5  7.28661e-06
16  0.3  0.711142
16  0.4  0.844603
16  0.5  0.879322
16  0.6  0.855537
16  0.7  0.767687
16  0.8  0.669668
16  0.9  0.555345
14  11.5  4.11688e-06
16  1.0  0.457856
16  1.1  0.372301
16  1.2  0.300099
16  1.3  0.24196
16  1.4  0.192213
16  1.6  0.126638
16  1.5  0.157635
16  1.7  0.102344
16  1.8  0.081113
16  2.0  0.0548963
16  1.9  0.0675983
16  2.5  0.021558
16  3.5  0.00428987
16  3.0  0.00904405
14  12.0  3.10213e-06
16  4.5  0.00115237
16  4.0  0.00217274
16  5.0  0.000653576
16  5.5  0.000375155
16  6.5  0.000141944
16  7.0  8.94364e-05
16  6.0  0.000231148
16  7.5  5.83171e-05
16  8.0  4.10975e-05
16  9.0  1.95654e-05
16  8.5  2.80088e-05
16  9.5  1.38342e-05
16  10.0  9.713e-06
16  11.0  5.25444e-06
18  0.2  0.487405
18  0.3  0.704515
16  10.5  7.32099e-06
18  0.4  0.833831
18  0.5  0.865742
18  0.6  0.827452
18  0.7  0.740535
18  0.8  0.652719
18  0.9  0.536426
18  1.0  0.439839
18  1.1  0.35722
18  1.2  0.29225
18  1.3  0.232357
16  11.5  3.91446e-06
18  1.4  0.188655
18  1.5  0.152242
18  1.6  0.120677
18  1.7  0.0988744
18  1.9  0.0654668
18  1.8  0.0798418
18  2.0  0.0538721
18  2.5  0.0206013
18  3.0  0.00862016
18  3.5  0.00406258
18  4.0  0.0020301
16  12.0  2.97039e-06
18  4.5  0.00109093
18  5.0  0.000622653
18  5.5  0.000343397
18  7.0  8.77783e-05
18  6.5  0.000139107
18  6.0  0.000216945
18  7.5  5.7141e-05
18  8.5  2.65893e-05
18  8.0  3.90719e-05
18  9.0  1.86229e-05
18  9.5  1.30674e-05
18  10.5  7.07903e-06
18  10.0  9.77081e-06
18  11.0  5.0492e-06
2  0.2  0.513235
2  0.3  0.741935
2  0.4  0.882588
2  0.5  0.934737
2  0.6  0.906646
2  0.7  0.83842
2  0.8  0.719115
2  1.0  0.51355
2  0.9  0.611349
18  11.5  3.75584e-06
2  1.1  0.414089
2  1.2  0.336612
2  1.3  0.272788
2  1.4  0.216781
2  1.5  0.176793
2  1.6  0.142635
2  1.7  0.115679
2  1.8  0.0931849
2  1.9  0.0770179
2  2.0  0.0625493
2  3.0  0.0105017
2  2.5  0.0244332
2  3.5  0.00487986
18  12.0  2.85867e-06
2  4.0  0.00244879
2  4.5  0.00129915
2  5.0  0.000740334
2  7.0  0.000103589
2  5.5  0.000432971
2  6.0  0.000259988
2  6.5  0.000167103
2  7.5  6.99613e-05
2  8.0  4.60301e-05
2  8.5  3.21211e-05
2  9.0  2.31634e-05
2  10.0  1.13668e-05
2  9.5  1.62532e-05
20  0.2  0.474868
2  10.5  8.45958e-06
2  11.0  6.19658e-06
20  0.3  0.69121
20  0.4  0.814819
20  0.5  0.845309
20  0.6  0.800137
20  0.7  0.714808
20  0.8  0.619664
2  11.5  4.56341e-06
20  0.9  0.517115
20  1.0  0.421494
20  1.1  0.343599
20  1.2  0.277687
20  1.3  0.223195
20  1.4  0.179321
20  1.5  0.143497
20  1.6  0.114912
20  1.7  0.0942482
20  1.8  0.0761822
20  1.9  0.0616252
20  2.0  0.0503009
20  3.5  0.0038182
20  2.5  0.0194015
20  3.0  0.00823725
2  12.0  3.35147e-06
20  4.0  0.00194236
20  4.5  0.00103764
20  5.0  0.000595163
20  5.5  0.000348017
20  7.0  8.27689e-05
20  6.0  0.000199782
20  6.5  0.000131263
20  7.5  5.50207e-05
20  8.5  2.522e-05
20  8.0  3.71657e-05
20  9.5  1.24733e-05
20  9.0  1.76108e-05
20  10.0  8.89816e-06
22  0.2  0.464265
22  0.3  0.683929
20  11.0  4.77436e-06
20  10.5  6.40447e-06
22  0.5  0.819598
22  0.4  0.790784
22  0.6  0.768633
20  11.5  3.49846e-06
22  0.7  0.689288
22  0.8  0.580148
22  0.9  0.490539
22  1.1  0.321208
22  1.0  0.40005
22  1.2  0.260442
22  1.3  0.210788
22  1.4  0.168039
22  1.5  0.134917
22  1.6  0.10758
22  1.7  0.0874126
22  1.8  0.0706984
22  1.9  0.0578717
22  2.0  0.0467827
22  2.5  0.0179077
22  3.0  0.00779205
22  3.5  0.00355052
20  12.0  2.68099e-06
22  4.0  0.00180305
22  4.5  0.000941976
22  6.0  0.00019232
22  5.0  0.000541138
22  5.5  0.000320062
22  7.5  4.96146e-05
22  6.5  0.000120782
22  7.0  7.81455e-05
22  8.5  2.35579e-05
22  8.0  3.45297e-05
22  9.0  1.60388e-05
22  9.5  1.15705e-05
22  10.0  8.34527e-06
24  0.2  0.456435
22  10.5  5.90395e-06
24  0.3  0.655323
24  0.4  0.759136
24  0.5  0.782328
24  0.6  0.73045
22  11.5  3.25831e-06
22  11.0  4.39673e-06
24  0.7  0.642943
24  0.8  0.544363
24  0.9  0.457023
24  1.0  0.368628
24  1.1  0.299472
24  1.2  0.241022
24  1.4  0.154959
24  1.3  0.192984
24  1.5  0.125082
24  1.6  0.100034
24  1.7  0.0807529
24  1.8  0.0648154
24  1.9  0.0524749
24  2.0  0.042907
24  2.5  0.016487
24  3.0  0.00702368
24  3.5  0.00325164
22  12.0  2.43552e-06
24  4.5  0.000860288
24  4.0  0.00164161
24  5.0  0.000499438
24  5.5  0.000291078
24  6.0  0.000177114
24  6.5  0.000108235
24  7.0  6.99518e-05
24  8.0  3.10792e-05
24  7.5  4.6249e-05
24  9.5  1.05007e-05
24  8.5  2.11414e-05
24  9.0  1.47967e-05
24  10.0  7.57586e-06
24  11.0  4.03556e-06
26  0.2  0.442315
26  0.3  0.624003
26  0.4  0.72144
26  0.5  0.728881
24  10.5  5.63699e-06
26  0.6  0.670325
26  0.7  0.595481
26  0.8  0.492624
24  11.5  2.96628e-06
26  0.9  0.409453
26  1.0  0.335888
26  1.1  0.267204
26  1.2  0.215475
26  1.3  0.172938
26  1.4  0.137217
26  1.5  0.110414
26  1.6  0.0889021
26  1.9  0.0470309
26  1.7  0.07161
24  12.0  2.21752e-06
26  1.8  0.0568706
26  2.5  0.0148452
26  2.0  0.0377986
26  3.0  0.00613097
26  3.5  0.00289726
26  4.0  0.00147021
26  4.5  0.000766692
26  5.0  0.000429283
26  5.5  0.000254852
26  6.0  0.000153166
26  6.5  9.62003e-05
26  7.0  6.09142e-05
26  8.0  2.74615e-05
26  7.5  4.10778e-05
26  8.5  1.86326e-05
26  9.5  9.2127e-06
26  9.0  1.30829e-05
26  11.0  3.52139e-06
26  10.5  4.7909e-06
26  10.0  6.59538e-06
28  0.2  0.418074
28  0.3  0.581329
28  0.4  0.668631
28  0.5  0.660907
28  0.6  0.608964
28  0.7  0.520657
28  0.8  0.436161
28  0.9  0.354054
26  11.5  2.61692e-06
28  1.0  0.290365
28  1.1  0.232315
28  1.2  0.184126
28  1.3  0.147151
28  1.4  0.117236
28  1.5  0.0940772
28  1.6  0.0758318
28  1.7  0.0605167
28  1.8  0.0488055
28  1.9  0.0394469
28  2.0  0.0316823
28  2.5  0.0124444
28  3.0  0.0052835
28  3.5  0.00246949
28  4.5  0.000654429
26  12.0  1.94674e-06
28  5.5  0.000214303
28  4.0  0.00122906
28  5.0  0.000363927
28  6.0  0.000125487
28  6.5  8.13879e-05
28  7.0  5.22484e-05
28  7.5  3.41513e-05
28  8.0  2.30271e-05
28  8.5  1.54234e-05
28  9.5  7.67085e-06
28  9.0  1.10354e-05
28  10.5  4.06388e-06
28  10.0  5.60973e-06
30  0.2  0.394608
30  0.3  0.534797
30  0.4  0.590016
30  0.5  0.570645
28  11.0  2.94687e-06
30  0.6  0.512532
30  0.7  0.428139
30  0.8  0.356177
30  0.9  0.286162
30  1.0  0.236311
28  11.5  2.18622e-06
30  1.2  0.148146
30  1.1  0.18585
30  1.3  0.118234
30  1.4  0.0942965
30  1.5  0.074722
30  1.7  0.0469859
30  1.6  0.059312
30  1.9  0.0316584
30  1.8  0.0380897
30  2.0  0.0256739
30  2.5  0.00981947
30  3.0  0.00410932
30  3.5  0.00189759
28  12.0  1.66259e-06
30  4.0  0.000958568
30  4.5  0.000512889
30  5.5  0.000165542
30  5.0  0.000285736
30  6.0  0.000101525
30  6.5  6.28695e-05
30  7.0  4.0397e-05
30  7.5  2.65598e-05
30  8.5  1.21034e-05
30  8.0  1.77065e-05
30  9.0  8.57309e-06
30  9.5  5.98956e-06
30  10.0  4.28444e-06
32  0.2  0.344528
32  0.3  0.451903
32  0.4  0.477343
30  10.5  3.1454e-06
32  0.5  0.452816
30  11.5  1.75073e-06
32  0.6  0.397718
32  0.8  0.27135
32  0.7  0.330873
32  0.9  0.216315
32  1.0  0.168162
32  1.1  0.137045
32  1.2  0.10711
32  1.3  0.0860885
32  1.4  0.068828
32  1.6  0.0441973
32  1.5  0.0535933
30  11.0  2.32507e-06
32  1.7  0.034024
32  1.9  0.0226297
32  1.8  0.0279195
32  2.0  0.0182608
32  2.5  0.00699049
32  3.5  0.00137838
32  3.0  0.00292743
30  12.0  1.27896e-06
32  5.0  0.000205929
32  4.0  0.000699533
32  4.5  0.000374288
32  5.5  0.000116534
32  7.0  2.85365e-05
32  7.5  1.86684e-05
32  6.5  4.48798e-05
32  6.0  7.2186e-05
32  8.0  1.26572e-05
32  9.0  6.0754e-06
32  8.5  8.63738e-06
32  9.5  4.40272e-06
32  10.0  3.08662e-06
4  0.2  0.506006
32  11.0  1.63016e-06
4  0.3  0.735355
4  0.4  0.884107
32  10.5  2.2081e-06
4  0.5  0.940244
4  0.6  0.903682
4  0.7  0.822753
4  0.8  0.715689
4  0.9  0.604634
4  1.0  0.500188
4  1.1  0.409527
4  1.2  0.330753
4  1.4  0.219247
4  1.3  0.268931
4  1.6  0.142615
4  1.5  0.175668
4  1.7  0.115244
32  12.0  9.10129e-07
4  1.8  0.092263
4  1.9  0.075755
4  2.0  0.0634116
4  3.0  0.0104567
4  2.5  0.0243405
4  3.5  0.00474865
32  11.5  1.20461e-06
4  4.0  0.00244819
4  4.5  0.00129699
4  5.0  0.000715641
4  5.5  0.00043676
4  6.5  0.000164578
4  7.0  0.000105815
4  6.0  0.000263653
4  7.5  7.13986e-05
4  8.0  4.67475e-05
4  8.5  3.35531e-05
4  9.0  2.14197e-05
4  10.0  1.15058e-05
4  9.5  1.5743e-05
4  11.0  6.16153e-06
6  0.2  0.50196
6  0.3  0.740045
6  0.4  0.879918
4  10.5  8.17149e-06
6  0.5  0.931053
6  0.6  0.910628
6  0.7  0.817329
4  11.5  4.55453e-06
6  0.9  0.602336
6  0.8  0.712204
6  1.0  0.504292
6  1.2  0.331714
6  1.1  0.407892
6  1.3  0.268043
6  1.4  0.216004
6  1.5  0.173312
6  1.6  0.140637
6  1.8  0.0937926
6  1.7  0.11474
6  1.9  0.0761074
6  2.5  0.0239985
6  2.0  0.0620458
6  3.0  0.010288
6  3.5  0.00481161
4  12.0  3.34008e-06
6  4.5  0.00129132
6  4.0  0.00241452
6  5.0  0.000740202
6  5.5  0.000415792
6  6.5  0.000165192
6  7.0  0.000105391
6  6.0  0.000262349
6  7.5  6.70522e-05
6  8.0  4.59079e-05
6  8.5  3.25434e-05
6  9.0  2.2473e-05
6  10.0  1.11838e-05
6  9.5  1.6014e-05
8  0.2  0.499839
6  11.0  6.06936e-06
8  0.3  0.726549
6  10.5  8.05503e-06
8  0.4  0.87982
8  0.5  0.928255
8  0.6  0.903163
8  0.7  0.815
8  0.8  0.717668
6  11.5  4.53378e-06
8  0.9  0.59755
8  1.0  0.493416
8  1.1  0.408845
8  1.2  0.324208
8  1.3  0.265555
8  1.4  0.213547
8  1.5  0.172046
8  1.6  0.138633
8  1.7  0.11226
8  1.8  0.0913993
8  1.9  0.0747682
8  2.0  0.0607522
8  2.5  0.0232277
8  3.5  0.0047758
8  3.0  0.0101695
6  12.0  3.35552e-06
8  4.5  0.00127127
8  4.0  0.00241727
8  5.0  0.000709948
8  5.5  0.000424909
8  7.0  0.000104834
8  6.0  0.000253606
8  6.5  0.000163304
8  7.5  6.88764e-05
8  8.0  4.55716e-05
8  9.0  2.18242e-05
8  8.5  3.19896e-05
8  9.5  1.53567e-05
8  10.0  1.09986e-05
8  11.0  5.89022e-06
8  10.5  8.20304e-06
8  11.5  4.26694e-06
8  12.0  3.33783e-06
