# diffractive D0 cross section, Pb target, LHAPDF fragmentation, An0n channel
# generated      : 2026-08-19 15:25:13 EEST
# calls          : 1e5 (VEGAS calls per point, see CALLS_EXCL/CALLS_EXCL_FACTORIZED/CALLS_DIFF)
# dipole samples : data/Pb/bk_posterior/member_0061/glauber_mve_<b>
# pD0 sweep      : 0.2 0.3 0.4 0.5 0.6 0.7 0.8 0.9 1.0 1.1 1.2 1.3 1.4 1.5 1.6 1.7 1.8 1.9 2.0 2.5 3.0 3.5 4.0 4.5 5.0 5.5 6.0 6.5 7.0 7.5 8.0 8.5 9.0 9.5 10.0 10.5 11.0 11.5 12.0
# fixed rapidity y : 1.0
# ============================================================
# b  pD0  dsigma_dyd2pD0
0  0.2  0.417412
0  0.4  0.751208
0  0.3  0.604068
0  0.7  0.790109
0  0.5  0.829114
0  0.6  0.841593
0  0.8  0.705883
0  0.9  0.615243
0  1.1  0.436493
0  1.0  0.521763
0  1.2  0.358089
0  1.3  0.297312
0  1.5  0.200818
0  1.4  0.244685
0  1.6  0.16445
0  1.7  0.134978
0  1.9  0.093069
0  1.8  0.110991
0  2.0  0.0751828
0  2.5  0.0314724
0  3.0  0.0141227
0  3.5  0.00692137
0  4.0  0.00371413
0  4.5  0.00203184
0  5.0  0.00117921
0  6.0  0.000446288
0  5.5  0.000701704
0  6.5  0.000289789
0  7.0  0.000188989
0  8.0  8.64881e-05
0  7.5  0.000126703
0  9.0  4.36559e-05
0  8.5  6.15151e-05
0  9.5  3.17608e-05
0  10.0  2.33339e-05
10  0.2  0.413874
10  0.3  0.595722
0  10.5  1.69793e-05
10  0.4  0.746178
10  0.5  0.815671
10  0.6  0.822392
10  0.8  0.69218
10  0.7  0.766463
0  11.0  1.25159e-05
10  0.9  0.592138
10  1.0  0.502839
10  1.1  0.413482
10  1.2  0.354147
10  1.3  0.285808
10  1.4  0.23603
10  1.5  0.192257
10  1.6  0.158058
10  1.7  0.12848
10  1.9  0.0879925
10  1.8  0.106082
10  2.0  0.0725312
10  2.5  0.0297901
10  3.0  0.0135189
10  3.5  0.00668427
0  11.5  9.47731e-06
0  12.0  7.20938e-06
10  4.5  0.00189827
10  4.0  0.00347345
10  5.5  0.000680143
10  5.0  0.00113238
10  7.0  0.000180831
10  6.0  0.000428117
10  8.0  8.29573e-05
10  6.5  0.00027686
10  7.5  0.000120113
10  9.0  4.10832e-05
10  8.5  5.84404e-05
10  9.5  2.94525e-05
10  10.0  2.16752e-05
12  0.2  0.414509
12  0.3  0.587458
10  10.5  1.64941e-05
12  0.4  0.744575
12  0.5  0.805583
12  0.6  0.812753
12  0.7  0.758531
12  0.8  0.681238
12  0.9  0.583114
12  1.0  0.500189
12  1.1  0.41083
12  1.2  0.341578
12  1.3  0.278991
12  1.4  0.229498
12  1.5  0.188433
10  11.0  1.20203e-05
12  1.6  0.154272
12  1.7  0.126644
12  1.8  0.103427
12  1.9  0.0857968
12  2.0  0.0708879
12  2.5  0.0292393
12  3.0  0.0132835
12  3.5  0.0064064
10  11.5  9.26895e-06
10  12.0  6.77278e-06
12  4.0  0.00337921
12  4.5  0.00186418
12  5.0  0.00109606
12  5.5  0.000665886
12  6.0  0.000420374
12  8.0  8.06442e-05
12  6.5  0.000263104
12  7.0  0.000175089
12  7.5  0.000117103
12  8.5  5.71668e-05
12  9.0  4.07728e-05
12  9.5  2.90718e-05
12  10.0  2.12763e-05
14  0.2  0.410038
12  10.5  1.57288e-05
14  0.3  0.595905
14  0.4  0.737732
14  0.5  0.799948
12  11.0  1.18727e-05
14  0.6  0.811949
14  0.7  0.743135
14  0.8  0.669317
14  0.9  0.570953
14  1.0  0.485673
14  1.1  0.400827
14  1.3  0.276217
14  1.2  0.332576
14  1.4  0.222552
14  1.5  0.183226
14  1.6  0.150244
12  11.5  8.73615e-06
14  1.7  0.123238
14  1.8  0.102369
14  1.9  0.0835078
14  2.0  0.0691806
14  2.5  0.0283348
14  3.0  0.0127776
14  3.5  0.00627127
12  12.0  6.779e-06
14  4.0  0.00329473
14  4.5  0.00182262
14  5.5  0.000650303
14  5.0  0.00108484
14  6.0  0.000395048
14  7.5  0.000113503
14  6.5  0.000261231
14  8.5  5.40852e-05
14  7.0  0.000172021
14  8.0  7.80439e-05
14  9.0  3.935e-05
14  9.5  2.82259e-05
14  10.0  2.09802e-05
16  0.2  0.401813
16  0.3  0.585099
14  10.5  1.55396e-05
16  0.4  0.72732
16  0.5  0.801465
16  0.6  0.78606
16  0.7  0.725502
16  0.8  0.646841
16  0.9  0.558449
16  1.0  0.470342
16  1.1  0.390619
16  1.2  0.324277
16  1.3  0.264884
14  11.0  1.13608e-05
16  1.4  0.217753
16  1.5  0.176914
16  1.6  0.144794
16  1.7  0.118786
16  1.8  0.097863
16  1.9  0.0806969
16  2.0  0.06688
16  2.5  0.0274042
16  3.5  0.00598387
16  3.0  0.0123522
14  11.5  8.56232e-06
14  12.0  6.42461e-06
16  4.5  0.00174782
16  4.0  0.00315408
16  5.5  0.000624816
16  5.0  0.00103528
16  6.0  0.000377496
16  7.0  0.000162446
16  6.5  0.000247694
16  8.0  7.51153e-05
16  7.5  0.00011129
16  9.0  3.80656e-05
16  8.5  5.19998e-05
16  9.5  2.66295e-05
16  10.0  1.99257e-05
18  0.2  0.402326
18  0.3  0.57342
18  0.4  0.714924
18  0.5  0.777635
18  0.6  0.77572
18  0.8  0.629955
18  0.7  0.714772
18  1.0  0.455704
18  0.9  0.541604
18  1.1  0.378613
16  10.5  1.46427e-05
18  1.2  0.311048
18  1.3  0.253861
18  1.4  0.207801
18  1.5  0.170559
18  1.6  0.139051
16  11.0  1.08371e-05
18  1.7  0.112543
18  1.9  0.0769873
18  1.8  0.0934615
18  2.0  0.0637822
18  2.5  0.0262831
18  3.0  0.0119344
18  3.5  0.00580276
16  11.5  8.1671e-06
16  12.0  6.43446e-06
18  4.0  0.00297274
18  4.5  0.00168638
18  5.5  0.000600771
18  5.0  0.000982782
18  6.0  0.000374966
18  6.5  0.000237753
18  7.0  0.000159898
18  7.5  0.000106523
18  8.0  7.34111e-05
18  9.0  3.62353e-05
18  8.5  4.99866e-05
18  9.5  2.61271e-05
18  10.0  1.85892e-05
2  0.2  0.414215
2  0.3  0.604927
2  0.4  0.758373
2  0.5  0.833982
18  12.0  5.98365e-06
2  0.6  0.837469
2  0.7  0.792462
18  10.5  1.40806e-05
2  0.8  0.713691
2  0.9  0.614623
2  1.0  0.524039
2  1.1  0.435525
18  11.5  7.84894e-06
2  1.2  0.361152
18  11.0  1.07419e-05
2  1.3  0.298695
2  1.4  0.244245
2  1.6  0.165233
2  1.5  0.198634
2  1.8  0.112235
2  1.7  0.135448
2  1.9  0.091048
2  3.0  0.0140192
2  2.5  0.0311963
2  2.0  0.0759901
2  3.5  0.00684404
2  4.0  0.00360109
2  4.5  0.00200248
2  5.0  0.00116827
2  6.0  0.000447121
2  5.5  0.000697702
2  7.0  0.000179611
2  6.5  0.000286093
2  7.5  0.000127401
2  8.0  8.70147e-05
2  9.0  4.3554e-05
2  8.5  6.08484e-05
2  10.5  1.68493e-05
2  9.5  3.09705e-05
2  10.0  2.23766e-05
20  0.2  0.395781
20  0.3  0.568245
20  0.4  0.701343
20  0.5  0.756554
20  0.6  0.746133
20  0.7  0.68972
20  0.8  0.606782
20  0.9  0.520258
20  1.0  0.437044
20  1.1  0.361015
20  1.2  0.296213
20  1.3  0.242315
20  1.4  0.202118
2  11.0  1.25913e-05
20  1.5  0.160894
20  1.6  0.13217
20  1.7  0.106921
20  1.8  0.0899596
2  12.0  7.31332e-06
20  1.9  0.0731484
20  2.0  0.0596208
20  2.5  0.0249219
20  3.5  0.00549515
20  3.0  0.0110646
2  11.5  9.36193e-06
20  5.0  0.000925033
20  4.5  0.00157154
20  4.0  0.00285854
20  5.5  0.000531154
20  6.0  0.000352059
20  6.5  0.00022253
20  7.5  0.000100118
20  7.0  0.000146682
20  8.0  6.83488e-05
20  8.5  4.80566e-05
20  9.0  3.44604e-05
20  9.5  2.49941e-05
20  10.0  1.79347e-05
20  11.0  9.95904e-06
22  0.2  0.391052
22  0.3  0.555399
22  0.4  0.688066
20  10.5  1.31899e-05
22  0.5  0.736674
22  0.6  0.719469
22  0.7  0.666297
22  0.8  0.575862
22  0.9  0.491896
22  1.0  0.414771
22  1.1  0.342099
22  1.2  0.282027
22  1.3  0.229444
22  1.5  0.152136
22  1.4  0.185936
22  1.6  0.123257
22  1.7  0.0994186
22  1.8  0.0829354
22  1.9  0.0678382
22  3.0  0.0105242
22  2.0  0.056656
22  2.5  0.0231617
22  3.5  0.00498442
20  11.5  7.44677e-06
20  12.0  5.79801e-06
22  4.5  0.00146536
22  4.0  0.00263974
22  5.0  0.000871675
22  5.5  0.000519782
22  7.0  0.000138468
22  6.0  0.000318443
22  6.5  0.000205964
22  8.0  6.38057e-05
22  7.5  9.2002e-05
22  9.0  3.16791e-05
22  8.5  4.49479e-05
22  9.5  2.22721e-05
22  10.5  1.23483e-05
22  10.0  1.65424e-05
22  11.5  6.90029e-06
24  0.2  0.38033
24  0.3  0.542119
24  0.4  0.6534
24  0.5  0.699297
24  0.6  0.685849
24  0.7  0.622726
24  0.8  0.543888
24  0.9  0.462851
24  1.0  0.383496
24  1.2  0.260983
24  1.1  0.314068
22  11.0  9.22803e-06
24  1.3  0.2098
24  1.5  0.138061
24  1.4  0.171156
24  1.6  0.112556
24  1.8  0.0754837
24  1.7  0.0942751
24  1.9  0.062226
24  2.5  0.0203329
24  3.0  0.00966441
24  2.0  0.0514266
24  3.5  0.00459464
22  12.0  5.34921e-06
24  4.5  0.00138009
24  6.0  0.000294413
24  4.0  0.00246314
24  5.0  0.00077777
24  5.5  0.000468178
24  6.5  0.000191873
24  7.0  0.000124829
24  7.5  8.09336e-05
24  8.0  5.74153e-05
24  8.5  4.0396e-05
24  10.5  1.11734e-05
24  9.0  2.90583e-05
24  9.5  2.07811e-05
24  11.5  6.27275e-06
26  0.2  0.367465
24  10.0  1.5102e-05
26  0.3  0.517727
26  0.4  0.620101
26  0.5  0.654589
26  0.6  0.634995
26  0.7  0.572626
26  0.8  0.493865
26  1.0  0.349544
26  0.9  0.416996
26  1.1  0.283198
26  1.2  0.231216
24  11.0  8.2361e-06
26  1.3  0.188397
26  1.4  0.153916
26  1.5  0.124186
26  1.7  0.0829468
26  1.6  0.100754
26  1.8  0.0664535
26  2.0  0.0459078
26  1.9  0.05548
26  2.5  0.0188179
26  3.0  0.00827135
26  3.5  0.00410955
24  12.0  4.75411e-06
26  5.0  0.000677522
26  4.5  0.0011871
26  4.0  0.00216338
26  5.5  0.000416852
26  6.0  0.000256233
26  6.5  0.000167925
26  7.0  0.000109624
26  9.0  2.50256e-05
26  7.5  7.42557e-05
26  8.0  5.0946e-05
26  8.5  3.58429e-05
26  9.5  1.82037e-05
26  11.5  5.55411e-06
28  0.2  0.348443
26  10.0  1.32566e-05
28  0.3  0.489353
28  0.4  0.581138
28  0.5  0.596144
28  0.6  0.56786
26  10.5  9.99479e-06
28  0.7  0.506529
28  0.8  0.432685
28  0.9  0.36095
28  1.0  0.296344
26  11.0  7.31878e-06
28  1.1  0.247453
28  1.2  0.198247
28  1.3  0.156158
28  1.4  0.131376
28  1.5  0.105203
28  1.6  0.0848414
28  1.7  0.0689141
28  1.9  0.0469116
28  1.8  0.0569404
28  2.0  0.0385093
28  3.0  0.00715719
28  2.5  0.0154147
28  3.5  0.00349273
26  12.0  4.17122e-06
28  5.0  0.000579178
28  4.0  0.00180998
28  4.5  0.000997218
28  5.5  0.000349212
28  6.0  0.000218809
28  8.0  4.29346e-05
28  6.5  0.000139056
28  7.0  8.80033e-05
28  7.5  6.16255e-05
28  10.0  1.10544e-05
28  8.5  2.94465e-05
28  9.0  2.10056e-05
28  9.5  1.52068e-05
30  0.2  0.320526
30  0.3  0.442591
30  0.4  0.513905
30  0.5  0.521276
30  0.6  0.480855
28  10.5  8.16703e-06
30  0.7  0.426002
30  0.8  0.360451
30  0.9  0.296321
30  1.0  0.238443
30  1.1  0.196568
30  1.2  0.158246
30  1.3  0.128871
30  1.4  0.104629
30  1.5  0.0830804
28  11.0  6.09818e-06
30  1.6  0.0665799
30  1.7  0.0549923
30  1.8  0.0464188
30  1.9  0.0365033
30  2.0  0.0311
30  2.5  0.0123298
28  11.5  4.60502e-06
30  3.0  0.00549771
30  3.5  0.00267839
28  12.0  3.46975e-06
30  4.0  0.00141712
30  4.5  0.000773963
30  5.0  0.000435689
30  6.0  0.000170131
30  5.5  0.00027358
30  7.0  6.79222e-05
30  6.5  0.000105724
30  7.5  4.82597e-05
30  8.0  3.29955e-05
30  10.0  8.8239e-06
30  8.5  2.30417e-05
30  9.0  1.65504e-05
30  9.5  1.16913e-05
30  10.5  6.29383e-06
32  0.2  0.283389
32  0.3  0.386036
32  0.4  0.422399
32  0.5  0.416815
32  0.6  0.376638
32  0.7  0.322617
32  0.8  0.268487
32  0.9  0.219411
32  1.0  0.180403
32  1.1  0.14214
32  1.2  0.116858
32  1.3  0.0935111
32  1.4  0.0766489
30  11.0  4.74216e-06
32  1.5  0.060523
32  1.7  0.0402689
30  11.5  3.56872e-06
32  1.6  0.0483006
32  1.8  0.0320663
32  2.0  0.0215636
32  1.9  0.0265133
32  2.5  0.00878369
32  3.0  0.00392748
32  3.5  0.00192245
30  12.0  2.69976e-06
32  5.0  0.000324888
32  5.5  0.000193453
32  4.0  0.000981976
32  4.5  0.000563264
32  6.0  0.00012034
32  6.5  7.74059e-05
32  7.0  5.05487e-05
32  7.5  3.45086e-05
32  8.0  2.33642e-05
32  8.5  1.64427e-05
32  9.0  1.15587e-05
32  9.5  8.38645e-06
32  10.0  6.07484e-06
32  10.5  4.53335e-06
34  0.2  0.236123
34  0.3  0.308335
34  0.4  0.317222
34  0.5  0.299826
34  0.6  0.262595
34  0.7  0.217581
34  0.8  0.181601
34  0.9  0.146427
34  1.0  0.119887
34  1.1  0.0947109
34  1.2  0.0747909
34  1.4  0.049041
34  1.3  0.0600692
34  1.5  0.0390501
34  1.6  0.032174
34  1.7  0.0255652
34  1.8  0.0218194
34  1.9  0.017277
34  2.0  0.0144743
34  2.5  0.0056351
34  3.0  0.00259362
32  11.0  3.447e-06
34  3.5  0.00123524
32  11.5  2.56081e-06
32  12.0  1.99213e-06
34  5.5  0.000125015
34  4.5  0.000357262
34  4.0  0.000634091
34  5.0  0.000207676
34  6.0  7.72173e-05
34  6.5  4.9832e-05
34  7.0  3.27182e-05
34  7.5  2.19843e-05
34  8.0  1.50741e-05
34  8.5  1.03997e-05
34  9.0  7.49175e-06
34  10.0  4.02098e-06
34  9.5  5.35126e-06
4  0.2  0.410159
4  0.3  0.604821
4  0.4  0.754578
34  12.0  1.23786e-06
4  0.5  0.830533
34  10.5  2.86894e-06
4  0.6  0.842736
4  0.7  0.783226
4  0.8  0.711179
4  0.9  0.612313
4  1.0  0.520488
4  1.1  0.432939
34  11.0  2.17273e-06
4  1.2  0.358679
4  1.3  0.295706
4  1.4  0.242419
4  1.5  0.197369
4  1.6  0.164464
4  1.7  0.133848
4  1.8  0.11029
4  1.9  0.0922118
4  2.0  0.0765645
4  2.5  0.0310856
4  3.0  0.0141128
4  3.5  0.00684301
34  11.5  1.62654e-06
4  4.0  0.00357179
4  4.5  0.00199291
4  5.0  0.00116321
4  5.5  0.000716032
4  6.0  0.000439764
4  6.5  0.000284035
4  7.0  0.000178728
4  8.0  8.67505e-05
4  7.5  0.000125436
4  9.0  4.22605e-05
4  8.5  6.09888e-05
4  9.5  3.11327e-05
4  10.0  2.27671e-05
6  0.2  0.416316
6  0.3  0.603415
6  0.4  0.751355
6  0.5  0.834982
6  0.6  0.835446
4  10.5  1.67691e-05
6  0.7  0.782964
4  11.0  1.28894e-05
6  0.8  0.701582
6  0.9  0.600807
6  1.0  0.516765
6  1.2  0.357844
6  1.1  0.432567
4  12.0  7.18809e-06
6  1.3  0.293273
6  1.5  0.197389
6  1.4  0.238975
6  1.7  0.133127
6  1.6  0.162039
6  1.8  0.108333
6  2.0  0.0750135
6  1.9  0.0904721
6  3.0  0.0140415
6  2.5  0.0310009
4  11.5  9.48937e-06
6  3.5  0.00686109
6  4.0  0.00350689
6  4.5  0.00195842
6  5.5  0.000701432
6  5.0  0.00117389
6  6.0  0.000439194
6  6.5  0.00028257
6  7.0  0.000184594
6  7.5  0.000123873
6  8.0  8.62955e-05
6  8.5  5.98358e-05
6  9.0  4.29071e-05
6  9.5  3.0713e-05
6  10.0  2.24777e-05
8  0.2  0.41836
8  0.3  0.597765
8  0.4  0.746779
6  10.5  1.66154e-05
8  0.5  0.823568
8  0.6  0.822765
8  0.7  0.773866
8  0.8  0.702486
8  0.9  0.599652
6  11.0  1.25164e-05
8  1.0  0.510128
8  1.1  0.426267
8  1.2  0.355897
8  1.3  0.291461
8  1.4  0.237388
8  1.6  0.159475
8  1.5  0.193803
8  1.7  0.131184
8  1.9  0.0883892
8  1.8  0.107977
8  2.5  0.0302763
8  2.0  0.0738634
8  3.0  0.0137501
8  3.5  0.00673343
6  11.5  9.14844e-06
6  12.0  7.26911e-06
8  4.0  0.00354394
8  4.5  0.00193451
8  5.0  0.00112762
8  5.5  0.000690137
8  7.0  0.000187484
8  6.0  0.000438837
8  6.5  0.000279863
8  7.5  0.000122636
8  8.0  8.42374e-05
8  9.0  4.22515e-05
8  8.5  5.97207e-05
8  9.5  3.09875e-05
8  10.0  2.26345e-05
8  10.5  1.62809e-05
8  11.0  1.20844e-05
8  11.5  9.17155e-06
8  12.0  6.98665e-06
