# exclusive D0 cross section, Pb target, BCFY fragmentation, An0n channel
# generated      : 2026-10-01 21:46:50 EEST
# flux_model     : EFF (TARGET=AA)
# calls         : 1e5 below 3.0 GeV, 2e3 above (see EXCL_PT_THRESHOLD) (VEGAS calls per point, see CALLS_EXCL/CALLS_EXCL_FACTORIZED/CALLS_DIFF)
# dipole samples : data/Pb/mve/glauber_mve_<b>
# pD0 sweep      : 0.2 0.3 0.4 0.5 0.6 0.7 0.8 0.9 1.0 1.1 1.2 1.3 1.4 1.5 1.6 1.7 1.8 1.9 2.0 2.5 3.0 3.5 4.0 4.5 5.0 5.5 6.0 6.5 7.0 7.5 8.0 8.5 9.0 9.5 10.0 10.5 11.0 11.5 12.0
# fixed rapidity y : -3.0
# ============================================================
# b  pD0  dsigma_dyd2pD0
0  0.2  11.9275
0  0.5  6.21701
0  0.4  7.90492
0  0.7  3.64479
0  0.9  2.02722
0  0.3  9.81527
0  1.0  1.48842
0  1.5  0.320158
0  1.3  0.589259
0  1.1  1.09528
0  0.8  2.72748
0  0.6  4.80506
0  1.6  0.235987
0  1.2  0.800778
0  1.4  0.434071
0  1.7  0.176135
0  1.9  0.10089
0  1.8  0.132508
0  2.5  0.0203924
0  2.0  0.0752819
0  6.0  2.27355e-05
0  6.5  1.14852e-05
0  10.0  2.51374e-07
0  3.5  0.00178572
10  0.2  11.1424
0  3.0  0.0055237
10  0.3  9.16102
0  11.0  1.02759e-07
10  0.4  7.36622
0  4.0  0.000641922
10  0.5  5.78627
10  0.6  4.45246
0  4.5  0.00025003
0  5.0  0.000105789
10  0.8  2.51627
0  5.5  4.78033e-05
10  0.7  3.36902
10  0.9  1.86102
0  7.0  6.07924e-06
10  1.1  1.00793
0  11.5  6.75441e-08
10  1.0  1.36633
10  1.2  0.732795
10  1.3  0.53776
0  7.5  3.34967e-06
0  8.0  1.88712e-06
0  8.5  1.10309e-06
0  12.0  4.43127e-08
10  1.4  0.394426
10  1.5  0.293664
0  9.0  6.59829e-07
0  9.5  4.03186e-07
10  1.7  0.160993
10  1.6  0.214668
10  2.0  0.0670855
10  1.9  0.0883871
10  1.8  0.118592
0  10.5  1.59196e-07
10  2.5  0.0183253
10  4.5  0.000223933
10  6.0  2.05234e-05
10  6.5  1.03695e-05
10  3.0  0.00497252
12  0.2  10.7907
12  0.3  8.85742
10  3.5  0.00162497
12  0.4  7.11798
10  4.0  0.000578144
10  5.0  9.56591e-05
12  0.6  4.29265
12  0.5  5.5869
10  5.5  4.31696e-05
12  0.7  3.24339
10  11.0  9.34307e-08
12  0.8  2.41786
12  0.9  1.78668
12  1.1  0.962587
12  1.0  1.31194
10  12.0  4.01402e-08
10  7.0  5.44984e-06
12  1.2  0.70149
12  1.3  0.520004
12  1.5  0.277714
10  7.5  3.02701e-06
12  1.4  0.375751
10  8.0  1.68159e-06
10  8.5  9.97618e-07
12  1.6  0.207366
10  9.0  5.96433e-07
10  9.5  3.65306e-07
12  1.7  0.155304
12  1.9  0.0863882
12  1.8  0.113207
12  2.0  0.0659606
12  2.5  0.0170199
10  10.0  2.26625e-07
10  10.5  1.43894e-07
12  6.0  1.95414e-05
12  6.5  9.87391e-06
10  11.5  6.08597e-08
14  0.2  10.3599
14  0.3  8.48844
12  3.0  0.00472643
14  0.4  6.82211
12  3.5  0.00154664
14  0.5  5.33855
12  4.0  0.000547787
12  4.5  0.000215529
12  5.0  9.09453e-05
14  0.7  3.09578
14  0.6  4.10284
12  5.5  4.10571e-05
14  0.8  2.30576
14  0.9  1.6983
12  11.0  8.91621e-08
14  1.0  1.24394
14  1.1  0.910909
14  1.3  0.492178
12  7.0  5.23168e-06
14  1.2  0.66426
14  1.4  0.35495
12  8.0  1.62678e-06
14  1.5  0.2611
12  9.0  5.65674e-07
12  7.5  2.8807e-06
14  1.6  0.19254
12  8.5  9.49215e-07
14  1.7  0.142172
14  2.0  0.0616668
14  1.8  0.108203
14  1.9  0.0785903
12  9.5  3.46898e-07
14  2.5  0.0167878
12  10.0  2.16295e-07
14  4.0  0.000511462
12  10.5  1.37563e-07
12  11.5  5.78425e-08
12  12.0  3.83878e-08
14  3.0  0.00444135
16  0.2  9.84125
16  0.3  8.06014
14  3.5  0.00145115
16  0.4  6.45479
14  4.5  0.000202442
16  0.5  5.05488
16  0.6  3.87624
14  5.0  8.54042e-05
14  5.5  3.8581e-05
16  0.7  2.91689
14  6.0  1.85939e-05
16  0.8  2.1689
14  6.5  9.36302e-06
14  11.0  8.39744e-08
16  0.9  1.59521
14  7.0  4.92911e-06
16  1.0  1.17368
16  1.1  0.852475
16  1.4  0.336407
14  12.0  3.60463e-08
16  1.3  0.45401
14  8.0  1.52835e-06
16  1.2  0.621364
14  8.5  8.94645e-07
14  7.5  2.72274e-06
16  1.6  0.181258
16  1.5  0.243758
14  9.0  5.34089e-07
16  1.7  0.133413
16  1.8  0.0994857
16  1.9  0.0760573
16  2.0  0.0563071
16  2.5  0.015345
14  9.5  3.26403e-07
14  10.0  2.03928e-07
16  4.0  0.000472966
14  10.5  1.29086e-07
16  6.0  1.70337e-05
14  11.5  5.42459e-08
16  8.5  8.20322e-07
16  3.5  0.00132772
18  0.2  9.22143
16  3.0  0.00410497
18  0.3  7.54471
18  0.4  6.02872
18  0.5  4.71254
16  4.5  0.000186248
16  5.0  7.79047e-05
18  0.6  3.60516
18  0.7  2.70788
16  5.5  3.57667e-05
18  0.8  2.00915
18  0.9  1.47445
16  11.0  7.79039e-08
16  6.5  8.68742e-06
18  1.0  1.07624
18  1.1  0.785097
16  7.0  4.56365e-06
18  1.2  0.570267
18  1.4  0.303318
18  1.5  0.223486
18  1.3  0.41601
18  1.6  0.167167
16  7.5  2.51213e-06
16  8.0  1.41781e-06
18  1.7  0.12119
18  1.9  0.0693859
18  1.8  0.0919393
18  2.0  0.0524028
18  2.5  0.0131783
16  9.0  4.95268e-07
16  9.5  3.03985e-07
16  10.0  1.88565e-07
18  4.0  0.000429678
16  10.5  1.19824e-07
18  5.5  3.23973e-05
16  11.5  5.05896e-08
18  8.5  7.47634e-07
16  12.0  3.36747e-08
18  3.5  0.00120298
18  3.0  0.00371861
2  0.2  11.897
2  0.3  9.78922
2  0.4  7.88394
18  4.5  0.000169971
2  0.5  6.2128
18  5.0  7.192e-05
2  0.7  3.63238
2  0.6  4.79148
2  0.9  2.0216
18  6.0  1.56825e-05
2  0.8  2.71838
18  6.5  7.90022e-06
2  1.0  1.48573
18  7.0  4.15752e-06
2  1.1  1.09209
2  1.3  0.586625
2  1.2  0.798541
18  7.5  2.28617e-06
2  1.5  0.31819
2  1.4  0.431799
18  8.0  1.29002e-06
2  1.6  0.234333
2  1.7  0.175216
2  1.9  0.0997703
2  2.0  0.073271
2  1.8  0.130688
2  2.5  0.0201633
18  9.0  4.52452e-07
18  9.5  2.75742e-07
18  10.0  1.72876e-07
18  10.5  1.09203e-07
18  11.0  7.03549e-08
2  6.5  1.14404e-05
2  6.0  2.26407e-05
18  11.5  4.58955e-08
18  12.0  3.04053e-08
2  3.5  0.00177784
2  3.0  0.00549948
2  4.0  0.000639689
20  0.2  8.49321
20  0.3  6.9397
2  4.5  0.000249136
20  0.4  5.54247
2  5.0  0.000105419
20  0.6  3.29556
2  5.5  4.7565e-05
20  0.5  4.31652
20  0.7  2.46357
2  11.0  1.02357e-07
2  11.5  6.71923e-08
20  0.8  1.8253
2  7.0  6.05281e-06
2  12.0  4.40926e-08
20  0.9  1.33466
20  1.0  0.972547
2  7.5  3.3371e-06
2  8.0  1.88028e-06
20  1.1  0.707501
20  1.2  0.512594
20  1.3  0.372027
20  1.4  0.271585
20  1.6  0.14691
2  8.5  1.09914e-06
20  1.5  0.198265
20  1.7  0.108059
20  1.8  0.0820243
20  1.9  0.0621088
20  2.0  0.0456372
2  9.0  6.55635e-07
20  2.5  0.0114989
2  9.5  4.01875e-07
2  10.0  2.49301e-07
2  10.5  1.58686e-07
20  4.0  0.000380631
20  3.5  0.00106646
20  3.0  0.00329684
20  10.0  1.50589e-07
22  0.2  7.64603
22  0.3  6.23478
20  4.5  0.000151162
22  0.4  4.95684
20  5.0  6.39039e-05
22  0.5  3.85178
20  5.5  2.89618e-05
22  0.6  2.92598
22  0.7  2.18427
20  6.0  1.39066e-05
20  6.5  7.04275e-06
22  0.8  1.60725
22  0.9  1.17263
20  7.0  3.70662e-06
20  8.0  1.14892e-06
22  1.1  0.619565
22  1.0  0.853319
22  1.2  0.448511
20  7.5  2.03233e-06
20  9.0  4.01491e-07
20  8.5  6.69889e-07
22  1.3  0.323387
22  1.4  0.23891
22  1.5  0.175827
22  1.6  0.125744
22  1.7  0.0933441
22  1.8  0.0699612
22  1.9  0.0520007
22  2.0  0.0395475
22  2.5  0.0103692
20  9.5  2.46304e-07
20  10.5  9.72259e-08
22  4.0  0.000327436
20  11.0  6.28829e-08
20  11.5  4.10378e-08
20  12.0  2.71231e-08
22  3.0  0.00282248
24  0.2  6.64277
22  3.5  0.000924765
24  0.3  5.39902
24  0.4  4.28414
24  0.5  3.31152
22  4.5  0.000129466
22  5.0  5.51318e-05
22  5.5  2.48386e-05
24  0.6  2.50471
22  11.0  5.41282e-08
24  0.7  1.86143
22  6.0  1.1977e-05
24  0.8  1.36588
22  6.5  6.05109e-06
24  0.9  0.991109
22  7.0  3.19301e-06
22  7.5  1.75613e-06
24  1.0  0.719004
22  8.0  9.90528e-07
24  1.1  0.517798
24  1.2  0.373748
24  1.4  0.198055
22  8.5  5.77208e-07
24  1.3  0.26976
24  1.5  0.142836
24  1.6  0.104509
22  9.0  3.4605e-07
24  1.8  0.0581513
24  1.7  0.077287
24  1.9  0.0438118
22  9.5  2.11964e-07
24  2.0  0.0333686
24  2.5  0.00877842
22  10.0  1.32413e-07
22  10.5  8.39385e-08
22  11.5  3.54746e-08
24  6.5  4.96548e-06
22  12.0  2.35719e-08
24  3.0  0.00231216
26  0.2  5.48635
26  0.3  4.44147
24  3.5  0.000758598
24  4.0  0.00027104
26  0.4  3.50772
24  5.0  4.51144e-05
24  5.5  2.04313e-05
24  11.0  4.4667e-08
26  0.6  2.02746
24  4.5  0.000106396
26  0.5  2.69847
24  6.0  9.86044e-06
26  0.7  1.49922
24  7.0  2.63707e-06
26  0.8  1.09336
26  0.9  0.790039
24  8.0  8.19352e-07
26  1.0  0.569821
24  12.0  1.94411e-08
26  1.1  0.407366
26  1.2  0.293729
24  7.5  1.44363e-06
24  8.5  4.76695e-07
24  9.0  2.85892e-07
26  1.3  0.209852
26  1.4  0.152225
26  1.5  0.111375
26  1.6  0.0802504
26  1.9  0.0327428
26  1.7  0.0600266
26  1.8  0.0445756
26  2.0  0.0249286
26  2.5  0.00611795
24  9.5  1.75252e-07
24  10.0  1.08911e-07
24  10.5  6.9167e-08
24  11.5  2.92872e-08
26  6.5  3.82414e-06
26  7.0  2.01924e-06
26  3.5  0.000574538
26  3.0  0.00180189
28  0.3  3.36965
28  0.2  4.18295
28  0.4  2.63794
26  4.0  0.000208108
28  0.5  2.01573
26  5.0  3.47417e-05
28  0.6  1.50763
26  4.5  8.18506e-05
28  0.7  1.10531
26  5.5  1.57309e-05
28  0.8  0.799521
26  6.0  7.6004e-06
28  0.9  0.57708
28  1.0  0.410772
28  1.1  0.294748
26  8.5  3.68572e-07
26  7.5  1.11543e-06
26  8.0  6.30723e-07
28  1.3  0.151996
28  1.2  0.208958
28  1.5  0.0800729
28  1.4  0.108134
26  9.0  2.20707e-07
28  1.6  0.0577944
28  1.7  0.0424934
28  1.8  0.0312336
26  9.5  1.35293e-07
28  2.0  0.0173593
28  1.9  0.0226099
28  2.5  0.00442907
26  11.0  3.47077e-08
26  10.0  8.43962e-08
26  10.5  5.35032e-08
26  11.5  2.26176e-08
26  12.0  1.49346e-08
28  3.0  0.00124076
30  0.2  2.82653
30  0.3  2.26245
28  4.0  0.000145212
28  3.5  0.00040528
30  0.4  1.76099
28  5.5  1.10466e-05
30  0.5  1.33312
28  5.0  2.42194e-05
30  0.6  0.98603
28  4.5  5.72255e-05
28  6.0  5.32429e-06
30  0.7  0.715238
30  0.8  0.512414
28  6.5  2.68981e-06
28  7.0  1.4234e-06
30  0.9  0.364945
30  1.0  0.259699
28  7.5  7.79189e-07
28  8.0  4.42546e-07
30  1.1  0.182929
30  1.3  0.0922509
30  1.2  0.130118
30  1.4  0.0660121
30  1.5  0.047751
28  9.0  1.54755e-07
28  8.5  2.58239e-07
30  1.6  0.0349244
30  1.7  0.0257852
28  9.5  9.48594e-08
30  1.9  0.0140452
30  1.8  0.0189127
30  2.0  0.0109545
30  2.5  0.00261334
28  10.0  5.9457e-08
28  10.5  3.73622e-08
28  11.0  2.41859e-08
30  5.5  6.69376e-06
28  11.5  1.58697e-08
28  12.0  1.04496e-08
30  3.0  0.000750521
30  3.5  0.000241142
30  4.5  3.43232e-05
30  6.5  1.60229e-06
32  0.2  1.61308
32  0.3  1.28008
30  10.0  3.6214e-08
30  4.0  8.79416e-05
32  0.4  0.986547
32  0.5  0.737811
32  0.6  0.539411
30  5.0  1.4729e-05
32  0.7  0.387113
32  0.8  0.274666
30  6.0  3.20076e-06
32  0.9  0.193114
30  7.0  8.67186e-07
32  1.0  0.13603
32  1.1  0.0952905
32  1.2  0.0680013
32  1.3  0.0474426
30  7.5  4.78015e-07
30  8.5  1.5764e-07
32  1.4  0.0341707
30  8.0  2.69695e-07
32  1.5  0.0244144
32  1.8  0.00959677
32  1.6  0.0177754
32  1.7  0.0131319
30  9.0  9.433e-08
32  2.5  0.00120048
32  1.9  0.00732073
32  2.0  0.00521635
30  9.5  5.80529e-08
30  10.5  2.30157e-08
30  11.0  1.48519e-08
32  5.5  3.38385e-06
30  11.5  9.67249e-09
32  6.5  8.23084e-07
30  12.0  6.43185e-09
32  3.0  0.000376617
4  0.2  11.7979
4  0.3  9.70569
4  0.4  7.81247
32  3.5  0.00012345
4  0.5  6.16108
4  0.6  4.74787
4  0.7  3.60082
32  4.0  4.43724e-05
32  11.0  7.56537e-09
32  5.0  7.47409e-06
32  4.5  1.73227e-05
4  0.8  2.69565
4  1.0  1.47607
32  6.0  1.64217e-06
4  0.9  1.99821
4  1.2  0.799524
4  1.1  1.0829
32  7.0  4.41015e-07
4  1.3  0.580649
4  1.4  0.42429
32  8.0  1.37024e-07
32  7.5  2.42454e-07
32  8.5  8.01695e-08
4  1.6  0.235933
4  1.5  0.313611
4  1.7  0.172411
4  1.9  0.100546
4  1.8  0.130138
4  2.0  0.0738265
4  2.5  0.0200479
32  10.5  1.17229e-08
32  9.0  4.80914e-08
32  9.5  2.94122e-08
32  11.5  4.96877e-09
32  10.0  1.83881e-08
4  6.0  2.23751e-05
32  12.0  3.24916e-09
4  3.5  0.00175764
4  3.0  0.00544159
6  0.2  11.6532
4  10.0  2.48048e-07
6  0.3  9.57425
6  0.4  7.71439
4  4.0  0.00063199
4  4.5  0.000246203
6  0.5  6.07107
4  5.0  0.000104143
4  11.0  1.01106e-07
6  0.6  4.67977
4  5.5  4.70317e-05
6  0.7  3.54759
6  0.8  2.65403
4  6.5  1.13994e-05
6  0.9  1.96553
4  7.0  5.99623e-06
4  12.0  4.3609e-08
6  1.1  1.06163
6  1.0  1.44714
6  1.2  0.785704
4  8.5  1.08042e-06
4  8.0  1.85738e-06
4  9.0  6.48943e-07
4  7.5  3.29851e-06
6  1.3  0.569182
6  1.4  0.418068
6  1.5  0.308882
6  1.6  0.227503
6  1.7  0.169148
6  1.9  0.0962466
6  1.8  0.126535
4  9.5  3.97754e-07
6  2.0  0.0722912
6  2.5  0.0201244
4  10.5  1.56476e-07
6  6.0  2.19381e-05
6  6.5  1.10824e-05
4  11.5  6.62485e-08
6  3.5  0.00172248
6  3.0  0.00532598
8  0.2  11.4276
8  0.3  9.40172
6  4.0  0.000619123
6  4.5  0.000241163
8  0.4  7.56389
8  0.5  5.9512
6  5.0  0.00010235
8  0.6  4.58268
6  5.5  4.62427e-05
8  0.7  3.4697
6  11.0  9.89934e-08
8  0.8  2.5924
8  0.9  1.91841
8  1.0  1.41328
8  1.1  1.03377
6  7.0  5.86602e-06
8  1.2  0.758437
8  1.3  0.557437
6  12.0  4.28286e-08
6  8.5  1.06533e-06
8  1.4  0.408355
6  8.0  1.8186e-06
6  7.5  3.23433e-06
8  1.5  0.300165
6  9.0  6.36948e-07
8  1.6  0.222848
8  1.7  0.164593
8  1.8  0.124486
8  1.9  0.093672
8  2.0  0.0713472
6  9.5  3.8974e-07
8  2.5  0.0188908
6  10.0  2.43021e-07
6  10.5  1.5342e-07
8  4.5  0.000232497
8  6.5  1.0772e-05
6  11.5  6.49079e-08
8  8.5  1.02353e-06
8  3.0  0.00515916
8  3.5  0.00168793
8  4.0  0.000600336
8  5.0  9.90679e-05
8  5.5  4.48884e-05
8  6.0  2.1572e-05
8  11.0  9.63761e-08
8  7.0  5.70386e-06
8  7.5  3.14358e-06
8  8.0  1.76941e-06
8  9.0  6.17127e-07
8  9.5  3.78222e-07
8  10.0  2.35803e-07
8  10.5  1.49327e-07
8  11.5  6.32288e-08
8  12.0  4.17037e-08
