# diffractive D0 cross section, Pb target, HymnD fragmentation, An0n channel
# generated      : 2026-08-20 10:21:42 EEST
# calls          : 1e5 (VEGAS calls per point, see CALLS_EXCL/CALLS_EXCL_FACTORIZED/CALLS_DIFF)
# dipole samples : data/Pb/mve/glauber_mve_<b>
# pD0 sweep      : 0.2 0.3 0.4 0.5 0.6 0.7 0.8 0.9 1.0 1.1 1.2 1.3 1.4 1.5 1.6 1.7 1.8 1.9 2.0 2.5 3.0 3.5 4.0 4.5 5.0 5.5 6.0 6.5 7.0 7.5 8.0 8.5 9.0 9.5 10.0 10.5 11.0 11.5 12.0
# fixed rapidity y : 0.0
# ============================================================
# b  pD0  dsigma_dyd2pD0
0  0.2  0.472761
0  0.3  0.691188
0  0.4  0.887715
0  0.5  1.01529
0  0.6  1.05955
0  0.8  0.934495
0  0.7  1.02335
0  0.9  0.827042
0  1.0  0.713948
0  1.1  0.599116
0  1.3  0.413497
0  1.2  0.496429
0  1.4  0.342795
0  1.5  0.279467
0  1.6  0.230611
0  1.7  0.189903
0  1.8  0.15732
0  2.0  0.108526
0  3.0  0.0199396
0  1.9  0.128535
0  2.5  0.0451308
0  3.5  0.0101975
0  5.0  0.00180416
0  4.0  0.00549188
0  4.5  0.00304163
0  5.5  0.00108729
0  7.0  0.000304222
0  6.0  0.000707223
0  6.5  0.000457039
0  8.0  0.000146115
0  7.5  0.000208587
0  8.5  0.00010681
0  10.0  4.07854e-05
0  9.0  7.49608e-05
0  9.5  5.47133e-05
10  0.2  0.464435
10  0.3  0.683761
10  0.4  0.866905
10  0.5  1.00353
10  0.6  1.04862
10  0.7  0.988702
10  0.8  0.902618
10  0.9  0.80035
0  10.5  3.06701e-05
10  1.0  0.687274
10  1.1  0.575603
10  1.2  0.480679
10  1.3  0.393097
0  11.0  2.38418e-05
10  1.4  0.328957
10  1.5  0.267165
10  1.6  0.220477
10  1.7  0.180201
10  1.8  0.149559
10  1.9  0.123445
10  2.0  0.103968
10  2.5  0.0427215
10  3.0  0.0194561
10  3.5  0.00965948
0  11.5  1.77745e-05
0  12.0  1.37505e-05
10  5.5  0.00106676
10  4.5  0.00295463
10  4.0  0.00519331
10  5.0  0.00173135
10  7.0  0.000298195
10  6.0  0.000658483
10  8.0  0.000138327
10  6.5  0.000427675
10  7.5  0.000198375
10  9.5  5.36081e-05
10  8.5  0.000101461
10  10.0  3.8464e-05
10  9.0  7.16578e-05
12  0.2  0.464477
12  0.3  0.678902
12  0.4  0.875747
12  0.5  0.992363
12  0.6  1.03572
12  0.7  0.982359
12  0.8  0.897332
12  0.9  0.796405
12  1.0  0.66436
10  10.5  2.91222e-05
12  1.1  0.56339
12  1.2  0.46848
12  1.3  0.390397
12  1.5  0.263014
12  1.4  0.322328
12  1.6  0.217336
12  1.7  0.177219
10  11.0  2.1992e-05
12  1.8  0.145224
12  1.9  0.121493
12  2.0  0.100387
12  2.5  0.0416814
12  3.0  0.0191852
12  3.5  0.00946707
10  11.5  1.66095e-05
12  4.0  0.00509418
10  12.0  1.28477e-05
12  5.0  0.00166249
12  4.5  0.00282622
12  5.5  0.0010081
12  6.0  0.000642821
12  6.5  0.000420475
12  8.0  0.000138835
12  7.0  0.000283403
12  7.5  0.000195314
12  9.5  5.21282e-05
12  8.5  9.63494e-05
12  10.0  3.75387e-05
12  9.0  7.04525e-05
14  0.2  0.456597
14  0.3  0.671134
14  0.4  0.866749
14  0.5  0.988625
12  10.5  2.89793e-05
14  0.6  1.02407
14  0.7  0.96489
14  0.9  0.777737
14  0.8  0.880775
14  1.0  0.658415
14  1.1  0.553551
14  1.2  0.457014
14  1.3  0.384356
14  1.4  0.31358
12  11.0  2.18527e-05
14  1.5  0.254123
14  1.7  0.171146
14  1.6  0.21245
14  1.8  0.143306
14  1.9  0.117236
14  2.0  0.0980323
14  2.5  0.0407015
12  11.5  1.64867e-05
14  3.0  0.0185234
14  3.5  0.00925314
12  12.0  1.26416e-05
14  4.0  0.00490664
14  5.0  0.00161168
14  4.5  0.0027243
14  5.5  0.000985823
14  7.0  0.000283088
14  6.0  0.000631439
14  7.5  0.000190573
14  6.5  0.000421438
14  9.5  4.95412e-05
14  8.0  0.000130785
14  8.5  9.32939e-05
14  10.0  3.78632e-05
14  9.0  6.81229e-05
16  0.2  0.464103
16  0.3  0.65965
16  0.4  0.86378
16  0.5  0.977223
14  10.5  2.79241e-05
16  0.6  0.994068
16  0.7  0.960022
16  0.8  0.868888
16  0.9  0.746593
16  1.0  0.639894
14  11.0  2.09911e-05
16  1.1  0.539785
16  1.2  0.449636
16  1.3  0.370204
16  1.4  0.302662
16  1.5  0.246348
16  1.6  0.205445
16  1.7  0.166878
16  1.8  0.138023
16  1.9  0.113739
16  2.0  0.0951956
14  11.5  1.58914e-05
16  2.5  0.0392046
16  3.0  0.0179545
16  3.5  0.00878462
14  12.0  1.23925e-05
16  4.0  0.00468284
16  5.0  0.00155868
16  4.5  0.00262697
16  5.5  0.000945017
16  6.0  0.000604527
16  6.5  0.000395358
16  7.0  0.00026568
16  7.5  0.000180383
16  8.0  0.000125841
16  8.5  9.28611e-05
16  10.0  3.51343e-05
16  9.0  6.689e-05
16  9.5  4.88501e-05
18  0.2  0.445631
18  0.3  0.663077
18  0.4  0.842028
18  0.5  0.949675
18  0.6  0.970325
18  0.7  0.932954
18  0.8  0.836036
16  10.5  2.68032e-05
18  0.9  0.727216
18  1.0  0.616877
18  1.1  0.522904
18  1.2  0.428057
18  1.3  0.353273
18  1.4  0.292787
18  1.6  0.19551
18  1.5  0.238136
16  11.0  2.0716e-05
18  1.7  0.16187
18  1.8  0.1328
18  2.0  0.0891563
18  1.9  0.110593
18  2.5  0.0374966
18  3.0  0.0170282
18  3.5  0.00852274
16  11.5  1.5832e-05
16  12.0  1.18464e-05
18  5.5  0.000908044
18  5.0  0.00147817
18  4.0  0.00448247
18  4.5  0.00253793
18  6.0  0.000572788
18  7.0  0.000252219
18  6.5  0.00038847
18  7.5  0.000173052
18  8.0  0.000121077
18  8.5  8.66489e-05
18  10.0  3.49311e-05
18  9.0  6.36117e-05
18  9.5  4.54235e-05
2  0.2  0.467354
2  0.3  0.692212
2  0.4  0.901777
2  0.5  1.01844
2  0.6  1.06964
2  0.7  1.02231
2  0.8  0.924377
2  0.9  0.830808
18  10.5  2.52438e-05
2  1.0  0.71194
2  1.1  0.599696
2  1.2  0.496831
2  1.4  0.339236
2  1.3  0.41272
2  1.5  0.282137
18  11.0  1.92191e-05
2  1.6  0.228377
2  1.7  0.18857
2  1.8  0.152646
2  1.9  0.130217
2  2.0  0.107708
2  2.5  0.0450528
2  3.0  0.0202545
18  11.5  1.51789e-05
2  3.5  0.0101576
18  12.0  1.15306e-05
2  5.0  0.00178679
2  4.0  0.00540026
2  4.5  0.00302563
2  5.5  0.00109053
2  7.0  0.000301892
2  6.0  0.000689083
2  6.5  0.000452048
2  7.5  0.000211352
2  8.0  0.000145365
2  8.5  0.000102827
2  10.0  4.05605e-05
2  9.0  7.47285e-05
2  9.5  5.59685e-05
20  0.2  0.439525
20  0.3  0.653432
20  0.4  0.838638
20  0.5  0.943061
20  0.6  0.939373
2  10.5  3.02974e-05
20  0.7  0.9037
20  0.8  0.806074
20  0.9  0.710657
20  1.0  0.594352
20  1.1  0.495214
20  1.3  0.335568
2  11.0  2.30334e-05
20  1.2  0.411435
20  1.5  0.226055
20  1.4  0.279487
20  1.7  0.151216
20  1.6  0.187203
20  1.8  0.126135
20  1.9  0.103909
20  2.0  0.0866361
20  2.5  0.035276
20  3.0  0.0163278
20  3.5  0.00797329
2  11.5  1.75518e-05
2  12.0  1.37094e-05
20  5.0  0.00143093
20  4.0  0.00420254
20  4.5  0.00237369
20  5.5  0.000859403
20  7.5  0.000163617
20  6.0  0.000546133
20  6.5  0.000365915
20  7.0  0.00023708
20  9.5  4.34057e-05
20  8.0  0.000114186
20  9.0  6.06657e-05
20  10.0  3.27756e-05
20  8.5  8.14404e-05
22  0.2  0.440324
22  0.3  0.641766
22  0.4  0.811687
22  0.5  0.912387
22  0.6  0.916795
22  0.7  0.866999
22  0.8  0.771852
22  0.9  0.667782
22  1.0  0.563955
22  1.1  0.474408
20  10.5  2.45321e-05
22  1.2  0.389809
22  1.3  0.320072
22  1.4  0.261049
22  1.5  0.213395
22  1.6  0.174191
22  1.7  0.143822
22  1.8  0.117529
22  1.9  0.0974015
22  2.0  0.0802007
22  2.5  0.0332873
20  11.0  1.80982e-05
22  3.0  0.0151445
22  3.5  0.00746485
20  11.5  1.40508e-05
20  12.0  1.01897e-05
22  4.0  0.00401922
22  4.5  0.00221123
22  5.5  0.00081723
22  5.0  0.00132743
22  6.0  0.000505405
22  6.5  0.000341376
22  8.5  7.61703e-05
22  7.0  0.000220989
22  7.5  0.000151886
22  8.0  0.000106738
22  9.0  5.51522e-05
22  9.5  3.94496e-05
22  10.0  2.93901e-05
24  0.2  0.420492
24  0.3  0.623843
24  0.4  0.787731
24  0.5  0.871793
24  0.6  0.868966
24  0.7  0.817214
24  0.8  0.719524
24  0.9  0.62109
24  1.0  0.528994
22  10.5  2.2281e-05
24  1.1  0.436077
24  1.2  0.360245
24  1.3  0.296576
24  1.4  0.239267
24  1.5  0.197492
24  1.7  0.131523
24  1.6  0.160969
24  1.8  0.10711
22  11.0  1.69055e-05
24  1.9  0.0885913
24  3.0  0.0133734
24  2.0  0.0736211
24  2.5  0.0302229
24  3.5  0.00682394
22  11.5  1.32204e-05
24  4.5  0.00204974
22  12.0  1.03461e-05
24  5.0  0.00118956
24  4.0  0.00357048
24  5.5  0.000719163
24  6.0  0.000457965
24  6.5  0.000300991
24  7.0  0.000205401
24  8.5  6.89296e-05
24  7.5  0.000137949
24  8.0  9.73826e-05
24  10.0  2.74775e-05
24  9.0  4.95752e-05
24  9.5  3.73232e-05
24  10.5  2.05004e-05
26  0.2  0.405859
26  0.3  0.597459
26  0.4  0.738196
26  0.5  0.830354
26  0.6  0.807277
26  0.7  0.754275
26  0.8  0.664139
26  0.9  0.570249
26  1.0  0.473891
26  1.1  0.394708
26  1.2  0.323598
26  1.3  0.263101
26  1.4  0.212816
26  1.5  0.174255
24  11.0  1.51853e-05
26  1.6  0.142213
26  1.8  0.0962941
26  1.7  0.116254
26  2.0  0.0655655
26  1.9  0.079152
26  3.0  0.0120442
26  2.5  0.0268308
24  11.5  1.14359e-05
26  3.5  0.00596418
24  12.0  9.26138e-06
26  4.5  0.00177687
26  5.0  0.00103628
26  4.0  0.00323213
26  5.5  0.000636469
26  6.0  0.000401416
26  6.5  0.000266965
26  8.5  6.20054e-05
26  7.0  0.000177389
26  7.5  0.000121879
26  8.0  8.51431e-05
26  9.0  4.34377e-05
26  9.5  3.24155e-05
26  10.5  1.77338e-05
26  10.0  2.42966e-05
28  0.2  0.386462
28  0.3  0.567175
28  0.4  0.698585
28  0.5  0.745495
28  0.6  0.727229
28  0.7  0.662671
28  0.8  0.583008
28  0.9  0.491042
26  11.5  1.03189e-05
28  1.0  0.412741
28  1.1  0.337769
28  1.3  0.22621
28  1.2  0.277063
26  11.0  1.34591e-05
28  1.4  0.182697
28  1.5  0.150587
28  1.6  0.120786
28  1.7  0.0989213
28  1.8  0.0808245
28  1.9  0.0666176
28  2.0  0.0569288
28  2.5  0.0229143
28  3.0  0.010211
28  3.5  0.00501602
26  12.0  7.88354e-06
28  4.0  0.00260379
28  4.5  0.00148898
28  5.0  0.000888487
28  6.0  0.000349285
28  5.5  0.000550273
28  7.0  0.000153311
28  6.5  0.000222493
28  8.5  5.01619e-05
28  8.0  7.30386e-05
28  7.5  0.000104172
28  9.0  3.70493e-05
28  9.5  2.68293e-05
28  10.0  1.98308e-05
30  0.2  0.360473
30  0.3  0.512919
30  0.4  0.620622
28  10.5  1.53344e-05
30  0.5  0.654954
30  0.7  0.553665
30  0.6  0.62364
30  0.8  0.480823
30  0.9  0.404684
30  1.0  0.33596
30  1.1  0.273172
30  1.2  0.222657
30  1.3  0.179839
28  11.0  1.11684e-05
30  1.4  0.144862
30  1.5  0.118485
30  1.6  0.0969253
30  1.7  0.0787668
30  1.8  0.0643637
30  1.9  0.0531499
30  2.0  0.0428421
30  2.5  0.017826
30  3.0  0.00800876
30  3.5  0.00382702
28  11.5  8.62316e-06
28  12.0  6.59047e-06
30  5.5  0.000430966
30  4.0  0.00207957
30  6.0  0.000271316
30  4.5  0.0011803
30  5.0  0.000704349
30  7.5  8.15947e-05
30  6.5  0.000173931
30  8.0  5.69493e-05
30  7.0  0.000119512
30  8.5  3.9535e-05
30  9.0  2.86209e-05
30  9.5  2.06443e-05
30  10.0  1.60438e-05
32  0.2  0.324717
32  0.3  0.446215
32  0.4  0.516535
32  0.5  0.527021
32  0.6  0.4872
32  0.7  0.426711
32  0.8  0.365195
32  0.9  0.300939
32  1.0  0.24807
30  10.5  1.14886e-05
32  1.2  0.162628
32  1.1  0.201054
32  1.3  0.133891
32  1.4  0.104088
32  1.5  0.0863353
32  1.6  0.0698672
32  1.7  0.0565994
32  1.8  0.045861
32  1.9  0.0375876
30  11.0  8.71515e-06
32  2.0  0.0313886
32  2.5  0.0128326
32  3.0  0.00563498
32  3.5  0.00286787
30  11.5  6.70901e-06
30  12.0  5.25438e-06
32  5.5  0.000300855
32  5.0  0.000489311
32  6.0  0.000191581
32  4.0  0.00151851
32  4.5  0.000835997
32  7.5  5.61443e-05
32  6.5  0.000123465
32  7.0  8.30097e-05
32  8.0  3.98602e-05
32  8.5  2.78079e-05
32  9.0  2.07965e-05
32  9.5  1.48964e-05
32  10.0  1.14913e-05
4  0.2  0.468019
4  0.3  0.690053
4  0.4  0.889851
32  10.5  8.15427e-06
32  12.0  3.7237e-06
4  0.5  1.02006
4  0.6  1.05835
4  0.7  1.0284
4  0.8  0.940385
4  0.9  0.816393
4  1.0  0.706944
4  1.1  0.598577
4  1.2  0.489767
4  1.3  0.410976
32  11.0  6.2885e-06
4  1.4  0.33878
4  1.5  0.277671
4  1.6  0.228915
4  1.7  0.18565
4  1.8  0.15514
4  1.9  0.130093
4  2.0  0.108585
4  2.5  0.044841
4  3.0  0.0202087
4  3.5  0.0100613
32  11.5  4.75077e-06
4  5.0  0.00175078
4  4.0  0.00532984
4  4.5  0.00305729
4  5.5  0.0010909
4  7.0  0.000302627
4  6.0  0.000690778
4  6.5  0.000449466
4  7.5  0.000207922
4  8.0  0.000144953
4  10.0  3.99025e-05
4  8.5  0.000105667
4  9.5  5.46951e-05
4  9.0  7.4229e-05
6  0.2  0.468553
6  0.3  0.693356
6  0.4  0.896834
6  0.5  1.02389
6  0.6  1.05385
6  0.7  1.02439
6  0.8  0.923656
4  10.5  3.04658e-05
6  0.9  0.808729
6  1.0  0.699638
6  1.1  0.588056
6  1.2  0.49099
6  1.3  0.405607
4  11.0  2.37557e-05
6  1.4  0.334919
6  1.5  0.277315
6  1.8  0.152962
6  1.6  0.227725
6  1.7  0.186971
6  1.9  0.128308
6  2.0  0.106872
6  2.5  0.0438129
6  3.5  0.00986536
4  11.5  1.81186e-05
6  3.0  0.0200355
4  12.0  1.40082e-05
6  5.0  0.00175204
6  4.5  0.0030317
6  4.0  0.00530037
6  5.5  0.00108535
6  7.0  0.000297461
6  6.0  0.000674567
6  6.5  0.000439276
6  7.5  0.000205579
6  8.0  0.000145011
6  8.5  0.000104221
6  10.0  4.11202e-05
6  9.0  7.60839e-05
6  9.5  5.40087e-05
8  0.2  0.465133
8  0.3  0.688258
8  0.4  0.882867
8  0.5  1.00336
6  10.5  3.01467e-05
8  0.6  1.04686
8  0.7  1.01658
8  0.8  0.924684
8  0.9  0.808109
8  1.0  0.690266
8  1.1  0.586724
8  1.2  0.485462
6  11.0  2.2569e-05
8  1.3  0.402349
8  1.4  0.333396
8  1.5  0.270383
8  1.6  0.226305
8  1.7  0.183649
8  1.8  0.152408
8  1.9  0.126194
8  2.0  0.104299
8  2.5  0.0441004
6  11.5  1.74141e-05
8  3.0  0.0200447
8  3.5  0.00979795
6  12.0  1.38417e-05
8  5.0  0.0017751
8  5.5  0.00105866
8  4.5  0.00292472
8  4.0  0.00530779
8  7.0  0.000295991
8  6.0  0.000665168
8  6.5  0.000440554
8  7.5  0.000207356
8  9.5  5.47706e-05
8  8.0  0.000143638
8  8.5  0.000100786
8  9.0  7.21364e-05
8  10.0  4.06353e-05
8  10.5  2.93774e-05
8  11.0  2.31812e-05
8  11.5  1.70708e-05
8  12.0  1.32988e-05
