# diffractive D0 cross section, Pb target, KniehlKramer fragmentation, Xn0n channel
# generated      : 2026-10-02 23:31:58 EEST
# flux_model     : EFF (TARGET=AA)
# calls         : 1e5 (VEGAS calls per point, see CALLS_EXCL/CALLS_EXCL_FACTORIZED/CALLS_DIFF)
# dipole samples : data/Pb/mve/glauber_mve_<b>
# pD0 sweep      : 0.2 0.3 0.4 0.5 0.6 0.7 0.8 0.9 1.0 1.1 1.2 1.3 1.4 1.5 1.6 1.7 1.8 1.9 2.0 2.5 3.0 3.5 4.0 4.5 5.0 5.5 6.0 6.5 7.0 7.5 8.0 8.5 9.0 9.5 10.0 10.5 11.0 11.5 12.0
# fixed rapidity y : -1.0
# ============================================================
# b  pD0  dsigma_dyd2pD0
0  0.2  0.25598
0  0.3  0.287044
0  0.4  0.296616
0  0.6  0.271925
0  0.8  0.214962
0  0.5  0.292599
0  0.7  0.246522
0  1.0  0.153365
0  1.2  0.108086
0  0.9  0.184519
0  1.1  0.129423
0  1.4  0.0732764
0  1.3  0.088889
0  1.5  0.0597036
0  1.7  0.0413969
0  1.6  0.0497995
0  1.9  0.0283918
0  1.8  0.0343437
0  2.5  0.0102471
0  2.0  0.0238614
0  3.0  0.00482893
0  3.5  0.00246619
0  6.5  0.000134426
0  4.0  0.00138556
0  4.5  0.000793214
0  5.0  0.000484212
0  5.5  0.000313873
0  6.0  0.000204059
0  8.5  3.39416e-05
0  9.5  1.89299e-05
0  8.0  4.66434e-05
0  10.0  1.471e-05
0  7.0  9.29023e-05
0  7.5  6.53679e-05
0  10.5  1.1034e-05
10  0.2  0.251623
10  0.3  0.281839
0  9.0  2.5269e-05
10  0.4  0.292312
10  0.5  0.285083
10  0.6  0.264366
10  0.7  0.238481
10  0.8  0.207815
10  0.9  0.177979
10  1.0  0.14971
0  11.0  8.56617e-06
10  1.1  0.125376
10  1.2  0.103839
10  1.4  0.0706607
10  1.3  0.0853543
10  1.6  0.0480428
0  11.5  6.68885e-06
10  1.5  0.0576232
10  1.7  0.0396847
10  1.9  0.0267449
10  1.8  0.0329154
10  2.0  0.0227683
10  2.5  0.00971751
0  12.0  5.26519e-06
10  3.0  0.00462404
10  3.5  0.00235993
10  6.5  0.000127798
10  4.0  0.00129159
10  4.5  0.00075344
10  5.0  0.000468356
10  5.5  0.000288825
10  8.5  3.2256e-05
10  6.0  0.000194654
10  8.0  4.44657e-05
10  9.5  1.80815e-05
10  10.0  1.37176e-05
10  7.0  8.83082e-05
10  7.5  6.17974e-05
10  10.5  1.05034e-05
10  11.0  7.95006e-06
12  0.2  0.249928
12  0.3  0.273593
10  9.0  2.40576e-05
12  0.4  0.288194
12  0.5  0.282764
12  0.6  0.259382
12  0.7  0.234711
12  0.8  0.204296
12  0.9  0.176595
12  1.0  0.147279
12  1.1  0.122266
12  1.2  0.101362
12  1.3  0.0832856
10  11.5  6.31575e-06
12  1.5  0.0558518
12  1.4  0.0686844
12  1.6  0.046812
12  1.7  0.0387067
10  12.0  4.98481e-06
12  1.8  0.0319867
12  1.9  0.0261809
12  2.0  0.0222124
12  2.5  0.00962809
12  3.0  0.00449532
12  3.5  0.00233333
12  6.5  0.000124174
12  4.0  0.0012613
12  4.5  0.00073887
12  7.0  8.62423e-05
12  5.0  0.000450783
12  5.5  0.000281525
12  8.5  3.17352e-05
12  6.0  0.000184915
12  9.5  1.77029e-05
12  10.0  1.33262e-05
12  10.5  1.04675e-05
12  7.5  6.06104e-05
12  11.0  7.93911e-06
12  8.0  4.35191e-05
14  0.2  0.245507
14  0.3  0.276343
14  0.4  0.28372
14  0.5  0.277717
12  9.0  2.35404e-05
14  0.6  0.255585
14  0.7  0.229492
14  0.8  0.200624
14  0.9  0.171895
14  1.2  0.0992545
14  1.1  0.119906
14  1.0  0.144585
14  1.3  0.0813436
14  1.4  0.0673091
12  11.5  6.20125e-06
14  1.5  0.0554096
14  1.6  0.0462556
14  1.8  0.030842
12  12.0  4.89777e-06
14  1.9  0.0261123
14  1.7  0.0377286
14  2.5  0.0092694
14  2.0  0.0217211
14  3.0  0.00438169
14  3.5  0.00222311
14  6.5  0.000124056
14  4.0  0.00122246
14  4.5  0.000728811
14  7.0  8.34982e-05
14  5.0  0.000435463
14  5.5  0.000278074
14  8.0  4.21613e-05
14  6.0  0.000178867
14  8.5  3.07653e-05
14  9.5  1.71264e-05
14  10.0  1.29688e-05
14  7.5  5.88159e-05
16  0.2  0.247699
16  0.3  0.26861
16  0.4  0.274319
14  9.0  2.29168e-05
14  10.5  9.99588e-06
16  0.5  0.27401
16  0.7  0.22704
16  0.6  0.25279
16  0.8  0.196209
16  0.9  0.16599
16  1.0  0.139931
16  1.1  0.116849
16  1.2  0.0962984
16  1.4  0.0649009
16  1.3  0.0799062
16  1.5  0.0539025
14  11.5  6.01516e-06
16  1.6  0.0440482
16  1.8  0.0297773
16  1.7  0.0365022
14  11.0  7.83836e-06
16  1.9  0.0250725
16  2.0  0.0209427
16  2.5  0.00907937
16  3.0  0.00423115
14  12.0  4.75499e-06
16  3.5  0.00219623
16  4.0  0.0012116
16  4.5  0.00069935
16  7.0  8.04839e-05
16  5.0  0.000418628
16  8.0  4.0519e-05
16  6.0  0.000173485
16  5.5  0.000269538
16  8.5  2.99758e-05
16  6.5  0.000116776
16  9.5  1.65533e-05
16  10.5  8.98029e-06
16  7.5  5.31437e-05
16  11.0  7.55376e-06
18  0.2  0.239764
16  10.0  1.25003e-05
18  0.3  0.267305
18  0.4  0.275637
16  9.0  2.19839e-05
18  0.5  0.267424
18  0.6  0.244465
18  0.7  0.221852
16  11.5  5.79516e-06
18  0.8  0.191325
18  0.9  0.161354
18  1.0  0.134391
18  1.1  0.112979
18  1.2  0.0932217
18  1.4  0.0629327
18  1.3  0.0759465
18  1.5  0.0517007
18  1.6  0.0424109
18  1.8  0.0290958
18  1.7  0.0353543
16  12.0  4.58548e-06
18  1.9  0.0240875
18  2.0  0.0201034
18  2.5  0.00862867
18  3.0  0.00401127
18  3.5  0.00205221
18  6.0  0.000164582
18  4.0  0.00113285
18  4.5  0.0006697
18  5.0  0.000409093
18  5.5  0.000252581
18  8.5  2.81782e-05
18  9.5  1.60094e-05
18  6.5  0.000110882
18  7.0  7.8844e-05
18  7.5  5.41517e-05
18  11.0  7.22929e-06
18  8.0  3.88614e-05
2  0.2  0.255493
18  10.0  1.19428e-05
2  0.3  0.287764
18  11.5  5.63416e-06
2  0.4  0.297487
18  9.0  2.10469e-05
2  0.5  0.290394
2  0.6  0.271352
2  0.7  0.246133
2  0.8  0.214308
2  0.9  0.181267
2  1.0  0.155101
2  1.1  0.129867
2  1.2  0.10744
2  1.3  0.0887175
2  1.5  0.0600805
2  1.4  0.0728817
18  10.5  9.29346e-06
2  1.6  0.0500418
2  1.7  0.0413274
2  1.8  0.034262
18  12.0  4.29439e-06
2  1.9  0.028363
2  2.0  0.0234102
2  2.5  0.0102451
2  3.5  0.00246814
2  3.0  0.00483518
2  6.5  0.000135214
2  4.0  0.00134539
2  4.5  0.000805711
2  5.0  0.000480774
2  5.5  0.000303512
2  6.0  0.000198972
2  8.5  3.42883e-05
2  8.0  4.63173e-05
2  9.5  1.89398e-05
2  10.0  1.46534e-05
2  7.0  9.2455e-05
2  10.5  1.09213e-05
2  7.5  6.48826e-05
20  0.2  0.234515
2  11.0  8.67218e-06
20  0.3  0.260457
20  0.4  0.266745
2  9.0  2.52646e-05
20  0.5  0.259052
20  0.6  0.237635
20  0.7  0.211881
20  0.8  0.182919
20  0.9  0.156066
20  1.0  0.130881
20  1.1  0.107991
20  1.2  0.0888994
20  1.3  0.0731589
2  11.5  6.58518e-06
20  1.4  0.059234
20  1.5  0.0493158
20  1.6  0.0404224
20  1.7  0.0334513
2  12.0  5.26174e-06
20  1.8  0.0274302
20  1.9  0.0227558
20  2.0  0.0191505
20  2.5  0.00814721
20  3.0  0.00379921
20  3.5  0.00193321
20  4.0  0.00107536
20  4.5  0.000633459
20  5.0  0.000386401
20  5.5  0.000237865
20  6.0  0.00015798
20  8.5  2.68845e-05
20  9.5  1.48594e-05
20  6.5  0.000105621
20  7.0  7.40133e-05
20  7.5  5.2109e-05
20  10.5  8.68294e-06
20  8.0  3.73332e-05
22  0.2  0.227785
22  0.3  0.250633
22  0.4  0.253828
20  9.0  1.98501e-05
20  11.5  5.21032e-06
22  0.5  0.2443
22  0.6  0.228122
22  0.7  0.19793
22  0.8  0.172883
20  10.0  1.1163e-05
22  0.9  0.146515
20  11.0  6.67015e-06
22  1.0  0.122968
22  1.1  0.10079
22  1.3  0.06826
22  1.2  0.0834961
22  1.4  0.0561592
22  1.5  0.0460708
22  1.6  0.0378441
20  12.0  4.0812e-06
22  1.8  0.0254368
22  1.7  0.030766
22  1.9  0.0214421
22  2.5  0.00764627
22  2.0  0.0178765
22  3.5  0.00184995
22  3.0  0.00360729
22  6.0  0.000146327
22  6.5  9.83582e-05
22  4.0  0.00100609
22  4.5  0.000591039
22  5.0  0.00035342
22  5.5  0.000225722
22  8.5  2.49804e-05
22  9.5  1.37896e-05
22  7.0  6.87516e-05
22  7.5  4.69619e-05
22  10.5  8.01544e-06
24  0.2  0.216574
22  11.0  6.24849e-06
22  8.0  3.48759e-05
22  10.0  1.06673e-05
24  0.3  0.242614
24  0.4  0.248083
22  11.5  4.93011e-06
22  9.0  1.87394e-05
24  0.5  0.235856
24  0.6  0.217597
24  0.7  0.187698
24  0.8  0.163026
24  0.9  0.136856
24  1.0  0.113734
24  1.1  0.0937736
24  1.2  0.0770885
24  1.3  0.0630564
24  1.4  0.0512353
24  1.5  0.0425522
24  1.6  0.034723
24  1.7  0.0284977
24  1.8  0.023195
24  1.9  0.0198244
24  2.0  0.0161869
24  2.5  0.0067733
22  12.0  3.84085e-06
24  3.5  0.00165448
24  5.5  0.000200452
24  3.0  0.00330371
24  6.0  0.000131693
24  4.0  0.000923983
24  4.5  0.00052508
24  5.0  0.000317092
24  8.5  2.25888e-05
24  6.5  8.81818e-05
24  9.5  1.25285e-05
24  7.0  6.11662e-05
24  7.5  4.32652e-05
26  0.2  0.204626
24  8.0  3.09483e-05
24  11.0  5.65422e-06
26  0.3  0.229588
26  0.4  0.229844
24  9.0  1.65646e-05
26  0.5  0.220552
24  10.5  7.42244e-06
24  11.5  4.414e-06
26  0.6  0.200548
26  0.7  0.174091
26  0.8  0.148842
26  0.9  0.124407
26  1.0  0.103625
24  10.0  9.64098e-06
26  1.1  0.0847062
26  1.2  0.069284
26  1.3  0.0566647
26  1.4  0.0457862
26  1.5  0.0375478
26  1.6  0.0309172
24  12.0  3.43564e-06
26  1.7  0.0254292
26  1.8  0.020907
26  1.9  0.0172121
26  2.0  0.0144333
26  2.5  0.00614886
26  3.5  0.0014825
26  3.0  0.0028257
26  4.0  0.000816016
26  4.5  0.000460848
26  5.5  0.000177423
26  5.0  0.000278956
26  8.5  2.02614e-05
26  6.0  0.000115469
26  6.5  7.97176e-05
26  7.0  5.37008e-05
26  7.5  3.76353e-05
26  10.5  6.49078e-06
26  8.0  2.76784e-05
28  0.2  0.19257
26  10.0  8.37379e-06
26  9.0  1.4707e-05
28  0.3  0.207993
26  11.5  3.89683e-06
28  0.4  0.21206
28  0.5  0.198241
28  0.6  0.178101
26  9.5  1.10659e-05
28  0.7  0.154074
28  0.9  0.107478
28  0.8  0.130045
26  11.0  4.85483e-06
28  1.0  0.0890426
28  1.1  0.0723138
28  1.2  0.0595919
28  1.3  0.0482059
28  1.5  0.0316526
28  1.4  0.0394858
28  1.6  0.0259925
28  1.7  0.0213495
28  1.8  0.0179281
26  12.0  3.05292e-06
28  1.9  0.0146801
28  2.0  0.0121248
28  2.5  0.00516592
28  3.0  0.00239156
28  3.5  0.00120872
28  4.0  0.000664978
28  4.5  0.000396786
28  6.0  9.83831e-05
28  6.5  6.69341e-05
28  5.0  0.000234244
28  5.5  0.000148075
28  8.5  1.66088e-05
28  7.0  4.62947e-05
28  7.5  3.17047e-05
28  8.0  2.33315e-05
28  10.0  7.13628e-06
30  0.2  0.172276
28  11.5  3.22451e-06
28  10.5  5.33033e-06
30  0.3  0.18515
30  0.4  0.182155
28  9.0  1.22853e-05
30  0.5  0.169331
28  9.5  9.23178e-06
30  0.6  0.14866
30  0.7  0.128671
30  0.8  0.105806
28  11.0  4.15265e-06
30  0.9  0.0881598
30  1.0  0.0719843
30  1.1  0.0583372
30  1.2  0.0468063
30  1.3  0.0382845
30  1.4  0.0313551
30  1.5  0.0254596
30  1.6  0.0208663
30  1.7  0.0168936
30  1.9  0.0114071
30  1.8  0.0141073
30  2.0  0.00958908
30  2.5  0.00402298
28  12.0  2.55859e-06
30  3.5  0.000953042
30  4.0  0.000531935
30  3.0  0.00187554
30  4.5  0.000302623
30  5.0  0.000189061
30  5.5  0.000113676
30  6.0  7.66629e-05
30  7.0  3.53951e-05
30  7.5  2.48101e-05
30  6.5  5.13088e-05
30  8.0  1.78755e-05
30  8.5  1.302e-05
32  0.2  0.147753
32  0.3  0.152351
30  9.0  9.86088e-06
32  0.4  0.147104
32  0.5  0.133183
30  10.5  4.27164e-06
32  0.6  0.114723
30  9.5  7.1583e-06
32  0.7  0.0971314
30  11.0  3.25011e-06
32  0.8  0.0806124
32  0.9  0.0654032
30  10.0  5.49455e-06
32  1.0  0.0528003
32  1.1  0.0426793
32  1.2  0.0348033
30  11.5  2.53137e-06
32  1.3  0.0276994
32  1.4  0.022885
32  1.5  0.0183647
32  1.6  0.0150026
30  12.0  2.00946e-06
32  1.7  0.0121129
32  1.9  0.00835181
32  1.8  0.0100286
32  2.5  0.00293973
32  2.0  0.00694793
32  3.0  0.00137343
32  5.5  8.42279e-05
32  3.5  0.000700364
32  4.0  0.000382142
32  4.5  0.000215636
32  5.0  0.000130962
32  8.5  9.26527e-06
32  6.0  5.4042e-05
32  9.5  5.23772e-06
32  6.5  3.664e-05
32  7.0  2.48767e-05
32  7.5  1.77465e-05
32  10.5  2.96282e-06
32  8.0  1.26782e-05
4  0.2  0.255218
4  0.3  0.288215
4  0.4  0.295241
32  9.0  6.84043e-06
4  0.6  0.270829
4  0.5  0.290469
4  0.7  0.245318
4  0.8  0.211003
4  0.9  0.184106
4  1.0  0.154627
32  11.0  2.36398e-06
4  1.1  0.129188
4  1.2  0.107346
4  1.3  0.0886233
32  11.5  1.80375e-06
32  10.0  3.88207e-06
4  1.4  0.0729716
4  1.5  0.0603167
4  1.6  0.0491691
4  1.7  0.041262
4  1.8  0.0342492
4  1.9  0.0283975
32  12.0  1.42338e-06
4  2.0  0.0239629
4  2.5  0.00999079
4  3.0  0.00479891
4  3.5  0.00245702
4  4.0  0.00137634
4  6.5  0.000132843
4  4.5  0.000801816
4  7.0  9.24379e-05
4  5.0  0.000487344
4  5.5  0.000301578
4  8.5  3.38721e-05
4  6.0  0.000198308
4  8.0  4.65783e-05
4  9.5  1.88037e-05
4  10.0  1.45055e-05
4  10.5  1.11495e-05
4  7.5  6.48955e-05
6  0.2  0.251361
4  11.0  8.48964e-06
6  0.3  0.287504
6  0.4  0.295073
6  0.5  0.287116
4  9.0  2.5088e-05
6  0.6  0.266123
6  0.7  0.243923
6  0.8  0.212598
6  0.9  0.180149
6  1.0  0.152667
6  1.1  0.128168
6  1.2  0.106845
6  1.3  0.0869729
4  11.5  6.6255e-06
6  1.4  0.0721906
6  1.5  0.0593511
6  1.6  0.0491035
6  1.7  0.0407432
6  1.8  0.0336119
4  12.0  5.233e-06
6  1.9  0.0282718
6  2.0  0.0229688
6  2.5  0.0101444
6  3.0  0.00476943
6  3.5  0.0024766
6  4.0  0.00133278
6  6.5  0.000131765
6  7.0  9.12947e-05
6  4.5  0.000778153
6  5.0  0.000472277
6  5.5  0.000302058
6  6.0  0.000196279
6  8.0  4.5898e-05
6  9.5  1.86714e-05
6  10.0  1.42069e-05
6  7.5  6.5662e-05
6  10.5  1.08616e-05
6  8.5  3.36248e-05
8  0.2  0.253133
8  0.3  0.28377
6  11.0  8.43279e-06
6  9.0  2.48116e-05
8  0.4  0.294418
8  0.5  0.286821
8  0.6  0.270471
8  0.7  0.23887
8  0.8  0.210681
8  0.9  0.181406
8  1.1  0.125934
8  1.0  0.152469
8  1.2  0.105409
8  1.3  0.0868139
8  1.5  0.0586565
8  1.4  0.0718221
8  1.6  0.0485831
8  1.7  0.0393386
8  1.8  0.0333632
6  12.0  5.25955e-06
8  1.9  0.0278556
8  2.0  0.023231
8  2.5  0.00999955
6  11.5  6.53201e-06
8  3.0  0.00467998
8  3.5  0.00239592
8  6.5  0.000129735
8  4.5  0.000784145
8  4.0  0.00131999
8  5.0  0.00047348
8  5.5  0.000293899
8  7.0  8.98473e-05
8  8.5  3.36513e-05
8  6.0  0.000192548
8  9.5  1.84244e-05
8  10.0  1.40055e-05
8  7.5  6.32396e-05
8  10.5  1.0722e-05
8  8.0  4.53775e-05
8  11.0  8.29397e-06
8  9.0  2.44703e-05
8  11.5  6.47529e-06
8  12.0  4.99337e-06
