# diffractive D0 cross section, Pb target, HymnD fragmentation, An0n channel
# generated      : 2026-08-20 10:22:43 EEST
# calls          : 1e5 (VEGAS calls per point, see CALLS_EXCL/CALLS_EXCL_FACTORIZED/CALLS_DIFF)
# dipole samples : data/Pb/mve/glauber_mve_<b>
# pD0 sweep      : 0.2 0.3 0.4 0.5 0.6 0.7 0.8 0.9 1.0 1.1 1.2 1.3 1.4 1.5 1.6 1.7 1.8 1.9 2.0 2.5 3.0 3.5 4.0 4.5 5.0 5.5 6.0 6.5 7.0 7.5 8.0 8.5 9.0 9.5 10.0 10.5 11.0 11.5 12.0
# fixed rapidity y : -1.0
# ============================================================
# b  pD0  dsigma_dyd2pD0
0  0.2  0.611338
0  0.3  0.900658
0  0.5  1.25734
0  0.4  1.13522
0  0.6  1.26155
0  0.8  1.05365
0  0.7  1.1985
0  0.9  0.914121
0  1.0  0.787915
0  1.1  0.65465
0  1.5  0.299233
0  1.3  0.445074
0  1.2  0.543163
0  1.4  0.364859
0  1.6  0.248525
0  1.7  0.204595
0  1.8  0.169394
0  2.0  0.116612
0  1.9  0.140246
0  2.5  0.0492274
0  3.5  0.0113196
0  3.0  0.0226655
0  4.0  0.00604888
0  4.5  0.00354607
0  5.0  0.00208152
0  5.5  0.00128827
0  6.0  0.000848093
0  8.0  0.000182763
0  6.5  0.000547391
0  7.0  0.000370529
0  7.5  0.000258034
0  9.0  9.51102e-05
0  8.5  0.000130846
0  9.5  7.06993e-05
0  10.0  5.24628e-05
10  0.2  0.60506
0  11.0  2.99724e-05
0  10.5  3.98865e-05
0  11.5  2.33779e-05
10  0.3  0.888226
0  12.0  1.82388e-05
10  0.4  1.11129
10  0.5  1.24852
10  0.6  1.25153
10  0.7  1.14171
10  0.8  1.0363
10  0.9  0.886714
10  1.0  0.751656
10  1.1  0.629937
10  1.2  0.520645
10  1.3  0.428012
10  1.4  0.352894
10  1.5  0.289894
10  1.6  0.232832
10  1.8  0.15943
10  1.7  0.195993
10  2.0  0.110319
10  1.9  0.134221
10  2.5  0.0472192
10  3.0  0.0219786
10  3.5  0.0108137
10  4.0  0.00590122
10  5.0  0.00201274
10  5.5  0.00122181
10  4.5  0.00329835
10  6.0  0.000790748
10  6.5  0.000523133
10  8.0  0.000172413
10  7.0  0.000356443
10  7.5  0.000245233
10  8.5  0.000123802
10  9.0  9.08611e-05
10  9.5  6.67921e-05
10  10.0  4.90039e-05
10  11.5  2.22419e-05
12  0.2  0.601054
10  11.0  2.91539e-05
12  0.3  0.884176
12  0.4  1.11782
10  10.5  3.81357e-05
12  0.5  1.20615
10  12.0  1.74242e-05
12  0.6  1.23518
12  0.7  1.1437
12  0.8  1.01802
12  0.9  0.878914
12  1.0  0.742354
12  1.1  0.620805
12  1.2  0.511043
12  1.3  0.422027
12  1.4  0.345775
12  1.5  0.285558
12  1.6  0.233093
12  1.7  0.191083
12  1.8  0.15912
12  1.9  0.131145
12  2.0  0.108673
12  2.5  0.04606
12  3.0  0.0213767
12  3.5  0.0105388
12  4.0  0.00575306
12  5.0  0.00192948
12  5.5  0.00119919
12  4.5  0.00330312
12  6.0  0.000779794
12  7.5  0.000240297
12  6.5  0.000517924
12  7.0  0.000349642
12  8.0  0.000171547
12  8.5  0.000121242
12  9.5  6.57747e-05
12  9.0  8.97416e-05
12  10.5  3.69863e-05
12  10.0  4.88488e-05
12  11.5  2.15412e-05
14  0.2  0.594261
14  0.3  0.879355
12  11.0  2.84598e-05
14  0.4  1.10693
14  0.5  1.21189
14  0.6  1.19956
12  12.0  1.67743e-05
14  0.7  1.13286
14  0.8  1.00115
14  0.9  0.866357
14  1.0  0.721023
14  1.1  0.605373
14  1.2  0.499238
14  1.3  0.409139
14  1.4  0.334262
14  1.5  0.277095
14  1.6  0.226893
14  1.7  0.187009
14  1.8  0.154209
14  1.9  0.125296
14  2.0  0.10556
14  2.5  0.0441196
14  3.0  0.0205517
14  3.5  0.010223
14  4.0  0.00551649
14  4.5  0.00320007
14  5.0  0.00190714
14  5.5  0.00116628
14  6.0  0.000748108
14  7.5  0.000238043
14  6.5  0.000496131
14  7.0  0.000336581
14  8.0  0.000163982
14  9.5  6.33154e-05
14  10.0  4.74032e-05
14  8.5  0.000117713
14  9.0  8.617e-05
14  11.5  2.08004e-05
16  0.2  0.589247
14  12.0  1.59971e-05
16  0.3  0.875617
16  0.4  1.08038
14  11.0  2.72497e-05
14  10.5  3.61285e-05
16  0.5  1.20487
16  0.6  1.18667
16  0.7  1.10303
16  0.8  0.981251
16  0.9  0.834524
16  1.1  0.589097
16  1.0  0.709282
16  1.2  0.485589
16  1.3  0.398032
16  1.4  0.327038
16  1.5  0.269101
16  1.6  0.219345
16  1.7  0.180183
16  1.8  0.148586
16  1.9  0.123139
16  2.0  0.102648
16  2.5  0.0429063
16  3.0  0.0197789
16  3.5  0.00985068
16  4.0  0.00537376
16  4.5  0.00300716
16  5.0  0.00184434
16  5.5  0.00114425
16  6.0  0.000719739
16  7.5  0.000229072
16  6.5  0.000485425
16  7.0  0.000330544
16  8.0  0.00015783
16  9.5  6.08633e-05
16  10.0  4.61523e-05
16  8.5  0.000114581
16  9.0  8.22454e-05
16  11.5  2.05749e-05
18  0.2  0.583294
16  12.0  1.55348e-05
18  0.3  0.856771
16  11.0  2.64113e-05
18  0.4  1.06883
18  0.5  1.16629
16  10.5  3.48778e-05
18  0.6  1.15701
18  0.7  1.07935
18  0.8  0.943722
18  0.9  0.811423
18  1.0  0.685487
18  1.1  0.568244
18  1.2  0.468323
18  1.3  0.384664
18  1.4  0.31487
18  1.5  0.257896
18  1.6  0.212583
18  1.7  0.173177
18  1.8  0.143175
18  1.9  0.11729
18  2.0  0.0979991
18  2.5  0.0412043
18  3.0  0.019037
18  3.5  0.00942162
18  4.0  0.00507154
18  6.0  0.000691767
18  5.5  0.00106801
18  4.5  0.00294115
18  5.0  0.00171828
18  6.5  0.000454722
18  7.5  0.00021448
18  7.0  0.000309784
18  9.0  7.93259e-05
18  8.0  0.000151364
18  8.5  0.000109952
18  10.0  4.42671e-05
18  9.5  5.90522e-05
18  11.5  1.93673e-05
18  11.0  2.51465e-05
2  0.2  0.609935
2  0.3  0.905241
18  12.0  1.50275e-05
18  10.5  3.29602e-05
2  0.4  1.13179
2  0.5  1.26541
2  0.6  1.27986
2  0.7  1.16013
2  0.8  1.0448
2  0.9  0.925933
2  1.0  0.785535
2  1.1  0.656766
2  1.2  0.544241
2  1.3  0.44712
2  1.4  0.364777
2  1.5  0.301345
2  1.6  0.245413
2  1.7  0.205338
2  1.9  0.139032
2  1.8  0.168827
2  2.0  0.113714
2  2.5  0.0488903
2  3.0  0.0224845
2  3.5  0.0112375
2  4.0  0.006186
2  4.5  0.00346073
2  5.0  0.00211764
2  5.5  0.00128962
2  6.5  0.000547505
2  6.0  0.00082857
2  8.0  0.000180784
2  7.0  0.000371235
2  7.5  0.000259073
2  9.0  9.44788e-05
2  8.5  0.000129835
2  9.5  7.03545e-05
2  10.0  5.26993e-05
20  0.2  0.562493
2  11.0  3.02952e-05
20  0.3  0.838542
2  11.5  2.33056e-05
2  10.5  3.96142e-05
20  0.4  1.04827
20  0.5  1.13575
20  0.6  1.12804
20  0.7  1.03612
2  12.0  1.83209e-05
20  0.8  0.912346
20  0.9  0.784532
20  1.0  0.656265
20  1.1  0.54195
20  1.2  0.44381
20  1.4  0.296558
20  1.3  0.365498
20  1.5  0.246204
20  1.7  0.161347
20  1.6  0.194891
20  1.8  0.135882
20  1.9  0.112081
20  2.5  0.0389745
20  2.0  0.0924492
20  3.5  0.00901948
20  3.0  0.017757
20  4.0  0.00490337
20  4.5  0.00276786
20  5.0  0.00162715
20  6.0  0.000651295
20  5.5  0.00102476
20  6.5  0.000429863
20  7.5  0.000201965
20  8.0  0.000143168
20  7.0  0.00028961
20  9.0  7.43978e-05
20  10.0  4.08069e-05
20  8.5  0.000104067
20  9.5  5.452e-05
20  11.5  1.84352e-05
22  0.2  0.562314
20  10.5  3.07534e-05
22  0.3  0.824631
20  12.0  1.42002e-05
22  0.4  1.02115
22  0.5  1.10906
22  0.6  1.07715
22  0.7  0.99482
22  0.8  0.868293
22  0.9  0.734326
22  1.0  0.620457
20  11.0  2.40977e-05
22  1.1  0.5111
22  1.2  0.420709
22  1.3  0.34366
22  1.4  0.278085
22  1.6  0.182119
22  1.5  0.229466
22  1.7  0.15303
22  1.8  0.127857
22  1.9  0.105348
22  2.0  0.0868316
22  2.5  0.036103
22  3.0  0.0166602
22  3.5  0.00825018
22  4.0  0.00449725
22  6.0  0.000604091
22  4.5  0.00258667
22  5.0  0.00151484
22  5.5  0.000937755
22  6.5  0.000404076
22  8.0  0.000132704
22  7.0  0.000271657
22  7.5  0.000191184
22  9.5  5.19857e-05
22  10.0  3.86863e-05
22  8.5  9.53187e-05
22  9.0  7.07581e-05
22  10.5  2.7832e-05
24  0.2  0.54101
24  0.3  0.794118
22  11.0  2.21105e-05
24  0.4  0.985714
24  0.5  1.06169
24  0.6  1.03238
24  0.7  0.933346
24  0.8  0.81838
24  0.9  0.694566
24  1.0  0.576583
24  1.2  0.384873
24  1.1  0.47243
24  1.3  0.313717
24  1.4  0.257061
24  1.5  0.210845
24  1.6  0.169804
24  1.7  0.141816
24  1.8  0.115749
24  1.9  0.0958389
24  2.0  0.0799121
24  2.5  0.0334253
22  11.5  1.69239e-05
24  3.0  0.0152766
24  3.5  0.00752576
22  12.0  1.32e-05
24  4.5  0.00230879
24  4.0  0.00405309
24  5.0  0.00137647
24  5.5  0.000857033
24  6.0  0.000561581
24  6.5  0.000369474
24  7.5  0.000170439
24  7.0  0.000246735
24  9.0  6.42529e-05
24  8.0  0.00012067
24  8.5  8.64687e-05
24  9.5  4.71328e-05
24  10.0  3.4896e-05
24  11.5  1.56626e-05
24  11.0  1.99678e-05
26  0.2  0.531408
26  0.3  0.771152
24  12.0  1.18968e-05
24  10.5  2.65889e-05
26  0.4  0.936229
26  0.5  0.991399
26  0.6  0.955715
26  0.7  0.858624
26  0.8  0.744843
26  0.9  0.621651
26  1.0  0.521386
26  1.1  0.42617
26  1.2  0.347471
26  1.3  0.280905
26  1.4  0.230098
26  1.5  0.188418
26  1.6  0.152236
26  1.7  0.125201
26  1.8  0.0990343
26  1.9  0.0856407
26  2.0  0.0705734
26  2.5  0.0290744
26  3.0  0.0133719
26  3.5  0.00677676
26  4.0  0.00364092
26  4.5  0.00202677
26  5.0  0.00121203
26  5.5  0.000755763
26  6.0  0.000482687
26  6.5  0.000320679
26  7.5  0.000152565
26  8.0  0.000107862
26  7.0  0.000215881
26  8.5  7.76255e-05
26  9.0  5.65315e-05
26  9.5  4.17515e-05
26  10.0  3.01222e-05
28  0.2  0.50287
26  12.0  1.05186e-05
28  0.3  0.726522
26  10.5  2.33449e-05
28  0.4  0.867187
28  0.5  0.900638
28  0.6  0.838673
28  0.7  0.761307
28  0.8  0.651928
26  11.0  1.74352e-05
28  0.9  0.546078
28  1.0  0.451369
28  1.2  0.296981
28  1.1  0.367202
28  1.3  0.24295
28  1.5  0.158252
28  1.4  0.19372
28  1.6  0.129662
28  1.7  0.105039
26  11.5  1.377e-05
28  1.8  0.0869605
28  1.9  0.0723255
28  2.0  0.0590263
28  3.0  0.0113143
28  3.5  0.00564931
28  2.5  0.0242147
28  4.0  0.0030485
28  5.0  0.00101604
28  4.5  0.00172067
28  5.5  0.000642059
28  6.5  0.000273174
28  6.0  0.00041254
28  8.0  8.84147e-05
28  7.5  0.000125946
28  8.5  6.5059e-05
28  7.0  0.00018658
28  9.0  4.53575e-05
28  9.5  3.41242e-05
28  10.5  1.96548e-05
28  10.0  2.54863e-05
30  0.2  0.46868
28  11.5  1.1409e-05
30  0.3  0.655413
30  0.4  0.764548
30  0.5  0.777947
28  12.0  8.8018e-06
30  0.6  0.720413
30  0.7  0.633778
30  0.8  0.532341
30  0.9  0.443876
30  1.0  0.362451
30  1.1  0.294806
30  1.2  0.234828
28  11.0  1.49446e-05
30  1.3  0.194146
30  1.4  0.156179
30  1.5  0.126841
30  1.6  0.102542
30  1.7  0.0836921
30  1.8  0.0693215
30  1.9  0.0564118
30  2.0  0.0461607
30  2.5  0.019247
30  3.0  0.00894526
30  3.5  0.00438891
30  4.5  0.00134055
30  5.0  0.000814069
30  4.0  0.00238007
30  6.0  0.000314858
30  5.5  0.000497057
30  7.5  9.82025e-05
30  6.5  0.000209438
30  7.0  0.000145504
30  8.0  6.92475e-05
30  8.5  5.05477e-05
30  9.0  3.61807e-05
30  9.5  2.68888e-05
30  10.0  1.99568e-05
32  0.2  0.419334
30  11.5  8.97428e-06
32  0.3  0.573596
30  10.5  1.49577e-05
32  0.4  0.635009
30  11.0  1.1252e-05
32  0.5  0.621283
32  0.6  0.557734
32  0.7  0.480681
32  0.8  0.40288
32  0.9  0.32798
32  1.0  0.26946
32  1.1  0.216647
32  1.2  0.172697
32  1.3  0.140159
32  1.4  0.112178
32  1.5  0.0927225
32  1.6  0.0732535
32  1.7  0.0595
32  1.8  0.0492977
32  1.9  0.041153
32  2.0  0.0332739
32  2.5  0.0139716
32  3.0  0.00638432
32  3.5  0.00320762
30  12.0  6.82122e-06
32  5.5  0.000354261
32  4.0  0.00170617
32  4.5  0.000977429
32  5.0  0.000573459
32  6.0  0.000228434
32  8.0  5.04404e-05
32  6.5  0.000153872
32  7.5  6.95488e-05
32  7.0  0.000101145
32  8.5  3.50308e-05
32  9.0  2.57601e-05
32  10.0  1.4219e-05
32  9.5  1.90128e-05
32  11.5  6.32825e-06
32  10.5  1.09689e-05
4  0.2  0.607354
4  0.3  0.897316
4  0.4  1.14078
4  0.5  1.2723
32  12.0  4.90534e-06
4  0.6  1.25633
4  0.7  1.194
4  0.8  1.06427
4  0.9  0.923117
4  1.0  0.780989
4  1.1  0.640112
4  1.2  0.53909
4  1.3  0.443678
4  1.4  0.365464
4  1.5  0.298797
32  11.0  8.19122e-06
4  1.6  0.246172
4  1.8  0.168081
4  1.7  0.203374
4  2.0  0.113673
4  1.9  0.139246
4  2.5  0.0488689
4  3.0  0.0226334
4  3.5  0.0112022
4  4.0  0.00603527
4  4.5  0.00350453
4  5.0  0.00209821
4  5.5  0.00127224
4  6.5  0.000558205
4  6.0  0.000823207
4  8.0  0.000180664
4  7.0  0.000376308
4  7.5  0.000255339
4  9.0  9.51409e-05
4  8.5  0.000127891
4  10.0  5.21289e-05
4  9.5  7.08605e-05
6  0.2  0.607293
4  11.0  3.05317e-05
4  11.5  2.31113e-05
6  0.3  0.891862
6  0.4  1.13063
6  0.5  1.25497
4  10.5  3.94167e-05
6  0.6  1.26174
6  0.7  1.17881
4  12.0  1.79703e-05
6  0.8  1.04658
6  0.9  0.91682
6  1.0  0.775677
6  1.1  0.648927
6  1.2  0.533501
6  1.5  0.296196
6  1.3  0.441082
6  1.4  0.362428
6  1.7  0.199717
6  1.6  0.243354
6  1.8  0.16646
6  2.0  0.115173
6  1.9  0.137414
6  2.5  0.0483324
6  3.5  0.0112532
6  3.0  0.0223898
6  4.0  0.00608902
6  5.5  0.0012913
6  6.0  0.000824114
6  4.5  0.00345424
6  5.0  0.00204621
6  6.5  0.000540381
6  8.0  0.000180168
6  7.0  0.000370372
6  7.5  0.00025207
6  9.0  9.39175e-05
6  8.5  0.000131229
6  10.0  5.1336e-05
6  9.5  7.03549e-05
6  11.5  2.24735e-05
6  11.0  2.96622e-05
8  0.2  0.606467
8  0.3  0.896653
8  0.4  1.11143
6  12.0  1.78345e-05
6  10.5  3.90887e-05
8  0.5  1.24365
8  0.6  1.23576
8  0.7  1.16149
8  0.8  1.0389
8  0.9  0.902763
8  1.0  0.764708
8  1.1  0.639759
8  1.2  0.531569
8  1.3  0.437449
8  1.4  0.359133
8  1.5  0.293913
8  1.6  0.240178
8  1.7  0.199026
8  1.8  0.162824
8  1.9  0.135373
8  2.0  0.113388
8  3.0  0.02189
8  2.5  0.0473218
8  3.5  0.0109927
8  4.0  0.00603981
8  5.5  0.00125228
8  4.5  0.00338444
8  5.0  0.00201164
8  6.0  0.0008195
8  6.5  0.000536161
8  7.0  0.0003594
8  7.5  0.000251733
8  9.0  9.33945e-05
8  8.0  0.000176613
8  9.5  6.88238e-05
8  8.5  0.000123769
8  10.0  5.0914e-05
8  11.5  2.25658e-05
8  11.0  2.91213e-05
8  12.0  1.75556e-05
8  10.5  3.89788e-05
