# exclusive D0 cross section, Pb target, HymnD fragmentation, An0n channel
# generated      : 2026-08-20 10:22:43 EEST
# calls          : 1e5 below 4.0 GeV, 2e3 above (see EXCL_PT_THRESHOLD) (VEGAS calls per point, see CALLS_EXCL/CALLS_EXCL_FACTORIZED/CALLS_DIFF)
# dipole samples : data/Pb/mve/glauber_mve_<b>
# pD0 sweep      : 0.2 0.3 0.4 0.5 0.6 0.7 0.8 0.9 1.0 1.1 1.2 1.3 1.4 1.5 1.6 1.7 1.8 1.9 2.0 2.5 3.0 3.5 4.0 4.5 5.0 5.5 6.0 6.5 7.0 7.5 8.0 8.5 9.0 9.5 10.0 10.5 11.0 11.5 12.0
# fixed rapidity y : 2.0
# ============================================================
# b  pD0  dsigma_dyd2pD0
0  0.2  1.81937
0  0.4  1.1289
0  0.3  1.46189
0  0.5  0.84406
0  0.7  0.442394
0  0.6  0.615999
0  1.0  0.157476
0  0.8  0.314886
0  0.9  0.22301
0  1.2  0.0795873
0  1.1  0.111661
0  1.3  0.0565578
0  1.4  0.0404269
0  1.6  0.0213192
0  1.7  0.0154463
0  1.5  0.029126
0  1.8  0.011123
0  2.0  0.00615796
0  1.9  0.00814868
0  2.5  0.00145133
0  3.0  0.000357425
0  3.5  9.80399e-05
0  5.0  4.64271e-06
0  4.0  3.58857e-05
0  4.5  1.24667e-05
0  5.5  1.83144e-06
0  6.0  7.6704e-07
0  7.0  1.52066e-07
0  6.5  3.32777e-07
0  7.5  7.17095e-08
0  8.0  3.50523e-08
0  9.0  9.20464e-09
0  8.5  1.75973e-08
0  9.5  4.8766e-09
0  10.0  2.65686e-09
10  0.2  1.73841
10  0.3  1.39544
10  0.4  1.07555
10  0.5  0.802154
10  0.6  0.58414
10  0.7  0.418549
0  10.5  1.47809e-09
10  0.8  0.297633
0  11.0  8.38465e-10
10  0.9  0.210089
10  1.0  0.148516
10  1.1  0.104952
10  1.2  0.074541
10  1.3  0.0530682
0  11.5  4.86376e-10
10  1.4  0.0378175
10  1.5  0.027371
10  1.8  0.0106735
10  1.6  0.0194796
10  1.7  0.0141725
10  2.0  0.00566446
10  1.9  0.00761474
10  3.0  0.000342942
10  2.5  0.00137653
10  3.5  9.45593e-05
0  12.0  2.84755e-10
10  4.0  3.29958e-05
10  4.5  1.14114e-05
10  5.0  4.24926e-06
10  5.5  1.67756e-06
10  6.0  6.98636e-07
10  7.0  1.37838e-07
10  6.5  3.04358e-07
10  7.5  6.55074e-08
10  9.0  8.38687e-09
10  8.0  3.20127e-08
10  8.5  1.62108e-08
10  9.5  4.44966e-09
10  10.0  2.419e-09
12  0.2  1.70131
12  0.3  1.3645
12  0.4  1.05028
12  0.5  0.78281
12  0.6  0.569719
10  10.5  1.34632e-09
12  0.7  0.408191
12  0.8  0.289373
12  0.9  0.20421
12  1.0  0.144525
12  1.1  0.101953
12  1.2  0.0721687
12  1.3  0.0512988
12  1.4  0.0367001
12  1.5  0.0262781
12  1.6  0.0189155
10  11.0  7.63842e-10
12  1.8  0.0102275
12  1.7  0.0136846
12  2.0  0.00549493
12  1.9  0.00738273
12  2.5  0.00128676
12  3.0  0.000334967
12  3.5  9.2966e-05
10  11.5  4.40641e-10
10  12.0  2.58945e-10
12  4.0  3.17459e-05
12  4.5  1.09918e-05
12  5.0  4.09247e-06
12  5.5  1.61179e-06
12  6.0  6.70335e-07
12  6.5  2.9179e-07
12  7.0  1.32751e-07
12  7.5  6.27353e-08
12  8.0  3.0653e-08
12  9.0  8.05624e-09
12  8.5  1.54622e-08
12  10.0  2.32141e-09
12  9.5  4.25615e-09
14  0.2  1.65379
14  0.3  1.32582
14  0.4  1.02033
14  0.5  0.760435
12  10.5  1.28771e-09
14  0.6  0.551584
14  0.7  0.394933
14  0.8  0.279853
14  0.9  0.197571
14  1.0  0.139084
14  1.1  0.0983143
14  1.2  0.0696685
14  1.3  0.0494219
14  1.4  0.0353542
14  1.5  0.0252215
14  1.6  0.0180949
14  1.7  0.0133218
14  1.8  0.00981076
14  1.9  0.00722901
12  11.0  7.29286e-10
14  3.0  0.00033073
14  2.0  0.005194
14  2.5  0.00124082
14  3.5  0.000106761
12  11.5  4.21498e-10
12  12.0  2.47542e-10
14  4.0  3.01922e-05
14  4.5  1.04464e-05
14  5.0  3.87743e-06
14  5.5  1.52764e-06
14  6.0  6.35723e-07
14  6.5  2.7684e-07
14  7.0  1.25862e-07
14  7.5  5.94212e-08
14  9.0  7.62746e-09
14  8.0  2.90262e-08
14  9.5  4.05919e-09
14  10.0  2.19693e-09
14  8.5  1.4613e-08
16  0.2  1.59919
16  0.3  1.27962
16  0.5  0.731877
16  0.4  0.983903
16  0.6  0.530878
14  10.5  1.21785e-09
16  0.7  0.379016
16  0.8  0.268296
16  0.9  0.188944
16  1.0  0.133367
16  1.1  0.09384
16  1.3  0.0471236
16  1.2  0.0662177
16  1.4  0.0336139
16  1.5  0.0241836
14  11.0  6.89818e-10
16  1.6  0.0173385
16  1.7  0.0127335
16  1.8  0.0093126
16  1.9  0.00683347
16  2.0  0.00491038
14  11.5  3.98585e-10
16  2.5  0.00117638
16  3.0  0.000284163
16  3.5  8.79355e-05
14  12.0  2.33959e-10
16  4.0  2.84553e-05
16  4.5  9.8115e-06
16  5.0  3.63517e-06
16  5.5  1.43199e-06
16  6.0  5.95765e-07
16  6.5  2.59171e-07
16  7.0  1.17733e-07
16  7.5  5.55943e-08
16  8.0  2.71547e-08
16  9.0  7.10382e-09
16  10.0  2.05164e-09
16  8.5  1.36442e-08
16  9.5  3.76351e-09
18  0.2  1.53127
18  0.3  1.22417
18  0.4  0.940388
18  0.5  0.696764
18  0.6  0.504911
18  0.7  0.36003
18  0.8  0.253986
18  0.9  0.178715
16  10.5  1.13661e-09
18  1.0  0.125911
18  1.1  0.088623
18  1.2  0.0628487
18  1.4  0.0315772
18  1.3  0.0443045
18  1.5  0.0229417
18  1.6  0.0164213
18  1.7  0.0121045
18  1.8  0.00868218
16  11.0  6.44376e-10
18  2.0  0.00464728
18  1.9  0.00624631
18  3.0  0.000265705
18  2.5  0.00108235
18  3.5  8.63845e-05
16  11.5  3.71271e-10
16  12.0  2.1814e-10
18  4.5  9.08532e-06
18  5.0  3.36521e-06
18  4.0  2.62864e-05
18  5.5  1.32167e-06
18  6.0  5.49293e-07
18  6.5  2.38725e-07
18  7.0  1.08444e-07
18  7.5  5.11317e-08
18  8.0  2.49465e-08
18  8.5  1.25499e-08
18  9.0  6.50491e-09
18  9.5  3.4523e-09
18  10.0  1.87571e-09
2  0.2  1.81623
2  0.3  1.45886
2  0.5  0.84229
18  10.5  1.04274e-09
2  0.4  1.12669
2  0.6  0.614763
2  0.7  0.441366
2  0.8  0.313842
2  0.9  0.22237
2  1.0  0.157115
2  1.1  0.111428
2  1.2  0.0792708
2  1.3  0.0563994
2  1.4  0.0403237
18  11.0  5.90617e-10
2  1.6  0.021264
2  1.5  0.029046
2  1.7  0.015443
2  1.8  0.0112484
2  1.9  0.00811514
2  3.0  0.000361713
2  2.0  0.00604523
2  2.5  0.00145919
2  3.5  0.000103053
18  11.5  3.40526e-10
18  12.0  1.99891e-10
2  5.0  4.6275e-06
2  4.0  3.57735e-05
2  4.5  1.24224e-05
2  6.0  7.64453e-07
2  5.5  1.82535e-06
2  6.5  3.31648e-07
2  7.0  1.51013e-07
2  7.5  7.1466e-08
2  9.0  9.17932e-09
2  8.0  3.49312e-08
2  8.5  1.76222e-08
2  9.5  4.8592e-09
2  10.0  2.64719e-09
20  0.2  1.44992
20  0.3  1.15759
2  10.5  1.47125e-09
20  0.4  0.88669
20  0.5  0.656448
20  0.6  0.474377
20  0.7  0.33764
20  0.8  0.238445
20  0.9  0.167111
20  1.0  0.117211
20  1.1  0.0824509
20  1.3  0.0413472
20  1.2  0.0581183
20  1.4  0.0293058
20  1.5  0.0208743
20  1.6  0.014981
20  1.8  0.00807865
20  1.7  0.0107872
2  11.5  4.84653e-10
20  1.9  0.00589012
20  2.0  0.00426845
20  2.5  0.000977711
20  3.0  0.000247197
2  11.0  8.35624e-10
20  3.5  7.81882e-05
2  12.0  2.83723e-10
20  5.0  3.04444e-06
20  4.0  2.38878e-05
20  4.5  8.18994e-06
20  6.0  4.98525e-07
20  5.5  1.19238e-06
20  7.5  4.63571e-08
20  6.5  2.1575e-07
20  7.0  9.77891e-08
20  8.0  2.24482e-08
20  8.5  1.12972e-08
20  9.0  5.81511e-09
20  9.5  3.10405e-09
20  10.0  1.67452e-09
22  0.2  1.35213
22  0.3  1.07717
22  0.4  0.822851
20  10.5  9.36815e-10
22  0.6  0.437689
22  0.5  0.607617
22  0.7  0.310788
22  0.8  0.218402
22  0.9  0.153081
22  1.0  0.106832
22  1.1  0.0750437
22  1.2  0.0527403
22  1.3  0.0373439
20  11.0  5.30034e-10
22  1.5  0.0190048
22  1.4  0.0265086
22  1.6  0.0134564
22  1.7  0.00970403
22  1.8  0.00722879
22  2.0  0.00381075
22  1.9  0.00517008
22  2.5  0.000864308
22  3.0  0.000250612
20  11.5  3.05263e-10
22  3.5  6.34251e-05
20  12.0  1.79184e-10
22  5.0  2.68358e-06
22  6.0  4.38005e-07
22  4.0  2.11544e-05
22  4.5  7.24404e-06
22  5.5  1.0524e-06
22  7.5  4.06209e-08
22  6.5  1.88889e-07
22  7.0  8.57593e-08
22  8.0  1.96436e-08
22  8.5  9.88274e-09
22  10.0  1.47428e-09
22  9.0  5.11135e-09
22  11.0  4.65412e-10
22  9.5  2.71035e-09
24  0.2  1.23282
24  0.3  0.980251
24  0.4  0.746049
24  0.5  0.549388
24  0.6  0.394089
22  10.5  8.16701e-10
24  0.7  0.278695
24  0.8  0.195572
24  0.9  0.136307
24  1.0  0.0948543
24  1.1  0.0663673
24  1.2  0.0467062
24  1.3  0.0328181
24  1.4  0.0235228
24  1.5  0.0165877
24  1.6  0.0119899
24  1.7  0.00869711
24  1.8  0.00610306
24  1.9  0.00447937
24  2.0  0.00338981
24  2.5  0.000732609
24  3.0  0.000198007
24  3.5  5.29389e-05
22  11.5  2.65855e-10
22  12.0  1.55901e-10
24  4.5  6.17598e-06
24  6.0  3.70471e-07
24  4.0  1.79776e-05
24  5.0  2.27598e-06
24  5.5  8.90318e-07
24  7.5  3.4269e-08
24  6.5  1.59642e-07
24  7.0  7.2235e-08
24  9.0  4.31723e-09
24  8.0  1.65236e-08
24  8.5  8.29114e-09
24  9.5  2.26988e-09
24  10.0  1.23114e-09
26  0.2  1.08731
26  0.3  0.861133
26  0.4  0.653153
24  10.5  6.82548e-10
26  0.5  0.478362
26  0.6  0.341715
26  0.7  0.240237
26  0.8  0.167886
26  0.9  0.116576
26  1.0  0.08087
26  1.1  0.0563699
26  1.2  0.0395087
26  1.4  0.0197768
26  1.3  0.0276955
26  1.5  0.0138848
26  1.6  0.00991562
26  1.7  0.00721586
24  11.0  3.85825e-10
26  1.8  0.00510525
26  1.9  0.00373247
26  2.0  0.00277863
26  2.5  0.00062176
26  3.0  0.000159611
26  3.5  4.37582e-05
24  11.5  2.22045e-10
24  12.0  1.3014e-10
26  4.0  1.45714e-05
26  4.5  4.9668e-06
26  5.0  1.82722e-06
26  6.0  2.94501e-07
26  5.5  7.13776e-07
26  6.5  1.27321e-07
26  7.0  5.74313e-08
26  7.5  2.69931e-08
26  8.0  1.31208e-08
26  9.5  1.79384e-09
26  8.5  6.56716e-09
26  9.0  3.37508e-09
26  10.0  9.70116e-10
28  0.2  0.912412
28  0.3  0.71879
26  10.5  5.37393e-10
28  0.4  0.542071
28  0.5  0.39413
28  0.6  0.279995
28  0.7  0.195757
28  0.8  0.135645
26  11.0  3.0361e-10
28  0.9  0.0935201
28  1.0  0.0648506
28  1.1  0.0450371
28  1.2  0.0312951
28  1.3  0.021967
28  1.4  0.0155365
28  1.7  0.00569186
28  1.5  0.0108963
28  1.6  0.00768964
28  1.9  0.00286153
28  1.8  0.00397076
28  2.0  0.00209507
26  11.5  1.74652e-10
28  2.5  0.000489652
28  3.5  3.62849e-05
28  3.0  0.000123031
26  12.0  1.0221e-10
28  5.0  1.35358e-06
28  4.0  1.08839e-05
28  6.0  2.17172e-07
28  4.5  3.69976e-06
28  5.5  5.26174e-07
28  7.0  4.21059e-08
28  6.5  9.32816e-08
28  8.5  4.79776e-09
28  7.5  1.9682e-08
28  8.0  9.52812e-09
28  10.0  7.07154e-10
28  9.0  2.45486e-09
28  9.5  1.29616e-09
30  0.2  0.709378
30  0.3  0.556412
30  0.4  0.415446
30  0.5  0.299629
28  10.5  3.87733e-10
30  0.7  0.14603
30  0.6  0.210884
30  0.9  0.0690777
30  0.8  0.100518
30  1.0  0.0473371
30  1.1  0.0326177
30  1.2  0.0226051
30  1.3  0.0157365
30  1.4  0.0110218
30  1.5  0.00774497
30  1.6  0.00557182
28  11.0  2.18629e-10
30  1.7  0.00389178
30  1.8  0.00279074
30  2.0  0.00148363
30  1.9  0.00204577
30  2.5  0.000335999
30  3.0  8.9144e-05
30  3.5  2.23064e-05
28  11.5  1.25584e-10
28  12.0  7.33657e-11
30  4.5  2.45356e-06
30  5.0  8.90986e-07
30  5.5  3.4403e-07
30  4.0  7.25855e-06
30  6.0  1.41644e-07
30  8.0  6.1532e-09
30  6.5  6.05185e-08
30  7.0  2.71576e-08
30  7.5  1.26841e-08
30  8.5  3.04588e-09
30  9.0  1.56845e-09
30  9.5  8.26908e-10
30  10.0  4.45469e-10
32  0.2  0.497295
32  0.3  0.38622
32  0.4  0.286136
32  0.5  0.203837
30  10.5  2.45812e-10
32  0.6  0.141823
32  0.7  0.0973362
32  0.8  0.0662917
32  0.9  0.0450233
32  1.0  0.0306592
32  1.1  0.0209118
32  1.2  0.01437
32  1.3  0.00992164
32  1.4  0.00687758
32  1.5  0.00486684
30  11.0  1.3826e-10
32  1.6  0.00338795
32  1.7  0.00240413
32  1.8  0.00171569
32  1.9  0.00124408
32  2.0  0.000906202
32  2.5  0.000196382
32  3.0  4.69243e-05
30  11.5  7.93118e-11
32  3.5  1.74703e-05
30  12.0  4.6252e-11
32  4.5  1.39402e-06
32  5.0  5.02316e-07
32  4.0  4.16516e-06
32  5.5  1.92695e-07
32  6.0  7.84004e-08
32  6.5  3.34882e-08
32  7.0  1.49438e-08
32  7.5  6.93344e-09
32  8.0  3.33906e-09
32  8.5  1.65889e-09
32  9.0  8.48861e-10
32  9.5  4.45119e-10
32  11.0  7.38923e-11
32  10.0  2.39598e-10
4  0.2  1.80647
4  0.3  1.45203
4  0.4  1.12094
4  0.5  0.837479
4  0.6  0.610949
4  0.8  0.311443
4  0.7  0.438603
32  10.5  1.31621e-10
4  0.9  0.220438
4  1.0  0.155965
4  1.1  0.11053
4  1.2  0.0786365
4  1.3  0.0560685
4  1.4  0.0399685
4  1.6  0.0211058
4  1.5  0.0287531
4  1.7  0.0156453
4  1.9  0.00807966
4  1.8  0.0110048
4  2.0  0.00600075
4  3.0  0.000362366
4  2.5  0.0014115
4  3.5  0.000114303
32  11.5  4.22309e-11
32  12.0  2.45749e-11
4  5.0  4.58199e-06
4  4.0  3.53455e-05
4  4.5  1.22982e-05
4  6.0  7.56763e-07
4  5.5  1.80686e-06
4  7.0  1.4971e-07
4  6.5  3.28217e-07
4  7.5  7.07329e-08
4  9.0  9.08342e-09
4  8.0  3.45769e-08
4  8.5  1.74351e-08
4  9.5  4.80661e-09
4  10.0  2.61017e-09
6  0.2  1.79099
6  0.3  1.43872
4  10.5  1.45708e-09
6  0.4  1.11027
6  0.5  0.82918
6  0.6  0.60478
6  0.7  0.434138
6  0.8  0.308672
6  0.9  0.218471
6  1.0  0.154176
6  1.1  0.109376
4  11.5  4.79438e-10
6  1.2  0.0776752
6  1.3  0.0552217
6  1.4  0.0395979
6  1.5  0.02853
6  1.7  0.0151072
6  1.6  0.0205032
6  1.8  0.0108204
4  11.0  8.26421e-10
6  1.9  0.00797668
6  2.0  0.0061033
6  2.5  0.0014137
6  3.5  9.48792e-05
6  3.0  0.000395393
4  12.0  2.80577e-10
6  4.0  3.48477e-05
6  4.5  1.21003e-05
6  6.0  7.44135e-07
6  5.0  4.48742e-06
6  5.5  1.77568e-06
6  6.5  3.22598e-07
6  7.0  1.46882e-07
6  7.5  6.95092e-08
6  9.0  8.92245e-09
6  8.0  3.39616e-08
6  9.5  4.742e-09
6  8.5  1.71382e-08
6  10.0  2.5701e-09
8  0.2  1.76692
8  0.3  1.41932
8  0.4  1.09529
6  10.5  1.4308e-09
8  0.5  0.817447
8  0.6  0.595986
8  0.7  0.427601
8  0.8  0.303855
8  0.9  0.214683
8  1.0  0.151942
8  1.1  0.107433
6  11.5  4.70522e-10
6  11.0  8.12165e-10
8  1.2  0.0762914
8  1.3  0.0543229
8  1.4  0.0388268
8  1.6  0.0204249
8  1.5  0.0278708
8  1.7  0.0145241
8  1.8  0.0108894
8  1.9  0.00777885
8  3.0  0.000346546
8  2.0  0.0057873
8  2.5  0.00134822
8  3.5  8.13582e-05
6  12.0  2.7543e-10
8  4.0  3.40432e-05
8  4.5  1.18136e-05
8  5.0  4.38655e-06
8  5.5  1.73214e-06
8  6.0  7.21951e-07
8  6.5  3.14738e-07
8  7.0  1.43236e-07
8  7.5  6.77537e-08
8  9.0  8.70277e-09
8  8.0  3.31101e-08
8  9.5  4.62788e-09
8  8.5  1.67057e-08
8  10.5  1.40471e-09
8  10.0  2.50419e-09
8  11.5  4.58365e-10
8  11.0  7.90812e-10
8  12.0  2.6823e-10
