# exclusive D0 cross section, Pb target, HymnD fragmentation, An0n channel
# generated      : 2026-08-20 10:21:44 EEST
# calls          : 1e5 below 4.0 GeV, 2e3 above (see EXCL_PT_THRESHOLD) (VEGAS calls per point, see CALLS_EXCL/CALLS_EXCL_FACTORIZED/CALLS_DIFF)
# dipole samples : data/Pb/mve/glauber_mve_<b>
# pD0 sweep      : 0.2 0.3 0.4 0.5 0.6 0.7 0.8 0.9 1.0 1.1 1.2 1.3 1.4 1.5 1.6 1.7 1.8 1.9 2.0 2.5 3.0 3.5 4.0 4.5 5.0 5.5 6.0 6.5 7.0 7.5 8.0 8.5 9.0 9.5 10.0 10.5 11.0 11.5 12.0
# fixed rapidity y : 3.0
# ============================================================
# b  pD0  dsigma_dyd2pD0
0  0.3  0.475245
0  0.2  0.617697
0  0.4  0.352394
0  0.5  0.25415
0  0.6  0.179632
0  0.7  0.125286
0  0.8  0.0866694
0  0.9  0.0596161
0  1.1  0.0280737
0  1.0  0.0409297
0  1.3  0.0132342
0  1.2  0.0192232
0  1.4  0.00919165
0  1.5  0.00636328
0  1.7  0.00309041
0  1.6  0.0044264
0  1.8  0.00216852
0  1.9  0.00152111
0  2.0  0.00108851
0  2.5  0.000208245
0  3.5  1.02288e-05
0  3.0  4.44889e-05
0  5.5  7.48831e-08
0  4.0  2.73739e-06
0  4.5  7.66881e-07
0  5.0  2.31012e-07
0  6.0  2.49685e-08
0  6.5  8.86766e-09
0  7.0  3.28519e-09
0  7.5  1.26469e-09
0  8.0  5.06632e-10
0  9.5  3.83033e-11
0  8.5  2.07431e-10
0  9.0  8.77796e-11
0  10.0  1.70094e-11
10  0.2  0.591952
10  0.3  0.454834
0  10.5  7.74412e-12
10  0.4  0.336764
10  0.5  0.242366
10  0.6  0.171187
10  0.7  0.119096
10  0.9  0.0562884
10  0.8  0.0821803
10  1.0  0.0385975
10  1.1  0.0264179
0  11.0  3.59514e-12
10  1.2  0.0181159
10  1.3  0.0124512
10  1.4  0.00858782
10  1.5  0.0059232
10  1.6  0.00409855
10  1.7  0.002896
10  1.8  0.00201539
10  1.9  0.00141788
10  2.0  0.00102632
10  2.5  0.000192169
0  11.5  1.70457e-12
10  3.5  9.91014e-06
10  3.0  4.09593e-05
0  12.0  8.19844e-13
10  4.5  7.09641e-07
10  4.0  2.52657e-06
10  5.0  2.12471e-07
10  5.5  6.79201e-08
10  6.0  2.29148e-08
10  6.5  8.06583e-09
10  7.0  3.00614e-09
10  7.5  1.15751e-09
10  8.0  4.60843e-10
10  9.5  3.50011e-11
10  8.5  1.89624e-10
10  10.0  1.56166e-11
10  9.0  8.02655e-11
12  0.2  0.58008
10  10.5  7.06339e-12
12  0.3  0.445385
12  0.4  0.329491
12  0.5  0.237045
12  0.6  0.167189
12  0.7  0.116297
12  0.8  0.0801864
12  0.9  0.0548311
12  1.0  0.0375907
12  1.1  0.0256972
12  1.2  0.0176169
10  11.0  3.27824e-12
12  1.3  0.0121007
12  1.4  0.00833449
12  1.5  0.00575497
12  1.7  0.00280321
12  1.8  0.00195458
12  1.6  0.00397574
12  2.0  0.000991901
12  1.9  0.0013689
12  2.5  0.000189176
12  3.0  3.88876e-05
10  12.0  7.48148e-13
12  3.5  9.27478e-06
10  11.5  1.55311e-12
12  4.0  2.45435e-06
12  4.5  6.79714e-07
12  5.0  2.04146e-07
12  5.5  6.52077e-08
12  6.0  2.20094e-08
12  7.0  2.89495e-09
12  6.5  7.80203e-09
12  7.5  1.11019e-09
12  8.0  4.41559e-10
12  8.5  1.81682e-10
12  9.5  3.34527e-11
12  10.0  1.48849e-11
12  9.0  7.68622e-11
14  0.2  0.565368
14  0.3  0.433346
14  0.4  0.320684
14  0.5  0.230346
12  10.5  6.75998e-12
14  0.6  0.162367
14  0.7  0.112834
14  0.9  0.0530565
14  0.8  0.0776604
14  1.0  0.0363596
14  1.1  0.0248179
12  11.0  3.13721e-12
14  1.2  0.0169975
14  1.4  0.00808023
14  1.3  0.0116899
14  1.5  0.00552675
14  1.7  0.0026797
14  1.6  0.00382952
14  1.8  0.00187234
14  1.9  0.00131992
14  2.0  0.000950249
14  2.5  0.000176754
12  11.5  1.4859e-12
14  3.0  3.55193e-05
14  3.5  9.15807e-06
14  4.0  2.33452e-06
12  12.0  7.15463e-13
14  4.5  6.47234e-07
14  5.0  1.94198e-07
14  5.5  6.19818e-08
14  6.0  2.09012e-08
14  6.5  7.40307e-09
14  7.0  2.7363e-09
14  8.5  1.72826e-10
14  7.5  1.05295e-09
14  9.0  7.30895e-11
14  8.0  4.189e-10
14  10.0  1.41031e-11
14  9.5  3.16055e-11
16  0.2  0.547593
16  0.3  0.419544
16  0.4  0.309794
16  0.5  0.222334
16  0.6  0.156452
14  10.5  6.39913e-12
16  0.7  0.108631
16  0.9  0.0510157
16  0.8  0.0746745
16  1.0  0.0348781
16  1.1  0.0238092
16  1.2  0.0162602
16  1.4  0.00773187
16  1.3  0.0111719
14  11.0  2.9685e-12
16  1.5  0.00531254
16  1.6  0.00365481
16  1.7  0.00255328
16  1.9  0.00125294
16  2.0  0.000902921
16  1.8  0.00178335
16  3.0  3.30858e-05
16  2.5  0.000168579
16  3.5  9.04048e-06
14  11.5  1.40602e-12
14  12.0  6.75635e-13
16  4.0  2.18413e-06
16  4.5  6.09232e-07
16  5.0  1.8253e-07
16  5.5  5.82103e-08
16  6.0  1.96254e-08
16  6.5  6.93976e-09
16  7.0  2.56454e-09
16  7.5  9.85772e-10
16  8.0  3.92216e-10
16  8.5  1.611e-10
16  10.0  1.31699e-11
16  9.0  6.80606e-11
16  9.5  2.95884e-11
18  0.2  0.526013
18  0.3  0.402506
18  0.4  0.296814
18  0.5  0.212812
18  0.6  0.149474
18  0.7  0.103475
16  10.5  5.97702e-12
18  0.8  0.0710948
18  0.9  0.0485241
18  1.0  0.0331056
18  1.1  0.0225762
18  1.2  0.0153821
18  1.3  0.0105563
18  1.4  0.00728132
18  1.5  0.00500006
18  1.6  0.00347062
16  11.0  2.77115e-12
18  1.7  0.00240449
18  1.8  0.00168175
18  2.0  0.000838135
18  1.9  0.0011799
16  11.5  1.31176e-12
18  3.0  3.07129e-05
18  2.5  0.000160234
18  3.5  8.81e-06
16  12.0  6.31397e-13
18  5.5  5.44677e-08
18  4.0  2.02696e-06
18  4.5  5.64403e-07
18  5.0  1.68997e-07
18  6.0  1.81478e-08
18  6.5  6.40748e-09
18  7.0  2.36563e-09
18  8.5  1.48932e-10
18  7.5  9.08987e-10
18  9.0  6.29184e-11
18  8.0  3.61309e-10
18  10.0  1.21835e-11
18  9.5  2.71464e-11
2  0.2  0.616718
2  0.3  0.474456
2  0.4  0.351722
18  10.5  5.48903e-12
2  0.5  0.253696
2  0.6  0.179295
2  0.7  0.125045
2  0.8  0.0864302
2  0.9  0.0595277
2  1.1  0.028015
2  1.0  0.0408425
18  11.0  2.547e-12
2  1.2  0.0191817
2  1.4  0.00917015
2  1.3  0.0132059
2  1.5  0.0063474
2  1.7  0.00308276
2  1.6  0.00441603
2  1.8  0.00214362
2  1.9  0.0015168
2  2.0  0.0010815
2  2.5  0.000207488
2  3.5  1.01282e-05
2  3.0  4.43553e-05
18  11.5  1.20457e-12
18  12.0  5.79712e-13
2  5.5  7.46584e-08
2  4.0  2.72917e-06
2  4.5  7.64494e-07
2  5.0  2.30278e-07
2  6.0  2.49444e-08
2  6.5  8.83706e-09
2  7.0  3.26677e-09
2  7.5  1.26043e-09
2  8.0  5.02046e-10
2  9.5  3.81465e-11
2  8.5  2.06822e-10
2  9.0  8.75254e-11
2  10.0  1.69444e-11
20  0.2  0.499761
2  10.5  7.7175e-12
20  0.3  0.381861
20  0.4  0.28106
20  0.5  0.201051
20  0.6  0.14101
20  0.7  0.0974523
20  0.8  0.0668481
20  0.9  0.045536
20  1.0  0.0310341
20  1.1  0.0210577
20  1.2  0.0143904
20  1.3  0.00985395
2  11.0  3.57594e-12
20  1.4  0.00677827
20  1.5  0.0046289
20  1.6  0.00319162
20  1.7  0.00223261
20  1.8  0.00159214
20  2.0  0.00078427
20  1.9  0.00108609
2  11.5  1.69836e-12
20  2.5  0.000146965
20  3.0  3.09362e-05
2  12.0  8.18374e-13
20  3.5  7.91769e-06
20  4.0  1.84745e-06
20  4.5  5.13588e-07
20  5.0  1.53466e-07
20  5.5  4.8838e-08
20  6.0  1.64305e-08
20  6.5  5.79898e-09
20  7.0  2.14275e-09
20  7.5  8.19872e-10
20  9.0  5.67041e-11
20  8.0  3.26223e-10
20  8.5  1.33815e-10
20  9.5  2.44811e-11
20  11.0  2.29905e-12
22  0.2  0.468418
20  10.0  1.08812e-11
22  0.3  0.357041
22  0.4  0.26229
22  0.5  0.187128
22  0.6  0.13093
22  0.7  0.0902862
20  10.5  4.94124e-12
22  0.8  0.0616969
22  0.9  0.042025
22  1.0  0.0285177
22  1.1  0.01939
22  1.3  0.00899135
20  11.5  1.08202e-12
22  1.2  0.013146
22  1.5  0.00423832
22  1.4  0.00612541
22  1.6  0.00289739
22  1.7  0.00205296
22  1.8  0.00140498
22  2.0  0.000701141
22  1.9  0.00098001
22  2.5  0.000129722
22  3.0  2.67405e-05
22  3.5  6.3168e-06
22  4.5  4.6074e-07
20  12.0  5.20364e-13
22  4.0  1.64209e-06
22  5.0  1.35795e-07
22  5.5  4.31664e-08
22  6.0  1.44723e-08
22  6.5  5.10535e-09
22  7.0  1.88263e-09
22  7.5  7.20919e-10
22  8.0  2.86045e-10
22  8.5  1.17353e-10
22  9.0  4.94787e-11
22  9.5  2.1418e-11
22  10.0  9.50689e-12
24  0.2  0.429579
24  0.3  0.326762
24  0.4  0.239349
24  0.5  0.170205
24  0.6  0.118664
24  0.7  0.0815776
24  0.8  0.0555579
24  0.9  0.0376684
22  10.5  4.31794e-12
24  1.1  0.0172416
24  1.0  0.0255486
24  1.2  0.011763
24  1.3  0.0079618
24  1.4  0.00542107
24  1.5  0.00372702
24  1.6  0.00256772
22  11.0  1.99923e-12
24  1.7  0.00180989
24  1.9  0.000862711
24  1.8  0.00124048
24  2.0  0.000614455
24  2.5  0.00011485
22  11.5  9.44673e-13
24  3.0  2.34087e-05
24  3.5  5.62116e-06
22  12.0  4.53322e-13
24  4.0  1.40723e-06
24  4.5  3.8887e-07
24  5.0  1.15809e-07
24  5.5  3.67192e-08
24  6.0  1.22926e-08
24  6.5  4.32648e-09
24  7.0  1.5933e-09
24  7.5  6.09284e-10
24  8.0  2.41179e-10
24  8.5  9.87941e-11
24  10.0  8.03283e-12
24  9.0  4.16959e-11
24  9.5  1.80194e-11
24  11.0  1.68142e-12
26  0.2  0.382161
26  0.3  0.289693
26  0.4  0.21129
26  0.5  0.149724
26  0.6  0.103884
26  0.7  0.0711228
26  0.8  0.0482825
26  0.9  0.032625
26  1.0  0.021968
24  10.5  3.66153e-12
26  1.1  0.0148041
26  1.2  0.0100486
26  1.3  0.00678431
26  1.4  0.00462428
26  1.5  0.0031506
26  1.6  0.00216422
26  1.7  0.00149974
26  1.8  0.00104352
26  2.0  0.000519103
26  1.9  0.000723928
26  2.5  8.91169e-05
26  3.0  1.83004e-05
26  3.5  4.19182e-06
24  11.5  7.91769e-13
24  12.0  3.79708e-13
26  4.0  1.14545e-06
26  4.5  3.15485e-07
26  5.0  9.35489e-08
26  5.5  2.95874e-08
26  6.0  9.87356e-09
26  6.5  3.47482e-09
26  7.0  1.27351e-09
26  7.5  4.86475e-10
26  8.0  1.92291e-10
26  8.5  7.85593e-11
26  10.0  6.34594e-12
26  9.0  3.30765e-11
26  9.5  1.42964e-11
28  0.2  0.324136
28  0.3  0.244763
28  0.4  0.177508
28  0.5  0.125044
28  0.6  0.0862639
26  10.5  2.86684e-12
28  0.7  0.0587309
28  0.9  0.0266396
28  0.8  0.0396204
28  1.0  0.0178285
28  1.1  0.0119708
28  1.2  0.00805511
28  1.3  0.00542901
28  1.4  0.00371641
26  11.0  1.3246e-12
28  1.5  0.00251101
28  1.6  0.00172373
28  1.7  0.00120446
28  1.8  0.000819285
28  1.9  0.000567005
26  11.5  6.24858e-13
28  2.5  7.2684e-05
28  2.0  0.00039878
28  3.0  1.52228e-05
28  3.5  3.18608e-06
26  12.0  3.00588e-13
28  4.0  8.63753e-07
28  4.5  2.3689e-07
28  5.0  6.98545e-08
28  5.5  2.19995e-08
28  6.0  7.31559e-09
28  6.5  2.56106e-09
28  7.0  9.37477e-10
28  7.5  3.57162e-10
28  9.5  1.04478e-11
28  8.0  1.40759e-10
28  8.5  5.73995e-11
28  9.0  2.4098e-11
28  10.5  2.08133e-12
28  11.5  4.52687e-13
30  0.2  0.256306
28  10.0  4.57327e-12
30  0.3  0.192196
30  0.4  0.138388
30  0.5  0.0968083
30  0.6  0.0662552
30  0.7  0.044727
30  0.8  0.0299552
30  0.9  0.0199676
30  1.0  0.0132898
30  1.1  0.00886275
30  1.2  0.00592594
30  1.3  0.00397798
28  11.0  9.58473e-13
28  12.0  2.16775e-13
30  1.4  0.00267831
30  1.5  0.00181412
30  1.6  0.00123663
30  1.8  0.00059413
30  1.7  0.000850757
30  1.9  0.000405738
30  2.0  0.000284296
30  2.5  5.22719e-05
30  3.0  1.06699e-05
30  3.5  2.57601e-06
30  4.0  5.83308e-07
30  4.5  1.58594e-07
30  5.0  4.65371e-08
30  5.5  1.45413e-08
30  6.5  1.68587e-09
30  6.0  4.82034e-09
30  7.0  6.12021e-10
30  7.5  2.32072e-10
30  9.0  1.55463e-11
30  8.0  9.1185e-11
30  8.5  3.71017e-11
30  10.5  1.3289e-12
30  9.5  6.68032e-12
30  10.0  2.94448e-12
32  0.2  0.183961
32  0.3  0.13676
32  0.4  0.0975687
32  0.5  0.0674878
32  0.6  0.0456983
32  0.7  0.030566
32  0.8  0.0202956
32  0.9  0.0134219
32  1.1  0.00586377
32  1.0  0.00882609
32  1.2  0.00387509
32  1.3  0.00258559
30  11.0  6.11337e-13
32  1.4  0.00172896
32  1.5  0.00116013
32  1.6  0.000793442
32  1.7  0.000552577
32  1.9  0.000258415
32  1.8  0.000372875
32  2.0  0.000176708
32  2.5  3.04494e-05
32  3.5  1.33295e-06
32  3.0  6.12117e-06
30  11.5  2.86795e-13
30  12.0  1.37056e-13
32  4.0  3.40967e-07
32  4.5  9.15567e-08
32  5.0  2.6649e-08
32  5.5  8.27194e-09
32  6.0  2.72077e-09
32  6.5  9.42663e-10
32  7.0  3.41304e-10
32  8.0  5.08915e-11
32  7.5  1.28883e-10
32  8.5  2.05112e-11
32  9.0  8.53104e-12
32  9.5  3.63661e-12
32  11.0  3.3296e-13
32  10.0  1.59917e-12
4  0.2  0.613646
4  0.3  0.472061
4  0.4  0.349941
4  0.5  0.252355
4  0.6  0.178125
4  0.7  0.124318
32  12.0  7.40751e-14
32  10.5  7.18875e-13
4  0.8  0.0859828
4  0.9  0.0591396
4  1.0  0.040607
4  1.1  0.0278368
4  1.2  0.0191342
4  1.4  0.00910303
4  1.3  0.0131033
4  1.5  0.0062987
4  1.6  0.00434225
4  1.7  0.0030599
4  1.8  0.00212921
4  1.9  0.00150835
4  2.0  0.00107339
4  2.5  0.000202715
4  3.0  4.50634e-05
32  11.5  1.54534e-13
4  3.5  1.01048e-05
4  5.5  7.38444e-08
4  4.0  2.70525e-06
4  4.5  7.57405e-07
4  5.0  2.28098e-07
4  6.0  2.46917e-08
4  7.0  3.24665e-09
4  6.5  8.74848e-09
4  7.5  1.24741e-09
4  8.0  4.96731e-10
4  8.5  2.04732e-10
4  10.0  1.67216e-11
4  9.0  8.65922e-11
4  9.5  3.76511e-11
6  0.2  0.608715
6  0.3  0.468069
6  0.4  0.346847
4  10.5  7.63522e-12
6  0.5  0.250044
6  0.6  0.17644
6  0.7  0.123103
6  0.8  0.0850962
6  0.9  0.0584114
6  1.0  0.0401499
6  1.1  0.0275396
4  11.0  3.54553e-12
6  1.2  0.0188967
6  1.3  0.012961
6  1.5  0.00621498
6  1.4  0.00891998
6  1.6  0.00429035
6  1.7  0.0030212
4  11.5  1.6801e-12
6  1.8  0.00211502
6  1.9  0.0014857
6  2.5  0.000202241
6  2.0  0.001044
6  3.5  1.00562e-05
6  3.0  4.26446e-05
4  12.0  8.08478e-13
6  4.0  2.66322e-06
6  4.5  7.45434e-07
6  5.0  2.24377e-07
6  5.5  7.17463e-08
6  6.0  2.42377e-08
6  6.5  8.60166e-09
6  7.0  3.18489e-09
6  7.5  1.22614e-09
6  8.0  4.88142e-10
6  9.5  3.70964e-11
6  8.5  2.0116e-10
6  9.0  8.47915e-11
6  10.0  1.64755e-11
8  0.2  0.601452
8  0.3  0.462363
6  10.5  7.49998e-12
8  0.5  0.246758
8  0.4  0.342523
8  0.6  0.17411
8  0.7  0.121374
8  0.8  0.0837999
8  0.9  0.0576504
8  1.0  0.0393846
8  1.1  0.0269856
8  1.2  0.0185432
8  1.3  0.0127407
6  11.0  3.48067e-12
8  1.4  0.00876431
8  1.5  0.00610038
8  1.7  0.00296658
8  1.6  0.00420843
8  1.8  0.00206865
8  1.9  0.00145998
8  2.0  0.00103292
8  2.5  0.000198097
8  3.5  1.00678e-05
8  3.0  4.10541e-05
6  11.5  1.65036e-12
6  12.0  7.93382e-13
8  4.0  2.60298e-06
8  4.5  7.28386e-07
8  5.0  2.19176e-07
8  5.5  7.01012e-08
8  6.0  2.36616e-08
8  7.0  3.11165e-09
8  6.5  8.39679e-09
8  7.5  1.19631e-09
8  8.0  4.76388e-10
8  9.5  3.61629e-11
8  8.5  1.96157e-10
8  10.0  1.61173e-11
8  9.0  8.29598e-11
8  10.5  7.30922e-12
8  11.0  3.391e-12
8  11.5  1.6081e-12
8  12.0  7.72957e-13
