# diffractive D0 cross section, Pb target, LHAPDF fragmentation, An0n channel
# generated      : 2026-08-19 15:25:08 EEST
# calls          : 1e5 (VEGAS calls per point, see CALLS_EXCL/CALLS_EXCL_FACTORIZED/CALLS_DIFF)
# dipole samples : data/Pb/bk_posterior/member_0055/glauber_mve_<b>
# pD0 sweep      : 0.2 0.3 0.4 0.5 0.6 0.7 0.8 0.9 1.0 1.1 1.2 1.3 1.4 1.5 1.6 1.7 1.8 1.9 2.0 2.5 3.0 3.5 4.0 4.5 5.0 5.5 6.0 6.5 7.0 7.5 8.0 8.5 9.0 9.5 10.0 10.5 11.0 11.5 12.0
# fixed rapidity y : -1.0
# ============================================================
# b  pD0  dsigma_dyd2pD0
0  0.5  1.16005
0  0.2  0.580129
0  0.4  1.04644
0  0.3  0.837548
0  0.6  1.17142
0  0.9  0.890909
0  0.7  1.11388
0  0.8  1.00734
0  1.0  0.78505
0  1.2  0.557748
0  1.1  0.663765
0  1.3  0.470106
0  1.5  0.323276
0  1.7  0.224168
0  1.4  0.39301
0  1.6  0.272925
0  1.8  0.183993
0  2.0  0.134168
0  1.9  0.160652
0  2.5  0.0606114
0  3.0  0.0294485
0  3.5  0.0154306
0  5.0  0.0031248
0  4.0  0.0085794
0  4.5  0.0050786
0  5.5  0.00199559
0  6.0  0.00131873
0  7.5  0.000440344
0  7.0  0.000626209
0  6.5  0.000896816
0  8.0  0.000318526
0  8.5  0.000233605
0  9.5  0.000131566
0  9.0  0.000172854
0  11.0  5.89881e-05
0  10.0  9.88748e-05
0  10.5  7.61034e-05
10  0.2  0.568746
10  0.3  0.821643
10  0.4  1.02774
10  0.5  1.14409
10  0.6  1.15548
10  0.7  1.09506
10  0.8  0.991827
10  0.9  0.876544
10  1.0  0.745213
10  1.1  0.641056
10  1.2  0.530099
10  1.3  0.448917
10  1.4  0.370573
10  1.5  0.313113
10  1.6  0.256629
10  1.7  0.213552
10  1.8  0.183348
0  12.0  3.59927e-05
10  1.9  0.153582
10  2.0  0.129347
10  2.5  0.0576306
10  3.0  0.0277643
10  3.5  0.0145595
0  11.5  4.60993e-05
10  4.0  0.00818344
10  4.5  0.0048242
10  5.0  0.00298797
10  5.5  0.00189592
10  6.5  0.000856399
10  6.0  0.001256
10  7.5  0.000420863
10  7.0  0.000589943
10  8.5  0.000223388
10  8.0  0.000302078
10  9.0  0.000161933
10  9.5  0.000124301
10  10.5  7.25791e-05
12  0.2  0.567356
10  10.0  9.42839e-05
12  0.3  0.817524
12  0.4  1.01374
12  0.5  1.13484
12  0.6  1.14998
12  0.7  1.08848
12  0.8  0.983756
12  0.9  0.856953
10  11.0  5.61716e-05
12  1.0  0.730043
12  1.1  0.62956
10  11.5  4.38947e-05
12  1.2  0.530393
12  1.3  0.441959
12  1.4  0.368489
12  1.5  0.307148
12  1.6  0.25633
12  1.7  0.210313
12  1.8  0.1792
12  1.9  0.150433
12  2.0  0.126522
12  2.5  0.0563675
12  3.0  0.027234
12  3.5  0.0143514
10  12.0  3.44912e-05
12  4.0  0.00797819
12  4.5  0.0048091
12  5.0  0.00293332
12  5.5  0.00185164
12  6.5  0.000848125
12  6.0  0.00122961
12  8.0  0.000295578
12  7.5  0.000409317
12  7.0  0.000581559
12  8.5  0.000218867
12  9.0  0.000162507
12  10.0  9.29532e-05
12  9.5  0.000120847
12  10.5  7.07355e-05
14  0.2  0.562689
14  0.3  0.812502
14  0.4  1.00786
14  0.5  1.125
14  0.6  1.1146
14  0.7  1.06813
14  0.8  0.959567
14  0.9  0.850233
14  1.0  0.723763
12  11.0  5.45009e-05
14  1.1  0.615181
14  1.2  0.514154
14  1.3  0.429919
14  1.4  0.358735
14  1.5  0.299284
14  1.7  0.205708
14  1.6  0.248746
14  1.8  0.174507
14  1.9  0.146311
14  2.0  0.123405
14  3.0  0.0264881
12  11.5  4.3062e-05
14  2.5  0.0547938
14  3.5  0.0140198
12  12.0  3.37598e-05
14  4.0  0.00776902
14  5.0  0.00282109
14  4.5  0.00466635
14  5.5  0.00184682
14  7.0  0.000577511
14  6.5  0.000796633
14  6.0  0.00120877
14  8.0  0.00028578
14  7.5  0.000398123
14  8.5  0.000209355
14  9.0  0.000158606
14  9.5  0.000119056
14  10.0  8.88284e-05
14  10.5  6.81387e-05
14  11.5  4.14134e-05
16  0.2  0.558733
16  0.3  0.805612
16  0.4  0.998402
16  0.5  1.10533
16  0.6  1.10783
16  0.7  1.04934
16  0.8  0.948646
16  0.9  0.826254
16  1.0  0.710597
16  1.1  0.59971
16  1.2  0.500625
14  11.0  5.27798e-05
16  1.3  0.420729
16  1.4  0.350381
16  1.5  0.288865
16  1.6  0.241946
16  1.7  0.198647
16  1.8  0.167607
16  1.9  0.14174
16  2.0  0.119433
16  3.0  0.0256651
16  2.5  0.0530346
16  3.5  0.0134587
16  4.0  0.00741219
14  12.0  3.23765e-05
16  4.5  0.00447831
16  5.0  0.00274643
16  7.0  0.000541531
16  5.5  0.00173452
16  6.5  0.000791276
16  6.0  0.00114749
16  7.5  0.000388369
16  8.0  0.000277343
16  8.5  0.00020297
16  9.5  0.000112013
16  10.0  8.68085e-05
16  9.0  0.000149972
16  11.5  4.01432e-05
18  0.2  0.550361
18  0.3  0.795417
18  0.4  0.978477
18  0.5  1.07853
16  10.5  6.53669e-05
18  0.6  1.07279
18  0.7  1.02305
18  0.8  0.920086
18  0.9  0.802425
18  1.0  0.681649
16  11.0  5.12905e-05
18  1.1  0.577065
18  1.2  0.480815
18  1.3  0.402985
18  1.5  0.274162
18  1.4  0.33487
18  1.7  0.193096
18  1.6  0.232151
18  1.8  0.160414
18  1.9  0.135912
18  2.5  0.050455
18  2.0  0.11374
18  3.0  0.0244722
18  3.5  0.0127772
16  12.0  3.16648e-05
18  4.5  0.00424164
18  4.0  0.00723569
18  5.0  0.00262215
18  5.5  0.00168694
18  7.0  0.00052144
18  7.5  0.00036538
18  6.5  0.000741663
18  6.0  0.0010979
18  8.0  0.00026347
18  8.5  0.000194393
18  9.5  0.000107675
18  9.0  0.000145724
18  10.0  8.21712e-05
18  10.5  6.3494e-05
18  11.5  3.78159e-05
2  0.2  0.576196
2  0.3  0.831091
2  0.4  1.02702
2  0.5  1.16687
2  0.6  1.16832
2  0.7  1.13003
2  0.8  1.00625
2  0.9  0.892395
2  1.0  0.777754
2  1.1  0.66311
2  1.2  0.557299
2  1.3  0.465411
18  11.0  4.88954e-05
2  1.4  0.390703
2  1.5  0.322082
2  1.7  0.224595
2  1.6  0.272169
2  1.8  0.190182
2  1.9  0.159243
18  12.0  3.02702e-05
2  2.0  0.134808
2  2.5  0.0607194
2  3.0  0.0293846
2  3.5  0.0153703
2  4.0  0.0085901
2  4.5  0.00502974
2  5.0  0.00308824
2  5.5  0.00200147
2  7.5  0.000437877
2  6.0  0.00131272
2  7.0  0.000622367
2  6.5  0.000893782
2  8.0  0.000314439
2  8.5  0.000231991
2  9.0  0.000172169
2  10.0  9.87183e-05
2  9.5  0.000129989
20  0.2  0.542392
20  0.3  0.773342
2  10.5  7.53102e-05
20  0.4  0.965525
20  0.5  1.06351
20  0.6  1.05355
20  0.7  0.986826
20  0.8  0.880482
20  0.9  0.772047
20  1.0  0.656477
20  1.1  0.553864
20  1.2  0.456839
20  1.3  0.384554
2  11.0  5.87472e-05
20  1.4  0.315286
20  1.5  0.262558
20  1.6  0.221835
20  1.7  0.18326
2  12.0  3.65846e-05
20  1.9  0.129176
20  1.8  0.153957
20  2.0  0.108362
20  2.5  0.0472121
20  3.0  0.0231878
20  3.5  0.0120477
2  11.5  4.58955e-05
20  4.0  0.00688138
20  4.5  0.0040402
20  5.0  0.00244493
20  5.5  0.00156678
20  7.0  0.000492316
20  7.5  0.000343937
20  6.5  0.000698881
20  6.0  0.00103858
20  8.5  0.000184491
20  9.5  0.00010232
20  8.0  0.000248821
20  10.0  7.79514e-05
20  9.0  0.000136367
20  10.5  5.96424e-05
22  0.2  0.521192
22  0.3  0.765255
22  0.4  0.941912
22  0.5  1.02489
22  0.6  1.01847
22  0.7  0.94461
20  11.0  4.60689e-05
22  0.8  0.832596
22  0.9  0.732944
22  1.0  0.607798
22  1.1  0.520292
22  1.2  0.435691
22  1.4  0.29831
22  1.3  0.361914
20  11.5  3.56031e-05
20  12.0  2.84177e-05
22  1.6  0.206059
22  1.5  0.249006
22  1.7  0.172068
22  1.8  0.144682
22  1.9  0.11893
22  2.0  0.10211
22  2.5  0.0446368
22  3.0  0.0214425
22  3.5  0.0112
22  4.0  0.00641969
22  4.5  0.00376353
22  5.0  0.00227416
22  5.5  0.00147869
22  7.0  0.000458698
22  6.0  0.000974811
22  6.5  0.000653202
22  7.5  0.000320529
22  8.5  0.000168337
22  8.0  0.000234334
22  9.5  9.60982e-05
22  10.0  7.19214e-05
22  10.5  5.57913e-05
22  9.0  0.000125866
24  0.2  0.516735
24  0.3  0.742953
24  0.4  0.90508
22  11.5  3.38557e-05
24  0.5  0.978278
24  0.6  0.957214
24  0.7  0.892765
24  0.8  0.787349
24  0.9  0.675796
24  1.0  0.57759
24  1.1  0.487428
22  11.0  4.2326e-05
24  1.2  0.403442
24  1.4  0.272935
24  1.3  0.333292
24  1.5  0.228751
24  1.6  0.190509
24  1.7  0.155086
24  1.9  0.109911
24  2.0  0.0900318
24  1.8  0.131424
24  2.5  0.0405562
24  3.0  0.0195415
24  3.5  0.0103922
22  12.0  2.68388e-05
24  4.0  0.00573954
24  4.5  0.00337016
24  5.0  0.00206891
24  5.5  0.00133124
24  7.5  0.000296966
24  6.5  0.000603203
24  6.0  0.000873787
24  8.0  0.000210368
24  8.5  0.000154538
24  7.0  0.000413892
24  9.0  0.000114848
24  9.5  8.69782e-05
24  10.0  6.49729e-05
24  10.5  5.02725e-05
26  0.2  0.492172
26  0.3  0.718274
26  0.4  0.86047
26  0.5  0.91213
26  0.6  0.899379
26  0.7  0.821454
26  0.8  0.723211
26  0.9  0.621807
26  1.0  0.524267
24  11.5  3.03368e-05
26  1.1  0.437067
24  11.0  3.92842e-05
26  1.2  0.363342
26  1.3  0.298903
26  1.4  0.24368
26  1.5  0.199737
26  1.6  0.170027
24  12.0  2.38715e-05
26  1.7  0.140344
26  1.8  0.115982
26  1.9  0.0977781
26  2.0  0.0820538
26  2.5  0.0363247
26  3.5  0.00914496
26  3.0  0.017555
26  4.0  0.00510131
26  4.5  0.00303194
26  5.0  0.00183639
26  5.5  0.00116334
26  7.5  0.000255809
26  6.0  0.000787426
26  6.5  0.000522144
26  7.0  0.000366244
26  8.0  0.000186121
26  10.0  5.87487e-05
26  8.5  0.000137606
26  9.0  0.00010015
26  9.5  7.62814e-05
26  10.5  4.4974e-05
28  0.2  0.47353
28  0.3  0.668857
28  0.4  0.802474
28  0.5  0.839935
28  0.6  0.794763
26  11.5  2.71195e-05
28  0.7  0.730945
26  11.0  3.42485e-05
28  0.8  0.636411
28  0.9  0.541288
28  1.0  0.456193
28  1.1  0.375922
28  1.2  0.312354
28  1.3  0.258095
28  1.4  0.212135
28  1.5  0.167747
28  1.6  0.142876
28  1.7  0.118546
28  1.8  0.0970482
28  1.9  0.0822667
28  2.0  0.0690461
28  2.5  0.0301014
28  3.0  0.014697
28  3.5  0.00779285
26  12.0  2.12036e-05
28  5.0  0.00152565
28  5.5  0.00098658
28  4.0  0.00423366
28  4.5  0.00251525
28  6.0  0.000646955
28  7.5  0.00021789
28  6.5  0.000432176
28  8.0  0.000156935
28  7.0  0.000308704
28  8.5  0.000113481
28  9.0  8.34843e-05
28  10.0  4.81785e-05
28  9.5  6.42989e-05
30  0.2  0.442385
28  10.5  3.76664e-05
30  0.3  0.606759
30  0.4  0.716152
30  0.5  0.734679
30  0.6  0.678249
30  0.7  0.610832
28  12.0  1.76794e-05
30  0.8  0.520951
30  0.9  0.444688
30  1.0  0.369168
28  11.0  2.88174e-05
30  1.1  0.307787
30  1.3  0.205332
30  1.2  0.25122
30  1.4  0.168715
30  1.5  0.13875
30  1.6  0.114812
30  1.7  0.0938687
30  1.8  0.0777101
30  1.9  0.0648111
30  2.0  0.0541383
30  3.5  0.00607035
30  2.5  0.0236015
30  3.0  0.0117064
28  11.5  2.24748e-05
30  4.0  0.0033133
30  5.0  0.00120066
30  4.5  0.00194982
30  5.5  0.000787521
30  6.0  0.000507975
30  7.5  0.00016892
30  6.5  0.00034157
30  7.0  0.000242361
30  8.0  0.00012303
30  9.5  4.95826e-05
30  8.5  8.84518e-05
30  9.0  6.60603e-05
30  11.0  2.27409e-05
30  10.5  2.94818e-05
32  0.2  0.395342
30  11.5  1.78403e-05
30  10.0  3.8047e-05
32  0.3  0.536821
32  0.4  0.594546
32  0.5  0.582825
30  12.0  1.38159e-05
32  0.6  0.536094
32  0.7  0.469937
32  0.8  0.401105
32  0.9  0.331856
32  1.0  0.273648
32  1.2  0.184399
32  1.1  0.22583
32  1.3  0.149937
32  1.4  0.123013
32  1.5  0.100695
32  1.6  0.0822085
32  1.7  0.0681893
32  1.8  0.0568657
32  2.0  0.0400312
32  1.9  0.0470863
32  2.5  0.0173555
32  3.0  0.00817496
32  3.5  0.00436862
32  4.0  0.00242529
32  4.5  0.00142476
32  5.0  0.000865119
32  5.5  0.000552613
32  6.0  0.000362611
32  6.5  0.000249021
32  7.0  0.000168599
32  8.5  6.32513e-05
32  7.5  0.000120345
32  8.0  8.69986e-05
32  9.5  3.6072e-05
32  9.0  4.69684e-05
32  11.0  1.60724e-05
32  10.0  2.66963e-05
34  0.2  0.332044
32  11.5  1.25393e-05
34  0.3  0.425843
34  0.4  0.448746
34  0.5  0.422436
32  10.5  2.10583e-05
34  0.6  0.377863
34  0.7  0.323002
34  0.8  0.26957
34  0.9  0.222473
34  1.0  0.183325
34  1.1  0.152959
34  1.2  0.12083
34  1.3  0.0972217
34  1.5  0.0665031
34  1.4  0.0791433
34  1.7  0.0447441
34  1.6  0.053436
34  1.8  0.0364037
34  1.9  0.0299585
34  2.0  0.0253877
34  2.5  0.0110783
34  3.0  0.00545774
34  3.5  0.00281122
32  12.0  9.82681e-06
34  4.0  0.00153343
34  5.0  0.000554813
34  5.5  0.000349551
34  4.5  0.000923805
34  6.5  0.000161083
34  6.0  0.000232989
34  8.0  5.59499e-05
34  7.0  0.000109103
34  7.5  7.78451e-05
34  8.5  4.04387e-05
34  10.0  1.7177e-05
34  9.0  3.01898e-05
34  9.5  2.28276e-05
34  11.0  1.04682e-05
4  0.2  0.57513
4  0.3  0.82341
4  0.4  1.02666
34  10.5  1.35359e-05
4  0.5  1.15851
4  0.6  1.18439
4  0.7  1.13172
4  0.8  1.02242
4  0.9  0.901778
4  1.0  0.774752
4  1.1  0.653891
4  1.2  0.55263
4  1.3  0.464706
34  12.0  6.26056e-06
4  1.4  0.386787
4  1.5  0.324755
4  1.7  0.227348
4  1.6  0.272312
4  1.8  0.189496
34  11.5  8.19596e-06
4  1.9  0.159034
4  2.0  0.134625
4  2.5  0.0598363
4  3.0  0.0294069
4  3.5  0.01526
4  4.0  0.00857564
4  4.5  0.00503307
4  5.0  0.00313297
4  5.5  0.00196923
4  7.5  0.000444405
4  6.0  0.00131167
4  7.0  0.000617219
4  6.5  0.000895628
4  8.0  0.000314885
4  8.5  0.000230331
4  9.0  0.000170178
4  9.5  0.000127005
4  10.0  9.92376e-05
4  10.5  7.56225e-05
4  11.0  5.76751e-05
6  0.2  0.577032
6  0.3  0.82632
6  0.4  1.04454
6  0.6  1.16819
6  0.5  1.1601
6  0.7  1.12294
6  0.8  1.00175
6  0.9  0.896868
6  1.0  0.775577
6  1.1  0.653302
6  1.2  0.551607
6  1.3  0.461798
6  1.5  0.322947
6  1.4  0.386017
6  1.6  0.270998
6  1.7  0.224554
6  1.8  0.186817
6  1.9  0.15459
6  2.0  0.130674
4  11.5  4.52122e-05
6  2.5  0.0596004
6  3.5  0.0150894
6  3.0  0.0288401
4  12.0  3.58658e-05
6  4.0  0.00857832
6  4.5  0.0049993
6  5.0  0.00311821
6  5.5  0.00197079
6  6.0  0.00131875
6  7.5  0.000431952
6  6.5  0.000878
6  7.0  0.000614082
6  8.5  0.000231215
6  8.0  0.000313665
6  9.5  0.000128004
6  9.0  0.000172211
6  10.0  9.80983e-05
8  0.2  0.572367
6  11.0  5.78454e-05
8  0.3  0.829196
6  10.5  7.44994e-05
8  0.4  1.02596
8  0.5  1.15355
8  0.6  1.16424
8  0.7  1.11174
8  0.8  1.0037
8  0.9  0.860568
6  11.5  4.531e-05
8  1.0  0.768853
8  1.1  0.641265
8  1.2  0.547173
8  1.3  0.457743
8  1.4  0.380211
8  1.6  0.262779
8  1.5  0.317792
8  1.7  0.221936
8  1.8  0.186033
8  1.9  0.155944
6  12.0  3.54718e-05
8  2.5  0.0566204
8  2.0  0.131665
8  3.0  0.0284399
8  3.5  0.0149492
8  5.0  0.00307518
8  4.0  0.00826752
8  4.5  0.00492426
8  5.5  0.00196397
8  6.0  0.00129346
8  7.0  0.000601978
8  6.5  0.000869849
8  7.5  0.000436678
8  8.0  0.000308383
8  8.5  0.000224806
8  9.0  0.000167426
8  9.5  0.000125927
8  10.5  7.29219e-05
8  10.0  9.60292e-05
8  11.5  4.47056e-05
8  11.0  5.78507e-05
8  12.0  3.55055e-05
