# diffractive D0 cross section, Pb target, HymnD fragmentation, An0n channel
# generated      : 2026-08-20 11:03:49 EEST
# calls          : 1e5 (VEGAS calls per point, see CALLS_EXCL/CALLS_EXCL_FACTORIZED/CALLS_DIFF)
# dipole samples : data/Pb/bk_posterior/member_0055/glauber_mve_<b>
# pD0 sweep      : 0.2 0.3 0.4 0.5 0.6 0.7 0.8 0.9 1.0 1.1 1.2 1.3 1.4 1.5 1.6 1.7 1.8 1.9 2.0 2.5 3.0 3.5 4.0 4.5 5.0 5.5 6.0 6.5 7.0 7.5 8.0 8.5 9.0 9.5 10.0 10.5 11.0 11.5 12.0
# fixed rapidity y : -1.0
# ============================================================
# b  pD0  dsigma_dyd2pD0
0  0.4  1.07243
0  0.5  1.17526
0  0.2  0.592795
0  0.3  0.856581
0  0.6  1.19778
0  0.8  1.0301
0  0.7  1.13262
0  0.9  0.903204
0  1.0  0.771404
0  1.2  0.536545
0  1.1  0.650215
0  1.3  0.443137
0  1.4  0.364562
0  1.5  0.30197
0  1.6  0.249052
0  1.7  0.205551
0  1.8  0.171354
0  1.9  0.141484
0  2.0  0.118637
0  3.0  0.0229521
0  2.5  0.0497827
0  3.5  0.0115018
0  4.0  0.00628176
0  4.5  0.00352763
0  5.0  0.00212068
0  5.5  0.00130979
0  6.0  0.000844857
0  7.0  0.000378996
0  8.5  0.000134559
0  6.5  0.000570641
0  7.5  0.000267051
0  8.0  0.000187816
0  10.0  5.36512e-05
0  9.5  7.20471e-05
0  9.0  9.62218e-05
0  11.0  3.0324e-05
0  10.5  3.97796e-05
10  0.2  0.588878
10  0.3  0.843605
10  0.4  1.05438
10  0.5  1.16429
10  0.6  1.18559
10  0.7  1.09595
10  0.8  0.986054
10  0.9  0.868402
10  1.0  0.747901
10  1.1  0.627776
10  1.2  0.519016
10  1.3  0.427285
10  1.4  0.352479
10  1.5  0.289161
10  1.6  0.238198
10  1.7  0.196081
10  1.8  0.162579
10  1.9  0.136505
10  2.0  0.112015
0  11.5  2.4019e-05
10  2.5  0.0474016
10  3.5  0.0110835
10  3.0  0.0219902
0  12.0  1.83684e-05
10  4.0  0.00592447
10  5.0  0.00201974
10  4.5  0.00334763
10  5.5  0.00124401
10  7.0  0.000360796
10  6.0  0.000801783
10  7.5  0.000249407
10  6.5  0.000528027
10  9.0  9.36514e-05
10  8.0  0.000176463
10  8.5  0.000126007
10  9.5  6.85347e-05
10  10.0  5.12118e-05
10  10.5  3.83749e-05
12  0.2  0.579112
12  0.3  0.838174
12  0.4  1.03253
10  11.0  2.92519e-05
10  12.0  1.72044e-05
12  0.5  1.16536
12  0.6  1.16922
12  0.7  1.08841
12  0.8  0.986791
12  0.9  0.857702
12  1.1  0.607796
12  1.0  0.734593
12  1.2  0.504891
12  1.3  0.4184
12  1.4  0.345663
12  1.5  0.283691
12  1.6  0.233124
12  1.7  0.193494
12  1.8  0.158054
12  1.9  0.129857
12  2.0  0.108426
10  11.5  2.2612e-05
12  2.5  0.0462387
12  3.0  0.0214109
12  3.5  0.0106027
12  4.0  0.00574246
12  5.0  0.0019508
12  4.5  0.00326418
12  5.5  0.00121254
12  6.0  0.000796923
12  6.5  0.000517066
12  7.0  0.000357193
12  7.5  0.000242948
12  9.0  8.97707e-05
12  8.0  0.000172048
12  8.5  0.00012328
12  10.0  4.9871e-05
12  9.5  6.60515e-05
14  0.2  0.564047
14  0.3  0.826988
12  10.5  3.7909e-05
14  0.4  1.04146
14  0.5  1.14543
14  0.6  1.13551
14  0.7  1.07737
14  0.8  0.959248
12  11.0  2.85172e-05
14  0.9  0.83912
14  1.0  0.708382
14  1.1  0.59631
12  12.0  1.69484e-05
14  1.2  0.495434
14  1.3  0.408232
14  1.4  0.331624
14  1.6  0.22649
12  11.5  2.10672e-05
14  1.5  0.277784
14  1.7  0.188093
14  1.8  0.15412
14  1.9  0.128854
14  2.0  0.107264
14  2.5  0.044842
14  3.0  0.0205506
14  3.5  0.0103765
14  5.5  0.00118311
14  4.0  0.00556718
14  4.5  0.00315903
14  5.0  0.00192374
14  6.0  0.000764524
14  6.5  0.000502164
14  7.0  0.000345242
14  7.5  0.000236148
14  8.0  0.000166395
14  8.5  0.000120003
14  9.5  6.51463e-05
14  9.0  8.56203e-05
14  10.0  4.80811e-05
14  12.0  1.67957e-05
16  0.2  0.554091
14  10.5  3.67847e-05
16  0.3  0.827286
14  11.5  2.16817e-05
16  0.4  1.02208
16  0.5  1.13389
16  0.6  1.12675
16  0.7  1.06586
14  11.0  2.7681e-05
16  0.9  0.824846
16  0.8  0.95124
16  1.0  0.695788
16  1.1  0.585533
16  1.2  0.486111
16  1.3  0.394879
16  1.4  0.326954
16  1.5  0.268859
16  1.6  0.220633
16  1.7  0.18128
16  1.8  0.149899
16  1.9  0.123278
16  2.0  0.10262
16  2.5  0.0435049
16  3.0  0.0199408
16  3.5  0.0100121
16  5.5  0.00114292
16  4.0  0.00539367
16  4.5  0.00307761
16  5.0  0.00182977
16  7.0  0.000332036
16  6.0  0.000733399
16  7.5  0.000231695
16  8.0  0.000160838
16  6.5  0.000484568
16  9.5  6.14934e-05
16  8.5  0.000115239
16  10.0  4.61863e-05
16  9.0  8.36245e-05
16  10.5  3.51157e-05
16  11.0  2.68052e-05
18  0.2  0.56259
16  12.0  1.59479e-05
18  0.3  0.814312
18  0.4  1.0116
16  11.5  2.05966e-05
18  0.5  1.10948
18  0.6  1.11118
18  0.8  0.923852
18  0.7  1.03809
18  0.9  0.791733
18  1.0  0.678194
18  1.1  0.563595
18  1.3  0.384436
18  1.2  0.466303
18  1.4  0.312378
18  1.6  0.209168
18  1.5  0.257456
18  1.7  0.174103
18  1.8  0.143679
18  1.9  0.119013
18  2.0  0.0991619
18  2.5  0.04154
18  3.0  0.0192855
18  3.5  0.0095517
18  4.0  0.00523607
18  5.5  0.00110651
18  4.5  0.00292983
18  5.0  0.00178064
18  7.0  0.000313515
18  6.0  0.000713465
18  6.5  0.000467026
18  8.0  0.000154641
18  7.5  0.000219436
18  9.0  7.99457e-05
18  9.5  5.86759e-05
18  10.0  4.48057e-05
18  8.5  0.000112212
18  10.5  3.39481e-05
2  0.2  0.589412
18  11.0  2.54086e-05
2  0.3  0.851261
2  0.4  1.0714
2  0.5  1.17918
18  12.0  1.54147e-05
2  0.6  1.19109
2  0.7  1.12977
2  0.8  1.03552
2  0.9  0.902342
2  1.0  0.770605
18  11.5  1.98884e-05
2  1.1  0.634247
2  1.2  0.537827
2  1.3  0.444291
2  1.6  0.247071
2  1.4  0.366231
2  1.5  0.302096
2  1.7  0.205539
2  1.8  0.169518
2  1.9  0.140809
2  2.0  0.117099
2  2.5  0.0497336
2  3.5  0.0114478
2  3.0  0.0230007
2  4.0  0.00624775
2  5.5  0.00130653
2  4.5  0.00352057
2  5.0  0.00210656
2  6.0  0.000844153
2  7.0  0.000376339
2  6.5  0.000555712
2  8.5  0.000131861
2  7.5  0.000260367
2  8.0  0.000187767
2  10.0  5.33526e-05
2  9.0  9.78427e-05
2  9.5  7.03288e-05
2  10.5  4.02642e-05
20  0.2  0.553981
20  0.3  0.804504
2  12.0  1.83902e-05
20  0.4  0.97932
20  0.5  1.08462
20  0.6  1.06784
20  0.7  1.00202
20  0.8  0.888828
20  0.9  0.765042
2  11.0  3.08195e-05
20  1.0  0.646398
20  1.2  0.439559
20  1.1  0.539066
20  1.3  0.362575
20  1.4  0.298619
20  1.5  0.244672
20  1.6  0.201936
20  1.7  0.163499
20  1.8  0.134788
20  1.9  0.112655
2  11.5  2.36241e-05
20  2.0  0.0932712
20  2.5  0.0394171
20  3.0  0.0185178
20  3.5  0.00900029
20  5.5  0.00102537
20  4.0  0.00494113
20  4.5  0.00280445
20  5.0  0.00165518
20  6.0  0.000661669
20  6.5  0.000441258
20  7.0  0.000297534
20  7.5  0.000208386
20  9.0  7.54341e-05
20  8.0  0.000148009
20  8.5  0.000104273
20  9.5  5.59636e-05
20  10.5  3.14324e-05
20  10.0  4.17112e-05
20  11.0  2.3972e-05
22  0.2  0.542424
22  0.3  0.782193
22  0.4  0.967101
22  0.5  1.04744
22  0.6  1.0382
22  0.7  0.958773
22  0.8  0.847862
22  0.9  0.726533
22  1.0  0.61248
22  1.1  0.509791
22  1.2  0.41976
22  1.3  0.342813
22  1.4  0.277715
22  1.6  0.189085
22  1.5  0.230524
20  11.5  1.86816e-05
22  1.7  0.153565
22  1.8  0.125127
22  1.9  0.105924
22  2.0  0.0885253
22  3.0  0.0169436
22  2.5  0.0366106
22  3.5  0.00851135
20  12.0  1.45064e-05
22  4.0  0.00451629
22  5.5  0.000973167
22  4.5  0.00255547
22  5.0  0.00152432
22  6.0  0.000614596
22  6.5  0.000406764
22  7.0  0.00027768
22  7.5  0.000191191
22  9.0  7.12914e-05
22  8.0  0.000135036
22  9.5  5.16112e-05
22  8.5  9.64984e-05
22  10.0  3.95284e-05
22  10.5  2.96478e-05
24  0.2  0.530241
22  12.0  1.35634e-05
24  0.3  0.750403
22  11.0  2.23355e-05
24  0.4  0.931526
24  0.5  1.0059
22  11.5  1.73026e-05
24  0.6  0.987219
24  0.7  0.902926
24  0.8  0.796116
24  0.9  0.68018
24  1.0  0.567824
24  1.1  0.470739
24  1.2  0.387193
24  1.3  0.316114
24  1.4  0.255184
24  1.5  0.211176
24  1.6  0.172821
24  1.7  0.14252
24  1.8  0.117101
24  1.9  0.096755
24  2.0  0.0802679
24  2.5  0.0335379
24  3.0  0.015238
24  3.5  0.00777189
24  5.5  0.000869197
24  4.0  0.00411275
24  4.5  0.00233686
24  5.0  0.00139921
24  6.0  0.000558114
24  6.5  0.000370566
24  7.0  0.000256081
24  7.5  0.000174166
24  8.0  0.000124287
24  9.0  6.39999e-05
24  9.5  4.72793e-05
24  8.5  8.85302e-05
24  10.0  3.52251e-05
24  11.0  2.04653e-05
24  10.5  2.66613e-05
26  0.2  0.500526
26  0.3  0.732354
26  0.4  0.883669
26  0.5  0.938099
26  0.6  0.911039
26  0.7  0.83171
26  0.8  0.725543
26  0.9  0.616792
26  1.0  0.515564
26  1.1  0.422943
26  1.2  0.340212
26  1.3  0.283977
26  1.4  0.230322
26  1.5  0.18793
26  1.6  0.152739
26  1.7  0.126403
26  1.8  0.104033
26  1.9  0.0856383
24  11.5  1.56511e-05
26  2.0  0.0705537
26  3.0  0.013465
26  3.5  0.00677271
26  2.5  0.0295215
24  12.0  1.23499e-05
26  5.5  0.000768243
26  4.5  0.00204888
26  4.0  0.003663
26  5.0  0.00123449
26  6.0  0.000501609
26  6.5  0.000324496
26  7.0  0.000220912
26  7.5  0.000152603
26  9.0  5.56579e-05
26  8.0  0.000107999
26  8.5  7.89477e-05
26  9.5  4.21952e-05
26  10.0  3.08846e-05
26  11.0  1.79327e-05
28  0.2  0.484005
26  10.5  2.34814e-05
28  0.3  0.69095
28  0.4  0.815457
28  0.5  0.85949
28  0.6  0.815758
28  0.7  0.735382
28  0.8  0.633934
28  0.9  0.535766
28  1.0  0.444067
28  1.2  0.295443
28  1.1  0.365347
28  1.3  0.243997
28  1.4  0.197504
28  1.5  0.160727
28  1.6  0.131293
26  11.5  1.37962e-05
28  1.8  0.0892137
28  1.7  0.107404
28  1.9  0.0727989
28  2.0  0.059369
28  2.5  0.0248431
28  3.0  0.0114683
28  3.5  0.00567788
26  12.0  1.06431e-05
28  5.5  0.000657698
28  4.0  0.00305317
28  4.5  0.0017419
28  5.0  0.00105818
28  6.0  0.000415237
28  6.5  0.000269878
28  7.0  0.000184612
28  7.5  0.000130044
28  9.5  3.54183e-05
28  8.0  9.21237e-05
28  8.5  6.6067e-05
28  9.0  4.81711e-05
28  11.0  1.49348e-05
28  10.0  2.64043e-05
30  0.2  0.449129
28  10.5  2.01311e-05
30  0.3  0.62453
30  0.4  0.726572
30  0.5  0.744472
30  0.6  0.69166
30  0.7  0.615581
30  0.8  0.522404
30  0.9  0.438242
30  1.0  0.360382
30  1.1  0.29528
28  11.5  1.15602e-05
30  1.2  0.239509
30  1.3  0.194599
30  1.4  0.157437
30  1.5  0.127817
30  1.6  0.104033
30  1.7  0.0850025
30  1.8  0.0691856
30  1.9  0.0575579
30  2.0  0.0470691
30  2.5  0.0193147
30  3.0  0.00906686
30  3.5  0.00454288
30  4.0  0.00243217
28  12.0  8.96082e-06
30  5.5  0.00051292
30  4.5  0.00139127
30  5.0  0.000831575
30  6.0  0.000330336
30  8.0  7.19264e-05
30  6.5  0.000218128
30  7.0  0.000145499
30  7.5  9.98263e-05
30  8.5  5.18012e-05
30  10.0  2.07039e-05
30  9.0  3.77503e-05
30  9.5  2.70411e-05
30  10.5  1.53968e-05
30  11.0  1.16784e-05
32  0.2  0.400731
32  0.3  0.544683
32  0.4  0.599089
32  0.5  0.5924
32  0.6  0.542921
32  0.7  0.472747
32  0.8  0.389834
32  0.9  0.327186
32  1.0  0.267969
32  1.1  0.217913
32  1.3  0.140565
32  1.2  0.174931
32  1.4  0.114959
32  1.5  0.0925515
32  1.6  0.0744148
32  1.7  0.0608587
32  1.8  0.0502966
30  12.0  7.0166e-06
32  1.9  0.040718
32  2.0  0.0336618
32  2.5  0.0142245
30  11.5  8.98015e-06
32  3.0  0.00635301
32  3.5  0.00316464
32  5.5  0.000370087
32  4.0  0.00170536
32  4.5  0.000971176
32  5.0  0.000580842
32  6.0  0.000229501
32  7.5  7.32302e-05
32  6.5  0.000152901
32  7.0  0.00010554
32  8.0  5.07514e-05
32  8.5  3.58678e-05
32  9.0  2.69354e-05
32  10.0  1.45842e-05
32  9.5  1.99158e-05
32  11.0  8.4314e-06
34  0.2  0.335335
32  12.0  5.02192e-06
32  10.5  1.09674e-05
34  0.3  0.433484
34  0.4  0.454071
34  0.5  0.431291
34  0.6  0.377975
34  0.7  0.323311
34  0.8  0.26838
34  0.9  0.217416
34  1.0  0.177896
34  1.1  0.143934
32  11.5  6.40885e-06
34  1.2  0.113406
34  1.3  0.0918929
34  1.4  0.0749744
34  1.5  0.0603019
34  1.6  0.0481553
34  1.8  0.0323207
34  1.7  0.0397226
34  1.9  0.0266509
34  2.0  0.0219573
34  2.5  0.00891409
34  3.5  0.00209443
34  3.0  0.00421487
34  5.0  0.000372979
34  4.5  0.000623178
34  4.0  0.00112872
34  5.5  0.000232529
34  7.5  4.55904e-05
34  6.5  9.76006e-05
34  6.0  0.000151687
34  7.0  6.57613e-05
34  8.0  3.21776e-05
34  8.5  2.29637e-05
34  9.5  1.24129e-05
34  9.0  1.69351e-05
34  11.0  5.47849e-06
34  10.0  9.33638e-06
34  11.5  4.20799e-06
4  0.2  0.591276
4  0.3  0.843954
4  0.4  1.07449
4  0.5  1.18156
34  12.0  3.27826e-06
4  0.6  1.20561
4  0.7  1.14257
34  10.5  7.07186e-06
4  0.8  1.03339
4  0.9  0.902105
4  1.0  0.766965
4  1.1  0.64183
4  1.2  0.534582
4  1.4  0.360042
4  1.3  0.44311
4  1.5  0.297702
4  1.6  0.247135
4  1.7  0.204034
4  1.8  0.168929
4  1.9  0.140018
4  2.0  0.116669
4  3.0  0.0225229
4  2.5  0.0495704
4  3.5  0.0113878
4  4.0  0.00615461
4  4.5  0.00348748
4  5.0  0.00207814
4  5.5  0.00132569
4  6.0  0.000835342
4  6.5  0.00055247
4  7.5  0.000260202
4  7.0  0.000374693
4  8.0  0.000186051
4  8.5  0.00013255
4  9.5  7.05021e-05
4  9.0  9.49445e-05
4  10.0  5.2875e-05
4  11.5  2.345e-05
6  0.2  0.589569
6  0.3  0.856604
6  0.4  1.06622
4  10.5  4.04927e-05
6  0.5  1.17559
6  0.6  1.19445
6  0.7  1.12195
6  0.8  1.01653
6  0.9  0.891811
6  1.0  0.761681
6  1.1  0.637615
6  1.2  0.534516
6  1.3  0.437304
4  11.0  3.08463e-05
6  1.4  0.361238
6  1.5  0.295162
6  1.6  0.244753
6  1.7  0.201149
6  1.8  0.167277
6  1.9  0.140013
4  12.0  1.81113e-05
6  2.0  0.115751
6  2.5  0.0486008
6  3.0  0.0225828
6  3.5  0.0113022
6  4.0  0.00592139
6  4.5  0.00353929
6  5.0  0.00206678
6  5.5  0.0012789
6  6.0  0.000839813
6  7.0  0.000374782
6  6.5  0.00054828
6  7.5  0.000261413
6  8.5  0.000129337
6  8.0  0.000184561
6  9.5  7.02403e-05
6  9.0  9.47419e-05
6  10.0  5.24283e-05
6  11.0  3.0375e-05
6  11.5  2.36724e-05
6  10.5  3.96112e-05
8  0.2  0.584112
8  0.3  0.848804
8  0.4  1.06905
8  0.5  1.17445
8  0.6  1.19447
6  12.0  1.83083e-05
8  0.7  1.10867
8  0.8  1.01469
8  0.9  0.875157
8  1.0  0.749056
8  1.1  0.630827
8  1.2  0.524486
8  1.3  0.426975
8  1.4  0.357926
8  1.5  0.294069
8  1.6  0.242333
8  1.7  0.200576
8  1.9  0.135552
8  1.8  0.162944
8  2.0  0.114864
8  2.5  0.048865
8  3.0  0.0223268
8  3.5  0.0111357
8  4.0  0.00598878
8  4.5  0.00347926
8  5.0  0.00208629
8  5.5  0.00129154
8  6.0  0.000834314
8  6.5  0.000541034
8  7.5  0.000257718
8  8.5  0.000130768
8  7.0  0.000372972
8  9.0  9.37602e-05
8  8.0  0.000180798
8  9.5  6.8971e-05
8  10.0  5.16411e-05
8  10.5  3.97452e-05
8  11.0  2.98423e-05
8  11.5  2.27437e-05
8  12.0  1.77815e-05
