# diffractive D0 cross section, Pb target, HymnD fragmentation, An0n channel
# generated      : 2026-08-20 11:03:49 EEST
# calls          : 1e5 (VEGAS calls per point, see CALLS_EXCL/CALLS_EXCL_FACTORIZED/CALLS_DIFF)
# dipole samples : data/Pb/bk_posterior/member_0055/glauber_mve_<b>
# pD0 sweep      : 0.2 0.3 0.4 0.5 0.6 0.7 0.8 0.9 1.0 1.1 1.2 1.3 1.4 1.5 1.6 1.7 1.8 1.9 2.0 2.5 3.0 3.5 4.0 4.5 5.0 5.5 6.0 6.5 7.0 7.5 8.0 8.5 9.0 9.5 10.0 10.5 11.0 11.5 12.0
# fixed rapidity y : 1.0
# ============================================================
# b  pD0  dsigma_dyd2pD0
0  0.5  0.873192
0  0.4  0.798071
0  0.2  0.430191
0  0.3  0.630389
0  0.6  0.876543
0  0.8  0.725625
0  0.7  0.824026
0  0.9  0.627386
0  1.0  0.539401
0  1.2  0.359935
0  1.1  0.440445
0  1.3  0.292844
0  1.4  0.235291
0  1.6  0.155324
0  1.5  0.190135
0  1.8  0.102306
0  1.7  0.125575
0  2.0  0.0677987
0  1.9  0.0831242
0  2.5  0.0265678
0  3.5  0.00530826
0  3.0  0.0113588
0  4.0  0.00263089
0  4.5  0.00143059
0  5.0  0.000800797
0  5.5  0.000449698
0  7.0  0.000116919
0  6.0  0.000283634
0  8.0  4.98602e-05
0  6.5  0.000176734
0  7.5  7.61122e-05
0  8.5  3.41623e-05
0  9.5  1.73798e-05
0  10.0  1.19386e-05
0  9.0  2.41112e-05
10  0.2  0.430914
0  10.5  8.64819e-06
10  0.3  0.621574
10  0.4  0.775118
10  0.5  0.852117
10  0.6  0.860693
10  0.7  0.79438
10  0.8  0.713308
10  0.9  0.60964
10  1.0  0.50989
10  1.1  0.424428
10  1.2  0.345018
0  11.5  4.92708e-06
10  1.3  0.279054
10  1.4  0.226318
10  1.5  0.185716
10  1.6  0.150351
10  1.7  0.120629
10  1.8  0.0971435
0  11.0  6.46632e-06
10  1.9  0.0798551
10  2.0  0.0643888
10  2.5  0.0252948
10  3.0  0.0107631
10  3.5  0.00502512
0  12.0  3.61746e-06
10  4.0  0.00251532
10  4.5  0.00133184
10  5.0  0.000749937
10  6.0  0.000264566
10  5.5  0.000446641
10  7.0  0.000108967
10  8.0  4.76318e-05
10  6.5  0.000171703
10  7.5  7.03409e-05
10  9.5  1.60753e-05
10  8.5  3.28534e-05
10  9.0  2.26797e-05
10  10.0  1.15067e-05
12  0.2  0.429678
10  10.5  8.31576e-06
12  0.3  0.61846
12  0.4  0.777023
12  0.5  0.846275
12  0.6  0.86295
10  11.0  6.23879e-06
12  0.7  0.800536
12  0.8  0.697682
12  0.9  0.604157
12  1.0  0.500757
12  1.1  0.415446
12  1.2  0.339163
12  1.3  0.274546
12  1.4  0.221574
12  1.5  0.178774
12  1.6  0.147556
12  1.7  0.118095
12  1.8  0.0954938
12  1.9  0.0784457
12  2.0  0.06309
12  3.0  0.0105705
12  2.5  0.024652
12  3.5  0.00482317
10  11.5  4.61118e-06
10  12.0  3.43824e-06
12  4.0  0.00244434
12  4.5  0.00131583
12  5.0  0.00074406
12  5.5  0.000437151
12  6.0  0.000265546
12  6.5  0.000162653
12  7.0  0.000106652
12  7.5  6.88501e-05
12  8.0  4.62955e-05
12  8.5  3.18728e-05
12  9.5  1.56923e-05
12  9.0  2.20415e-05
12  10.0  1.11623e-05
12  10.5  8.21631e-06
14  0.2  0.420303
12  11.0  6.02592e-06
14  0.3  0.612452
14  0.4  0.768294
14  0.5  0.839925
14  0.6  0.834326
12  11.5  4.42515e-06
14  0.7  0.773048
14  0.8  0.693723
14  0.9  0.59642
14  1.0  0.497438
14  1.1  0.414174
14  1.2  0.330898
14  1.3  0.26648
14  1.4  0.220908
14  1.7  0.114461
14  1.5  0.175335
14  1.6  0.141432
14  1.9  0.0733624
14  1.8  0.0925099
14  2.0  0.0616655
14  2.5  0.0239887
14  3.5  0.00487172
14  3.0  0.0102695
12  12.0  3.42183e-06
14  4.5  0.00128664
14  5.5  0.000426986
14  4.0  0.00238679
14  5.0  0.000720534
14  6.0  0.000257324
14  6.5  0.000155903
14  8.0  4.55513e-05
14  7.0  0.000102755
14  7.5  6.60586e-05
14  8.5  3.15741e-05
14  9.5  1.52445e-05
14  10.0  1.09221e-05
14  9.0  2.15847e-05
14  10.5  8.14145e-06
16  0.2  0.422661
14  11.0  5.78015e-06
16  0.3  0.607444
16  0.4  0.765531
16  0.5  0.837646
14  11.5  4.34106e-06
16  0.6  0.816795
16  0.7  0.763038
16  0.9  0.58942
16  0.8  0.671664
16  1.0  0.480429
16  1.3  0.265795
16  1.1  0.392084
16  1.2  0.32152
16  1.4  0.21375
16  1.6  0.138879
16  1.5  0.169643
16  1.8  0.0886457
16  1.7  0.110876
16  1.9  0.0733634
16  2.0  0.0600612
16  2.5  0.0231986
16  3.0  0.00984913
16  3.5  0.0045967
14  12.0  3.25281e-06
16  4.5  0.00123914
16  6.0  0.000248344
16  4.0  0.00232093
16  5.0  0.000695258
16  5.5  0.000399573
16  6.5  0.000155258
16  7.0  9.90768e-05
16  8.0  4.38188e-05
16  7.5  6.50143e-05
16  8.5  2.99099e-05
16  9.5  1.46735e-05
16  9.0  2.08239e-05
16  10.0  1.06295e-05
16  11.5  4.19388e-06
18  0.2  0.412124
18  0.3  0.600132
18  0.4  0.751414
16  11.0  5.77408e-06
18  0.5  0.812281
16  10.5  7.63568e-06
16  12.0  3.08923e-06
18  0.6  0.799829
18  0.7  0.735742
18  0.8  0.656032
18  0.9  0.55591
18  1.1  0.383006
18  1.0  0.464513
18  1.2  0.3138
18  1.4  0.201792
18  1.3  0.250735
18  1.5  0.163403
18  1.6  0.131336
18  1.7  0.106195
18  1.8  0.0867416
18  1.9  0.0699863
18  2.0  0.0568367
18  3.0  0.00969882
18  2.5  0.0222053
18  3.5  0.0043533
18  4.5  0.00119059
18  5.0  0.000669361
18  4.0  0.00222099
18  5.5  0.000374217
18  6.0  0.000237421
18  8.0  4.11597e-05
18  6.5  0.000148642
18  7.0  9.46748e-05
18  8.5  2.8385e-05
18  7.5  6.12929e-05
18  9.5  1.40186e-05
18  10.0  9.9727e-06
18  9.0  1.98962e-05
18  11.5  4.01034e-06
2  0.2  0.436221
2  0.3  0.633194
18  10.5  7.18025e-06
2  0.4  0.794681
18  11.0  5.4254e-06
2  0.5  0.867111
2  0.6  0.867298
2  0.7  0.816816
2  0.8  0.7358
2  0.9  0.627437
2  1.0  0.527742
2  1.1  0.441414
2  1.2  0.358353
2  1.3  0.291696
2  1.4  0.237419
2  1.5  0.191724
2  1.6  0.153532
2  1.7  0.125435
2  1.8  0.101731
2  1.9  0.0830951
2  2.5  0.0267473
2  2.0  0.0675728
2  3.0  0.0113987
2  3.5  0.00532358
18  12.0  2.94201e-06
2  4.0  0.00263757
2  4.5  0.00141668
2  5.0  0.000777567
2  7.0  0.000116073
2  5.5  0.000468948
2  6.0  0.000280382
2  6.5  0.000179072
2  8.0  4.9834e-05
2  7.5  7.48174e-05
2  8.5  3.40403e-05
2  9.5  1.67382e-05
2  9.0  2.38492e-05
2  10.0  1.24561e-05
2  10.5  8.70226e-06
20  0.2  0.405118
20  0.3  0.60042
20  0.4  0.737811
20  0.5  0.790358
20  0.6  0.779223
20  0.7  0.717323
2  11.5  4.76456e-06
20  0.8  0.629413
20  0.9  0.532735
20  1.0  0.445076
2  11.0  6.36176e-06
20  1.1  0.366551
20  1.2  0.297809
20  1.3  0.239716
20  1.4  0.192478
20  1.5  0.156191
20  1.6  0.125769
20  1.7  0.100434
20  1.8  0.0830926
20  1.9  0.0656558
20  2.0  0.0537732
20  2.5  0.0209351
20  3.0  0.00885184
20  3.5  0.00416136
2  12.0  3.58362e-06
20  4.5  0.00110363
20  5.0  0.000616763
20  4.0  0.00205609
20  5.5  0.000360926
20  6.5  0.00013733
20  6.0  0.000218453
20  7.0  8.65861e-05
20  7.5  5.88942e-05
20  8.0  3.94513e-05
20  9.5  1.34523e-05
20  8.5  2.70708e-05
20  9.0  1.87464e-05
20  10.0  9.58889e-06
22  0.2  0.397393
20  11.0  5.13683e-06
22  0.3  0.580444
20  10.5  6.99968e-06
20  11.5  3.69702e-06
22  0.4  0.716777
22  0.5  0.770619
22  0.6  0.756725
22  0.7  0.687138
22  0.8  0.59909
22  0.9  0.51172
22  1.0  0.425885
22  1.1  0.347275
22  1.2  0.273954
22  1.3  0.226816
22  1.5  0.147038
22  1.4  0.179465
22  1.6  0.117865
22  1.8  0.0765464
22  1.7  0.0949579
20  12.0  2.81454e-06
22  2.0  0.0503738
22  1.9  0.0622575
22  2.5  0.0193996
22  3.0  0.00822909
22  3.5  0.00386654
22  4.5  0.00104166
22  5.0  0.000585255
22  4.0  0.00195127
22  5.5  0.000331281
22  6.0  0.000205424
22  6.5  0.000126823
22  7.0  8.29156e-05
22  7.5  5.48211e-05
22  8.0  3.74566e-05
22  8.5  2.49969e-05
22  9.5  1.2414e-05
22  9.0  1.75035e-05
22  10.0  8.77342e-06
24  0.2  0.394971
22  10.5  6.48013e-06
24  0.3  0.568964
24  0.4  0.691406
24  0.6  0.723516
24  0.5  0.735696
24  0.7  0.646268
24  0.8  0.560716
24  1.0  0.390603
24  0.9  0.467851
24  1.2  0.261116
24  1.1  0.320201
22  11.5  3.51452e-06
24  1.3  0.206894
24  1.5  0.133834
22  11.0  4.71916e-06
24  1.4  0.166805
24  1.6  0.107619
24  1.7  0.0862981
24  1.8  0.0697317
24  1.9  0.0572826
24  2.0  0.0469239
24  2.5  0.018215
24  3.0  0.00752335
24  3.5  0.00356863
22  12.0  2.60134e-06
24  4.5  0.000932163
24  4.0  0.00179233
24  5.0  0.000536874
24  5.5  0.000301675
24  6.0  0.000185525
24  6.5  0.000118108
24  7.0  7.60889e-05
24  7.5  4.96053e-05
24  8.0  3.29276e-05
24  9.0  1.58423e-05
24  8.5  2.27696e-05
24  10.0  7.99264e-06
24  9.5  1.11507e-05
24  11.0  4.31996e-06
26  0.2  0.377607
26  0.3  0.538147
24  10.5  5.72656e-06
26  0.4  0.6591
26  0.5  0.694394
26  0.6  0.670326
26  0.7  0.597947
26  0.8  0.516339
26  0.9  0.430765
26  1.0  0.351836
24  11.5  3.19487e-06
26  1.1  0.289236
26  1.2  0.231178
26  1.3  0.185377
26  1.4  0.148805
26  1.5  0.118426
26  1.6  0.095504
26  1.7  0.0782862
24  12.0  2.41119e-06
26  1.8  0.06257
26  1.9  0.0501323
26  2.0  0.0409909
26  2.5  0.0156432
26  3.0  0.00656457
26  3.5  0.00305712
26  4.5  0.000842163
26  5.0  0.000474414
26  4.0  0.00158352
26  5.5  0.000273064
26  6.0  0.000166272
26  6.5  0.000104036
26  7.0  6.63403e-05
26  7.5  4.21199e-05
26  8.5  1.98861e-05
26  8.0  2.9568e-05
26  9.0  1.38193e-05
26  9.5  9.82707e-06
26  11.0  3.72785e-06
26  10.0  7.13402e-06
28  0.2  0.362395
28  0.3  0.512208
28  0.4  0.618777
26  10.5  5.07208e-06
28  0.5  0.629804
28  0.6  0.595353
26  11.5  2.75841e-06
28  0.7  0.531812
28  0.8  0.446506
28  0.9  0.384432
28  1.0  0.302616
28  1.1  0.246341
28  1.2  0.200244
28  1.3  0.157845
28  1.4  0.127251
28  1.5  0.0987042
28  1.8  0.0537338
28  1.6  0.0807604
28  1.7  0.0654795
28  1.9  0.0429563
28  2.0  0.0342356
28  3.0  0.00560795
28  2.5  0.0131821
28  3.5  0.00264526
28  4.0  0.00133522
26  12.0  2.10544e-06
28  4.5  0.00069473
28  5.0  0.000398868
28  5.5  0.000230361
28  6.0  0.000139259
28  6.5  8.60277e-05
28  7.0  5.56017e-05
28  8.5  1.69053e-05
28  7.5  3.53433e-05
28  8.0  2.44417e-05
28  9.0  1.16814e-05
28  9.5  8.35294e-06
28  11.0  3.13854e-06
28  10.0  5.94499e-06
30  0.2  0.334622
30  0.3  0.466347
30  0.4  0.538125
30  0.5  0.558646
28  10.5  4.31573e-06
30  0.6  0.5107
30  0.7  0.44711
30  0.8  0.374285
30  0.9  0.308123
30  1.1  0.19958
30  1.0  0.247644
30  1.2  0.161105
30  1.3  0.126302
30  1.4  0.101537
30  1.5  0.0803137
30  1.6  0.0645207
30  1.7  0.0516186
30  1.8  0.0415764
30  1.9  0.0336738
30  2.0  0.027122
30  2.5  0.0104652
30  3.0  0.00428573
30  3.5  0.00204332
28  12.0  1.7885e-06
28  11.5  2.32787e-06
30  4.0  0.00105075
30  4.5  0.000543092
30  5.0  0.000307853
30  6.0  0.000106389
30  5.5  0.000180502
30  6.5  6.82092e-05
30  7.0  4.34995e-05
30  9.0  9.09939e-06
30  7.5  2.87358e-05
30  8.5  1.30652e-05
30  8.0  1.93022e-05
30  9.5  6.42304e-06
30  10.0  4.62362e-06
32  0.2  0.295062
32  0.3  0.404185
30  11.0  2.47903e-06
30  10.5  3.3449e-06
32  0.5  0.445301
32  0.4  0.453902
32  0.6  0.394602
32  0.7  0.343742
32  0.9  0.233985
32  0.8  0.282791
32  1.0  0.187424
32  1.1  0.145851
32  1.2  0.11806
32  1.3  0.092847
32  1.4  0.0728622
32  1.5  0.0580026
32  1.6  0.0467674
32  1.7  0.0366015
32  1.9  0.024695
32  1.8  0.0298522
32  2.0  0.0198409
32  2.5  0.00755354
32  3.0  0.00314927
32  3.5  0.00148566
30  11.5  1.83406e-06
30  12.0  1.39372e-06
32  4.0  0.000731775
32  4.5  0.000395953
32  5.0  0.000222636
32  5.5  0.000127981
32  7.0  3.07831e-05
32  6.0  7.82704e-05
32  6.5  4.87347e-05
32  7.5  2.01901e-05
32  8.5  9.28599e-06
32  8.0  1.35002e-05
32  9.0  6.61561e-06
32  9.5  4.55269e-06
32  10.0  3.24375e-06
34  0.2  0.252338
34  0.3  0.318143
34  0.4  0.337682
34  0.5  0.318994
32  11.0  1.76516e-06
32  12.0  9.93768e-07
34  0.7  0.232227
34  0.6  0.278532
34  0.9  0.153613
34  0.8  0.192895
32  10.5  2.38302e-06
34  1.0  0.122512
34  1.2  0.0768773
34  1.1  0.0952219
32  11.5  1.30037e-06
34  1.3  0.0603122
34  1.4  0.0474182
34  1.5  0.0381603
34  1.7  0.0242843
34  1.6  0.0306314
34  1.8  0.0191061
34  1.9  0.0161911
34  2.0  0.0124791
34  2.5  0.00483547
34  3.0  0.00201606
34  3.5  0.000964137
34  5.0  0.000142326
34  4.0  0.000482191
34  4.5  0.000252389
34  5.5  8.31538e-05
34  6.0  5.02866e-05
34  7.5  1.31346e-05
34  6.5  3.11436e-05
34  8.5  6.05798e-06
34  7.0  2.00021e-05
34  8.0  8.83831e-06
34  9.0  4.27872e-06
34  9.5  2.95248e-06
34  10.0  2.14766e-06
34  10.5  1.5745e-06
4  0.2  0.426159
4  0.3  0.630043
4  0.4  0.792695
4  0.5  0.874741
34  11.0  1.13347e-06
4  0.6  0.865419
4  0.7  0.822172
4  0.9  0.639239
4  0.8  0.724867
4  1.0  0.534048
4  1.1  0.439576
4  1.2  0.35785
4  1.3  0.288158
4  1.4  0.234691
4  1.5  0.190433
34  11.5  8.38313e-07
4  1.6  0.15249
4  1.7  0.12399
4  1.8  0.103199
4  1.9  0.0820659
4  2.5  0.0266407
4  2.0  0.0676558
4  3.0  0.0112623
34  12.0  6.37887e-07
4  3.5  0.00522338
4  4.0  0.00264054
4  4.5  0.00138415
4  5.0  0.000786214
4  5.5  0.000467824
4  7.0  0.000115546
4  6.0  0.000267478
4  6.5  0.000176438
4  7.5  7.37408e-05
4  8.0  5.11589e-05
4  8.5  3.40224e-05
4  9.5  1.67892e-05
4  9.0  2.42606e-05
4  10.0  1.20272e-05
4  10.5  8.64549e-06
6  0.2  0.432951
6  0.3  0.628748
6  0.4  0.782404
6  0.5  0.868867
6  0.6  0.867082
6  0.7  0.819857
6  0.8  0.726442
6  0.9  0.618552
6  1.1  0.443065
6  1.0  0.525617
6  1.2  0.356437
6  1.3  0.288788
6  1.4  0.231515
4  11.5  4.8411e-06
6  1.5  0.188897
6  1.6  0.151807
6  1.7  0.121988
4  11.0  6.41458e-06
6  1.8  0.100326
6  1.9  0.0826439
6  2.0  0.0666383
6  2.5  0.0261397
6  3.0  0.0111102
6  3.5  0.00531574
4  12.0  3.59455e-06
6  4.0  0.00261988
6  4.5  0.00138491
6  5.0  0.000765032
6  5.5  0.000456194
6  7.0  0.00011204
6  6.0  0.000287858
6  6.5  0.000167204
6  7.5  7.2583e-05
6  8.0  4.91563e-05
6  9.0  2.3999e-05
6  8.5  3.37818e-05
6  9.5  1.65907e-05
6  10.0  1.16563e-05
6  10.5  8.6732e-06
8  0.2  0.431675
6  11.5  4.78868e-06
8  0.3  0.635209
8  0.4  0.779765
8  0.5  0.864183
8  0.6  0.87243
8  0.8  0.712622
8  0.7  0.807171
8  0.9  0.616961
8  1.0  0.518273
8  1.1  0.4281
8  1.2  0.349452
8  1.3  0.281832
8  1.5  0.189164
8  1.4  0.229548
8  1.6  0.15077
8  1.7  0.122683
6  11.0  6.52404e-06
8  1.8  0.0990441
8  1.9  0.0806145
8  2.0  0.0658274
8  3.0  0.0110474
8  2.5  0.0254993
8  3.5  0.00509546
6  12.0  3.45612e-06
8  4.0  0.00256267
8  4.5  0.00137005
8  5.0  0.000773942
8  7.0  0.000110199
8  5.5  0.000457227
8  6.5  0.00016893
8  6.0  0.0002767
8  7.5  7.16164e-05
8  8.0  4.92277e-05
8  8.5  3.32361e-05
8  9.5  1.62864e-05
8  9.0  2.31566e-05
8  10.0  1.20277e-05
8  10.5  8.49727e-06
8  11.5  4.53128e-06
8  11.0  6.18519e-06
8  12.0  3.56373e-06
