# diffractive D0 cross section, Pb target, HymnD fragmentation, An0n channel
# generated      : 2026-08-20 10:21:43 EEST
# calls          : 1e5 (VEGAS calls per point, see CALLS_EXCL/CALLS_EXCL_FACTORIZED/CALLS_DIFF)
# dipole samples : data/Pb/mve/glauber_mve_<b>
# pD0 sweep      : 0.2 0.3 0.4 0.5 0.6 0.7 0.8 0.9 1.0 1.1 1.2 1.3 1.4 1.5 1.6 1.7 1.8 1.9 2.0 2.5 3.0 3.5 4.0 4.5 5.0 5.5 6.0 6.5 7.0 7.5 8.0 8.5 9.0 9.5 10.0 10.5 11.0 11.5 12.0
# fixed rapidity y : 0.0
# ============================================================
# b  pD0  dsigma_dyd2pD0
0  0.4  1.09793
0  0.5  1.21356
0  0.2  0.59824
0  0.3  0.8708
0  0.7  1.14919
0  0.6  1.20961
0  0.9  0.892953
0  1.0  0.753714
0  0.8  1.02966
0  1.2  0.523723
0  1.3  0.427033
0  1.1  0.632318
0  1.4  0.352084
0  1.5  0.289377
0  1.7  0.192785
0  1.8  0.159552
0  1.6  0.237562
0  1.9  0.131198
0  3.0  0.0204939
0  2.0  0.109551
0  2.5  0.0445954
0  3.5  0.0100709
0  4.0  0.00536401
0  6.0  0.000681063
0  4.5  0.00305824
0  5.0  0.00176269
0  5.5  0.00108671
0  6.5  0.000452061
0  7.0  0.000307414
0  7.5  0.000205337
0  8.0  0.000143226
0  8.5  0.000101304
0  10.0  4.12726e-05
0  9.0  7.27557e-05
0  9.5  5.4035e-05
10  0.2  0.589369
10  0.3  0.865432
10  0.4  1.08426
10  0.5  1.21809
0  10.5  3.06115e-05
10  0.6  1.19737
10  0.7  1.11549
10  0.8  0.987899
10  0.9  0.862044
10  1.0  0.729627
10  1.2  0.503193
10  1.1  0.601425
0  11.0  2.27507e-05
10  1.3  0.412214
10  1.4  0.335513
10  1.6  0.225976
10  1.7  0.185685
10  1.5  0.27838
10  1.9  0.124967
10  1.8  0.152573
10  2.0  0.103948
10  3.0  0.0192921
10  2.5  0.0433282
10  3.5  0.00965935
0  11.5  1.7716e-05
0  12.0  1.31753e-05
10  4.0  0.0050873
10  5.5  0.00104422
10  4.5  0.00290983
10  6.0  0.000664144
10  5.0  0.00169051
10  6.5  0.000417334
10  7.0  0.000290521
10  7.5  0.00019323
10  8.0  0.000136034
10  8.5  9.92461e-05
10  9.0  7.19376e-05
10  9.5  5.26945e-05
10  10.0  3.88813e-05
12  0.2  0.594879
12  0.3  0.853653
10  10.5  2.81923e-05
12  0.4  1.06719
12  0.5  1.17164
12  0.6  1.17272
12  0.7  1.10242
12  0.8  0.990855
12  0.9  0.849001
12  1.0  0.716703
12  1.1  0.595213
10  11.0  2.18493e-05
12  1.2  0.493869
12  1.3  0.397718
12  1.4  0.32912
12  1.5  0.268194
12  1.6  0.218792
12  1.7  0.182253
12  1.8  0.150375
12  1.9  0.123547
12  2.0  0.102287
12  2.5  0.0417104
10  11.5  1.64611e-05
12  3.0  0.0192364
12  3.5  0.00933903
10  12.0  1.30218e-05
12  4.0  0.00497467
12  5.5  0.000997077
12  6.0  0.000630489
12  4.5  0.00278953
12  5.0  0.0016785
12  6.5  0.00041193
12  7.0  0.000276724
12  7.5  0.000192895
12  8.0  0.000133818
12  8.5  9.74451e-05
12  9.0  6.86517e-05
12  9.5  4.99322e-05
12  10.0  3.79473e-05
14  0.2  0.579088
14  0.3  0.843722
14  0.4  1.06567
14  0.5  1.17275
14  0.6  1.15469
12  10.5  2.78683e-05
14  0.7  1.08573
14  0.8  0.951349
14  0.9  0.808106
14  1.0  0.698386
14  1.1  0.582452
14  1.2  0.480196
12  11.0  2.14035e-05
14  1.3  0.396282
14  1.4  0.320181
14  1.5  0.260081
14  1.6  0.214214
14  1.7  0.176963
14  1.8  0.145772
14  1.9  0.119763
14  2.0  0.0992893
14  2.5  0.0407102
14  3.0  0.018625
12  11.5  1.64254e-05
14  3.5  0.00918538
12  12.0  1.26666e-05
14  4.0  0.0048563
14  5.5  0.000973991
14  6.0  0.000616244
14  4.5  0.0027363
14  5.0  0.00160195
14  6.5  0.000403211
14  7.0  0.000271189
14  7.5  0.000188577
14  8.0  0.000127941
14  8.5  9.15312e-05
14  9.0  6.60651e-05
14  11.0  2.04153e-05
14  9.5  4.83244e-05
16  0.2  0.573527
14  10.0  3.6203e-05
16  0.3  0.838003
16  0.4  1.04839
16  0.5  1.15684
16  0.6  1.14711
16  0.7  1.05605
14  10.5  2.72014e-05
16  0.8  0.949002
16  0.9  0.810543
16  1.0  0.678107
16  1.1  0.56636
16  1.3  0.376247
16  1.2  0.468609
16  1.5  0.255491
16  1.4  0.315106
16  1.6  0.209466
16  1.7  0.173437
16  1.8  0.140444
16  1.9  0.115922
16  2.0  0.0963228
16  2.5  0.0389665
16  3.0  0.0181579
16  3.5  0.00878014
14  11.5  1.54327e-05
16  4.0  0.00463882
14  12.0  1.19515e-05
16  5.5  0.000937734
16  6.0  0.000583565
16  4.5  0.0026048
16  5.0  0.00156314
16  6.5  0.000389577
16  7.0  0.000264248
16  7.5  0.000177571
16  8.0  0.000127999
16  8.5  8.94127e-05
16  9.0  6.54484e-05
16  9.5  4.68748e-05
16  11.0  1.94158e-05
18  0.2  0.568635
16  10.0  3.57925e-05
18  0.3  0.831451
18  0.4  1.0413
18  0.5  1.13548
18  0.6  1.1088
18  0.8  0.910017
16  10.5  2.58011e-05
18  0.7  1.04097
18  0.9  0.78533
18  1.0  0.661552
18  1.1  0.543877
18  1.2  0.451544
18  1.3  0.366313
18  1.5  0.243959
18  1.4  0.299817
18  1.6  0.201244
18  1.7  0.162581
18  1.8  0.133971
18  1.9  0.112273
18  2.5  0.0377484
18  2.0  0.0911843
18  3.0  0.0170184
18  3.5  0.00850512
16  11.5  1.55313e-05
18  4.0  0.00431792
18  4.5  0.00250011
16  12.0  1.18221e-05
18  5.0  0.00145636
18  5.5  0.000897258
18  6.0  0.000581031
18  6.5  0.00038201
18  7.0  0.000249617
18  7.5  0.000169487
18  8.0  0.000119039
18  8.5  8.496e-05
18  9.0  6.02967e-05
18  9.5  4.4476e-05
18  10.0  3.26114e-05
18  11.0  1.86898e-05
2  0.2  0.595778
2  0.3  0.871772
2  0.4  1.09855
2  0.5  1.20113
2  0.6  1.22826
18  10.5  2.53593e-05
2  0.7  1.15092
2  0.8  1.02679
2  0.9  0.883271
2  1.0  0.751085
2  1.1  0.629928
2  1.2  0.519073
2  1.3  0.427324
2  1.4  0.3489
2  1.5  0.285441
2  1.6  0.23448
2  1.7  0.192114
2  1.8  0.159281
2  1.9  0.131965
2  2.0  0.10764
2  2.5  0.0449873
2  3.0  0.0205287
2  3.5  0.0100353
18  11.5  1.44795e-05
2  4.0  0.00540157
18  12.0  1.10628e-05
2  6.0  0.000693405
2  4.5  0.00297437
2  5.0  0.00176616
2  5.5  0.00108232
2  6.5  0.000446921
2  7.0  0.000300446
2  7.5  0.00020663
2  8.0  0.000143811
2  8.5  0.000101973
2  10.0  3.97918e-05
2  9.0  7.32383e-05
2  9.5  5.39427e-05
20  0.2  0.555849
20  0.3  0.820117
2  10.5  3.04758e-05
20  0.4  1.01174
20  0.5  1.10628
20  0.6  1.07632
20  0.7  0.998276
20  0.8  0.888341
20  0.9  0.750003
20  1.0  0.632248
20  1.1  0.524069
20  1.2  0.424805
20  1.3  0.348075
2  11.0  2.27627e-05
20  1.4  0.28708
20  1.5  0.234386
20  1.6  0.187829
20  1.7  0.155281
20  1.8  0.127525
20  1.9  0.103837
20  2.0  0.0870932
20  2.5  0.0353354
20  3.0  0.0161672
20  3.5  0.00796596
2  11.5  1.73362e-05
20  4.0  0.00424539
2  12.0  1.31484e-05
20  5.5  0.000847721
20  4.5  0.00235136
20  5.0  0.00137473
20  6.0  0.000534089
20  6.5  0.000348148
20  7.0  0.000235228
20  8.0  0.000111234
20  7.5  0.000159613
20  8.5  8.21559e-05
20  9.0  5.95632e-05
20  9.5  4.35031e-05
20  11.5  1.39047e-05
20  10.0  3.0866e-05
22  0.2  0.545853
22  0.3  0.800831
22  0.4  0.986131
22  0.5  1.05086
20  10.5  2.34328e-05
22  0.6  1.05588
22  0.7  0.955399
22  0.8  0.835896
22  0.9  0.717372
22  1.0  0.597266
22  1.1  0.494727
22  1.2  0.401908
22  1.3  0.32843
20  11.0  1.76443e-05
22  1.4  0.269425
22  1.5  0.216104
22  1.6  0.178733
22  1.7  0.14553
22  1.9  0.097667
22  1.8  0.119832
22  2.0  0.0814982
22  2.5  0.0333144
22  3.0  0.0150446
22  3.5  0.00747018
22  5.0  0.00131953
20  12.0  1.0463e-05
22  5.5  0.000796638
22  4.5  0.00218682
22  4.0  0.0039351
22  6.5  0.00032077
22  7.5  0.000153248
22  6.0  0.000495715
22  7.0  0.000217918
22  8.0  0.000106449
22  8.5  7.45755e-05
22  9.0  5.44442e-05
22  9.5  4.00932e-05
22  11.5  1.26564e-05
22  10.0  2.86454e-05
24  0.2  0.537053
24  0.3  0.78069
24  0.4  0.946494
22  10.5  2.1626e-05
24  0.5  1.01669
24  0.6  0.99441
22  12.0  9.67922e-06
24  0.7  0.899601
24  0.8  0.785573
24  0.9  0.664869
24  1.0  0.55132
24  1.1  0.451642
24  1.2  0.366655
24  1.3  0.301904
24  1.4  0.244522
22  11.0  1.6882e-05
24  1.5  0.201559
24  1.7  0.13332
24  1.6  0.16373
24  1.8  0.11092
24  1.9  0.0904122
24  2.0  0.0741663
24  2.5  0.0302285
24  3.5  0.00673981
24  3.0  0.0137584
24  4.0  0.0035497
24  4.5  0.00198438
24  5.0  0.00117847
24  5.5  0.000717384
24  6.0  0.000453683
24  6.5  0.000296658
24  7.0  0.000199013
24  7.5  0.000134728
24  8.0  9.59228e-05
24  8.5  6.71753e-05
24  9.0  4.87173e-05
24  10.5  2.02388e-05
24  9.5  3.54596e-05
26  0.2  0.511466
26  0.3  0.751261
24  10.0  2.64068e-05
26  0.4  0.905254
26  0.5  0.951423
26  0.6  0.922452
26  0.7  0.833385
26  0.8  0.714334
26  0.9  0.600258
26  1.0  0.502976
26  1.1  0.410969
26  1.2  0.336138
26  1.3  0.27214
26  1.4  0.220381
26  1.5  0.182576
24  11.0  1.48378e-05
26  1.6  0.142262
26  1.8  0.0975213
26  1.7  0.118181
26  1.9  0.0796607
26  2.0  0.0663907
26  2.5  0.0268894
26  3.0  0.0121172
26  3.5  0.00604312
24  11.5  1.17655e-05
24  12.0  9.07954e-06
26  5.5  0.000632904
26  5.0  0.00102564
26  4.0  0.00312128
26  4.5  0.00178031
26  6.5  0.000261398
26  6.0  0.000399407
26  7.0  0.000175773
26  8.0  8.31588e-05
26  7.5  0.000119615
26  8.5  6.05894e-05
26  9.0  4.29738e-05
26  9.5  3.1949e-05
26  10.0  2.31133e-05
28  0.2  0.494608
28  0.3  0.70418
28  0.4  0.83561
28  0.5  0.870157
28  0.6  0.825662
28  0.7  0.734308
28  0.8  0.630458
26  10.5  1.78852e-05
28  0.9  0.522739
28  1.0  0.433195
28  1.1  0.355561
28  1.2  0.288471
28  1.3  0.232574
28  1.4  0.187701
28  1.5  0.152596
28  1.6  0.122827
28  1.8  0.08171
28  1.7  0.0998532
28  1.9  0.0671014
26  11.0  1.31003e-05
28  2.0  0.0557801
28  2.5  0.0230525
28  3.0  0.0101629
28  3.5  0.00496451
26  11.5  1.02525e-05
28  4.0  0.00263547
28  4.5  0.00147401
28  5.0  0.000885313
26  12.0  7.65962e-06
28  5.5  0.000540491
28  7.5  0.000102412
28  6.0  0.000334845
28  6.5  0.000219634
28  7.0  0.000148346
28  8.0  7.19276e-05
28  8.5  4.95102e-05
28  9.0  3.6624e-05
28  9.5  2.61686e-05
28  10.0  1.94065e-05
30  0.2  0.454747
30  0.3  0.643368
30  0.4  0.740849
30  0.5  0.753677
30  0.6  0.6938
30  0.7  0.610346
28  10.5  1.48533e-05
30  0.8  0.521472
30  0.9  0.4257
30  1.0  0.34523
30  1.1  0.28494
30  1.2  0.23043
30  1.3  0.185637
28  11.0  1.10333e-05
30  1.4  0.147746
28  12.0  6.53246e-06
30  1.5  0.119981
30  1.6  0.0981827
30  1.7  0.0804577
30  1.8  0.0654589
30  1.9  0.0531255
30  2.0  0.0441197
28  11.5  8.33031e-06
30  2.5  0.0175741
30  3.0  0.00809002
30  3.5  0.00381663
30  5.5  0.000417663
30  4.0  0.00209454
30  4.5  0.00115774
30  5.0  0.000663025
30  7.5  8.05038e-05
30  6.0  0.000264316
30  6.5  0.000168361
30  8.0  5.42494e-05
30  7.0  0.000118024
30  9.5  2.04774e-05
30  8.5  3.863e-05
30  9.0  2.8037e-05
30  10.0  1.50591e-05
32  0.2  0.406788
32  0.3  0.550189
32  0.4  0.613495
32  0.5  0.593721
32  0.6  0.541357
32  0.7  0.467583
32  0.8  0.391649
30  10.5  1.16266e-05
32  0.9  0.320876
32  1.0  0.259141
32  1.2  0.167041
32  1.1  0.208343
32  1.3  0.135886
32  1.4  0.109043
32  1.5  0.0868372
32  1.7  0.0573161
32  1.6  0.0721325
30  11.0  8.64795e-06
32  1.8  0.0460708
32  1.9  0.0381722
32  2.0  0.0315879
32  2.5  0.0128104
32  3.0  0.00560766
32  3.5  0.00286846
30  11.5  6.55324e-06
30  12.0  5.09585e-06
32  5.5  0.000301596
32  4.0  0.00145421
32  4.5  0.000823141
32  5.0  0.000494612
32  6.0  0.000188045
32  6.5  0.000122375
32  7.0  8.2678e-05
32  7.5  5.56979e-05
32  8.0  3.88556e-05
32  10.0  1.10884e-05
32  8.5  2.76135e-05
32  9.0  2.00372e-05
32  9.5  1.44846e-05
4  0.2  0.593476
4  0.3  0.866098
4  0.4  1.09351
4  0.5  1.22028
4  0.6  1.22667
4  0.7  1.1453
4  0.8  1.02936
4  0.9  0.889812
32  10.5  8.16613e-06
4  1.0  0.749057
4  1.1  0.622747
4  1.2  0.516328
4  1.3  0.422901
4  1.4  0.349585
4  1.5  0.282364
4  1.6  0.233739
32  11.0  6.20747e-06
4  1.7  0.192223
4  1.8  0.158482
4  1.9  0.130558
4  2.0  0.108714
4  2.5  0.0446764
4  3.0  0.0203268
4  3.5  0.0100063
32  11.5  4.70159e-06
4  4.0  0.00534968
32  12.0  3.6194e-06
4  6.0  0.000683124
4  4.5  0.00297968
4  5.0  0.00175758
4  5.5  0.00108141
4  6.5  0.000439085
4  7.0  0.000297648
4  7.5  0.000203477
4  8.0  0.000142792
4  8.5  0.00010288
4  10.0  3.93265e-05
4  9.0  7.3056e-05
4  9.5  5.35853e-05
6  0.2  0.593319
6  0.3  0.865352
4  10.5  3.01676e-05
6  0.4  1.09018
6  0.5  1.19773
6  0.6  1.20139
6  0.7  1.13402
6  0.8  1.01558
6  0.9  0.879521
6  1.0  0.747323
6  1.1  0.62229
4  11.0  2.30866e-05
6  1.2  0.516683
6  1.3  0.422699
6  1.4  0.348196
6  1.5  0.284429
6  1.6  0.234354
6  1.7  0.191862
6  1.8  0.156868
6  1.9  0.129616
6  2.0  0.107768
6  2.5  0.0441515
4  11.5  1.71318e-05
6  3.0  0.0201149
6  3.5  0.00989416
4  12.0  1.32568e-05
6  4.0  0.00532776
6  5.5  0.00107722
6  6.0  0.000686361
6  4.5  0.00300188
6  5.0  0.00175073
6  6.5  0.000437587
6  7.0  0.000295418
6  7.5  0.000200476
6  8.0  0.000140125
6  8.5  0.000101023
6  10.0  3.9556e-05
6  9.0  7.18323e-05
6  9.5  5.43815e-05
8  0.2  0.591835
8  0.3  0.872693
8  0.4  1.08764
8  0.5  1.18996
6  10.5  2.94644e-05
8  0.6  1.21633
8  0.7  1.12093
8  0.8  0.999555
8  0.9  0.874929
8  1.0  0.737332
8  1.1  0.611301
6  11.0  2.22128e-05
8  1.3  0.425898
8  1.2  0.508571
8  1.4  0.340178
8  1.5  0.278452
8  1.6  0.224112
8  1.7  0.18705
8  1.8  0.15361
8  1.9  0.12833
8  2.0  0.107105
8  2.5  0.0439858
8  3.0  0.0197453
8  3.5  0.00984937
6  11.5  1.69216e-05
6  12.0  1.34141e-05
8  4.0  0.00523789
8  5.5  0.00102794
8  4.5  0.00292401
8  6.0  0.000659237
8  5.0  0.00173456
8  6.5  0.000443669
8  7.0  0.000291711
8  7.5  0.000198623
8  8.0  0.000139084
8  8.5  9.88817e-05
8  10.0  3.97336e-05
8  9.0  7.13635e-05
8  9.5  5.31406e-05
8  10.5  2.95985e-05
8  11.0  2.24747e-05
8  11.5  1.68845e-05
8  12.0  1.33775e-05
