# exclusive D0 cross section, Pb target, HymnD fragmentation, An0n channel
# generated      : 2026-08-20 10:21:43 EEST
# calls          : 1e5 below 4.0 GeV, 2e3 above (see EXCL_PT_THRESHOLD) (VEGAS calls per point, see CALLS_EXCL/CALLS_EXCL_FACTORIZED/CALLS_DIFF)
# dipole samples : data/Pb/mve/glauber_mve_<b>
# pD0 sweep      : 0.2 0.3 0.4 0.5 0.6 0.7 0.8 0.9 1.0 1.1 1.2 1.3 1.4 1.5 1.6 1.7 1.8 1.9 2.0 2.5 3.0 3.5 4.0 4.5 5.0 5.5 6.0 6.5 7.0 7.5 8.0 8.5 9.0 9.5 10.0 10.5 11.0 11.5 12.0
# fixed rapidity y : 1.0
# ============================================================
# b  pD0  dsigma_dyd2pD0
0  0.4  1.90889
0  0.3  2.45059
0  0.5  1.44162
0  0.2  3.03399
0  0.6  1.06845
0  0.9  0.404958
0  0.7  0.779108
0  0.8  0.563354
0  1.0  0.291579
0  1.1  0.209887
0  1.2  0.151592
0  1.3  0.109721
0  1.4  0.079669
0  1.5  0.0582374
0  1.7  0.0316525
0  1.6  0.0426668
0  1.9  0.017528
0  1.8  0.0240495
0  2.5  0.00339966
0  2.0  0.0132375
0  3.5  0.000432973
0  3.0  0.000970651
0  4.5  3.87206e-05
0  5.0  1.5508e-05
0  4.0  0.00010454
0  5.5  6.62138e-06
0  6.0  2.98105e-06
0  7.0  6.80962e-07
0  6.5  1.40295e-06
0  7.5  3.5013e-07
0  8.0  1.84552e-07
0  8.5  1.00452e-07
0  9.0  5.65421e-08
0  9.5  3.24955e-08
0  10.0  1.91117e-08
10  0.2  2.88933
0  11.0  7.04739e-09
10  0.3  2.32914
10  0.4  1.81081
10  0.5  1.36601
10  0.6  1.0095
10  0.7  0.734339
0  10.5  1.14859e-08
10  0.8  0.530435
10  0.9  0.380804
10  1.0  0.272661
10  1.1  0.196964
10  1.2  0.142097
10  1.3  0.102731
10  1.4  0.0755518
10  1.6  0.0396918
10  1.5  0.0540684
10  1.9  0.0163848
10  1.7  0.0294192
10  1.8  0.0221146
10  2.0  0.0122373
10  3.0  0.000918275
10  2.5  0.00317408
0  11.5  4.37933e-09
10  3.5  0.000219843
0  12.0  2.79195e-09
10  4.0  9.57242e-05
10  4.5  3.57426e-05
10  5.5  6.05412e-06
10  5.0  1.42392e-05
10  6.5  1.26758e-06
10  6.0  2.72091e-06
10  7.0  6.24941e-07
10  7.5  3.18938e-07
10  8.0  1.67872e-07
10  8.5  9.13933e-08
10  9.0  5.14212e-08
10  9.5  2.95421e-08
10  10.0  1.73642e-08
12  0.2  2.82092
10  10.5  1.03932e-08
12  0.3  2.27373
10  11.0  6.4e-09
12  0.4  1.7663
12  0.5  1.33022
12  0.6  0.98194
12  0.7  0.713856
12  0.8  0.514747
12  0.9  0.369926
12  1.0  0.264992
12  1.1  0.190848
12  1.2  0.137352
12  1.3  0.0989397
12  1.4  0.0717392
12  1.5  0.0530433
12  1.6  0.0394664
12  1.7  0.0290082
12  1.8  0.0209901
12  1.9  0.0158469
12  2.0  0.0119626
12  2.5  0.00299028
12  3.0  0.000764295
10  11.5  3.97769e-09
12  3.5  0.000279587
10  12.0  2.52974e-09
12  5.0  1.35696e-05
12  4.0  9.18295e-05
12  4.5  3.42493e-05
12  5.5  5.78663e-06
12  7.0  5.94379e-07
12  6.0  2.59885e-06
12  6.5  1.22025e-06
12  7.5  3.05085e-07
12  8.0  1.61257e-07
12  9.0  4.91242e-08
12  8.5  8.73675e-08
12  9.5  2.82281e-08
12  10.0  1.65858e-08
14  0.2  2.73922
14  0.3  2.20494
14  0.4  1.71113
12  11.0  6.1132e-09
14  0.5  1.28719
14  0.6  0.949426
14  0.7  0.689448
12  10.5  9.93688e-09
14  0.8  0.496369
14  0.9  0.355407
14  1.0  0.254995
14  1.1  0.182819
14  1.2  0.132192
14  1.3  0.0957088
14  1.4  0.0687003
14  1.5  0.0501801
14  1.6  0.0369463
14  1.7  0.0270014
14  1.8  0.0199912
14  1.9  0.0152205
14  2.0  0.0113915
14  2.5  0.0028769
12  11.5  3.7984e-09
14  3.5  0.000338625
14  3.0  0.00073545
12  12.0  2.42114e-09
14  4.0  8.71215e-05
14  4.5  3.24753e-05
14  5.0  1.29363e-05
14  5.5  5.48025e-06
14  7.0  5.62911e-07
14  6.0  2.46048e-06
14  6.5  1.15805e-06
14  7.5  2.89709e-07
14  8.0  1.51799e-07
14  9.0  4.64469e-08
14  8.5  8.25793e-08
14  9.5  2.66758e-08
14  10.0  1.56687e-08
16  0.2  2.63809
16  0.3  2.12199
16  0.4  1.64456
16  0.5  1.23592
14  11.0  5.77053e-09
16  0.6  0.907669
16  0.7  0.659484
14  10.5  9.40161e-09
16  0.9  0.340087
16  0.8  0.474269
16  1.0  0.242954
16  1.1  0.174372
16  1.2  0.125277
16  1.3  0.090624
16  1.4  0.0652191
16  1.5  0.0474452
16  1.6  0.0347798
16  1.7  0.0254489
16  1.8  0.0193739
16  1.9  0.0142105
16  2.0  0.010478
16  2.5  0.00263505
16  3.0  0.000702595
16  3.5  0.000238667
14  11.5  3.58555e-09
14  12.0  2.27853e-09
16  4.0  8.16557e-05
16  5.5  5.08878e-06
16  4.5  3.03273e-05
16  5.0  1.20897e-05
16  7.0  5.25375e-07
16  6.5  1.08229e-06
16  6.0  2.29879e-06
16  7.5  2.70423e-07
16  8.0  1.41804e-07
16  9.0  4.32879e-08
16  8.5  7.68688e-08
16  9.5  2.48548e-08
16  10.5  8.75289e-09
18  0.2  2.51763
16  10.0  1.45773e-08
18  0.3  2.02211
16  11.0  5.37404e-09
18  0.4  1.56421
18  0.5  1.17406
18  0.6  0.862067
18  0.8  0.448067
18  0.7  0.624215
18  0.9  0.320006
18  1.0  0.228395
18  1.1  0.163721
18  1.2  0.117532
18  1.3  0.0853284
18  1.4  0.0611076
18  1.5  0.0443647
18  1.6  0.0330613
18  1.8  0.0180195
18  1.7  0.0238715
18  1.9  0.0132398
18  2.0  0.00995424
18  2.5  0.00258767
18  3.0  0.000748798
18  3.5  0.00023587
16  11.5  3.33666e-09
16  12.0  2.12101e-09
18  4.5  2.78196e-05
18  4.0  7.54006e-05
18  5.5  4.7343e-06
18  5.0  1.11314e-05
18  6.0  2.12037e-06
18  6.5  9.91058e-07
18  7.0  4.84732e-07
18  7.5  2.46885e-07
18  8.0  1.30002e-07
18  9.0  3.9712e-08
18  8.5  7.06225e-08
18  9.5  2.27656e-08
18  10.0  1.33363e-08
18  10.5  8.00718e-09
2  0.2  3.02819
2  0.3  2.44587
2  0.4  1.90498
2  0.5  1.43938
2  0.6  1.0662
2  0.7  0.777818
2  0.8  0.563024
2  0.9  0.404517
2  1.0  0.290666
2  1.1  0.20967
18  11.0  4.9206e-09
2  1.2  0.151555
2  1.3  0.109621
2  1.4  0.0794023
2  1.5  0.0580457
2  1.6  0.0427352
2  1.8  0.0236287
2  1.7  0.0314014
2  1.9  0.0178239
2  2.0  0.0133336
2  2.5  0.00350489
2  3.0  0.00100133
2  3.5  0.000338955
18  12.0  1.94978e-09
18  11.5  3.06713e-09
2  4.5  3.85843e-05
2  5.0  1.54534e-05
2  4.0  0.000104205
2  6.0  2.97064e-06
2  6.5  1.38554e-06
2  5.5  6.59866e-06
2  7.0  6.78626e-07
2  7.5  3.48887e-07
2  8.0  1.83884e-07
2  8.5  1.00093e-07
2  9.0  5.63212e-08
2  9.5  3.23804e-08
2  10.0  1.90414e-08
20  0.2  2.37451
2  11.0  7.02155e-09
20  0.3  1.90476
20  0.4  1.46957
2  10.5  1.14049e-08
20  0.5  1.10005
20  0.6  0.806824
20  0.7  0.582256
20  0.8  0.41667
20  0.9  0.297495
2  11.5  4.37895e-09
20  1.0  0.212039
20  1.2  0.108971
20  1.1  0.151442
20  1.3  0.0789381
20  1.4  0.0562666
20  1.5  0.0409658
20  1.6  0.0296835
20  1.7  0.0225519
20  1.9  0.0119975
20  2.0  0.00887257
20  1.8  0.0162717
20  3.0  0.000630638
20  2.5  0.00216414
20  3.5  0.000209902
2  12.0  2.78203e-09
20  4.0  6.80839e-05
20  4.5  2.52484e-05
20  5.0  1.00386e-05
20  5.5  4.25097e-06
20  6.0  1.90622e-06
20  6.5  8.93728e-07
20  7.0  4.35613e-07
20  7.5  2.21663e-07
20  8.0  1.16649e-07
20  9.0  3.55952e-08
20  8.5  6.33497e-08
20  9.5  2.03961e-08
20  10.0  1.19842e-08
22  0.2  2.20309
20  11.0  4.40626e-09
22  0.3  1.76108
22  0.4  1.35572
22  0.5  1.01286
22  0.6  0.739355
22  0.8  0.380482
22  0.7  0.532306
20  10.5  7.16876e-09
22  0.9  0.27047
22  1.0  0.191881
22  1.1  0.137234
22  1.3  0.0706826
22  1.2  0.0982493
22  1.4  0.0512509
22  1.5  0.0374244
22  1.6  0.0266545
22  1.7  0.0198731
22  1.8  0.014718
22  1.9  0.0109452
22  2.0  0.00821781
22  2.5  0.00207446
22  3.5  0.000217033
22  3.0  0.000450936
20  11.5  2.74153e-09
20  12.0  1.73847e-09
22  4.5  2.22093e-05
22  5.0  8.82975e-06
22  4.0  5.98623e-05
22  5.5  3.72139e-06
22  6.0  1.66836e-06
22  6.5  7.80918e-07
22  8.5  5.55166e-08
22  7.0  3.80253e-07
22  7.5  1.93114e-07
22  8.0  1.01602e-07
22  9.5  1.77362e-08
22  9.0  3.08559e-08
22  10.5  6.23759e-09
22  10.0  1.04052e-08
24  0.2  1.99264
22  11.0  3.82726e-09
24  0.3  1.58992
24  0.4  1.22009
24  0.5  0.907839
24  0.6  0.659826
24  0.7  0.473507
24  0.8  0.336713
24  0.9  0.238074
24  1.0  0.169354
24  1.2  0.0860895
24  1.1  0.120616
24  1.3  0.061618
24  1.4  0.0439736
24  1.6  0.0235645
24  1.5  0.0322399
24  1.8  0.0127791
24  1.7  0.0170322
24  2.0  0.00685998
24  1.9  0.0093957
24  2.5  0.00171206
24  3.0  0.000393353
22  12.0  1.51112e-09
24  3.5  0.00019751
22  11.5  2.37767e-09
24  4.5  1.87511e-05
24  5.0  7.43781e-06
24  6.0  1.38101e-06
24  4.0  5.06703e-05
24  5.5  3.13176e-06
24  6.5  6.53519e-07
24  7.0  3.18536e-07
24  7.5  1.61668e-07
24  8.0  8.52665e-08
24  8.5  4.60524e-08
24  9.5  1.47092e-08
24  9.0  2.57244e-08
24  10.5  5.19227e-09
26  0.2  1.73975
26  0.3  1.38152
24  10.0  8.64481e-09
26  0.4  1.05608
24  11.0  3.18592e-09
26  0.5  0.781526
26  0.6  0.565747
26  0.7  0.404055
26  0.8  0.286036
26  0.9  0.201661
26  1.0  0.142406
26  1.1  0.101036
26  1.2  0.0719063
26  1.4  0.0372398
26  1.3  0.0510472
26  1.5  0.0267945
26  1.6  0.0189932
26  1.8  0.0105953
26  1.7  0.0139857
26  1.9  0.00766678
26  2.0  0.00564444
26  3.0  0.000438104
24  12.0  1.25852e-09
26  2.5  0.0014262
26  3.5  0.00015234
24  11.5  1.97933e-09
26  4.0  4.04806e-05
26  4.5  1.48379e-05
26  5.0  5.9205e-06
26  5.5  2.49217e-06
26  6.0  1.09616e-06
26  8.0  6.63186e-08
26  6.5  5.15956e-07
26  7.0  2.51548e-07
26  7.5  1.27443e-07
26  9.5  1.15978e-08
26  8.5  3.62182e-08
26  9.0  2.02123e-08
26  10.0  6.78798e-09
26  10.5  4.06687e-09
28  0.2  1.4375
28  0.3  1.13616
28  0.4  0.863467
26  11.0  2.49178e-09
28  0.5  0.634771
28  0.6  0.456642
28  0.7  0.323632
28  0.8  0.227781
28  0.9  0.159838
28  1.0  0.112242
28  1.1  0.0792243
28  1.2  0.0560907
26  11.5  1.54885e-09
28  1.3  0.0394294
28  1.4  0.0282546
28  1.5  0.0203461
28  1.6  0.0151664
28  1.7  0.0106814
28  1.8  0.0078462
28  1.9  0.00585748
28  2.5  0.00109233
28  2.0  0.00434565
28  3.0  0.000235716
28  3.5  0.000120798
28  4.5  1.10074e-05
26  12.0  9.78372e-10
28  5.0  4.32615e-06
28  6.0  7.96261e-07
28  4.0  2.99164e-05
28  5.5  1.8096e-06
28  6.5  3.75401e-07
28  8.0  4.78947e-08
28  7.0  1.82083e-07
28  7.5  9.18933e-08
28  8.5  2.60656e-08
28  9.5  8.31703e-09
28  9.0  1.45034e-08
28  10.0  4.86596e-09
28  10.5  2.90682e-09
30  0.2  1.0958
30  0.3  0.860646
30  0.4  0.647807
30  0.5  0.47201
30  0.6  0.336639
30  0.7  0.23663
30  0.8  0.165705
30  0.9  0.115196
30  1.0  0.0802446
30  1.1  0.0560749
30  1.2  0.0393548
28  11.0  1.76848e-09
30  1.3  0.0279696
30  1.4  0.0196873
30  1.5  0.0142989
30  1.6  0.0101926
30  1.7  0.00742912
30  1.8  0.00549336
30  1.9  0.00406283
30  2.0  0.00281505
30  2.5  0.000708954
30  3.0  0.000217907
30  3.5  9.24831e-05
28  11.5  1.1025e-09
28  12.0  6.97057e-10
30  5.5  1.15952e-06
30  5.0  2.79855e-06
30  4.0  1.95731e-05
30  4.5  7.12866e-06
30  6.5  2.3973e-07
30  6.0  5.15193e-07
30  8.0  3.02927e-08
30  7.0  1.1608e-07
30  7.5  5.83464e-08
30  10.0  3.06174e-09
30  8.5  1.6471e-08
30  9.0  9.13642e-09
30  9.5  5.22314e-09
32  0.2  0.746255
30  10.5  1.82453e-09
32  0.3  0.580452
32  0.4  0.432568
32  0.5  0.311782
32  0.6  0.219658
30  11.0  1.10956e-09
32  0.7  0.152585
32  0.8  0.105578
32  0.9  0.0727569
30  11.5  6.8922e-10
32  1.0  0.050357
32  1.1  0.0349141
32  1.2  0.0242812
32  1.3  0.0170685
32  1.4  0.0119971
32  1.5  0.00849204
32  1.6  0.00633224
32  1.7  0.00447014
32  1.9  0.00237936
32  1.8  0.00331328
32  2.5  0.000411839
32  2.0  0.00175044
32  3.0  8.46854e-05
32  3.5  3.85601e-05
30  12.0  4.34168e-10
32  4.0  1.09508e-05
32  5.5  6.39888e-07
32  4.5  3.95195e-06
32  5.0  1.53667e-06
32  6.0  2.80281e-07
32  6.5  1.2999e-07
32  7.0  6.24123e-08
32  7.5  3.13568e-08
32  8.0  1.63967e-08
32  8.5  8.80711e-09
32  9.5  2.77097e-09
32  9.0  4.86511e-09
32  10.0  1.61129e-09
32  10.5  9.60045e-10
4  0.2  3.01154
4  0.3  2.43166
4  0.4  1.893
4  0.5  1.4306
4  0.6  1.05747
4  0.7  0.771888
32  11.0  5.83487e-10
4  0.8  0.558233
4  0.9  0.401846
4  1.0  0.28863
4  1.1  0.208482
4  1.2  0.150246
4  1.3  0.108698
4  1.4  0.0796389
32  11.5  3.61295e-10
4  1.5  0.0576099
4  1.6  0.0422055
4  1.7  0.0310405
4  1.9  0.0176735
4  1.8  0.0237582
4  2.0  0.0132308
4  2.5  0.00349239
4  3.0  0.000885149
4  3.5  0.000279771
32  12.0  2.27115e-10
4  4.5  3.81966e-05
4  5.0  1.5288e-05
4  4.0  0.000103157
4  6.0  2.93879e-06
4  6.5  1.36994e-06
4  5.5  6.53048e-06
4  7.0  6.70328e-07
4  7.5  3.4516e-07
4  8.0  1.81898e-07
4  8.5  9.90123e-08
4  9.0  5.57133e-08
4  9.5  3.20285e-08
4  10.0  1.8845e-08
6  0.2  2.98352
6  0.3  2.4083
4  11.0  6.94283e-09
6  0.4  1.87412
4  10.5  1.12691e-08
6  0.5  1.41592
6  0.6  1.047
6  0.7  0.764004
6  0.8  0.552108
6  0.9  0.396497
6  1.0  0.285454
6  1.1  0.205311
6  1.2  0.147808
6  1.3  0.108143
6  1.4  0.077987
6  1.5  0.0577926
6  1.6  0.0416259
6  1.7  0.0308714
6  1.8  0.0228986
6  1.9  0.0172515
6  2.0  0.0130422
4  11.5  4.3151e-09
6  2.5  0.00341497
6  3.0  0.00093191
6  3.5  0.000299414
4  12.0  2.76739e-09
6  4.5  3.75633e-05
6  5.0  1.50155e-05
6  4.0  0.000101358
6  6.0  2.88539e-06
6  6.5  1.34323e-06
6  5.5  6.41587e-06
6  7.0  6.64733e-07
6  7.5  3.39013e-07
6  8.0  1.7858e-07
6  8.5  9.721e-08
6  9.0  5.47001e-08
6  9.5  3.14391e-08
6  10.0  1.84845e-08
8  0.2  2.94226
8  0.3  2.37533
6  11.0  6.81485e-09
8  0.4  1.84742
8  0.5  1.39462
8  0.6  1.03077
6  10.5  1.10738e-08
8  0.7  0.750938
8  0.8  0.542329
8  0.9  0.389441
8  1.0  0.279965
8  1.1  0.201636
8  1.3  0.105788
8  1.2  0.145306
8  1.4  0.0768134
8  1.5  0.0564364
8  1.7  0.0308582
8  1.6  0.0407575
8  1.8  0.0227488
8  1.9  0.0168993
8  2.0  0.0126465
8  2.5  0.0032051
6  11.5  4.23409e-09
8  3.0  0.0008343
8  3.5  0.000277334
6  12.0  2.69255e-09
8  4.0  9.88965e-05
8  4.5  3.69226e-05
8  5.0  1.47138e-05
8  5.5  6.25387e-06
8  6.0  2.81369e-06
8  6.5  1.32003e-06
8  7.0  6.47459e-07
8  7.5  3.33742e-07
8  8.0  1.73907e-07
8  9.0  5.32756e-08
8  8.5  9.46722e-08
8  9.5  3.06173e-08
8  10.0  1.79941e-08
8  11.0  6.63355e-09
8  10.5  1.07743e-08
8  12.0  2.63381e-09
8  11.5  4.12118e-09
