# exclusive D0 cross section, Pb target, HymnD fragmentation, An0n channel
# generated      : 2026-08-20 11:06:53 EEST
# calls          : 1e5 below 4.0 GeV, 2e3 above (see EXCL_PT_THRESHOLD) (VEGAS calls per point, see CALLS_EXCL/CALLS_EXCL_FACTORIZED/CALLS_DIFF)
# dipole samples : data/Pb/bk_posterior/member_0092/glauber_mve_<b>
# pD0 sweep      : 0.2 0.3 0.4 0.5 0.6 0.7 0.8 0.9 1.0 1.1 1.2 1.3 1.4 1.5 1.6 1.7 1.8 1.9 2.0 2.5 3.0 3.5 4.0 4.5 5.0 5.5 6.0 6.5 7.0 7.5 8.0 8.5 9.0 9.5 10.0 10.5 11.0 11.5 12.0
# fixed rapidity y : 1.0
# ============================================================
# b  pD0  dsigma_dyd2pD0
0  0.5  1.39308
0  0.4  1.83416
0  0.2  2.89262
0  0.3  2.34451
0  0.6  1.036
0  0.8  0.550487
0  0.7  0.758922
0  0.9  0.397739
0  1.1  0.206465
0  1.0  0.286594
0  1.2  0.149637
0  1.3  0.108018
0  1.4  0.0796451
0  1.7  0.0319419
0  1.5  0.0584046
0  1.6  0.0420802
0  1.8  0.0237305
0  1.9  0.0174049
0  2.5  0.00332233
0  2.0  0.0129732
0  3.0  0.000933841
0  3.5  0.000379975
0  4.0  0.000100453
0  4.5  3.71984e-05
0  5.0  1.46992e-05
0  5.5  6.18213e-06
0  7.0  6.14839e-07
0  6.0  2.74421e-06
0  6.5  1.27884e-06
0  7.5  3.12685e-07
0  8.0  1.62637e-07
0  8.5  8.75114e-08
0  9.5  2.75447e-08
0  9.0  4.84322e-08
0  10.0  1.59545e-08
0  10.5  9.4468e-09
10  0.2  2.75684
10  0.3  2.23006
10  0.4  1.74174
0  11.0  5.70887e-09
10  0.5  1.3211
10  0.6  0.979859
10  0.7  0.715824
10  0.8  0.518307
10  0.9  0.373787
10  1.0  0.268511
10  1.1  0.19424
10  1.3  0.101646
10  1.2  0.139774
10  1.4  0.0734698
10  1.6  0.0397347
10  1.5  0.0533582
10  1.7  0.0289247
10  1.8  0.0214532
10  1.9  0.0163404
10  2.0  0.0121308
10  2.5  0.00312962
10  3.0  0.000940128
0  12.0  2.20324e-09
10  3.5  0.000235621
0  11.5  3.49887e-09
10  4.0  9.20709e-05
10  4.5  3.40073e-05
10  5.0  1.34401e-05
10  5.5  5.65115e-06
10  6.0  2.51389e-06
10  7.0  5.60912e-07
10  6.5  1.16713e-06
10  8.0  1.47197e-07
10  7.5  2.84611e-07
10  8.5  7.94294e-08
10  9.5  2.50324e-08
10  9.0  4.41134e-08
10  10.5  8.5926e-09
10  10.0  1.44889e-08
12  0.2  2.69302
10  11.0  5.18182e-09
12  0.3  2.17739
12  0.4  1.69898
12  0.5  1.2875
12  0.6  0.954044
12  0.7  0.696465
12  0.8  0.503772
12  0.9  0.363403
12  1.0  0.259953
10  11.5  3.18987e-09
12  1.1  0.187544
12  1.2  0.1352
12  1.3  0.0975918
12  1.4  0.0708473
12  1.5  0.0517078
12  1.6  0.038938
12  1.7  0.0278758
12  1.8  0.0206905
12  2.0  0.0117024
12  1.9  0.0154483
12  2.5  0.00285927
12  3.0  0.000741596
12  3.5  0.00024346
10  12.0  1.98801e-09
12  4.5  3.26413e-05
12  6.0  2.37846e-06
12  4.0  8.84303e-05
12  5.0  1.28751e-05
12  5.5  5.41474e-06
12  6.5  1.12077e-06
12  8.0  1.40861e-07
12  7.0  5.41631e-07
12  7.5  2.71625e-07
12  9.5  2.39284e-08
12  8.5  7.61287e-08
12  9.0  4.21687e-08
12  10.0  1.38607e-08
14  0.2  2.61458
14  0.3  2.11285
14  0.4  1.64726
12  11.0  4.95092e-09
14  0.5  1.2469
14  0.7  0.671848
14  0.6  0.922421
12  10.5  8.20003e-09
12  11.5  3.04644e-09
14  0.8  0.485624
14  0.9  0.34936
14  1.0  0.250214
14  1.2  0.129875
14  1.1  0.18058
14  1.3  0.0940712
14  1.4  0.0679374
14  1.5  0.0493837
14  1.6  0.0360286
14  1.7  0.026634
14  1.8  0.0201247
14  1.9  0.0149173
14  2.0  0.0111875
14  3.0  0.000821856
14  2.5  0.00286346
14  3.5  0.000331473
12  12.0  1.89977e-09
14  4.5  3.06781e-05
14  4.0  8.38257e-05
14  5.0  1.22091e-05
14  5.5  5.13019e-06
14  6.0  2.27351e-06
14  6.5  1.05633e-06
14  8.0  1.33051e-07
14  7.0  5.12647e-07
14  7.5  2.56647e-07
14  8.5  7.19788e-08
14  9.5  2.26197e-08
14  9.0  3.98627e-08
14  10.0  1.30985e-08
14  11.5  2.90521e-09
16  0.2  2.52122
16  0.3  2.03367
16  0.4  1.58444
14  11.0  4.67538e-09
16  0.5  1.19703
16  0.6  0.883671
16  0.7  0.64342
16  0.8  0.464396
14  10.5  7.74603e-09
16  0.9  0.333172
16  1.0  0.23858
16  1.1  0.171852
16  1.2  0.123612
16  1.3  0.0899202
16  1.4  0.065341
14  12.0  1.8027e-09
16  1.5  0.0469214
16  1.6  0.0342558
16  1.8  0.0190478
16  1.7  0.0252587
16  1.9  0.0142979
16  2.0  0.0105487
16  2.5  0.00263014
16  3.5  0.000210015
16  3.0  0.000635819
16  4.5  2.90104e-05
16  6.0  2.10713e-06
16  4.0  7.8631e-05
16  5.0  1.14438e-05
16  5.5  4.79904e-06
16  6.5  9.87064e-07
16  7.0  4.78281e-07
16  8.0  1.25928e-07
16  7.5  2.39661e-07
16  8.5  6.70255e-08
16  9.5  2.11656e-08
16  10.0  1.22219e-08
16  9.0  3.71697e-08
18  0.2  2.41019
16  11.0  4.35858e-09
18  0.3  1.94165
16  10.5  7.20501e-09
18  0.4  1.50909
18  0.5  1.13776
18  0.6  0.839128
18  0.7  0.609198
18  0.8  0.439131
18  0.9  0.315049
18  1.0  0.224663
18  1.1  0.161435
18  1.2  0.11595
18  1.4  0.0613381
18  1.3  0.083451
18  1.5  0.0448814
18  1.6  0.0320682
18  1.7  0.0241129
18  1.8  0.0179686
16  11.5  2.67711e-09
18  2.0  0.00953986
18  1.9  0.0131446
18  2.5  0.00246085
18  3.0  0.000584378
18  3.5  0.000193814
16  12.0  1.67773e-09
18  4.5  2.6727e-05
18  5.0  1.05607e-05
18  4.0  7.2519e-05
18  5.5  4.4176e-06
18  6.0  1.9555e-06
18  6.5  9.07211e-07
18  7.0  4.39255e-07
18  7.5  2.20564e-07
18  8.0  1.14856e-07
18  9.5  1.93373e-08
18  8.5  6.16638e-08
18  9.0  3.40443e-08
18  10.0  1.1147e-08
2  0.2  2.88707
2  0.3  2.33913
2  0.4  1.83
18  11.0  3.99254e-09
2  0.5  1.39094
2  0.6  1.03381
2  0.7  0.75718
2  0.8  0.548955
2  0.9  0.396143
2  1.0  0.285663
18  11.5  2.45308e-09
2  1.1  0.206027
18  10.5  6.60121e-09
2  1.2  0.149188
2  1.4  0.0794845
2  1.3  0.107739
2  1.5  0.0572891
2  1.6  0.0419758
2  1.7  0.0312523
2  1.8  0.0234233
2  1.9  0.0175508
18  12.0  1.53722e-09
2  2.0  0.013235
2  2.5  0.00335127
2  3.0  0.000818155
2  3.5  0.000294529
2  4.0  0.000100116
2  4.5  3.7017e-05
2  5.0  1.46496e-05
2  5.5  6.16662e-06
2  7.0  6.12751e-07
2  6.0  2.73482e-06
2  6.5  1.27477e-06
2  7.5  3.10896e-07
2  8.0  1.6206e-07
2  8.5  8.70982e-08
2  9.5  2.74238e-08
2  9.0  4.82672e-08
2  10.0  1.58531e-08
2  10.5  9.17144e-09
20  0.2  2.27331
20  0.3  1.82929
2  11.0  5.68778e-09
20  0.4  1.41675
20  0.5  1.0675
20  0.6  0.785812
20  0.7  0.569364
20  0.8  0.409174
20  0.9  0.292315
20  1.0  0.209064
20  1.3  0.0777466
20  1.1  0.149386
20  1.2  0.107381
20  1.4  0.0564394
20  1.5  0.0404355
20  1.6  0.0293956
20  1.7  0.0216189
20  1.8  0.0159388
20  1.9  0.0121931
20  2.0  0.00904533
20  2.5  0.00222758
20  3.5  0.000251988
20  3.0  0.000729505
2  12.0  2.19535e-09
2  11.5  3.48703e-09
20  4.5  2.4162e-05
20  5.0  9.53498e-06
20  4.0  6.56767e-05
20  5.5  3.98535e-06
20  6.0  1.76031e-06
20  6.5  8.20862e-07
20  7.0  3.95125e-07
20  7.5  1.98493e-07
20  8.0  1.03103e-07
20  8.5  5.54349e-08
20  9.5  1.73468e-08
20  9.0  3.05901e-08
20  10.0  1.00289e-08
20  11.0  3.57484e-09
22  0.2  2.1105
22  0.3  1.69408
20  11.5  2.19664e-09
22  0.4  1.31102
20  10.5  5.91209e-09
22  0.5  0.983785
22  0.6  0.722335
22  0.7  0.522
22  0.8  0.373699
22  0.9  0.266475
22  1.0  0.189486
22  1.1  0.135437
22  1.2  0.0973164
22  1.5  0.0371712
22  1.3  0.0695305
22  1.4  0.0501542
22  1.6  0.0264393
22  1.7  0.0195991
22  1.8  0.0143398
22  1.9  0.0107323
22  3.0  0.000541596
22  2.0  0.00801962
22  2.5  0.00195493
22  3.5  0.00023369
20  12.0  1.36771e-09
22  4.5  2.10959e-05
22  5.0  8.36668e-06
22  4.0  5.78025e-05
22  5.5  3.50202e-06
22  6.0  1.54171e-06
22  6.5  7.15696e-07
22  7.0  3.45732e-07
22  7.5  1.73203e-07
22  8.5  4.80831e-08
22  8.0  9.00908e-08
22  9.5  1.51022e-08
22  10.0  8.73324e-09
22  9.0  2.6654e-08
24  0.2  1.91357
22  10.5  5.14001e-09
24  0.3  1.53303
24  0.4  1.18153
24  0.5  0.883432
24  0.6  0.645916
24  0.7  0.465132
24  0.8  0.331839
24  0.9  0.236269
22  11.5  1.91949e-09
22  11.0  3.10051e-09
24  1.0  0.167661
24  1.1  0.11891
24  1.2  0.0850408
24  1.3  0.0611416
22  12.0  1.18616e-09
24  1.4  0.043665
24  1.6  0.0236461
24  1.5  0.0322953
24  1.7  0.0167469
24  1.8  0.012503
24  1.9  0.00928029
24  2.5  0.0017463
24  2.0  0.00699876
24  3.0  0.000437337
24  3.5  0.0001628
24  5.5  2.91214e-06
24  4.0  4.90605e-05
24  4.5  1.79525e-05
24  5.0  7.05683e-06
24  6.5  6.02575e-07
24  6.0  1.29675e-06
24  7.0  2.9017e-07
24  7.5  1.4523e-07
24  8.0  7.54374e-08
24  9.0  2.23068e-08
24  8.5  4.04453e-08
24  9.5  1.26035e-08
24  10.0  7.28689e-09
26  0.2  1.67469
26  0.3  1.33645
24  10.5  4.28798e-09
24  11.5  1.59004e-09
26  0.4  1.0259
26  0.5  0.763294
26  0.6  0.555491
26  0.7  0.397782
26  0.8  0.282789
24  11.0  2.58516e-09
26  1.1  0.10022
26  0.9  0.199956
26  1.0  0.141481
26  1.2  0.0713219
26  1.3  0.0510714
24  12.0  9.94573e-10
26  1.4  0.0363584
26  1.5  0.0262579
26  1.6  0.0195411
26  1.8  0.0104695
26  1.7  0.0140152
26  1.9  0.00777375
26  2.0  0.00571941
26  2.5  0.00140086
26  3.5  0.000187282
26  3.0  0.00033672
26  4.5  1.42043e-05
26  5.0  5.60129e-06
26  4.0  3.92852e-05
26  5.5  2.33688e-06
26  6.0  1.03193e-06
26  6.5  4.76064e-07
26  7.0  2.29104e-07
26  7.5  1.14648e-07
26  8.0  5.93953e-08
26  9.0  1.75506e-08
26  8.5  3.18841e-08
26  9.5  9.88216e-09
26  10.0  5.70021e-09
28  0.2  1.39047
28  0.3  1.10398
28  0.4  0.842284
28  0.5  0.62265
28  0.6  0.449983
26  10.5  3.36291e-09
28  0.7  0.319828
28  0.9  0.158967
28  0.8  0.225966
28  1.0  0.111857
28  1.1  0.0790102
28  1.2  0.0560236
28  1.3  0.0398377
28  1.4  0.0288111
28  1.5  0.020282
26  11.0  2.02593e-09
28  1.6  0.0146253
28  1.7  0.0108288
28  1.9  0.00571294
28  1.8  0.00785934
28  2.0  0.00429626
28  2.5  0.00110806
28  3.5  8.86099e-05
28  3.0  0.000212598
26  11.5  1.23275e-09
26  12.0  7.75913e-10
28  4.0  2.88586e-05
28  4.5  1.05399e-05
28  6.0  7.3845e-07
28  5.0  4.11673e-06
28  5.5  1.70826e-06
28  6.5  3.45372e-07
28  7.0  1.6618e-07
28  8.0  4.31245e-08
28  7.5  8.29817e-08
28  9.0  1.26048e-08
28  8.5  2.28862e-08
28  10.0  4.08897e-09
28  9.5  7.09694e-09
30  0.2  1.06561
28  11.5  8.91762e-10
30  0.3  0.840609
30  0.4  0.636547
30  0.5  0.466565
30  0.6  0.33407
30  0.8  0.165172
30  0.7  0.235725
30  0.9  0.115218
28  10.5  2.43398e-09
30  1.0  0.0804001
30  1.1  0.0564013
30  1.2  0.0395666
30  1.3  0.0283887
30  1.4  0.0197904
30  1.5  0.0141721
30  1.6  0.0102366
30  1.7  0.00759114
30  1.8  0.00550757
30  1.9  0.00405447
30  2.0  0.00296544
30  2.5  0.000699269
30  3.0  0.000140259
28  12.0  5.55049e-10
30  3.5  7.3539e-05
28  11.0  1.43857e-09
30  4.0  1.90761e-05
30  4.5  6.87837e-06
30  5.0  2.67055e-06
30  5.5  1.10601e-06
30  7.0  1.06028e-07
30  6.0  4.828e-07
30  6.5  2.22617e-07
30  7.5  5.30044e-08
30  8.5  1.46194e-08
30  8.0  2.73182e-08
30  9.5  4.48984e-09
30  9.0  7.97843e-09
30  10.0  2.57244e-09
30  10.5  1.51566e-09
32  0.2  0.733739
32  0.3  0.573554
32  0.4  0.429794
32  0.5  0.311441
32  0.6  0.220499
32  0.7  0.153777
32  0.8  0.106601
30  11.0  9.1005e-10
32  0.9  0.0736767
32  1.0  0.0510529
30  11.5  5.57808e-10
32  1.1  0.0354574
32  1.2  0.0248524
32  1.3  0.0174985
32  1.4  0.0121905
32  1.5  0.00889328
32  1.6  0.00635649
32  1.7  0.00448527
32  1.9  0.0024196
32  1.8  0.00332366
32  2.0  0.0017875
32  2.5  0.000421556
32  3.0  9.43407e-05
30  12.0  3.47666e-10
32  3.5  4.25987e-05
32  5.0  1.47077e-06
32  4.0  1.07356e-05
32  4.5  3.84786e-06
32  6.0  2.65268e-07
32  5.5  6.08704e-07
32  7.0  5.78074e-08
32  6.5  1.21065e-07
32  7.5  2.86776e-08
32  8.0  1.47003e-08
32  8.5  7.7954e-09
32  9.0  4.26073e-09
32  10.0  1.37188e-09
32  9.5  2.37945e-09
34  0.2  0.446457
34  0.3  0.345016
34  0.4  0.255108
34  0.5  0.18226
32  10.5  8.02822e-10
32  11.5  2.94405e-10
34  0.6  0.1272
34  0.7  0.0875232
34  0.8  0.0598986
34  0.9  0.0409139
34  1.0  0.027987
34  1.2  0.0134045
34  1.1  0.0192385
32  11.0  4.82491e-10
34  1.3  0.00942363
34  1.4  0.00647157
34  1.5  0.00452479
34  1.7  0.00240947
34  1.6  0.00325066
34  1.9  0.00123032
34  1.8  0.00170058
34  2.0  0.000920671
34  2.5  0.000218462
34  3.5  2.2918e-05
34  3.0  3.70678e-05
32  12.0  1.81225e-10
34  5.0  6.79435e-07
34  4.0  5.08851e-06
34  4.5  1.80189e-06
34  5.5  2.80371e-07
34  7.0  2.58257e-08
34  6.0  1.20905e-07
34  7.5  1.28907e-08
34  6.5  5.48394e-08
34  8.5  3.42046e-09
34  8.0  6.58657e-09
34  9.0  1.87093e-09
34  10.0  5.97506e-10
34  9.5  1.04605e-09
4  0.2  2.87144
4  0.3  2.32438
4  0.4  1.81983
4  0.5  1.38206
4  0.6  1.02702
34  10.5  3.50087e-10
4  0.7  0.752257
4  0.8  0.545614
4  0.9  0.393553
4  1.0  0.28351
4  1.1  0.204685
4  1.2  0.148266
4  1.3  0.106873
4  1.4  0.0782363
4  1.5  0.0578948
34  11.5  1.2775e-10
4  1.6  0.0416525
4  1.7  0.0315757
4  1.8  0.0232641
4  1.9  0.0173288
4  2.0  0.01276
34  11.0  2.09017e-10
4  2.5  0.00331934
4  3.0  0.000935542
4  3.5  0.000329443
34  12.0  7.90345e-11
4  4.0  9.92234e-05
4  4.5  3.66317e-05
4  5.0  1.44976e-05
4  5.5  6.0991e-06
4  7.0  6.06521e-07
4  6.0  2.7066e-06
4  6.5  1.26486e-06
4  7.5  3.07578e-07
4  8.0  1.60324e-07
4  8.5  8.61698e-08
4  9.5  2.71246e-08
4  9.0  4.77468e-08
4  10.0  1.57324e-08
6  0.2  2.84513
6  0.3  2.30144
6  0.4  1.80109
4  11.0  5.62395e-09
6  0.5  1.36806
6  0.6  1.01628
6  0.7  0.743438
4  10.5  9.27893e-09
6  0.8  0.538696
6  0.9  0.389103
6  1.0  0.279885
6  1.1  0.201772
6  1.2  0.146343
6  1.3  0.105456
6  1.4  0.0767395
6  1.6  0.0420438
6  1.5  0.0560592
6  1.7  0.0301509
6  1.8  0.0225866
6  1.9  0.0170771
6  2.0  0.01298
6  2.5  0.00326359
6  3.0  0.000830933
6  3.5  0.000246065
4  11.5  3.44887e-09
4  12.0  2.1721e-09
6  4.0  9.74723e-05
6  4.5  3.60009e-05
6  5.0  1.42472e-05
6  7.0  5.95485e-07
6  5.5  5.99468e-06
6  6.5  1.24182e-06
6  6.0  2.65946e-06
6  7.5  3.02074e-07
6  8.0  1.57439e-07
6  8.5  8.45898e-08
6  9.0  4.68683e-08
6  9.5  2.66339e-08
6  10.5  9.1388e-09
8  0.2  2.80567
6  10.0  1.52909e-08
8  0.3  2.27114
8  0.4  1.77598
6  11.0  5.51692e-09
8  0.5  1.34611
8  0.6  1.00084
8  0.7  0.732015
8  0.8  0.52995
8  0.9  0.382421
8  1.0  0.275038
8  1.1  0.198505
8  1.3  0.104057
8  1.2  0.143105
8  1.4  0.0765676
8  1.5  0.0549458
8  1.6  0.0401671
8  1.7  0.0297023
8  1.8  0.022371
8  1.9  0.0165011
8  2.5  0.00315833
8  2.0  0.0125995
8  3.0  0.000853314
8  3.5  0.000254017
6  11.5  3.38467e-09
6  12.0  2.11726e-09
8  4.0  9.51112e-05
8  4.5  3.51327e-05
8  5.0  1.38931e-05
8  5.5  5.84716e-06
8  7.0  5.80345e-07
8  6.5  1.21044e-06
8  6.0  2.59267e-06
8  7.5  2.94324e-07
8  8.0  1.53443e-07
8  8.5  8.24584e-08
8  9.5  2.59394e-08
8  9.0  4.56486e-08
8  10.0  1.503e-08
8  10.5  8.89919e-09
8  11.0  5.37001e-09
8  11.5  3.30098e-09
8  12.0  2.06238e-09
