# exclusive D0 cross section, Pb target, LHAPDF fragmentation, An0n channel
# generated      : 2026-08-19 15:29:48 EEST
# calls          : 1e5 below 4.0 GeV, 2e3 above (see EXCL_PT_THRESHOLD) (VEGAS calls per point, see CALLS_EXCL/CALLS_EXCL_FACTORIZED/CALLS_DIFF)
# dipole samples : data/Pb/bk_posterior/member_0092/glauber_mve_<b>
# pD0 sweep      : 0.2 0.3 0.4 0.5 0.6 0.7 0.8 0.9 1.0 1.1 1.2 1.3 1.4 1.5 1.6 1.7 1.8 1.9 2.0 2.5 3.0 3.5 4.0 4.5 5.0 5.5 6.0 6.5 7.0 7.5 8.0 8.5 9.0 9.5 10.0 10.5 11.0 11.5 12.0
# fixed rapidity y : 3.0
# ============================================================
# b  pD0  dsigma_dyd2pD0
0  0.2  0.54476
0  0.3  0.43243
0  0.4  0.330529
0  0.5  0.244684
0  0.7  0.1263
0  0.6  0.177124
0  0.9  0.0627114
0  1.1  0.0308264
0  0.8  0.0892578
0  1.0  0.0439342
0  1.2  0.0216826
0  1.3  0.0152206
0  1.4  0.0107635
0  1.5  0.00761526
0  1.6  0.00545771
0  1.7  0.00389499
0  1.9  0.0020244
0  1.8  0.00280885
0  2.5  0.000317525
0  2.0  0.00147158
0  3.0  7.17228e-05
0  3.5  1.92183e-05
0  5.0  5.31234e-07
0  4.0  5.4596e-06
0  4.5  1.64219e-06
0  5.5  1.78501e-07
0  6.5  2.3743e-08
0  6.0  6.35399e-08
0  7.0  9.12486e-09
0  7.5  3.65757e-09
0  8.0  1.5136e-09
0  8.5  6.44503e-10
0  9.0  2.81935e-10
0  10.5  2.68583e-11
0  10.0  5.79529e-11
0  9.5  1.26183e-10
10  0.2  0.522645
10  0.3  0.414638
10  0.4  0.316246
10  0.5  0.233743
10  0.6  0.168934
10  0.7  0.120253
10  0.8  0.0847511
10  0.9  0.0594775
10  1.0  0.0416098
10  1.1  0.029146
10  1.2  0.0204734
10  1.3  0.0143439
10  1.4  0.0101299
10  1.5  0.00716322
10  1.6  0.00510191
10  1.8  0.00265179
10  1.7  0.00364711
10  1.9  0.00190476
10  2.0  0.00137906
0  11.0  1.2868e-11
10  2.5  0.000293399
10  3.0  6.56946e-05
10  3.5  1.8185e-05
0  11.5  6.23112e-12
0  12.0  3.07102e-12
10  5.0  4.88529e-07
10  4.5  1.52024e-06
10  4.0  5.04862e-06
10  5.5  1.64578e-07
10  6.5  2.18473e-08
10  6.0  5.83845e-08
10  7.0  8.36996e-09
10  8.5  5.91519e-10
10  7.5  3.35482e-09
10  8.0  1.38728e-09
10  9.0  2.58292e-10
10  9.5  1.15384e-10
12  0.2  0.512355
10  10.0  5.27226e-11
12  0.3  0.406069
12  0.4  0.309571
12  0.5  0.22867
10  10.5  2.46614e-11
12  0.6  0.165145
12  0.7  0.117287
12  0.8  0.0827691
12  0.9  0.0580222
12  1.0  0.0405481
12  1.1  0.0283465
12  1.2  0.0198566
12  1.3  0.01395
12  1.4  0.00990703
12  1.5  0.00697471
12  1.7  0.00358648
10  11.5  5.70318e-12
12  1.6  0.00499774
12  1.8  0.00254431
12  1.9  0.00184512
12  2.0  0.00134303
10  11.0  1.17395e-11
12  2.5  0.00028672
12  3.0  6.34992e-05
12  3.5  1.71799e-05
10  12.0  2.80106e-12
12  4.0  4.87852e-06
12  4.5  1.46281e-06
12  5.0  4.66707e-07
12  5.5  1.58524e-07
12  6.5  2.08603e-08
12  6.0  5.61136e-08
12  8.5  5.69559e-10
12  7.0  8.03279e-09
12  7.5  3.2192e-09
12  8.0  1.3304e-09
12  10.0  5.06853e-11
12  9.0  2.47079e-10
12  9.5  1.10571e-10
14  0.2  0.499725
14  0.3  0.395776
14  0.4  0.301586
14  0.5  0.222445
14  0.6  0.160486
14  0.7  0.114026
14  0.9  0.0561412
14  0.8  0.0802642
12  10.5  2.36415e-11
14  1.0  0.0392487
14  1.1  0.0274059
14  1.3  0.0134659
14  1.2  0.0191735
12  11.5  5.45751e-12
14  1.4  0.00955518
14  1.5  0.00672359
14  1.6  0.0048007
14  1.7  0.00343577
14  1.8  0.0024567
14  1.9  0.00176147
12  11.0  1.12304e-11
14  2.0  0.00127441
14  2.5  0.000273447
14  3.0  6.14655e-05
14  3.5  1.6551e-05
12  12.0  2.67828e-12
14  4.5  1.39398e-06
14  4.0  4.63026e-06
14  5.0  4.44432e-07
14  5.5  1.50175e-07
14  6.5  1.98196e-08
14  6.0  5.33594e-08
14  8.5  5.40192e-10
14  7.0  7.65423e-09
14  7.5  3.05738e-09
14  8.0  1.26323e-09
14  10.0  4.79832e-11
14  9.0  2.34285e-10
14  11.0  1.06343e-11
14  9.5  1.04659e-10
16  0.2  0.484369
16  0.3  0.383154
16  0.4  0.291609
16  0.5  0.214912
16  0.6  0.154863
16  0.7  0.109952
16  0.8  0.0772395
16  1.0  0.0376726
16  0.9  0.0539966
16  1.1  0.0263176
16  1.2  0.0183736
14  10.5  2.23651e-11
16  1.3  0.0128801
16  1.4  0.0091344
16  1.6  0.0045836
16  1.5  0.00648839
16  1.7  0.00327004
16  1.8  0.00232508
14  11.5  5.17061e-12
16  1.9  0.00168592
16  2.0  0.00122771
16  3.0  5.81031e-05
16  2.5  0.000258819
16  3.5  1.52282e-05
14  12.0  2.5371e-12
16  4.5  1.31291e-06
16  5.5  1.41556e-07
16  4.0  4.36612e-06
16  5.0  4.18038e-07
16  6.5  1.86128e-08
16  6.0  5.00605e-08
16  7.0  7.16817e-09
16  7.5  2.86221e-09
16  8.5  5.04599e-10
16  8.0  1.18325e-09
16  9.0  2.19945e-10
16  10.0  4.49321e-11
16  9.5  9.81428e-11
16  11.0  9.98412e-12
18  0.2  0.465883
16  11.5  4.73637e-12
18  0.3  0.367998
18  0.4  0.279788
18  0.5  0.205849
18  0.6  0.148102
18  0.8  0.0735425
18  0.7  0.104924
18  0.9  0.0514478
18  1.0  0.0358238
18  1.1  0.0249129
18  1.2  0.0174138
16  10.5  2.09188e-11
18  1.4  0.00863566
18  1.3  0.0121921
18  1.6  0.00431564
18  1.5  0.00605724
18  1.7  0.00308707
18  1.9  0.00159144
18  1.8  0.00219321
18  2.0  0.00114641
18  2.5  0.000242447
18  3.0  5.28347e-05
18  3.5  1.39762e-05
16  12.0  2.36836e-12
18  4.5  1.2189e-06
18  4.0  4.06085e-06
18  5.0  3.87773e-07
18  6.5  1.72865e-08
18  5.5  1.30658e-07
18  7.0  6.6485e-09
18  6.0  4.63376e-08
18  7.5  2.65729e-09
18  8.5  4.68012e-10
18  8.0  1.0949e-09
18  9.0  2.02172e-10
18  9.5  9.03694e-11
18  10.0  4.12675e-11
2  0.2  0.543832
2  0.3  0.431734
2  0.4  0.329973
2  0.5  0.244261
2  0.6  0.176805
18  10.5  1.92551e-11
2  0.7  0.126038
2  0.8  0.0890993
2  0.9  0.0625002
2  1.1  0.0307603
2  1.0  0.0438446
2  1.2  0.0216357
2  1.3  0.0151822
2  1.4  0.0107402
18  11.0  9.14374e-12
2  1.5  0.00759712
2  1.6  0.00543371
2  1.8  0.00280456
2  1.7  0.0038857
2  1.9  0.00201965
2  2.0  0.00147397
2  2.5  0.000316524
2  3.0  7.13996e-05
2  3.5  1.86905e-05
18  11.5  4.41776e-12
18  12.0  2.17591e-12
2  5.0  5.29515e-07
2  4.0  5.44335e-06
2  4.5  1.63714e-06
2  6.5  2.36662e-08
2  5.5  1.77933e-07
2  6.0  6.331e-08
2  7.0  9.09563e-09
2  7.5  3.6499e-09
2  8.0  1.50888e-09
2  8.5  6.42584e-10
2  9.0  2.80987e-10
2  9.5  1.25755e-10
2  10.0  5.7539e-11
2  10.5  2.67651e-11
20  0.2  0.44327
20  0.3  0.34979
20  0.4  0.265386
20  0.5  0.194937
20  0.6  0.139986
20  0.7  0.0990287
20  0.8  0.0693103
20  0.9  0.0482524
20  1.0  0.0335894
20  1.1  0.0233412
20  1.2  0.0162903
20  1.3  0.0113806
20  1.4  0.00804812
20  1.5  0.00563358
20  1.6  0.00399117
20  1.7  0.00284732
20  1.8  0.00203511
2  11.0  1.28231e-11
20  1.9  0.00147629
20  2.0  0.00105885
20  2.5  0.000223005
20  3.0  4.91652e-05
20  3.5  1.30466e-05
2  11.5  6.20976e-12
2  12.0  3.02074e-12
20  4.0  3.70721e-06
20  4.5  1.10914e-06
20  5.5  1.19256e-07
20  5.0  3.53091e-07
20  6.0  4.1727e-08
20  6.5  1.55625e-08
20  7.0  5.99529e-09
20  7.5  2.39155e-09
20  8.0  9.86301e-10
20  8.5  4.19628e-10
20  9.0  1.82279e-10
20  9.5  8.14875e-11
22  0.2  0.416121
20  10.0  3.71361e-11
22  0.3  0.328009
22  0.4  0.248146
22  0.5  0.181938
22  0.6  0.130218
20  10.5  1.7322e-11
22  0.7  0.0918472
22  0.8  0.0641742
22  0.9  0.0446352
22  1.0  0.0309465
22  1.2  0.0149379
22  1.1  0.0214963
20  11.5  3.98594e-12
22  1.3  0.0104176
22  1.4  0.00732769
22  1.5  0.00520058
20  11.0  8.24351e-12
22  1.7  0.00260959
22  1.6  0.0036375
22  1.8  0.00184472
22  1.9  0.00132263
22  2.0  0.000961379
22  2.5  0.000200827
22  3.5  1.1311e-05
22  3.0  4.4749e-05
20  12.0  1.95781e-12
22  5.0  3.15578e-07
22  4.5  9.87779e-07
22  4.0  3.3013e-06
22  5.5  1.05539e-07
22  7.5  2.1316e-09
22  6.5  1.37519e-08
22  6.0  3.7152e-08
22  8.0  8.76023e-10
22  7.0  5.27719e-09
22  8.5  3.67328e-10
22  9.0  1.60097e-10
22  9.5  7.14772e-11
22  10.0  3.2577e-11
24  0.2  0.382793
24  0.3  0.300871
24  0.4  0.22714
24  0.5  0.165917
24  0.6  0.118371
24  0.7  0.0832047
24  0.8  0.0579758
24  0.9  0.0401372
24  1.0  0.027782
24  1.1  0.0192164
22  10.5  1.5174e-11
24  1.2  0.0133466
24  1.3  0.00928089
24  1.4  0.00652191
24  1.5  0.00457844
24  1.6  0.00323301
24  1.7  0.0023043
24  1.8  0.00165449
22  11.0  7.20934e-12
24  1.9  0.00117162
24  2.0  0.000850005
24  2.5  0.000175378
24  3.0  4.04246e-05
24  3.5  1.00016e-05
22  11.5  3.48382e-12
22  12.0  1.71087e-12
24  4.5  8.46592e-07
24  4.0  2.84412e-06
24  5.0  2.67714e-07
24  6.0  3.18095e-08
24  5.5  8.98013e-08
24  7.5  1.80036e-09
24  6.5  1.16902e-08
24  7.0  4.48214e-09
24  8.0  7.34535e-10
24  8.5  3.10972e-10
24  9.0  1.3572e-10
24  9.5  6.02799e-11
24  10.5  1.28602e-11
26  0.2  0.341556
26  0.3  0.267803
24  10.0  2.74676e-11
26  0.4  0.201361
26  0.5  0.146483
24  11.5  2.91281e-12
26  0.6  0.104019
26  0.7  0.0728037
26  0.8  0.0504772
24  12.0  1.45522e-12
26  0.9  0.0349083
26  1.0  0.0240223
26  1.1  0.0165982
26  1.2  0.0114903
26  1.3  0.00795051
26  1.4  0.005544
26  1.5  0.00391961
26  1.6  0.0027551
26  1.8  0.00137912
26  1.7  0.00193916
26  1.9  0.00100411
26  2.0  0.000711215
26  2.5  0.000146101
24  11.0  6.0593e-12
26  3.0  3.36743e-05
26  3.5  8.84264e-06
26  4.5  6.89042e-07
26  5.0  2.17573e-07
26  4.0  2.32394e-06
26  5.5  7.28814e-08
26  6.0  2.5498e-08
26  7.5  1.43409e-09
26  6.5  9.3989e-09
26  7.0  3.59706e-09
26  8.5  2.48443e-10
26  8.0  5.86775e-10
26  9.0  1.07719e-10
26  9.5  4.79592e-11
28  0.2  0.291385
26  10.0  2.18263e-11
28  0.3  0.227438
28  0.4  0.170071
28  0.5  0.123111
26  11.0  4.80741e-12
28  0.6  0.0869916
28  0.7  0.0605322
26  10.5  1.01377e-11
28  0.8  0.0417279
28  0.9  0.0286652
28  1.0  0.0196328
28  1.1  0.0134952
28  1.2  0.00927159
28  1.3  0.00640961
28  1.4  0.00445008
28  1.5  0.00312465
28  1.6  0.00219923
28  1.7  0.00153969
28  1.8  0.00110011
28  1.9  0.000789539
28  2.0  0.000557014
28  2.5  0.000113644
28  3.0  2.4487e-05
26  11.5  2.31379e-12
28  3.5  6.84928e-06
26  12.0  1.13712e-12
28  4.0  1.76465e-06
28  4.5  5.18343e-07
28  5.0  1.63102e-07
28  5.5  5.43956e-08
28  7.0  2.66767e-09
28  6.5  6.97506e-09
28  6.0  1.89949e-08
28  8.0  4.34155e-10
28  7.5  1.0591e-09
28  9.5  3.53013e-11
28  8.5  1.82175e-10
28  9.0  7.89527e-11
28  11.0  3.51593e-12
28  10.0  1.59098e-11
28  10.5  7.39741e-12
30  0.2  0.23233
30  0.3  0.180241
28  12.0  8.2475e-13
30  0.4  0.133943
30  0.5  0.0960976
30  0.6  0.0674026
30  0.7  0.0464942
28  11.5  1.68995e-12
30  0.8  0.0318465
30  0.9  0.0217156
30  1.0  0.0147708
30  1.1  0.0100915
30  1.2  0.0069045
30  1.3  0.00473138
30  1.4  0.00329105
30  1.5  0.00227286
30  1.6  0.00158464
30  1.7  0.00112841
30  1.8  0.000791548
30  1.9  0.000560544
30  2.0  0.000403214
30  2.5  7.89305e-05
30  3.0  1.82005e-05
30  3.5  4.31851e-06
30  4.5  3.50875e-07
30  4.0  1.20228e-06
30  5.0  1.09326e-07
30  5.5  3.61717e-08
30  6.0  1.26369e-08
30  6.5  4.60889e-09
30  8.0  2.8204e-10
30  7.0  1.75255e-09
30  7.5  6.91444e-10
30  8.5  1.18682e-10
30  9.0  5.12019e-11
30  9.5  2.2706e-11
32  0.2  0.168842
30  10.0  1.02657e-11
32  0.3  0.130025
32  0.4  0.0956752
32  0.5  0.0680049
32  0.6  0.0471381
30  11.0  2.24794e-12
32  0.7  0.0322355
32  0.8  0.0218506
32  1.0  0.00992546
32  0.9  0.014746
30  10.5  4.74811e-12
32  1.1  0.0067281
32  1.3  0.00313531
32  1.2  0.00457229
32  1.4  0.00213839
32  1.5  0.00147467
32  1.6  0.00102595
32  1.7  0.000716002
32  1.8  0.000502631
32  2.0  0.000254765
32  1.9  0.000360962
32  2.5  4.94847e-05
32  3.0  1.10173e-05
32  3.5  2.74019e-06
30  11.5  1.07668e-12
30  12.0  5.25519e-13
32  4.0  7.11021e-07
32  4.5  2.05092e-07
32  5.0  6.34573e-08
32  5.5  2.08195e-08
32  7.0  9.95801e-10
32  7.5  3.91855e-10
32  6.0  7.20222e-09
32  8.0  1.58973e-10
32  6.5  2.61061e-09
32  8.5  6.60038e-11
32  10.0  5.64527e-12
32  9.0  2.83518e-11
32  9.5  1.24975e-11
34  0.2  0.110422
34  0.3  0.0841581
34  0.4  0.0612212
34  0.5  0.0429726
34  0.6  0.029382
34  0.7  0.0198677
34  0.8  0.0132967
34  0.9  0.00886659
32  10.5  2.59923e-12
34  1.0  0.00592284
34  1.1  0.00396247
34  1.2  0.00266235
32  11.0  1.22323e-12
34  1.3  0.00180347
34  1.4  0.00122484
34  1.6  0.000581802
34  1.5  0.000837644
34  1.7  0.000399621
34  1.9  0.000200938
34  1.8  0.000280554
34  2.5  2.6723e-05
34  2.0  0.000140699
34  3.0  5.51831e-06
34  3.5  1.32064e-06
32  11.5  5.8611e-13
32  12.0  2.86212e-13
34  5.0  3.12118e-08
34  4.5  1.02588e-07
34  4.0  3.59329e-07
34  5.5  1.0185e-08
34  6.0  3.49313e-09
34  6.5  1.25506e-09
34  7.0  4.7057e-10
34  8.5  3.08858e-11
34  7.5  1.83504e-10
34  8.0  7.40445e-11
34  9.0  1.31531e-11
34  9.5  5.76014e-12
34  10.0  2.58532e-12
4  0.2  0.541293
4  0.3  0.429993
34  10.5  1.18395e-12
4  0.4  0.328321
4  0.5  0.242976
4  0.6  0.175838
4  0.7  0.125331
4  0.8  0.0885192
4  0.9  0.0621642
4  1.0  0.0435723
4  1.1  0.0305543
4  1.2  0.021496
4  1.3  0.0150743
4  1.4  0.0106534
4  1.5  0.00754303
4  1.6  0.00539942
4  1.8  0.00279924
4  1.7  0.00385727
34  11.0  5.5423e-13
4  1.9  0.00200509
4  2.0  0.00145286
4  2.5  0.000313737
4  3.0  7.04434e-05
4  3.5  2.06792e-05
34  11.5  2.65275e-13
34  12.0  1.28804e-13
4  5.0  5.25525e-07
4  4.0  5.39441e-06
4  4.5  1.62201e-06
4  6.5  2.34363e-08
4  5.5  1.76234e-07
4  6.0  6.27262e-08
4  7.0  9.00595e-09
4  8.5  6.43294e-10
4  9.0  2.81311e-10
4  7.5  3.61253e-09
4  8.0  1.49382e-09
4  10.5  2.64874e-11
4  9.5  1.24469e-10
6  0.2  0.53689
4  10.0  5.69886e-11
6  0.3  0.426426
6  0.4  0.325548
6  0.5  0.240833
6  0.6  0.174227
6  0.7  0.124246
6  0.8  0.0876695
6  0.9  0.0615106
6  1.0  0.0431167
6  1.1  0.0302177
6  1.2  0.0211657
6  1.3  0.014905
4  11.0  1.26801e-11
6  1.4  0.0105404
6  1.6  0.00537554
6  1.5  0.0074529
6  1.7  0.00381222
6  1.8  0.00276565
6  2.0  0.00143504
6  1.9  0.00197942
6  2.5  0.000311186
4  12.0  3.00166e-12
6  3.0  6.91242e-05
6  3.5  1.87528e-05
4  11.5  6.14619e-12
6  4.0  5.3124e-06
6  4.5  1.59676e-06
6  5.0  5.12187e-07
6  6.5  2.30537e-08
6  5.5  1.73373e-07
6  6.0  6.16893e-08
6  7.0  8.8602e-09
6  8.5  6.31702e-10
6  9.0  2.75702e-10
6  7.5  3.54768e-09
6  8.0  1.46898e-09
6  9.5  1.22319e-10
8  0.2  0.530807
6  10.0  5.60139e-11
8  0.3  0.421127
8  0.4  0.321598
8  0.5  0.237772
6  10.5  2.61606e-11
8  0.6  0.171929
8  0.7  0.122564
8  0.8  0.0864432
8  0.9  0.060675
8  1.0  0.0424681
8  1.1  0.0298003
8  1.2  0.0209145
8  1.3  0.0146651
8  1.4  0.0103582
8  1.5  0.00732632
8  1.6  0.00523319
8  1.8  0.00271821
8  1.7  0.0037356
8  1.9  0.00194192
8  2.0  0.00141223
6  11.0  1.24484e-11
8  2.5  0.000302737
8  3.0  6.74724e-05
8  3.5  1.8332e-05
6  11.5  6.03531e-12
6  12.0  2.97435e-12
8  4.5  1.56647e-06
8  4.0  5.19732e-06
8  5.5  1.69825e-07
8  5.0  5.00652e-07
8  6.5  2.25248e-08
8  6.0  6.02415e-08
8  7.0  8.64601e-09
8  9.0  2.69413e-10
8  7.5  3.46612e-09
8  8.0  1.43271e-09
8  8.5  6.10697e-10
8  9.5  1.18982e-10
8  10.0  5.45935e-11
8  10.5  2.52671e-11
8  11.0  1.21362e-11
8  11.5  5.88464e-12
8  12.0  2.89875e-12
