# exclusive D0 cross section, Pb target, LHAPDF fragmentation, An0n channel
# generated      : 2026-08-19 15:24:11 EEST
# calls          : 1e5 below 4.0 GeV, 2e3 above (see EXCL_PT_THRESHOLD) (VEGAS calls per point, see CALLS_EXCL/CALLS_EXCL_FACTORIZED/CALLS_DIFF)
# dipole samples : data/Pb/bk_posterior/member_0018/glauber_mve_<b>
# pD0 sweep      : 0.2 0.3 0.4 0.5 0.6 0.7 0.8 0.9 1.0 1.1 1.2 1.3 1.4 1.5 1.6 1.7 1.8 1.9 2.0 2.5 3.0 3.5 4.0 4.5 5.0 5.5 6.0 6.5 7.0 7.5 8.0 8.5 9.0 9.5 10.0 10.5 11.0 11.5 12.0
# fixed rapidity y : 0.0
# ============================================================
# b  pD0  dsigma_dyd2pD0
0  0.3  2.63147
0  0.2  3.24838
0  0.5  1.57977
0  0.4  2.06851
0  0.7  0.875908
0  0.6  1.18469
0  1.0  0.345936
0  0.8  0.644312
0  0.9  0.472547
0  1.1  0.254056
0  1.2  0.186535
0  1.4  0.103241
0  1.3  0.13779
0  1.5  0.0766389
0  1.6  0.0581566
0  1.7  0.0438995
0  1.9  0.025925
0  1.8  0.0327059
0  2.0  0.0198452
0  3.5  0.000519893
0  2.5  0.00551953
0  3.0  0.00162817
0  4.0  0.000213901
0  4.5  8.53802e-05
0  5.0  3.64877e-05
0  5.5  1.64803e-05
0  6.0  7.766e-06
0  7.5  1.07378e-06
0  6.5  3.85242e-06
0  7.0  2.00013e-06
0  8.0  5.91143e-07
0  8.5  3.37285e-07
0  9.0  1.96947e-07
0  9.5  1.18067e-07
0  10.0  7.26386e-08
10  0.2  3.08118
10  0.3  2.49494
10  0.4  1.95478
10  0.5  1.49061
0  12.0  1.25093e-08
0  10.5  4.55538e-08
10  0.6  1.11485
10  0.7  0.823711
10  0.8  0.603911
10  0.9  0.441816
10  1.0  0.322361
10  1.1  0.235916
10  1.2  0.173553
10  1.3  0.128382
10  1.4  0.0960246
0  11.0  2.90771e-08
10  1.5  0.0708482
10  1.6  0.053758
10  1.7  0.0404176
10  1.9  0.0228239
10  1.8  0.029984
10  2.0  0.0181863
10  2.5  0.00496208
10  3.0  0.00142154
10  3.5  0.000471624
0  11.5  1.88494e-08
10  5.5  1.47165e-05
10  4.0  0.000195031
10  4.5  7.79173e-05
10  5.0  3.3183e-05
10  7.5  9.76827e-07
10  6.0  7.03074e-06
10  7.0  1.81077e-06
10  6.5  3.50861e-06
10  8.0  5.34992e-07
10  8.5  3.06224e-07
10  9.0  1.78593e-07
10  9.5  1.06949e-07
10  11.0  2.61964e-08
10  10.0  6.5845e-08
12  0.2  3.00631
12  0.3  2.4316
12  0.4  1.90325
12  0.5  1.44919
12  0.6  1.08317
10  10.5  4.11529e-08
12  0.7  0.799108
12  0.8  0.585602
12  0.9  0.428102
12  1.0  0.312571
12  1.1  0.22874
12  1.2  0.168264
12  1.3  0.123983
12  1.4  0.0920232
12  1.5  0.068985
12  1.6  0.0512529
12  1.7  0.0382958
12  1.8  0.029204
12  1.9  0.0220134
12  2.0  0.0170763
12  2.5  0.00488515
12  3.5  0.000731169
12  3.0  0.00138372
10  11.5  1.7266e-08
10  12.0  1.14216e-08
12  5.5  1.40733e-05
12  4.0  0.000186775
12  4.5  7.46025e-05
12  5.0  3.1699e-05
12  7.5  9.30065e-07
12  6.0  6.75885e-06
12  6.5  3.36194e-06
12  7.0  1.73333e-06
12  9.5  1.01741e-07
12  8.0  5.10651e-07
12  8.5  2.9236e-07
12  9.0  1.70526e-07
12  11.0  2.49893e-08
14  0.2  2.91113
12  10.0  6.28411e-08
14  0.3  2.35108
14  0.4  1.83967
14  0.5  1.39884
14  0.6  1.04321
14  0.7  0.770144
14  0.8  0.56321
12  10.5  3.92421e-08
14  0.9  0.411257
14  1.0  0.299634
14  1.1  0.219002
14  1.2  0.16062
14  1.3  0.11812
14  1.5  0.0659904
14  1.4  0.0877798
14  1.6  0.0495135
14  1.7  0.0373855
14  1.8  0.0283608
14  1.9  0.0209302
14  2.0  0.0161241
14  2.5  0.00454563
12  12.0  1.10498e-08
14  3.0  0.00133174
14  3.5  0.0003535
12  11.5  1.6417e-08
14  5.0  2.96268e-05
14  5.5  1.33054e-05
14  4.0  0.000177865
14  6.0  6.39186e-06
14  4.5  7.06152e-05
14  6.5  3.16024e-06
14  7.0  1.63811e-06
14  7.5  8.75822e-07
14  9.5  9.57707e-08
14  8.0  4.82655e-07
14  8.5  2.7584e-07
14  9.0  1.60968e-07
14  11.0  2.35693e-08
14  10.0  5.9509e-08
16  0.2  2.79779
16  0.3  2.25753
16  0.4  1.76388
16  0.5  1.33974
14  12.0  1.02046e-08
16  0.6  0.997277
14  10.5  3.71524e-08
16  0.7  0.734355
16  0.8  0.53603
16  0.9  0.391134
16  1.0  0.284981
16  1.1  0.207768
16  1.2  0.152092
16  1.3  0.111739
16  1.4  0.0828789
16  1.5  0.0621743
16  1.6  0.0467339
16  1.7  0.0354427
16  1.8  0.0268147
16  1.9  0.0199977
16  2.5  0.00401991
16  2.0  0.0151098
16  3.5  0.000536687
16  3.0  0.00134312
14  11.5  1.5433e-08
16  5.5  1.24068e-05
16  4.0  0.000166146
16  4.5  6.59242e-05
16  5.0  2.80095e-05
16  6.0  5.9557e-06
16  7.5  8.16588e-07
16  7.0  1.52565e-06
16  6.5  2.9538e-06
16  9.5  8.88555e-08
16  8.0  4.4909e-07
16  8.5  2.56709e-07
16  9.0  1.49818e-07
16  11.0  2.19432e-08
18  0.2  2.66153
16  10.0  5.50799e-08
18  0.3  2.14242
18  0.4  1.67248
18  0.5  1.26677
16  12.0  9.49966e-09
18  0.6  0.942833
18  0.7  0.692416
16  10.5  3.44643e-08
18  0.8  0.505598
18  0.9  0.367239
18  1.0  0.266976
18  1.1  0.194806
18  1.2  0.142486
18  1.3  0.104774
18  1.4  0.0775046
18  1.5  0.057265
18  1.7  0.0327998
18  1.6  0.0428337
18  1.8  0.0241638
18  1.9  0.018754
18  2.0  0.0141127
18  2.5  0.00401937
18  3.0  0.00111706
18  3.5  0.000473751
16  11.5  1.4368e-08
18  4.5  6.05804e-05
18  4.0  0.000151848
18  5.0  2.57068e-05
18  6.0  5.48565e-06
18  5.5  1.15643e-05
18  6.5  2.69432e-06
18  7.0  1.39763e-06
18  7.5  7.45812e-07
18  8.0  4.10818e-07
18  8.5  2.34732e-07
18  9.0  1.3605e-07
18  9.5  8.19203e-08
18  10.5  3.12406e-08
18  11.0  2.00375e-08
2  0.2  3.24247
18  10.0  5.03399e-08
2  0.3  2.62925
2  0.4  2.06331
2  0.5  1.5764
2  0.6  1.18222
18  12.0  8.7287e-09
2  0.7  0.875059
2  0.8  0.643195
2  0.9  0.471547
2  1.0  0.344839
2  1.1  0.253403
2  1.2  0.186558
2  1.3  0.137489
2  1.4  0.102909
2  1.5  0.076222
2  1.6  0.0579483
2  1.7  0.0438518
2  1.8  0.0334082
2  1.9  0.0258996
2  2.0  0.0193021
2  2.5  0.00513444
2  3.0  0.00168448
2  3.5  0.00040867
18  11.5  1.30926e-08
2  4.0  0.000213145
2  4.5  8.50789e-05
2  5.0  3.63643e-05
2  5.5  1.64211e-05
2  6.0  7.73821e-06
2  7.5  1.07006e-06
2  6.5  3.83791e-06
2  7.0  1.99432e-06
2  8.0  5.89004e-07
2  8.5  3.36051e-07
2  9.0  1.96944e-07
2  9.5  1.17581e-07
2  10.0  7.2369e-08
20  0.2  2.49888
20  0.3  2.01147
20  0.4  1.56408
2  10.5  4.53918e-08
20  0.5  1.1835
20  0.6  0.877833
20  0.7  0.643387
20  0.8  0.467279
20  0.9  0.340111
2  12.0  1.24614e-08
20  1.0  0.24659
20  1.2  0.131026
20  1.1  0.178797
2  11.0  2.89698e-08
20  1.3  0.0961238
20  1.4  0.0709663
20  1.5  0.0522587
20  1.6  0.039087
20  1.7  0.0298611
20  1.8  0.0219348
20  1.9  0.0172272
20  2.0  0.0131994
20  2.5  0.00332727
2  11.5  1.88142e-08
20  3.0  0.00115357
20  3.5  0.000540324
20  4.0  0.000136754
20  4.5  5.44881e-05
20  5.0  2.30942e-05
20  5.5  1.03776e-05
20  6.0  4.87782e-06
20  7.0  1.25793e-06
20  6.5  2.41192e-06
20  7.5  6.68294e-07
20  8.0  3.66835e-07
20  8.5  2.10056e-07
20  9.0  1.2245e-07
20  10.5  2.78616e-08
20  9.5  7.35477e-08
22  0.2  2.30466
20  10.0  4.49485e-08
22  0.3  1.85107
22  0.4  1.43576
22  0.5  1.08278
22  0.6  0.800526
22  0.7  0.584709
22  0.8  0.424598
22  0.9  0.307058
22  1.0  0.22144
22  1.1  0.161135
22  1.2  0.117735
22  1.3  0.0859578
22  1.4  0.063361
20  11.0  1.80422e-08
22  1.5  0.0471496
22  1.6  0.0348642
22  1.7  0.026497
22  1.8  0.0194801
22  1.9  0.014717
22  2.0  0.0112949
22  2.5  0.00309656
22  3.0  0.000812656
20  11.5  1.17493e-08
22  3.5  0.00028372
20  12.0  7.77505e-09
22  6.0  4.27466e-06
22  4.0  0.000119329
22  4.5  4.74201e-05
22  5.0  2.01014e-05
22  5.5  9.00336e-06
22  6.5  2.10504e-06
22  7.0  1.08715e-06
22  7.5  5.79736e-07
22  8.5  1.81717e-07
22  8.0  3.18405e-07
22  9.0  1.06238e-07
22  9.5  6.39916e-08
24  0.2  2.07183
22  10.0  3.89543e-08
24  0.3  1.65875
24  0.4  1.28212
24  0.5  0.96346
24  0.6  0.709512
22  12.0  6.69902e-09
22  10.5  2.43505e-08
24  0.8  0.372565
24  0.7  0.515897
24  0.9  0.268717
24  1.0  0.193591
24  1.1  0.140178
24  1.2  0.101687
24  1.3  0.0745155
24  1.4  0.0546887
24  1.5  0.0409665
24  1.7  0.0229794
22  11.0  1.55787e-08
24  1.6  0.0299345
24  1.8  0.0167966
24  2.0  0.00997341
24  1.9  0.0127913
22  11.5  1.01366e-08
24  2.5  0.0026613
24  3.0  0.000825623
24  3.5  0.000301954
24  4.0  0.000100216
24  4.5  3.97733e-05
24  5.0  1.68784e-05
24  5.5  7.52221e-06
24  6.5  1.75571e-06
24  7.0  9.10002e-07
24  6.0  3.55693e-06
24  7.5  4.81889e-07
24  8.5  1.50449e-07
24  8.0  2.65075e-07
24  9.0  8.77486e-08
24  9.5  5.26641e-08
24  11.0  1.28605e-08
26  0.2  1.79127
24  10.0  3.23408e-08
26  0.3  1.42868
24  12.0  5.58152e-09
26  0.4  1.09948
26  0.5  0.820885
26  0.6  0.602128
24  10.5  2.02072e-08
26  0.7  0.435954
26  0.8  0.313563
26  0.9  0.224832
26  1.0  0.161395
26  1.1  0.116436
26  1.2  0.0843786
26  1.3  0.0613139
26  1.4  0.0452602
26  1.5  0.0334504
26  1.6  0.0248577
26  1.7  0.0187053
26  1.8  0.0135722
26  1.9  0.0103552
26  2.0  0.00802978
26  2.5  0.00209431
26  3.0  0.000681565
26  3.5  0.00027132
24  11.5  8.39758e-09
26  4.0  7.96832e-05
26  4.5  3.1393e-05
26  6.0  2.78696e-06
26  5.0  1.32655e-05
26  5.5  5.94326e-06
26  6.5  1.37879e-06
26  7.5  3.80187e-07
26  7.0  7.08998e-07
26  8.0  2.06568e-07
26  8.5  1.17934e-07
26  10.5  1.56082e-08
26  9.0  6.86768e-08
26  9.5  4.10719e-08
26  10.0  2.52395e-08
28  0.2  1.46179
28  0.3  1.15981
28  0.4  0.886599
28  0.5  0.658781
28  0.6  0.479327
28  0.7  0.344046
28  0.8  0.246106
28  0.9  0.175531
28  1.0  0.125441
28  1.1  0.0899397
28  1.2  0.0646474
28  1.3  0.046978
28  1.4  0.0342896
28  1.5  0.0254133
26  11.0  1.00552e-08
28  1.6  0.0187122
28  1.7  0.0137612
28  1.8  0.0105817
28  1.9  0.00807223
28  2.0  0.00594222
28  2.5  0.00160453
28  3.0  0.000536702
26  11.5  6.55313e-09
28  3.5  0.0001188
26  12.0  4.3262e-09
28  4.0  5.77945e-05
28  4.5  2.26804e-05
28  5.0  9.56914e-06
28  6.5  9.90218e-07
28  5.5  4.27744e-06
28  6.0  2.00946e-06
28  7.0  5.07511e-07
28  8.5  8.32823e-08
28  7.5  2.69987e-07
28  8.0  1.47694e-07
28  9.0  4.88208e-08
28  9.5  2.92411e-08
28  10.0  1.78886e-08
28  11.0  7.08129e-09
30  0.2  1.09477
30  0.3  0.862147
28  10.5  1.11744e-08
30  0.4  0.653519
30  0.5  0.480337
30  0.6  0.346771
30  0.7  0.247008
30  0.8  0.174854
30  0.9  0.123774
30  1.0  0.0879874
30  1.1  0.0625146
30  1.2  0.0447128
30  1.3  0.0322746
30  1.4  0.0234246
30  1.5  0.0170614
30  1.6  0.0129334
30  1.7  0.00951981
30  1.8  0.00689889
30  1.9  0.0053042
30  2.0  0.00403312
30  3.0  0.000278111
30  2.5  0.00105624
30  3.5  9.7258e-05
28  11.5  4.61549e-09
28  12.0  3.05666e-09
30  4.0  3.71972e-05
30  4.5  1.45302e-05
30  5.0  6.08931e-06
30  6.5  6.25462e-07
30  5.5  2.70568e-06
30  6.0  1.26745e-06
30  7.0  3.18013e-07
30  7.5  1.68518e-07
30  8.0  9.27189e-08
30  8.5  5.23037e-08
30  9.5  1.8153e-08
30  10.5  6.84852e-09
30  9.0  3.05925e-08
32  0.2  0.72748
32  0.3  0.568188
30  10.0  1.11141e-08
32  0.4  0.426211
32  0.5  0.309857
32  0.6  0.220859
32  0.7  0.155508
32  0.8  0.109126
32  0.9  0.0764395
32  1.0  0.0536768
32  1.1  0.0378359
30  11.0  4.41219e-09
32  1.2  0.026967
32  1.3  0.0193155
32  1.4  0.0139329
32  1.5  0.0102744
32  1.6  0.00763618
32  1.7  0.00541781
32  1.8  0.00410208
32  1.9  0.00308733
32  2.0  0.00226844
30  11.5  2.85019e-09
32  2.5  0.000591241
32  3.0  0.000161451
32  3.5  9.79322e-05
30  12.0  1.87934e-09
32  5.0  3.24663e-06
32  4.0  2.03892e-05
32  4.5  7.88912e-06
32  5.5  1.4517e-06
32  6.0  6.78332e-07
32  7.0  1.68483e-07
32  6.5  3.31467e-07
32  7.5  8.9072e-08
32  8.0  4.89405e-08
32  8.5  2.74512e-08
32  9.0  1.59087e-08
32  9.5  9.4737e-09
32  11.0  2.26535e-09
32  10.0  5.76332e-09
34  0.2  0.422647
34  0.3  0.326424
34  0.4  0.241603
34  0.5  0.173085
34  0.6  0.121745
34  0.7  0.0845925
32  10.5  3.61171e-09
34  0.9  0.0405856
34  0.8  0.0584984
34  1.0  0.0281538
34  1.1  0.0196821
34  1.2  0.0138752
34  1.3  0.00987905
34  1.4  0.0070994
34  1.5  0.00508426
34  1.7  0.00274863
34  1.6  0.00368107
34  1.9  0.00153748
34  1.8  0.00200009
34  2.5  0.000280883
34  2.0  0.00111823
34  3.0  6.50064e-05
34  3.5  3.12061e-05
32  11.5  1.48415e-09
32  12.0  9.71584e-10
34  5.5  6.39549e-07
34  4.5  3.57754e-06
34  4.0  9.33229e-06
34  5.0  1.47359e-06
34  6.5  1.43737e-07
34  7.0  7.39039e-08
34  6.0  2.98069e-07
34  7.5  3.87201e-08
34  8.0  2.09917e-08
34  9.5  4.03508e-09
34  8.5  1.17957e-08
34  9.0  6.80936e-09
34  10.0  2.45794e-09
4  0.2  3.22209
4  0.3  2.61205
4  0.4  2.04985
4  0.5  1.56649
34  10.5  1.53688e-09
4  0.6  1.17368
4  0.7  0.86897
4  0.8  0.638036
4  0.9  0.467649
4  1.0  0.341834
4  1.1  0.250839
4  1.2  0.18449
4  1.3  0.136833
34  11.0  9.71298e-10
4  1.4  0.102035
4  1.5  0.0759574
4  1.6  0.0568876
4  1.7  0.0427074
4  2.0  0.019077
4  1.8  0.0323133
4  1.9  0.0246035
4  2.5  0.00538159
4  3.0  0.00159219
4  3.5  0.000510358
34  11.5  6.27514e-10
34  12.0  4.11324e-10
4  4.0  0.000210877
4  4.5  8.41754e-05
4  5.0  3.59733e-05
4  5.5  1.62551e-05
4  6.0  7.65235e-06
4  7.5  1.0601e-06
4  6.5  3.79549e-06
4  8.0  5.75627e-07
4  7.0  1.97195e-06
4  8.5  3.32326e-07
4  9.0  1.94074e-07
4  9.5  1.16391e-07
4  10.0  7.15635e-08
6  0.2  3.18996
6  0.3  2.58541
4  10.5  4.48843e-08
6  0.4  2.02845
4  12.0  1.23173e-08
6  0.5  1.54845
6  0.6  1.16007
6  0.7  0.858434
6  0.8  0.631764
6  0.9  0.461215
6  1.0  0.337474
6  1.1  0.247614
6  1.2  0.182453
6  1.4  0.10068
6  1.3  0.134179
4  11.0  2.86532e-08
6  1.5  0.0743751
6  1.6  0.0565053
6  1.8  0.0327007
6  1.7  0.0425649
6  1.9  0.0248105
6  2.0  0.018511
6  2.5  0.00530108
6  3.0  0.00153741
6  3.5  0.000452483
4  11.5  1.86068e-08
6  4.0  0.000207093
6  4.5  8.26664e-05
6  5.0  3.53147e-05
6  5.5  1.59269e-05
6  6.5  3.74398e-06
6  6.0  7.53723e-06
6  7.0  1.92974e-06
6  7.5  1.03512e-06
6  8.0  5.70022e-07
6  8.5  3.26105e-07
6  9.0  1.9043e-07
6  9.5  1.14413e-07
6  10.0  7.01843e-08
8  0.2  3.14556
6  10.5  4.40379e-08
8  0.3  2.54581
8  0.5  1.52298
6  12.0  1.20783e-08
8  0.4  1.99529
8  0.7  0.843038
8  0.6  1.1403
8  0.8  0.618653
8  0.9  0.453362
8  1.0  0.331547
8  1.1  0.243358
8  1.2  0.178093
8  1.3  0.131465
8  1.4  0.0986886
8  1.5  0.073391
6  11.0  2.80968e-08
8  1.6  0.0554704
8  1.7  0.0409079
8  1.8  0.0313094
8  1.9  0.0240164
8  2.0  0.0182835
8  2.5  0.00516262
8  3.0  0.00149829
8  3.5  0.000780545
6  11.5  1.82544e-08
8  4.0  0.000201783
8  5.5  1.54817e-05
8  4.5  8.05813e-05
8  5.0  3.43875e-05
8  7.5  1.01217e-06
8  6.0  7.3187e-06
8  6.5  3.64815e-06
8  7.0  1.87866e-06
8  8.0  5.54935e-07
8  8.5  3.17399e-07
8  9.0  1.85288e-07
8  9.5  1.11348e-07
8  10.0  6.82717e-08
8  12.0  1.17472e-08
8  10.5  4.28403e-08
8  11.0  2.73071e-08
8  11.5  1.7787e-08
