# diffractive D0 cross section, Pb target, LHAPDF fragmentation, An0n channel
# generated      : 2026-08-20 11:04:20 EEST
# calls          : 1e5 (VEGAS calls per point, see CALLS_EXCL/CALLS_EXCL_FACTORIZED/CALLS_DIFF)
# dipole samples : data/Pb/bk_posterior/member_0069/glauber_mve_<b>
# pD0 sweep      : 0.2 0.3 0.4 0.5 0.6 0.7 0.8 0.9 1.0 1.1 1.2 1.3 1.4 1.5 1.6 1.7 1.8 1.9 2.0 2.5 3.0 3.5 4.0 4.5 5.0 5.5 6.0 6.5 7.0 7.5 8.0 8.5 9.0 9.5 10.0 10.5 11.0 11.5 12.0
# fixed rapidity y : 3.0
# ============================================================
# b  pD0  dsigma_dyd2pD0
0  0.2  0.0607882
0  0.3  0.0888839
0  0.4  0.106076
0  0.5  0.112709
0  0.8  0.0775961
0  0.6  0.106638
0  0.9  0.0621106
0  0.7  0.0942643
0  1.1  0.0380021
0  1.0  0.0491945
0  1.2  0.0292713
0  1.3  0.0220673
0  1.4  0.0166634
0  1.5  0.0126412
0  1.6  0.00965098
0  1.8  0.00556759
0  1.7  0.00723592
0  1.9  0.00419326
0  2.0  0.00319133
0  2.5  0.000893687
0  3.0  0.000266411
0  3.5  9.25443e-05
0  4.0  3.38537e-05
0  5.0  5.22178e-06
0  4.5  1.28986e-05
0  5.5  2.3493e-06
0  6.0  9.98762e-07
0  7.0  2.30171e-07
0  8.0  5.82464e-08
0  6.5  4.69061e-07
0  7.5  1.15371e-07
0  10.0  4.42946e-09
0  8.5  2.99965e-08
0  9.0  1.5611e-08
0  9.5  8.19713e-09
10  0.2  0.0597505
10  0.3  0.0892515
10  0.4  0.105865
10  0.5  0.109266
10  0.6  0.104359
0  10.5  2.46485e-09
10  0.7  0.0913331
10  0.8  0.0750994
10  0.9  0.0604334
10  1.0  0.0471197
10  1.1  0.0361953
10  1.2  0.0282063
10  1.4  0.0161455
10  1.3  0.0211772
0  11.0  1.3738e-09
10  1.5  0.0121949
10  1.6  0.00930895
10  1.8  0.00530636
10  1.7  0.00686983
0  12.0  4.44081e-10
10  2.0  0.00314203
10  1.9  0.00402465
10  2.5  0.000841003
10  3.0  0.000257841
10  3.5  8.87608e-05
0  11.5  7.70949e-10
10  4.5  1.27004e-05
10  4.0  3.23077e-05
10  5.0  5.04352e-06
10  5.5  2.15916e-06
10  6.0  9.94646e-07
10  6.5  4.66737e-07
10  8.0  5.51325e-08
10  7.0  2.11618e-07
10  7.5  1.10631e-07
10  8.5  2.83236e-08
10  9.0  1.4493e-08
10  9.5  7.69948e-09
10  11.0  1.27501e-09
10  10.0  4.23327e-09
12  0.2  0.0593522
12  0.3  0.0873446
12  0.4  0.103776
12  0.5  0.109033
12  0.6  0.103389
10  10.5  2.33071e-09
12  0.7  0.0903103
12  0.8  0.0748807
12  0.9  0.0594798
12  1.0  0.0468406
12  1.1  0.035905
12  1.2  0.0273048
12  1.4  0.015677
12  1.3  0.0205406
12  1.5  0.0118584
12  1.6  0.0089363
12  1.7  0.00677353
12  1.8  0.00516802
12  1.9  0.00393153
12  2.5  0.000817036
12  2.0  0.00299198
12  3.0  0.000250443
12  3.5  8.64625e-05
10  12.0  4.20246e-10
10  11.5  7.40756e-10
12  4.5  1.20632e-05
12  4.0  3.0157e-05
12  5.0  5.01644e-06
12  5.5  2.15005e-06
12  6.0  9.64136e-07
12  7.5  1.06526e-07
12  6.5  4.31647e-07
12  7.0  2.13739e-07
12  8.0  5.42918e-08
12  10.0  4.1887e-09
12  8.5  2.72943e-08
12  9.0  1.44006e-08
12  9.5  7.68424e-09
14  0.2  0.0593702
14  0.3  0.0867331
14  0.4  0.103118
14  0.5  0.108303
14  0.6  0.101988
14  0.7  0.0876552
12  10.5  2.31833e-09
14  0.8  0.0731409
14  0.9  0.0584754
14  1.0  0.045269
14  1.2  0.0267359
14  1.1  0.0352068
14  1.3  0.0204565
12  11.0  1.28633e-09
14  1.4  0.0152143
14  1.5  0.0115487
14  1.6  0.00873166
14  1.7  0.00660368
14  1.8  0.00492568
14  1.9  0.00382703
14  2.5  0.000801389
14  2.0  0.00287248
14  3.0  0.000248277
12  12.0  4.15732e-10
14  3.5  8.32504e-05
12  11.5  7.22407e-10
14  4.0  2.99818e-05
14  4.5  1.19843e-05
14  5.0  4.77319e-06
14  5.5  2.08349e-06
14  6.0  9.0684e-07
14  6.5  4.21925e-07
14  7.0  1.99682e-07
14  7.5  1.04303e-07
14  8.0  5.12096e-08
14  10.0  4.08683e-09
14  8.5  2.67396e-08
14  9.0  1.39643e-08
14  10.5  2.15398e-09
14  9.5  7.49486e-09
16  0.2  0.0590929
16  0.3  0.086642
16  0.4  0.102412
14  11.5  7.05797e-10
16  0.5  0.106663
16  0.6  0.100244
16  0.8  0.0713794
16  0.7  0.0878021
16  0.9  0.057065
16  1.0  0.0445149
16  1.2  0.0256382
16  1.1  0.0341239
16  1.3  0.0195114
16  1.4  0.0146619
16  1.5  0.0112068
16  1.6  0.00846738
16  1.7  0.00643369
16  1.9  0.0037247
16  1.8  0.00488216
16  2.0  0.00276572
16  2.5  0.000762441
14  11.0  1.24015e-09
16  3.0  0.000239123
16  3.5  8.09891e-05
14  12.0  3.94154e-10
16  4.0  2.87717e-05
16  4.5  1.11953e-05
16  5.0  4.57173e-06
16  6.5  4.25888e-07
16  5.5  2.04456e-06
16  6.0  8.67875e-07
16  7.0  2.02722e-07
16  7.5  9.78361e-08
16  8.0  5.0574e-08
16  9.0  1.32957e-08
16  8.5  2.58639e-08
16  10.0  3.91361e-09
16  10.5  2.15169e-09
16  9.5  7.23446e-09
18  0.2  0.0581108
16  11.5  6.76983e-10
18  0.3  0.0849588
18  0.4  0.100176
18  0.5  0.103981
18  0.6  0.0981389
18  0.7  0.0846187
16  11.0  1.20145e-09
18  0.9  0.0557021
18  0.8  0.0699971
18  1.0  0.0427269
18  1.1  0.0328293
18  1.2  0.0249792
18  1.3  0.0189216
18  1.4  0.0143091
18  1.5  0.0108607
18  1.6  0.0083632
18  1.7  0.00611518
18  1.8  0.00463734
18  1.9  0.00358466
18  2.0  0.00274295
18  2.5  0.000731531
18  3.0  0.000226621
18  3.5  7.48884e-05
16  12.0  3.89499e-10
18  4.0  2.85367e-05
18  4.5  1.10117e-05
18  5.0  4.58731e-06
18  6.5  4.00974e-07
18  7.0  1.94995e-07
18  5.5  1.84853e-06
18  6.0  8.69067e-07
18  7.5  9.5483e-08
18  8.0  4.84849e-08
18  8.5  2.40644e-08
18  9.0  1.2639e-08
18  10.5  2.0567e-09
18  9.5  6.75288e-09
18  10.0  3.66629e-09
2  0.2  0.0597354
2  0.3  0.089563
2  0.4  0.106049
2  0.5  0.112819
2  0.6  0.106617
2  0.7  0.0939244
2  0.8  0.0778785
2  0.9  0.0621363
2  1.0  0.0485751
2  1.2  0.0290179
2  1.1  0.0379284
2  1.3  0.0219688
2  1.4  0.0167208
2  1.5  0.0128652
2  1.7  0.00731882
2  1.6  0.0094703
18  11.0  1.1505e-09
2  1.8  0.00549595
2  2.0  0.00315876
2  1.9  0.00419238
2  2.5  0.000891792
2  3.0  0.00027065
2  3.5  9.12291e-05
18  11.5  6.40407e-10
18  12.0  3.65554e-10
2  4.0  3.37554e-05
2  4.5  1.30547e-05
2  5.0  5.37419e-06
2  5.5  2.32939e-06
2  7.0  2.26365e-07
2  6.0  1.03437e-06
2  6.5  4.72581e-07
2  8.0  5.55935e-08
2  7.5  1.17647e-07
2  10.0  4.3612e-09
2  8.5  2.90367e-08
2  9.5  8.12398e-09
2  9.0  1.57105e-08
20  0.2  0.0591528
20  0.3  0.0837409
20  0.4  0.0991671
20  0.5  0.102496
20  0.6  0.0951519
20  0.7  0.0819638
2  10.5  2.45022e-09
20  0.8  0.0677267
20  0.9  0.0533002
20  1.0  0.0412424
20  1.1  0.031753
20  1.2  0.0240514
20  1.3  0.0180434
20  1.4  0.0136612
20  1.5  0.0103247
20  1.6  0.00773373
20  1.9  0.00337247
20  1.7  0.00579463
20  1.8  0.00444051
20  2.0  0.00254775
20  2.5  0.000697472
2  11.0  1.34353e-09
20  3.0  0.000215328
20  3.5  7.4147e-05
2  12.0  4.44664e-10
2  11.5  7.78469e-10
20  4.5  1.01632e-05
20  4.0  2.73113e-05
20  5.0  4.00098e-06
20  5.5  1.76759e-06
20  6.0  8.35624e-07
20  6.5  3.84758e-07
20  7.0  1.77055e-07
20  8.0  4.33654e-08
20  7.5  9.02164e-08
20  8.5  2.28982e-08
20  9.0  1.22996e-08
20  9.5  6.48072e-09
20  10.5  1.91947e-09
20  11.0  1.09154e-09
22  0.2  0.0567054
22  0.3  0.082591
22  0.4  0.0967932
20  10.0  3.5212e-09
22  0.5  0.0993852
22  0.6  0.0921295
20  11.5  6.07226e-10
22  0.7  0.0789085
22  0.8  0.0642549
22  0.9  0.0503404
22  1.0  0.0388512
22  1.2  0.0223908
22  1.1  0.0297171
22  1.3  0.0169933
22  1.4  0.0129022
22  1.5  0.00981369
22  1.6  0.00724352
22  1.8  0.00415598
22  1.7  0.00550045
22  2.0  0.00237145
22  1.9  0.00314703
22  2.5  0.000643591
20  12.0  3.44877e-10
22  3.0  0.000197674
22  3.5  6.58485e-05
22  4.0  2.41941e-05
22  4.5  9.44834e-06
22  6.0  7.59663e-07
22  5.0  3.95167e-06
22  5.5  1.7632e-06
22  7.5  8.43342e-08
22  6.5  3.52087e-07
22  7.0  1.65598e-07
22  8.5  2.12937e-08
22  8.0  4.1509e-08
22  9.0  1.11684e-08
22  9.5  6.01519e-09
22  10.0  3.28923e-09
24  0.2  0.0556537
24  0.3  0.0801882
24  0.4  0.0936452
24  0.5  0.0957015
24  0.6  0.087235
24  0.7  0.074016
24  0.8  0.0596665
24  0.9  0.0467306
24  1.0  0.0363063
24  1.1  0.0275693
22  10.5  1.81322e-09
24  1.2  0.020795
24  1.3  0.0157035
24  1.5  0.00890876
24  1.4  0.0120628
22  11.0  9.9381e-10
24  1.6  0.00659056
24  1.7  0.00499442
24  1.8  0.00388725
24  1.9  0.0028494
24  2.0  0.00221581
24  2.5  0.000599768
24  3.0  0.000185367
22  11.5  5.75017e-10
24  3.5  5.96407e-05
22  12.0  3.18423e-10
24  4.0  2.26961e-05
24  4.5  8.75723e-06
24  5.0  3.45481e-06
24  5.5  1.58443e-06
24  7.5  7.61842e-08
24  6.0  6.70445e-07
24  8.0  3.81562e-08
24  6.5  3.11486e-07
24  7.0  1.55575e-07
24  8.5  1.89716e-08
24  9.0  1.00407e-08
24  9.5  5.47539e-09
24  10.0  3.03301e-09
26  0.2  0.0546523
26  0.3  0.0774701
26  0.4  0.0897981
26  0.5  0.0900125
26  0.6  0.0810323
26  0.7  0.0686247
26  0.8  0.0546996
26  0.9  0.0432622
26  1.0  0.0329103
24  10.5  1.6264e-09
26  1.1  0.0251124
24  11.5  5.27834e-10
26  1.2  0.0187953
26  1.3  0.0139851
26  1.4  0.0105689
26  1.5  0.00789703
26  1.6  0.00593312
26  1.7  0.00441049
26  1.8  0.00343473
24  11.0  8.92808e-10
26  1.9  0.00255959
26  2.0  0.00194182
26  2.5  0.000526228
26  3.0  0.000157089
26  3.5  5.43617e-05
24  12.0  2.90145e-10
26  4.0  1.98164e-05
26  4.5  7.77033e-06
26  5.0  3.03009e-06
26  5.5  1.3919e-06
26  6.0  5.98543e-07
26  6.5  2.72969e-07
26  7.0  1.39893e-07
26  7.5  6.75963e-08
26  9.5  4.97308e-09
26  8.0  3.2722e-08
26  8.5  1.68588e-08
26  9.0  8.84498e-09
26  10.0  2.62923e-09
28  0.2  0.0521622
28  0.3  0.0734153
28  0.4  0.0834419
28  0.5  0.082048
26  12.0  2.62144e-10
28  0.6  0.0726927
28  0.8  0.0478441
28  0.7  0.0599708
28  0.9  0.0381121
26  10.5  1.44613e-09
28  1.0  0.0286744
28  1.1  0.021976
28  1.2  0.0161841
26  11.0  7.81979e-10
28  1.3  0.0118629
28  1.4  0.00909862
28  1.5  0.00675033
28  1.6  0.0050024
28  1.7  0.00374999
26  11.5  4.53848e-10
28  1.8  0.00283401
28  2.5  0.00043048
28  2.0  0.00164766
28  1.9  0.00214629
28  3.0  0.000138158
28  3.5  4.57472e-05
28  5.5  1.118e-06
28  4.0  1.72726e-05
28  4.5  6.52346e-06
28  5.0  2.69764e-06
28  6.0  5.0167e-07
28  6.5  2.38e-07
28  7.0  1.15444e-07
28  7.5  5.63595e-08
28  8.0  2.85552e-08
28  8.5  1.41889e-08
28  9.5  4.04126e-09
28  9.0  7.55379e-09
28  10.0  2.23847e-09
30  0.2  0.0484815
30  0.3  0.0671564
28  10.5  1.25125e-09
30  0.4  0.0741227
30  0.5  0.0719352
30  0.6  0.0614677
30  0.8  0.0401372
30  0.7  0.0508462
30  0.9  0.0306772
30  1.0  0.0237652
30  1.1  0.0176291
28  11.5  3.8611e-10
30  1.2  0.0129308
28  11.0  6.67786e-10
30  1.3  0.00975458
30  1.4  0.00709828
30  1.5  0.00532839
30  1.6  0.00391074
30  1.7  0.00295584
30  1.8  0.00226356
30  1.9  0.0017221
30  2.0  0.00131818
30  2.5  0.00034861
30  3.0  0.000107276
30  3.5  3.65923e-05
28  12.0  2.23542e-10
30  5.5  8.70233e-07
30  4.0  1.26786e-05
30  4.5  5.01467e-06
30  5.0  2.01734e-06
30  6.0  3.91936e-07
30  6.5  1.88008e-07
30  7.0  8.77824e-08
30  7.5  4.4139e-08
30  8.5  1.14959e-08
30  8.0  2.17093e-08
30  9.0  6.04065e-09
30  9.5  3.22593e-09
32  0.2  0.0437319
32  0.3  0.0586458
30  11.5  3.06671e-10
30  10.0  1.75125e-09
32  0.4  0.0626125
32  0.5  0.0575389
32  0.6  0.0479086
32  0.7  0.0390032
32  0.8  0.0302398
32  0.9  0.0230632
32  1.0  0.0173373
32  1.1  0.0129224
30  10.5  9.53795e-10
32  1.2  0.0095199
32  1.3  0.00710707
32  1.5  0.00389035
32  1.4  0.00525562
32  1.6  0.00291247
32  1.7  0.00218974
32  1.8  0.00164934
32  1.9  0.0012082
30  11.0  5.25088e-10
32  2.0  0.000937861
32  2.5  0.0002493
32  3.0  7.76223e-05
32  3.5  2.58294e-05
30  12.0  1.74231e-10
32  5.0  1.41654e-06
32  4.5  3.53232e-06
32  4.0  9.14133e-06
32  5.5  6.32495e-07
32  6.0  2.79653e-07
32  8.0  1.60002e-08
32  6.5  1.33337e-07
32  7.0  6.45546e-08
32  7.5  3.13363e-08
32  8.5  7.98847e-09
32  9.0  4.23066e-09
32  9.5  2.2586e-09
32  10.0  1.2445e-09
34  0.2  0.0370334
34  0.3  0.0474624
34  0.4  0.0467303
34  0.5  0.0413632
32  10.5  6.92734e-10
34  0.6  0.0338441
34  0.7  0.0269185
34  0.8  0.0205132
34  0.9  0.0155398
34  1.0  0.0115888
34  1.1  0.00861008
34  1.3  0.00453175
34  1.2  0.00639321
34  1.5  0.00258989
34  1.4  0.003405
34  1.6  0.00186874
34  1.7  0.00140731
34  1.8  0.00107105
34  1.9  0.000824121
34  2.0  0.000588817
32  11.0  3.76044e-10
34  2.5  0.000165863
34  3.0  4.80058e-05
34  3.5  1.64329e-05
32  11.5  2.20269e-10
32  12.0  1.24672e-10
34  5.5  4.02565e-07
34  5.0  9.24427e-07
34  4.0  5.89248e-06
34  4.5  2.27636e-06
34  7.5  1.99048e-08
34  7.0  3.77543e-08
34  6.0  1.81806e-07
34  6.5  8.43315e-08
34  8.0  1.02775e-08
34  9.0  2.66281e-09
34  10.0  8.00889e-10
34  8.5  5.17787e-09
34  9.5  1.47924e-09
4  0.2  0.0604563
4  0.3  0.0884828
34  11.5  1.37085e-10
4  0.4  0.105633
4  0.5  0.111087
4  0.6  0.106439
4  0.7  0.093454
34  10.5  4.35443e-10
4  0.8  0.0775045
4  0.9  0.0618237
4  1.0  0.0491195
4  1.1  0.0377809
4  1.2  0.0287039
4  1.3  0.0219031
4  1.4  0.0166801
34  11.0  2.45493e-10
4  1.5  0.0125355
4  1.7  0.00724723
4  1.6  0.00948419
4  2.0  0.0031762
4  1.8  0.00546624
4  1.9  0.00416846
4  2.5  0.000875799
4  3.0  0.000273765
4  3.5  9.0754e-05
34  12.0  7.88415e-11
4  4.0  3.35832e-05
4  4.5  1.28242e-05
4  5.0  5.47561e-06
4  5.5  2.31283e-06
4  6.0  1.00335e-06
4  7.5  1.08888e-07
4  8.0  5.66445e-08
4  6.5  4.73472e-07
4  7.0  2.24523e-07
4  8.5  2.95316e-08
4  9.0  1.54648e-08
4  10.0  4.40389e-09
4  9.5  8.08596e-09
4  11.0  1.36424e-09
6  0.2  0.059962
6  0.3  0.0888945
6  0.4  0.106488
6  0.5  0.111825
6  0.6  0.104693
6  0.7  0.09182
6  0.8  0.0768271
6  0.9  0.0613607
4  10.5  2.46839e-09
6  1.0  0.0482638
6  1.1  0.0371898
6  1.2  0.0285289
6  1.3  0.021646
6  1.5  0.0124027
6  1.4  0.0165345
6  1.6  0.00946809
6  1.7  0.0071638
6  1.8  0.0055298
6  2.0  0.00324944
6  1.9  0.00422724
4  12.0  4.40145e-10
6  3.0  0.000266098
6  2.5  0.000855839
6  3.5  8.88781e-05
4  11.5  7.60208e-10
6  4.0  3.21112e-05
6  4.5  1.29896e-05
6  5.0  5.38996e-06
6  5.5  2.1971e-06
6  7.0  2.20956e-07
6  7.5  1.13735e-07
6  6.0  1.01642e-06
6  8.0  5.67478e-08
6  6.5  4.70526e-07
6  9.0  1.49181e-08
6  10.0  4.36729e-09
6  8.5  2.82204e-08
6  9.5  8.06435e-09
6  11.0  1.33342e-09
8  0.2  0.0600765
8  0.3  0.0880453
8  0.4  0.105752
8  0.5  0.110755
8  0.6  0.102476
8  0.7  0.0924247
8  0.8  0.0763376
8  0.9  0.0613457
8  1.0  0.0470351
6  10.5  2.40636e-09
8  1.2  0.0282794
8  1.1  0.036099
8  1.3  0.0216386
8  1.4  0.0163135
8  1.5  0.0125751
8  1.6  0.00926613
8  1.7  0.00707143
8  1.8  0.00538315
8  1.9  0.00409863
8  2.0  0.00316843
8  3.0  0.000266788
6  12.0  4.36588e-10
8  2.5  0.000853846
8  3.5  9.28615e-05
6  11.5  7.53845e-10
8  4.0  3.31979e-05
8  4.5  1.22866e-05
8  5.0  5.04876e-06
8  5.5  2.28009e-06
8  6.0  1.01844e-06
8  6.5  4.51408e-07
8  8.0  5.54126e-08
8  7.0  2.22987e-07
8  7.5  1.09976e-07
8  10.0  4.2994e-09
8  8.5  2.79971e-08
8  9.0  1.46912e-08
8  10.5  2.38658e-09
8  9.5  7.98281e-09
8  11.0  1.32016e-09
8  12.0  4.33694e-10
8  11.5  7.59808e-10
