# exclusive D0 cross section, Pb target, LHAPDF fragmentation, An0n channel
# generated      : 2026-08-19 15:28:16 EEST
# calls          : 1e5 below 4.0 GeV, 2e3 above (see EXCL_PT_THRESHOLD) (VEGAS calls per point, see CALLS_EXCL/CALLS_EXCL_FACTORIZED/CALLS_DIFF)
# dipole samples : data/Pb/bk_posterior/member_0069/glauber_mve_<b>
# pD0 sweep      : 0.2 0.3 0.4 0.5 0.6 0.7 0.8 0.9 1.0 1.1 1.2 1.3 1.4 1.5 1.6 1.7 1.8 1.9 2.0 2.5 3.0 3.5 4.0 4.5 5.0 5.5 6.0 6.5 7.0 7.5 8.0 8.5 9.0 9.5 10.0 10.5 11.0 11.5 12.0
# fixed rapidity y : 2.0
# ============================================================
# b  pD0  dsigma_dyd2pD0
0  0.4  1.11591
0  0.2  1.78123
0  0.3  1.43509
0  0.5  0.844347
0  0.6  0.625463
0  0.7  0.457387
0  0.8  0.331402
0  0.9  0.239426
0  1.1  0.124581
0  1.0  0.172549
0  1.3  0.0659888
0  1.2  0.0903297
0  1.6  0.0261213
0  1.4  0.0478703
0  1.5  0.0351178
0  1.7  0.0193111
0  1.9  0.0109058
0  1.8  0.0145745
0  2.0  0.00802933
0  2.5  0.0020967
0  3.0  0.000614022
0  3.5  0.000178384
0  5.0  8.94699e-06
0  4.5  2.28973e-05
0  5.5  3.64414e-06
0  4.0  6.28114e-05
0  6.0  1.56802e-06
0  7.0  3.31208e-07
0  6.5  7.05337e-07
0  7.5  1.60195e-07
0  8.0  8.02405e-08
0  8.5  4.13388e-08
0  9.0  2.18658e-08
0  10.0  6.56725e-09
0  9.5  1.18224e-08
0  10.5  3.70635e-09
10  0.2  1.70395
10  0.3  1.36977
10  0.4  1.06441
10  0.5  0.803256
10  0.6  0.594538
10  0.8  0.313736
10  0.7  0.433734
10  0.9  0.225935
10  1.0  0.162655
10  1.1  0.11741
10  1.2  0.0849406
10  1.3  0.0616005
10  1.4  0.0448724
10  1.5  0.0328977
10  1.6  0.0242483
10  1.7  0.0179889
10  1.8  0.0135939
10  1.9  0.00991738
10  2.0  0.00749643
10  2.5  0.00199025
0  11.0  2.1267e-09
10  3.0  0.000515067
10  3.5  0.000191574
0  11.5  1.24504e-09
0  12.0  7.40067e-10
10  5.0  8.15976e-06
10  4.0  5.78046e-05
10  4.5  2.10255e-05
10  5.5  3.33692e-06
10  7.0  3.04536e-07
10  6.0  1.4373e-06
10  6.5  6.45806e-07
10  7.5  1.46491e-07
10  8.0  7.3281e-08
10  8.5  3.77611e-08
10  9.0  1.99623e-08
10  9.5  1.07835e-08
10  10.5  3.38003e-09
12  0.2  1.66829
10  10.0  5.96609e-09
12  0.3  1.34059
12  0.4  1.04061
12  0.5  0.784867
12  0.6  0.580168
12  0.8  0.305673
12  0.7  0.423031
12  0.9  0.220224
12  1.1  0.114112
12  1.0  0.15853
12  1.2  0.0824155
12  1.3  0.0599455
12  1.4  0.0435096
12  1.5  0.0319167
12  1.6  0.0234332
12  1.8  0.0131499
12  1.7  0.0174178
10  11.0  1.93728e-09
12  1.9  0.0098331
12  2.0  0.00727319
12  3.0  0.000552871
12  2.5  0.00185262
12  3.5  0.00016266
10  11.5  1.13333e-09
10  12.0  6.74059e-10
12  5.0  7.82051e-06
12  4.0  5.56395e-05
12  4.5  2.01423e-05
12  5.5  3.20264e-06
12  6.0  1.37837e-06
12  7.0  2.9055e-07
12  6.5  6.191e-07
12  7.5  1.4038e-07
12  8.0  7.01991e-08
12  8.5  3.61622e-08
12  9.0  1.91114e-08
12  9.5  1.03193e-08
12  10.5  3.23496e-09
14  0.2  1.62408
14  0.3  1.3038
14  0.4  1.01121
14  0.5  0.762071
14  0.6  0.562585
12  10.0  5.7076e-09
14  0.7  0.409719
14  0.8  0.296193
14  0.9  0.212685
14  1.0  0.15324
14  1.1  0.110124
14  1.2  0.0799613
14  1.3  0.0575624
14  1.4  0.0419554
14  1.5  0.0307568
14  1.6  0.0225364
14  1.8  0.0126299
14  1.7  0.0167278
14  1.9  0.00928708
14  2.0  0.00690298
14  2.5  0.00175332
14  3.0  0.00049822
14  3.5  0.000154396
12  11.0  1.8529e-09
12  11.5  1.09136e-09
12  12.0  6.44437e-10
14  4.0  5.30275e-05
14  4.5  1.92368e-05
14  5.0  7.43698e-06
14  6.0  1.31209e-06
14  5.5  3.0426e-06
14  6.5  5.87681e-07
14  7.0  2.74873e-07
14  7.5  1.32641e-07
14  8.0  6.65028e-08
14  8.5  3.42493e-08
14  9.0  1.80905e-08
14  9.5  9.76789e-09
16  0.2  1.57061
16  0.3  1.2608
14  11.5  1.03394e-09
16  0.4  0.97576
16  0.5  0.734265
14  10.0  5.40198e-09
16  0.6  0.541486
16  0.7  0.393815
16  0.8  0.284066
14  10.5  3.05805e-09
16  0.9  0.20401
16  1.0  0.146551
16  1.1  0.105446
16  1.2  0.0762655
16  1.3  0.0549205
16  1.4  0.0399622
16  1.5  0.02942
16  1.6  0.021651
16  1.8  0.0119865
16  1.7  0.015932
14  11.0  1.75154e-09
16  2.0  0.006611
16  1.9  0.00881145
16  2.5  0.0016814
16  3.0  0.000475032
16  3.5  0.000155985
16  4.0  4.96085e-05
14  12.0  6.09382e-10
16  4.5  1.80902e-05
16  5.0  6.99652e-06
16  5.5  2.85453e-06
16  6.0  1.22647e-06
16  7.0  2.58106e-07
16  8.0  6.27625e-08
16  6.5  5.50433e-07
16  7.5  1.24553e-07
16  8.5  3.20207e-08
16  9.0  1.69061e-08
16  9.5  9.12772e-09
16  10.0  5.04495e-09
16  11.5  9.66702e-10
18  0.2  1.50631
16  10.5  2.85853e-09
18  0.3  1.20746
18  0.4  0.934933
18  0.5  0.701467
18  0.6  0.516323
18  0.7  0.37448
18  0.8  0.26992
18  0.9  0.19361
18  1.0  0.138811
18  1.1  0.0997583
18  1.2  0.0717012
18  1.3  0.0518396
18  1.5  0.0275486
18  1.4  0.0376693
18  1.7  0.0148482
18  1.6  0.0201424
18  1.8  0.0110723
18  1.9  0.008248
18  2.0  0.00620693
18  2.5  0.0016337
18  3.0  0.000435176
16  11.0  1.6355e-09
18  3.5  0.000135004
16  12.0  5.68463e-10
18  4.0  4.61556e-05
18  4.5  1.67404e-05
18  5.0  6.47289e-06
18  5.5  2.64158e-06
18  6.0  1.13418e-06
18  7.0  2.37784e-07
18  6.5  5.0779e-07
18  7.5  1.14771e-07
18  8.0  5.72766e-08
18  8.5  2.94516e-08
18  9.0  1.55507e-08
18  9.5  8.38449e-09
18  10.0  4.63454e-09
2  0.2  1.77754
2  0.3  1.43113
2  0.4  1.11388
2  0.5  0.842496
2  0.6  0.624306
2  0.7  0.456478
2  0.8  0.330818
2  0.9  0.238873
2  1.0  0.172363
18  10.5  2.61522e-09
2  1.1  0.124299
2  1.2  0.0902643
2  1.3  0.0658392
18  11.0  1.50069e-09
2  1.4  0.0477606
2  1.5  0.0351046
2  1.6  0.0260537
2  1.8  0.0145397
2  1.7  0.0192726
2  2.0  0.00826378
2  1.9  0.0106419
2  2.5  0.00205945
2  3.0  0.00057985
18  11.5  8.77599e-10
2  3.5  0.000181641
18  12.0  5.2138e-10
2  5.0  8.92058e-06
2  4.5  2.28245e-05
2  4.0  6.26139e-05
2  5.5  3.63223e-06
2  6.0  1.56285e-06
2  7.0  3.30093e-07
2  6.5  7.02956e-07
2  7.5  1.59653e-07
2  8.0  7.9963e-08
2  8.5  4.11966e-08
2  9.0  2.179e-08
2  9.5  1.17811e-08
20  0.2  1.42952
2  10.0  6.52172e-09
20  0.3  1.14431
20  0.4  0.882778
20  0.5  0.661777
20  0.6  0.485975
20  0.7  0.352129
20  0.9  0.181017
20  0.8  0.252943
20  1.0  0.129632
20  1.1  0.0929766
20  1.2  0.0667407
2  10.5  3.67457e-09
20  1.3  0.0481674
20  1.4  0.0351068
20  1.5  0.0254284
20  1.6  0.0186965
20  1.7  0.0138219
20  1.8  0.0102677
20  1.9  0.00764421
20  2.0  0.00578388
20  2.5  0.00144158
2  11.0  2.11917e-09
20  3.0  0.000415176
20  3.5  0.000120146
2  11.5  1.24056e-09
2  12.0  7.38212e-10
20  4.5  1.51958e-05
20  4.0  4.2042e-05
20  5.0  5.8679e-06
20  5.5  2.38809e-06
20  6.0  1.02374e-06
20  7.0  2.14714e-07
20  6.5  4.58831e-07
20  7.5  1.0351e-07
20  8.5  2.66115e-08
20  9.5  7.62921e-09
20  8.0  5.16446e-08
20  9.0  1.39983e-08
20  10.0  4.18531e-09
22  0.2  1.33523
22  0.3  1.06639
20  10.5  2.35164e-09
22  0.4  0.821887
22  0.5  0.614571
22  0.6  0.450187
22  0.7  0.324996
22  0.8  0.232856
22  1.0  0.118401
22  0.9  0.166373
22  1.1  0.084718
22  1.2  0.0608364
22  1.3  0.0439216
22  1.5  0.0231628
22  1.4  0.0316913
20  11.0  1.34793e-09
22  1.6  0.0169648
22  1.7  0.0124816
22  1.8  0.00920165
22  1.9  0.00687624
22  2.0  0.00519409
20  11.5  7.88129e-10
22  2.5  0.00127649
22  3.0  0.000349362
22  3.5  0.000113178
20  12.0  4.67818e-10
22  4.5  1.34413e-05
22  5.0  5.17916e-06
22  4.0  3.72543e-05
22  5.5  2.10455e-06
22  6.0  9.00586e-07
22  7.0  1.8846e-07
22  6.5  4.03393e-07
22  7.5  9.0777e-08
22  8.0  4.52617e-08
22  8.5  2.32242e-08
22  9.0  1.22384e-08
22  10.0  3.65449e-09
22  11.0  1.18175e-09
22  9.5  6.60998e-09
24  0.2  1.22173
22  11.5  6.92955e-10
24  0.3  0.973149
24  0.5  0.557014
24  0.4  0.746988
24  0.6  0.406354
24  0.8  0.209103
24  0.7  0.292452
24  0.9  0.14872
24  1.0  0.105854
22  10.5  2.05206e-09
24  1.1  0.0756946
24  1.2  0.0539351
24  1.3  0.039026
24  1.4  0.0280111
24  1.5  0.0203479
24  1.7  0.0108746
24  1.6  0.0150544
24  1.9  0.00604476
24  1.8  0.00802653
24  2.0  0.00449728
24  2.5  0.00112408
24  3.0  0.000309411
24  3.5  9.02141e-05
22  12.0  4.07689e-10
24  4.5  1.14512e-05
24  5.0  4.40676e-06
24  4.0  3.18458e-05
24  5.5  1.78714e-06
24  6.0  7.68872e-07
24  7.0  1.59161e-07
24  6.5  3.4158e-07
24  7.5  7.65473e-08
24  8.0  3.81553e-08
24  8.5  1.95543e-08
24  9.0  1.02848e-08
24  10.0  3.06618e-09
24  9.5  5.54134e-09
24  11.0  9.9164e-10
26  0.2  1.08215
26  0.3  0.859877
26  0.4  0.656977
26  0.5  0.487681
26  0.6  0.354198
26  0.7  0.253723
26  0.8  0.180332
26  0.9  0.127797
24  10.5  1.71967e-09
26  1.0  0.0904974
26  1.1  0.0643319
26  1.2  0.045979
26  1.3  0.0329039
26  1.4  0.0236328
26  1.5  0.017157
26  1.6  0.0125093
26  1.7  0.00911949
26  1.8  0.00677485
26  2.0  0.00381276
26  1.9  0.00503343
26  3.0  0.000255183
26  2.5  0.000907097
26  3.5  7.48887e-05
24  11.5  5.74824e-10
24  12.0  3.40844e-10
26  5.5  1.43522e-06
26  4.0  2.58181e-05
26  5.0  3.54125e-06
26  4.5  9.26119e-06
26  7.0  1.26952e-07
26  6.0  6.12014e-07
26  6.5  2.72778e-07
26  7.5  6.09706e-08
26  8.0  3.03273e-08
26  8.5  1.55319e-08
26  9.0  8.14815e-09
26  9.5  4.38764e-09
26  10.0  2.42286e-09
28  0.2  0.913272
28  0.3  0.721682
28  0.4  0.549059
28  0.5  0.404839
28  0.6  0.292296
28  0.7  0.208179
28  0.8  0.147194
28  0.9  0.103671
26  10.5  1.3578e-09
28  1.0  0.0729107
28  1.1  0.0516095
28  1.2  0.0366245
28  1.4  0.0187813
28  1.3  0.0261757
28  1.5  0.0136324
28  1.6  0.00980819
28  1.7  0.00718652
28  1.8  0.00525182
26  11.0  7.77308e-10
28  1.9  0.00388305
28  2.5  0.000690395
28  2.0  0.00294922
28  3.0  0.0001965
28  3.5  7.04677e-05
26  11.5  4.52982e-10
26  12.0  2.68362e-10
28  5.5  1.06428e-06
28  5.0  2.63575e-06
28  6.0  4.5646e-07
28  4.0  1.93518e-05
28  4.5  6.90119e-06
28  6.5  2.00821e-07
28  7.0  9.28601e-08
28  7.5  4.4617e-08
28  8.0  2.21142e-08
28  9.5  3.20504e-09
28  8.5  1.13066e-08
28  9.0  5.92241e-09
28  10.0  1.75436e-09
30  0.2  0.717427
30  0.3  0.563715
30  0.4  0.42549
30  0.5  0.311404
30  0.6  0.222943
30  0.7  0.15738
30  0.8  0.110433
30  0.9  0.0772418
28  10.5  9.82224e-10
30  1.0  0.0539824
30  1.1  0.0378739
30  1.3  0.0190876
30  1.2  0.0267118
30  1.4  0.0135423
30  1.5  0.00973122
30  1.6  0.00701955
28  11.0  5.65102e-10
30  1.7  0.00509893
30  1.8  0.0037129
30  1.9  0.0027793
30  2.5  0.000458035
30  2.0  0.0020451
28  12.0  1.94234e-10
30  3.0  0.000128288
30  3.5  3.53661e-05
28  11.5  3.26966e-10
30  5.0  1.74499e-06
30  4.0  1.29951e-05
30  4.5  4.59963e-06
30  5.5  7.00451e-07
30  6.0  2.96139e-07
30  7.0  6.08421e-08
30  6.5  1.31096e-07
30  7.5  2.89161e-08
30  8.0  1.42926e-08
30  8.5  7.27557e-09
30  9.5  2.04438e-09
30  10.5  6.2669e-10
30  9.0  3.80446e-09
30  10.0  1.12098e-09
30  11.0  3.59565e-10
32  0.2  0.511901
32  0.3  0.399003
32  0.4  0.298007
32  0.5  0.215705
32  0.6  0.152653
32  0.7  0.106648
32  0.8  0.0740305
32  0.9  0.0512976
32  1.0  0.035534
32  1.1  0.0247275
32  1.2  0.0174035
32  1.3  0.0121659
32  1.4  0.00864714
30  11.5  2.09743e-10
32  1.5  0.0061594
32  1.7  0.00322012
32  1.6  0.00440477
32  1.8  0.00232091
32  1.9  0.0017097
32  2.0  0.00126027
32  2.5  0.000289449
32  3.0  8.5118e-05
32  3.5  2.19341e-05
30  12.0  1.22408e-10
32  4.0  7.56112e-06
32  5.0  9.94943e-07
32  4.5  2.64359e-06
32  6.5  7.39598e-08
32  5.5  3.95395e-07
32  6.0  1.66237e-07
32  7.0  3.36366e-08
32  7.5  1.59771e-08
32  8.0  7.86573e-09
32  8.5  3.98601e-09
32  9.0  2.07469e-09
32  10.0  6.06675e-10
32  9.5  1.10803e-09
34  0.2  0.327029
34  0.3  0.252192
34  0.4  0.186091
34  0.5  0.132815
34  0.6  0.0927657
34  0.7  0.0639653
34  0.9  0.0299825
32  10.5  3.38158e-10
34  0.8  0.0438101
34  1.1  0.014182
34  1.0  0.0205754
34  1.3  0.00684731
34  1.2  0.00981368
34  1.4  0.00482042
34  1.5  0.00339834
32  11.0  1.92407e-10
34  1.6  0.00243284
34  1.7  0.00173431
34  1.9  0.000933081
34  1.8  0.00126373
34  2.5  0.000148321
34  2.0  0.000675389
34  3.0  4.21614e-05
34  3.5  1.03716e-05
32  11.5  1.11254e-10
32  12.0  6.55222e-11
34  4.0  3.734e-06
34  4.5  1.28842e-06
34  5.0  4.79238e-07
34  6.0  7.88575e-08
34  5.5  1.89141e-07
34  6.5  3.43599e-08
34  7.0  1.56472e-08
34  7.5  7.39619e-09
34  8.0  3.61582e-09
34  8.5  1.81922e-09
34  9.5  5.02922e-10
34  9.0  9.43166e-10
34  10.0  2.73192e-10
4  0.2  1.76929
4  0.3  1.42403
4  0.4  1.10746
4  0.5  0.83761
4  0.6  0.620679
4  0.7  0.453713
4  0.8  0.328764
4  0.9  0.237264
4  1.1  0.123451
4  1.0  0.171045
34  10.5  1.51896e-10
4  1.2  0.0896371
4  1.3  0.0649128
4  1.4  0.0474094
4  1.5  0.0348649
4  1.6  0.025854
4  1.7  0.0189893
4  1.8  0.0144355
4  1.9  0.0105223
4  2.5  0.00211314
4  2.0  0.00798787
34  11.0  8.58174e-11
4  3.0  0.000565839
4  3.5  0.000176027
34  11.5  4.94944e-11
34  12.0  2.90209e-11
4  4.5  2.25946e-05
4  4.0  6.20165e-05
4  5.0  8.75498e-06
4  5.5  3.59643e-06
4  6.0  1.54726e-06
4  7.0  3.26746e-07
4  6.5  6.95846e-07
4  7.5  1.58024e-07
4  8.0  7.91123e-08
4  8.5  4.07697e-08
4  9.0  2.15623e-08
4  9.5  1.16573e-08
6  0.2  1.7528
4  10.5  3.65436e-09
4  10.0  6.45274e-09
6  0.3  1.41166
6  0.4  1.09778
6  0.5  0.829675
6  0.6  0.614772
6  0.7  0.449026
6  0.8  0.325306
6  0.9  0.234855
6  1.0  0.169207
6  1.1  0.122028
6  1.2  0.0883112
6  1.3  0.064574
6  1.5  0.0345084
6  1.4  0.0467926
6  1.6  0.0255208
6  1.7  0.0187318
6  1.8  0.0142641
4  11.0  2.09663e-09
6  1.9  0.0105801
6  2.0  0.00786032
6  2.5  0.00208899
6  3.0  0.000550583
6  3.5  0.000178361
4  11.5  1.227e-09
4  12.0  7.30191e-10
6  4.0  6.09903e-05
6  4.5  2.22179e-05
6  5.0  8.62005e-06
6  5.5  3.53646e-06
6  6.0  1.52414e-06
6  7.0  3.21144e-07
6  6.5  6.84064e-07
6  7.5  1.55296e-07
6  8.0  7.77134e-08
6  8.5  4.00563e-08
6  9.0  2.11824e-08
6  9.5  1.14505e-08
6  10.0  6.33741e-09
6  10.5  3.58922e-09
8  0.2  1.73269
8  0.3  1.39334
8  0.4  1.08326
8  0.5  0.818542
8  0.6  0.606064
8  0.7  0.44238
8  0.8  0.320318
8  0.9  0.231077
8  1.1  0.120022
8  1.0  0.166448
8  1.2  0.086953
8  1.4  0.0459731
8  1.3  0.0631394
8  1.5  0.0337427
8  1.6  0.0248741
8  1.7  0.0183748
8  1.8  0.0139691
8  1.9  0.010452
8  2.0  0.00769863
6  11.0  2.0589e-09
8  3.0  0.000575021
8  2.5  0.00197401
8  3.5  0.000175961
6  11.5  1.20476e-09
6  12.0  7.16722e-10
8  4.0  5.97512e-05
8  4.5  2.17061e-05
8  5.0  8.41587e-06
8  5.5  3.45239e-06
8  6.0  1.48768e-06
8  7.0  3.13266e-07
8  6.5  6.67376e-07
8  7.5  1.51456e-07
8  8.0  7.57765e-08
8  8.5  3.9054e-08
8  9.0  2.06951e-08
8  9.5  1.11599e-08
8  10.5  3.49762e-09
8  10.0  6.17538e-09
8  11.0  2.00591e-09
8  11.5  1.17315e-09
8  12.0  6.98004e-10
