# exclusive D0 cross section, Pb target, HymnD fragmentation, An0n channel
# generated      : 2026-08-20 11:03:49 EEST
# calls          : 1e5 below 4.0 GeV, 2e3 above (see EXCL_PT_THRESHOLD) (VEGAS calls per point, see CALLS_EXCL/CALLS_EXCL_FACTORIZED/CALLS_DIFF)
# dipole samples : data/Pb/bk_posterior/member_0057/glauber_mve_<b>
# pD0 sweep      : 0.2 0.3 0.4 0.5 0.6 0.7 0.8 0.9 1.0 1.1 1.2 1.3 1.4 1.5 1.6 1.7 1.8 1.9 2.0 2.5 3.0 3.5 4.0 4.5 5.0 5.5 6.0 6.5 7.0 7.5 8.0 8.5 9.0 9.5 10.0 10.5 11.0 11.5 12.0
# fixed rapidity y : 2.0
# ============================================================
# b  pD0  dsigma_dyd2pD0
0  0.3  1.40963
0  0.5  0.822358
0  0.4  1.09314
0  0.2  1.75001
0  0.7  0.437818
0  0.6  0.604741
0  0.9  0.223478
0  0.8  0.313692
0  1.0  0.158375
0  1.1  0.112793
0  1.3  0.0575401
0  1.2  0.0803936
0  1.4  0.0410332
0  1.5  0.0296123
0  1.7  0.0159457
0  1.6  0.0215741
0  1.8  0.01131
0  2.5  0.00139575
0  1.9  0.008312
0  2.0  0.0061012
0  3.0  0.000416573
0  3.5  0.000102229
0  5.0  4.47824e-06
0  6.0  7.23882e-07
0  4.0  3.539e-05
0  4.5  1.21572e-05
0  5.5  1.74545e-06
0  6.5  3.1124e-07
0  7.0  1.39875e-07
0  7.5  6.52998e-08
0  8.0  3.14775e-08
0  8.5  1.57285e-08
0  9.0  8.0681e-09
0  9.5  4.23359e-09
0  10.0  2.27821e-09
10  0.2  1.6741
10  0.3  1.34654
10  0.4  1.04267
10  0.5  0.782232
10  0.6  0.57443
0  10.5  1.25104e-09
10  0.7  0.415203
10  0.8  0.296789
10  1.0  0.149432
10  0.9  0.210966
10  1.2  0.0760513
10  1.1  0.106263
10  1.3  0.053916
10  1.4  0.0385214
10  1.5  0.0277552
10  1.6  0.0200457
10  1.7  0.014443
10  1.8  0.0108358
0  11.0  7.00475e-10
10  2.0  0.00582866
10  1.9  0.00777469
10  2.5  0.001372
10  3.0  0.000387582
10  3.5  9.46881e-05
0  11.5  3.98891e-10
0  12.0  2.31183e-10
10  5.0  4.09685e-06
10  4.0  3.25724e-05
10  4.5  1.11595e-05
10  6.5  2.84754e-07
10  6.0  6.59497e-07
10  5.5  1.60082e-06
10  7.0  1.27945e-07
10  7.5  5.96851e-08
10  8.0  2.88843e-08
10  8.5  1.43639e-08
10  10.5  1.14554e-09
10  9.0  7.36911e-09
10  9.5  3.86372e-09
10  10.0  2.07534e-09
12  0.2  1.63885
12  0.3  1.31655
12  0.4  1.01875
12  0.5  0.764537
12  0.6  0.560249
12  0.7  0.404326
12  0.8  0.289065
12  0.9  0.20551
12  1.0  0.145611
12  1.1  0.103149
12  1.2  0.0732229
12  1.3  0.0524711
12  1.4  0.0373687
12  1.6  0.0194997
12  1.5  0.0267844
10  11.0  6.37889e-10
12  1.7  0.0139424
12  1.8  0.0104525
12  1.9  0.00748644
12  2.0  0.00555015
12  2.5  0.00131804
12  3.0  0.000346584
12  3.5  8.72875e-05
10  11.5  3.6341e-10
12  4.5  1.07842e-05
10  12.0  2.10462e-10
12  5.0  3.93883e-06
12  6.0  6.36175e-07
12  4.0  3.13066e-05
12  6.5  2.73766e-07
12  5.5  1.53815e-06
12  7.0  1.22631e-07
12  7.5  5.72303e-08
12  8.0  2.76772e-08
12  8.5  1.37552e-08
12  9.0  7.05636e-09
12  9.5  3.6949e-09
12  11.5  3.48894e-10
14  0.2  1.59489
14  0.3  1.28008
12  10.0  1.98615e-09
14  0.4  0.98989
14  0.5  0.741634
14  0.6  0.54358
14  0.7  0.391764
12  10.5  1.09145e-09
14  0.8  0.279564
14  0.9  0.198551
14  1.0  0.140102
14  1.1  0.0992982
14  1.2  0.0709185
14  1.3  0.0503663
14  1.5  0.0259103
14  1.4  0.0359298
14  1.6  0.0189539
12  11.0  6.09861e-10
14  1.7  0.0136878
14  1.8  0.0100348
14  1.9  0.00721553
14  2.5  0.00124741
14  3.0  0.000306657
14  2.0  0.00530634
14  3.5  8.11503e-05
12  12.0  2.01272e-10
14  5.0  3.751e-06
14  6.0  6.03506e-07
14  4.0  2.98291e-05
14  4.5  1.02046e-05
14  5.5  1.45909e-06
14  6.5  2.58712e-07
14  7.0  1.16295e-07
14  7.5  5.42742e-08
14  8.0  2.62116e-08
14  8.5  1.30315e-08
14  9.0  6.68233e-09
14  9.5  3.50049e-09
14  11.5  3.29176e-10
14  10.0  1.88079e-09
16  0.2  1.54191
16  0.3  1.23668
16  0.4  0.954576
16  0.5  0.714673
16  0.6  0.52268
16  0.7  0.37628
14  10.5  1.0327e-09
16  0.8  0.268031
16  0.9  0.189993
16  1.0  0.134332
16  1.1  0.0951041
16  1.2  0.0676167
16  1.5  0.0247711
16  1.3  0.0480868
16  1.4  0.0342373
16  1.6  0.0176914
14  11.0  5.76921e-10
16  1.7  0.0127546
16  1.8  0.00932769
16  1.9  0.00684939
16  3.0  0.00029232
16  2.0  0.00502913
16  2.5  0.0011738
16  3.5  9.36321e-05
16  4.0  2.81472e-05
14  12.0  1.90362e-10
16  4.5  9.59442e-06
16  5.0  3.52087e-06
16  6.0  5.66095e-07
16  5.5  1.36863e-06
16  6.5  2.4208e-07
16  7.0  1.08895e-07
16  7.5  5.0782e-08
16  8.0  2.45356e-08
16  8.5  1.21819e-08
16  9.0  6.24592e-09
16  9.5  3.27236e-09
16  11.5  3.06783e-10
18  0.2  1.47854
16  10.0  1.75636e-09
18  0.3  1.18362
18  0.4  0.913112
18  0.5  0.68261
18  0.6  0.49786
18  0.7  0.357858
18  0.8  0.254476
16  10.5  9.64119e-10
18  0.9  0.180315
18  1.0  0.127272
18  1.1  0.0898379
16  11.0  5.38646e-10
18  1.2  0.0637042
18  1.3  0.0452005
18  1.4  0.0322521
18  1.5  0.023075
18  1.6  0.016528
18  1.7  0.0119311
18  1.8  0.0087176
18  1.9  0.00641861
18  2.0  0.00475444
18  2.5  0.00104697
18  3.0  0.000288428
18  3.5  7.94171e-05
16  12.0  1.77568e-10
18  4.0  2.59788e-05
18  4.5  8.8528e-06
18  5.0  3.24896e-06
18  5.5  1.26403e-06
18  6.0  5.19168e-07
18  6.5  2.23629e-07
18  7.0  1.00346e-07
18  7.5  4.67623e-08
18  8.0  2.25654e-08
18  8.5  1.12053e-08
18  9.0  5.73975e-09
18  10.0  1.59571e-09
18  9.5  3.00564e-09
18  11.0  4.96409e-10
2  0.2  1.74615
2  0.3  1.40719
2  0.4  1.09126
2  0.5  0.821103
2  0.6  0.603517
2  0.7  0.436928
2  0.8  0.313282
18  10.5  8.84964e-10
2  1.0  0.158017
2  0.9  0.222905
2  1.1  0.112637
2  1.3  0.0573744
2  1.2  0.0801634
2  1.4  0.0411177
2  1.5  0.0294948
2  1.6  0.0213456
2  1.7  0.0156531
2  1.8  0.0113105
2  1.9  0.00850481
2  2.0  0.00608999
2  2.5  0.00146636
2  3.0  0.000422402
2  3.5  9.77628e-05
18  11.5  2.81334e-10
18  12.0  1.62249e-10
2  4.5  1.21556e-05
2  5.0  4.46372e-06
2  6.0  7.21459e-07
2  4.0  3.52842e-05
2  5.5  1.73971e-06
2  6.5  3.10209e-07
2  7.0  1.3941e-07
2  7.5  6.50768e-08
2  8.0  3.15097e-08
2  8.5  1.56743e-08
2  9.0  8.04016e-09
2  9.5  4.21864e-09
20  0.2  1.40179
20  0.3  1.12145
20  0.4  0.862736
2  10.0  2.27022e-09
20  0.5  0.64315
20  0.6  0.468263
20  0.7  0.336036
20  0.8  0.238654
20  0.9  0.168528
20  1.1  0.0838042
2  10.5  1.25007e-09
20  1.0  0.118695
20  1.3  0.0421093
20  1.4  0.0303098
20  1.2  0.0591284
20  1.5  0.0216803
20  1.6  0.0153987
20  1.7  0.0112446
20  1.8  0.00803394
20  1.9  0.00585979
2  11.0  6.9794e-10
20  2.5  0.000937712
20  2.0  0.00428951
20  3.0  0.000272594
20  3.5  8.6368e-05
2  11.5  3.96959e-10
2  12.0  2.30357e-10
20  4.5  8.05721e-06
20  4.0  2.36223e-05
20  5.0  2.93933e-06
20  6.5  2.03842e-07
20  5.5  1.14425e-06
20  6.0  4.69435e-07
20  7.0  9.05381e-08
20  8.0  2.03326e-08
20  7.5  4.21889e-08
20  8.5  1.00969e-08
20  9.0  5.1641e-09
20  9.5  2.70158e-09
20  10.0  1.44974e-09
22  0.2  1.30879
22  0.3  1.04541
22  0.4  0.802124
22  0.5  0.596812
20  10.5  7.95436e-10
22  0.6  0.433254
22  0.7  0.309781
22  0.8  0.219265
22  0.9  0.154717
22  1.0  0.10828
22  1.1  0.0763619
22  1.2  0.0540625
22  1.3  0.0381891
22  1.4  0.0271487
22  1.5  0.0194265
22  1.6  0.0140958
20  11.0  4.44119e-10
22  1.7  0.0101098
22  1.8  0.00722928
22  2.5  0.00087809
22  1.9  0.00527599
22  2.0  0.00386658
22  3.0  0.000220047
20  11.5  2.52638e-10
22  3.5  5.9645e-05
20  12.0  1.46397e-10
22  4.0  2.09684e-05
22  4.5  7.11594e-06
22  5.0  2.59935e-06
22  6.0  4.15036e-07
22  5.5  1.00823e-06
22  6.5  1.77523e-07
22  7.0  7.94647e-08
22  7.5  3.70312e-08
22  8.0  1.78055e-08
22  9.0  4.55881e-09
22  9.5  2.38114e-09
22  8.5  8.83929e-09
22  10.0  1.26585e-09
24  0.2  1.19623
22  10.5  6.94583e-10
24  0.3  0.95201
24  0.4  0.729005
24  0.5  0.540104
24  0.6  0.391158
24  0.7  0.278479
24  0.8  0.196718
24  0.9  0.13793
24  1.0  0.0968374
24  1.1  0.0677279
24  1.2  0.0478267
22  11.0  3.87563e-10
24  1.3  0.033756
24  1.4  0.0240267
24  1.5  0.0171434
24  1.6  0.0122988
24  1.7  0.00897629
24  1.9  0.00469647
24  1.8  0.00635849
24  2.0  0.00346839
24  3.0  0.000212486
24  2.5  0.000789576
24  3.5  5.71388e-05
22  11.5  2.20382e-10
22  12.0  1.27369e-10
24  5.0  2.21382e-06
24  4.0  1.78754e-05
24  4.5  6.05161e-06
24  5.5  8.56038e-07
24  6.0  3.49759e-07
24  6.5  1.49898e-07
24  7.0  6.71386e-08
24  7.5  3.12211e-08
24  8.0  1.49978e-08
24  8.5  7.43848e-09
24  9.0  3.79365e-09
24  9.5  1.98694e-09
24  10.0  1.06307e-09
26  0.2  1.05784
26  0.3  0.839461
24  10.5  5.82036e-10
26  0.4  0.640004
26  0.5  0.472087
26  0.6  0.340222
26  0.7  0.241338
26  0.8  0.169227
24  11.0  3.24632e-10
26  0.9  0.118402
26  1.1  0.0576666
26  1.0  0.0827564
26  1.4  0.0202685
26  1.2  0.0405718
26  1.3  0.0285802
26  1.5  0.0142908
26  1.7  0.00741907
26  1.6  0.0101828
26  1.8  0.00528856
26  1.9  0.0038436
26  2.0  0.00280944
26  2.5  0.00065381
26  3.0  0.000174587
26  3.5  4.28223e-05
24  11.5  1.84405e-10
24  12.0  1.06575e-10
26  4.5  4.90178e-06
26  5.0  1.78214e-06
26  4.0  1.44935e-05
26  5.5  6.86685e-07
26  6.5  1.20137e-07
26  6.0  2.79977e-07
26  7.0  5.35296e-08
26  7.5  2.48487e-08
26  8.0  1.19265e-08
26  8.5  5.90897e-09
26  9.5  1.57742e-09
26  9.0  3.00921e-09
26  10.0  8.40302e-10
28  0.2  0.891281
28  0.3  0.703873
28  0.4  0.533722
28  0.5  0.391324
28  0.6  0.280175
28  0.7  0.197593
28  0.8  0.137869
28  0.9  0.0957353
26  10.5  4.59508e-10
28  1.0  0.0664443
28  1.1  0.0462413
28  1.2  0.0322913
28  1.3  0.0226989
28  1.4  0.016039
28  1.5  0.0113361
26  11.0  2.558e-10
28  1.6  0.00809345
28  1.7  0.00592004
28  1.9  0.00300869
28  1.8  0.00410175
28  2.0  0.0021929
28  2.5  0.000501014
28  3.0  0.000131978
28  3.5  3.38232e-05
26  11.5  1.4521e-10
26  12.0  8.38709e-11
28  4.0  1.08779e-05
28  4.5  3.65345e-06
28  5.0  1.32255e-06
28  5.5  5.07989e-07
28  6.0  2.06717e-07
28  6.5  8.8094e-08
28  7.0  3.92189e-08
28  7.5  1.81589e-08
28  9.0  2.18802e-09
28  8.0  8.69792e-09
28  9.5  1.14349e-09
28  8.5  4.30109e-09
28  11.0  1.87576e-10
28  10.0  6.08131e-10
30  0.2  0.698182
30  0.3  0.547911
30  0.4  0.412237
30  0.5  0.299779
30  0.6  0.212891
30  0.7  0.148688
30  0.9  0.0711182
30  0.8  0.102902
28  10.5  3.3207e-10
30  1.0  0.0490557
30  1.1  0.0338467
30  1.2  0.0235606
30  1.3  0.0164571
30  1.4  0.0115122
30  1.5  0.00804379
30  1.6  0.00569373
30  1.7  0.00403811
30  1.8  0.00290044
30  2.0  0.00155758
30  1.9  0.00209676
30  2.5  0.000319768
30  3.5  2.60107e-05
30  3.0  8.65871e-05
28  11.5  1.04684e-10
28  12.0  6.04077e-11
30  4.0  7.2673e-06
30  6.0  1.35963e-07
30  4.5  2.42336e-06
30  5.0  8.72707e-07
30  5.5  3.3405e-07
30  6.5  5.74266e-08
30  7.0  2.54927e-08
30  8.5  2.79159e-09
30  7.5  1.17467e-08
30  8.0  5.611e-09
30  9.0  1.40128e-09
30  9.5  7.29229e-10
30  10.0  3.90839e-10
32  0.2  0.495261
32  0.3  0.385375
32  0.4  0.287002
30  10.5  2.11562e-10
32  0.5  0.206563
32  0.6  0.144996
32  0.7  0.100122
32  0.8  0.0688533
32  0.9  0.0469726
32  1.0  0.032042
32  1.1  0.0219826
32  1.2  0.0151052
32  1.3  0.0104493
32  1.4  0.00731512
32  1.5  0.00507468
32  1.6  0.00357886
32  1.8  0.00187556
32  1.7  0.0025207
30  11.0  1.17477e-10
32  1.9  0.00129976
32  2.0  0.000945851
32  2.5  0.000207881
32  3.0  4.95428e-05
32  3.5  1.44063e-05
30  11.5  6.6504e-11
30  12.0  3.82292e-11
32  4.0  4.20848e-06
32  4.5  1.39112e-06
32  5.0  4.95787e-07
32  5.5  1.88442e-07
32  6.0  7.53944e-08
32  6.5  3.2023e-08
32  7.0  1.412e-08
32  8.5  1.52086e-09
32  7.5  6.52559e-09
32  8.0  3.07987e-09
32  9.0  7.65756e-10
32  9.5  3.95091e-10
32  10.0  2.10092e-10
32  11.5  3.60943e-11
34  0.2  0.313623
34  0.3  0.241482
34  0.4  0.177606
34  0.5  0.125947
32  10.5  1.14216e-10
34  0.6  0.0872541
34  0.7  0.0595179
34  0.8  0.0403207
34  0.9  0.0271867
34  1.1  0.0124544
34  1.0  0.0183689
34  1.2  0.00848202
34  1.3  0.00579167
32  11.0  6.31761e-11
34  1.5  0.0028564
34  1.4  0.00400222
34  1.6  0.00194102
34  1.7  0.00141282
34  1.8  0.000980635
34  2.0  0.000506146
34  1.9  0.000695728
34  2.5  0.000111486
34  3.0  2.55841e-05
34  3.5  7.65832e-06
32  12.0  2.04545e-11
34  4.5  6.75624e-07
34  4.0  2.06548e-06
34  5.0  2.37846e-07
34  5.5  8.95749e-08
34  7.0  6.60191e-09
34  6.0  3.56945e-08
34  7.5  3.01981e-09
34  6.5  1.48932e-08
34  8.0  1.41402e-09
34  8.5  6.89626e-10
34  9.0  3.47592e-10
34  10.0  9.49808e-11
34  9.5  1.78801e-10
4  0.2  1.73898
4  0.3  1.39983
4  0.4  1.08546
4  0.5  0.815991
4  0.6  0.599946
34  10.5  5.10929e-11
4  0.7  0.434159
4  0.8  0.310952
4  0.9  0.221592
4  1.0  0.156944
4  1.1  0.112113
4  1.2  0.0796984
4  1.3  0.0569317
4  1.4  0.0406886
4  1.5  0.0293387
4  1.6  0.0213407
4  1.8  0.0112518
4  1.7  0.0153128
34  11.0  2.821e-11
4  2.0  0.00620009
4  1.9  0.00825196
4  2.5  0.00136145
4  3.0  0.000356496
4  3.5  8.94041e-05
34  11.5  1.58456e-11
4  4.5  1.20341e-05
34  12.0  9.06751e-12
4  5.0  4.42009e-06
4  4.0  3.49612e-05
4  5.5  1.7225e-06
4  6.5  3.07105e-07
4  6.0  7.09587e-07
4  7.0  1.38007e-07
4  7.5  6.44087e-08
4  8.0  3.11892e-08
4  8.5  1.5511e-08
4  9.0  8.02029e-09
4  9.5  4.17424e-09
6  0.2  1.72425
4  10.0  2.24617e-09
6  0.3  1.38747
6  0.4  1.07522
6  0.5  0.80838
6  0.6  0.594002
4  10.5  1.23336e-09
6  0.7  0.429832
6  0.8  0.307619
6  0.9  0.2189
6  1.0  0.155149
4  11.0  6.90394e-10
6  1.1  0.11053
6  1.2  0.0785883
6  1.3  0.0562813
6  1.4  0.040213
6  1.5  0.0289775
6  1.7  0.0153425
6  1.6  0.0209901
6  1.8  0.0110271
6  1.9  0.00813811
6  2.0  0.00596631
6  2.5  0.00132826
6  3.0  0.000366258
6  3.5  0.000103362
4  11.5  3.93262e-10
6  4.5  1.1834e-05
4  12.0  2.27886e-10
6  5.0  4.34712e-06
6  4.0  3.44156e-05
6  5.5  1.6937e-06
6  6.0  6.97636e-07
6  6.5  3.01877e-07
6  7.0  1.3564e-07
6  7.5  6.32949e-08
6  8.0  3.06456e-08
6  8.5  1.52382e-08
6  9.0  7.82034e-09
6  9.5  4.09949e-09
6  10.0  2.20599e-09
8  0.2  1.70166
8  0.3  1.36863
8  0.4  1.06106
6  10.5  1.21126e-09
8  0.5  0.797279
8  0.6  0.585027
8  0.7  0.423197
8  0.8  0.302832
8  0.9  0.215642
8  1.0  0.152612
8  1.1  0.109059
8  1.2  0.0774556
8  1.3  0.0552416
8  1.4  0.0394797
8  1.5  0.0283498
8  1.6  0.0208485
8  1.8  0.0110956
6  11.0  6.77846e-10
8  1.7  0.0148412
8  2.0  0.00597506
8  1.9  0.00796475
8  2.5  0.00137111
8  3.0  0.000402002
8  3.5  0.000113648
6  11.5  3.88806e-10
6  12.0  2.2376e-10
8  5.0  4.24653e-06
8  4.0  3.36196e-05
8  4.5  1.15265e-05
8  5.5  1.65321e-06
8  6.0  6.82186e-07
8  6.5  2.93208e-07
8  7.0  1.32286e-07
8  7.5  6.17423e-08
8  8.0  2.98816e-08
8  8.5  1.48565e-08
8  10.0  2.16673e-09
8  9.0  7.62254e-09
8  10.5  1.1827e-09
8  9.5  3.99435e-09
8  11.0  6.60523e-10
8  12.0  2.18955e-10
8  11.5  3.76282e-10
