# exclusive D0 cross section, Pb target, LHAPDF fragmentation, An0n channel
# generated      : 2026-08-20 10:21:42 EEST
# calls          : 1e5 below 4.0 GeV, 2e3 above (see EXCL_PT_THRESHOLD) (VEGAS calls per point, see CALLS_EXCL/CALLS_EXCL_FACTORIZED/CALLS_DIFF)
# dipole samples : data/Pb/mve/glauber_mve_<b>
# pD0 sweep      : 0.2 0.3 0.4 0.5 0.6 0.7 0.8 0.9 1.0 1.1 1.2 1.3 1.4 1.5 1.6 1.7 1.8 1.9 2.0 2.5 3.0 3.5 4.0 4.5 5.0 5.5 6.0 6.5 7.0 7.5 8.0 8.5 9.0 9.5 10.0 10.5 11.0 11.5 12.0
# fixed rapidity y : 1.0
# ============================================================
# b  pD0  dsigma_dyd2pD0
0  0.3  2.5916
0  0.2  3.20992
0  0.5  1.5187
0  0.4  2.01536
0  0.8  0.584921
0  0.6  1.11919
0  0.7  0.811007
0  1.0  0.299243
0  0.9  0.419114
0  1.2  0.155627
0  1.1  0.21523
0  1.3  0.112412
0  1.4  0.080901
0  1.5  0.0589131
0  1.9  0.0176832
0  1.6  0.0431318
0  1.7  0.0322302
0  1.8  0.0236486
0  2.0  0.013241
0  3.0  0.000878501
0  3.5  0.000252473
0  2.5  0.00332634
0  4.5  3.78005e-05
0  4.0  0.000102142
0  5.0  1.51425e-05
0  5.5  6.42633e-06
0  6.0  2.88871e-06
0  7.5  3.35043e-07
0  6.5  1.35841e-06
0  7.0  6.63581e-07
0  8.5  9.74415e-08
0  8.0  1.78078e-07
0  10.0  1.8415e-08
0  9.0  5.42995e-08
0  9.5  3.12044e-08
0  10.5  1.1056e-08
10  0.2  3.05685
10  0.3  2.46275
10  0.4  1.91179
10  0.5  1.4384
0  11.0  6.78768e-09
10  0.7  0.765595
10  0.6  1.0572
10  0.8  0.550014
10  0.9  0.393185
10  1.1  0.201264
10  1.0  0.281189
10  1.2  0.144469
10  1.3  0.105211
0  11.5  4.23919e-09
10  1.4  0.0755402
10  1.5  0.0547294
10  1.6  0.0401857
10  1.7  0.0293896
10  1.8  0.0225277
10  1.9  0.016386
0  12.0  2.69658e-09
10  2.0  0.0123666
10  2.5  0.00313445
10  3.0  0.000933341
10  3.5  0.000258009
10  4.5  3.4569e-05
10  5.0  1.37691e-05
10  4.0  9.34967e-05
10  5.5  5.86759e-06
10  6.0  2.63166e-06
10  7.5  3.05326e-07
10  6.5  1.23408e-06
10  7.0  6.04772e-07
10  8.0  1.62134e-07
10  8.5  8.86876e-08
10  9.5  2.82145e-08
10  9.0  4.9395e-08
10  10.0  1.67355e-08
10  10.5  1.00459e-08
12  0.2  2.98447
12  0.3  2.40672
10  11.0  6.16563e-09
12  0.4  1.8633
12  0.5  1.40101
12  0.6  1.02919
12  0.7  0.744604
12  0.8  0.535019
12  0.9  0.381557
12  1.1  0.194705
12  1.0  0.272701
12  1.2  0.139717
12  1.3  0.100805
10  11.5  3.84844e-09
12  1.4  0.0728577
12  1.5  0.0528784
12  1.6  0.0385908
12  1.7  0.028858
12  1.9  0.015733
12  1.8  0.0211502
12  2.0  0.0118414
12  2.5  0.0030598
12  3.0  0.000849359
10  12.0  2.44731e-09
12  3.5  0.000219098
12  4.5  3.31641e-05
12  5.0  1.31976e-05
12  4.0  8.96119e-05
12  5.5  5.63033e-06
12  6.0  2.51935e-06
12  7.0  5.8165e-07
12  7.5  2.92007e-07
12  6.5  1.15733e-06
12  8.0  1.55043e-07
12  9.5  2.69537e-08
12  8.5  8.48373e-08
12  9.0  4.7259e-08
12  10.5  9.59479e-09
12  10.0  1.59231e-08
12  11.0  5.88731e-09
14  0.2  2.89692
14  0.3  2.33143
14  0.4  1.80572
14  0.5  1.35554
14  0.6  0.994507
14  0.7  0.719137
14  0.8  0.514928
14  0.9  0.367323
12  11.5  3.67515e-09
14  1.0  0.261534
14  1.1  0.187675
14  1.2  0.134273
14  1.3  0.0963477
14  1.5  0.0515011
14  1.4  0.0696136
14  1.6  0.0369155
14  1.7  0.0275734
14  1.8  0.0203242
14  1.9  0.015102
14  2.0  0.0113734
14  3.0  0.000738348
14  2.5  0.00284853
14  3.5  0.000285121
12  12.0  2.3359e-09
14  4.5  3.14535e-05
14  5.0  1.24941e-05
14  4.0  8.50714e-05
14  5.5  5.32421e-06
14  7.0  5.46384e-07
14  6.0  2.38492e-06
14  7.5  2.7659e-07
14  6.5  1.11813e-06
14  8.0  1.47245e-07
14  8.5  8.00231e-08
14  9.5  2.54552e-08
14  9.0  4.4621e-08
14  10.0  1.51069e-08
14  10.5  9.05976e-09
16  0.2  2.7915
14  11.0  5.56015e-09
16  0.3  2.24462
16  0.4  1.73546
16  0.5  1.29994
16  0.6  0.952525
16  0.7  0.687598
16  0.8  0.492075
16  0.9  0.350602
16  1.0  0.249308
16  1.1  0.178464
14  11.5  3.46882e-09
16  1.2  0.127812
16  1.4  0.0672208
16  1.3  0.0915345
16  1.5  0.0489731
16  1.6  0.0359004
16  1.7  0.0257701
16  1.9  0.01422
16  1.8  0.0192383
16  2.0  0.0105475
16  2.5  0.0026407
16  3.0  0.000784287
14  12.0  2.20416e-09
16  3.5  0.000249393
16  5.0  1.16782e-05
16  4.0  7.97236e-05
16  4.5  2.95497e-05
16  5.5  4.99463e-06
16  6.5  1.03847e-06
16  7.0  5.09238e-07
16  6.0  2.22808e-06
16  7.5  2.59858e-07
16  8.5  7.47875e-08
16  8.0  1.36672e-07
16  9.0  4.15469e-08
16  9.5  2.39522e-08
16  10.5  8.43272e-09
18  0.2  2.66585
16  10.0  1.40565e-08
18  0.3  2.13991
18  0.4  1.65157
18  0.5  1.23457
18  0.6  0.90232
16  11.0  5.17428e-09
18  0.7  0.650702
18  0.8  0.464614
18  0.9  0.33039
18  1.0  0.235098
18  1.1  0.167426
18  1.2  0.119607
18  1.4  0.0628376
18  1.3  0.08602
18  1.5  0.0461749
16  11.5  3.23039e-09
18  1.6  0.0326479
18  1.7  0.023891
18  1.8  0.0177602
18  1.9  0.0133247
18  2.0  0.0100308
18  2.5  0.0024346
18  3.0  0.000573025
18  3.5  0.000199202
18  4.5  2.70919e-05
18  5.0  1.07708e-05
16  12.0  2.04376e-09
18  4.0  7.35706e-05
18  5.5  4.59603e-06
18  6.0  2.0614e-06
18  6.5  9.59521e-07
18  7.0  4.70939e-07
18  7.5  2.38987e-07
18  8.5  6.93561e-08
18  8.0  1.25494e-07
18  9.5  2.1761e-08
18  9.0  3.80943e-08
18  10.5  7.72029e-09
2  0.2  3.20375
2  0.3  2.58626
18  11.0  4.73888e-09
18  10.0  1.28421e-08
2  0.4  2.01107
2  0.5  1.51555
2  0.7  0.809587
2  0.6  1.11665
2  0.8  0.583445
2  1.0  0.299167
2  0.9  0.418011
18  11.5  2.95522e-09
2  1.1  0.215204
2  1.2  0.155209
2  1.3  0.112112
2  1.4  0.081047
2  1.5  0.060072
2  1.6  0.0427795
2  1.7  0.0315275
2  2.0  0.0131196
2  1.8  0.0234253
2  1.9  0.0173517
2  3.0  0.000913219
2  3.5  0.000302633
18  12.0  1.87556e-09
2  2.5  0.00331955
2  4.5  3.76704e-05
2  4.0  0.000101801
2  5.0  1.50907e-05
2  6.0  2.87867e-06
2  5.5  6.40341e-06
2  6.5  1.35352e-06
2  7.0  6.61243e-07
2  8.5  9.72901e-08
2  7.5  3.37536e-07
2  8.0  1.77442e-07
2  9.0  5.41082e-08
2  10.0  1.83481e-08
2  9.5  3.10913e-08
2  10.5  1.10163e-08
20  0.2  2.51332
20  0.3  2.01172
20  0.4  1.55118
20  0.5  1.15664
2  11.0  6.76285e-09
20  0.6  0.844622
20  0.8  0.432408
20  0.7  0.606845
20  0.9  0.307002
20  1.0  0.217688
20  1.1  0.155087
20  1.2  0.111048
20  1.3  0.0791459
20  1.4  0.0568879
2  11.5  4.22362e-09
20  1.6  0.0306088
20  1.5  0.0415583
20  1.7  0.0224763
20  1.8  0.0166
20  1.9  0.0120004
2  12.0  2.68673e-09
20  2.0  0.00913167
20  2.5  0.00222803
20  3.5  0.000234124
20  3.0  0.000557949
20  4.0  6.64658e-05
20  4.5  2.45807e-05
20  5.0  9.75836e-06
20  5.5  4.1412e-06
20  6.5  8.52499e-07
20  6.0  1.84635e-06
20  7.5  2.1255e-07
20  7.0  4.2308e-07
20  9.0  3.38951e-08
20  8.0  1.12647e-07
20  9.5  1.94881e-08
20  8.5  6.11892e-08
20  10.0  1.14333e-08
20  10.5  6.90483e-09
22  0.2  2.32996
20  11.0  4.2387e-09
22  0.3  1.86289
22  0.4  1.43175
22  0.5  1.06435
22  0.6  0.7743
22  0.7  0.554203
22  0.8  0.394179
22  0.9  0.279194
22  1.0  0.197561
22  1.1  0.140355
22  1.2  0.0995503
20  11.5  2.64357e-09
22  1.3  0.0711167
22  1.4  0.0520288
22  1.5  0.0369952
22  1.6  0.0267767
22  1.7  0.0201912
22  1.8  0.0148585
22  1.9  0.0110642
22  2.0  0.00804258
22  2.5  0.0020221
22  3.5  0.0002018
22  3.0  0.000425124
20  12.0  1.67321e-09
22  4.0  5.84107e-05
22  4.5  2.15825e-05
22  5.0  8.55358e-06
22  5.5  3.61332e-06
22  7.0  3.70392e-07
22  6.0  1.61058e-06
22  6.5  7.53656e-07
22  7.5  1.86827e-07
22  8.0  9.81142e-08
22  8.5  5.32697e-08
22  9.0  2.97395e-08
22  9.5  1.70212e-08
22  10.0  1.0015e-08
24  0.2  2.10882
24  0.3  1.68145
22  11.0  3.68223e-09
24  0.4  1.28694
22  10.5  5.99097e-09
24  0.5  0.953542
24  0.6  0.690453
24  0.8  0.349153
24  0.7  0.493216
24  0.9  0.245881
24  1.0  0.173387
24  1.1  0.123057
24  1.2  0.0870966
22  11.5  2.29451e-09
24  1.3  0.0622168
24  1.4  0.0445745
24  1.5  0.0328412
24  1.6  0.0241126
24  1.7  0.0174218
24  1.8  0.0126606
24  1.9  0.00939712
22  12.0  1.45536e-09
24  2.0  0.00705645
24  2.5  0.00174728
24  3.0  0.000400135
24  3.5  0.000146589
24  5.5  3.04127e-06
24  4.0  4.94234e-05
24  4.5  1.82188e-05
24  5.0  7.21626e-06
24  6.0  1.34047e-06
24  7.0  3.07203e-07
24  6.5  6.31883e-07
24  7.5  1.57097e-07
24  8.0  8.20426e-08
24  9.0  2.49491e-08
24  8.5  4.45052e-08
24  9.5  1.44886e-08
24  10.0  8.32789e-09
26  0.2  1.84019
24  11.0  3.06366e-09
26  0.3  1.46227
26  0.4  1.11425
26  0.5  0.821524
26  0.6  0.591955
24  11.5  1.90849e-09
24  10.5  4.94841e-09
26  0.7  0.420595
26  0.8  0.296121
26  0.9  0.208064
26  1.1  0.103008
26  1.0  0.146302
26  1.2  0.0731787
26  1.3  0.0522812
26  1.4  0.0369033
26  1.5  0.0272641
26  1.6  0.0195052
26  1.7  0.0141471
26  1.8  0.0103307
26  1.9  0.00771397
26  2.0  0.00572803
26  3.0  0.00035196
26  2.5  0.00140554
26  3.5  0.000149179
24  12.0  1.20235e-09
26  4.0  3.9564e-05
26  4.5  1.45494e-05
26  5.5  2.41912e-06
26  5.0  5.74375e-06
26  6.0  1.07531e-06
26  6.5  5.01198e-07
26  7.0  2.43209e-07
26  7.5  1.23383e-07
26  8.0  6.45635e-08
26  8.5  3.49827e-08
26  9.0  1.95722e-08
26  9.5  1.11784e-08
26  10.0  6.55121e-09
26  10.5  3.91387e-09
28  0.2  1.5217
28  0.3  1.20218
28  0.4  0.910619
28  0.5  0.667193
28  0.6  0.476718
28  0.7  0.33676
28  0.8  0.235688
28  0.9  0.164497
28  1.0  0.114792
28  1.1  0.0807968
28  1.2  0.0574395
26  11.0  2.38819e-09
28  1.3  0.0405732
28  1.4  0.0291267
28  1.5  0.0204696
28  1.6  0.0147375
28  1.7  0.0109782
28  1.8  0.00800714
28  1.9  0.00577802
28  2.0  0.00432003
26  12.0  9.44399e-10
28  2.5  0.0010157
28  3.0  0.000236394
28  3.5  0.000114646
26  11.5  1.48161e-09
28  5.5  1.74887e-06
28  4.5  1.06818e-05
28  5.0  4.20243e-06
28  4.0  2.91507e-05
28  6.0  7.80978e-07
28  7.0  1.73957e-07
28  6.5  3.62632e-07
28  8.0  4.65946e-08
28  7.5  8.8768e-08
28  8.5  2.52545e-08
28  9.0  1.40602e-08
28  9.5  8.00211e-09
30  0.2  1.15883
30  0.3  0.909465
28  11.0  1.70859e-09
28  10.0  4.6694e-09
30  0.4  0.683273
30  0.5  0.496086
30  0.6  0.35179
30  0.7  0.245997
28  10.5  2.7966e-09
30  0.8  0.170754
30  0.9  0.118224
30  1.0  0.0817671
30  1.1  0.057292
30  1.2  0.0402998
30  1.3  0.0281924
30  1.4  0.0199285
30  1.5  0.0145909
30  1.6  0.0104565
30  1.7  0.00758538
30  1.8  0.00543743
30  1.9  0.0038884
30  2.0  0.00294599
30  2.5  0.000703219
28  12.0  6.71489e-10
30  3.5  7.84076e-05
30  3.0  0.000167435
28  11.5  1.05614e-09
30  4.0  1.89803e-05
30  4.5  6.89453e-06
30  5.5  1.123e-06
30  5.0  2.71957e-06
30  6.0  4.9977e-07
30  7.0  1.10306e-07
30  6.5  2.31939e-07
30  8.0  2.95771e-08
30  7.5  5.63603e-08
30  9.5  5.06171e-09
30  8.5  1.58592e-08
30  9.0  8.8114e-09
30  10.0  2.93575e-09
30  10.5  1.75366e-09
32  0.2  0.789479
32  0.3  0.61383
30  11.0  1.06883e-09
32  0.4  0.455863
32  0.5  0.327235
32  0.6  0.22926
32  0.7  0.158653
32  0.8  0.109107
32  0.9  0.0747996
32  1.0  0.0515069
32  1.1  0.0356442
32  1.2  0.0248255
32  1.3  0.0171975
30  11.5  6.61218e-10
32  1.4  0.0123096
32  1.5  0.00868949
32  1.7  0.00452847
32  1.6  0.00612906
32  1.8  0.00325465
32  1.9  0.00239607
32  2.0  0.00170291
32  2.5  0.000402339
32  3.0  8.82814e-05
32  3.5  4.44737e-05
30  12.0  4.16412e-10
32  5.0  1.49573e-06
32  4.0  1.06539e-05
32  4.5  3.8407e-06
32  5.5  6.18902e-07
32  6.0  2.71408e-07
32  6.5  1.25496e-07
32  7.0  6.03253e-08
32  8.0  1.58175e-08
32  7.5  3.02496e-08
32  9.0  4.70346e-09
32  8.5  8.53388e-09
32  9.5  2.65463e-09
32  10.5  9.23967e-10
32  10.0  1.53801e-09
32  11.0  5.606e-10
4  0.2  3.18557
4  0.3  2.57214
4  0.5  1.50605
4  0.4  1.99816
4  0.6  1.10921
32  12.0  2.19297e-10
4  0.7  0.804738
4  0.9  0.415258
4  0.8  0.579266
4  1.0  0.297336
4  1.2  0.153702
32  11.5  3.47668e-10
4  1.1  0.213179
4  1.3  0.111132
4  1.5  0.0586195
4  1.4  0.0801454
4  1.6  0.0426637
4  1.8  0.0236501
4  1.7  0.0312807
4  2.0  0.0131767
4  1.9  0.0173691
4  2.5  0.00336139
4  3.0  0.000856235
4  3.5  0.000289451
4  4.5  3.72793e-05
4  4.0  0.000100771
4  5.0  1.49355e-05
4  5.5  6.33627e-06
4  6.0  2.84852e-06
4  6.5  1.3295e-06
4  7.0  6.50462e-07
4  7.5  3.33278e-07
4  8.0  1.7525e-07
4  8.5  9.59957e-08
4  9.0  5.35248e-08
4  10.0  1.81473e-08
4  9.5  3.07524e-08
4  10.5  1.08972e-08
6  0.2  3.1554
6  0.3  2.54631
6  0.5  1.49065
6  0.4  1.97865
6  0.6  1.09797
6  0.7  0.796938
6  0.8  0.572767
4  11.0  6.6883e-09
6  1.0  0.292751
6  0.9  0.410043
6  1.1  0.210062
6  1.2  0.151505
6  1.3  0.109378
6  1.4  0.079103
4  11.5  4.17691e-09
6  1.5  0.0574329
6  1.6  0.0418828
6  1.7  0.0307378
6  1.8  0.0228551
6  2.0  0.0131279
6  1.9  0.0173946
6  2.5  0.00332026
6  3.0  0.00082701
4  12.0  2.65691e-09
6  3.5  0.000319056
6  4.5  3.66233e-05
6  4.0  9.90734e-05
6  5.0  1.46767e-05
6  6.0  2.79813e-06
6  6.5  1.30377e-06
6  5.5  6.22571e-06
6  7.5  3.29396e-07
6  7.0  6.43008e-07
6  8.5  9.4325e-08
6  8.0  1.72352e-07
6  9.0  5.21355e-08
6  10.0  1.78121e-08
6  9.5  3.0186e-08
6  10.5  1.06957e-08
8  0.2  3.111
8  0.3  2.51023
8  0.4  1.94935
8  0.5  1.46829
8  0.6  1.08017
6  11.0  6.56355e-09
8  0.7  0.782963
8  0.8  0.562486
8  0.9  0.402677
8  1.0  0.287996
8  1.1  0.206617
8  1.2  0.148439
6  11.5  4.09895e-09
8  1.4  0.077506
8  1.3  0.106804
8  1.5  0.05724
8  1.7  0.0307775
8  1.6  0.0411266
8  1.8  0.0229152
8  1.9  0.0165285
8  2.0  0.0127076
8  2.5  0.00315319
6  12.0  2.60705e-09
8  3.0  0.000936442
8  3.5  0.000255783
8  4.5  3.56924e-05
8  5.0  1.42372e-05
8  4.0  9.66314e-05
8  6.5  1.26906e-06
8  5.5  6.07118e-06
8  6.0  2.72257e-06
8  7.5  3.15933e-07
8  7.0  6.26438e-07
8  8.5  9.19132e-08
8  9.5  2.92481e-08
8  8.0  1.67906e-07
8  9.0  5.11603e-08
8  10.0  1.73415e-08
8  10.5  1.04115e-08
8  11.0  6.39062e-09
8  11.5  3.98953e-09
8  12.0  2.53757e-09
