# diffractive D0 cross section, Pb target, HymnD fragmentation, Xn0n channel
# generated      : 2026-10-02 23:32:40 EEST
# flux_model     : EFF (TARGET=AA)
# calls         : 1e5 (VEGAS calls per point, see CALLS_EXCL/CALLS_EXCL_FACTORIZED/CALLS_DIFF)
# dipole samples : data/Pb/mve/glauber_mve_<b>
# pD0 sweep      : 0.2 0.3 0.4 0.5 0.6 0.7 0.8 0.9 1.0 1.1 1.2 1.3 1.4 1.5 1.6 1.7 1.8 1.9 2.0 2.5 3.0 3.5 4.0 4.5 5.0 5.5 6.0 6.5 7.0 7.5 8.0 8.5 9.0 9.5 10.0 10.5 11.0 11.5 12.0
# fixed rapidity y : -0.5
# ============================================================
# b  pD0  dsigma_dyd2pD0
0  0.3  0.291232
0  0.4  0.293471
0  0.2  0.300164
0  0.7  0.226478
0  0.8  0.196941
0  0.6  0.25632
0  0.5  0.282425
0  0.9  0.16484
0  1.0  0.136367
0  1.1  0.113198
0  1.4  0.0620254
0  1.2  0.092548
0  1.3  0.0762856
0  1.5  0.0506164
0  1.6  0.0419843
0  1.7  0.0343127
0  2.0  0.0195327
0  1.8  0.0283774
0  2.5  0.0082766
0  1.9  0.0235932
0  3.0  0.00399122
0  4.0  0.00111491
0  5.5  0.000246298
0  3.5  0.00201251
0  5.0  0.000389267
0  4.5  0.000636296
0  6.0  0.000161268
0  8.0  3.74825e-05
0  8.5  2.76515e-05
0  9.5  1.58483e-05
0  6.5  0.000111416
0  7.0  7.546e-05
0  7.5  5.416e-05
10  0.2  0.29027
10  0.3  0.289942
0  11.0  7.11493e-06
0  10.0  1.1998e-05
10  0.4  0.286045
0  9.0  2.10034e-05
10  0.5  0.274776
10  0.6  0.24784
10  0.7  0.221022
10  0.8  0.190708
0  12.0  4.26623e-06
10  0.9  0.158599
10  1.0  0.132803
10  1.1  0.109216
10  1.2  0.0883425
10  1.3  0.0726124
10  1.4  0.0597899
10  1.5  0.0487345
10  1.7  0.03299
10  1.6  0.0401349
0  10.5  8.93132e-06
10  1.8  0.0271805
10  1.9  0.0225297
10  2.0  0.0185213
10  2.5  0.00790772
10  3.0  0.00379853
0  11.5  5.44152e-06
10  4.0  0.00103872
10  4.5  0.000603627
10  5.0  0.000371234
10  5.5  0.00023535
10  3.5  0.0019437
10  7.5  5.16244e-05
10  8.0  3.58534e-05
10  6.0  0.000152664
10  6.5  0.000102386
10  7.0  7.08313e-05
10  8.5  2.6249e-05
12  0.2  0.287518
10  11.0  6.58125e-06
10  10.0  1.13914e-05
10  9.0  1.92708e-05
12  0.3  0.286414
12  0.4  0.281959
12  0.5  0.271293
12  0.6  0.247227
10  9.5  1.46488e-05
12  0.7  0.216622
10  12.0  4.04365e-06
12  0.8  0.188
12  0.9  0.156109
12  1.0  0.129742
12  1.1  0.107362
12  1.2  0.0879031
12  1.4  0.0575718
12  1.3  0.0718259
12  1.5  0.0478664
12  1.6  0.0392246
12  1.7  0.0320586
10  10.5  8.75451e-06
12  1.8  0.0265178
12  1.9  0.0220086
12  2.0  0.0183529
12  2.5  0.00777487
10  11.5  5.13733e-06
12  3.0  0.00364457
12  4.0  0.00102527
12  4.5  0.000610264
12  5.5  0.000233584
12  3.5  0.001891
12  5.0  0.000363284
12  8.0  3.50724e-05
12  6.0  0.000148446
12  6.5  0.000102616
12  7.0  6.9631e-05
12  10.5  8.31417e-06
12  7.5  4.86077e-05
12  11.0  6.46095e-06
14  0.2  0.283681
14  0.3  0.279862
12  8.5  2.56401e-05
12  9.0  1.94315e-05
14  0.4  0.279928
14  0.5  0.264306
14  0.6  0.242929
12  12.0  4.02205e-06
14  0.7  0.211936
12  9.5  1.42377e-05
14  0.8  0.184411
14  0.9  0.153793
14  1.0  0.127593
12  10.0  1.09188e-05
14  1.1  0.104534
14  1.2  0.0855658
14  1.3  0.0697039
14  1.4  0.0571514
14  1.5  0.0464735
14  1.6  0.0380268
14  1.7  0.0311592
14  1.8  0.025887
14  1.9  0.021315
14  2.0  0.0178179
14  2.5  0.00759839
12  11.5  5.1755e-06
14  3.0  0.00354242
14  4.0  0.000994864
14  5.5  0.000218683
14  3.5  0.00184063
14  5.0  0.00034759
14  6.5  0.000100025
14  4.5  0.00057152
14  8.0  3.40256e-05
14  8.5  2.47386e-05
14  6.0  0.00014379
14  7.0  6.75999e-05
14  10.5  8.18394e-06
14  7.5  4.73508e-05
16  0.2  0.279547
16  0.3  0.275273
14  10.0  1.05002e-05
14  11.0  6.21997e-06
16  0.4  0.275768
14  9.0  1.83501e-05
16  0.5  0.262186
16  0.6  0.238669
16  0.7  0.209237
14  9.5  1.41169e-05
16  0.8  0.179207
16  1.0  0.12359
16  0.9  0.149897
16  1.1  0.10163
16  1.2  0.0828657
16  1.3  0.0666556
16  1.4  0.0550941
16  1.6  0.0368395
16  1.5  0.0452192
16  1.7  0.0301117
16  1.8  0.0248799
16  1.9  0.020597
16  2.0  0.0170862
16  2.5  0.00725959
14  11.5  4.89169e-06
16  4.0  0.000957706
14  12.0  3.83187e-06
16  5.5  0.000215581
16  3.0  0.00339998
16  3.5  0.00173772
16  4.5  0.00056889
16  6.5  9.41342e-05
16  5.0  0.000345771
16  8.0  3.33348e-05
16  6.0  0.000138739
16  10.0  1.0379e-05
16  7.0  6.60643e-05
16  7.5  4.71943e-05
16  10.5  7.94856e-06
16  9.5  1.32988e-05
18  0.2  0.273804
16  8.5  2.44695e-05
16  11.0  6.03032e-06
18  0.3  0.273367
18  0.4  0.269002
16  9.0  1.83548e-05
18  0.5  0.255171
18  0.6  0.22983
18  0.7  0.203657
16  12.0  3.81292e-06
18  0.8  0.171809
18  0.9  0.142389
18  1.0  0.119282
18  1.1  0.0976644
18  1.2  0.0794715
18  1.3  0.0650637
18  1.4  0.0529854
18  1.6  0.0353795
18  1.5  0.0433065
18  1.7  0.0290286
18  1.8  0.0240146
18  1.9  0.0200407
18  2.0  0.0163794
18  2.5  0.00692999
16  11.5  4.64612e-06
18  4.0  0.000918672
18  4.5  0.000540965
18  5.5  0.000208943
18  3.0  0.00325186
18  3.5  0.00165528
18  6.5  9.00135e-05
18  5.0  0.000323407
18  8.0  3.12754e-05
18  6.0  0.000133848
18  7.0  6.3636e-05
18  10.0  9.91162e-06
18  7.5  4.49539e-05
18  9.5  1.29857e-05
18  10.5  7.64446e-06
2  0.2  0.297137
18  11.0  5.88408e-06
18  8.5  2.28753e-05
2  0.3  0.294589
2  0.4  0.291902
18  9.0  1.74078e-05
2  0.5  0.277554
2  0.6  0.25544
2  0.7  0.224366
18  12.0  3.54438e-06
2  0.8  0.194715
2  0.9  0.164852
2  1.0  0.136926
2  1.1  0.11316
2  1.2  0.0929115
2  1.4  0.0616442
2  1.3  0.0759308
2  1.5  0.0506517
2  1.6  0.0411124
2  1.7  0.0344467
2  1.8  0.0284712
2  1.9  0.0235873
2  2.0  0.0194328
2  2.5  0.00827912
18  11.5  4.48509e-06
2  3.0  0.00391003
2  5.5  0.000252229
2  3.5  0.00199145
2  4.0  0.00109131
2  4.5  0.000633698
2  5.0  0.00038806
2  6.0  0.00016041
2  8.5  2.72318e-05
2  6.5  0.000108176
2  9.5  1.52381e-05
2  7.0  7.51537e-05
2  7.5  5.30848e-05
20  0.2  0.26634
2  8.0  3.77601e-05
20  0.3  0.267527
2  11.0  7.08749e-06
2  10.0  1.16105e-05
2  9.0  2.08245e-05
20  0.4  0.262798
20  0.5  0.248246
20  0.6  0.224085
20  0.7  0.194536
2  12.0  4.22369e-06
20  0.8  0.168071
20  0.9  0.139119
20  1.0  0.113766
20  1.1  0.0933601
20  1.2  0.0754135
20  1.3  0.0620946
20  1.4  0.0503992
20  1.5  0.0410978
20  1.6  0.0331466
20  1.7  0.0270479
20  1.8  0.0226887
2  10.5  8.85482e-06
20  2.0  0.0154015
20  1.9  0.0186886
20  2.5  0.00657458
20  3.0  0.00313115
2  11.5  5.39828e-06
20  4.0  0.00089492
20  4.5  0.000504143
20  5.5  0.000191492
20  3.5  0.00157946
20  6.5  8.67355e-05
20  5.0  0.000303752
20  8.0  2.95935e-05
20  6.0  0.000124867
20  10.0  9.38362e-06
20  7.0  5.98707e-05
20  10.5  7.01083e-06
20  7.5  4.2325e-05
20  9.5  1.23382e-05
22  0.2  0.257932
20  8.5  2.16238e-05
22  0.3  0.250792
20  11.0  5.38914e-06
22  0.4  0.251822
22  0.5  0.239215
20  9.0  1.61768e-05
22  0.6  0.215365
22  0.7  0.186645
22  0.8  0.159237
20  12.0  3.42297e-06
22  0.9  0.131457
22  1.0  0.107965
22  1.1  0.0878117
22  1.2  0.0717238
22  1.3  0.0580059
22  1.4  0.0472609
22  1.5  0.0384611
22  1.6  0.0314589
22  1.9  0.0173494
22  1.7  0.0255682
22  1.8  0.0211262
22  2.5  0.0061962
22  2.0  0.0144999
20  11.5  4.23401e-06
22  3.0  0.00290945
22  4.0  0.000809644
22  5.0  0.000285607
22  5.5  0.000180275
22  3.5  0.00149677
22  4.5  0.000467514
22  6.5  8.08428e-05
22  6.0  0.000120455
22  7.0  5.51941e-05
22  10.5  6.54148e-06
22  7.5  3.81479e-05
22  8.0  2.74695e-05
22  9.5  1.1107e-05
24  0.2  0.245812
22  8.5  2.0081e-05
22  11.0  5.17704e-06
24  0.3  0.243134
24  0.4  0.239989
22  9.0  1.50269e-05
24  0.5  0.225888
24  0.6  0.203198
24  0.7  0.174853
24  0.8  0.147371
22  12.0  3.09968e-06
24  0.9  0.121224
24  1.0  0.0988985
22  10.0  8.47894e-06
24  1.1  0.0812391
24  1.2  0.0650065
24  1.3  0.0534194
24  1.4  0.0436184
24  1.6  0.028836
24  1.5  0.0352803
24  1.7  0.0235126
24  1.8  0.0193547
24  1.9  0.0157394
24  2.0  0.0132474
24  2.5  0.00557938
22  11.5  4.04008e-06
24  4.0  0.00073008
24  5.0  0.0002583
24  5.5  0.000167503
24  3.0  0.00265944
24  3.5  0.00132923
24  4.5  0.00043361
24  6.5  7.19374e-05
24  8.0  2.45581e-05
24  9.0  1.38698e-05
24  6.0  0.00010592
24  7.0  4.94892e-05
24  10.5  6.0712e-06
24  7.5  3.44744e-05
24  9.5  1.01083e-05
26  0.2  0.231385
24  11.0  4.59331e-06
26  0.3  0.228306
24  8.5  1.8146e-05
26  0.4  0.225185
26  0.5  0.208451
26  0.6  0.188548
26  0.7  0.160959
26  0.8  0.134676
26  0.9  0.110325
24  12.0  2.89822e-06
26  1.0  0.0901383
26  1.1  0.0724082
26  1.2  0.0586699
26  1.3  0.0476188
24  10.0  7.89204e-06
26  1.4  0.0384887
26  1.5  0.0312666
26  1.6  0.0255714
26  1.7  0.0208388
26  1.8  0.0170485
26  1.9  0.0140519
26  2.0  0.0118761
26  2.5  0.00490911
24  11.5  3.66898e-06
26  3.0  0.00231126
26  3.5  0.00117622
26  4.0  0.000637146
26  4.5  0.000370628
26  6.5  6.32075e-05
26  5.0  0.000232243
26  5.5  0.000142588
26  7.5  3.15345e-05
26  8.0  2.21373e-05
26  8.5  1.60429e-05
26  6.0  9.58322e-05
26  9.0  1.21858e-05
26  7.0  4.31433e-05
26  10.5  5.33609e-06
28  0.2  0.214351
26  9.5  8.8284e-06
26  11.0  3.88235e-06
28  0.3  0.208932
28  0.4  0.205686
28  0.5  0.188293
28  0.6  0.166839
28  0.7  0.139897
28  0.8  0.115795
28  0.9  0.0954882
28  1.0  0.0782485
28  1.2  0.0495263
28  1.1  0.0631539
26  10.0  6.67461e-06
28  1.3  0.0404082
28  1.4  0.0325291
28  1.5  0.0264186
28  1.6  0.0216658
28  1.7  0.0175324
28  1.8  0.0145329
28  1.9  0.0120057
28  2.5  0.0041391
28  2.0  0.0101078
26  11.5  3.18269e-06
26  12.0  2.52179e-06
28  3.0  0.00193881
28  3.5  0.00100289
28  4.0  0.000554441
28  4.5  0.000317333
28  6.5  5.43042e-05
28  5.0  0.000189208
28  7.5  2.53985e-05
28  5.5  0.000122881
28  8.0  1.83274e-05
28  6.0  8.03305e-05
28  7.0  3.67444e-05
28  10.5  4.34184e-06
28  9.5  7.38635e-06
30  0.2  0.185668
28  11.0  3.46809e-06
30  0.3  0.183734
28  8.5  1.32272e-05
28  9.0  1.01054e-05
30  0.4  0.17631
30  0.5  0.158648
30  0.6  0.137817
30  0.7  0.116788
30  0.8  0.0953527
30  0.9  0.0780257
28  10.0  5.63047e-06
30  1.0  0.0630312
30  1.2  0.0400367
30  1.1  0.0505632
30  1.3  0.0322633
30  1.4  0.0261582
30  1.5  0.0209911
30  1.6  0.0172348
30  1.7  0.0141099
30  1.8  0.0114741
30  1.9  0.0093857
28  12.0  2.07378e-06
30  2.0  0.00777634
30  2.5  0.00327574
28  11.5  2.62079e-06
30  4.5  0.000243347
30  3.0  0.00152249
30  4.0  0.000424848
30  3.5  0.000766756
30  7.0  2.92703e-05
30  5.0  0.000149547
30  5.5  9.34469e-05
30  6.0  6.08826e-05
30  6.5  4.12293e-05
30  7.5  2.06842e-05
30  10.5  3.38781e-06
30  8.0  1.48872e-05
30  9.5  5.81789e-06
30  11.0  2.69029e-06
30  8.5  1.05424e-05
32  0.2  0.154787
32  0.3  0.152428
32  0.4  0.140659
32  0.5  0.125616
30  9.0  7.7252e-06
32  0.6  0.107272
32  0.7  0.087524
32  0.8  0.0716709
30  12.0  1.61624e-06
32  0.9  0.0576288
30  10.0  4.39788e-06
32  1.0  0.0459179
32  1.1  0.0371552
32  1.2  0.0291697
32  1.3  0.0233401
32  1.4  0.018925
32  1.6  0.0121347
32  1.5  0.0152905
32  1.7  0.0102468
32  1.8  0.00820684
32  1.9  0.00677907
32  2.0  0.00568332
32  2.5  0.00235126
30  11.5  2.05116e-06
32  3.5  0.000562232
32  4.5  0.000178698
32  5.0  0.000108811
32  3.0  0.00108795
32  4.0  0.000310327
32  5.5  6.79899e-05
32  8.5  7.49273e-06
32  6.0  4.41066e-05
32  6.5  2.94806e-05
32  7.0  2.05884e-05
32  7.5  1.4108e-05
32  8.0  1.02271e-05
4  0.2  0.301936
4  0.3  0.29202
4  0.4  0.292049
32  9.0  5.46698e-06
32  11.5  1.45925e-06
4  0.6  0.251658
4  0.5  0.279979
4  0.7  0.224613
4  0.8  0.19564
4  0.9  0.163539
32  9.5  4.13683e-06
4  1.1  0.110947
4  1.0  0.135798
4  1.2  0.0918872
4  1.3  0.0755078
32  10.0  3.13381e-06
4  1.4  0.0616548
4  1.5  0.0494384
4  1.6  0.0416371
4  1.7  0.0340717
32  10.5  2.39513e-06
4  1.8  0.028293
32  12.0  1.16021e-06
4  1.9  0.0233796
4  2.0  0.0192633
4  2.5  0.00825803
32  11.0  1.8641e-06
4  4.0  0.00108124
4  5.5  0.000244057
4  3.0  0.00389158
4  3.5  0.0020036
4  5.0  0.000388174
4  4.5  0.000633018
4  7.5  5.25177e-05
4  8.0  3.746e-05
4  8.5  2.73128e-05
4  6.0  0.000157797
4  6.5  0.000106448
4  7.0  7.60932e-05
6  0.2  0.294858
4  9.5  1.51906e-05
4  11.0  7.08407e-06
6  0.3  0.290746
4  10.0  1.15082e-05
6  0.4  0.28845
4  9.0  2.07159e-05
6  0.5  0.279307
6  0.6  0.25054
4  12.0  4.31683e-06
6  0.7  0.225392
6  0.8  0.193897
6  0.9  0.163493
6  1.0  0.135553
6  1.1  0.112096
6  1.2  0.0907225
6  1.3  0.0746356
6  1.4  0.0613052
6  1.5  0.0496948
6  1.6  0.041131
6  1.7  0.0334282
4  10.5  9.13683e-06
6  1.8  0.0276217
6  1.9  0.0232509
6  2.0  0.019227
6  2.5  0.00818645
4  11.5  5.37696e-06
6  3.0  0.00388525
6  4.0  0.00106875
6  4.5  0.000628399
6  5.5  0.000249523
6  3.5  0.00196305
6  5.0  0.000388212
6  7.5  5.343e-05
6  8.0  3.81592e-05
6  8.5  2.70647e-05
6  6.0  0.000162383
6  6.5  0.000109163
6  7.0  7.33084e-05
8  0.2  0.292201
6  9.5  1.5105e-05
6  11.0  6.71886e-06
6  10.0  1.14097e-05
8  0.3  0.289072
8  0.4  0.287609
6  9.0  2.07054e-05
8  0.5  0.272978
6  12.0  4.30194e-06
8  0.6  0.253011
8  0.7  0.221278
8  0.8  0.191575
8  0.9  0.162087
8  1.0  0.135349
8  1.1  0.111098
8  1.2  0.0904878
8  1.3  0.0737821
8  1.4  0.0602558
8  1.5  0.0492326
8  1.6  0.0405047
8  1.7  0.0334583
6  10.5  8.79016e-06
8  1.8  0.0275455
8  1.9  0.0229154
8  2.0  0.0189902
8  2.5  0.00807786
6  11.5  5.46388e-06
8  3.0  0.00379309
8  4.0  0.00106299
8  4.5  0.000618594
8  5.5  0.000238335
8  3.5  0.00193825
8  5.0  0.000380388
8  7.5  5.1361e-05
8  8.0  3.67389e-05
8  6.0  0.000155276
8  6.5  0.000105266
8  7.0  7.41598e-05
8  9.5  1.52573e-05
8  8.5  2.67199e-05
8  10.0  1.12996e-05
8  11.0  6.69053e-06
8  9.0  2.00363e-05
8  12.0  4.13068e-06
8  10.5  8.65391e-06
8  11.5  5.38097e-06
