# exclusive D0 cross section, Pb target, HymnD fragmentation, Xn0n channel
# generated      : 2026-10-02 23:32:40 EEST
# flux_model     : EFF (TARGET=AA)
# calls         : 1e5 below 3.0 GeV, 2e3 above (see EXCL_PT_THRESHOLD) (VEGAS calls per point, see CALLS_EXCL/CALLS_EXCL_FACTORIZED/CALLS_DIFF)
# dipole samples : data/Pb/mve/glauber_mve_<b>
# pD0 sweep      : 0.2 0.3 0.4 0.5 0.6 0.7 0.8 0.9 1.0 1.1 1.2 1.3 1.4 1.5 1.6 1.7 1.8 1.9 2.0 2.5 3.0 3.5 4.0 4.5 5.0 5.5 6.0 6.5 7.0 7.5 8.0 8.5 9.0 9.5 10.0 10.5 11.0 11.5 12.0
# fixed rapidity y : -0.5
# ============================================================
# b  pD0  dsigma_dyd2pD0
0  0.3  0.541571
0  0.4  0.392765
0  0.2  0.755522
0  0.7  0.143578
0  0.8  0.102419
0  0.6  0.202063
0  0.5  0.282502
0  0.9  0.0728915
0  1.0  0.0517864
0  1.1  0.0371475
0  1.4  0.0140648
0  1.2  0.0268672
0  1.3  0.0193954
0  1.5  0.010257
0  1.6  0.0076883
0  1.7  0.00574081
0  2.0  0.00250622
0  1.8  0.00423412
0  2.5  0.00058364
0  1.9  0.00323202
0  3.0  0.000182658
0  4.0  2.16795e-05
0  5.5  1.61795e-06
0  3.5  5.99449e-05
0  5.0  3.5885e-06
0  4.5  8.51847e-06
0  6.0  7.71728e-07
0  8.0  6.2174e-08
0  8.5  3.66026e-08
0  9.5  1.36675e-08
0  6.5  3.87189e-07
0  7.0  2.02851e-07
0  7.5  1.10618e-07
10  0.2  0.713393
10  0.3  0.510587
0  11.0  3.72879e-09
0  10.0  8.5891e-09
10  0.4  0.369457
0  9.0  2.20263e-08
10  0.5  0.265136
10  0.6  0.188977
10  0.7  0.133939
10  0.8  0.0950897
0  12.0  1.74116e-09
10  0.9  0.0674327
10  1.0  0.0478593
10  1.1  0.0344062
10  1.2  0.0248672
10  1.3  0.0177322
10  1.4  0.0129229
10  1.5  0.00952171
10  1.7  0.00527861
10  1.6  0.00690381
0  10.5  5.65252e-09
10  1.8  0.00385336
10  1.9  0.00294359
10  2.0  0.00226786
10  2.5  0.000519475
10  3.0  0.000166562
0  11.5  2.54196e-09
10  4.0  1.97056e-05
10  4.5  7.74472e-06
10  5.0  3.26833e-06
10  5.5  1.46788e-06
10  3.5  5.45593e-05
10  7.5  9.96273e-08
10  8.0  5.63278e-08
10  6.0  6.99953e-07
10  6.5  3.50817e-07
10  7.0  1.83805e-07
10  8.5  3.31231e-08
12  0.2  0.694277
10  11.0  3.37318e-09
10  10.0  7.7752e-09
10  9.0  1.99552e-08
12  0.3  0.49609
12  0.4  0.357978
12  0.5  0.256652
12  0.6  0.182799
10  9.5  1.23654e-08
12  0.7  0.129699
10  12.0  1.5762e-09
12  0.8  0.092003
12  0.9  0.0650451
12  1.0  0.0465209
12  1.1  0.0329566
12  1.2  0.02382
12  1.4  0.0124749
12  1.3  0.0172978
12  1.5  0.00909234
12  1.6  0.00664143
12  1.7  0.00501901
10  10.5  5.1157e-09
12  1.8  0.00367422
12  1.9  0.00290524
12  2.0  0.00221554
12  2.5  0.000492927
10  11.5  2.29848e-09
12  3.0  0.000159361
12  4.0  1.88341e-05
12  4.5  7.39646e-06
12  5.5  1.4013e-06
12  3.5  5.21558e-05
12  5.0  3.1187e-06
12  8.0  5.37645e-08
12  6.0  6.68056e-07
12  6.5  3.34644e-07
12  7.0  1.75222e-07
12  10.5  4.84303e-09
12  7.5  9.56357e-08
12  11.0  3.21723e-09
14  0.2  0.670478
14  0.3  0.479102
12  8.5  3.15857e-08
12  9.0  1.90448e-08
14  0.4  0.345995
14  0.5  0.247833
14  0.6  0.176282
12  12.0  1.50285e-09
14  0.7  0.124837
12  9.5  1.17909e-08
14  0.8  0.0886188
14  0.9  0.0624677
14  1.0  0.0445559
12  10.0  7.4958e-09
14  1.1  0.031553
14  1.2  0.022704
14  1.3  0.0165008
14  1.4  0.0119156
14  1.5  0.00856317
14  1.6  0.00651877
14  1.7  0.00482364
14  1.8  0.00362069
14  1.9  0.00270164
14  2.0  0.0020661
14  2.5  0.000468568
12  11.5  2.19248e-09
14  3.0  0.00015086
14  4.0  1.77941e-05
14  5.5  1.32227e-06
14  3.5  4.92963e-05
14  5.0  2.93744e-06
14  6.5  3.14172e-07
14  4.5  6.98112e-06
14  8.0  5.05879e-08
14  8.5  2.98011e-08
14  6.0  6.30167e-07
14  7.0  1.65172e-07
14  10.5  4.56384e-09
14  7.5  9.01287e-08
16  0.2  0.641911
16  0.3  0.458926
14  10.0  6.98576e-09
14  11.0  3.02987e-09
16  0.4  0.329301
14  9.0  1.79551e-08
16  0.5  0.236155
16  0.6  0.167858
16  0.7  0.118509
14  9.5  1.11066e-08
16  0.8  0.0836541
16  1.0  0.0421346
16  0.9  0.0590088
16  1.1  0.0299742
16  1.2  0.0215027
16  1.3  0.0155377
16  1.4  0.0112123
16  1.6  0.00585448
16  1.5  0.00815591
16  1.7  0.00442864
16  1.8  0.0033701
16  1.9  0.00251464
16  2.0  0.00191699
16  2.5  0.000473751
14  11.5  2.06616e-09
16  4.0  1.65865e-05
14  12.0  1.42699e-09
16  5.5  1.23091e-06
16  3.0  0.000140484
16  3.5  4.59854e-05
16  4.5  6.48591e-06
16  6.5  2.92063e-07
16  5.0  2.74116e-06
16  8.0  4.69876e-08
16  6.0  5.8616e-07
16  10.0  6.53168e-09
16  7.0  1.53553e-07
16  7.5  8.37843e-08
16  10.5  4.23858e-09
16  9.5  1.02303e-08
18  0.2  0.606603
16  8.5  2.76517e-08
16  11.0  2.81529e-09
18  0.3  0.433167
18  0.4  0.311812
16  9.0  1.66752e-08
18  0.5  0.222472
18  0.6  0.157653
18  0.7  0.111208
16  12.0  1.31446e-09
18  0.8  0.0784324
18  0.9  0.0551634
18  1.0  0.0393147
18  1.1  0.0277526
18  1.2  0.0198289
18  1.3  0.0143379
18  1.4  0.0103097
18  1.6  0.00552489
18  1.5  0.00769106
18  1.7  0.00411221
18  1.8  0.00309807
18  1.9  0.00235965
18  2.0  0.00180054
18  2.5  0.000430654
16  11.5  1.91801e-09
18  4.0  1.51959e-05
18  4.5  5.95431e-06
18  5.5  1.12587e-06
18  3.0  0.000129015
18  3.5  4.21634e-05
18  6.5  2.66808e-07
18  5.0  2.50828e-06
18  8.0  4.30974e-08
18  6.0  5.378e-07
18  7.0  1.40446e-07
18  10.0  5.96269e-09
18  7.5  7.64899e-08
18  9.5  9.32185e-09
18  10.5  3.86762e-09
2  0.2  0.753735
18  11.0  2.56729e-09
18  8.5  2.52306e-08
2  0.3  0.540015
2  0.4  0.391836
18  9.0  1.51983e-08
2  0.5  0.281831
2  0.6  0.2009
2  0.7  0.142868
18  12.0  1.19848e-09
2  0.8  0.101673
2  0.9  0.072335
2  1.0  0.0517013
2  1.1  0.0371694
2  1.2  0.0267523
2  1.4  0.0141159
2  1.3  0.0193664
2  1.5  0.0102995
2  1.6  0.00773733
2  1.7  0.00566289
2  1.8  0.00426836
2  1.9  0.00320366
2  2.0  0.00239916
2  2.5  0.000569018
18  11.5  1.74929e-09
2  3.0  0.000182019
2  5.5  1.61198e-06
2  3.5  5.97305e-05
2  4.0  2.15479e-05
2  4.5  8.48729e-06
2  5.0  3.58566e-06
2  6.0  7.69884e-07
2  8.5  3.64621e-08
2  6.5  3.85747e-07
2  9.5  1.36171e-08
2  7.0  2.02093e-07
2  7.5  1.10205e-07
20  0.2  0.566444
2  8.0  6.22469e-08
20  0.3  0.404436
2  11.0  3.7146e-09
2  10.0  8.55656e-09
2  9.0  2.19427e-08
20  0.4  0.289
20  0.5  0.206656
20  0.6  0.146005
20  0.7  0.102428
2  12.0  1.73454e-09
20  0.8  0.0721974
20  0.9  0.0510573
20  1.0  0.036056
20  1.1  0.0254118
20  1.2  0.0183627
20  1.3  0.0132021
20  1.4  0.00954707
20  1.5  0.00683639
20  1.6  0.00495397
20  1.7  0.00377025
20  1.8  0.00279672
2  10.5  5.63113e-09
20  2.0  0.0016599
20  1.9  0.00210508
20  2.5  0.000370747
20  3.0  0.000116087
2  11.5  2.5323e-09
20  4.0  1.36219e-05
20  4.5  5.33363e-06
20  5.5  1.00649e-06
20  3.5  3.78335e-05
20  6.5  2.38531e-07
20  5.0  2.24489e-06
20  8.0  3.82299e-08
20  6.0  4.78885e-07
20  10.0  5.31457e-09
20  7.0  1.25369e-07
20  10.5  3.44321e-09
20  7.5  6.81019e-08
20  9.5  8.3096e-09
22  0.2  0.518545
20  8.5  2.25039e-08
22  0.3  0.369311
20  11.0  2.28805e-09
22  0.4  0.263461
22  0.5  0.18766
20  9.0  1.35699e-08
22  0.6  0.1322
22  0.7  0.092594
22  0.8  0.0652356
20  12.0  1.06791e-09
22  0.9  0.0456129
22  1.0  0.0322761
22  1.1  0.0228909
22  1.2  0.0163995
22  1.3  0.0117045
22  1.4  0.008375
22  1.5  0.006076
22  1.6  0.00454685
22  1.9  0.00185633
22  1.7  0.0033166
22  1.8  0.00246207
22  2.5  0.000289434
22  2.0  0.00146409
20  11.5  1.55771e-09
22  3.0  0.000101546
22  4.0  1.18496e-05
22  5.0  1.94843e-06
22  5.5  8.72996e-07
22  3.5  3.29807e-05
22  4.5  4.6203e-06
22  6.5  2.06663e-07
22  6.0  4.15168e-07
22  7.0  1.08581e-07
22  10.5  2.9738e-09
22  7.5  5.9073e-08
22  8.0  3.33788e-08
22  9.5  7.1811e-09
24  0.2  0.4624
22  8.5  1.94552e-08
22  11.0  1.97619e-09
24  0.3  0.327092
24  0.4  0.232787
22  9.0  1.17388e-08
24  0.5  0.164777
24  0.6  0.115665
24  0.7  0.080962
24  0.8  0.056759
22  12.0  9.22113e-10
24  0.9  0.0395991
24  1.0  0.0278527
22  10.0  4.60595e-09
24  1.1  0.0197517
24  1.2  0.0139491
24  1.3  0.0100901
24  1.4  0.00719809
24  1.6  0.00373823
24  1.5  0.00518398
24  1.7  0.00278022
24  1.8  0.00209137
24  1.9  0.00156594
24  2.0  0.00121039
24  2.5  0.000277978
22  11.5  1.34521e-09
24  4.0  9.887e-06
24  5.0  1.62383e-06
24  5.5  7.25747e-07
24  3.0  8.50613e-05
24  3.5  2.75882e-05
24  4.5  3.85058e-06
24  6.5  1.71432e-07
24  8.0  2.74091e-08
24  9.0  9.66723e-09
24  6.0  3.44898e-07
24  7.0  9.00361e-08
24  10.5  2.45725e-09
24  7.5  4.89362e-08
24  9.5  5.9337e-09
26  0.2  0.393709
24  11.0  1.63288e-09
26  0.3  0.278129
24  8.5  1.60988e-08
26  0.4  0.197043
26  0.5  0.138896
26  0.6  0.09716
26  0.7  0.0677784
26  0.8  0.0471116
26  0.9  0.0326678
24  12.0  7.62001e-10
26  1.0  0.0229625
26  1.1  0.0161746
26  1.2  0.0113239
26  1.3  0.00823348
24  10.0  3.80724e-09
26  1.4  0.00582661
26  1.5  0.00431115
26  1.6  0.00309919
26  1.7  0.0022613
26  1.8  0.00166294
26  1.9  0.00125636
26  2.0  0.000980643
26  2.5  0.000233416
24  11.5  1.11113e-09
26  3.0  6.72444e-05
26  3.5  2.17237e-05
26  4.0  7.76154e-06
26  4.5  3.01809e-06
26  6.5  1.3351e-07
26  5.0  1.26856e-06
26  5.5  5.71816e-07
26  7.5  3.79095e-08
26  8.0  2.12882e-08
26  8.5  1.24741e-08
26  6.0  2.69026e-07
26  9.0  7.50297e-09
26  7.0  7.00722e-08
26  10.5  1.90366e-09
28  0.2  0.315015
26  9.5  4.60292e-09
26  11.0  1.2649e-09
28  0.3  0.221622
28  0.4  0.156502
28  0.5  0.109244
28  0.6  0.0758762
28  0.7  0.0523917
28  0.8  0.0361505
28  0.9  0.0249811
28  1.0  0.0175644
28  1.2  0.00863943
28  1.1  0.0121414
26  10.0  2.95304e-09
28  1.3  0.00612702
28  1.4  0.0043781
28  1.5  0.00315006
28  1.6  0.00227659
28  1.7  0.00171952
28  1.8  0.00123982
28  1.9  0.000913407
28  2.5  0.000143725
28  2.0  0.000723255
26  11.5  8.60764e-10
26  12.0  5.94595e-10
28  3.0  4.87124e-05
28  3.5  1.56679e-05
28  4.0  5.57776e-06
28  4.5  2.15939e-06
28  6.5  9.48096e-08
28  5.0  9.05743e-07
28  7.5  2.68367e-08
28  5.5  4.04409e-07
28  8.0  1.51634e-08
28  6.0  1.9137e-07
28  7.0  4.96979e-08
28  10.5  1.34321e-09
28  9.5  3.25013e-09
30  0.2  0.229935
28  11.0  8.9134e-10
30  0.3  0.160362
28  8.5  8.82958e-09
28  9.0  5.32524e-09
30  0.4  0.112459
30  0.5  0.0776229
30  0.6  0.0534713
30  0.7  0.0366902
30  0.8  0.0252292
30  0.9  0.0172035
28  10.0  2.08042e-09
30  1.0  0.0120617
30  1.2  0.00586981
30  1.1  0.00826146
30  1.3  0.00407689
30  1.4  0.00294057
30  1.5  0.0020833
30  1.6  0.00153631
30  1.7  0.00112745
30  1.8  0.000831176
30  1.9  0.000623366
28  12.0  4.13397e-10
30  2.0  0.000460819
30  2.5  0.000106455
28  11.5  6.06087e-10
30  4.5  1.36228e-06
30  3.0  3.11774e-05
30  4.0  3.522e-06
30  3.5  1.00017e-05
30  7.0  3.06844e-08
30  5.0  5.67809e-07
30  5.5  2.52446e-07
30  6.0  1.19208e-07
30  6.5  5.92311e-08
30  7.5  1.6687e-08
30  10.5  8.2434e-10
30  8.0  9.38172e-09
30  9.5  2.0017e-09
30  11.0  5.47066e-10
30  8.5  5.45156e-09
32  0.2  0.147181
32  0.3  0.101721
32  0.4  0.0703153
32  0.5  0.0482907
30  9.0  3.27867e-09
32  0.6  0.0328254
32  0.7  0.0221665
32  0.8  0.0150553
30  12.0  2.54261e-10
32  0.9  0.0102351
30  10.0  1.27947e-09
32  1.0  0.00700331
32  1.1  0.00481568
32  1.2  0.00336033
32  1.3  0.00238363
32  1.4  0.00167689
32  1.6  0.000853961
32  1.5  0.00120864
32  1.7  0.000655408
32  1.8  0.000468233
32  1.9  0.000349804
32  2.0  0.000265503
32  2.5  4.86472e-05
30  11.5  3.72231e-10
32  3.5  5.35829e-06
32  4.5  7.24147e-07
32  5.0  2.99755e-07
32  3.0  1.695e-05
32  4.0  1.87964e-06
32  5.5  1.32635e-07
32  8.5  2.80951e-09
32  6.0  6.23353e-08
32  6.5  3.0832e-08
32  7.0  1.5997e-08
32  7.5  8.64214e-09
32  8.0  4.84365e-09
4  0.2  0.748722
4  0.3  0.536509
4  0.4  0.389052
32  9.0  1.6861e-09
32  11.5  1.89361e-10
4  0.6  0.199575
4  0.5  0.279846
4  0.7  0.142291
4  0.8  0.100926
4  0.9  0.071556
32  9.5  1.03901e-09
4  1.1  0.0368358
4  1.0  0.0511303
4  1.2  0.0262249
4  1.3  0.018976
32  10.0  6.57114e-10
4  1.4  0.0138733
4  1.5  0.0103103
4  1.6  0.00734841
4  1.7  0.0055416
32  10.5  4.25688e-10
4  1.8  0.00423105
32  12.0  1.29777e-10
4  1.9  0.00313206
4  2.0  0.00232505
4  2.5  0.000551707
32  11.0  2.81868e-10
4  4.0  2.1365e-05
4  5.5  1.5932e-06
4  3.0  0.000179759
4  3.5  5.90858e-05
4  5.0  3.53527e-06
4  4.5  8.42892e-06
4  7.5  1.08335e-07
4  8.0  6.12394e-08
4  8.5  3.60499e-08
4  6.0  7.6026e-07
4  6.5  3.81388e-07
4  7.0  1.9981e-07
6  0.2  0.740084
4  9.5  1.33278e-08
4  11.0  3.67208e-09
6  0.3  0.53063
4  10.0  8.45864e-09
6  0.4  0.384472
4  9.0  2.16899e-08
6  0.5  0.275604
6  0.6  0.197662
4  12.0  1.71511e-09
6  0.7  0.13994
6  0.8  0.0995932
6  0.9  0.0706274
6  1.0  0.0505724
6  1.1  0.0362307
6  1.2  0.0260065
6  1.3  0.0189473
6  1.4  0.0137658
6  1.5  0.00996489
6  1.6  0.00747691
6  1.7  0.00551995
4  10.5  5.56517e-09
6  1.8  0.00404722
6  1.9  0.00311273
6  2.0  0.00240716
6  2.5  0.000551677
4  11.5  2.50308e-09
6  3.0  0.000176863
6  4.0  2.09713e-05
6  4.5  8.24807e-06
6  5.5  1.56405e-06
6  3.5  5.80113e-05
6  5.0  3.47909e-06
6  7.5  1.06306e-07
6  8.0  6.00808e-08
6  8.5  3.53654e-08
6  6.0  7.45911e-07
6  6.5  3.7418e-07
6  7.0  1.95972e-07
8  0.2  0.728627
6  9.5  1.30752e-08
6  11.0  3.60119e-09
6  10.0  8.29573e-09
8  0.3  0.522063
8  0.4  0.37788
6  9.0  2.13195e-08
8  0.5  0.270723
6  12.0  1.68154e-09
8  0.6  0.193564
8  0.7  0.137393
8  0.8  0.0982872
8  0.9  0.0691335
8  1.0  0.0492413
8  1.1  0.0354209
8  1.2  0.0252807
8  1.3  0.0183853
8  1.4  0.0133575
8  1.5  0.0098355
8  1.6  0.00732455
8  1.7  0.00539313
6  10.5  5.4601e-09
8  1.8  0.00401522
8  1.9  0.00305575
8  2.0  0.00234103
8  2.5  0.000539087
6  11.5  2.45457e-09
8  3.0  0.000172274
8  4.0  2.04186e-05
8  4.5  8.02825e-06
8  5.5  1.52206e-06
8  3.5  5.6501e-05
8  5.0  3.38481e-06
8  7.5  1.03413e-07
8  8.0  5.84422e-08
8  6.0  7.25774e-07
8  6.5  3.63963e-07
8  7.0  1.90636e-07
8  9.5  1.25865e-08
8  8.5  3.43755e-08
8  10.0  8.06767e-09
8  11.0  3.50165e-09
8  9.0  2.07031e-08
8  12.0  1.63634e-09
8  10.5  5.30749e-09
8  11.5  2.38592e-09
