# exclusive D0 cross section, Pb target, KniehlKramer fragmentation, Xn0n channel
# generated      : 2026-10-02 23:35:26 EEST
# flux_model     : EFF (TARGET=AA)
# calls         : 1e5 below 3.0 GeV, 2e3 above (see EXCL_PT_THRESHOLD) (VEGAS calls per point, see CALLS_EXCL/CALLS_EXCL_FACTORIZED/CALLS_DIFF)
# dipole samples : data/Pb/mve/glauber_mve_<b>
# pD0 sweep      : 0.2 0.3 0.4 0.5 0.6 0.7 0.8 0.9 1.0 1.1 1.2 1.3 1.4 1.5 1.6 1.7 1.8 1.9 2.0 2.5 3.0 3.5 4.0 4.5 5.0 5.5 6.0 6.5 7.0 7.5 8.0 8.5 9.0 9.5 10.0 10.5 11.0 11.5 12.0
# fixed rapidity y : -0.5
# ============================================================
# b  pD0  dsigma_dyd2pD0
0  0.2  0.81061
0  0.7  0.173506
0  0.3  0.599384
0  0.4  0.442551
0  0.6  0.237718
0  0.5  0.325328
0  0.8  0.126615
0  0.9  0.092672
0  1.1  0.0498004
0  1.0  0.0673851
0  1.2  0.0366235
0  1.4  0.019733
0  1.3  0.0267028
0  1.5  0.0147435
0  1.6  0.0111227
0  1.7  0.00841974
0  1.8  0.00651307
0  2.0  0.00376197
0  1.9  0.00498839
0  2.5  0.00113131
0  4.0  3.74792e-05
0  5.5  2.73885e-06
0  5.0  6.13561e-06
0  3.0  0.000318983
0  3.5  0.000104325
0  4.5  1.46786e-05
0  6.0  1.31187e-06
0  6.5  6.48469e-07
0  7.0  3.38006e-07
0  7.5  1.83428e-07
0  8.0  1.03176e-07
10  0.2  0.767109
0  8.5  5.99719e-08
10  0.3  0.565102
0  9.0  3.58698e-08
10  0.4  0.416659
10  0.5  0.30511
10  0.6  0.223214
0  9.5  2.22324e-08
10  0.7  0.16242
10  0.8  0.118314
10  0.9  0.0860649
0  10.0  1.40568e-08
10  1.0  0.062639
10  1.1  0.0459235
10  1.2  0.0338327
10  1.3  0.024796
10  1.4  0.0187504
10  1.5  0.0135968
10  1.6  0.0104451
0  10.5  9.1105e-09
10  1.7  0.00780445
10  1.8  0.00592602
10  1.9  0.00456422
10  2.0  0.00344174
0  11.0  6.02941e-09
10  2.5  0.00105035
0  11.5  4.06796e-09
0  12.0  2.79731e-09
10  5.0  5.56637e-06
10  5.5  2.48721e-06
10  3.0  0.000290848
10  3.5  9.49322e-05
10  4.0  3.40846e-05
10  4.5  1.3332e-05
10  6.0  1.18081e-06
10  8.5  5.38963e-08
10  6.5  5.87644e-07
10  7.0  3.06466e-07
10  7.5  1.66166e-07
10  8.0  9.34291e-08
12  0.2  0.746279
10  11.5  3.64401e-09
12  0.3  0.549452
10  9.0  3.25523e-08
12  0.4  0.404266
12  0.5  0.296306
12  0.6  0.216231
10  9.5  2.01488e-08
12  0.7  0.157116
12  0.9  0.0835201
12  0.8  0.114369
10  10.0  1.27268e-08
12  1.0  0.0608342
12  1.1  0.0441741
12  1.2  0.0328375
12  1.3  0.024143
10  10.5  8.24176e-09
12  1.4  0.0180914
12  1.6  0.0100766
12  1.5  0.0131044
12  1.7  0.00757472
10  12.0  2.50381e-09
12  1.8  0.0057452
10  11.0  5.45767e-09
12  1.9  0.00443465
12  2.0  0.00337346
12  2.5  0.000928112
12  5.0  5.31714e-06
12  5.5  2.3755e-06
12  3.0  0.000278284
12  3.5  9.07418e-05
12  4.0  3.25798e-05
12  4.5  1.27351e-05
12  6.0  1.12705e-06
12  8.5  5.1413e-08
12  6.5  5.60852e-07
12  7.0  2.92001e-07
12  7.5  1.58554e-07
12  8.0  8.91442e-08
14  0.2  0.720992
14  0.3  0.530168
14  0.4  0.389781
12  11.5  3.47373e-09
14  0.5  0.285085
12  9.0  3.10547e-08
14  0.6  0.20811
14  0.7  0.151024
12  9.5  1.91983e-08
14  0.8  0.109784
12  10.0  1.21347e-08
14  0.9  0.0796638
14  1.0  0.0578717
14  1.1  0.0425177
14  1.2  0.031024
14  1.3  0.0230763
14  1.4  0.0167654
14  1.5  0.0127341
14  1.6  0.00957502
14  1.7  0.0071717
12  10.5  7.86257e-09
14  1.8  0.00559515
14  1.9  0.00414847
12  11.0  5.1965e-09
14  2.0  0.00324379
14  2.5  0.00092647
14  4.0  3.06972e-05
12  12.0  2.41562e-09
14  5.0  5.02287e-06
14  3.0  0.000263272
14  3.5  8.61392e-05
14  4.5  1.20292e-05
14  7.0  2.73413e-07
14  5.5  2.25054e-06
14  6.0  1.06298e-06
14  6.5  5.29083e-07
14  7.5  1.4953e-07
14  8.0  8.40081e-08
16  0.2  0.690369
14  8.5  4.88003e-08
14  11.5  3.27259e-09
16  0.3  0.507486
14  9.0  2.9262e-08
16  0.4  0.372886
16  0.5  0.271936
14  9.5  1.80906e-08
16  0.6  0.198096
16  0.7  0.143623
14  10.0  1.14362e-08
16  0.8  0.104405
16  0.9  0.0755747
16  1.0  0.0548186
16  1.1  0.0399102
14  10.5  7.40553e-09
16  1.2  0.0291533
16  1.3  0.0216765
16  1.4  0.0158194
16  1.5  0.0120083
16  1.6  0.00897427
16  1.7  0.00675172
14  11.0  4.89699e-09
16  1.9  0.00390023
16  1.8  0.00509908
16  2.0  0.0030542
16  2.5  0.000833412
14  12.0  2.27459e-09
16  4.0  2.86102e-05
16  5.0  4.67795e-06
16  3.0  0.000245907
16  3.5  8.03588e-05
16  4.5  1.12037e-05
16  7.0  2.54129e-07
16  5.5  2.09372e-06
16  6.0  9.91634e-07
16  6.5  4.89513e-07
16  8.5  4.51458e-08
16  7.5  1.38995e-07
16  8.0  7.80446e-08
18  0.2  0.654401
16  11.5  3.03731e-09
18  0.3  0.480096
16  9.0  2.71942e-08
18  0.4  0.351506
18  0.5  0.256814
18  0.6  0.186476
18  0.7  0.134929
16  9.5  1.68265e-08
18  0.8  0.0979403
18  0.9  0.0710804
16  10.0  1.06266e-08
18  1.0  0.0511904
18  1.1  0.0376481
16  10.5  6.87902e-09
18  1.2  0.0271362
18  1.3  0.0202919
18  1.4  0.0146651
18  1.5  0.0108792
18  1.6  0.00822478
18  1.7  0.006271
18  1.9  0.00354313
18  1.8  0.00472697
16  11.0  4.54896e-09
18  2.0  0.00281406
16  12.0  2.08745e-09
18  2.5  0.000789146
18  4.0  2.6235e-05
18  5.0  4.27795e-06
18  3.0  0.000225868
18  3.5  7.33876e-05
18  4.5  1.02568e-05
18  7.0  2.32087e-07
18  5.5  1.91506e-06
18  6.0  9.03828e-07
18  8.5  4.11757e-08
18  9.0  2.4674e-08
18  6.5  4.49535e-07
18  7.5  1.27473e-07
18  8.0  7.12746e-08
2  0.2  0.808904
2  0.3  0.598171
18  11.5  2.77147e-09
2  0.4  0.441626
2  0.5  0.323787
2  0.6  0.237138
18  9.5  1.53074e-08
2  0.7  0.173062
2  0.8  0.126264
2  0.9  0.0924315
2  1.0  0.0671751
18  10.0  9.67677e-09
2  1.1  0.049151
2  1.2  0.0365253
2  1.3  0.0266146
2  1.4  0.0196873
18  10.5  6.27997e-09
2  1.5  0.0146657
2  1.6  0.0111007
2  1.7  0.00838286
18  12.0  1.90167e-09
2  1.8  0.00649582
2  1.9  0.00495226
2  2.0  0.00375307
18  11.0  4.14788e-09
2  2.5  0.00106374
2  4.0  3.73432e-05
2  5.0  6.11296e-06
2  5.5  2.72872e-06
2  3.0  0.000317861
2  3.5  0.000103951
2  4.5  1.4625e-05
2  6.5  6.4545e-07
2  6.0  1.2966e-06
2  7.0  3.36744e-07
2  7.5  1.82741e-07
2  8.0  1.02785e-07
2  8.5  5.97452e-08
20  0.2  0.611212
20  0.3  0.447726
2  9.0  3.58255e-08
20  0.4  0.327625
20  0.5  0.238101
20  0.6  0.172504
20  0.7  0.124823
2  9.5  2.2151e-08
20  0.8  0.0902922
20  0.9  0.0649975
2  10.0  1.40034e-08
20  1.0  0.0470845
20  1.1  0.0341717
20  1.2  0.0252745
20  1.3  0.0181966
20  1.5  0.0100793
2  10.5  9.07589e-09
20  1.4  0.0136472
20  1.6  0.00748589
20  1.8  0.00432051
20  1.7  0.00562583
2  11.0  6.00663e-09
20  1.9  0.00327099
20  2.0  0.00253858
2  12.0  2.75687e-09
20  2.5  0.000667474
2  11.5  4.05213e-09
20  5.0  3.82667e-06
20  3.0  0.000203129
20  3.5  6.58742e-05
20  4.0  2.3519e-05
20  4.5  9.18999e-06
20  7.0  2.07185e-07
20  5.5  1.71292e-06
20  6.0  8.07672e-07
20  9.0  2.19867e-08
20  6.5  4.01482e-07
20  7.5  1.13316e-07
20  8.0  6.35956e-08
22  0.2  0.559713
20  8.5  3.69268e-08
22  0.3  0.40919
22  0.4  0.298555
20  11.5  2.46826e-09
22  0.5  0.216288
20  9.5  1.36945e-08
22  0.6  0.156566
22  0.7  0.112812
22  0.8  0.0813962
22  0.9  0.0585243
20  10.0  8.63516e-09
22  1.0  0.0421404
22  1.1  0.0304916
22  1.2  0.0221435
20  10.5  5.60038e-09
22  1.3  0.0162183
22  1.4  0.0118909
22  1.5  0.00898916
22  1.6  0.00661815
22  1.7  0.00507295
22  1.8  0.00380514
22  1.9  0.00290262
22  2.0  0.0022266
22  2.5  0.000571429
20  11.0  3.69652e-09
20  12.0  1.71534e-09
22  5.0  3.31605e-06
22  3.0  0.000177405
22  3.5  5.74316e-05
22  4.0  2.04917e-05
22  6.0  6.97419e-07
22  4.5  7.98678e-06
22  5.5  1.48581e-06
22  6.5  3.47882e-07
22  7.0  1.80979e-07
22  7.5  9.83141e-08
22  8.0  5.49899e-08
24  0.2  0.497726
22  8.5  3.18971e-08
24  0.3  0.36267
22  11.5  2.12994e-09
24  0.4  0.2636
22  9.0  1.91428e-08
24  0.5  0.190897
24  0.6  0.137292
22  9.5  1.17862e-08
24  0.7  0.0987394
24  0.8  0.0708427
22  10.0  7.46234e-09
24  0.9  0.0510173
24  1.0  0.0364744
24  1.1  0.0263357
22  10.5  4.83193e-09
24  1.2  0.0190769
24  1.3  0.0141794
24  1.4  0.0104332
24  1.5  0.00772113
24  1.6  0.00560495
24  1.7  0.00428037
24  1.8  0.00322617
24  1.9  0.0024688
24  2.0  0.00192809
24  2.5  0.00051219
22  11.0  3.19281e-09
22  12.0  1.48223e-09
24  3.5  4.81052e-05
24  4.0  1.71016e-05
24  6.0  5.79458e-07
24  3.0  0.000149633
24  4.5  6.65387e-06
24  5.0  2.77342e-06
24  5.5  1.2351e-06
24  9.0  1.57012e-08
24  6.5  2.88777e-07
24  7.0  1.49998e-07
24  7.5  8.12293e-08
24  8.0  4.5558e-08
24  9.5  9.67125e-09
26  0.2  0.425864
24  8.5  2.64279e-08
26  0.3  0.309181
24  11.5  1.76124e-09
26  0.4  0.22396
26  0.5  0.161201
26  0.6  0.11516
26  0.7  0.0825209
26  0.8  0.0588778
26  0.9  0.0420402
24  10.0  6.16984e-09
26  1.0  0.0301474
26  1.1  0.0218089
26  1.2  0.0156006
26  1.3  0.01141
26  1.4  0.00846588
26  1.5  0.00612238
24  10.5  3.99769e-09
26  1.6  0.00466286
26  1.7  0.00344367
24  12.0  1.20982e-09
26  1.8  0.00257518
26  1.9  0.00198235
26  2.0  0.00152413
26  2.5  0.000403874
24  11.0  2.63837e-09
26  4.0  1.34583e-05
26  5.5  9.60922e-07
26  3.0  0.000117854
26  6.0  4.5234e-07
26  3.5  3.79422e-05
26  5.0  2.17031e-06
26  4.5  5.2193e-06
26  9.0  1.2287e-08
26  6.5  2.24922e-07
26  7.0  1.16666e-07
26  7.5  6.31785e-08
26  8.0  3.53927e-08
28  0.2  0.341591
26  8.5  2.05152e-08
26  11.5  1.36148e-09
28  0.3  0.246655
28  0.4  0.177555
28  0.5  0.127119
28  0.6  0.0904421
26  9.5  7.56494e-09
28  0.7  0.064227
28  0.9  0.0325118
28  0.8  0.0455149
26  10.0  4.78118e-09
28  1.0  0.0231539
28  1.1  0.0164695
28  1.2  0.0119924
26  10.5  3.0938e-09
28  1.3  0.00853658
28  1.5  0.00470012
28  1.4  0.0062165
28  1.6  0.00346257
28  1.7  0.00252122
28  1.8  0.00193202
28  1.9  0.0014842
28  2.0  0.00108809
28  2.5  0.000295995
26  11.0  2.04333e-09
26  12.0  9.47209e-10
28  3.0  8.55199e-05
28  6.0  3.21145e-07
28  3.5  2.73798e-05
28  4.0  9.65333e-06
28  5.0  1.54443e-06
28  4.5  3.73886e-06
28  5.5  6.87903e-07
28  6.5  1.58854e-07
28  9.5  5.29928e-09
28  7.0  8.27922e-08
28  7.5  4.47442e-08
28  8.0  2.50367e-08
28  8.5  1.45082e-08
30  0.2  0.248762
28  9.0  8.6676e-09
30  0.3  0.178697
28  11.5  9.58746e-10
30  0.4  0.127192
30  0.5  0.0906346
30  0.6  0.0638835
30  0.7  0.0450276
30  0.8  0.0318071
30  0.9  0.0223651
30  1.0  0.0159264
30  1.1  0.011365
28  10.0  3.36899e-09
30  1.2  0.0080085
30  1.3  0.00589609
28  10.5  2.17952e-09
30  1.4  0.00418163
30  1.5  0.00306577
30  1.6  0.00227913
28  12.0  6.58656e-10
30  1.7  0.00169988
30  1.8  0.00126863
30  1.9  0.000990303
30  2.5  0.000205438
30  2.0  0.000753938
28  11.0  1.43874e-09
30  4.0  6.11141e-06
30  5.5  4.2892e-07
30  3.0  5.47833e-05
30  3.5  1.7404e-05
30  4.5  2.33878e-06
30  7.0  5.09593e-08
30  5.0  9.71857e-07
30  6.0  2.01215e-07
30  9.0  5.30514e-09
30  6.5  9.92953e-08
30  9.5  3.26149e-09
30  7.5  2.76746e-08
30  8.0  1.54763e-08
30  8.5  8.95259e-09
32  0.2  0.159783
32  0.3  0.113146
32  0.4  0.0801682
32  0.5  0.056236
32  0.6  0.039368
32  0.7  0.0274528
32  0.8  0.0191553
32  0.9  0.0134236
32  1.0  0.00937322
30  10.0  2.07217e-09
32  1.1  0.00659328
32  1.2  0.00474295
32  1.3  0.00342201
32  1.5  0.00179214
32  1.4  0.00244906
30  10.5  1.33949e-09
32  1.6  0.00131847
30  12.0  4.04064e-10
32  1.7  0.000962776
32  1.8  0.000725603
32  2.0  0.00038396
32  1.9  0.000538421
30  11.0  8.82974e-10
32  2.5  0.000104797
30  11.5  5.95377e-10
32  3.0  2.97845e-05
32  3.5  9.36764e-06
32  5.0  5.105e-07
32  4.0  3.27992e-06
32  4.5  1.24836e-06
32  7.5  1.42467e-08
32  5.5  2.25704e-07
32  6.0  1.05219e-07
32  6.5  5.17699e-08
32  9.5  1.6747e-09
32  7.0  2.66514e-08
32  8.0  7.99397e-09
32  8.5  4.61791e-09
4  0.2  0.8036
4  0.3  0.593566
4  0.4  0.438476
32  9.0  2.75042e-09
4  0.5  0.322271
32  11.0  4.48902e-10
4  0.6  0.235383
4  0.7  0.171736
4  0.8  0.125335
4  0.9  0.091691
32  10.0  1.06344e-09
4  1.0  0.0666632
4  1.1  0.0489096
4  1.2  0.0359107
4  1.3  0.0265941
4  1.4  0.0195611
32  10.5  6.86008e-10
4  1.5  0.014542
4  1.6  0.0109962
4  1.7  0.0083125
4  1.8  0.0064479
4  2.0  0.003678
4  1.9  0.00480038
4  2.5  0.00103709
32  11.5  3.04533e-10
4  4.0  3.69342e-05
32  12.0  2.08995e-10
4  5.0  6.04469e-06
4  5.5  2.69884e-06
4  3.0  0.00031449
4  3.5  0.00010283
4  4.5  1.4464e-05
4  6.0  1.28223e-06
4  6.5  6.38793e-07
4  7.0  3.32942e-07
4  7.5  1.80626e-07
4  8.0  1.01613e-07
6  0.2  0.796069
4  8.5  5.90927e-08
4  9.0  3.54165e-08
6  0.3  0.587746
6  0.4  0.433369
6  0.5  0.317646
6  0.6  0.232308
4  9.5  2.18945e-08
6  0.7  0.169596
6  0.8  0.123614
6  0.9  0.0904187
4  10.0  1.38439e-08
6  1.0  0.0656626
6  1.1  0.0479856
6  1.2  0.0356887
6  1.3  0.0259835
4  10.5  8.97068e-09
6  1.4  0.0195705
6  1.5  0.0146435
6  1.6  0.0107499
4  12.0  2.72315e-09
6  1.7  0.0081708
6  2.0  0.00376831
6  1.8  0.00623943
6  1.9  0.00486042
6  2.5  0.00100206
4  11.0  5.93833e-09
4  11.5  4.00523e-09
6  4.0  3.62496e-05
6  5.0  5.93064e-06
6  5.5  2.64812e-06
6  3.0  0.000308923
6  3.5  0.000100954
6  4.5  1.41951e-05
6  6.0  1.25818e-06
6  6.5  6.26622e-07
6  7.0  3.26618e-07
6  7.5  1.77194e-07
6  8.0  1.00641e-07
8  0.2  0.783606
6  8.5  5.79568e-08
8  0.3  0.577931
6  9.0  3.47345e-08
8  0.4  0.426229
8  0.5  0.312276
8  0.6  0.228361
8  0.7  0.166403
6  9.5  2.1505e-08
8  0.8  0.121419
8  0.9  0.0887589
6  10.0  1.35821e-08
8  1.0  0.0648917
8  1.1  0.0474939
8  1.2  0.0344484
8  1.3  0.0254133
8  1.4  0.0188295
8  1.5  0.0140019
8  1.6  0.0107802
6  10.5  8.79984e-09
8  1.7  0.00817553
8  1.8  0.00611213
8  1.9  0.00477957
6  12.0  2.67213e-09
6  11.0  5.82355e-09
8  2.0  0.0036989
8  2.5  0.000965652
6  11.5  3.93149e-09
8  5.0  5.77145e-06
8  5.5  2.57811e-06
8  3.0  0.000301067
8  3.5  9.83156e-05
8  4.0  3.53145e-05
8  4.5  1.38182e-05
8  8.5  5.60042e-08
8  6.0  1.22423e-06
8  6.5  6.09592e-07
8  7.0  3.17721e-07
8  7.5  1.72417e-07
8  8.0  9.6425e-08
8  9.0  3.37894e-08
8  9.5  2.0907e-08
8  10.0  1.32052e-08
8  10.5  8.55532e-09
8  11.0  5.65924e-09
8  11.5  3.82295e-09
8  12.0  2.62788e-09
