# exclusive D0 cross section, Pb target, LHAPDF fragmentation, An0n channel
# generated      : 2026-08-20 10:20:13 EEST
# calls          : 1e5 below 4.0 GeV, 2e3 above (see EXCL_PT_THRESHOLD) (VEGAS calls per point, see CALLS_EXCL/CALLS_EXCL_FACTORIZED/CALLS_DIFF)
# dipole samples : data/Pb/mve/glauber_mve_<b>
# pD0 sweep      : 0.2 0.3 0.4 0.5 0.6 0.7 0.8 0.9 1.0 1.1 1.2 1.3 1.4 1.5 1.6 1.7 1.8 1.9 2.0 2.5 3.0 3.5 4.0 4.5 5.0 5.5 6.0 6.5 7.0 7.5 8.0 8.5 9.0 9.5 10.0 10.5 11.0 11.5 12.0
# fixed rapidity y : 0.0
# ============================================================
# b  pD0  dsigma_dyd2pD0
0  0.5  1.45308
0  0.3  2.38442
0  0.4  1.88927
0  0.2  2.90231
0  0.6  1.0914
0  0.7  0.806699
0  0.9  0.429095
0  0.8  0.589549
0  1.0  0.310825
0  1.1  0.225814
0  1.2  0.163637
0  1.5  0.0649994
0  1.3  0.119439
0  1.4  0.087265
0  1.8  0.0266516
0  1.6  0.047042
0  1.9  0.0197421
0  1.7  0.0347973
0  2.0  0.0148289
0  3.0  0.000986323
0  2.5  0.00394857
0  3.5  0.0004028
0  4.0  0.000127181
0  5.5  8.66689e-06
0  4.5  4.86952e-05
0  5.0  1.9925e-05
0  6.0  4.04168e-06
0  6.5  1.96082e-06
0  7.0  9.92825e-07
0  7.5  5.2665e-07
0  8.0  2.87362e-07
0  8.5  1.62046e-07
0  9.0  9.44607e-08
0  9.5  5.62868e-08
0  10.0  3.45358e-08
10  0.2  2.75296
10  0.3  2.25436
0  10.5  2.16611e-08
10  0.4  1.78559
10  0.5  1.37061
10  0.6  1.02723
10  0.7  0.757228
10  0.8  0.552185
10  0.9  0.401269
0  11.0  1.38868e-08
10  1.0  0.290236
10  1.1  0.209965
10  1.2  0.152318
10  1.3  0.110559
10  1.4  0.0806733
10  1.5  0.0593643
10  1.6  0.0432668
10  1.7  0.0332267
10  1.8  0.0250466
10  1.9  0.0181996
0  11.5  9.10511e-09
10  2.0  0.0135685
10  2.5  0.00353654
10  3.0  0.00101126
10  3.5  0.000345265
10  4.0  0.000115807
0  12.0  6.03892e-09
10  5.5  7.88021e-06
10  5.0  1.8193e-05
10  4.5  4.43373e-05
10  6.0  3.66039e-06
10  6.5  1.77625e-06
10  8.0  2.58546e-07
10  7.0  8.9033e-07
10  7.5  4.76836e-07
10  8.5  1.46864e-07
10  9.0  8.55723e-08
10  9.5  5.0983e-08
10  10.0  3.13257e-08
12  0.2  2.68296
12  0.3  2.19739
12  0.4  1.73779
12  0.5  1.3326
12  0.6  0.997207
12  0.7  0.73367
10  10.5  1.96138e-08
12  0.8  0.53502
12  0.9  0.388054
12  1.0  0.280267
12  1.1  0.202851
12  1.2  0.147104
10  11.0  1.25673e-08
12  1.3  0.106733
10  12.0  5.47003e-09
12  1.4  0.0779108
12  1.5  0.0570296
12  1.6  0.0423729
12  1.7  0.0310764
12  1.9  0.0176493
12  1.8  0.0237757
12  2.0  0.0131497
12  2.5  0.00351854
10  11.5  8.24296e-09
12  3.0  0.000761899
12  3.5  0.000291452
12  4.0  0.000110814
12  4.5  4.23069e-05
12  5.0  1.73358e-05
12  5.5  7.57662e-06
12  6.0  3.49299e-06
12  8.0  2.46738e-07
12  6.5  1.69581e-06
12  7.0  8.60415e-07
12  7.5  4.56795e-07
12  8.5  1.40189e-07
12  9.0  8.16466e-08
12  9.5  4.86399e-08
12  10.0  2.98839e-08
14  0.2  2.59778
14  0.3  2.12572
14  0.4  1.67894
14  0.5  1.28494
14  0.6  0.960331
12  10.5  1.87293e-08
14  0.7  0.707447
14  0.8  0.514372
14  0.9  0.372628
14  1.0  0.269253
12  11.0  1.19874e-08
14  1.1  0.194148
14  1.2  0.140537
14  1.3  0.10211
12  12.0  5.21614e-09
14  1.4  0.0744043
14  1.5  0.0549291
14  1.7  0.0307989
14  1.6  0.040772
14  1.8  0.0225855
14  1.9  0.0166085
14  2.5  0.00328923
14  2.0  0.0126844
14  3.0  0.00072435
14  3.5  0.000412489
12  11.5  7.86326e-09
14  4.0  0.000104862
14  5.0  1.64322e-05
14  4.5  3.99719e-05
14  5.5  7.15839e-06
14  6.0  3.30257e-06
14  8.0  2.32726e-07
14  6.5  1.60001e-06
14  7.0  8.12898e-07
14  7.5  4.31076e-07
14  8.5  1.32253e-07
14  9.0  7.69947e-08
14  9.5  4.58712e-08
14  10.0  2.82407e-08
16  0.2  2.4936
16  0.3  2.03863
14  10.5  1.76534e-08
16  0.4  1.60859
16  0.5  1.22977
16  0.6  0.917832
16  0.7  0.673354
16  0.8  0.489989
16  1.0  0.255699
16  0.9  0.35378
16  1.1  0.184372
14  11.0  1.12951e-08
16  1.2  0.133339
16  1.3  0.0968463
14  12.0  4.91335e-09
16  1.5  0.0516443
16  1.4  0.0702232
16  1.6  0.0388315
16  1.7  0.0281388
16  1.8  0.0206468
16  1.9  0.0153975
14  11.5  7.42374e-09
16  2.0  0.0117899
16  3.0  0.0009454
16  2.5  0.00307214
16  3.5  0.000329918
16  4.0  9.78697e-05
16  4.5  3.72303e-05
16  5.0  1.52795e-05
16  5.5  6.67157e-06
16  6.0  3.0768e-06
16  7.5  3.96558e-07
16  6.5  1.48192e-06
16  7.0  7.56719e-07
16  8.0  2.18518e-07
16  8.5  1.2309e-07
16  9.0  7.16963e-08
16  9.5  4.26479e-08
18  0.2  2.37257
16  10.0  2.62357e-08
18  0.3  1.93579
18  0.4  1.52485
18  0.5  1.16226
16  10.5  1.64072e-08
18  0.6  0.865269
18  0.7  0.634328
18  0.8  0.460167
18  0.9  0.331777
18  1.0  0.239078
16  11.5  6.78808e-09
18  1.1  0.172625
18  1.2  0.1243
18  1.3  0.0897988
18  1.4  0.0663289
18  1.5  0.0475768
16  11.0  1.05e-08
18  1.6  0.0357949
18  1.7  0.0268181
18  1.8  0.0196491
18  1.9  0.0146109
18  2.0  0.0107697
18  2.5  0.00281982
18  3.0  0.000751811
18  3.5  0.000249522
16  12.0  4.5896e-09
18  4.0  8.98955e-05
18  5.0  1.38746e-05
18  4.5  3.41278e-05
18  5.5  6.11605e-06
18  6.0  2.8177e-06
18  6.5  1.36316e-06
18  7.0  6.92512e-07
18  7.5  3.66392e-07
18  8.0  1.97779e-07
18  8.5  1.12517e-07
18  9.0  6.54685e-08
18  9.5  3.89825e-08
18  10.0  2.38747e-08
2  0.2  2.89596
2  0.3  2.37711
18  10.5  1.49816e-08
2  0.4  1.8854
2  0.5  1.45014
2  0.6  1.08929
2  0.7  0.80459
2  0.8  0.58818
2  0.9  0.427774
2  1.0  0.310234
2  1.1  0.224828
2  1.2  0.163439
2  1.3  0.119922
18  11.0  9.59214e-09
2  1.4  0.0869893
2  1.5  0.064744
2  1.6  0.0476432
2  1.7  0.035133
2  1.8  0.0265078
2  1.9  0.0195639
2  2.0  0.0151977
2  3.5  0.000469453
2  2.5  0.00392067
18  11.5  6.29661e-09
2  3.0  0.00098151
18  12.0  4.19273e-09
2  4.0  0.00012673
2  5.5  8.63555e-06
2  4.5  4.85214e-05
2  5.0  1.98461e-05
2  6.0  4.01318e-06
2  6.5  1.95369e-06
2  7.0  9.89193e-07
2  7.5  5.246e-07
2  8.0  2.86304e-07
2  8.5  1.61438e-07
2  9.0  9.41074e-08
2  9.5  5.60754e-08
2  10.0  3.4406e-08
20  0.2  2.2256
20  0.3  1.81335
20  0.4  1.42418
20  0.5  1.08422
2  10.5  2.15775e-08
20  0.6  0.804025
20  0.7  0.589236
20  0.8  0.425785
20  0.9  0.306634
20  1.0  0.220518
20  1.1  0.158426
2  11.0  1.38344e-08
20  1.3  0.0830365
20  1.2  0.114621
20  1.4  0.0608329
20  1.5  0.0446082
20  1.6  0.0327457
20  1.7  0.024089
20  1.8  0.0180083
2  11.5  9.07232e-09
20  2.0  0.0102717
20  1.9  0.012917
20  2.5  0.00252641
20  3.0  0.000860624
20  3.5  0.000322601
2  12.0  6.01609e-09
20  5.0  1.24297e-05
20  4.0  8.07759e-05
20  4.5  3.0643e-05
20  5.5  5.48107e-06
20  6.0  2.5225e-06
20  6.5  1.2201e-06
20  7.0  6.19919e-07
20  7.5  3.27659e-07
20  8.0  1.7836e-07
20  8.5  1.00513e-07
20  9.0  5.84887e-08
20  9.5  3.48183e-08
20  10.0  2.12995e-08
22  0.2  2.04918
22  0.3  1.66632
20  10.5  1.34102e-08
22  0.4  1.3049
22  0.5  0.991132
22  0.6  0.733887
22  0.7  0.53465
22  0.8  0.385682
22  0.9  0.276856
22  1.0  0.198167
22  1.1  0.143058
22  1.2  0.10262
22  1.3  0.07365
20  11.0  8.53909e-09
22  1.4  0.0532816
22  1.6  0.0291381
22  1.5  0.0387164
22  1.8  0.0158414
22  1.7  0.0212205
22  1.9  0.0115688
20  12.0  3.69845e-09
22  2.0  0.00874087
22  3.0  0.000674616
22  2.5  0.00234173
20  11.5  5.60442e-09
22  3.5  0.000285278
22  4.0  7.0308e-05
22  4.5  2.65705e-05
22  5.0  1.08278e-05
22  5.5  4.74961e-06
22  6.0  2.19268e-06
22  7.5  2.84507e-07
22  6.5  1.06559e-06
22  7.0  5.37245e-07
22  8.5  8.76134e-08
22  8.0  1.54593e-07
22  9.0  5.05333e-08
22  10.0  1.85331e-08
22  9.5  3.01772e-08
24  0.2  1.83925
24  0.3  1.49066
24  0.4  1.164
24  0.5  0.880122
24  0.6  0.649471
24  0.7  0.470583
24  0.8  0.338422
22  10.5  1.16e-08
24  1.0  0.173182
24  0.9  0.241943
24  1.1  0.123801
24  1.2  0.0889825
24  1.3  0.0642174
24  1.4  0.0463671
24  1.5  0.0337022
24  1.6  0.0245982
24  1.7  0.0179964
24  1.9  0.0101082
24  1.8  0.0132013
22  11.0  7.38744e-09
24  2.0  0.00763853
24  2.5  0.00186175
24  3.0  0.000488276
24  3.5  0.000259258
22  11.5  4.83429e-09
22  12.0  3.21887e-09
24  5.5  3.96046e-06
24  4.0  5.91667e-05
24  4.5  2.23965e-05
24  5.0  9.17558e-06
24  6.0  1.82714e-06
24  8.0  1.27654e-07
24  6.5  8.86763e-07
24  7.0  4.48358e-07
24  7.5  2.35831e-07
24  8.5  7.22703e-08
24  9.0  4.20717e-08
24  9.5  2.50385e-08
26  0.2  1.58681
24  10.0  1.52687e-08
26  0.3  1.2818
26  0.4  0.996007
26  0.5  0.749021
24  12.0  2.64031e-09
26  0.6  0.548765
26  0.7  0.396305
24  10.5  9.58607e-09
26  0.8  0.283417
26  0.9  0.201744
26  1.0  0.143603
26  1.1  0.102011
26  1.2  0.0729247
26  1.3  0.0525127
26  1.4  0.0376571
26  1.5  0.027035
26  1.6  0.0202544
24  11.0  6.11104e-09
26  1.7  0.0149173
26  1.8  0.0110279
26  2.0  0.00594659
26  1.9  0.00805577
26  2.5  0.00159075
26  3.5  0.00026412
26  3.0  0.000333405
24  11.5  3.99436e-09
26  4.5  1.77608e-05
26  5.5  3.10584e-06
26  4.0  4.68449e-05
26  5.0  7.21725e-06
26  6.0  1.43829e-06
26  6.5  6.94331e-07
26  7.0  3.50907e-07
26  7.5  1.84506e-07
26  8.0  1.00066e-07
26  8.5  5.62802e-08
26  9.0  3.27638e-08
26  11.0  4.739e-09
26  9.5  1.95658e-08
26  10.0  1.19359e-08
28  0.2  1.28911
28  0.3  1.03597
28  0.4  0.800725
28  0.5  0.597981
28  0.6  0.435421
26  10.5  7.46629e-09
28  0.8  0.221972
28  0.7  0.312363
28  0.9  0.156829
28  1.0  0.110854
28  1.1  0.0784925
28  1.2  0.0558598
28  1.4  0.0289535
28  1.3  0.0398646
28  1.5  0.0209727
28  1.6  0.0154095
28  1.7  0.0111269
28  1.9  0.0059913
28  1.8  0.00812257
28  2.0  0.00450062
28  2.5  0.00111585
28  3.0  0.000327655
28  3.5  0.000116885
26  11.5  3.10326e-09
28  4.5  1.27442e-05
26  12.0  2.06342e-09
28  5.5  2.22728e-06
28  4.0  3.39545e-05
28  6.0  1.02169e-06
28  5.0  5.20695e-06
28  6.5  4.94826e-07
28  7.0  2.50149e-07
28  7.5  1.31501e-07
28  8.0  7.11474e-08
28  8.5  4.00386e-08
28  9.0  2.32144e-08
28  9.5  1.38389e-08
30  0.2  0.958344
28  10.0  8.43001e-09
30  0.3  0.765023
30  0.4  0.586187
30  0.5  0.434118
30  0.6  0.313403
28  10.5  5.26606e-09
30  0.7  0.222603
30  0.8  0.156647
30  0.9  0.110092
30  1.0  0.0772194
30  1.1  0.0544737
30  1.2  0.0385429
30  1.4  0.0194774
30  1.3  0.0271484
28  11.0  3.36695e-09
30  1.5  0.0138428
30  1.6  0.0102158
30  1.7  0.00746317
30  1.8  0.00539667
30  1.9  0.00403941
30  2.0  0.0030283
28  11.5  2.19082e-09
30  2.5  0.000703044
30  3.0  0.000188391
30  3.5  8.12726e-05
28  12.0  1.45988e-09
30  5.0  3.26056e-06
30  4.0  2.1719e-05
30  6.0  6.4154e-07
30  4.5  8.12502e-06
30  5.5  1.41575e-06
30  7.5  8.1873e-08
30  6.5  3.10762e-07
30  7.0  1.55791e-07
30  8.0  4.42982e-08
30  8.5  2.4877e-08
30  9.0  1.43891e-08
30  9.5  8.55439e-09
30  10.0  5.2104e-09
32  0.2  0.630068
32  0.3  0.498924
30  10.5  3.26366e-09
32  0.4  0.378176
32  0.5  0.276716
32  0.6  0.197491
32  0.7  0.138463
32  0.8  0.0966676
32  0.9  0.0670864
32  1.0  0.0466328
32  1.1  0.0329128
32  1.2  0.0227783
32  1.3  0.0160113
32  1.4  0.0115665
30  11.0  2.07838e-09
32  1.5  0.00820861
32  1.6  0.00599829
32  1.7  0.00432095
32  1.8  0.00311433
32  1.9  0.00227874
32  2.0  0.00172486
32  2.5  0.000417828
32  3.0  0.000115442
32  3.5  4.42394e-05
30  11.5  1.35147e-09
30  12.0  8.98734e-10
32  4.0  1.17122e-05
32  4.5  4.35456e-06
32  5.0  1.76413e-06
32  5.5  7.52711e-07
32  6.0  3.42112e-07
32  7.5  4.23708e-08
32  6.5  1.63438e-07
32  8.5  1.28099e-08
32  7.0  8.22357e-08
32  8.0  2.32597e-08
32  9.0  7.47859e-09
32  9.5  4.43363e-09
32  10.0  2.6957e-09
4  0.2  2.87838
4  0.3  2.3621
4  0.4  1.87293
32  10.5  1.67994e-09
4  0.5  1.44057
4  0.6  1.08164
4  0.8  0.584016
4  0.7  0.798945
4  0.9  0.424194
4  1.0  0.308071
4  1.1  0.222972
4  1.2  0.161677
4  1.3  0.117967
4  1.4  0.0862497
4  1.5  0.062911
32  11.0  1.0713e-09
4  1.6  0.0472981
4  1.8  0.0265422
4  1.7  0.0348907
4  1.9  0.0198066
4  2.0  0.0147925
4  3.0  0.000968952
4  2.5  0.00381662
4  3.5  0.000468191
32  11.5  6.99129e-10
4  4.0  0.000125376
32  12.0  4.62012e-10
4  5.5  8.54095e-06
4  4.5  4.79995e-05
4  5.0  1.96263e-05
4  6.0  3.96922e-06
4  6.5  1.93281e-06
4  7.0  9.78056e-07
4  7.5  5.19157e-07
4  8.0  2.83138e-07
4  8.5  1.59681e-07
4  9.0  9.30215e-08
4  9.5  5.54423e-08
6  0.2  2.84907
4  10.0  3.40158e-08
6  0.3  2.33762
6  0.4  1.85167
6  0.5  1.42196
4  10.5  2.13384e-08
6  0.6  1.06898
6  0.7  0.790025
6  0.8  0.576618
6  0.9  0.419149
6  1.0  0.303707
6  1.1  0.219993
4  11.0  1.36776e-08
6  1.2  0.159513
6  1.3  0.116363
6  1.4  0.0849733
6  1.5  0.0620575
6  1.6  0.0456109
6  1.7  0.0350788
6  1.8  0.0258312
6  1.9  0.019157
6  2.5  0.00380658
6  2.0  0.0144583
6  3.0  0.000962088
6  3.5  0.000391401
4  11.5  8.96723e-09
4  12.0  5.95905e-09
6  4.0  0.000123088
6  5.5  8.38135e-06
6  4.5  4.71696e-05
6  5.0  1.9265e-05
6  6.0  3.89593e-06
6  6.5  1.89214e-06
6  7.0  9.59411e-07
6  7.5  5.09e-07
6  8.0  2.77812e-07
6  8.5  1.56586e-07
6  9.0  9.12519e-08
6  9.5  5.43856e-08
6  10.0  3.3369e-08
8  0.2  2.80646
8  0.3  2.30208
8  0.4  1.82357
8  0.5  1.40131
6  10.5  2.09251e-08
8  0.6  1.0508
8  0.7  0.775192
8  0.8  0.566341
8  0.9  0.410847
8  1.0  0.297837
6  11.0  1.34161e-08
8  1.1  0.21593
8  1.2  0.157005
8  1.3  0.11458
8  1.4  0.0833102
8  1.5  0.0608238
8  1.6  0.044594
8  1.7  0.0333153
8  1.8  0.0248624
8  1.9  0.0185368
6  11.5  8.7956e-09
8  2.0  0.014179
8  2.5  0.00397305
8  3.5  0.000506344
8  3.0  0.000995217
6  12.0  5.84178e-09
8  4.0  0.000119877
8  5.5  8.1605e-06
8  4.5  4.59465e-05
8  5.0  1.87547e-05
8  6.0  3.79314e-06
8  6.5  1.84106e-06
8  7.0  9.33653e-07
8  7.5  4.95964e-07
8  8.0  2.70284e-07
8  8.5  1.51529e-07
8  9.0  8.87703e-08
8  9.5  5.28958e-08
8  10.0  3.24718e-08
8  10.5  2.03569e-08
8  11.0  1.30511e-08
8  11.5  8.55733e-09
8  12.0  5.69219e-09
