# exclusive D0 cross section, Pb target, LHAPDF fragmentation, An0n channel
# generated      : 2026-08-20 10:20:12 EEST
# calls          : 1e5 below 4.0 GeV, 2e3 above (see EXCL_PT_THRESHOLD) (VEGAS calls per point, see CALLS_EXCL/CALLS_EXCL_FACTORIZED/CALLS_DIFF)
# dipole samples : data/Pb/mve/glauber_mve_<b>
# pD0 sweep      : 0.2 0.3 0.4 0.5 0.6 0.7 0.8 0.9 1.0 1.1 1.2 1.3 1.4 1.5 1.6 1.7 1.8 1.9 2.0 2.5 3.0 3.5 4.0 4.5 5.0 5.5 6.0 6.5 7.0 7.5 8.0 8.5 9.0 9.5 10.0 10.5 11.0 11.5 12.0
# fixed rapidity y : 1.0
# ============================================================
# b  pD0  dsigma_dyd2pD0
0  0.3  2.58747
0  0.5  1.48508
0  0.2  3.27675
0  0.4  1.98683
0  0.6  1.09048
0  0.9  0.408826
0  0.8  0.569677
0  0.7  0.791204
0  1.2  0.151459
0  1.0  0.293277
0  1.1  0.210704
0  1.3  0.110271
0  1.4  0.0787811
0  1.5  0.0585508
0  1.7  0.0314935
0  1.6  0.0423289
0  1.8  0.0232211
0  1.9  0.0175227
0  2.0  0.0130156
0  2.5  0.00334629
0  3.0  0.000901498
0  3.5  0.000340364
0  4.5  3.59032e-05
0  5.0  1.42655e-05
0  4.0  9.77429e-05
0  6.0  2.72194e-06
0  6.5  1.26263e-06
0  5.5  6.07524e-06
0  7.5  3.13846e-07
0  7.0  6.23948e-07
0  8.5  9.07421e-08
0  8.0  1.66203e-07
0  9.0  5.06381e-08
0  9.5  2.89324e-08
0  10.5  1.02004e-08
10  0.2  3.11811
0  10.0  1.69449e-08
10  0.3  2.46212
0  11.0  6.2569e-09
10  0.4  1.8845
10  0.5  1.40479
10  0.6  1.02975
10  0.7  0.74556
10  0.8  0.535637
10  0.9  0.383962
10  1.0  0.274991
0  11.5  3.9072e-09
10  1.1  0.197074
10  1.2  0.141786
10  1.3  0.102912
10  1.4  0.0736546
10  1.5  0.0539234
10  1.6  0.0388787
10  1.7  0.0297846
10  1.8  0.0213398
10  1.9  0.0160708
10  2.0  0.0121945
10  2.5  0.00307372
10  3.0  0.000723194
10  3.5  0.000318376
10  4.5  3.28592e-05
0  12.0  2.47053e-09
10  4.0  8.95225e-05
10  5.0  1.31166e-05
10  6.0  2.48331e-06
10  6.5  1.15085e-06
10  5.5  5.55063e-06
10  7.5  2.85968e-07
10  7.0  5.69019e-07
10  8.0  1.51369e-07
10  9.0  4.6064e-08
10  8.5  8.21017e-08
10  9.5  2.62978e-08
10  10.5  9.2837e-09
10  11.0  5.68123e-09
10  10.0  1.5404e-08
12  0.2  3.04451
12  0.3  2.40323
12  0.4  1.8381
12  0.5  1.36945
12  0.6  1.00192
12  0.7  0.724066
10  11.5  3.54666e-09
12  0.9  0.372068
12  0.8  0.520527
12  1.0  0.266131
12  1.1  0.19083
12  1.2  0.13797
12  1.4  0.0710242
12  1.3  0.0985373
12  1.5  0.0515934
12  1.6  0.0375416
12  1.7  0.0286151
10  12.0  2.24926e-09
12  1.8  0.0209915
12  1.9  0.0155402
12  2.0  0.011704
12  3.0  0.000786553
12  2.5  0.00303096
12  3.5  0.000263409
12  4.0  8.58304e-05
12  5.5  5.25622e-06
12  4.5  3.1773e-05
12  5.0  1.26204e-05
12  6.5  1.1019e-06
12  6.0  2.37731e-06
12  7.5  2.72581e-07
12  7.0  5.41913e-07
12  8.0  1.44695e-07
12  9.0  4.40292e-08
12  8.5  7.86087e-08
12  9.5  2.51243e-08
12  10.5  8.85605e-09
12  10.0  1.47127e-08
14  0.2  2.95504
12  11.0  5.42549e-09
14  0.3  2.33044
14  0.4  1.77932
14  0.5  1.3251
14  0.6  0.968235
14  0.7  0.699885
14  0.8  0.502496
12  11.5  3.38604e-09
14  0.9  0.358749
14  1.0  0.256351
14  1.1  0.183783
14  1.2  0.132454
14  1.3  0.0945062
14  1.4  0.0681377
14  1.5  0.049416
14  1.6  0.0360725
12  12.0  2.14698e-09
14  1.7  0.0265541
14  1.8  0.0196463
14  1.9  0.0145487
14  2.0  0.0110598
14  2.5  0.00288903
14  3.0  0.000690159
14  3.5  0.000317945
14  4.0  8.14557e-05
14  5.5  4.97426e-06
14  4.5  3.00908e-05
14  5.0  1.19552e-05
14  6.0  2.25066e-06
14  6.5  1.04102e-06
14  7.5  2.57923e-07
14  7.0  5.1416e-07
14  9.0  4.16014e-08
14  8.0  1.36962e-07
14  8.5  7.4318e-08
14  9.5  2.38031e-08
14  10.5  8.37043e-09
14  11.0  5.12191e-09
16  0.2  2.84841
14  10.0  1.38987e-08
16  0.3  2.24165
16  0.4  1.70986
14  11.5  3.19515e-09
16  0.6  0.927585
16  0.5  1.27098
16  0.7  0.669294
16  0.8  0.479037
16  0.9  0.342011
16  1.0  0.244027
16  1.2  0.12591
16  1.1  0.174487
16  1.3  0.0898643
16  1.4  0.0646267
16  1.5  0.0468844
16  1.6  0.0341265
16  1.7  0.0253664
16  1.8  0.0189226
16  1.9  0.0141538
16  2.0  0.0103844
16  2.5  0.00274329
16  3.0  0.00060507
16  3.5  0.000296692
14  12.0  2.02126e-09
16  4.0  7.63712e-05
16  5.5  4.65162e-06
16  4.5  2.8172e-05
16  5.0  1.11838e-05
16  6.0  2.1027e-06
16  7.0  4.74482e-07
16  7.5  2.40745e-07
16  6.5  9.79439e-07
16  8.0  1.27569e-07
16  8.5  6.92752e-08
16  9.0  3.87299e-08
16  9.5  2.20968e-08
16  10.5  7.80518e-09
18  0.2  2.71672
18  0.3  2.1377
18  0.4  1.62641
18  0.5  1.20501
18  0.6  0.878831
16  10.0  1.29476e-08
18  0.7  0.633092
18  0.8  0.453092
18  0.9  0.322435
16  11.5  2.9742e-09
18  1.0  0.22967
18  1.1  0.164096
18  1.2  0.117377
18  1.3  0.0842449
18  1.5  0.0437183
16  11.0  4.76078e-09
18  1.4  0.0604401
18  1.6  0.0323654
18  1.7  0.0235699
18  1.8  0.0175897
18  1.9  0.0128852
18  2.0  0.00970509
18  3.0  0.000608102
18  2.5  0.00249354
18  3.5  0.000226547
16  12.0  1.88146e-09
18  4.0  7.05003e-05
18  4.5  2.59395e-05
18  5.0  1.02989e-05
18  6.0  1.93358e-06
18  5.5  4.32705e-06
18  7.0  4.35741e-07
18  6.5  8.99855e-07
18  7.5  2.23748e-07
18  8.0  1.17398e-07
18  9.0  3.51307e-08
18  9.5  2.01533e-08
18  8.5  6.34826e-08
18  10.5  7.13223e-09
18  10.0  1.18702e-08
2  0.2  3.27167
2  0.3  2.58636
2  0.4  1.9829
2  0.5  1.48224
2  0.6  1.0884
2  0.7  0.78954
2  0.8  0.569056
2  0.9  0.407885
2  1.0  0.292113
2  1.1  0.210302
2  1.2  0.151217
18  11.5  2.71931e-09
2  1.3  0.109964
2  1.4  0.0787134
18  11.0  4.35665e-09
2  1.5  0.0580842
2  1.6  0.0422061
2  1.7  0.0314837
2  1.8  0.0234266
2  1.9  0.0174908
2  2.0  0.0130746
2  2.5  0.00339613
2  3.0  0.000812031
2  3.5  0.000282157
2  4.5  3.57826e-05
2  5.0  1.42091e-05
18  12.0  1.72112e-09
2  4.0  9.74193e-05
2  6.5  1.25829e-06
2  5.5  6.0542e-06
2  6.0  2.69573e-06
2  7.5  3.12736e-07
2  7.0  6.21725e-07
2  8.0  1.67078e-07
2  8.5  9.03577e-08
2  9.0  5.04433e-08
2  9.5  2.88134e-08
2  10.5  1.01605e-08
2  10.0  1.68833e-08
20  0.2  2.56208
20  0.3  2.01093
20  0.4  1.52749
20  0.5  1.13036
2  11.0  6.23396e-09
20  0.6  0.822061
20  0.7  0.590024
20  0.8  0.421043
20  0.9  0.299623
20  1.0  0.213133
20  1.1  0.151808
20  1.3  0.07847
20  1.2  0.108893
20  1.5  0.0411431
20  1.4  0.0556684
20  1.7  0.0217705
2  11.5  3.89285e-09
20  1.6  0.0292057
20  1.8  0.0161025
20  1.9  0.0121009
20  2.0  0.00892118
20  2.5  0.00225441
20  3.0  0.000575844
20  3.5  0.000253421
20  4.5  2.32227e-05
2  12.0  2.46152e-09
20  4.0  6.36437e-05
20  5.0  9.27835e-06
20  5.5  3.89418e-06
20  6.0  1.73453e-06
20  7.0  3.91702e-07
20  6.5  8.12321e-07
20  8.0  1.05384e-07
20  9.0  3.1558e-08
20  8.5  5.70048e-08
20  7.5  2.00373e-07
20  9.5  1.80673e-08
20  10.5  6.38667e-09
20  11.0  3.90277e-09
20  10.0  1.06234e-08
22  0.2  2.37467
22  0.3  1.85959
22  0.4  1.40943
22  0.5  1.04003
22  0.6  0.753949
22  0.7  0.539458
22  0.8  0.384588
22  0.9  0.272468
22  1.0  0.193319
22  1.1  0.137432
22  1.2  0.0978465
22  1.3  0.0696454
22  1.4  0.0501578
22  1.5  0.0361001
22  1.6  0.0262224
22  1.7  0.0194294
20  11.5  2.43216e-09
22  1.9  0.0103932
22  1.8  0.0143184
22  2.0  0.00809283
22  2.5  0.00192516
22  3.0  0.000451283
22  3.5  0.000210182
20  12.0  1.54238e-09
22  4.0  5.60149e-05
22  4.5  2.05643e-05
22  5.0  8.14022e-06
22  5.5  3.41959e-06
22  7.0  3.41471e-07
22  6.0  1.51496e-06
22  7.5  1.73283e-07
22  6.5  7.09327e-07
22  8.0  9.16396e-08
22  8.5  4.95401e-08
22  9.0  2.76523e-08
22  9.5  1.58145e-08
22  10.5  5.54293e-09
22  10.0  9.24432e-09
22  11.0  3.38831e-09
24  0.2  2.14789
24  0.3  1.67693
24  0.4  1.26726
24  0.5  0.931859
24  0.6  0.672585
24  0.7  0.479666
24  0.8  0.340257
24  0.9  0.240417
24  1.0  0.170069
24  1.1  0.12051
24  1.2  0.0854183
24  1.4  0.0445491
24  1.3  0.0609404
24  1.6  0.0235406
24  1.5  0.0313239
22  11.5  2.11218e-09
24  1.7  0.0168242
24  1.8  0.0124337
24  1.9  0.00910617
24  2.0  0.00689321
24  2.5  0.00172766
24  3.0  0.000395078
24  3.5  0.000167535
22  12.0  1.3339e-09
24  4.0  4.73903e-05
24  4.5  1.73861e-05
24  5.0  6.85327e-06
24  5.5  2.87793e-06
24  6.5  5.87563e-07
24  6.0  1.27212e-06
24  8.0  7.5904e-08
24  7.5  1.46657e-07
24  7.0  2.88121e-07
24  9.5  1.30931e-08
24  9.0  2.31387e-08
24  8.5  4.13495e-08
24  11.5  1.75086e-09
26  0.2  1.87365
24  10.0  7.69885e-09
24  11.0  2.81771e-09
26  0.3  1.4576
26  0.4  1.09603
26  0.5  0.80221
26  0.6  0.576532
24  10.5  4.61644e-09
26  0.7  0.40946
26  0.8  0.288318
24  12.0  1.10377e-09
26  0.9  0.203022
26  1.0  0.143048
26  1.2  0.0717807
26  1.1  0.10093
26  1.3  0.0506121
26  1.5  0.0267203
26  1.4  0.0361936
26  1.6  0.0194228
26  1.7  0.0138849
26  1.8  0.010065
26  1.9  0.00749535
26  2.0  0.00559155
26  2.5  0.00136788
26  3.0  0.000332458
26  3.5  0.000154427
26  4.0  3.78691e-05
26  4.5  1.38624e-05
26  5.0  5.45041e-06
26  6.0  1.01083e-06
26  5.5  2.27665e-06
26  6.5  4.68375e-07
26  7.0  2.27403e-07
26  7.5  1.15552e-07
26  8.0  6.04146e-08
26  8.5  3.25688e-08
26  9.0  1.80465e-08
26  10.0  6.03996e-09
26  9.5  1.03009e-08
28  0.2  1.54785
26  11.5  1.3644e-09
28  0.3  1.19826
28  0.4  0.895198
28  0.5  0.650262
28  0.6  0.464749
26  10.5  3.6115e-09
28  0.7  0.327993
26  11.0  2.20249e-09
28  0.8  0.229677
28  0.9  0.160677
28  1.0  0.11251
28  1.1  0.0792214
28  1.2  0.0556224
28  1.3  0.0398175
28  1.4  0.0278804
28  1.5  0.0203788
28  1.6  0.0145064
28  1.7  0.010805
28  1.8  0.0077364
28  1.9  0.00563836
28  2.0  0.00424166
26  12.0  8.68159e-10
28  2.5  0.00105443
28  3.0  0.00020967
28  3.5  0.000101763
28  4.5  1.01579e-05
28  5.5  1.64509e-06
28  4.0  2.78949e-05
28  5.0  3.96848e-06
28  6.0  7.30737e-07
28  6.5  3.38945e-07
28  7.0  1.64919e-07
28  8.0  4.34664e-08
28  7.5  8.27759e-08
28  8.5  2.33299e-08
28  9.0  1.29536e-08
28  9.5  7.38135e-09
28  10.5  2.57612e-09
28  10.0  4.3117e-09
30  0.2  1.17817
30  0.3  0.9055
28  11.5  9.71119e-10
28  11.0  1.57007e-09
30  0.4  0.670876
30  0.5  0.483851
30  0.6  0.34216
30  0.7  0.239665
30  0.8  0.166501
30  1.0  0.0803249
30  0.9  0.11551
30  1.2  0.0394928
30  1.1  0.0561409
30  1.3  0.0280249
30  1.4  0.0197825
30  1.6  0.0101275
30  1.5  0.0138565
30  1.7  0.00726513
30  1.8  0.00536685
30  1.9  0.00394972
30  2.0  0.00291661
30  2.5  0.000696097
30  3.0  0.000198745
30  3.5  6.4039e-05
28  12.0  6.17048e-10
30  4.5  6.59015e-06
30  4.0  1.82131e-05
30  6.0  4.66252e-07
30  5.0  2.5647e-06
30  5.5  1.06523e-06
30  7.5  5.27818e-08
30  6.5  2.16718e-07
30  7.0  1.0458e-07
30  8.0  2.74993e-08
30  9.5  4.64665e-09
30  8.5  1.47912e-08
30  9.0  8.15969e-09
30  10.0  2.71379e-09
30  10.5  1.61497e-09
32  0.2  0.801122
32  0.3  0.610177
32  0.4  0.447537
32  0.5  0.319021
32  0.6  0.223286
32  0.7  0.154556
32  0.8  0.106405
32  0.9  0.0729754
32  1.0  0.0504145
32  1.1  0.0349339
30  11.5  6.09507e-10
32  1.2  0.0242216
30  11.0  9.80301e-10
32  1.3  0.0168329
32  1.5  0.00849947
32  1.4  0.0118434
32  1.6  0.00598092
30  12.0  3.8422e-10
32  1.7  0.00438301
32  1.8  0.00316013
32  1.9  0.00229337
32  2.0  0.00169979
32  2.5  0.000411817
32  3.0  9.14757e-05
32  3.5  3.79085e-05
32  4.0  1.01493e-05
32  4.5  3.65046e-06
32  5.0  1.41152e-06
32  5.5  5.82407e-07
32  6.0  2.53757e-07
32  6.5  1.17506e-07
32  7.5  2.82986e-08
32  7.0  5.62879e-08
32  8.0  1.46839e-08
32  8.5  7.85703e-09
32  9.0  4.32983e-09
32  9.5  2.4268e-09
32  10.5  8.494e-10
32  10.0  1.42678e-09
4  0.2  3.25229
4  0.3  2.57102
4  0.4  1.97109
4  0.5  1.47244
4  0.6  1.08116
4  0.7  0.783878
4  0.8  0.565176
32  11.0  5.1638e-10
4  1.0  0.289572
4  0.9  0.40479
4  1.1  0.208876
4  1.2  0.150023
4  1.3  0.108889
32  11.5  3.19035e-10
4  1.4  0.078051
4  1.5  0.0568009
4  1.6  0.0424137
4  1.7  0.0308289
4  1.8  0.0228408
4  1.9  0.0173596
4  2.0  0.0128838
4  2.5  0.00323294
4  3.0  0.000770535
4  3.5  0.000290154
32  12.0  2.00842e-10
4  4.5  3.54209e-05
4  5.0  1.40496e-05
4  4.0  9.64451e-05
4  6.0  2.67934e-06
4  6.5  1.24358e-06
4  5.5  5.99148e-06
4  7.5  3.09415e-07
4  7.0  6.15263e-07
4  8.5  8.94466e-08
4  8.0  1.63878e-07
4  9.0  4.98863e-08
4  9.5  2.84936e-08
4  10.5  1.00666e-08
4  11.0  6.16511e-09
4  10.0  1.66985e-08
6  0.2  3.22073
4  11.5  3.84965e-09
6  0.3  2.54659
6  0.4  1.95079
6  0.5  1.45687
6  0.6  1.06818
6  0.8  0.558509
6  0.7  0.774801
6  0.9  0.399676
6  1.0  0.28645
6  1.1  0.205995
6  1.3  0.107867
6  1.2  0.147981
6  1.5  0.0560566
6  1.4  0.0772747
6  1.6  0.0409646
6  1.7  0.0306476
6  1.8  0.0228381
6  1.9  0.0167626
6  2.0  0.0128096
6  2.5  0.00329941
6  3.0  0.000754876
6  3.5  0.000285024
4  12.0  2.43421e-09
6  4.5  3.48179e-05
6  5.0  1.3809e-05
6  4.0  9.4812e-05
6  6.0  2.63644e-06
6  5.5  5.88809e-06
6  6.5  1.2185e-06
6  7.5  3.0387e-07
6  7.0  6.04495e-07
6  8.0  1.61408e-07
6  8.5  8.7229e-08
6  9.0  4.89327e-08
6  9.5  2.7967e-08
6  10.0  1.63912e-08
8  0.2  3.17683
6  11.0  6.05013e-09
8  0.3  2.50671
8  0.4  1.92185
8  0.5  1.43477
8  0.6  1.05223
6  10.5  9.86575e-09
6  11.5  3.77771e-09
8  0.7  0.762507
8  0.8  0.548223
8  0.9  0.393203
8  1.0  0.281631
8  1.1  0.202301
8  1.3  0.105649
8  1.2  0.145187
8  1.4  0.0758269
8  1.6  0.0402263
8  1.5  0.0549378
8  1.7  0.0300304
8  1.8  0.0223582
8  2.0  0.0123072
8  1.9  0.0165617
8  3.0  0.000917113
8  2.5  0.0031883
8  3.5  0.000314875
6  12.0  2.38861e-09
8  4.5  3.39748e-05
8  4.0  9.25157e-05
8  5.0  1.36302e-05
8  6.0  2.56952e-06
8  6.5  1.19057e-06
8  5.5  5.74106e-06
8  7.5  2.96074e-07
8  7.0  5.89102e-07
8  8.0  1.57477e-07
8  9.0  4.67665e-08
8  8.5  8.52836e-08
8  9.5  2.72374e-08
8  10.5  9.60706e-09
8  10.0  1.596e-08
8  11.0  5.88855e-09
8  11.5  3.67685e-09
8  12.0  2.32349e-09
