# exclusive D0 cross section, Pb target, LHAPDF fragmentation, An0n channel
# generated      : 2026-08-19 15:24:09 EEST
# calls          : 1e5 below 4.0 GeV, 2e3 above (see EXCL_PT_THRESHOLD) (VEGAS calls per point, see CALLS_EXCL/CALLS_EXCL_FACTORIZED/CALLS_DIFF)
# dipole samples : data/Pb/bk_posterior/member_0012/glauber_mve_<b>
# pD0 sweep      : 0.2 0.3 0.4 0.5 0.6 0.7 0.8 0.9 1.0 1.1 1.2 1.3 1.4 1.5 1.6 1.7 1.8 1.9 2.0 2.5 3.0 3.5 4.0 4.5 5.0 5.5 6.0 6.5 7.0 7.5 8.0 8.5 9.0 9.5 10.0 10.5 11.0 11.5 12.0
# fixed rapidity y : 3.0
# ============================================================
# b  pD0  dsigma_dyd2pD0
0  0.3  0.451041
0  0.4  0.345139
0  0.5  0.256016
0  0.2  0.56751
0  0.6  0.185482
0  0.8  0.0937556
0  0.7  0.132445
0  0.9  0.065947
0  1.2  0.0228813
0  1.0  0.0462698
0  1.1  0.0324501
0  1.3  0.016075
0  1.4  0.0114573
0  1.6  0.00579722
0  1.5  0.0080956
0  1.8  0.00299252
0  1.7  0.00411973
0  1.9  0.00217794
0  2.5  0.000338056
0  2.0  0.00157097
0  3.5  1.92604e-05
0  3.0  7.84772e-05
0  5.0  5.74115e-07
0  4.5  1.77491e-06
0  5.5  1.92942e-07
0  4.0  5.87464e-06
0  6.5  2.56699e-08
0  6.0  6.85265e-08
0  7.0  9.84806e-09
0  7.5  3.94626e-09
0  8.0  1.63123e-09
0  8.5  6.93525e-10
0  9.0  3.03318e-10
0  9.5  1.35683e-10
0  10.0  6.20481e-11
10  0.2  0.545175
10  0.3  0.43321
10  0.4  0.330679
10  0.5  0.24487
0  10.5  2.89944e-11
10  0.6  0.177091
10  0.7  0.126201
10  0.8  0.0891783
10  0.9  0.0625675
10  1.0  0.0438371
10  1.1  0.0307554
10  1.3  0.015248
10  1.2  0.0215559
10  1.5  0.00767839
10  1.4  0.0107448
10  1.7  0.00390234
10  1.6  0.00542211
10  1.9  0.00203978
10  1.8  0.00281154
0  11.0  1.37987e-11
10  2.0  0.00146257
10  2.5  0.000316967
10  3.0  7.4194e-05
10  3.5  1.84714e-05
0  11.5  6.67279e-12
0  12.0  3.28179e-12
10  4.0  5.45498e-06
10  4.5  1.63256e-06
10  5.0  5.23347e-07
10  5.5  1.7707e-07
10  6.5  2.34308e-08
10  6.0  6.3027e-08
10  7.0  9.03966e-09
10  7.5  3.62045e-09
10  8.0  1.49527e-09
10  9.0  2.78207e-10
10  8.5  6.35869e-10
10  10.0  5.68128e-11
10  10.5  2.65412e-11
10  9.5  1.24186e-10
12  0.2  0.534805
12  0.3  0.424539
12  0.4  0.323996
12  0.5  0.2397
12  0.6  0.1732
12  0.7  0.123453
10  11.5  6.09571e-12
12  0.8  0.0870422
12  0.9  0.0611216
12  1.1  0.0299717
12  1.0  0.0427666
12  1.2  0.0209964
12  1.3  0.0147634
10  11.0  1.26033e-11
12  1.4  0.0104436
12  1.5  0.00745662
12  1.7  0.00379445
12  1.6  0.00527093
12  1.8  0.00273078
12  1.9  0.0019785
12  2.0  0.00142733
12  3.0  7.08522e-05
12  2.5  0.000305049
12  3.5  1.8437e-05
10  12.0  2.99473e-12
12  4.0  5.22667e-06
12  4.5  1.57146e-06
12  5.0  5.03425e-07
12  5.5  1.70272e-07
12  6.5  2.25081e-08
12  6.0  6.0518e-08
12  7.0  8.67108e-09
12  9.0  2.67609e-10
12  7.5  3.46962e-09
12  8.0  1.4327e-09
12  8.5  6.10325e-10
12  10.0  5.44538e-11
12  10.5  2.49039e-11
12  9.5  1.19043e-10
14  0.2  0.522004
14  0.3  0.414039
14  0.4  0.315665
14  0.5  0.23335
14  0.6  0.168465
14  0.7  0.119893
14  0.8  0.0845044
14  0.9  0.0592512
14  1.0  0.0414254
14  1.1  0.0289857
12  11.5  5.84245e-12
14  1.3  0.0142743
14  1.2  0.0202984
12  11.0  1.2089e-11
14  1.4  0.010133
14  1.5  0.00719293
14  1.6  0.00507975
14  1.7  0.00362689
14  1.8  0.00260474
14  1.9  0.00190329
14  2.0  0.00136043
14  2.5  0.000290405
14  3.0  6.68678e-05
14  3.5  1.73232e-05
12  12.0  2.86684e-12
14  4.0  5.01128e-06
14  4.5  1.50351e-06
14  5.5  1.62708e-07
14  5.0  4.79622e-07
14  7.0  8.26734e-09
14  6.5  2.13853e-08
14  7.5  3.31488e-09
14  6.0  5.75638e-08
14  8.5  5.83571e-10
14  8.0  1.36535e-09
14  10.0  5.15745e-11
14  9.0  2.5237e-10
14  9.5  1.12812e-10
14  10.5  2.40879e-11
16  0.2  0.506323
16  0.3  0.401182
16  0.4  0.305436
16  0.5  0.225649
16  0.6  0.162722
16  0.7  0.11562
16  0.8  0.081387
16  0.9  0.0569671
16  1.0  0.0398076
16  1.2  0.0194545
16  1.1  0.0278121
16  1.3  0.0136648
16  1.4  0.00969233
16  1.5  0.00688777
16  1.6  0.00485174
16  1.7  0.00349077
14  11.0  1.14298e-11
16  1.8  0.00250862
16  1.9  0.00181453
16  2.0  0.00130289
16  2.5  0.000278683
16  3.0  6.23184e-05
16  3.5  1.64154e-05
14  11.5  5.51412e-12
14  12.0  2.7144e-12
16  4.5  1.4169e-06
16  5.5  1.5271e-07
16  4.0  4.70526e-06
16  5.0  4.51637e-07
16  7.0  7.76985e-09
16  7.5  3.10144e-09
16  6.0  5.40838e-08
16  6.5  2.00542e-08
16  8.0  1.27533e-09
16  8.5  5.4226e-10
16  9.0  2.36298e-10
16  9.5  1.05621e-10
18  0.2  0.487702
16  10.0  4.81707e-11
18  0.3  0.385616
16  10.5  2.24847e-11
18  0.4  0.293514
18  0.5  0.216398
18  0.6  0.155813
18  0.7  0.110584
18  0.8  0.0776873
18  0.9  0.0543269
18  1.0  0.0378536
16  11.0  1.06562e-11
18  1.1  0.026408
18  1.2  0.0184681
18  1.3  0.012949
18  1.4  0.0091717
18  1.5  0.0065127
18  1.6  0.00460523
18  1.7  0.00327369
18  1.8  0.00237169
18  1.9  0.00169254
18  2.0  0.00123221
18  3.0  5.88711e-05
18  2.5  0.000258821
18  3.5  1.4878e-05
16  11.5  5.15565e-12
16  12.0  2.53601e-12
18  5.0  4.22877e-07
18  4.5  1.31602e-06
18  4.0  4.378e-06
18  5.5  1.41861e-07
18  6.0  5.00287e-08
18  6.5  1.85519e-08
18  7.0  7.14402e-09
18  7.5  2.85271e-09
18  8.0  1.17796e-09
18  8.5  4.99854e-10
18  9.0  2.17816e-10
18  9.5  9.72967e-11
2  0.2  0.566951
2  0.3  0.450356
18  10.0  4.43576e-11
2  0.4  0.344683
2  0.5  0.255585
2  0.6  0.185158
2  0.7  0.132206
2  0.8  0.093574
2  0.9  0.0657647
2  1.0  0.0461741
2  1.1  0.0323868
2  1.2  0.0228292
18  10.5  2.06815e-11
2  1.3  0.0160376
2  1.4  0.0114322
2  1.5  0.0080718
2  1.6  0.0057842
2  1.7  0.00411161
2  1.8  0.0029851
18  11.0  9.8212e-12
2  1.9  0.00217243
2  2.0  0.00156777
2  2.5  0.000337438
2  3.0  7.79634e-05
2  3.5  1.91882e-05
18  11.5  4.74388e-12
18  12.0  2.33099e-12
2  5.0  5.71807e-07
2  4.5  1.76947e-06
2  4.0  5.85727e-06
2  5.5  1.9221e-07
2  6.5  2.5583e-08
2  6.0  6.82955e-08
2  7.0  9.81249e-09
2  7.5  3.93321e-09
2  9.0  3.04588e-10
2  8.0  1.62584e-09
2  8.5  6.91341e-10
2  9.5  1.35223e-10
2  10.5  2.8942e-11
2  10.0  6.18358e-11
20  0.2  0.464846
20  0.3  0.3671
20  0.4  0.279066
20  0.5  0.205264
20  0.6  0.147517
20  0.7  0.104424
20  0.8  0.0732396
20  0.9  0.051115
20  1.0  0.0355737
20  1.1  0.0247553
20  1.2  0.0172916
20  1.4  0.00855307
20  1.3  0.0120925
20  1.6  0.00429139
20  1.5  0.00599515
20  1.7  0.00303382
20  1.8  0.00219934
20  2.0  0.00115462
20  1.9  0.00156677
20  2.5  0.000238186
2  11.0  1.3751e-11
20  3.0  5.48919e-05
20  3.5  1.35996e-05
2  11.5  6.65067e-12
20  5.0  3.85325e-07
2  12.0  3.27095e-12
20  4.5  1.20009e-06
20  4.0  4.00021e-06
20  6.0  4.57827e-08
20  5.5  1.2895e-07
20  7.5  2.61403e-09
20  8.0  1.07494e-09
20  8.5  4.51979e-10
20  6.5  1.68188e-08
20  7.0  6.47325e-09
20  9.0  1.9656e-10
20  9.5  8.77955e-11
20  10.0  4.00805e-11
22  0.2  0.437026
22  0.3  0.345047
22  0.4  0.26136
20  11.5  4.26229e-12
22  0.5  0.191814
22  0.6  0.137512
22  0.7  0.0971095
20  10.5  1.86272e-11
22  0.8  0.0678173
22  0.9  0.0472222
22  1.0  0.032868
22  1.2  0.0158874
22  1.1  0.022809
22  1.4  0.0078411
22  1.3  0.0110934
22  1.6  0.00391555
22  1.5  0.0054814
22  1.7  0.00276559
22  1.8  0.00198188
22  1.9  0.001419
22  2.0  0.00105212
22  2.5  0.000216366
20  11.0  8.83886e-12
22  3.0  4.92387e-05
22  3.5  1.37835e-05
20  12.0  2.09714e-12
22  4.5  1.06799e-06
22  4.0  3.56794e-06
22  5.0  3.38429e-07
22  5.5  1.13858e-07
22  7.5  2.29768e-09
22  6.0  4.01844e-08
22  6.5  1.48681e-08
22  7.0  5.70591e-09
22  8.0  9.36988e-10
22  8.5  3.97248e-10
22  10.0  3.52937e-11
22  9.0  1.72629e-10
22  10.5  1.64428e-11
22  9.5  7.70385e-11
24  0.2  0.403096
24  0.3  0.317309
24  0.4  0.239808
24  0.5  0.175529
22  11.0  7.77022e-12
24  0.6  0.125341
24  0.8  0.0615187
24  0.7  0.0882388
24  0.9  0.042732
24  1.0  0.0295155
24  1.1  0.0204745
24  1.2  0.0142034
24  1.3  0.00991841
24  1.5  0.00492633
24  1.4  0.00696127
24  1.6  0.00344192
24  1.7  0.00244704
24  1.8  0.00175256
24  1.9  0.00126806
24  2.0  0.000906473
24  3.0  4.39204e-05
24  2.5  0.000189626
24  3.5  1.06665e-05
22  11.5  3.74257e-12
22  12.0  1.83403e-12
24  4.5  9.16274e-07
24  5.0  2.90511e-07
24  5.5  9.73324e-08
24  4.0  3.07883e-06
24  6.0  3.42391e-08
24  6.5  1.26435e-08
24  7.5  1.93352e-09
24  7.0  4.84743e-09
24  8.0  7.93941e-10
24  8.5  3.35796e-10
24  9.0  1.459e-10
24  9.5  6.49541e-11
24  11.0  6.57384e-12
26  0.2  0.361313
24  10.0  2.95755e-11
24  10.5  1.3781e-11
26  0.3  0.283396
26  0.4  0.213395
26  0.5  0.155459
24  12.0  1.55606e-12
26  0.6  0.110567
26  0.7  0.077544
26  0.8  0.0537987
26  0.9  0.0371669
26  1.0  0.0256289
26  1.1  0.0177453
26  1.2  0.012261
26  1.4  0.00597397
26  1.3  0.00852877
26  1.5  0.00419117
26  1.6  0.00293296
26  1.7  0.00207778
26  1.8  0.00147823
26  1.9  0.00106424
26  2.0  0.000762737
26  2.5  0.000157613
26  3.0  3.50412e-05
26  3.5  9.30209e-06
24  11.5  3.13146e-12
26  4.5  7.47125e-07
26  5.0  2.35896e-07
26  4.0  2.5228e-06
26  5.5  7.86747e-08
26  7.0  3.88629e-09
26  6.0  2.7652e-08
26  6.5  1.01755e-08
26  7.5  1.54852e-09
26  8.0  6.3462e-10
26  9.5  5.20503e-11
26  8.5  2.68295e-10
26  10.5  1.09721e-11
26  9.0  1.16372e-10
28  0.2  0.309948
28  0.3  0.242156
28  0.4  0.181381
28  0.5  0.131346
26  11.5  2.48059e-12
26  10.0  2.35221e-11
28  0.6  0.0928963
28  0.7  0.0647884
28  0.8  0.0447428
28  0.9  0.0307012
28  1.0  0.021111
28  1.1  0.0145058
26  11.0  5.1791e-12
28  1.3  0.00691635
28  1.2  0.00997869
28  1.4  0.00480606
28  1.5  0.00337929
28  1.6  0.00235688
28  1.7  0.00166275
28  1.8  0.001193
28  1.9  0.000847772
28  2.0  0.000615448
28  3.0  2.74141e-05
28  2.5  0.000123824
28  3.5  6.93094e-06
26  12.0  1.21938e-12
28  4.5  5.65504e-07
28  4.0  1.91782e-06
28  5.0  1.77509e-07
28  5.5  5.893e-08
28  6.5  7.57637e-09
28  6.0  2.06366e-08
28  8.0  4.69686e-10
28  7.0  2.88653e-09
28  7.5  1.14306e-09
28  9.0  8.60462e-11
28  10.0  1.73826e-11
28  8.5  1.97284e-10
28  9.5  3.79263e-11
28  10.5  7.98808e-12
30  0.2  0.24922
30  0.3  0.193696
30  0.4  0.144044
28  11.0  3.76645e-12
30  0.5  0.10357
30  0.6  0.072711
30  0.7  0.0502705
30  0.8  0.0344224
30  0.9  0.0234904
30  1.0  0.0160193
30  1.1  0.0109414
30  1.2  0.00748136
30  1.3  0.00516011
30  1.4  0.00355258
30  1.6  0.00174337
30  1.5  0.00247131
30  1.7  0.00121095
30  1.9  0.00062219
30  1.8  0.000860068
30  2.0  0.00043658
30  2.5  8.75225e-05
30  3.0  1.9003e-05
30  3.5  4.76268e-06
28  11.5  1.81272e-12
30  4.0  1.31835e-06
28  12.0  8.8472e-13
30  4.5  3.84412e-07
30  5.0  1.19787e-07
30  5.5  3.94909e-08
30  6.0  1.37391e-08
30  6.5  5.02335e-09
30  7.0  1.90534e-09
30  7.5  7.51061e-10
30  8.0  3.06692e-10
30  8.5  1.28799e-10
30  9.0  5.55611e-11
30  9.5  2.45855e-11
32  0.2  0.184057
32  0.3  0.141911
30  10.0  1.11295e-11
32  0.4  0.104543
32  0.5  0.0743517
30  11.0  2.43016e-12
32  0.7  0.0353185
32  0.6  0.0516526
30  10.5  5.14634e-12
32  0.8  0.0239548
32  1.0  0.0109574
32  0.9  0.0161997
30  11.5  1.16462e-12
32  1.1  0.00740666
32  1.2  0.0050259
32  1.3  0.00343872
32  1.4  0.00235096
32  1.5  0.00163701
32  1.6  0.00112819
32  1.7  0.000789652
32  1.8  0.000557584
32  2.0  0.000282382
32  1.9  0.000398258
32  2.5  5.46353e-05
32  3.0  1.12008e-05
32  3.5  3.33098e-06
30  12.0  5.67685e-13
32  4.0  7.85304e-07
32  4.5  2.26424e-07
32  5.0  7.01961e-08
32  6.5  2.90934e-09
32  5.5  2.28843e-08
32  6.0  7.90672e-09
32  7.0  1.08233e-09
32  7.5  4.24072e-10
32  8.0  1.72154e-10
32  8.5  7.19152e-11
32  9.0  3.06108e-11
32  10.0  6.16065e-12
32  9.5  1.36208e-11
32  11.5  6.37377e-13
34  0.2  0.123396
34  0.3  0.0941256
34  0.4  0.0685527
32  10.5  2.83228e-12
34  0.5  0.0481767
34  0.6  0.0329637
34  0.7  0.0223117
34  0.8  0.014946
34  0.9  0.00997547
34  1.0  0.00667367
34  1.2  0.00299337
34  1.1  0.00446265
34  1.3  0.0020264
32  11.0  1.32834e-12
34  1.4  0.00138131
34  1.6  0.000649055
34  1.5  0.000942331
34  1.7  0.000450957
34  1.9  0.00022537
34  1.8  0.000315873
34  2.5  2.94235e-05
34  2.0  0.000156122
34  3.5  1.60748e-06
34  3.0  6.36618e-06
32  12.0  3.08898e-13
34  4.5  1.14603e-07
34  4.0  4.02004e-07
34  5.5  1.1334e-08
34  5.0  3.48778e-08
34  7.0  5.24722e-10
34  6.0  3.86739e-09
34  8.0  8.21153e-11
34  6.5  1.39006e-09
34  8.5  3.39964e-11
34  7.5  2.02407e-10
34  9.0  1.44613e-11
34  10.0  2.85055e-12
34  9.5  6.33156e-12
34  10.5  1.30276e-12
4  0.2  0.564206
4  0.3  0.448345
4  0.4  0.342997
4  0.5  0.254288
4  0.6  0.184184
4  0.7  0.131487
34  11.0  6.09235e-13
4  0.8  0.0930622
34  12.0  1.4104e-13
4  0.9  0.0654141
4  1.0  0.0459106
4  1.1  0.0321827
4  1.2  0.0226098
4  1.3  0.0159312
4  1.4  0.0113584
4  1.5  0.00807783
4  1.6  0.0057256
4  1.7  0.00408011
4  1.8  0.00296228
4  1.9  0.00215594
4  2.0  0.00154288
4  2.5  0.000334169
4  3.0  7.66654e-05
4  3.5  1.94094e-05
34  11.5  2.90311e-13
4  5.0  5.65363e-07
4  4.5  1.75316e-06
4  5.5  1.91078e-07
4  4.0  5.80508e-06
4  6.5  2.5273e-08
4  6.0  6.76468e-08
4  7.0  9.66212e-09
4  7.5  3.89011e-09
4  8.0  1.60978e-09
4  8.5  6.84986e-10
4  9.0  2.99221e-10
4  10.0  6.13119e-11
4  9.5  1.3384e-10
4  10.5  2.86329e-11
6  0.2  0.559796
6  0.3  0.444607
6  0.4  0.340111
6  0.5  0.252097
6  0.6  0.182535
6  0.7  0.13024
6  0.8  0.0919313
6  0.9  0.0646944
6  1.0  0.0453955
6  1.1  0.0318603
6  1.3  0.0157578
6  1.2  0.0224455
6  1.4  0.0112396
6  1.5  0.00791247
6  1.6  0.00564647
6  1.7  0.00402694
6  1.8  0.00295219
6  1.9  0.00212807
4  11.0  1.36091e-11
6  2.0  0.00152131
6  2.5  0.000329717
6  3.0  7.50108e-05
6  3.5  1.92428e-05
4  11.5  6.58292e-12
4  12.0  3.238e-12
6  4.5  1.72597e-06
6  4.0  5.71752e-06
6  5.5  1.87405e-07
6  5.0  5.52099e-07
6  6.5  2.47658e-08
6  6.0  6.65724e-08
6  7.0  9.48926e-09
6  7.5  3.82429e-09
6  8.0  1.58196e-09
6  8.5  6.73958e-10
6  9.0  2.94094e-10
6  10.5  2.81458e-11
6  9.5  1.31618e-10
8  0.2  0.553688
6  10.0  6.02214e-11
8  0.3  0.439797
8  0.4  0.336016
8  0.5  0.248975
8  0.6  0.180184
8  0.7  0.128503
8  0.9  0.0637784
8  0.8  0.090747
8  1.1  0.0313638
8  1.0  0.0447431
8  1.2  0.0220905
8  1.3  0.0155091
6  11.0  1.33711e-11
8  1.4  0.0109726
8  1.5  0.00785185
8  1.6  0.0055622
8  1.7  0.00396697
8  1.8  0.00289181
8  1.9  0.00208961
8  2.0  0.00149494
8  2.5  0.00032322
8  3.0  7.49258e-05
8  3.5  2.08025e-05
6  11.5  6.46664e-12
6  12.0  3.17861e-12
8  4.5  1.68781e-06
8  4.0  5.59332e-06
8  5.0  5.39431e-07
8  5.5  1.82717e-07
8  6.5  2.41903e-08
8  6.0  6.50274e-08
8  7.0  9.33092e-09
8  7.5  3.73537e-09
8  8.0  1.54491e-09
8  8.5  6.5745e-10
8  9.0  2.86926e-10
8  9.5  1.28409e-10
8  10.5  2.74483e-11
8  10.0  5.86404e-11
8  11.0  1.30364e-11
8  11.5  6.29497e-12
8  12.0  3.09821e-12
