# exclusive D0 cross section, Pb target, LHAPDF fragmentation, An0n channel
# generated      : 2026-08-20 10:20:13 EEST
# calls          : 1e5 below 4.0 GeV, 2e3 above (see EXCL_PT_THRESHOLD) (VEGAS calls per point, see CALLS_EXCL/CALLS_EXCL_FACTORIZED/CALLS_DIFF)
# dipole samples : data/Pb/mve/glauber_mve_<b>
# pD0 sweep      : 0.2 0.3 0.4 0.5 0.6 0.7 0.8 0.9 1.0 1.1 1.2 1.3 1.4 1.5 1.6 1.7 1.8 1.9 2.0 2.5 3.0 3.5 4.0 4.5 5.0 5.5 6.0 6.5 7.0 7.5 8.0 8.5 9.0 9.5 10.0 10.5 11.0 11.5 12.0
# fixed rapidity y : 0.0
# ============================================================
# b  pD0  dsigma_dyd2pD0
0  0.4  2.02551
0  0.3  2.54387
0  0.2  3.08635
0  0.5  1.56184
0  0.7  0.868528
0  0.6  1.17714
0  0.8  0.634397
0  0.9  0.461521
0  1.0  0.334355
0  1.1  0.242166
0  1.2  0.175689
0  1.3  0.127881
0  1.4  0.0935142
0  1.5  0.0682773
0  1.6  0.0503686
0  1.8  0.0281764
0  1.7  0.0371536
0  1.9  0.0207137
0  3.0  0.00124724
0  2.5  0.00403042
0  2.0  0.0157949
0  3.5  0.000512812
0  5.0  2.0437e-05
0  4.5  5.03128e-05
0  4.0  0.00013197
0  5.5  9.06247e-06
0  6.0  4.16354e-06
0  7.0  1.02793e-06
0  8.0  2.96186e-07
0  6.5  2.01775e-06
0  7.5  5.40744e-07
0  9.5  5.7272e-08
0  8.5  1.66793e-07
0  9.0  9.70095e-08
0  10.0  3.54315e-08
10  0.2  2.92619
10  0.3  2.40972
10  0.4  1.914
10  0.5  1.47389
10  0.6  1.10592
0  10.5  2.21946e-08
10  0.7  0.81538
10  0.8  0.59524
10  0.9  0.431673
10  1.0  0.310824
10  1.1  0.225298
10  1.2  0.163395
10  1.3  0.11923
10  1.4  0.0862244
10  1.5  0.0635765
10  1.6  0.0463925
10  1.7  0.034263
0  11.0  1.42755e-08
10  1.9  0.0194063
10  1.8  0.0258252
10  2.0  0.0147622
10  2.5  0.00378194
10  3.0  0.00083088
10  3.5  0.000387895
0  11.5  9.32364e-09
0  12.0  6.22268e-09
10  4.0  0.0001194
10  5.0  1.85947e-05
10  4.5  4.58103e-05
10  5.5  8.20529e-06
10  6.0  3.78433e-06
10  7.5  4.91927e-07
10  6.5  1.83295e-06
10  7.0  9.24759e-07
10  8.0  2.68014e-07
10  8.5  1.51208e-07
10  9.0  8.80031e-08
10  9.5  5.24777e-08
10  10.0  3.21295e-08
12  0.2  2.85211
12  0.3  2.34591
12  0.4  1.86263
12  0.5  1.43168
12  0.6  1.07296
10  10.5  2.01021e-08
12  0.7  0.79077
12  0.8  0.575764
12  0.9  0.416855
12  1.0  0.301412
12  1.1  0.218025
12  1.2  0.157719
12  1.3  0.114172
12  1.4  0.0833076
12  1.5  0.061193
12  1.6  0.0452764
12  1.8  0.0248183
12  1.7  0.0328041
12  2.0  0.0142905
12  1.9  0.0183833
10  11.0  1.28904e-08
12  2.5  0.00356326
12  3.0  0.000998767
12  3.5  0.000429744
10  11.5  8.44216e-09
10  12.0  5.6295e-09
12  5.0  1.77729e-05
12  4.5  4.38074e-05
12  4.0  0.000115133
12  5.5  7.84402e-06
12  6.0  3.61476e-06
12  8.0  2.56261e-07
12  6.5  1.75036e-06
12  7.0  8.83315e-07
12  7.5  4.6844e-07
12  8.5  1.42509e-07
12  9.0  8.40686e-08
12  9.5  5.00852e-08
12  10.0  3.06784e-08
14  0.2  2.76068
14  0.3  2.27005
14  0.4  1.7999
14  0.5  1.38239
12  10.5  1.91752e-08
14  0.6  1.03417
14  0.7  0.761282
14  0.8  0.554135
14  0.9  0.400051
14  1.1  0.208547
14  1.0  0.288697
14  1.2  0.150192
14  1.3  0.110354
14  1.5  0.0587456
14  1.4  0.0789928
14  1.7  0.0319035
12  11.0  1.22899e-08
14  1.6  0.0429451
14  1.9  0.0174065
14  1.8  0.0232946
14  2.0  0.0132678
14  2.5  0.00346409
14  3.0  0.000808893
14  3.5  0.000340864
12  11.5  8.05262e-09
12  12.0  5.36542e-09
14  5.0  1.67959e-05
14  4.5  4.14207e-05
14  4.0  0.000108634
14  5.5  7.43226e-06
14  6.0  3.41472e-06
14  8.0  2.41377e-07
14  7.5  4.43009e-07
14  6.5  1.65279e-06
14  7.0  8.33887e-07
14  8.5  1.34309e-07
14  9.0  7.94038e-08
14  9.5  4.71348e-08
14  10.0  2.8923e-08
16  0.2  2.65179
16  0.3  2.17777
16  0.4  1.72414
16  0.5  1.32199
14  10.5  1.8074e-08
16  0.6  0.988475
16  0.7  0.726138
16  0.8  0.526967
16  0.9  0.380756
16  1.0  0.273836
16  1.1  0.197222
16  1.2  0.142998
16  1.3  0.103007
14  11.0  1.15855e-08
16  1.4  0.074681
16  1.5  0.0545057
16  1.6  0.0400443
16  1.7  0.0297205
16  1.8  0.0222192
16  1.9  0.0163957
16  2.0  0.0121786
16  2.5  0.00317473
14  11.5  7.58599e-09
16  3.0  0.000789099
16  3.5  0.000381414
14  12.0  5.07846e-09
16  4.0  0.000100708
16  5.0  1.56582e-05
16  4.5  3.86379e-05
16  5.5  6.92266e-06
16  6.0  3.18213e-06
16  6.5  1.56362e-06
16  8.5  1.24942e-07
16  7.0  7.76034e-07
16  9.0  7.29139e-08
16  7.5  4.1132e-07
16  8.0  2.2441e-07
16  9.5  4.38238e-08
16  10.0  2.68258e-08
18  0.2  2.5218
18  0.3  2.0671
18  0.4  1.63447
18  0.5  1.2518
18  0.6  0.933591
16  10.5  1.67963e-08
18  0.7  0.683385
18  0.8  0.496364
18  0.9  0.357231
18  1.0  0.256669
18  1.1  0.184735
18  1.2  0.133913
18  1.3  0.0970046
16  11.0  1.07778e-08
18  1.4  0.0704058
18  1.5  0.0504964
18  1.6  0.0375266
18  1.7  0.0280505
18  1.8  0.0208065
18  1.9  0.0150942
18  2.0  0.0119979
18  2.5  0.00291041
18  3.0  0.000678489
18  3.5  0.000290347
16  11.5  7.05042e-09
16  12.0  4.71548e-09
18  4.0  9.21673e-05
18  5.0  1.43524e-05
18  5.5  6.26206e-06
18  4.5  3.5447e-05
18  6.0  2.91253e-06
18  6.5  1.40974e-06
18  7.0  7.09488e-07
18  8.0  2.05989e-07
18  7.5  3.75925e-07
18  8.5  1.1561e-07
18  9.0  6.73201e-08
18  9.5  4.01394e-08
18  10.0  2.44725e-08
2  0.2  3.07988
2  0.3  2.53882
2  0.4  2.0212
2  0.5  1.5591
2  0.6  1.17339
2  0.7  0.86652
18  10.5  1.53408e-08
2  0.8  0.633076
2  0.9  0.459992
2  1.0  0.333446
2  1.2  0.175801
2  1.1  0.241248
2  1.3  0.127499
2  1.4  0.0928673
18  11.0  9.85537e-09
2  1.5  0.0674835
2  1.6  0.0501522
2  1.7  0.0370615
2  1.8  0.0281303
2  1.9  0.0208812
2  2.0  0.0154965
2  2.5  0.00404443
2  3.0  0.00109762
2  3.5  0.000336331
18  11.5  6.43305e-09
2  5.0  2.03639e-05
18  12.0  4.30812e-09
2  4.5  5.01336e-05
2  4.0  0.000131509
2  5.5  9.02261e-06
2  6.0  4.14934e-06
2  7.0  1.02418e-06
2  8.0  2.95111e-07
2  6.5  2.0104e-06
2  7.5  5.38744e-07
2  9.5  5.70562e-08
2  8.5  1.66178e-07
2  9.0  9.66477e-08
2  10.0  3.5296e-08
20  0.2  2.3655
20  0.3  1.93767
2  10.5  2.21113e-08
20  0.4  1.52777
20  0.5  1.16604
20  0.6  0.867591
20  0.7  0.634241
20  0.8  0.458452
20  0.9  0.329435
20  1.0  0.236817
20  1.1  0.169643
20  1.2  0.122357
20  1.3  0.0880074
20  1.4  0.0636622
20  1.5  0.0471975
20  1.7  0.0257174
20  1.6  0.0339948
2  11.0  1.42226e-08
20  1.8  0.0191444
20  2.0  0.0103557
20  1.9  0.0138385
20  2.5  0.00270017
20  3.0  0.000824084
20  3.5  0.000402537
2  11.5  9.28858e-09
2  12.0  6.21282e-09
20  4.0  8.26768e-05
20  5.0  1.30764e-05
20  4.5  3.18319e-05
20  5.5  5.64651e-06
20  6.0  2.60931e-06
20  7.0  6.40796e-07
20  6.5  1.26233e-06
20  8.5  1.01556e-07
20  7.5  3.3619e-07
20  8.0  1.84198e-07
20  9.0  6.00698e-08
20  9.5  3.5867e-08
20  10.0  2.18386e-08
20  11.5  5.72284e-09
22  0.2  2.17857
22  0.3  1.78015
22  0.4  1.39986
22  0.5  1.06516
20  10.5  1.36793e-08
22  0.6  0.790121
22  0.7  0.575975
22  0.8  0.415573
22  0.9  0.297103
22  1.0  0.212561
22  1.1  0.152225
20  11.0  8.77564e-09
22  1.2  0.109239
22  1.3  0.0786067
22  1.4  0.057688
22  1.5  0.0417893
22  1.6  0.0307493
22  1.7  0.023014
22  1.8  0.0165936
22  2.0  0.00907799
22  1.9  0.012333
22  2.5  0.00231821
22  3.0  0.000586764
22  3.5  0.000185361
22  4.0  7.22796e-05
22  4.5  2.73927e-05
20  12.0  3.83097e-09
22  5.0  1.13952e-05
22  5.5  4.91328e-06
22  6.0  2.26849e-06
22  6.5  1.09664e-06
22  7.0  5.53375e-07
22  8.0  1.59393e-07
22  7.5  2.91865e-07
22  9.0  5.1887e-08
22  8.5  8.9525e-08
22  9.5  3.10486e-08
22  10.0  1.8951e-08
24  0.2  1.95559
22  11.5  4.95302e-09
24  0.3  1.59196
24  0.4  1.25016
22  10.5  1.18388e-08
24  0.5  0.946261
24  0.6  0.699285
24  0.7  0.506374
24  0.8  0.364234
24  0.9  0.25968
24  1.0  0.185181
24  1.1  0.132332
22  11.0  7.5877e-09
24  1.2  0.0942243
24  1.3  0.0677987
24  1.4  0.0493264
24  1.5  0.0358135
24  1.7  0.0193842
24  1.6  0.0260118
24  1.8  0.0142485
24  1.9  0.0105909
24  2.0  0.00781989
24  2.5  0.00202054
24  3.0  0.000501292
24  3.5  0.000173614
22  12.0  3.31607e-09
24  4.5  2.32339e-05
24  6.0  1.88287e-06
24  4.0  6.13383e-05
24  5.0  9.48133e-06
24  5.5  4.11578e-06
24  8.0  1.32722e-07
24  6.5  9.13176e-07
24  7.0  4.58047e-07
24  7.5  2.42242e-07
24  8.5  7.42677e-08
24  9.0  4.31815e-08
24  9.5  2.57374e-08
24  11.5  4.09669e-09
24  10.0  1.56567e-08
26  0.2  1.68698
24  10.5  9.80456e-09
26  0.3  1.36951
26  0.4  1.06871
26  0.5  0.806114
26  0.6  0.592172
26  0.7  0.427262
26  0.8  0.305057
26  0.9  0.216684
26  1.0  0.153925
24  11.0  6.2767e-09
26  1.1  0.109424
26  1.2  0.0781459
26  1.4  0.0408896
26  1.3  0.0556671
26  1.5  0.0294091
26  1.6  0.0215123
26  1.7  0.0158445
26  1.8  0.0115064
26  1.9  0.00841158
26  2.0  0.00663849
26  2.5  0.00160795
26  3.0  0.000370109
26  3.5  0.000235554
24  12.0  2.72543e-09
26  5.5  3.19314e-06
26  4.5  1.835e-05
26  6.0  1.47811e-06
26  4.0  4.8558e-05
26  5.0  7.47288e-06
26  6.5  7.1329e-07
26  7.0  3.60771e-07
26  9.0  3.32959e-08
26  7.5  1.8885e-07
26  8.0  1.03013e-07
26  8.5  5.78587e-08
26  9.5  1.99839e-08
28  0.2  1.37174
26  10.0  1.22133e-08
28  0.3  1.10799
28  0.4  0.85888
26  10.5  7.62335e-09
28  0.5  0.643131
28  0.6  0.46935
28  0.7  0.336235
28  0.8  0.238524
28  0.9  0.168551
28  1.0  0.118635
28  1.1  0.0842316
28  1.2  0.0593647
28  1.3  0.0426756
28  1.4  0.0304015
26  11.0  4.88641e-09
28  1.5  0.0218955
28  1.6  0.0158393
28  1.7  0.0116745
28  1.8  0.00848332
28  1.9  0.00621612
28  2.0  0.00466726
26  11.5  3.18903e-09
28  2.5  0.00119069
28  3.0  0.000349773
28  3.5  6.41418e-05
26  12.0  2.11206e-09
28  4.0  3.49207e-05
28  5.0  5.28133e-06
28  4.5  1.32363e-05
28  5.5  2.31879e-06
28  6.0  1.06271e-06
28  6.5  5.09493e-07
28  7.0  2.5656e-07
28  7.5  1.34742e-07
28  8.0  7.32269e-08
28  8.5  4.11445e-08
28  9.0  2.38736e-08
28  9.5  1.41638e-08
28  10.0  8.63031e-09
30  0.2  1.01962
28  10.5  5.39976e-09
30  0.3  0.818519
30  0.4  0.629404
30  0.5  0.466726
30  0.6  0.337389
30  0.7  0.239796
30  0.8  0.168637
30  0.9  0.118035
30  1.0  0.082643
30  1.1  0.0583876
28  11.0  3.45331e-09
30  1.3  0.0295153
30  1.2  0.040917
30  1.4  0.0207814
30  1.5  0.0148862
30  1.6  0.0106877
30  1.7  0.00781101
30  1.9  0.00425051
30  1.8  0.0057415
30  2.5  0.000799691
30  2.0  0.00325235
30  3.0  0.000309217
30  3.5  9.65536e-05
28  11.5  2.24974e-09
30  5.0  3.35909e-06
28  12.0  1.50328e-09
30  5.5  1.45271e-06
30  4.0  2.24636e-05
30  4.5  8.4175e-06
30  6.0  6.66707e-07
30  6.5  3.19674e-07
30  7.0  1.60814e-07
30  8.0  4.57591e-08
30  7.5  8.39641e-08
30  8.5  2.55595e-08
30  9.0  1.47947e-08
30  9.5  8.77335e-09
30  10.0  5.33882e-09
32  0.2  0.670977
32  0.3  0.533873
32  0.4  0.405992
30  10.5  3.33038e-09
32  0.5  0.297474
32  0.6  0.212492
32  0.7  0.149298
32  0.8  0.10379
32  0.9  0.0720612
32  1.0  0.0498836
32  1.1  0.0347541
32  1.2  0.0243144
32  1.3  0.017078
32  1.4  0.0121151
32  1.5  0.00866869
30  11.0  2.12682e-09
32  1.6  0.0062351
32  1.7  0.00448831
32  1.8  0.00338848
32  1.9  0.00252024
32  2.0  0.00183725
32  2.5  0.000441491
32  3.0  0.000119507
32  3.5  7.16612e-05
30  11.5  1.39156e-09
30  12.0  9.25179e-10
32  4.5  4.49009e-06
32  5.0  1.81073e-06
32  5.5  7.7823e-07
32  4.0  1.21878e-05
32  6.5  1.69163e-07
32  6.0  3.52995e-07
32  8.0  2.39824e-08
32  7.0  8.4317e-08
32  7.5  4.39599e-08
32  8.5  1.33411e-08
32  9.0  7.60909e-09
32  9.5  4.5433e-09
32  10.0  2.76371e-09
4  0.2  3.0626
4  0.3  2.52344
32  10.5  1.72271e-09
4  0.4  2.0084
4  0.5  1.54937
4  0.6  1.16478
4  0.7  0.860275
4  0.9  0.456634
4  0.8  0.628972
32  11.0  1.09403e-09
4  1.0  0.330778
4  1.1  0.239343
4  1.2  0.173313
4  1.3  0.126001
4  1.4  0.092821
4  1.5  0.0685933
4  1.7  0.0376743
4  1.6  0.0498476
4  1.8  0.0279778
4  1.9  0.021146
4  2.0  0.0158109
4  2.5  0.00407255
4  3.0  0.00104218
32  11.5  7.16137e-10
4  3.5  0.000384656
32  12.0  4.74448e-10
4  5.0  2.01431e-05
4  4.5  4.95962e-05
4  4.0  0.0001305
4  5.5  8.89255e-06
4  6.0  4.10475e-06
4  7.0  1.01281e-06
4  6.5  1.98833e-06
4  7.5  5.32753e-07
4  8.0  2.91197e-07
4  10.0  3.44462e-08
4  8.5  1.64339e-07
4  9.0  9.55597e-08
4  9.5  5.70466e-08
4  10.5  2.21702e-08
6  0.2  3.02962
6  0.3  2.49841
6  0.4  1.98564
6  0.5  1.5312
6  0.6  1.15121
6  0.7  0.850239
6  0.8  0.620714
6  0.9  0.450489
6  1.0  0.326277
6  1.1  0.236008
6  1.2  0.170646
6  1.3  0.124711
6  1.4  0.0902938
6  1.5  0.06606
6  1.6  0.0487149
4  11.0  1.40614e-08
6  1.7  0.037205
6  1.8  0.0274374
6  1.9  0.0201988
6  2.0  0.0156238
6  2.5  0.00405185
6  3.0  0.00117558
6  3.5  0.000492648
4  11.5  9.18062e-09
4  12.0  6.11549e-09
6  5.0  1.97763e-05
6  4.5  4.86986e-05
6  5.5  8.74292e-06
6  4.0  0.000128164
6  6.0  4.02881e-06
6  7.0  9.93889e-07
6  6.5  1.95151e-06
6  8.0  2.86154e-07
6  7.5  5.22407e-07
6  8.5  1.61235e-07
6  9.0  9.37621e-08
6  9.5  5.59753e-08
6  10.0  3.4227e-08
8  0.2  2.9859
8  0.3  2.45758
8  0.4  1.95419
8  0.5  1.50524
8  0.6  1.13178
8  0.7  0.834688
6  10.5  2.14421e-08
8  0.8  0.609469
8  0.9  0.44208
8  1.0  0.319655
8  1.1  0.231717
8  1.2  0.167415
8  1.3  0.121973
8  1.4  0.0885513
8  1.5  0.0654737
8  1.6  0.047939
8  1.7  0.0358122
6  11.0  1.37806e-08
8  1.8  0.0267833
8  1.9  0.020231
8  2.0  0.0152042
8  2.5  0.00392842
8  3.0  0.00109555
8  3.5  0.000422974
6  11.5  9.05707e-09
6  12.0  5.99706e-09
8  4.0  0.000123484
8  5.0  1.92623e-05
8  5.5  8.50986e-06
8  4.5  4.7501e-05
8  6.0  3.92214e-06
8  8.0  2.77251e-07
8  6.5  1.89976e-06
8  7.0  9.58841e-07
8  7.5  5.08986e-07
8  8.5  1.56871e-07
8  9.0  9.15031e-08
8  9.5  5.44479e-08
8  10.0  3.33117e-08
8  10.5  2.08559e-08
8  11.0  1.33965e-08
8  11.5  8.75661e-09
8  12.0  5.85614e-09
