# diffractive D0 cross section, Pb target, HymnD fragmentation, An0n channel
# generated      : 2026-10-04 20:52:05 EEST
# flux_model     : STARLIGHT (TARGET=AA)
# scale_factor   : 0.5 (fragmentation scale Q = SCALE_FACTOR * m_T)
# calls          : 1e5 (VEGAS calls per point, see CALLS_EXCL/CALLS_EXCL_FACTORIZED/CALLS_DIFF)
# dipole samples : data/Pb/mve/glauber_mve_<b_d>
# pD0 sweep      : 0.2 0.3 0.4 0.5 0.6 0.7 0.8 0.9 1.0 1.1 1.2 1.3 1.4 1.5 1.6 1.7 1.8 1.9 2.0 2.5 3.0 3.5 4.0 4.5 5.0 5.5 6.0 6.5 7.0 7.5 8.0 8.5 9.0 9.5 10.0 10.5 11.0 11.5 12.0
# fixed rapidity y : 3.0
# ============================================================
# b_d  pD0  dsigma_dyd2pD0
0  0.2  0.0648773
0  0.4  0.114819
0  0.5  0.121435
0  0.3  0.0951156
0  0.6  0.113477
0  0.8  0.0863257
0  0.7  0.10334
0  0.9  0.0709413
0  1.0  0.0567737
0  1.2  0.0350532
0  1.1  0.0447687
0  1.3  0.0272525
0  1.4  0.0212356
0  1.5  0.0163779
0  1.7  0.0100729
0  1.6  0.01261
0  1.8  0.00768271
0  2.0  0.00469101
0  1.9  0.00593273
0  2.5  0.00144108
0  3.5  0.000168687
0  3.0  0.000476527
0  4.0  6.50454e-05
0  4.5  2.57714e-05
0  5.5  5.34587e-06
0  6.5  1.28477e-06
0  5.0  1.12384e-05
0  6.0  2.49074e-06
0  7.0  6.23484e-07
0  7.5  3.38436e-07
0  8.0  1.79013e-07
0  8.5  9.99845e-08
0  9.0  5.71308e-08
0  9.5  3.35348e-08
0  10.0  2.00899e-08
10  0.2  0.064022
10  0.3  0.0943034
10  0.4  0.112509
0  10.5  1.18354e-08
10  0.5  0.119504
10  0.6  0.113499
10  0.7  0.0991259
0  11.0  7.05977e-09
10  0.8  0.0842927
10  0.9  0.0683304
10  1.1  0.0432159
10  1.0  0.0539638
0  12.0  2.75987e-09
10  1.2  0.033114
10  1.4  0.0201869
10  1.3  0.0264636
10  1.6  0.0123197
10  1.5  0.0157117
10  1.7  0.00936654
0  11.5  4.421e-09
10  1.8  0.0073962
10  1.9  0.00573258
10  2.0  0.00447459
10  2.5  0.00140283
10  4.5  2.5521e-05
10  3.5  0.000161722
10  4.0  6.0742e-05
10  3.0  0.000457329
10  6.5  1.15245e-06
10  5.0  1.0477e-05
10  5.5  4.85441e-06
10  6.0  2.43077e-06
10  7.0  6.07281e-07
10  7.5  3.10509e-07
10  8.0  1.78883e-07
10  8.5  9.53919e-08
10  9.0  5.41579e-08
10  9.5  3.16692e-08
10  10.5  1.15042e-08
10  10.0  1.90143e-08
12  0.2  0.0635436
12  0.3  0.0938381
10  11.5  4.29038e-09
12  0.4  0.112811
12  0.5  0.118674
12  0.6  0.112695
12  0.7  0.0984186
12  0.8  0.0824694
12  0.9  0.0677346
10  11.0  6.92312e-09
10  12.0  2.63364e-09
12  1.0  0.0542139
12  1.2  0.0329694
12  1.1  0.0426338
12  1.3  0.0255145
12  1.5  0.0153848
12  1.4  0.0198141
12  1.6  0.0118571
12  1.7  0.00918451
12  1.8  0.00731632
12  1.9  0.00565334
12  2.0  0.00436052
12  2.5  0.00135111
12  4.5  2.39109e-05
12  3.5  0.0001565
12  4.0  5.86562e-05
12  3.0  0.000441289
12  6.5  1.14574e-06
12  5.5  4.73658e-06
12  5.0  1.03912e-05
12  6.0  2.38264e-06
12  7.0  5.94872e-07
12  7.5  3.1163e-07
12  8.0  1.7463e-07
12  8.5  9.2867e-08
12  9.0  5.40218e-08
12  9.5  3.0809e-08
12  10.5  1.12059e-08
12  10.0  1.84519e-08
14  0.2  0.0634647
14  0.3  0.0920882
14  0.4  0.110392
14  0.5  0.116902
14  0.6  0.107733
14  0.7  0.0980378
14  0.8  0.0818469
12  11.0  6.8574e-09
14  0.9  0.0664656
12  12.0  2.57391e-09
14  1.0  0.0529636
14  1.2  0.0322542
14  1.1  0.0420129
14  1.3  0.0252308
14  1.4  0.0193332
14  1.5  0.0149703
14  1.6  0.0115901
14  1.8  0.00694135
14  1.7  0.00903415
12  11.5  4.0679e-09
14  1.9  0.00539186
14  2.0  0.0042947
14  2.5  0.0013382
14  3.5  0.000153076
14  3.0  0.000434214
14  4.0  5.82261e-05
14  4.5  2.34648e-05
14  5.5  4.56198e-06
14  6.5  1.16869e-06
14  5.0  1.04256e-05
14  6.0  2.23062e-06
14  7.0  5.91364e-07
14  7.5  3.0844e-07
14  8.0  1.67161e-07
14  8.5  9.00731e-08
14  9.0  5.31189e-08
14  9.5  2.97057e-08
14  10.5  1.07576e-08
14  10.0  1.7706e-08
16  0.2  0.0628088
16  0.3  0.092034
16  0.4  0.109802
16  0.5  0.115598
16  0.6  0.108914
16  0.7  0.095917
16  0.8  0.0801518
16  0.9  0.0644921
14  11.0  6.54759e-09
16  1.1  0.0405246
16  1.0  0.0517678
16  1.2  0.0314665
16  1.3  0.0244528
16  1.4  0.0188857
16  1.5  0.0144818
14  11.5  4.04921e-09
16  1.6  0.0111856
16  1.7  0.00866309
16  1.8  0.00670936
16  1.9  0.0051704
16  2.0  0.00412002
16  2.5  0.00128469
14  12.0  2.55338e-09
16  3.0  0.000416273
16  4.0  5.57912e-05
16  3.5  0.000147633
16  4.5  2.23947e-05
16  5.5  4.60181e-06
16  5.0  1.01528e-05
16  6.0  2.12162e-06
16  6.5  1.10775e-06
16  7.0  5.66053e-07
16  7.5  2.92589e-07
16  8.0  1.59661e-07
16  8.5  8.90318e-08
16  9.0  4.9482e-08
16  9.5  2.92039e-08
16  10.5  1.02373e-08
16  10.0  1.69503e-08
18  0.2  0.0621294
18  0.3  0.0910705
18  0.4  0.108086
18  0.5  0.113524
18  0.6  0.106305
18  0.7  0.0931112
18  0.8  0.0776901
18  0.9  0.0630076
18  1.0  0.0497937
18  1.1  0.0391612
18  1.2  0.0304838
18  1.3  0.0236467
18  1.4  0.0181378
18  1.5  0.0138932
18  1.6  0.0109731
16  11.5  3.85378e-09
18  1.7  0.0083715
18  1.9  0.00508009
18  1.8  0.00645248
18  2.0  0.00390451
18  2.5  0.00119146
16  11.0  6.33586e-09
16  12.0  2.44051e-09
18  3.0  0.000401147
18  4.5  2.15352e-05
18  3.5  0.000143275
18  4.0  5.27794e-05
18  5.0  9.28047e-06
18  6.0  2.05758e-06
18  5.5  4.40118e-06
18  6.5  1.06813e-06
18  7.0  5.39294e-07
18  7.5  2.73709e-07
18  8.0  1.54272e-07
18  8.5  8.35819e-08
18  9.0  4.84661e-08
18  10.5  9.71018e-09
18  9.5  2.80316e-08
2  0.2  0.0643434
2  0.3  0.094901
2  0.4  0.113907
2  0.5  0.121339
18  10.0  1.64787e-08
2  0.6  0.116077
2  0.7  0.103137
2  0.8  0.0865537
18  11.0  5.8745e-09
2  0.9  0.0712096
2  1.0  0.056509
2  1.1  0.0450439
2  1.2  0.035226
2  1.3  0.0271395
2  1.4  0.0211716
2  1.6  0.0127294
2  1.5  0.0163497
18  11.5  3.64402e-09
2  1.8  0.00764898
2  1.7  0.00990548
2  2.0  0.00466164
2  1.9  0.00594246
2  2.5  0.00144771
18  12.0  2.30989e-09
2  3.5  0.000167546
2  3.0  0.000474325
2  4.0  6.43338e-05
2  4.5  2.69966e-05
2  6.5  1.21786e-06
2  5.5  5.2697e-06
2  5.0  1.11913e-05
2  6.0  2.5245e-06
2  7.0  6.21407e-07
2  7.5  3.42966e-07
2  8.0  1.85704e-07
2  8.5  1.01902e-07
2  9.0  5.88037e-08
2  9.5  3.30002e-08
2  10.0  2.00105e-08
20  0.2  0.0620045
20  0.3  0.090032
20  0.4  0.105696
2  10.5  1.19341e-08
20  0.5  0.1101
20  0.6  0.103528
20  0.7  0.0903486
20  0.8  0.0752288
20  0.9  0.0605808
20  1.0  0.0477115
2  11.0  7.1901e-09
20  1.1  0.0377268
2  12.0  2.76708e-09
20  1.2  0.0292007
20  1.3  0.022379
20  1.4  0.0173698
20  1.5  0.0132587
20  1.6  0.0104307
2  11.5  4.40527e-09
20  1.7  0.00790897
20  1.8  0.00613267
20  1.9  0.00475743
20  2.5  0.00115813
20  2.0  0.00372084
20  3.0  0.00037736
20  4.0  5.05891e-05
20  5.0  8.87949e-06
20  4.5  2.10505e-05
20  3.5  0.000129952
20  5.5  4.03278e-06
20  6.0  1.9002e-06
20  6.5  9.99677e-07
20  7.0  5.09549e-07
20  7.5  2.61965e-07
20  8.0  1.40881e-07
20  8.5  8.13991e-08
20  9.5  2.60329e-08
20  10.5  9.33274e-09
20  9.0  4.5329e-08
20  10.0  1.521e-08
22  0.2  0.0608578
22  0.3  0.0879742
22  0.4  0.103752
22  0.5  0.10757
22  0.7  0.0865328
22  0.6  0.0998232
22  0.8  0.0714755
22  0.9  0.0579966
22  1.0  0.0453762
20  11.0  5.61693e-09
22  1.1  0.0355146
20  12.0  2.16463e-09
22  1.3  0.0215569
22  1.2  0.0276159
22  1.4  0.0163139
22  1.5  0.0123828
22  1.6  0.00963999
22  1.7  0.00741069
22  1.9  0.00447586
20  11.5  3.56149e-09
22  1.8  0.00572557
22  2.0  0.00348679
22  2.5  0.00107299
22  3.5  0.000121094
22  3.0  0.000358352
22  5.0  8.56793e-06
22  4.5  1.94048e-05
22  4.0  4.555e-05
22  5.5  3.79705e-06
22  6.0  1.90306e-06
22  6.5  8.72569e-07
22  7.0  4.68823e-07
22  7.5  2.49892e-07
22  8.0  1.3177e-07
22  8.5  7.51389e-08
22  9.0  4.11425e-08
22  10.0  1.424e-08
22  9.5  2.50071e-08
22  10.5  8.48626e-09
24  0.2  0.0594603
24  0.3  0.0859241
24  0.4  0.100628
24  0.5  0.102767
24  0.6  0.0947688
24  0.7  0.0821611
24  0.9  0.0541347
24  0.8  0.0667961
22  11.0  5.37127e-09
24  1.0  0.0424256
24  1.1  0.0331043
24  1.3  0.0192311
24  1.2  0.0251748
24  1.4  0.0153177
24  1.5  0.0115417
24  1.6  0.00907136
22  11.5  3.22332e-09
24  1.7  0.00685433
24  1.8  0.00531731
24  1.9  0.00409757
24  2.0  0.00314771
24  2.5  0.000997208
22  12.0  2.08555e-09
24  4.0  4.26227e-05
24  4.5  1.67991e-05
24  3.0  0.000318661
24  5.0  7.43692e-06
24  3.5  0.000112968
24  5.5  3.36708e-06
24  6.0  1.6985e-06
24  7.0  4.32443e-07
24  6.5  8.05823e-07
24  7.5  2.16323e-07
24  8.0  1.19353e-07
24  8.5  6.63744e-08
24  9.0  3.95004e-08
24  9.5  2.27865e-08
24  10.5  8.09077e-09
24  10.0  1.33956e-08
26  0.2  0.0579582
26  0.3  0.0829823
26  0.4  0.0948191
26  0.5  0.0965656
26  0.6  0.0883044
26  0.7  0.0755992
26  0.8  0.0612755
24  11.0  4.82734e-09
26  0.9  0.0491669
26  1.0  0.0384396
26  1.1  0.0295766
26  1.2  0.0232088
26  1.3  0.017701
26  1.4  0.0132713
26  1.5  0.0103468
26  1.6  0.00791395
26  1.7  0.00600119
26  1.8  0.00469811
24  11.5  3.03222e-09
26  2.0  0.00282094
26  2.5  0.000877259
26  1.9  0.00359964
24  12.0  1.88662e-09
26  3.0  0.000285122
26  4.0  3.68236e-05
26  4.5  1.54664e-05
26  3.5  9.89241e-05
26  5.0  6.6882e-06
26  5.5  2.93418e-06
26  6.0  1.47923e-06
26  6.5  7.33341e-07
26  7.0  3.78937e-07
26  7.5  1.93543e-07
26  8.0  1.04475e-07
26  8.5  5.78334e-08
26  9.0  3.36649e-08
26  9.5  1.98851e-08
26  10.0  1.1586e-08
28  0.2  0.0558449
28  0.3  0.0791386
26  10.5  7.0864e-09
28  0.4  0.0891806
28  0.5  0.0884032
28  0.6  0.0795288
28  0.7  0.0667938
28  0.8  0.0544333
28  0.9  0.0431242
28  1.0  0.0333749
28  1.2  0.0198762
28  1.3  0.015062
28  1.1  0.0254677
28  1.4  0.0113784
28  1.6  0.00669591
28  1.5  0.00859535
28  1.7  0.0051806
28  1.8  0.00397621
26  11.5  2.60049e-09
28  1.9  0.00307639
28  2.0  0.00240494
28  2.5  0.000724
26  11.0  4.29533e-09
26  12.0  1.66781e-09
28  3.0  0.000234953
28  4.5  1.33853e-05
28  3.5  8.35084e-05
28  4.0  3.24451e-05
28  5.0  5.71077e-06
28  5.5  2.58025e-06
28  6.0  1.24417e-06
28  6.5  6.0518e-07
28  7.0  3.14213e-07
28  7.5  1.7007e-07
28  8.0  8.91148e-08
28  8.5  5.09354e-08
28  10.0  9.64683e-09
28  9.5  1.67582e-08
28  9.0  2.85195e-08
30  0.2  0.0521416
28  10.5  5.83511e-09
30  0.3  0.0721526
30  0.4  0.0797073
30  0.5  0.0769346
30  0.6  0.0670133
30  0.7  0.0565577
30  0.8  0.0445644
30  0.9  0.0353097
30  1.0  0.0270048
30  1.1  0.0208228
30  1.2  0.0156939
30  1.3  0.0121218
30  1.4  0.0092866
30  1.5  0.00692566
28  11.5  2.17486e-09
30  1.6  0.00520744
30  1.7  0.00403638
30  1.8  0.00319456
30  1.9  0.0024905
30  2.0  0.00190529
30  2.5  0.000575787
28  11.0  3.59653e-09
28  12.0  1.39813e-09
30  3.5  6.56525e-05
30  3.0  0.0001798
30  4.0  2.43091e-05
30  4.5  1.01996e-05
30  5.0  4.46169e-06
30  5.5  2.01167e-06
30  6.0  9.4954e-07
30  6.5  4.70881e-07
30  7.0  2.47064e-07
30  7.5  1.29405e-07
30  8.0  6.93208e-08
30  8.5  3.93054e-08
30  9.0  2.26316e-08
30  10.0  7.7189e-09
30  9.5  1.2651e-08
32  0.2  0.0463147
32  0.3  0.0626267
30  10.5  4.67182e-09
32  0.4  0.0666662
30  11.5  1.76279e-09
32  0.5  0.0609673
32  0.6  0.0528989
32  0.8  0.0338721
32  0.7  0.0431339
30  11.0  2.76078e-09
32  0.9  0.0267976
32  1.1  0.0152536
32  1.0  0.0203381
32  1.3  0.00878543
32  1.2  0.0114963
32  1.4  0.00668308
32  1.5  0.00511405
32  1.6  0.00388418
32  1.7  0.00292835
32  1.8  0.00227144
32  1.9  0.001753
32  2.5  0.000411916
32  2.0  0.00135045
30  12.0  1.09219e-09
32  3.0  0.000137324
32  3.5  4.89008e-05
32  4.0  1.7505e-05
32  4.5  6.95313e-06
32  5.0  2.99047e-06
32  5.5  1.36485e-06
32  6.0  6.66587e-07
32  6.5  3.29836e-07
32  7.0  1.73377e-07
32  7.5  9.38253e-08
32  8.0  4.97935e-08
32  8.5  2.72294e-08
32  9.0  1.59865e-08
32  10.0  5.39433e-09
32  9.5  8.81559e-09
4  0.2  0.0646955
4  0.3  0.0949348
32  10.5  3.29099e-09
4  0.4  0.113684
4  0.5  0.121345
4  0.6  0.115457
4  0.7  0.101058
32  11.0  2.00214e-09
4  0.8  0.0867427
4  0.9  0.0705011
4  1.1  0.0438825
4  1.0  0.0570626
4  1.2  0.0348723
4  1.3  0.0271203
4  1.4  0.0209675
32  11.5  1.23324e-09
4  1.5  0.0165447
4  1.7  0.00983674
4  1.6  0.012555
4  1.9  0.00599116
4  1.8  0.00763584
4  2.0  0.00469556
4  2.5  0.00145034
32  12.0  7.74335e-10
4  3.0  0.000466787
4  3.5  0.000160497
4  4.0  6.41347e-05
4  4.5  2.58526e-05
4  6.5  1.19836e-06
4  5.5  5.2493e-06
4  5.0  1.16603e-05
4  6.0  2.44295e-06
4  7.0  6.18942e-07
4  7.5  3.4086e-07
4  8.0  1.84512e-07
4  8.5  9.87595e-08
4  9.5  3.34324e-08
4  9.0  5.79533e-08
4  10.0  1.99002e-08
4  11.0  7.24371e-09
6  0.2  0.0644949
4  10.5  1.19646e-08
6  0.3  0.0946771
6  0.4  0.113276
6  0.5  0.120983
6  0.6  0.115114
6  0.7  0.102332
6  0.8  0.0858889
6  0.9  0.070932
6  1.0  0.0561282
6  1.1  0.0436673
4  12.0  2.72039e-09
6  1.2  0.0345513
6  1.3  0.0265955
6  1.4  0.0208375
6  1.6  0.0127167
6  1.5  0.0162088
6  1.8  0.00750768
6  1.7  0.00964879
4  11.5  4.40045e-09
6  1.9  0.00589382
6  2.0  0.00457406
6  2.5  0.00144363
6  3.0  0.000463309
6  4.5  2.66449e-05
6  3.5  0.000162147
6  4.0  6.20769e-05
6  6.5  1.18624e-06
6  5.5  5.21993e-06
6  5.0  1.09415e-05
6  6.0  2.42332e-06
6  7.0  6.41696e-07
6  7.5  3.42346e-07
6  8.0  1.74207e-07
6  8.5  9.78547e-08
6  9.0  5.78554e-08
6  9.5  3.30748e-08
6  10.0  1.95488e-08
8  0.2  0.064009
6  10.5  1.16415e-08
8  0.3  0.0940866
8  0.4  0.113022
8  0.5  0.120208
8  0.7  0.0995638
8  0.6  0.114381
8  0.8  0.0853736
8  0.9  0.0692815
8  1.0  0.0555346
6  11.0  6.9944e-09
8  1.2  0.0344339
8  1.1  0.043908
6  12.0  2.72711e-09
8  1.3  0.0265082
8  1.4  0.0206707
8  1.5  0.016245
8  1.6  0.0123332
8  1.7  0.00943842
8  1.8  0.00742763
6  11.5  4.5229e-09
8  2.0  0.00457269
8  1.9  0.00577708
8  2.5  0.00141039
8  4.5  2.59492e-05
8  3.5  0.000163366
8  4.0  6.28386e-05
8  3.0  0.000452345
8  6.5  1.16487e-06
8  5.5  5.10744e-06
8  5.0  1.13558e-05
8  6.0  2.4663e-06
8  7.0  6.37392e-07
8  7.5  3.34977e-07
8  8.0  1.82233e-07
8  8.5  9.6489e-08
8  9.0  5.49514e-08
8  9.5  3.30627e-08
8  10.5  1.1522e-08
8  10.0  1.92853e-08
8  11.0  7.05374e-09
8  12.0  2.67295e-09
8  11.5  4.38321e-09
