# diffractive D0 cross section, Pb target, HymnD fragmentation, An0n channel
# generated      : 2026-10-04 20:52:05 EEST
# flux_model     : STARLIGHT (TARGET=AA)
# scale_factor   : 0.5 (fragmentation scale Q = SCALE_FACTOR * m_T)
# calls          : 1e5 (VEGAS calls per point, see CALLS_EXCL/CALLS_EXCL_FACTORIZED/CALLS_DIFF)
# dipole samples : data/Pb/mve/glauber_mve_<b_d>
# pD0 sweep      : 0.2 0.3 0.4 0.5 0.6 0.7 0.8 0.9 1.0 1.1 1.2 1.3 1.4 1.5 1.6 1.7 1.8 1.9 2.0 2.5 3.0 3.5 4.0 4.5 5.0 5.5 6.0 6.5 7.0 7.5 8.0 8.5 9.0 9.5 10.0 10.5 11.0 11.5 12.0
# fixed rapidity y : -1.0
# ============================================================
# b_d  pD0  dsigma_dyd2pD0
0  0.3  1.58662
0  0.5  2.17752
0  0.2  1.08616
0  0.4  1.9636
0  0.6  2.19569
0  0.9  1.58677
0  0.7  2.07543
0  1.0  1.35505
0  0.8  1.85475
0  1.1  1.1504
0  1.2  0.956783
0  1.5  0.535806
0  1.4  0.655118
0  1.3  0.794409
0  1.7  0.366383
0  1.6  0.441848
0  1.8  0.305898
0  2.0  0.212903
0  1.9  0.254187
0  2.5  0.0915615
0  4.5  0.00575995
0  5.0  0.00329592
0  3.0  0.0405931
0  3.5  0.0196536
0  4.0  0.010219
0  6.5  0.000817462
0  5.5  0.00200081
0  8.0  0.000257857
0  6.0  0.00127424
0  9.0  0.000132825
0  7.0  0.000540233
0  7.5  0.000370183
0  8.5  0.000183457
10  0.2  1.06479
0  9.5  9.66657e-05
10  0.3  1.55243
10  0.4  1.95188
10  0.5  2.12963
10  0.6  2.14279
10  0.7  2.01188
0  11.0  4.11503e-05
0  10.0  7.16293e-05
10  0.8  1.80714
10  0.9  1.54229
10  1.0  1.3314
10  1.1  1.11302
10  1.2  0.92631
10  1.3  0.766009
10  1.4  0.629976
10  1.7  0.34803
10  1.5  0.518785
10  1.6  0.429009
0  11.5  3.11936e-05
0  10.5  5.37765e-05
10  1.8  0.293189
10  1.9  0.243794
10  2.0  0.204701
10  2.5  0.0868178
0  12.0  2.37289e-05
10  4.5  0.00549823
10  5.0  0.00312802
10  3.0  0.0390156
10  3.5  0.0188218
10  4.0  0.00970736
10  6.5  0.000771909
10  6.0  0.00120156
10  7.5  0.00035557
10  5.5  0.00189446
10  9.0  0.000126449
10  7.0  0.000506428
10  8.0  0.000247282
10  8.5  0.000175501
12  0.2  1.05028
10  9.5  9.16794e-05
12  0.3  1.5384
12  0.4  1.93304
12  0.5  2.09244
10  11.0  3.8695e-05
12  0.6  2.09575
12  0.7  1.96572
10  10.0  6.77453e-05
12  0.8  1.75188
12  0.9  1.54475
12  1.0  1.30809
12  1.2  0.899413
12  1.1  1.09445
12  1.3  0.753446
10  10.5  5.11224e-05
12  1.5  0.508792
12  1.4  0.617582
12  1.7  0.34388
12  1.6  0.420839
12  1.8  0.287606
12  1.9  0.238346
12  2.0  0.198317
12  2.5  0.0844982
10  12.0  2.34004e-05
10  11.5  3.01591e-05
12  4.5  0.00536938
12  3.0  0.0381015
12  5.0  0.00306537
12  3.5  0.0184046
12  4.0  0.00967581
12  6.5  0.000754978
12  6.0  0.0011624
12  5.5  0.00185312
12  8.0  0.000240949
12  9.0  0.000122526
12  7.0  0.000504895
12  7.5  0.000345649
12  8.5  0.000171073
12  10.0  6.66862e-05
14  0.2  1.06581
12  9.5  8.93738e-05
14  0.3  1.50044
14  0.4  1.91135
14  0.5  2.10177
14  0.6  2.09064
14  0.7  1.94026
14  0.8  1.72891
12  11.0  3.76533e-05
14  0.9  1.51343
14  1.0  1.28078
14  1.1  1.06338
14  1.2  0.887914
14  1.3  0.733315
14  1.4  0.603419
14  1.5  0.491309
12  10.5  4.98535e-05
14  1.6  0.410974
14  1.7  0.338063
14  1.9  0.233874
14  1.8  0.280038
14  2.0  0.188755
14  2.5  0.0825868
12  12.0  2.22393e-05
12  11.5  2.89726e-05
14  3.0  0.0366881
14  5.0  0.00298573
14  3.5  0.0177805
14  4.0  0.00921391
14  4.5  0.00520713
14  6.5  0.000744171
14  5.5  0.00179009
14  6.0  0.00112911
14  8.0  0.000234839
14  7.0  0.000487582
14  7.5  0.000332872
14  8.5  0.000164134
14  10.0  6.4172e-05
14  9.0  0.000118973
16  0.2  1.06066
14  9.5  8.70699e-05
16  0.3  1.53153
16  0.4  1.87309
16  0.5  2.06528
16  0.6  2.05693
16  0.7  1.91426
16  0.8  1.70817
16  0.9  1.47118
16  1.0  1.24123
16  1.1  1.04033
16  1.2  0.854612
16  1.3  0.710286
14  10.5  4.8526e-05
16  1.4  0.586926
16  1.5  0.483008
14  11.5  2.79664e-05
16  1.6  0.396165
16  1.7  0.327553
16  1.8  0.271337
16  1.9  0.223153
14  11.0  3.56967e-05
16  2.5  0.0797703
16  2.0  0.187887
14  12.0  2.1948e-05
16  3.0  0.0356933
16  5.0  0.00284977
16  3.5  0.0170947
16  4.0  0.00868212
16  4.5  0.00490479
16  6.5  0.000705005
16  6.0  0.00108941
16  5.5  0.0017238
16  7.0  0.000470654
16  9.0  0.000115966
16  7.5  0.000320827
16  8.0  0.000223512
16  8.5  0.000158434
16  10.0  6.21511e-05
18  0.2  1.04414
16  9.5  8.29682e-05
18  0.3  1.50893
16  10.5  4.647e-05
18  0.4  1.85395
18  0.5  2.02331
18  0.6  1.9923
18  0.7  1.84809
18  0.8  1.65383
16  12.0  2.08643e-05
18  0.9  1.41699
18  1.0  1.19699
18  1.1  1.00534
18  1.3  0.677444
18  1.2  0.832224
18  1.4  0.562822
18  1.5  0.456797
16  11.5  2.70867e-05
18  1.6  0.385327
18  1.8  0.26038
18  1.7  0.314287
18  2.0  0.179872
18  1.9  0.215883
18  2.5  0.076406
16  11.0  3.51868e-05
18  4.5  0.00470292
18  3.0  0.0340775
18  5.0  0.00273122
18  3.5  0.0163819
18  4.0  0.00851234
18  5.5  0.00167494
18  6.0  0.00103907
18  6.5  0.000672922
18  7.0  0.000448944
18  9.0  0.000109469
18  7.5  0.000308312
18  9.5  8.12678e-05
18  8.0  0.000213772
18  8.5  0.00015132
18  10.0  5.85793e-05
2  0.2  1.08899
18  11.5  2.53109e-05
2  0.3  1.59404
2  0.4  1.96479
2  0.5  2.15176
2  0.6  2.17939
2  0.7  2.06484
2  0.8  1.84145
2  0.9  1.59563
2  1.0  1.36075
2  1.1  1.14739
2  1.2  0.958221
2  1.4  0.653148
2  1.3  0.794726
2  1.5  0.540899
18  10.5  4.4455e-05
2  1.7  0.369439
2  1.6  0.448152
2  1.8  0.306406
2  1.9  0.25438
2  2.0  0.211107
2  2.5  0.0912589
18  12.0  2.01435e-05
18  11.0  3.37204e-05
2  4.5  0.00570574
2  5.0  0.00327946
2  3.0  0.0411936
2  3.5  0.0197082
2  4.0  0.010153
2  6.5  0.000826452
2  7.5  0.00037226
2  5.5  0.00197998
2  8.0  0.000257793
2  6.0  0.00125266
2  9.0  0.000131767
2  7.0  0.000542535
2  8.5  0.000182615
2  9.5  9.57364e-05
20  0.2  1.03001
20  0.3  1.48315
20  0.4  1.8112
20  0.5  2.02003
20  0.6  1.93292
20  0.7  1.78213
2  11.0  4.09722e-05
2  10.0  7.13951e-05
20  0.8  1.56472
20  0.9  1.37254
20  1.0  1.14604
20  1.1  0.959378
20  1.2  0.795931
20  1.3  0.65547
2  10.5  5.26415e-05
20  1.4  0.535247
20  1.6  0.357684
20  1.5  0.445723
20  1.7  0.298323
2  11.5  3.11014e-05
20  1.8  0.245306
20  1.9  0.201151
20  2.0  0.166799
20  2.5  0.0725849
2  12.0  2.38838e-05
20  4.5  0.00441655
20  3.0  0.0322523
20  5.0  0.00256091
20  3.5  0.0154827
20  4.0  0.00804372
20  6.5  0.000634529
20  5.5  0.00155698
20  6.0  0.000980016
20  7.0  0.000435636
20  9.0  0.000103112
20  9.5  7.50965e-05
20  7.5  0.000294977
20  8.0  0.000201952
20  8.5  0.000143253
20  10.0  5.59859e-05
22  0.2  1.004
20  10.5  4.21254e-05
22  0.3  1.45811
22  0.4  1.7664
22  0.5  1.91905
22  0.6  1.85875
22  0.7  1.69626
20  12.0  1.88381e-05
22  0.8  1.52222
22  0.9  1.29462
22  1.0  1.09514
22  1.1  0.907931
22  1.2  0.736778
22  1.3  0.616449
22  1.4  0.500495
20  11.5  2.43261e-05
22  1.5  0.412127
22  1.6  0.336956
22  1.7  0.27421
22  1.8  0.231146
22  1.9  0.190641
22  2.5  0.0678936
22  2.0  0.15958
20  11.0  3.1855e-05
22  3.5  0.0144779
22  4.5  0.00411903
22  3.0  0.0297145
22  4.0  0.00747974
22  6.5  0.000590243
22  5.0  0.00240025
22  5.5  0.0014513
22  8.0  0.000187557
22  6.0  0.000928991
22  9.0  9.61634e-05
22  7.0  0.000400809
22  9.5  7.14122e-05
22  7.5  0.000269567
22  8.5  0.000134928
22  10.0  5.28642e-05
24  0.2  0.987495
24  0.3  1.38983
22  10.5  3.90681e-05
24  0.4  1.70871
24  0.5  1.82348
24  0.6  1.78337
24  0.7  1.63378
22  11.0  2.93347e-05
24  0.8  1.40688
24  1.0  1.01812
24  0.9  1.21903
24  1.1  0.845549
24  1.2  0.6915
24  1.3  0.568095
24  1.4  0.457065
24  1.5  0.383331
24  1.6  0.311156
24  1.7  0.257845
24  2.0  0.14425
24  1.8  0.211747
24  1.9  0.175909
22  12.0  1.77439e-05
24  2.5  0.0610815
22  11.5  2.28532e-05
24  3.0  0.0270925
24  3.5  0.0131522
24  5.0  0.00221879
24  4.0  0.0068159
24  4.5  0.00377819
24  6.5  0.000538237
24  7.5  0.000244337
24  5.5  0.00133392
24  8.0  0.000173366
24  6.0  0.000811403
24  7.0  0.000366379
24  9.5  6.31676e-05
24  8.5  0.000122768
24  9.0  8.86529e-05
24  10.0  4.81792e-05
26  0.2  0.954474
24  10.5  3.59539e-05
26  0.3  1.3576
26  0.4  1.63173
26  0.5  1.72479
26  0.6  1.64002
26  0.7  1.48734
26  0.8  1.30492
24  12.0  1.58368e-05
26  0.9  1.10534
26  1.0  0.920398
26  1.1  0.756281
26  1.2  0.622646
26  1.3  0.508358
26  1.4  0.41356
26  1.5  0.339526
26  1.6  0.274623
26  1.7  0.228237
26  1.8  0.188346
26  1.9  0.155092
26  2.0  0.130281
26  2.5  0.0541634
24  11.0  2.68411e-05
26  3.0  0.0239941
24  11.5  2.06391e-05
26  3.5  0.0116951
26  4.0  0.00603917
26  4.5  0.00330781
26  6.5  0.000467935
26  5.0  0.00189737
26  5.5  0.00115775
26  8.0  0.000153499
26  6.0  0.000729522
26  8.5  0.000106394
26  7.5  0.000219418
26  7.0  0.000315475
26  9.5  5.61881e-05
26  10.0  4.14909e-05
26  9.0  7.65103e-05
28  0.2  0.905156
26  10.5  3.07835e-05
28  0.3  1.28702
28  0.4  1.50775
28  0.5  1.57019
26  12.0  1.39817e-05
28  0.6  1.48521
28  0.7  1.32322
28  0.8  1.14519
28  0.9  0.965502
28  1.0  0.797013
28  1.1  0.654729
28  1.2  0.53037
28  1.3  0.434745
28  1.4  0.354033
28  1.5  0.288817
28  1.6  0.23325
28  1.7  0.194758
28  1.8  0.16013
28  1.9  0.12923
28  2.0  0.10916
28  2.5  0.0452898
26  11.0  2.36414e-05
26  11.5  1.80836e-05
28  3.0  0.0205338
28  3.5  0.00984464
28  4.0  0.00502945
28  4.5  0.00275381
28  6.5  0.000404853
28  5.0  0.00159583
28  6.0  0.000625693
28  5.5  0.000991019
28  8.0  0.000125739
28  8.5  8.84686e-05
28  7.0  0.000269832
28  7.5  0.000180561
28  9.5  4.78347e-05
28  10.0  3.48095e-05
28  9.0  6.41717e-05
30  0.2  0.840209
28  11.5  1.53132e-05
30  0.3  1.16756
30  0.4  1.34822
30  0.5  1.36346
30  0.6  1.26532
28  11.0  1.97077e-05
30  0.7  1.11385
28  12.0  1.16763e-05
30  0.8  0.949611
30  1.0  0.652894
30  0.9  0.79015
30  1.1  0.528963
30  1.2  0.428314
30  1.4  0.278282
30  1.3  0.349573
28  10.5  2.59406e-05
30  1.5  0.229919
30  1.6  0.186654
30  1.7  0.154195
30  1.8  0.126305
30  1.9  0.103923
30  2.0  0.0850811
30  2.5  0.0355078
30  4.5  0.00221357
30  3.0  0.0158967
30  3.5  0.00755029
30  4.0  0.00392687
30  6.5  0.000317555
30  5.0  0.00128494
30  5.5  0.000782637
30  8.0  9.74569e-05
30  6.0  0.000488685
30  7.0  0.000206746
30  7.5  0.000140531
30  8.5  6.99512e-05
30  9.0  5.11776e-05
30  10.0  2.70958e-05
32  0.2  0.750939
30  9.5  3.74764e-05
32  0.3  1.00344
30  10.5  2.04259e-05
32  0.4  1.11732
32  0.5  1.09063
32  0.6  0.986989
32  0.7  0.840901
30  11.0  1.57214e-05
32  0.8  0.708309
32  1.0  0.479513
32  0.9  0.587881
32  1.1  0.389536
32  1.2  0.313966
32  1.3  0.253807
32  1.4  0.205719
32  1.5  0.165338
32  1.6  0.136002
32  1.7  0.109754
32  1.8  0.0917622
32  1.9  0.0758376
32  2.0  0.0618027
32  2.5  0.0260205
30  12.0  9.13026e-06
30  11.5  1.17318e-05
32  3.0  0.0116246
32  4.0  0.00279064
32  3.5  0.00538243
32  4.5  0.00155079
32  5.0  0.000925493
32  7.5  0.000100157
32  5.5  0.000543927
32  6.0  0.000341211
32  6.5  0.000219541
32  7.0  0.000150727
32  9.5  2.65863e-05
32  8.0  6.96878e-05
32  8.5  4.946e-05
32  10.0  1.94068e-05
32  9.0  3.66203e-05
4  0.2  1.07425
4  0.3  1.57219
32  10.5  1.44957e-05
4  0.4  1.96461
4  0.5  2.16348
32  12.0  6.63389e-06
4  0.6  2.16768
4  0.7  2.04766
4  0.8  1.83999
32  11.0  1.09994e-05
4  0.9  1.6078
4  1.0  1.34305
4  1.1  1.14473
4  1.2  0.954345
4  1.3  0.788293
4  1.4  0.639699
4  1.5  0.538963
32  11.5  8.4505e-06
4  1.6  0.446099
4  1.7  0.368551
4  1.8  0.29773
4  1.9  0.254292
4  2.5  0.0896478
4  2.0  0.211314
4  4.5  0.00574726
4  5.0  0.00332014
4  3.0  0.0402664
4  3.5  0.0194392
4  4.0  0.0101345
4  6.5  0.000804898
4  5.5  0.00197191
4  8.0  0.000255905
4  6.0  0.00123955
4  9.0  0.000129889
4  7.0  0.000536053
4  7.5  0.000367018
4  8.5  0.000181711
6  0.2  1.08767
4  9.5  9.58129e-05
6  0.3  1.58628
6  0.4  1.95302
6  0.5  2.14389
6  0.6  2.17508
4  10.0  7.2155e-05
6  0.7  2.01282
6  0.8  1.83999
6  0.9  1.6005
4  12.0  2.30731e-05
6  1.0  1.35465
6  1.1  1.13632
6  1.2  0.95057
6  1.3  0.783792
6  1.5  0.530809
6  1.4  0.644542
4  10.5  5.29766e-05
6  1.6  0.439556
6  1.7  0.368314
6  1.8  0.304916
6  1.9  0.248865
6  2.0  0.21024
4  11.5  3.12822e-05
6  2.5  0.0889525
4  11.0  4.03858e-05
6  4.5  0.00564468
6  5.0  0.0032718
6  3.0  0.0399087
6  3.5  0.0193365
6  4.0  0.0100328
6  6.5  0.000795723
6  5.5  0.00197053
6  8.0  0.000253457
6  6.0  0.00123805
6  9.0  0.000129863
6  7.0  0.000532205
6  7.5  0.00036288
6  8.5  0.000180129
8  0.2  1.0762
6  9.5  9.49123e-05
6  11.5  3.06697e-05
8  0.3  1.54346
8  0.4  1.95448
8  0.5  2.13169
6  10.0  6.88948e-05
6  12.0  2.32961e-05
8  0.6  2.13355
6  11.0  4.0049e-05
8  0.7  2.03653
8  0.8  1.80915
8  1.0  1.34304
8  0.9  1.57585
8  1.1  1.12879
8  1.3  0.761332
8  1.2  0.936291
8  1.4  0.641268
8  1.5  0.529708
8  1.6  0.435608
6  10.5  5.28859e-05
8  1.7  0.360459
8  1.8  0.298238
8  1.9  0.248578
8  2.5  0.0877055
8  2.0  0.20697
8  4.5  0.00545218
8  5.0  0.00317723
8  3.0  0.0395105
8  3.5  0.0188164
8  4.0  0.0098589
8  6.5  0.000786307
8  5.5  0.00193321
8  8.0  0.000251311
8  6.0  0.00124018
8  9.0  0.000126542
8  7.0  0.000523607
8  7.5  0.000365629
8  8.5  0.000176793
8  11.5  3.03115e-05
8  9.5  9.40149e-05
8  11.0  3.93412e-05
8  10.0  6.89309e-05
8  10.5  5.291e-05
8  12.0  2.33831e-05
