# exclusive D0 cross section, Pb target, HymnD fragmentation, An0n channel
# generated      : 2026-10-04 20:52:05 EEST
# flux_model     : STARLIGHT (TARGET=AA)
# scale_factor   : 0.5 (fragmentation scale Q = SCALE_FACTOR * m_T)
# calls          : 1e5 below 3.0 GeV, 2e3 above (see EXCL_PT_THRESHOLD) (VEGAS calls per point, see CALLS_EXCL/CALLS_EXCL_FACTORIZED/CALLS_DIFF)
# dipole samples : data/Pb/mve/glauber_mve_<b_d>
# pD0 sweep      : 0.2 0.3 0.4 0.5 0.6 0.7 0.8 0.9 1.0 1.1 1.2 1.3 1.4 1.5 1.6 1.7 1.8 1.9 2.0 2.5 3.0 3.5 4.0 4.5 5.0 5.5 6.0 6.5 7.0 7.5 8.0 8.5 9.0 9.5 10.0 10.5 11.0 11.5 12.0
# fixed rapidity y : 2.0
# ============================================================
# b_d  pD0  dsigma_dyd2pD0
0  0.3  1.48743
0  0.4  1.1548
0  0.2  1.85085
0  0.6  0.643787
0  0.5  0.871354
0  0.7  0.470222
0  0.9  0.245211
0  0.8  0.340284
0  1.0  0.17669
0  1.1  0.12753
0  1.2  0.0921623
0  1.5  0.0360559
0  1.4  0.0489831
0  1.3  0.0670006
0  1.6  0.0265214
0  1.7  0.0196879
0  2.0  0.00834979
0  1.8  0.0146392
0  1.9  0.0109262
0  2.5  0.00212856
0  3.0  0.000577597
0  4.5  1.9286e-05
0  3.5  0.000171161
0  4.0  5.51866e-05
0  5.0  7.25341e-06
0  6.0  1.21569e-06
0  5.5  2.87856e-06
0  6.5  5.38153e-07
0  7.0  2.48186e-07
0  7.5  1.18969e-07
0  8.0  5.89578e-08
0  9.0  1.59823e-08
0  8.5  3.02243e-08
0  9.5  8.64462e-09
0  10.0  4.80095e-09
10  0.2  1.76855
10  0.3  1.41967
10  0.4  1.10002
10  0.5  0.829011
0  10.5  2.72385e-09
10  0.6  0.611598
10  0.7  0.445297
10  0.8  0.321814
10  1.0  0.166288
0  11.0  1.57823e-09
10  0.9  0.231571
10  1.2  0.0868779
10  1.1  0.119933
10  1.4  0.04592
10  1.3  0.0628754
10  1.6  0.0247893
10  1.5  0.0336535
10  1.7  0.018421
10  1.8  0.0136374
10  1.9  0.0103586
10  2.0  0.0077323
0  11.5  9.3205e-10
10  2.5  0.00199265
10  3.5  0.000157797
0  12.0  5.62926e-10
10  3.0  0.000538924
10  4.0  5.10485e-05
10  5.0  6.63305e-06
10  4.5  1.77977e-05
10  6.0  1.11298e-06
10  5.5  2.6397e-06
10  7.0  2.26898e-07
10  7.5  1.08751e-07
10  6.5  4.90582e-07
10  9.0  1.45862e-08
10  8.0  5.38466e-08
10  8.5  2.75864e-08
10  9.5  7.88342e-09
10  10.0  4.3745e-09
12  0.2  1.73038
10  10.5  2.48105e-09
12  0.3  1.38777
12  0.4  1.07498
12  0.5  0.80919
12  0.6  0.596411
12  0.7  0.433246
10  11.0  1.43709e-09
12  0.8  0.313114
12  0.9  0.225363
12  1.0  0.161785
12  1.2  0.0844117
12  1.1  0.116497
12  1.4  0.0444705
12  1.3  0.0609669
12  1.5  0.0326082
10  11.5  8.48249e-10
12  1.7  0.0177518
12  1.6  0.0239247
12  2.0  0.00756953
12  1.8  0.0131375
12  1.9  0.00987547
12  2.5  0.00189132
10  12.0  5.10546e-10
12  3.0  0.000519348
12  3.5  0.000152416
12  4.0  4.90596e-05
12  4.5  1.70953e-05
12  6.0  1.06718e-06
12  5.0  6.36369e-06
12  5.5  2.53277e-06
12  7.0  2.1777e-07
12  6.5  4.70233e-07
12  7.5  1.03826e-07
12  8.0  5.15688e-08
12  9.0  1.39581e-08
12  8.5  2.64101e-08
12  9.5  7.54483e-09
12  10.0  4.18406e-09
14  0.2  1.6836
14  0.3  1.34985
14  0.4  1.04375
12  10.5  2.37308e-09
14  0.5  0.784694
14  0.6  0.5778
14  0.7  0.420261
14  0.8  0.30304
14  1.0  0.156125
14  0.9  0.217489
12  11.0  1.37444e-09
14  1.2  0.0814671
14  1.1  0.112254
14  1.3  0.0586171
14  1.4  0.0428283
14  1.5  0.0313305
14  1.6  0.0229986
14  1.9  0.00964172
14  1.8  0.0126733
14  1.7  0.0170316
12  11.5  8.11057e-10
14  2.0  0.00707691
14  2.5  0.0017966
14  4.5  1.62285e-05
12  12.0  4.88085e-10
14  5.0  6.06701e-06
14  3.0  0.000495444
14  3.5  0.00014521
14  4.0  4.67039e-05
14  6.0  1.01247e-06
14  5.5  2.40464e-06
14  7.0  2.05591e-07
14  7.5  9.83944e-08
14  6.5  4.47671e-07
14  8.0  4.88504e-08
14  9.0  1.32067e-08
14  8.5  2.50074e-08
14  9.5  7.1395e-09
14  10.0  3.95814e-09
16  0.2  1.62624
14  10.5  2.24464e-09
16  0.3  1.30226
16  0.4  1.0067
16  0.5  0.755534
16  0.6  0.555463
16  0.7  0.403315
16  0.8  0.290426
16  0.9  0.208262
14  11.0  1.3e-09
16  1.0  0.149287
16  1.1  0.107225
16  1.2  0.0775954
16  1.3  0.0558356
16  1.4  0.0407286
16  1.5  0.0297778
16  1.6  0.021863
14  11.5  7.66791e-10
16  1.7  0.0161484
16  1.9  0.0089832
16  1.8  0.0120131
16  2.5  0.00170716
16  2.0  0.00673166
14  12.0  4.61324e-10
16  4.0  4.37316e-05
16  5.0  5.69873e-06
16  4.5  1.52027e-05
16  3.0  0.000466788
16  3.5  0.000136728
16  6.0  9.48742e-07
16  5.5  2.25412e-06
16  6.5  4.17239e-07
16  7.0  1.92388e-07
16  7.5  9.20277e-08
16  8.0  4.56682e-08
16  9.0  1.23363e-08
16  8.5  2.33701e-08
16  9.5  6.66649e-09
16  10.0  3.69468e-09
18  0.2  1.5589
18  0.3  1.24588
18  0.4  0.961092
16  10.5  2.09543e-09
18  0.5  0.720008
18  0.6  0.528856
18  0.7  0.383176
18  0.8  0.275577
18  0.9  0.197189
16  11.0  1.21296e-09
18  1.0  0.141191
18  1.1  0.101315
18  1.2  0.0729027
18  1.3  0.0526529
18  1.4  0.0383059
18  1.5  0.0281404
16  11.5  7.15219e-10
18  1.6  0.0205504
18  1.7  0.0152205
18  1.9  0.0086088
18  1.8  0.0112534
18  2.0  0.00635028
18  2.5  0.00160206
18  3.0  0.000432526
16  12.0  4.30136e-10
18  4.0  4.04638e-05
18  4.5  1.40596e-05
18  3.5  0.000126942
18  5.5  2.08058e-06
18  5.0  5.26198e-06
18  6.0  8.73313e-07
18  6.5  3.84736e-07
18  7.5  8.50118e-08
18  7.0  1.7718e-07
18  9.0  1.13367e-08
18  8.5  2.14861e-08
18  8.0  4.21215e-08
18  9.5  6.12271e-09
18  10.0  3.39209e-09
2  0.2  1.84763
2  0.3  1.48551
2  0.4  1.15252
18  10.5  1.92318e-09
2  0.5  0.870035
2  0.6  0.642851
2  0.7  0.469287
2  0.8  0.339644
18  11.0  1.11276e-09
2  0.9  0.24485
2  1.0  0.176416
2  1.1  0.127387
2  1.2  0.0921012
2  1.3  0.0671875
2  1.4  0.0489908
2  1.6  0.0264668
2  1.5  0.0358272
2  1.7  0.0195501
18  11.5  6.55992e-10
2  1.9  0.010956
2  1.8  0.0146078
2  2.0  0.00834901
2  2.5  0.00214014
18  12.0  3.92973e-10
2  3.0  0.000575782
2  4.5  1.92249e-05
2  3.5  0.000170636
2  4.0  5.50126e-05
2  6.0  1.21163e-06
2  6.5  5.36341e-07
2  5.5  2.86907e-06
2  5.0  7.23031e-06
2  7.0  2.47344e-07
2  7.5  1.18564e-07
2  9.0  1.59273e-08
2  8.0  5.87549e-08
2  8.5  3.01194e-08
2  9.5  8.61434e-09
2  10.0  4.78421e-09
20  0.2  1.47597
20  0.3  1.17908
2  10.5  2.71422e-09
20  0.4  0.907332
20  0.5  0.67815
20  0.6  0.497397
20  0.7  0.359621
20  0.8  0.257908
20  0.9  0.184464
2  11.0  1.57263e-09
20  1.0  0.131674
20  1.1  0.0942983
20  1.2  0.0678523
20  1.3  0.0488119
20  1.4  0.0355242
20  1.6  0.0189479
20  1.5  0.0259141
20  1.7  0.0139767
20  1.8  0.0103743
2  11.5  9.28719e-10
20  1.9  0.00772848
20  2.0  0.00580528
20  2.5  0.00144216
2  12.0  5.59103e-10
20  3.0  0.000393943
20  4.0  3.67225e-05
20  4.5  1.27563e-05
20  3.5  0.000115556
20  5.0  4.75016e-06
20  6.0  7.92645e-07
20  5.5  1.88215e-06
20  7.5  7.66287e-08
20  6.5  3.47483e-07
20  7.0  1.59724e-07
20  8.0  3.7837e-08
20  9.0  1.02024e-08
20  8.5  1.9338e-08
20  9.5  5.50518e-09
20  10.0  3.04881e-09
22  0.2  1.37576
22  0.3  1.09659
22  0.4  0.842361
20  10.5  1.7273e-09
22  0.5  0.628439
22  0.6  0.459176
22  0.7  0.331042
22  0.8  0.23698
22  0.9  0.168911
20  11.0  9.98782e-10
22  1.0  0.120429
22  1.1  0.0859666
22  1.2  0.0616414
22  1.3  0.0445086
22  1.5  0.023454
22  1.4  0.0320966
22  1.6  0.0171546
22  1.7  0.012612
20  11.5  5.88359e-10
22  1.8  0.0093453
22  1.9  0.00693
22  2.0  0.00530202
22  2.5  0.00133837
20  12.0  3.52426e-10
22  3.5  0.000102111
22  4.5  1.13199e-05
22  3.0  0.000351385
22  5.0  4.19528e-06
22  4.0  3.27149e-05
22  6.0  6.95709e-07
22  5.5  1.65716e-06
22  6.5  3.05174e-07
22  7.0  1.40048e-07
22  7.5  6.69146e-08
22  8.0  3.31615e-08
22  9.0  8.89604e-09
22  8.5  1.69849e-08
22  9.5  4.80864e-09
22  10.0  2.65949e-09
24  0.2  1.25464
24  0.3  0.997614
24  0.4  0.764039
22  10.5  1.50653e-09
24  0.5  0.567939
24  0.6  0.413555
24  0.7  0.297229
24  0.8  0.211893
24  0.9  0.150605
24  1.0  0.107047
22  11.0  8.70347e-10
24  1.1  0.0761918
24  1.3  0.0391085
24  1.2  0.0544682
24  1.4  0.028314
24  1.5  0.020546
24  1.7  0.0112315
24  1.6  0.0150395
22  11.5  5.12592e-10
24  1.8  0.00813568
24  1.9  0.00612989
24  2.5  0.00111431
24  2.0  0.00452919
22  12.0  3.06841e-10
24  4.5  9.6331e-06
24  3.5  8.78033e-05
24  3.0  0.00030206
24  4.0  2.77779e-05
24  5.5  1.40979e-06
24  6.5  2.58418e-07
24  6.0  5.86431e-07
24  5.0  3.5762e-06
24  7.0  1.18247e-07
24  7.5  5.63571e-08
24  8.0  2.78669e-08
24  8.5  1.42793e-08
24  9.5  4.03333e-09
24  9.0  7.47419e-09
24  10.0  2.22795e-09
26  0.2  1.10589
26  0.3  0.876144
24  10.5  1.26113e-09
26  0.4  0.669262
26  0.5  0.495096
26  0.6  0.358879
26  0.7  0.256679
26  0.8  0.182307
26  0.9  0.128906
26  1.0  0.0912113
26  1.1  0.0647372
24  11.0  7.27727e-10
26  1.2  0.0461234
26  1.4  0.0238683
26  1.3  0.0330543
26  1.5  0.0172606
26  1.6  0.0125397
26  1.7  0.00925356
24  11.5  4.28416e-10
26  1.8  0.00682166
26  2.0  0.00377555
26  1.9  0.00505909
26  2.5  0.000934715
24  12.0  2.56289e-10
26  3.0  0.000247266
26  3.5  7.10087e-05
26  5.5  1.12857e-06
26  4.0  2.2591e-05
26  4.5  7.76666e-06
26  5.0  2.86883e-06
26  6.0  4.69089e-07
26  6.5  2.05596e-07
26  7.0  9.42068e-08
26  7.5  4.47995e-08
26  8.0  2.21327e-08
26  8.5  1.12682e-08
26  9.0  5.91006e-09
26  9.5  3.18856e-09
26  10.0  1.75784e-09
28  0.2  0.927652
26  10.5  9.94487e-10
28  0.3  0.731257
28  0.4  0.555525
28  0.5  0.408569
28  0.6  0.294444
28  0.7  0.2093
26  11.0  5.73059e-10
28  0.8  0.14763
28  0.9  0.103782
28  1.0  0.0732254
28  1.1  0.0517071
28  1.2  0.0368209
28  1.3  0.0260936
28  1.4  0.0187607
28  1.6  0.00993516
28  1.5  0.0135616
28  1.7  0.00723
28  1.8  0.00531757
28  1.9  0.00400143
26  11.5  3.36851e-10
28  2.0  0.00291796
28  2.5  0.000693849
26  12.0  2.01471e-10
28  3.0  0.000187054
28  3.5  5.34469e-05
28  4.0  1.6811e-05
28  4.5  5.74654e-06
28  5.5  8.32342e-07
28  5.0  2.11804e-06
28  6.5  1.50997e-07
28  6.0  3.45365e-07
28  7.5  3.26888e-08
28  7.0  6.90643e-08
28  8.0  1.60961e-08
28  9.0  4.2859e-09
28  8.5  8.18066e-09
28  9.5  2.30536e-09
28  10.0  1.26999e-09
30  0.2  0.721762
28  10.5  7.17328e-10
30  0.3  0.565828
30  0.4  0.426201
30  0.5  0.311143
30  0.6  0.222201
30  0.7  0.156677
30  0.9  0.0768137
30  0.8  0.1097
28  11.0  4.12958e-10
30  1.0  0.0535601
30  1.1  0.0376233
30  1.2  0.0265228
30  1.3  0.0187912
30  1.4  0.0134465
30  1.5  0.00962314
30  1.6  0.00698642
30  1.7  0.00510552
30  1.8  0.00371286
28  11.5  2.42196e-10
30  1.9  0.00274398
30  2.5  0.000470367
30  2.0  0.00204026
28  12.0  1.44766e-10
30  3.0  0.000126962
30  3.5  3.59389e-05
30  4.0  1.12209e-05
30  4.5  3.81031e-06
30  5.5  5.44442e-07
30  6.5  9.81075e-08
30  5.0  1.39988e-06
30  6.0  2.2522e-07
30  7.0  4.46778e-08
30  7.5  2.10978e-08
30  8.0  1.03467e-08
30  9.0  2.74654e-09
30  8.5  5.24558e-09
30  9.5  1.47029e-09
30  10.0  8.09084e-10
32  0.2  0.505945
32  0.3  0.393328
30  10.5  4.55406e-10
32  0.4  0.2934
32  0.5  0.211846
32  0.6  0.149763
32  0.7  0.104521
32  0.8  0.0723916
30  11.0  2.61548e-10
32  0.9  0.0501055
32  1.0  0.0347181
32  1.1  0.0242048
32  1.2  0.0169139
32  1.3  0.0119332
32  1.4  0.00846467
32  1.5  0.00605844
32  1.6  0.00437145
32  1.7  0.00314236
32  1.8  0.00233945
32  1.9  0.00171235
30  11.5  1.53129e-10
32  2.0  0.00124437
32  2.5  0.000281432
30  12.0  9.13394e-11
32  3.5  2.09331e-05
32  4.5  2.18013e-06
32  3.0  7.48348e-05
32  4.0  6.48409e-06
32  5.5  3.06689e-07
32  6.0  1.26128e-07
32  5.0  7.87492e-07
32  6.5  5.44254e-08
32  7.0  2.45829e-08
32  7.5  1.15692e-08
32  8.5  2.85791e-09
32  8.0  5.65416e-09
32  9.0  1.48616e-09
32  9.5  7.94256e-10
32  10.0  4.35431e-10
4  0.2  1.83816
4  0.3  1.47728
32  10.5  2.44403e-10
4  0.4  1.14636
4  0.5  0.864472
4  0.6  0.638653
4  0.7  0.465743
4  0.8  0.337444
32  11.0  1.39858e-10
4  0.9  0.243271
4  1.0  0.175236
4  1.1  0.126352
4  1.2  0.0913363
4  1.4  0.0486528
4  1.3  0.0666607
4  1.5  0.0356882
4  1.6  0.0262465
32  11.5  8.174e-11
4  1.7  0.0195239
4  1.9  0.0110164
4  1.8  0.0144825
4  2.0  0.00828255
4  2.5  0.00207393
32  12.0  4.86006e-11
4  3.0  0.00057037
4  3.5  0.000169045
4  4.0  5.44866e-05
4  4.5  1.9031e-05
4  6.0  1.1994e-06
4  6.5  5.30907e-07
4  5.5  2.84075e-06
4  5.0  7.15956e-06
4  7.0  2.44798e-07
4  7.5  1.17346e-07
4  8.0  5.81464e-08
4  9.0  1.57615e-08
4  8.5  2.98052e-08
4  9.5  8.52335e-09
4  10.0  4.73352e-09
6  0.2  1.82185
4  10.5  2.68524e-09
6  0.3  1.46368
6  0.4  1.13586
6  0.5  0.855522
6  0.6  0.632665
6  0.7  0.460569
6  0.8  0.333619
4  11.0  1.55577e-09
6  0.9  0.240574
6  1.0  0.173204
6  1.1  0.125093
6  1.2  0.0902932
6  1.4  0.0479104
6  1.3  0.0654923
6  1.5  0.0350854
6  1.6  0.0259025
4  11.5  9.1872e-10
6  1.7  0.0192385
6  1.8  0.0144008
6  1.9  0.0107041
6  2.0  0.00805558
6  2.5  0.00205263
6  3.0  0.000560894
6  3.5  0.000166408
4  12.0  5.53068e-10
6  4.5  1.87134e-05
6  4.0  5.39015e-05
6  6.0  1.17899e-06
6  6.5  5.2211e-07
6  5.5  2.79302e-06
6  5.0  7.04134e-06
6  7.0  2.4057e-07
6  7.5  1.14921e-07
6  8.0  5.71263e-08
6  9.0  1.54827e-08
6  8.5  2.9279e-08
6  9.5  8.37159e-09
6  10.0  4.64814e-09
6  10.5  2.63692e-09
8  0.2  1.79936
8  0.3  1.44463
8  0.4  1.12056
8  0.5  0.844312
8  0.6  0.623084
8  0.7  0.454418
8  0.8  0.32875
8  0.9  0.236168
8  1.0  0.17035
6  11.0  1.52762e-09
8  1.1  0.122665
8  1.2  0.088668
8  1.4  0.0470544
8  1.3  0.064427
8  1.5  0.0344876
8  1.7  0.0188306
8  1.6  0.0254016
8  1.9  0.0107068
6  11.5  9.02059e-10
8  1.8  0.0140057
8  2.0  0.00791862
8  2.5  0.00200503
8  3.5  0.000162662
6  12.0  5.42978e-10
8  4.5  1.82588e-05
8  3.0  0.000555023
8  4.0  5.26622e-05
8  5.0  6.85039e-06
8  6.0  1.15022e-06
8  6.5  5.09497e-07
8  5.5  2.72611e-06
8  7.0  2.34543e-07
8  7.5  1.12065e-07
8  8.0  5.56946e-08
8  9.0  1.50919e-08
8  8.5  2.85404e-08
8  9.5  8.16684e-09
8  10.0  4.52889e-09
8  10.5  2.56892e-09
8  11.0  1.4881e-09
8  11.5  8.78535e-10
8  12.0  5.28816e-10
