# diffractive D0 cross section, Pb target, HymnD fragmentation, An0n channel
# generated      : 2026-08-20 11:02:48 EEST
# calls          : 1e5 (VEGAS calls per point, see CALLS_EXCL/CALLS_EXCL_FACTORIZED/CALLS_DIFF)
# dipole samples : data/Pb/bk_posterior/member_0039/glauber_mve_<b>
# pD0 sweep      : 0.2 0.3 0.4 0.5 0.6 0.7 0.8 0.9 1.0 1.1 1.2 1.3 1.4 1.5 1.6 1.7 1.8 1.9 2.0 2.5 3.0 3.5 4.0 4.5 5.0 5.5 6.0 6.5 7.0 7.5 8.0 8.5 9.0 9.5 10.0 10.5 11.0 11.5 12.0
# fixed rapidity y : 3.0
# ============================================================
# b  pD0  dsigma_dyd2pD0
0  0.2  0.0603003
0  0.4  0.104709
0  0.3  0.0892558
0  0.5  0.110643
0  0.6  0.104938
0  0.7  0.0919556
0  0.8  0.0762986
0  0.9  0.0606364
0  1.1  0.0367337
0  1.0  0.048077
0  1.3  0.0215405
0  1.4  0.0165667
0  1.2  0.0283366
0  1.5  0.0124528
0  1.7  0.0070261
0  1.6  0.00923778
0  2.0  0.0032042
0  1.8  0.00532886
0  1.9  0.0040878
0  2.5  0.000858861
0  3.0  0.000262426
0  3.5  8.9009e-05
0  4.0  3.17141e-05
0  4.5  1.25457e-05
0  5.0  5.36917e-06
0  5.5  2.20768e-06
0  6.0  1.0191e-06
0  6.5  4.74047e-07
0  7.0  2.27471e-07
0  7.5  1.08553e-07
0  8.0  5.63554e-08
0  9.5  8.10284e-09
0  10.0  4.37002e-09
0  8.5  2.91123e-08
0  9.0  1.49715e-08
10  0.2  0.0596037
0  11.0  1.33326e-09
10  0.3  0.0873346
10  0.4  0.103211
10  0.5  0.109257
10  0.6  0.1029
0  10.5  2.38142e-09
10  0.7  0.0896011
10  0.8  0.0741806
0  12.0  4.31173e-10
10  0.9  0.0591295
10  1.0  0.0465061
10  1.2  0.0268078
10  1.1  0.035715
10  1.3  0.0207571
10  1.4  0.0153755
0  11.5  7.50676e-10
10  1.5  0.0117173
10  1.7  0.00697701
10  1.6  0.00885573
10  1.8  0.00513844
10  1.9  0.00390623
10  2.0  0.00297588
10  2.5  0.000825311
10  3.0  0.000248386
10  3.5  8.46013e-05
10  4.0  3.11904e-05
10  4.5  1.2227e-05
10  5.0  5.02579e-06
10  6.0  9.59247e-07
10  5.5  2.04535e-06
10  7.0  2.06208e-07
10  6.5  4.49571e-07
10  7.5  1.04661e-07
10  9.0  1.45585e-08
10  8.0  5.29729e-08
10  8.5  2.67534e-08
10  9.5  7.62748e-09
10  10.5  2.30149e-09
12  0.2  0.0603791
10  10.0  4.16793e-09
12  0.3  0.0867103
12  0.4  0.103119
12  0.5  0.108539
12  0.6  0.100887
12  0.7  0.0885704
12  0.8  0.0726715
12  0.9  0.0585564
12  1.0  0.0459638
12  1.1  0.0348651
12  1.3  0.0201491
12  1.2  0.026591
12  1.4  0.0152089
12  1.5  0.011494
12  1.6  0.00860713
12  1.7  0.00660772
10  11.0  1.24737e-09
12  1.8  0.00502109
12  1.9  0.00381845
12  2.0  0.00292778
12  2.5  0.000800705
12  3.0  0.000247644
12  3.5  8.3564e-05
10  11.5  7.24437e-10
12  4.0  3.06928e-05
10  12.0  4.09267e-10
12  4.5  1.21308e-05
12  5.0  4.70116e-06
12  5.5  2.08052e-06
12  6.0  9.05087e-07
12  8.0  5.03481e-08
12  6.5  4.25944e-07
12  7.0  2.11162e-07
12  7.5  1.03677e-07
12  10.0  3.98188e-09
12  8.5  2.68308e-08
12  10.5  2.23448e-09
12  9.0  1.35865e-08
12  9.5  7.75009e-09
14  0.2  0.0589232
14  0.3  0.0856161
14  0.4  0.101465
14  0.5  0.107063
14  0.6  0.0998827
14  0.7  0.087539
14  0.8  0.0721709
14  0.9  0.057172
14  1.0  0.0440526
14  1.3  0.0200065
14  1.1  0.0342677
14  1.2  0.0262279
14  1.4  0.0148236
14  1.5  0.0113549
14  1.6  0.00853571
14  1.9  0.00376338
14  1.7  0.00637947
14  1.8  0.00491441
14  2.0  0.00284904
14  2.5  0.000791835
14  3.0  0.00024157
14  3.5  8.13313e-05
12  11.0  1.22448e-09
12  11.5  7.07448e-10
12  12.0  4.0506e-10
14  4.0  2.96114e-05
14  4.5  1.12372e-05
14  5.0  4.75386e-06
14  5.5  2.02634e-06
14  6.0  9.22325e-07
14  7.5  1.01242e-07
14  6.5  4.13024e-07
14  7.0  1.95968e-07
14  8.0  4.97778e-08
14  9.0  1.3345e-08
14  8.5  2.59801e-08
14  10.5  2.14504e-09
14  9.5  7.15188e-09
14  11.5  6.74264e-10
14  10.0  3.8702e-09
16  0.2  0.0583916
16  0.3  0.0851874
16  0.4  0.101461
16  0.5  0.104028
14  11.0  1.20465e-09
16  0.6  0.0985979
16  0.7  0.0851322
16  0.8  0.069946
16  0.9  0.0557582
16  1.0  0.0432832
16  1.2  0.0258255
16  1.1  0.0329298
16  1.3  0.019098
16  1.4  0.0143161
14  12.0  3.90285e-10
16  1.6  0.00826132
16  1.5  0.0109645
16  1.7  0.0063376
16  1.8  0.00475026
16  1.9  0.00367455
16  2.0  0.00280794
16  2.5  0.000738674
16  3.0  0.000231059
16  3.5  7.61742e-05
16  4.0  2.79641e-05
16  4.5  1.07964e-05
16  5.0  4.51753e-06
16  5.5  1.8981e-06
16  6.0  8.91162e-07
16  6.5  4.09929e-07
16  7.0  1.91511e-07
16  7.5  9.82712e-08
16  9.0  1.30846e-08
16  8.0  4.91996e-08
16  10.0  3.76828e-09
16  8.5  2.42189e-08
16  9.5  7.0875e-09
16  10.5  2.09506e-09
18  0.2  0.0580909
18  0.3  0.0848018
18  0.4  0.0996078
18  0.5  0.10328
18  0.6  0.0965455
18  0.7  0.0818253
18  0.8  0.0676866
18  0.9  0.0538239
18  1.0  0.0415775
18  1.1  0.0319417
18  1.2  0.0245977
18  1.3  0.0182423
18  1.4  0.0138795
18  1.5  0.0105193
16  11.0  1.14957e-09
18  1.6  0.00794094
18  1.8  0.00460086
18  1.7  0.00600875
18  1.9  0.00352456
18  2.0  0.00263905
18  2.5  0.000714787
18  3.0  0.000217387
18  3.5  7.19593e-05
16  11.5  6.53625e-10
16  12.0  3.78982e-10
18  4.0  2.72529e-05
18  4.5  1.05771e-05
18  5.0  4.39757e-06
18  5.5  1.9195e-06
18  7.5  9.04484e-08
18  6.0  8.01476e-07
18  6.5  3.95478e-07
18  7.0  1.91208e-07
18  9.0  1.2107e-08
18  8.0  4.67097e-08
18  8.5  2.39522e-08
18  10.0  3.5371e-09
18  9.5  6.56795e-09
18  11.5  6.17304e-10
2  0.2  0.0600984
2  0.3  0.0889198
2  0.4  0.105745
18  10.5  1.952e-09
2  0.5  0.111266
2  0.6  0.105531
2  0.7  0.0919691
2  0.8  0.076035
2  0.9  0.0609661
2  1.0  0.0478618
2  1.1  0.0363148
2  1.2  0.0282126
2  1.3  0.0216034
2  1.4  0.015831
2  1.5  0.0123569
2  1.7  0.00703069
18  11.0  1.13533e-09
2  1.6  0.00923003
2  1.8  0.00532183
2  1.9  0.0041358
2  2.0  0.00311463
2  3.0  0.000262576
2  2.5  0.000853661
2  3.5  8.84523e-05
18  12.0  3.5237e-10
2  4.0  3.21497e-05
2  4.5  1.29961e-05
2  5.0  5.27938e-06
2  6.0  9.96421e-07
2  5.5  2.26916e-06
2  7.5  1.09714e-07
2  6.5  4.68793e-07
2  7.0  2.25353e-07
2  8.0  5.40566e-08
2  9.5  8.02263e-09
2  10.0  4.37323e-09
2  8.5  2.79865e-08
2  9.0  1.4634e-08
20  0.2  0.0582663
20  0.3  0.0836296
20  0.4  0.097752
20  0.5  0.103066
2  12.0  4.32602e-10
20  0.6  0.0934326
20  0.7  0.0811078
20  0.8  0.0659763
2  10.5  2.3865e-09
20  0.9  0.0510202
20  1.0  0.0405904
20  1.1  0.0306806
20  1.2  0.0235886
2  11.5  7.67202e-10
20  1.3  0.0175188
20  1.4  0.0132322
20  1.5  0.0100936
20  1.6  0.00748182
20  1.7  0.00564483
2  11.0  1.34601e-09
20  1.8  0.00426088
20  1.9  0.00335853
20  2.0  0.00250804
20  3.0  0.000206935
20  2.5  0.000669045
20  3.5  7.04066e-05
20  4.0  2.62642e-05
20  4.5  1.00759e-05
20  5.0  4.12929e-06
20  5.5  1.79766e-06
20  7.0  1.7738e-07
20  6.0  7.41685e-07
20  6.5  3.54308e-07
20  7.5  8.60316e-08
20  8.0  4.39243e-08
20  8.5  2.28359e-08
20  10.0  3.39444e-09
20  9.0  1.1811e-08
20  9.5  6.29212e-09
20  11.0  1.03954e-09
22  0.2  0.0567946
22  0.3  0.0812837
22  0.4  0.096247
22  0.5  0.0978702
22  0.6  0.0900467
22  0.7  0.0765073
22  0.8  0.0626575
20  12.0  3.41407e-10
22  0.9  0.0497625
22  1.0  0.0377872
20  10.5  1.89287e-09
22  1.1  0.0296561
22  1.2  0.0217928
22  1.5  0.00948497
22  1.4  0.0123812
22  1.3  0.0163862
22  1.7  0.00533274
22  1.6  0.00702997
22  1.8  0.00402806
22  1.9  0.00307895
22  2.0  0.002336
22  3.0  0.000196498
22  2.5  0.000639478
22  3.5  6.65191e-05
20  11.5  5.81523e-10
22  4.5  9.15359e-06
22  4.0  2.39337e-05
22  5.0  3.65718e-06
22  5.5  1.66215e-06
22  6.0  7.55103e-07
22  6.5  3.47773e-07
22  8.5  2.10435e-08
22  7.0  1.69441e-07
22  7.5  8.13669e-08
22  8.0  3.92422e-08
22  9.0  1.13578e-08
22  9.5  5.76901e-09
22  10.0  3.16724e-09
24  0.2  0.0552028
22  10.5  1.70081e-09
24  0.4  0.0929544
24  0.3  0.0793509
22  11.5  5.54337e-10
24  0.5  0.0942321
24  0.6  0.0855456
24  0.7  0.0736048
24  0.9  0.0459163
24  0.8  0.0588447
24  1.0  0.0353839
24  1.1  0.0269802
24  1.2  0.0202299
24  1.3  0.015297
24  1.5  0.00861393
24  1.4  0.0115115
24  1.6  0.00638612
24  1.7  0.00484039
24  1.8  0.00368774
24  1.9  0.00271338
24  2.0  0.00210567
24  2.5  0.000571424
24  3.5  6.07624e-05
24  3.0  0.000181004
22  11.0  9.85231e-10
22  12.0  3.09725e-10
24  4.5  8.43243e-06
24  4.0  2.22105e-05
24  6.0  6.79027e-07
24  5.0  3.2941e-06
24  5.5  1.48588e-06
24  6.5  2.95736e-07
24  7.0  1.50849e-07
24  7.5  7.3443e-08
24  8.0  3.74166e-08
24  8.5  1.91753e-08
24  9.0  9.96244e-09
24  9.5  5.20819e-09
24  10.0  2.95607e-09
26  0.2  0.0544497
26  0.3  0.0767215
26  0.4  0.0888384
24  10.5  1.59859e-09
26  0.5  0.0878008
26  0.6  0.0796454
26  0.7  0.0667671
26  0.8  0.053868
26  0.9  0.0417017
26  1.0  0.0321793
26  1.1  0.024018
26  1.2  0.018531
26  1.3  0.0140542
24  11.0  8.84669e-10
26  1.4  0.0103059
26  1.5  0.00767299
26  1.6  0.00577568
26  1.7  0.00425947
26  1.8  0.00327703
26  1.9  0.00245705
26  2.0  0.00184942
26  2.5  0.000514813
26  3.5  5.1856e-05
26  3.0  0.000159938
24  11.5  4.92334e-10
24  12.0  2.88568e-10
26  4.0  1.88855e-05
26  4.5  7.27847e-06
26  5.0  2.99268e-06
26  5.5  1.32953e-06
26  6.0  6.05504e-07
26  6.5  2.83159e-07
26  7.0  1.30421e-07
26  7.5  6.58578e-08
26  9.0  8.61566e-09
26  8.0  3.2928e-08
26  8.5  1.68044e-08
26  9.5  4.76118e-09
26  10.0  2.68592e-09
28  0.2  0.0511682
28  0.3  0.0724021
28  0.4  0.0820872
28  0.5  0.0802754
26  10.5  1.41879e-09
28  0.6  0.0704555
28  0.7  0.0590408
28  0.8  0.046938
28  0.9  0.0369723
28  1.0  0.0280034
28  1.1  0.021177
28  1.2  0.0155219
28  1.4  0.00877451
28  1.3  0.0118629
28  1.5  0.0064671
28  1.6  0.00491419
26  11.0  7.92022e-10
28  1.8  0.00279693
28  1.7  0.00363025
28  2.0  0.00158378
28  1.9  0.0020638
28  2.5  0.000443042
28  3.0  0.000132324
28  3.5  4.51346e-05
26  12.0  2.54773e-10
26  11.5  4.40488e-10
28  4.5  6.31938e-06
28  4.0  1.6428e-05
28  6.0  4.99648e-07
28  5.0  2.5841e-06
28  5.5  1.06627e-06
28  6.5  2.30881e-07
28  7.0  1.06896e-07
28  8.5  1.41064e-08
28  7.5  5.35899e-08
28  8.0  2.68642e-08
28  9.5  3.93158e-09
28  9.0  7.37836e-09
28  10.0  2.15372e-09
28  11.0  6.60382e-10
30  0.2  0.0481651
30  0.3  0.0671725
30  0.4  0.0731242
30  0.5  0.0698028
30  0.6  0.0609193
30  0.7  0.0487267
30  0.8  0.0387821
30  0.9  0.0302592
28  10.5  1.1862e-09
30  1.0  0.0226715
30  1.1  0.0169546
30  1.2  0.01275
30  1.3  0.00925871
28  11.5  3.7254e-10
30  1.5  0.00512816
30  1.4  0.00678396
30  1.6  0.00384812
30  1.7  0.00286597
30  1.8  0.00218349
30  1.9  0.00169403
28  12.0  2.1673e-10
30  2.5  0.000340222
30  2.0  0.00126011
30  3.5  3.44394e-05
30  3.0  0.000105449
30  4.0  1.24384e-05
30  4.5  4.66342e-06
30  5.0  1.93787e-06
30  5.5  8.56434e-07
30  6.0  3.78998e-07
30  6.5  1.78913e-07
30  7.0  8.38223e-08
30  8.5  1.11304e-08
30  7.5  4.23697e-08
30  9.0  5.92832e-09
30  9.5  3.09252e-09
30  8.0  2.16747e-08
30  10.0  1.65206e-09
32  0.2  0.04419
32  0.3  0.0580352
32  0.4  0.0606252
32  0.5  0.0557533
32  0.6  0.0470079
32  0.8  0.0292449
32  0.7  0.0376894
32  0.9  0.0227109
32  1.0  0.0167505
30  10.5  9.14166e-10
32  1.1  0.0123979
32  1.2  0.00913188
32  1.3  0.00683419
30  11.5  2.96742e-10
32  1.4  0.00506404
32  1.5  0.00378373
32  1.7  0.00214161
32  1.6  0.00281515
32  1.8  0.0015957
30  11.0  5.02653e-10
32  1.9  0.00118092
32  2.5  0.000231721
32  2.0  0.000892957
32  3.5  2.46565e-05
32  3.0  7.70502e-05
30  12.0  1.59335e-10
32  4.0  9.03073e-06
32  4.5  3.41848e-06
32  5.0  1.40739e-06
32  5.5  5.94866e-07
32  6.0  2.67371e-07
32  6.5  1.28518e-07
32  7.0  5.97238e-08
32  7.5  2.96233e-08
32  8.0  1.54227e-08
32  10.0  1.19285e-09
32  8.5  7.82905e-09
32  9.0  4.00905e-09
32  9.5  2.1911e-09
34  0.2  0.0369645
34  0.3  0.0458008
34  0.4  0.0457684
32  10.5  6.61415e-10
34  0.5  0.0401537
34  0.6  0.0334559
34  0.7  0.0261999
34  0.8  0.0194604
34  0.9  0.0147928
34  1.0  0.0113295
34  1.1  0.00841782
32  11.0  3.72651e-10
34  1.2  0.00612182
34  1.3  0.00447554
34  1.5  0.00247958
34  1.4  0.00330204
34  1.6  0.00181274
34  1.7  0.00136906
34  1.8  0.00104332
34  1.9  0.000795817
34  2.0  0.000620041
34  3.0  4.67013e-05
34  2.5  0.000156595
32  11.5  2.11826e-10
34  3.5  1.55533e-05
32  12.0  1.21606e-10
34  4.0  5.81097e-06
34  4.5  2.19778e-06
34  5.0  8.92558e-07
34  5.5  3.88158e-07
34  6.0  1.76309e-07
34  6.5  8.11068e-08
34  7.0  3.90952e-08
34  8.0  9.61577e-09
34  7.5  1.93295e-08
34  10.0  7.5465e-10
34  8.5  5.13601e-09
34  9.0  2.6737e-09
34  9.5  1.41511e-09
4  0.2  0.0598066
4  0.3  0.0887047
4  0.4  0.105065
34  10.5  4.29576e-10
4  0.5  0.111083
34  12.0  7.6482e-11
4  0.6  0.105241
4  0.7  0.0902656
4  0.8  0.0760246
4  0.9  0.0609114
4  1.0  0.0476387
4  1.1  0.0366369
4  1.3  0.0215173
4  1.2  0.0282011
4  1.4  0.0163394
34  11.5  1.37897e-10
4  1.6  0.00941711
4  1.5  0.012131
34  11.0  2.37276e-10
4  1.8  0.00532046
4  1.7  0.0069441
4  1.9  0.00400942
4  2.0  0.00308429
4  3.0  0.000259781
4  2.5  0.00086621
4  3.5  8.83579e-05
4  4.0  3.26107e-05
4  4.5  1.23495e-05
4  5.0  5.23539e-06
4  6.0  9.79269e-07
4  5.5  2.24302e-06
4  6.5  4.49408e-07
4  7.5  1.10583e-07
4  7.0  2.14659e-07
4  8.0  5.62267e-08
4  8.5  2.79905e-08
4  10.0  4.38583e-09
4  9.0  1.48928e-08
4  9.5  7.94958e-09
6  0.2  0.059794
6  0.3  0.0878128
6  0.4  0.106682
6  0.5  0.110617
4  10.5  2.37912e-09
4  12.0  4.27996e-10
6  0.6  0.104653
6  0.7  0.0919503
6  0.8  0.0759107
6  0.9  0.0603047
6  1.0  0.0476432
6  1.1  0.0367864
6  1.2  0.0277851
6  1.3  0.0211215
6  1.4  0.0159739
6  1.6  0.00929994
4  11.0  1.32738e-09
6  1.5  0.0120859
6  1.7  0.00697708
6  1.9  0.00404477
6  1.8  0.00526544
6  2.5  0.000844771
6  2.0  0.00305784
6  3.0  0.000257874
6  3.5  8.74214e-05
4  11.5  7.40002e-10
6  4.0  3.23448e-05
6  4.5  1.25297e-05
6  5.0  4.91423e-06
6  5.5  2.14727e-06
6  6.0  9.54115e-07
6  6.5  4.58612e-07
6  7.0  2.23843e-07
6  7.5  1.07108e-07
6  8.0  5.51193e-08
6  10.0  4.21971e-09
6  8.5  2.77579e-08
6  9.0  1.46751e-08
6  9.5  7.93066e-09
8  0.2  0.0601739
8  0.3  0.0875468
8  0.4  0.10609
8  0.5  0.110285
8  0.6  0.103452
8  0.7  0.0910797
6  12.0  4.26303e-10
6  10.5  2.32896e-09
8  0.8  0.0749858
8  0.9  0.0596682
8  1.0  0.0470785
6  11.5  7.51873e-10
8  1.1  0.0361673
8  1.2  0.027713
8  1.3  0.0206784
8  1.4  0.0157772
8  1.5  0.0121293
8  1.6  0.00898807
8  1.7  0.0068079
8  1.8  0.00522683
8  2.0  0.00306962
8  1.9  0.00396568
8  2.5  0.000819421
8  3.0  0.000253763
6  11.0  1.31935e-09
8  3.5  8.72576e-05
8  4.0  3.14254e-05
8  4.5  1.25436e-05
8  5.0  5.0436e-06
8  6.0  9.96382e-07
8  5.5  2.11411e-06
8  7.0  2.11383e-07
8  6.5  4.42491e-07
8  7.5  1.08411e-07
8  8.0  5.44864e-08
8  9.5  7.60239e-09
8  8.5  2.73368e-08
8  10.0  4.18643e-09
8  9.0  1.43941e-08
8  10.5  2.35315e-09
8  12.0  4.24861e-10
8  11.0  1.30915e-09
8  11.5  7.35358e-10
