# exclusive D0 cross section, Pb target, HymnD fragmentation, An0n channel
# generated      : 2026-08-20 11:02:48 EEST
# calls          : 1e5 below 4.0 GeV, 2e3 above (see EXCL_PT_THRESHOLD) (VEGAS calls per point, see CALLS_EXCL/CALLS_EXCL_FACTORIZED/CALLS_DIFF)
# dipole samples : data/Pb/bk_posterior/member_0039/glauber_mve_<b>
# pD0 sweep      : 0.2 0.3 0.4 0.5 0.6 0.7 0.8 0.9 1.0 1.1 1.2 1.3 1.4 1.5 1.6 1.7 1.8 1.9 2.0 2.5 3.0 3.5 4.0 4.5 5.0 5.5 6.0 6.5 7.0 7.5 8.0 8.5 9.0 9.5 10.0 10.5 11.0 11.5 12.0
# fixed rapidity y : 3.0
# ============================================================
# b  pD0  dsigma_dyd2pD0
0  0.2  0.539829
0  0.4  0.326535
0  0.3  0.428664
0  0.5  0.240597
0  0.6  0.172808
0  0.7  0.121935
0  0.8  0.0851268
0  0.9  0.0589304
0  1.1  0.0280472
0  1.0  0.0408158
0  1.3  0.0134845
0  1.4  0.00933703
0  1.2  0.0193718
0  1.5  0.00646914
0  1.7  0.00319587
0  1.6  0.00452729
0  2.0  0.00114202
0  1.8  0.00224197
0  1.9  0.0015916
0  2.5  0.00022182
0  3.0  4.67962e-05
0  3.5  1.26369e-05
0  4.0  3.12371e-06
0  4.5  8.9118e-07
0  5.0  2.72461e-07
0  5.5  8.86293e-08
0  6.0  3.04165e-08
0  6.5  1.08856e-08
0  7.0  4.08613e-09
0  7.5  1.5898e-09
0  8.0  6.41674e-10
0  9.5  5.06911e-11
0  10.0  2.26153e-11
0  8.5  2.67032e-10
0  9.0  1.14022e-10
10  0.2  0.517494
0  11.0  4.88828e-12
10  0.3  0.410145
10  0.4  0.312387
10  0.5  0.229637
10  0.6  0.164682
0  10.5  1.03814e-11
10  0.7  0.115868
10  0.8  0.0808204
0  12.0  1.13749e-12
10  0.9  0.0559187
10  1.0  0.0386214
10  1.2  0.0182581
10  1.1  0.0264836
10  1.3  0.0126149
10  1.4  0.00879882
0  11.5  2.33191e-12
10  1.5  0.00608952
10  1.7  0.00297558
10  1.6  0.00424753
10  1.8  0.00209518
10  1.9  0.00148717
10  2.0  0.00105762
10  2.5  0.000207435
10  3.0  4.33248e-05
10  3.5  1.04702e-05
10  4.0  2.88473e-06
10  4.5  8.20926e-07
10  5.0  2.50817e-07
10  6.0  2.81051e-08
10  5.5  8.12718e-08
10  7.0  3.75569e-09
10  6.5  9.98708e-09
10  7.5  1.45512e-09
10  9.0  1.04696e-10
10  8.0  5.86412e-10
10  8.5  2.44019e-10
10  9.5  4.58019e-11
10  10.5  9.51201e-12
12  0.2  0.507216
10  10.0  2.05798e-11
12  0.3  0.401707
12  0.4  0.305576
12  0.5  0.224664
12  0.6  0.160934
12  0.7  0.113287
12  0.8  0.0787982
12  0.9  0.05433
12  1.0  0.0376116
12  1.1  0.0257991
12  1.3  0.0123507
12  1.2  0.0177608
12  1.4  0.0084895
12  1.5  0.00593376
12  1.6  0.00412728
12  1.7  0.00289206
10  11.0  4.43824e-12
12  1.8  0.00203205
12  1.9  0.00146621
12  2.0  0.00105704
12  2.5  0.000201801
12  3.0  4.28479e-05
12  3.5  1.05737e-05
10  11.5  2.12253e-12
12  4.0  2.78186e-06
10  12.0  1.03324e-12
12  4.5  7.90351e-07
12  5.0  2.41022e-07
12  5.5  7.80833e-08
12  6.0  2.66944e-08
12  8.0  5.63029e-10
12  6.5  9.58312e-09
12  7.0  3.59035e-09
12  7.5  1.39744e-09
12  10.0  1.97178e-11
12  8.5  2.31592e-10
12  10.5  9.098e-12
12  9.0  9.99061e-11
12  9.5  4.38847e-11
14  0.2  0.494751
14  0.3  0.391907
14  0.4  0.297416
14  0.5  0.218445
14  0.6  0.156281
14  0.7  0.109954
14  0.8  0.0764183
14  0.9  0.0526638
14  1.0  0.036309
14  1.3  0.0119237
14  1.1  0.0249121
14  1.2  0.0171537
14  1.4  0.00817618
14  1.5  0.00568744
14  1.6  0.00398767
14  1.9  0.00142658
14  1.7  0.00278025
14  1.8  0.00195049
14  2.0  0.00100082
14  2.5  0.000192409
14  3.0  4.24862e-05
14  3.5  1.02284e-05
12  11.0  4.24611e-12
12  11.5  2.02699e-12
12  12.0  9.87985e-13
14  4.0  2.64599e-06
14  4.5  7.52722e-07
14  5.0  2.29279e-07
14  5.5  7.42634e-08
14  6.0  2.53716e-08
14  7.5  1.33102e-09
14  6.5  9.09994e-09
14  7.0  3.41284e-09
14  8.0  5.33219e-10
14  9.0  9.50386e-11
14  8.5  2.21661e-10
14  10.5  8.61166e-12
14  9.5  4.1548e-11
14  11.5  1.91856e-12
14  10.0  1.86597e-11
16  0.2  0.479097
16  0.3  0.379112
16  0.4  0.287557
16  0.5  0.210953
14  11.0  4.02587e-12
16  0.6  0.150684
16  0.7  0.105851
16  0.8  0.0734692
16  0.9  0.0506265
16  1.0  0.0347852
16  1.2  0.0164144
16  1.1  0.0238884
16  1.3  0.0113999
16  1.4  0.00787034
14  12.0  9.3385e-13
16  1.6  0.00380167
16  1.5  0.00547081
16  1.7  0.00264888
16  1.8  0.00190234
16  1.9  0.00132132
16  2.0  0.000950153
16  2.5  0.000179102
16  3.0  3.93418e-05
16  3.5  9.6402e-06
16  4.0  2.50375e-06
16  4.5  7.08603e-07
16  5.0  2.15693e-07
16  5.5  6.97358e-08
16  6.0  2.38168e-08
16  6.5  8.53343e-09
16  7.0  3.19036e-09
16  7.5  1.23963e-09
16  9.0  8.96366e-11
16  8.0  4.99071e-10
16  10.0  1.74829e-11
16  8.5  2.0738e-10
16  9.5  3.89518e-11
16  10.5  8.05436e-12
18  0.2  0.46041
18  0.3  0.363928
18  0.4  0.275661
18  0.5  0.201885
18  0.6  0.144029
18  0.7  0.100993
18  0.8  0.0699697
18  0.9  0.0482618
18  1.0  0.0329949
18  1.1  0.0226279
18  1.2  0.0155691
18  1.3  0.0107828
18  1.4  0.0074306
18  1.5  0.00511955
16  11.0  3.74288e-12
18  1.6  0.00355584
18  1.8  0.00176388
18  1.7  0.00249596
18  1.9  0.00124168
18  2.0  0.000889717
18  2.5  0.000170505
18  3.0  3.79991e-05
18  3.5  8.57925e-06
16  11.5  1.79351e-12
16  12.0  8.72192e-13
18  4.0  2.31805e-06
18  4.5  6.5714e-07
18  5.0  1.99952e-07
18  5.5  6.45184e-08
18  7.5  1.14217e-09
18  6.0  2.20086e-08
18  6.5  7.8782e-09
18  7.0  2.94485e-09
18  9.0  8.22279e-11
18  8.0  4.59925e-10
18  8.5  1.91109e-10
18  10.0  1.60551e-11
18  9.5  3.56846e-11
18  11.5  1.65018e-12
2  0.2  0.538961
2  0.3  0.427853
2  0.4  0.326
18  10.5  7.36305e-12
2  0.5  0.240127
2  0.6  0.172522
2  0.7  0.121711
2  0.8  0.084932
2  0.9  0.0588218
2  1.0  0.0407305
2  1.1  0.0279868
2  1.2  0.0193295
2  1.3  0.0134571
2  1.4  0.00931582
2  1.5  0.00645492
2  1.7  0.00318843
18  11.0  3.45186e-12
2  1.6  0.00451926
2  1.8  0.00225799
2  1.9  0.00158813
2  2.0  0.00113083
2  3.0  4.6691e-05
2  2.5  0.000223756
2  3.5  1.26686e-05
18  12.0  7.99299e-13
2  4.0  3.11418e-06
2  4.5  8.88449e-07
2  5.0  2.71576e-07
2  6.0  3.03165e-08
2  5.5  8.82056e-08
2  7.5  1.58876e-09
2  6.5  1.08502e-08
2  7.0  4.07144e-09
2  8.0  6.38118e-10
2  9.5  5.04661e-11
2  10.0  2.25655e-11
2  8.5  2.66043e-10
2  9.0  1.13617e-10
20  0.2  0.438104
20  0.3  0.345546
20  0.4  0.261468
20  0.5  0.191028
2  12.0  1.13354e-12
20  0.6  0.136006
20  0.7  0.0951542
20  0.8  0.0658159
2  10.5  1.03442e-11
20  0.9  0.0451479
20  1.0  0.0309063
20  1.1  0.021253
20  1.2  0.014568
2  11.5  2.32312e-12
20  1.3  0.0100491
20  1.4  0.00692679
20  1.5  0.00478207
20  1.6  0.00330259
20  1.7  0.00231431
2  11.0  4.85249e-12
20  1.8  0.00163234
20  1.9  0.00114381
20  2.0  0.0008139
20  3.0  3.12308e-05
20  2.5  0.000156378
20  3.5  8.10316e-06
20  4.0  2.11367e-06
20  4.5  5.97249e-07
20  5.0  1.81478e-07
20  5.5  5.85079e-08
20  7.0  2.68363e-09
20  6.0  1.9948e-08
20  6.5  7.11142e-09
20  7.5  1.03308e-09
20  8.0  4.15018e-10
20  8.5  1.72358e-10
20  10.0  1.44115e-11
20  9.0  7.34703e-11
20  9.5  3.19005e-11
20  11.0  3.11115e-12
22  0.2  0.41069
22  0.3  0.323434
22  0.4  0.244174
22  0.5  0.177941
22  0.6  0.126417
22  0.7  0.0881722
22  0.8  0.0608703
20  12.0  7.21091e-13
22  0.9  0.0416803
22  1.0  0.0284282
20  10.5  6.6297e-12
22  1.1  0.0194939
22  1.2  0.0133045
22  1.5  0.00436392
22  1.4  0.0063273
22  1.3  0.00910798
22  1.7  0.00210401
22  1.6  0.00301352
22  1.8  0.00146949
22  1.9  0.00105531
22  2.0  0.000744422
22  3.0  2.82106e-05
22  2.5  0.000140596
22  3.5  7.27668e-06
20  11.5  1.47908e-12
22  4.5  5.34773e-07
22  4.0  1.87836e-06
22  5.0  1.60624e-07
22  5.5  5.17326e-08
22  6.0  1.7583e-08
22  6.5  6.28027e-09
22  8.5  1.52752e-10
22  7.0  2.34201e-09
22  7.5  9.08155e-10
22  8.0  3.64087e-10
22  9.0  6.41611e-11
22  9.5  2.81647e-11
22  10.0  1.26219e-11
24  0.2  0.377116
22  10.5  5.78457e-12
24  0.4  0.22303
24  0.3  0.296381
22  11.5  1.29398e-12
24  0.5  0.162078
24  0.6  0.114665
24  0.7  0.079758
24  0.9  0.0374878
24  0.8  0.0548975
24  1.0  0.025515
24  1.1  0.0173998
24  1.2  0.0118638
24  1.3  0.00816234
24  1.5  0.00386344
24  1.4  0.00555849
24  1.6  0.00266108
24  1.7  0.00185124
24  1.8  0.00129199
24  1.9  0.00091082
24  2.0  0.000652075
24  2.5  0.000122366
24  3.5  6.6193e-06
24  3.0  2.58285e-05
22  11.0  2.70468e-12
22  12.0  6.25475e-13
24  4.5  4.55385e-07
24  4.0  1.6131e-06
24  6.0  1.50914e-08
24  5.0  1.3702e-07
24  5.5  4.39892e-08
24  6.5  5.32055e-09
24  7.0  1.98289e-09
24  7.5  7.6737e-10
24  8.0  3.07352e-10
24  8.5  1.27095e-10
24  9.0  5.41308e-11
24  9.5  2.37131e-11
24  10.0  1.06118e-11
26  0.2  0.335904
26  0.3  0.263169
26  0.4  0.197255
24  10.5  4.86184e-12
26  0.5  0.142807
26  0.6  0.100577
26  0.7  0.0696895
26  0.8  0.0477363
26  0.9  0.0324668
26  1.0  0.022013
26  1.1  0.0149659
26  1.2  0.010171
26  1.3  0.00692296
24  11.0  2.26788e-12
26  1.4  0.00474177
26  1.5  0.00325727
26  1.6  0.00225478
26  1.7  0.00159089
26  1.8  0.00109065
26  1.9  0.000781477
26  2.0  0.000541739
26  2.5  0.000102455
26  3.5  5.72581e-06
26  3.0  2.13721e-05
24  11.5  1.08123e-12
24  12.0  5.23209e-13
26  4.0  1.31501e-06
26  4.5  3.68196e-07
26  5.0  1.10855e-07
26  5.5  3.5474e-08
26  6.0  1.20143e-08
26  6.5  4.26967e-09
26  7.0  1.58733e-09
26  7.5  6.12097e-10
26  9.0  4.29698e-11
26  8.0  2.45085e-10
26  8.5  1.01317e-10
26  9.5  1.87801e-11
26  10.0  8.39658e-12
28  0.2  0.285765
28  0.3  0.22291
28  0.4  0.166184
28  0.5  0.119527
26  10.5  3.84147e-12
28  0.6  0.0838065
28  0.7  0.0577097
28  0.8  0.0392762
28  0.9  0.0266224
28  1.0  0.0179337
28  1.1  0.0121049
28  1.2  0.00819232
28  1.4  0.00381449
28  1.3  0.00556163
28  1.5  0.00259432
28  1.6  0.0017834
26  11.0  1.79161e-12
28  1.8  0.000872987
28  1.7  0.00123547
28  2.0  0.000421976
28  1.9  0.000604345
28  2.5  7.86879e-05
28  3.0  1.59714e-05
28  3.5  3.73317e-06
26  12.0  4.14305e-13
26  11.5  8.47908e-13
28  4.5  2.78458e-07
28  4.0  9.93821e-07
28  6.0  8.99775e-09
28  5.0  8.28337e-08
28  5.5  2.63853e-08
28  6.5  3.15537e-09
28  7.0  1.1685e-09
28  8.5  7.4434e-11
28  7.5  4.49708e-10
28  8.0  1.79383e-10
28  9.5  1.37083e-11
28  9.0  3.13778e-11
28  10.0  6.09771e-12
28  11.0  1.295e-12
30  0.2  0.226892
30  0.3  0.175887
30  0.4  0.130211
30  0.5  0.0929499
30  0.6  0.0646319
30  0.7  0.0441571
30  0.8  0.0298213
30  0.9  0.0200507
28  10.5  2.78774e-12
30  1.0  0.0134178
30  1.1  0.00901042
30  1.2  0.00605453
30  1.3  0.00409095
28  11.5  6.17825e-13
30  1.5  0.00188887
30  1.4  0.00277388
30  1.6  0.00130078
30  1.7  0.000892988
30  1.8  0.000618154
30  1.9  0.000439812
28  12.0  2.97944e-13
30  2.5  5.48125e-05
30  2.0  0.00030137
30  3.5  2.60022e-06
30  3.0  1.09956e-05
30  4.0  6.73483e-07
30  4.5  1.85851e-07
30  5.0  5.53149e-08
30  5.5  1.75181e-08
30  6.0  5.88267e-09
30  6.5  2.08023e-09
30  7.0  7.63533e-10
30  8.5  4.80125e-11
30  7.5  2.92904e-10
30  9.0  2.02927e-11
30  9.5  8.87133e-12
30  8.0  1.16426e-10
30  10.0  3.90981e-12
32  0.2  0.163886
32  0.3  0.126086
32  0.4  0.0924907
32  0.5  0.0653191
32  0.6  0.0448986
32  0.8  0.0202976
32  0.7  0.0303873
32  0.9  0.0135352
32  1.0  0.00900429
30  10.5  1.78199e-12
32  1.1  0.00597428
32  1.2  0.00398488
32  1.3  0.00267624
30  11.5  3.95095e-13
32  1.4  0.00180745
32  1.5  0.00121322
32  1.7  0.000576706
32  1.6  0.000826491
32  1.8  0.00039798
30  11.0  8.27763e-13
32  1.9  0.000276226
32  2.5  3.37699e-05
32  2.0  0.000193513
32  3.5  1.38336e-06
32  3.0  6.48586e-06
30  12.0  1.88977e-13
32  4.0  3.9558e-07
32  4.5  1.07774e-07
32  5.0  3.1555e-08
32  5.5  9.99509e-09
32  6.0  3.3278e-09
32  6.5  1.16537e-09
32  7.0  4.26842e-10
32  7.5  1.6268e-10
32  8.0  6.44441e-11
32  10.0  2.13568e-12
32  8.5  2.63448e-11
32  9.0  1.10914e-11
32  9.5  4.79565e-12
34  0.2  0.106191
34  0.3  0.080888
34  0.4  0.0585844
32  10.5  9.6519e-13
34  0.5  0.0408856
34  0.6  0.0277491
34  0.7  0.0185167
34  0.8  0.012248
34  0.9  0.00806336
34  1.0  0.00530392
34  1.1  0.00349242
32  11.0  4.46873e-13
34  1.2  0.00230263
34  1.3  0.00153678
34  1.5  0.000687138
34  1.4  0.00102176
34  1.6  0.000469321
34  1.7  0.00031538
34  1.8  0.000218513
34  1.9  0.000151172
34  2.0  0.000102773
34  3.0  3.16021e-06
34  2.5  1.78404e-05
32  11.5  2.10715e-13
34  3.5  7.45947e-07
32  12.0  1.0132e-13
34  4.0  1.9788e-07
34  4.5  5.32446e-08
34  5.0  1.55023e-08
34  5.5  4.82312e-09
34  6.0  1.59134e-09
34  6.5  5.51824e-10
34  7.0  2.00793e-10
34  8.0  2.99223e-11
34  7.5  7.59044e-11
34  10.0  9.68489e-13
34  8.5  1.2106e-11
34  9.0  5.0702e-12
34  9.5  2.18044e-12
4  0.2  0.536342
4  0.3  0.425687
4  0.4  0.32424
34  10.5  4.35071e-13
4  0.5  0.238892
34  12.0  4.53397e-14
4  0.6  0.171591
4  0.7  0.120993
4  0.8  0.0844672
4  0.9  0.058459
4  1.0  0.040474
4  1.1  0.0278056
4  1.3  0.0133721
4  1.2  0.0191997
4  1.4  0.00925169
34  11.5  9.43193e-14
4  1.6  0.00448611
4  1.5  0.00641656
34  11.0  2.00458e-13
4  1.8  0.0022503
4  1.7  0.0031504
4  1.9  0.00157597
4  2.0  0.0011228
4  3.0  4.65937e-05
4  2.5  0.000218934
4  3.5  1.25808e-05
4  4.0  3.086e-06
4  4.5  8.801e-07
4  5.0  2.6908e-07
4  6.0  3.00154e-08
4  5.5  8.73624e-08
4  6.5  1.07425e-08
4  7.5  1.5725e-09
4  7.0  4.0259e-09
4  8.0  6.32964e-10
4  8.5  2.64142e-10
4  10.0  2.22824e-11
4  9.0  1.12487e-10
4  9.5  4.95104e-11
6  0.2  0.531932
6  0.3  0.422225
6  0.4  0.321604
6  0.5  0.23674
4  10.5  1.02335e-11
4  12.0  1.1216e-12
6  0.6  0.169982
6  0.7  0.119737
6  0.8  0.0836185
6  0.9  0.0578826
6  1.0  0.040039
6  1.1  0.0275027
6  1.2  0.0189865
6  1.3  0.0132178
6  1.4  0.00913346
6  1.6  0.00443286
4  11.0  4.80177e-12
6  1.5  0.00634472
6  1.7  0.00311139
6  1.9  0.001584
6  1.8  0.00219203
6  2.5  0.000218996
6  2.0  0.00113868
6  3.0  4.65016e-05
6  3.5  1.0887e-05
4  11.5  2.2965e-12
6  4.0  3.04021e-06
6  4.5  8.6589e-07
6  5.0  2.64748e-07
6  5.5  8.59461e-08
6  6.0  2.94209e-08
6  6.5  1.0563e-08
6  7.0  3.96193e-09
6  7.5  1.5306e-09
6  8.0  6.21535e-10
6  10.0  2.19267e-11
6  8.5  2.58794e-10
6  9.0  1.10656e-10
6  9.5  4.86806e-11
8  0.2  0.525767
8  0.3  0.416954
8  0.4  0.317603
8  0.5  0.233738
8  0.6  0.167676
8  0.7  0.118206
6  12.0  1.10133e-12
6  10.5  1.00509e-11
8  0.8  0.0824226
8  0.9  0.0570655
8  1.0  0.0393267
6  11.5  2.25961e-12
8  1.1  0.027065
8  1.2  0.018676
8  1.3  0.0128956
8  1.4  0.0090013
8  1.5  0.00621802
8  1.6  0.00435894
8  1.7  0.00304925
8  1.8  0.00214542
8  2.0  0.00108912
8  1.9  0.00152613
8  2.5  0.000215227
8  3.0  4.54672e-05
6  11.0  4.71452e-12
8  3.5  1.07902e-05
8  4.0  2.97373e-06
8  4.5  8.46264e-07
8  5.0  2.58704e-07
8  6.0  2.88141e-08
8  5.5  8.39233e-08
8  7.0  3.90416e-09
8  6.5  1.03112e-08
8  7.5  1.50377e-09
8  8.0  6.06551e-10
8  9.5  4.77119e-11
8  8.5  2.51801e-10
8  10.0  2.13864e-11
8  9.0  1.07891e-10
8  10.5  9.79935e-12
8  12.0  1.07349e-12
8  11.0  4.59712e-12
8  11.5  2.19586e-12
