# diffractive D0 cross section, Pb target, HymnD fragmentation, An0n channel
# generated      : 2026-08-20 11:05:55 EEST
# calls          : 1e5 (VEGAS calls per point, see CALLS_EXCL/CALLS_EXCL_FACTORIZED/CALLS_DIFF)
# dipole samples : data/Pb/bk_posterior/member_0085/glauber_mve_<b>
# pD0 sweep      : 0.2 0.3 0.4 0.5 0.6 0.7 0.8 0.9 1.0 1.1 1.2 1.3 1.4 1.5 1.6 1.7 1.8 1.9 2.0 2.5 3.0 3.5 4.0 4.5 5.0 5.5 6.0 6.5 7.0 7.5 8.0 8.5 9.0 9.5 10.0 10.5 11.0 11.5 12.0
# fixed rapidity y : 1.0
# ============================================================
# b  pD0  dsigma_dyd2pD0
0  0.3  0.629426
0  0.2  0.4365
0  0.5  0.863233
0  0.4  0.791356
0  0.6  0.866358
0  0.8  0.714728
0  0.7  0.80989
0  0.9  0.620479
0  1.0  0.52208
0  1.1  0.431101
0  1.2  0.356047
0  1.4  0.232291
0  1.3  0.28813
0  1.5  0.190231
0  1.7  0.123465
0  1.6  0.153627
0  1.8  0.10076
0  2.0  0.0662977
0  1.9  0.0824221
0  2.5  0.0258328
0  3.0  0.0112061
0  3.5  0.00524872
0  5.0  0.0007857
0  4.0  0.00255032
0  4.5  0.00140575
0  5.5  0.000465338
0  6.5  0.000177331
0  6.0  0.000280416
0  7.0  0.000111958
0  7.5  7.37604e-05
0  8.0  4.88376e-05
0  8.5  3.32478e-05
0  9.5  1.69723e-05
0  9.0  2.33215e-05
0  10.0  1.22909e-05
0  10.5  8.86804e-06
0  11.0  6.25031e-06
10  0.2  0.419701
10  0.3  0.618521
10  0.4  0.782177
10  0.5  0.847558
0  11.5  4.68018e-06
10  0.6  0.849986
10  0.7  0.798713
10  0.8  0.705082
10  0.9  0.599615
10  1.1  0.415785
10  1.0  0.505626
10  1.2  0.341431
10  1.3  0.274274
10  1.4  0.224588
10  1.6  0.143507
10  1.5  0.179629
10  1.8  0.096782
10  1.7  0.11753
10  1.9  0.0775806
10  2.0  0.0647922
10  3.0  0.0106835
10  2.5  0.0248652
10  3.5  0.00494907
0  12.0  3.61583e-06
10  4.5  0.00133707
10  4.0  0.00246702
10  5.0  0.00073955
10  5.5  0.000440798
10  6.0  0.000263954
10  7.0  0.000108757
10  7.5  6.86843e-05
10  6.5  0.000163239
10  8.0  4.67188e-05
10  8.5  3.21834e-05
10  9.5  1.57664e-05
10  9.0  2.2419e-05
10  10.0  1.14288e-05
10  10.5  8.476e-06
12  0.2  0.424212
10  11.0  5.95577e-06
12  0.3  0.612257
12  0.4  0.76958
12  0.5  0.845495
10  11.5  4.57129e-06
12  0.6  0.837825
12  0.7  0.774884
12  0.8  0.705277
12  0.9  0.599025
12  1.0  0.499791
12  1.1  0.405574
12  1.2  0.333939
12  1.4  0.21934
12  1.3  0.275103
12  1.6  0.142952
12  1.5  0.176739
12  1.7  0.115894
12  1.8  0.0931639
12  2.0  0.0626264
12  1.9  0.0767802
12  2.5  0.0244182
12  3.0  0.0105764
12  3.5  0.00484229
10  12.0  3.33753e-06
12  4.0  0.00241385
12  4.5  0.00129409
12  5.0  0.000737173
12  6.0  0.000259052
12  5.5  0.000429065
12  7.0  0.000104175
12  7.5  6.63753e-05
12  6.5  0.00016404
12  8.0  4.61558e-05
12  8.5  3.19242e-05
12  9.5  1.55398e-05
12  9.0  2.19318e-05
12  10.5  8.26668e-06
14  0.2  0.422294
12  11.0  6.02102e-06
12  10.0  1.11208e-05
14  0.3  0.610555
14  0.4  0.763122
14  0.5  0.832454
14  0.6  0.828399
14  0.7  0.768449
14  0.8  0.681189
12  11.5  4.4292e-06
14  0.9  0.595203
14  1.0  0.479468
14  1.1  0.401471
14  1.2  0.332301
14  1.3  0.264229
14  1.4  0.214322
14  1.5  0.175543
14  1.6  0.139602
14  1.7  0.112285
14  1.8  0.0912792
14  1.9  0.0729556
14  2.0  0.0610303
14  2.5  0.0236616
14  3.0  0.0100174
14  3.5  0.00467195
12  12.0  3.32332e-06
14  4.5  0.0012676
14  5.0  0.000722164
14  4.0  0.00232033
14  7.0  0.000100259
14  5.5  0.000420265
14  6.5  0.000158774
14  6.0  0.000250849
14  7.5  6.69027e-05
14  8.0  4.42806e-05
14  8.5  3.04003e-05
14  9.5  1.49681e-05
14  9.0  2.13215e-05
14  10.5  7.79386e-06
14  10.0  1.07671e-05
16  0.2  0.413477
14  11.0  5.73789e-06
16  0.3  0.603406
16  0.4  0.749682
16  0.5  0.822105
16  0.6  0.816267
16  0.7  0.761504
14  11.5  4.36623e-06
16  0.8  0.66469
16  0.9  0.569643
16  1.0  0.480147
16  1.1  0.387852
16  1.2  0.320628
16  1.3  0.259717
16  1.4  0.208439
16  1.5  0.16681
16  1.6  0.134467
16  1.7  0.109436
16  1.8  0.0887449
16  1.9  0.0718729
16  2.0  0.0590188
16  2.5  0.0227291
16  3.0  0.0097321
16  3.5  0.00457028
14  12.0  3.13192e-06
16  4.0  0.00228062
16  4.5  0.00121635
16  5.0  0.00067618
16  5.5  0.000403988
16  6.0  0.000240487
16  6.5  0.000149434
16  7.0  9.66275e-05
16  7.5  6.22904e-05
16  8.0  4.36897e-05
16  9.0  2.07756e-05
16  8.5  2.93738e-05
16  9.5  1.49533e-05
16  10.5  7.53617e-06
16  10.0  1.03921e-05
18  0.2  0.408212
16  11.0  5.68118e-06
18  0.3  0.599578
18  0.4  0.747265
16  11.5  4.081e-06
18  0.5  0.806879
18  0.6  0.794922
18  0.7  0.738541
18  0.8  0.643674
18  0.9  0.550904
18  1.0  0.458166
18  1.1  0.37619
18  1.2  0.304785
18  1.3  0.252373
18  1.4  0.197705
18  1.5  0.160963
18  1.6  0.129619
18  1.7  0.10433
18  1.8  0.0851863
18  1.9  0.069374
18  2.0  0.0566958
18  3.0  0.00922687
18  2.5  0.0217675
18  3.5  0.00431094
16  12.0  2.99441e-06
18  4.0  0.00214838
18  4.5  0.00116296
18  6.0  0.000230213
18  5.5  0.000390247
18  5.0  0.000662034
18  6.5  0.000147835
18  7.0  9.35145e-05
18  7.5  6.14154e-05
18  8.5  2.78672e-05
18  8.0  4.07152e-05
18  9.5  1.36934e-05
18  9.0  1.99805e-05
18  10.5  7.19228e-06
18  10.0  1.00519e-05
2  0.2  0.432733
2  0.3  0.630024
18  11.0  5.3773e-06
2  0.4  0.789245
2  0.5  0.868737
2  0.6  0.869777
2  0.7  0.814662
2  0.8  0.713716
18  11.5  3.99247e-06
2  0.9  0.622421
2  1.0  0.525354
2  1.1  0.431501
2  1.2  0.360221
2  1.3  0.288673
2  1.4  0.231744
2  1.5  0.192198
2  1.6  0.152644
2  1.7  0.12305
2  1.8  0.0999124
2  2.0  0.0663999
2  1.9  0.0825014
2  2.5  0.0263263
2  3.5  0.00522904
2  3.0  0.0111354
18  12.0  2.92035e-06
2  5.0  0.000789363
2  4.0  0.00261178
2  4.5  0.00139542
2  6.5  0.000169648
2  5.5  0.000453263
2  6.0  0.000283072
2  7.0  0.00010923
2  7.5  7.22527e-05
2  8.0  4.9587e-05
2  8.5  3.36815e-05
2  9.5  1.65396e-05
2  9.0  2.41788e-05
2  10.5  8.62079e-06
2  10.0  1.21505e-05
2  11.0  6.47504e-06
20  0.2  0.401767
20  0.3  0.588405
20  0.4  0.737793
20  0.5  0.786786
20  0.6  0.771968
2  11.5  4.88629e-06
20  0.7  0.706704
20  0.8  0.621687
20  0.9  0.527237
20  1.0  0.437748
20  1.1  0.360159
20  1.2  0.290642
20  1.3  0.233798
20  1.4  0.189631
20  1.6  0.12368
20  1.5  0.151633
20  1.7  0.0990714
20  1.9  0.0655547
20  2.0  0.0532161
20  1.8  0.0800139
20  2.5  0.0208596
20  3.0  0.00865594
20  3.5  0.00410807
2  12.0  3.62213e-06
20  5.5  0.000365637
20  4.0  0.00202601
20  4.5  0.00111138
20  5.0  0.00063154
20  6.0  0.000219217
20  6.5  0.00013324
20  7.0  8.84271e-05
20  7.5  5.78565e-05
20  8.5  2.65567e-05
20  8.0  3.7498e-05
20  9.5  1.31025e-05
20  9.0  1.85411e-05
20  10.0  9.32211e-06
20  10.5  6.74945e-06
22  0.2  0.399519
22  0.3  0.576213
22  0.4  0.708153
22  0.5  0.762318
22  0.6  0.74702
22  0.7  0.686954
20  11.0  4.92191e-06
22  0.8  0.587286
22  0.9  0.499958
22  1.0  0.417788
22  1.1  0.340618
22  1.2  0.274865
22  1.3  0.224623
22  1.4  0.176929
20  11.5  3.6782e-06
22  1.5  0.142669
22  1.6  0.114222
22  1.7  0.0926945
22  1.8  0.0748376
22  1.9  0.0610553
22  2.0  0.0497723
22  2.5  0.0192391
22  3.0  0.00810338
22  3.5  0.00380634
22  4.5  0.00102975
20  12.0  2.75716e-06
22  5.0  0.000561499
22  4.0  0.00191847
22  5.5  0.000333871
22  6.0  0.000198658
22  6.5  0.000121442
22  7.0  8.17677e-05
22  7.5  5.42248e-05
22  8.0  3.58181e-05
22  9.0  1.72791e-05
22  8.5  2.44392e-05
22  9.5  1.18811e-05
22  10.0  8.63814e-06
22  10.5  6.2575e-06
24  0.2  0.385607
24  0.3  0.560668
24  0.4  0.68183
24  0.5  0.740661
24  0.6  0.70556
24  0.7  0.644162
24  0.8  0.556504
22  11.0  4.65347e-06
22  11.5  3.45408e-06
24  0.9  0.464948
24  1.0  0.386449
24  1.1  0.313113
24  1.2  0.2516
24  1.4  0.16393
24  1.3  0.204185
24  1.5  0.131525
24  1.6  0.105492
24  1.7  0.0847918
24  1.9  0.055941
24  1.8  0.0686114
24  2.5  0.0175518
24  2.0  0.0454905
24  3.0  0.0073772
24  3.5  0.00347812
24  5.0  0.000503617
22  12.0  2.55649e-06
24  4.5  0.000926444
24  4.0  0.00175138
24  6.0  0.000186205
24  5.5  0.000308254
24  6.5  0.000116769
24  7.0  7.44729e-05
24  7.5  4.75272e-05
24  8.0  3.34065e-05
24  8.5  2.24816e-05
24  10.0  7.91092e-06
24  9.5  1.09149e-05
24  9.0  1.5322e-05
26  0.2  0.379589
24  10.5  5.74308e-06
26  0.3  0.540333
26  0.4  0.653189
26  0.5  0.682328
26  0.6  0.658476
26  0.7  0.596353
26  0.9  0.427812
26  0.8  0.50607
26  1.0  0.348059
26  1.1  0.287727
26  1.2  0.227161
26  1.3  0.18266
26  1.4  0.147388
26  1.5  0.115781
26  1.6  0.09389
26  1.7  0.0755977
26  1.8  0.0612101
26  1.9  0.0495016
26  2.0  0.0405054
24  11.0  4.19308e-06
26  2.5  0.0153025
26  3.0  0.00658597
26  3.5  0.00305641
24  11.5  3.10826e-06
24  12.0  2.38816e-06
26  5.0  0.000464963
26  4.0  0.0015456
26  4.5  0.000803466
26  5.5  0.000263642
26  6.0  0.000165149
26  8.0  2.88021e-05
26  6.5  9.90197e-05
26  7.0  6.49288e-05
26  7.5  4.29784e-05
26  9.5  9.753e-06
26  8.5  1.96098e-05
26  10.0  6.8916e-06
26  9.0  1.36416e-05
26  10.5  4.98861e-06
28  0.2  0.360346
28  0.3  0.516751
28  0.4  0.600127
28  0.5  0.62716
28  0.6  0.589203
26  11.5  2.75953e-06
28  0.7  0.525144
28  0.8  0.445079
28  0.9  0.367784
28  1.0  0.29857
28  1.1  0.241849
26  11.0  3.67277e-06
28  1.3  0.155032
28  1.2  0.1948
28  1.5  0.100464
28  1.4  0.124657
28  1.6  0.0796483
28  1.7  0.0644275
28  1.9  0.0417918
28  1.8  0.0514142
28  2.0  0.0339382
28  2.5  0.0129474
28  3.0  0.00555761
28  3.5  0.00265728
26  12.0  2.00944e-06
28  5.5  0.000225927
28  5.0  0.000388591
28  4.0  0.00130741
28  4.5  0.000697721
28  6.0  0.000133985
28  6.5  8.5845e-05
28  8.0  2.42013e-05
28  7.0  5.47213e-05
28  7.5  3.63448e-05
28  9.5  8.0568e-06
28  9.0  1.13643e-05
28  8.5  1.64976e-05
28  10.0  5.7963e-06
28  10.5  4.21054e-06
30  0.2  0.334449
30  0.3  0.458627
30  0.4  0.54092
30  0.5  0.540399
30  0.6  0.501832
30  0.7  0.437674
30  0.8  0.365264
28  11.5  2.3218e-06
30  0.9  0.299296
30  1.0  0.24087
30  1.1  0.194215
30  1.2  0.153887
28  11.0  3.12731e-06
30  1.3  0.123925
30  1.4  0.100229
30  1.5  0.0790209
30  1.6  0.0638957
30  1.7  0.0512942
30  1.8  0.0406951
30  1.9  0.033315
30  2.0  0.0263598
30  2.5  0.0103437
30  3.0  0.00449535
30  3.5  0.00204895
28  12.0  1.72007e-06
30  4.5  0.000542662
30  5.0  0.000296271
30  4.0  0.00098264
30  5.5  0.000179052
30  6.0  0.000108733
30  6.5  6.75233e-05
30  7.0  4.30513e-05
30  7.5  2.85959e-05
30  8.0  1.91713e-05
30  9.0  8.91235e-06
30  9.5  6.389e-06
30  8.5  1.28376e-05
30  10.0  4.51722e-06
30  10.5  3.31925e-06
30  11.0  2.40566e-06
32  0.2  0.290304
32  0.3  0.398064
32  0.4  0.449539
32  0.5  0.43513
32  0.6  0.393189
32  0.7  0.335938
32  0.8  0.274761
30  11.5  1.77269e-06
32  1.0  0.180625
32  0.9  0.226446
32  1.1  0.144169
32  1.2  0.115088
32  1.3  0.0916249
32  1.4  0.0716287
32  1.5  0.0561873
32  1.7  0.0369126
32  1.6  0.0454558
32  1.9  0.0237354
32  2.0  0.0195281
32  1.8  0.0292494
32  2.5  0.00728612
32  3.0  0.00314275
30  12.0  1.35521e-06
32  3.5  0.00144107
32  4.0  0.000738344
32  4.5  0.00038521
32  5.0  0.000215924
32  5.5  0.000126337
32  6.5  4.73582e-05
32  7.0  3.0392e-05
32  6.0  7.6376e-05
32  8.5  9.13212e-06
32  7.5  1.98114e-05
32  8.0  1.32942e-05
32  9.0  6.37059e-06
32  9.5  4.62067e-06
32  10.0  3.22856e-06
32  10.5  2.36827e-06
34  0.2  0.247673
34  0.3  0.314945
34  0.4  0.336048
32  11.0  1.7585e-06
34  0.5  0.319074
34  0.6  0.272534
34  0.7  0.225079
34  0.8  0.186399
34  0.9  0.150366
34  1.0  0.12073
34  1.1  0.0953592
34  1.2  0.0739518
32  11.5  1.30018e-06
34  1.3  0.0585813
34  1.4  0.04732
34  1.5  0.037689
34  1.6  0.0298572
34  1.7  0.0246218
34  1.8  0.0194031
34  1.9  0.0158391
34  2.0  0.0127549
34  2.5  0.00484583
34  3.0  0.00203447
34  3.5  0.000927887
32  12.0  9.7285e-07
34  4.0  0.000461815
34  4.5  0.00025056
34  5.0  0.000139786
34  5.5  8.05922e-05
34  7.0  1.9536e-05
34  6.5  3.00169e-05
34  6.0  4.87654e-05
34  8.0  8.60046e-06
34  7.5  1.27408e-05
34  8.5  5.98313e-06
34  9.0  4.07857e-06
34  9.5  2.88582e-06
34  10.5  1.53005e-06
34  10.0  2.12727e-06
4  0.2  0.44271
4  0.3  0.628176
4  0.4  0.782854
4  0.5  0.871522
4  0.6  0.863301
4  0.8  0.725341
4  0.7  0.801597
34  11.5  8.30952e-07
4  0.9  0.623501
4  1.0  0.520225
4  1.1  0.427694
4  1.2  0.346704
4  1.3  0.281201
4  1.4  0.234349
34  11.0  1.12464e-06
4  1.5  0.186753
4  1.6  0.150987
4  1.7  0.123912
4  1.8  0.100243
4  1.9  0.0812039
34  12.0  6.22393e-07
4  2.0  0.0657882
4  2.5  0.0259357
4  3.0  0.01105
4  3.5  0.00512312
4  4.0  0.00258295
4  4.5  0.00137971
4  5.0  0.000778537
4  5.5  0.000443576
4  6.5  0.000174194
4  6.0  0.000272985
4  7.0  0.000108416
4  7.5  7.38124e-05
4  8.0  4.99237e-05
4  8.5  3.36486e-05
4  9.5  1.66498e-05
4  9.0  2.35315e-05
4  10.5  8.86422e-06
4  10.0  1.18754e-05
6  0.2  0.43151
4  11.0  6.28352e-06
6  0.3  0.624351
6  0.4  0.785936
6  0.5  0.869576
4  11.5  4.78336e-06
6  0.6  0.861478
6  0.7  0.807988
6  0.8  0.712181
6  1.0  0.517599
6  0.9  0.615806
6  1.1  0.423658
6  1.3  0.287339
6  1.2  0.349293
6  1.4  0.228754
6  1.5  0.184908
6  1.6  0.149808
6  1.7  0.121375
6  1.8  0.0986126
6  1.9  0.080929
6  2.5  0.0260277
6  2.0  0.0663452
6  3.0  0.0110247
6  3.5  0.00512773
4  12.0  3.46813e-06
6  4.0  0.00257781
6  4.5  0.00135533
6  5.0  0.000786479
6  5.5  0.000450006
6  6.0  0.000276263
6  6.5  0.000175214
6  7.0  0.000106986
6  7.5  7.28387e-05
6  8.0  4.8491e-05
6  9.5  1.63636e-05
6  8.5  3.34851e-05
6  9.0  2.29845e-05
6  10.5  8.77827e-06
6  10.0  1.21708e-05
8  0.2  0.42575
6  11.0  6.41387e-06
8  0.3  0.623084
8  0.4  0.787333
8  0.5  0.855317
6  11.5  4.64325e-06
8  0.6  0.868858
8  0.8  0.716067
8  0.7  0.797035
8  1.0  0.51562
8  0.9  0.611944
8  1.1  0.420706
8  1.2  0.343573
8  1.3  0.28069
8  1.4  0.227206
8  1.5  0.1833
8  1.6  0.149463
8  1.7  0.122236
8  1.9  0.0787928
8  1.8  0.097033
8  2.0  0.0647918
8  2.5  0.025591
8  3.0  0.0109213
8  3.5  0.0050083
6  12.0  3.55964e-06
8  5.0  0.000763454
8  4.0  0.0025389
8  4.5  0.0013536
8  6.0  0.000273712
8  5.5  0.000446981
8  7.0  0.000108312
8  7.5  7.28899e-05
8  6.5  0.000170188
8  8.0  4.78974e-05
8  9.5  1.61305e-05
8  8.5  3.27965e-05
8  9.0  2.25761e-05
8  10.0  1.15878e-05
8  11.0  6.09559e-06
8  10.5  8.61942e-06
8  11.5  4.67892e-06
8  12.0  3.4037e-06
