# exclusive D0 cross section, Pb target, LHAPDF fragmentation, An0n channel
# generated      : 2026-08-20 11:05:55 EEST
# calls          : 1e5 below 4.0 GeV, 2e3 above (see EXCL_PT_THRESHOLD) (VEGAS calls per point, see CALLS_EXCL/CALLS_EXCL_FACTORIZED/CALLS_DIFF)
# dipole samples : data/Pb/bk_posterior/member_0085/glauber_mve_<b>
# pD0 sweep      : 0.2 0.3 0.4 0.5 0.6 0.7 0.8 0.9 1.0 1.1 1.2 1.3 1.4 1.5 1.6 1.7 1.8 1.9 2.0 2.5 3.0 3.5 4.0 4.5 5.0 5.5 6.0 6.5 7.0 7.5 8.0 8.5 9.0 9.5 10.0 10.5 11.0 11.5 12.0
# fixed rapidity y : -1.0
# ============================================================
# b  pD0  dsigma_dyd2pD0
0  0.2  3.11967
0  0.4  1.96991
0  0.5  1.49362
0  0.6  1.10822
0  0.3  2.52406
0  0.7  0.80857
0  0.9  0.424793
0  0.8  0.587655
0  1.0  0.305141
0  1.2  0.159998
0  1.1  0.219682
0  1.3  0.115349
0  1.4  0.0829801
0  1.7  0.033643
0  1.5  0.0602896
0  1.6  0.0453269
0  1.8  0.0251169
0  1.9  0.0187822
0  2.0  0.0143571
0  2.5  0.00354163
0  3.0  0.000664273
0  3.5  2.34528e-05
0  4.0  0.000112669
0  5.5  7.95106e-06
0  4.5  4.3119e-05
0  5.0  1.79904e-05
0  7.0  9.78299e-07
0  6.0  3.76917e-06
0  8.0  3.06903e-07
0  6.5  1.8821e-06
0  8.5  1.80948e-07
0  7.5  5.41881e-07
0  9.5  6.99481e-08
0  9.0  1.12679e-07
0  10.0  4.50585e-08
0  10.5  2.99112e-08
10  0.2  2.94458
10  0.3  2.37705
10  0.4  1.85374
10  0.5  1.39969
10  0.6  1.0375
10  0.7  0.755932
0  11.0  2.03909e-08
10  0.8  0.54716
10  0.9  0.392762
10  1.0  0.282982
10  1.2  0.147041
10  1.1  0.203432
10  1.3  0.105132
10  1.4  0.0768629
10  1.5  0.0552643
10  1.6  0.0413618
10  1.7  0.0314662
0  11.5  1.40297e-08
10  2.0  0.0131442
10  1.8  0.0230113
10  1.9  0.0172869
10  2.5  0.0033317
10  3.0  0.000884164
10  3.5  0.000147031
0  12.0  9.87615e-09
10  5.0  1.62102e-05
10  4.0  0.000101608
10  4.5  3.90437e-05
10  5.5  7.21095e-06
10  6.0  3.42261e-06
10  7.5  4.88715e-07
10  6.5  1.70231e-06
10  8.5  1.63584e-07
10  7.0  8.96935e-07
10  8.0  2.81748e-07
10  9.0  1.00656e-07
10  10.0  4.06151e-08
10  10.5  2.69012e-08
10  9.5  6.3645e-08
12  0.2  2.86204
10  11.0  1.8312e-08
12  0.3  2.31037
12  0.4  1.79888
12  0.5  1.3587
12  0.6  1.00599
12  0.7  0.732766
12  0.8  0.528689
12  0.9  0.379182
12  1.0  0.273235
12  1.1  0.19563
12  1.2  0.140822
12  1.3  0.101107
12  1.5  0.0547661
12  1.4  0.0733494
10  11.5  1.27603e-08
12  1.6  0.0393804
12  1.7  0.0302088
12  1.8  0.0222783
12  1.9  0.0160273
12  2.0  0.0123889
12  3.0  0.000834843
12  2.5  0.0030599
12  3.5  0.000208027
10  12.0  8.67375e-09
12  4.0  9.73032e-05
12  5.0  1.54699e-05
12  4.5  3.72522e-05
12  5.5  6.88029e-06
12  6.0  3.26776e-06
12  6.5  1.62305e-06
12  8.0  2.64466e-07
12  8.5  1.55933e-07
12  7.0  8.54261e-07
12  7.5  4.67774e-07
12  9.0  9.57941e-08
12  9.5  6.00867e-08
12  10.0  3.87712e-08
12  10.5  2.58159e-08
12  12.0  8.38328e-09
14  0.2  2.76585
14  0.3  2.22943
14  0.4  1.73401
12  11.5  1.20613e-08
14  0.5  1.30658
14  0.6  0.963537
14  0.7  0.700918
14  0.8  0.506302
14  0.9  0.363148
12  11.0  1.75989e-08
14  1.0  0.261013
14  1.1  0.186817
14  1.2  0.134423
14  1.3  0.0968208
14  1.4  0.0708901
14  1.5  0.0523562
14  1.6  0.0371235
14  1.7  0.0277947
14  1.8  0.0208047
14  1.9  0.0157991
14  2.0  0.0121834
14  3.0  0.000683893
14  2.5  0.00290252
14  3.5  0.000330314
14  4.0  9.14816e-05
14  5.0  1.45805e-05
14  4.5  3.49789e-05
14  7.0  7.94433e-07
14  5.5  6.4737e-06
14  6.0  3.07661e-06
14  6.5  1.53643e-06
14  8.0  2.48821e-07
14  8.5  1.46804e-07
14  7.5  4.4007e-07
14  9.0  9.01768e-08
14  10.0  3.65851e-08
14  9.5  5.73893e-08
14  11.5  1.12658e-08
14  12.0  7.89238e-09
16  0.2  2.6463
16  0.3  2.13179
14  10.5  2.44041e-08
16  0.4  1.65479
16  0.5  1.24759
16  0.6  0.915902
16  0.7  0.664929
16  0.8  0.479561
14  11.0  1.65494e-08
16  0.9  0.344657
16  1.0  0.246401
16  1.1  0.176428
16  1.2  0.126748
16  1.3  0.0918053
16  1.4  0.0665969
16  1.5  0.048816
16  1.6  0.0346553
16  1.7  0.0262445
16  1.8  0.0195002
16  2.0  0.0110207
16  1.9  0.0145179
16  2.5  0.00238151
16  3.0  0.000720873
16  3.5  0.000183785
16  4.0  8.51884e-05
16  4.5  3.26315e-05
16  5.0  1.34505e-05
16  5.5  5.99662e-06
16  7.5  4.06828e-07
16  6.0  2.85983e-06
16  8.0  2.30589e-07
16  6.5  1.41905e-06
16  7.0  7.4652e-07
16  9.0  8.37458e-08
16  8.5  1.38586e-07
16  10.0  3.3884e-08
16  9.5  5.32729e-08
16  10.5  2.25019e-08
18  0.2  2.50715
18  0.3  2.01495
16  11.0  1.52378e-08
18  0.4  1.56142
18  0.5  1.17421
18  0.6  0.862096
18  0.7  0.624527
18  0.8  0.448423
18  0.9  0.320565
18  1.0  0.229944
18  1.1  0.16384
18  1.3  0.0852899
18  1.2  0.117366
18  1.5  0.0446497
18  1.4  0.0615531
18  1.6  0.0330071
16  11.5  1.06174e-08
18  1.7  0.0247279
18  1.8  0.0181165
18  1.9  0.0133387
18  2.0  0.0104106
18  2.5  0.00238631
16  12.0  7.44246e-09
18  3.0  0.000611348
18  3.5  0.000308094
18  4.0  7.80456e-05
18  4.5  2.97501e-05
18  5.0  1.23867e-05
18  5.5  5.47984e-06
18  7.0  6.71866e-07
18  7.5  3.67778e-07
18  6.0  2.6079e-06
18  8.0  2.10139e-07
18  6.5  1.29429e-06
18  8.5  1.24232e-07
18  9.5  4.77099e-08
18  9.0  7.63599e-08
18  10.0  3.09979e-08
2  0.2  3.11289
18  10.5  2.07739e-08
2  0.3  2.51877
18  12.0  6.68297e-09
2  0.4  1.96543
2  0.5  1.49058
2  0.6  1.10672
2  0.7  0.806983
2  0.8  0.585575
2  0.9  0.422136
2  1.0  0.304917
18  11.0  1.3971e-08
2  1.1  0.218908
2  1.2  0.159378
2  1.3  0.11367
2  1.4  0.0836183
2  1.6  0.0452172
2  1.5  0.0601818
2  1.7  0.0333183
18  11.5  9.69439e-09
2  1.8  0.0244891
2  1.9  0.0187974
2  2.5  0.00376467
2  2.0  0.0142547
2  3.0  0.00104527
2  3.5  0.000264645
2  4.0  0.000112244
2  5.5  7.92994e-06
2  4.5  4.29638e-05
2  5.0  1.79217e-05
2  6.0  3.75449e-06
2  8.0  3.05758e-07
2  6.5  1.87481e-06
2  7.0  9.87674e-07
2  8.5  1.80252e-07
2  7.5  5.39808e-07
2  9.0  1.10709e-07
2  9.5  6.96437e-08
2  10.5  2.96429e-08
2  10.0  4.53347e-08
20  0.2  2.33917
20  0.3  1.87641
20  0.4  1.45088
20  0.5  1.08726
20  0.6  0.796503
20  0.7  0.575589
20  0.8  0.412344
2  11.0  2.03723e-08
20  0.9  0.293888
20  1.0  0.210226
20  1.1  0.150083
20  1.2  0.106821
20  1.3  0.0765184
2  11.5  1.40286e-08
20  1.4  0.0550281
20  1.5  0.0399161
20  1.7  0.0225081
20  1.6  0.0294609
20  1.8  0.0163769
20  1.9  0.0122949
20  2.0  0.00944876
20  3.0  0.000700075
20  2.5  0.00207832
20  3.5  3.43983e-05
2  12.0  9.77729e-09
20  4.0  6.96485e-05
20  4.5  2.64803e-05
20  5.0  1.09601e-05
20  5.5  4.89293e-06
20  7.0  5.98277e-07
20  7.5  3.30654e-07
20  6.0  2.32252e-06
20  6.5  1.15082e-06
20  8.0  1.87038e-07
20  8.5  1.11478e-07
20  9.0  6.88943e-08
20  9.5  4.31804e-08
20  11.0  1.23398e-08
20  10.0  2.78493e-08
22  0.2  2.13965
20  11.5  8.46192e-09
22  0.3  1.71227
20  10.5  1.83391e-08
22  0.4  1.32012
22  0.5  0.985361
22  0.6  0.720391
22  0.7  0.518199
20  12.0  5.95464e-09
22  0.8  0.37008
22  0.9  0.263109
22  1.0  0.187072
22  1.1  0.133345
22  1.2  0.0947838
22  1.3  0.0693789
22  1.5  0.0353502
22  1.4  0.0486687
22  1.6  0.025866
22  1.7  0.0190881
22  1.8  0.0143169
22  1.9  0.0104256
22  2.0  0.0081431
22  2.5  0.00172218
22  3.0  0.000563158
22  3.5  0.000155553
22  4.0  6.02283e-05
22  4.5  2.31029e-05
22  5.0  9.4889e-06
22  6.0  1.99438e-06
22  5.5  4.22785e-06
22  6.5  9.84829e-07
22  7.5  2.85498e-07
22  8.0  1.61311e-07
22  7.0  5.23591e-07
22  8.5  9.61801e-08
22  9.0  5.85071e-08
22  9.5  3.7369e-08
22  10.0  2.40612e-08
22  10.5  1.57898e-08
24  0.2  1.90263
24  0.3  1.51687
24  0.4  1.16493
22  12.0  5.15481e-09
22  11.5  7.37442e-09
24  0.5  0.865923
24  0.6  0.62867
22  11.0  1.07806e-08
24  0.7  0.452051
24  0.8  0.321069
24  0.9  0.227939
24  1.0  0.161083
24  1.2  0.0819469
24  1.1  0.115199
24  1.3  0.0583671
24  1.4  0.0423063
24  1.5  0.0307348
24  1.6  0.0220567
24  1.7  0.0167098
24  1.8  0.0123093
24  1.9  0.00908842
24  2.0  0.00689501
24  2.5  0.00185074
24  3.0  0.000455768
24  3.5  0.000177712
24  4.0  4.99487e-05
24  4.5  1.8939e-05
24  5.0  7.85141e-06
24  6.0  1.64655e-06
24  5.5  3.49874e-06
24  6.5  8.2171e-07
24  8.5  7.86211e-08
24  7.0  4.3275e-07
24  7.5  2.36802e-07
24  8.0  1.35294e-07
24  9.0  4.8232e-08
24  9.5  3.04619e-08
24  11.0  8.75549e-09
24  10.5  1.29734e-08
26  0.2  1.62025
24  10.0  1.98753e-08
24  11.5  6.05464e-09
26  0.3  1.28789
26  0.4  0.983596
26  0.5  0.727689
26  0.6  0.52596
26  0.7  0.375496
26  0.8  0.264751
26  0.9  0.186871
26  1.0  0.132169
26  1.1  0.0929818
26  1.2  0.0664985
26  1.3  0.0478179
26  1.4  0.0334256
26  1.5  0.0239351
26  1.6  0.0179445
26  1.7  0.0134414
26  1.8  0.00977481
26  1.9  0.00717763
26  2.0  0.00545457
26  2.5  0.001129
26  3.0  0.000308469
26  3.5  0.000205317
24  12.0  4.31545e-09
26  4.5  1.48374e-05
26  5.0  6.12359e-06
26  4.0  3.90811e-05
26  5.5  2.71295e-06
26  6.0  1.27692e-06
26  6.5  6.36264e-07
26  8.0  1.0352e-07
26  7.0  3.34987e-07
26  8.5  6.08285e-08
26  7.5  1.82372e-07
26  9.0  3.72523e-08
26  10.5  1.00956e-08
26  9.5  2.38665e-08
26  10.0  1.5374e-08
28  0.2  1.29517
26  12.0  3.26102e-09
28  0.3  1.02246
28  0.4  0.776217
28  0.5  0.569964
26  11.5  4.69917e-09
28  0.6  0.408437
28  0.7  0.289146
28  0.8  0.203191
26  11.0  6.87413e-09
28  0.9  0.14237
28  1.1  0.0704764
28  1.0  0.10005
28  1.2  0.0494572
28  1.3  0.0354854
28  1.4  0.0248995
28  1.5  0.0184117
28  1.6  0.013024
28  1.7  0.00977572
28  1.8  0.00709185
28  1.9  0.00537393
28  2.0  0.00397268
28  2.5  0.000881939
28  3.0  0.000203285
28  3.5  0.000135106
28  4.0  2.75573e-05
28  4.5  1.05571e-05
28  5.0  4.32972e-06
28  5.5  1.91792e-06
28  6.5  4.44058e-07
28  6.0  9.01267e-07
28  8.0  7.24239e-08
28  7.0  2.34615e-07
28  7.5  1.28882e-07
28  8.5  4.31228e-08
28  9.5  1.66019e-08
28  9.0  2.62915e-08
28  10.5  7.06475e-09
28  10.0  1.08397e-08
30  0.2  0.939808
30  0.3  0.736906
30  0.4  0.55355
30  0.5  0.402478
30  0.6  0.286172
30  0.7  0.200442
30  0.8  0.13968
30  0.9  0.0970142
28  11.0  4.80193e-09
30  1.0  0.0676725
30  1.1  0.0469397
30  1.2  0.0328964
30  1.3  0.0234485
30  1.4  0.0167814
30  1.5  0.0116669
30  1.6  0.00849359
30  1.7  0.00621459
30  1.8  0.00456689
28  11.5  3.32538e-09
30  2.0  0.00234247
30  1.9  0.00344867
30  3.0  0.000101579
30  2.5  0.000511682
30  3.5  2.36328e-05
28  12.0  2.3391e-09
30  5.0  2.67189e-06
30  4.0  1.72134e-05
30  4.5  6.50125e-06
30  6.0  5.55014e-07
30  5.5  1.18447e-06
30  6.5  2.75713e-07
30  8.0  4.43507e-08
30  7.0  1.44396e-07
30  7.5  7.93829e-08
30  9.0  1.61123e-08
30  8.5  2.66665e-08
30  9.5  1.01153e-08
30  10.5  4.33314e-09
30  10.0  6.57343e-09
32  0.2  0.598681
32  0.3  0.464169
32  0.4  0.344695
30  12.0  1.41906e-09
32  0.5  0.24706
32  0.6  0.173678
32  0.7  0.12045
32  0.8  0.0828762
30  11.0  2.93172e-09
32  0.9  0.0569064
32  1.0  0.0393512
32  1.1  0.0271186
32  1.2  0.019022
32  1.3  0.01334
32  1.5  0.00673792
32  1.4  0.00926686
32  1.6  0.00481671
32  1.7  0.00338681
32  1.8  0.00253208
32  1.9  0.00186108
32  2.5  0.000340385
32  2.0  0.00144445
32  3.5  3.41438e-05
32  3.0  6.59256e-05
30  11.5  2.03e-09
32  4.0  9.01349e-06
32  4.5  3.40141e-06
32  5.0  1.39322e-06
32  5.5  6.10468e-07
32  6.0  2.85782e-07
32  7.5  4.00528e-08
32  6.5  1.42421e-07
32  7.0  7.42196e-08
32  8.0  2.30624e-08
32  8.5  1.35476e-08
32  9.0  8.24413e-09
32  10.5  2.19528e-09
32  10.0  3.32601e-09
32  9.5  5.22624e-09
34  0.2  0.326999
34  0.3  0.250651
34  0.4  0.183582
34  0.5  0.129858
34  0.6  0.0898633
34  0.7  0.061376
34  0.8  0.0417381
32  11.5  1.03067e-09
34  0.9  0.0282834
34  1.0  0.0193179
34  1.1  0.0132302
34  1.2  0.0090757
34  1.3  0.00639734
34  1.4  0.00449273
34  1.5  0.00311723
34  1.6  0.00227631
32  11.0  1.50746e-09
34  1.7  0.00159865
34  1.8  0.00117755
34  1.9  0.000821768
34  2.0  0.000634253
34  2.5  0.000103886
34  3.0  2.55526e-05
34  3.5  1.72282e-05
32  12.0  7.31188e-10
34  5.5  2.58222e-07
34  4.0  3.89283e-06
34  4.5  1.44594e-06
34  5.0  5.94097e-07
34  6.0  1.20121e-07
34  6.5  5.93177e-08
34  7.0  3.08962e-08
34  7.5  1.68992e-08
34  8.0  9.6434e-09
34  10.0  1.39243e-09
34  8.5  5.64297e-09
34  9.0  3.45706e-09
34  9.5  2.17221e-09
34  10.5  9.25296e-10
4  0.2  3.09129
34  12.0  2.98982e-10
4  0.3  2.50134
4  0.4  1.95133
4  0.5  1.48015
34  11.5  4.27728e-10
4  0.6  1.09826
4  0.7  0.800378
4  0.8  0.580186
4  0.9  0.419729
4  1.0  0.301595
4  1.1  0.217386
4  1.2  0.157724
34  11.0  6.20834e-10
4  1.3  0.112951
4  1.4  0.0825283
4  1.5  0.0596524
4  1.6  0.0449677
4  1.7  0.0332785
4  1.8  0.025211
4  1.9  0.0186092
4  2.0  0.0141825
4  2.5  0.00374133
4  3.0  0.000855572
4  3.5  0.000283023
4  4.0  0.000110959
4  4.5  4.2503e-05
4  5.0  1.76641e-05
4  5.5  7.88655e-06
4  7.0  9.62953e-07
4  6.0  3.7106e-06
4  8.0  3.02374e-07
4  6.5  1.85324e-06
4  8.5  1.78188e-07
4  7.5  5.33883e-07
4  9.5  6.88796e-08
4  9.0  1.10983e-07
4  10.5  2.93547e-08
4  10.0  4.48471e-08
6  0.2  3.05702
6  0.3  2.46994
4  11.5  1.37207e-08
6  0.4  1.92844
6  0.5  1.4604
6  0.6  1.0843
6  0.7  0.790361
6  0.8  0.57395
4  11.0  2.00219e-08
6  0.9  0.413469
6  1.0  0.296903
6  1.1  0.213835
6  1.2  0.155035
4  12.0  9.66696e-09
6  1.4  0.0813034
6  1.3  0.111211
6  1.5  0.0589607
6  1.6  0.0444333
6  1.7  0.0323853
6  1.8  0.0242474
6  1.9  0.0183993
6  2.0  0.0140343
6  2.5  0.00346651
6  3.0  0.000973415
6  3.5  0.000167197
6  4.0  0.000108787
6  5.5  7.67966e-06
6  4.5  4.16749e-05
6  5.0  1.73746e-05
6  7.0  9.44461e-07
6  6.0  3.63735e-06
6  6.5  1.81725e-06
6  8.0  2.96749e-07
6  7.5  5.23531e-07
6  8.5  1.74702e-07
6  10.0  4.33559e-08
6  9.5  6.74671e-08
6  10.5  2.89444e-08
6  9.0  1.08944e-07
6  11.0  1.95387e-08
8  0.2  3.00966
6  12.0  9.39281e-09
8  0.3  2.43132
8  0.4  1.89742
8  0.5  1.43726
8  0.6  1.06223
8  0.7  0.775593
8  0.8  0.561774
8  0.9  0.405293
8  1.0  0.290554
8  1.1  0.209237
8  1.2  0.151913
8  1.3  0.108455
8  1.4  0.0789039
8  1.5  0.0588334
8  1.6  0.0431942
8  1.7  0.031581
6  11.5  1.35325e-08
8  1.8  0.0234977
8  1.9  0.0175293
8  2.0  0.0139616
8  2.5  0.00344463
8  3.0  0.000876723
8  3.5  0.00039416
8  5.5  7.46694e-06
8  4.0  0.000106067
8  4.5  4.05158e-05
8  5.0  1.68925e-05
8  6.0  3.53932e-06
8  6.5  1.76661e-06
8  8.0  2.88397e-07
8  8.5  1.69841e-07
8  7.0  9.31322e-07
8  7.5  5.10869e-07
8  10.0  4.21318e-08
8  9.5  6.55579e-08
8  9.0  1.05895e-07
8  10.5  2.79337e-08
8  11.0  1.91253e-08
8  11.5  1.3217e-08
8  12.0  9.22172e-09
