# diffractive D0 cross section, Pb target, KniehlKramer fragmentation, An0n channel
# generated      : 2026-10-01 18:31:45 EEST
# flux_model     : EFF (TARGET=AA)
# calls         : 1e5 (VEGAS calls per point, see CALLS_EXCL/CALLS_EXCL_FACTORIZED/CALLS_DIFF)
# dipole samples : data/Pb/mve/glauber_mve_<b>
# pD0 sweep      : 0.2 0.3 0.4 0.5 0.6 0.7 0.8 0.9 1.0 1.1 1.2 1.3 1.4 1.5 1.6 1.7 1.8 1.9 2.0 2.5 3.0 3.5 4.0 4.5 5.0 5.5 6.0 6.5 7.0 7.5 8.0 8.5 9.0 9.5 10.0 10.5 11.0 11.5 12.0
# fixed rapidity y : -1.5
# ============================================================
# b  pD0  dsigma_dyd2pD0
0  0.4  3.14576
0  0.5  3.04443
0  0.6  2.8251
0  0.2  2.74431
0  0.7  2.55186
0  0.3  3.06215
0  0.8  2.21091
0  0.9  1.84779
0  1.2  1.07508
0  1.1  1.31277
0  1.3  0.881306
0  1.0  1.58575
0  1.4  0.732265
0  1.5  0.601057
0  1.6  0.494132
0  1.7  0.409764
0  1.8  0.336949
0  2.0  0.232618
0  1.9  0.279835
0  2.5  0.0981797
0  3.5  0.0211171
0  4.5  0.00605263
0  3.0  0.0422782
0  6.0  0.00131888
0  4.0  0.010924
0  5.0  0.0034943
0  5.5  0.00211529
0  6.5  0.000845919
0  7.0  0.000564114
0  7.5  0.000382213
0  9.5  9.74837e-05
0  8.0  0.000265205
0  8.5  0.000180311
0  9.0  0.000133249
10  0.2  2.6871
0  10.0  7.11431e-05
10  0.3  3.0066
10  0.4  3.06763
10  0.5  2.97881
10  0.6  2.78329
10  0.7  2.43041
10  0.8  2.15078
10  0.9  1.82686
10  1.0  1.52774
10  1.1  1.26708
10  1.2  1.04544
10  1.3  0.858405
10  1.4  0.706307
10  1.5  0.567686
0  10.5  5.291e-05
10  1.6  0.474585
10  1.7  0.38935
10  1.8  0.322787
10  1.9  0.264962
0  11.0  3.95385e-05
10  2.0  0.222204
10  2.5  0.0943265
0  11.5  2.98319e-05
0  12.0  2.31198e-05
10  3.5  0.0198106
10  4.5  0.00574172
10  6.0  0.00124883
10  4.0  0.0104774
10  3.0  0.0417496
10  5.0  0.00332427
10  5.5  0.00200794
10  6.5  0.000806363
10  7.0  0.000537418
10  7.5  0.000363323
10  8.0  0.000249159
10  8.5  0.000177377
12  0.2  2.67921
12  0.3  2.97207
10  9.0  0.000127755
12  0.4  3.03726
12  0.5  2.9725
10  9.5  8.9891e-05
12  0.6  2.74624
12  0.7  2.43634
12  0.8  2.10885
10  10.0  6.63601e-05
12  0.9  1.76614
12  1.0  1.51085
12  1.1  1.24633
12  1.2  1.02837
12  1.3  0.847028
10  10.5  4.94687e-05
12  1.4  0.69204
12  1.5  0.558649
12  1.6  0.461051
12  1.7  0.382004
12  1.8  0.315639
10  11.0  3.81843e-05
12  1.9  0.260857
12  2.0  0.217714
12  2.5  0.0905517
10  11.5  2.88181e-05
10  12.0  2.20304e-05
12  3.5  0.0197254
12  4.5  0.00564897
12  6.0  0.00122768
12  3.0  0.0407644
12  4.0  0.0101722
12  5.0  0.003241
12  5.5  0.00196228
12  6.5  0.000792792
12  7.0  0.00052309
12  7.5  0.000356108
12  8.0  0.000243385
12  8.5  0.00017467
14  0.2  2.65016
12  10.0  6.60192e-05
14  0.3  2.94532
12  9.0  0.00012361
14  0.4  2.99289
12  9.5  8.90958e-05
14  0.5  2.91654
14  0.6  2.69453
14  0.7  2.3926
14  0.8  2.07987
14  0.9  1.76019
14  1.0  1.46608
14  1.1  1.21892
14  1.2  1.00515
14  1.3  0.821292
12  10.5  4.82068e-05
14  1.4  0.671974
14  1.5  0.552436
14  1.6  0.452884
14  1.7  0.371918
14  1.9  0.252457
12  11.0  3.70695e-05
14  1.8  0.307437
14  2.0  0.21072
14  2.5  0.0886388
12  11.5  2.71907e-05
12  12.0  2.12632e-05
14  3.5  0.0191673
14  4.5  0.00553473
14  6.0  0.00120145
14  3.0  0.0397752
14  4.0  0.00990494
14  5.0  0.00315927
14  5.5  0.00188613
14  6.5  0.000766946
14  7.0  0.0005009
14  7.5  0.000345158
14  8.5  0.000168696
14  9.5  8.73502e-05
14  8.0  0.000236627
16  0.2  2.61196
14  10.0  6.40725e-05
14  9.0  0.000120275
16  0.3  2.89929
16  0.4  2.9794
16  0.5  2.8812
16  0.6  2.62866
16  0.7  2.33972
16  0.8  1.98786
16  0.9  1.71623
16  1.0  1.43443
16  1.1  1.17403
16  1.2  0.9761
16  1.3  0.799981
14  10.5  4.7068e-05
16  1.4  0.656412
16  1.5  0.535852
16  1.6  0.431847
16  1.7  0.360677
16  1.8  0.295963
14  11.0  3.57786e-05
16  1.9  0.246338
16  2.0  0.201287
16  2.5  0.0846282
14  11.5  2.72285e-05
14  12.0  2.04557e-05
16  3.5  0.0184629
16  4.5  0.00523736
16  6.0  0.00114726
16  3.0  0.0383583
16  4.0  0.00952321
16  5.0  0.00308658
16  5.5  0.00183748
16  9.0  0.000114957
16  7.5  0.000332283
16  6.5  0.00073584
16  7.0  0.000489438
16  8.5  0.000162028
16  8.0  0.000230113
18  0.2  2.57448
16  9.5  8.42561e-05
16  10.0  6.02895e-05
18  0.3  2.8606
18  0.4  2.92978
18  0.5  2.79378
18  0.6  2.55528
18  0.7  2.27891
18  0.8  1.93917
18  0.9  1.65491
18  1.0  1.37844
18  1.1  1.14763
18  1.2  0.926865
18  1.3  0.7684
16  10.5  4.48895e-05
18  1.4  0.627674
18  1.5  0.514883
18  1.6  0.422049
18  1.7  0.344947
16  11.0  3.49019e-05
18  1.8  0.286001
18  1.9  0.236454
18  2.0  0.195862
18  2.5  0.0810604
16  11.5  2.62803e-05
16  12.0  2.00645e-05
18  4.5  0.00501087
18  5.0  0.00289797
18  6.0  0.00109336
18  3.0  0.0367252
18  3.5  0.0175648
18  4.0  0.00895754
18  6.5  0.000708929
18  5.5  0.00175449
18  7.0  0.000466833
18  7.5  0.000318003
18  9.0  0.000110177
18  8.0  0.000219301
18  8.5  0.000154564
2  0.2  2.71777
18  10.0  5.93931e-05
2  0.3  3.04223
2  0.4  3.14176
2  0.5  3.01705
18  9.5  7.93124e-05
2  0.6  2.8349
2  0.7  2.49907
2  0.8  2.202
2  0.9  1.89236
2  1.0  1.584
2  1.1  1.31758
2  1.2  1.09134
2  1.3  0.886265
18  10.5  4.39066e-05
2  1.4  0.735175
2  1.5  0.598167
2  1.6  0.488061
18  11.0  3.25487e-05
2  1.7  0.4082
2  1.8  0.336929
2  1.9  0.278353
2  2.0  0.227577
2  2.5  0.0979056
18  11.5  2.49558e-05
18  12.0  1.92182e-05
2  3.5  0.0212233
2  4.5  0.00601507
2  6.0  0.0013117
2  4.0  0.0109299
2  3.0  0.0426367
2  5.0  0.00345729
2  5.5  0.00209531
2  6.5  0.000847148
2  7.0  0.000562982
2  7.5  0.000382235
2  8.0  0.000264951
2  8.5  0.000184513
2  9.0  0.000129258
20  0.2  2.54256
20  0.3  2.78477
20  0.4  2.84742
20  0.5  2.72379
20  0.6  2.49485
2  9.5  9.67514e-05
20  0.7  2.21
20  0.8  1.8989
2  10.0  7.10428e-05
20  0.9  1.59633
20  1.0  1.32964
20  1.1  1.09382
20  1.2  0.899122
20  1.3  0.721827
2  10.5  5.2403e-05
20  1.4  0.591263
20  1.5  0.486525
20  1.6  0.401632
20  1.7  0.329561
20  1.8  0.272068
20  1.9  0.225551
20  2.0  0.182602
2  11.0  3.90622e-05
20  2.5  0.0777358
2  11.5  3.0348e-05
2  12.0  2.30355e-05
20  4.5  0.00472356
20  6.0  0.00103476
20  3.0  0.0344599
20  3.5  0.0166248
20  4.0  0.00860281
20  5.0  0.00273858
20  5.5  0.00164972
20  7.0  0.000441492
20  6.5  0.000672385
20  8.5  0.00014591
20  7.5  0.000300118
20  8.0  0.000208237
20  10.0  5.5711e-05
22  0.2  2.42939
20  9.0  0.000104563
22  0.3  2.71223
22  0.4  2.6984
20  9.5  7.58415e-05
22  0.5  2.62279
22  0.6  2.39562
22  0.7  2.10452
22  0.8  1.80493
22  0.9  1.49622
22  1.0  1.24471
20  10.5  4.10344e-05
22  1.1  1.03664
22  1.2  0.848305
22  1.3  0.689669
22  1.4  0.566696
22  1.5  0.462783
22  1.6  0.375612
22  1.7  0.306458
22  1.8  0.253177
20  11.0  3.05024e-05
22  1.9  0.207385
22  2.0  0.175386
22  2.5  0.0730602
20  11.5  2.31438e-05
20  12.0  1.80752e-05
22  4.5  0.00438995
22  5.0  0.00254575
22  3.0  0.0317517
22  3.5  0.0154557
22  4.0  0.00800903
22  5.5  0.00153361
22  6.5  0.000619081
22  6.0  0.000960163
22  7.0  0.00041114
22  8.5  0.00013577
22  7.5  0.000278853
22  8.0  0.000193584
22  9.5  6.99095e-05
24  0.2  2.34319
22  9.0  9.69903e-05
22  10.0  5.16665e-05
24  0.3  2.61166
24  0.4  2.62802
22  11.5  2.19083e-05
24  0.5  2.47611
24  0.6  2.26614
24  0.7  1.97311
24  0.8  1.67167
24  0.9  1.41805
24  1.0  1.167
24  1.1  0.957475
24  1.2  0.783383
22  10.5  3.85443e-05
24  1.3  0.633086
24  1.4  0.517935
24  1.5  0.4216
24  1.6  0.343169
24  1.7  0.28229
24  1.8  0.232198
22  11.0  2.88655e-05
24  1.9  0.191575
24  2.0  0.160817
24  2.5  0.0651436
22  12.0  1.67493e-05
24  4.5  0.00405407
24  6.0  0.000875763
24  3.0  0.029299
24  3.5  0.0140678
24  4.0  0.00727845
24  5.0  0.00231446
24  6.5  0.00056865
24  5.5  0.0013939
24  7.0  0.000365384
24  8.0  0.000174384
24  8.5  0.000124375
24  10.0  4.69757e-05
24  7.5  0.00025335
24  10.5  3.44578e-05
24  9.5  6.43129e-05
26  0.2  2.17414
26  0.3  2.45021
24  9.0  8.78592e-05
26  0.4  2.46257
26  0.5  2.33906
26  0.6  2.08626
26  0.7  1.82921
26  0.9  1.26918
26  0.8  1.54228
26  1.0  1.03526
26  1.1  0.867456
26  1.2  0.694789
26  1.3  0.570483
26  1.4  0.464182
26  1.5  0.375535
26  1.6  0.306455
26  1.7  0.249835
26  1.8  0.205837
24  11.0  2.55911e-05
26  1.9  0.172303
26  2.5  0.0586373
26  2.0  0.140978
24  11.5  1.9618e-05
24  12.0  1.52449e-05
26  4.5  0.00351259
26  5.0  0.00203977
26  4.0  0.0064042
26  3.0  0.0257201
26  6.0  0.000769756
26  3.5  0.0126066
26  5.5  0.00123069
26  7.0  0.000328341
26  6.5  0.00044927
26  8.0  0.000153495
26  8.5  0.000108208
26  9.0  7.72385e-05
26  7.5  0.000223052
26  9.5  5.60932e-05
28  0.2  2.09187
28  0.3  2.25467
28  0.4  2.22733
28  0.5  2.09623
28  0.6  1.82287
28  0.7  1.60772
26  10.0  4.12309e-05
28  0.9  1.11548
28  0.8  1.35463
28  1.0  0.912499
28  1.1  0.743806
26  10.5  3.06943e-05
28  1.2  0.600777
28  1.3  0.489046
28  1.4  0.394889
28  1.5  0.319279
28  1.7  0.213189
28  1.6  0.260807
28  1.8  0.172432
28  1.9  0.143776
26  11.0  2.31365e-05
28  2.0  0.119837
28  2.5  0.0492945
26  11.5  1.75333e-05
26  12.0  1.33632e-05
28  4.5  0.00296386
28  3.0  0.021999
28  3.5  0.010535
28  4.0  0.00536595
28  5.0  0.00170434
28  5.5  0.00103454
28  6.0  0.000645228
28  7.0  0.000272825
28  6.5  0.000422445
28  8.0  0.000128538
28  8.5  9.06972e-05
28  7.5  0.000186152
28  9.5  4.70142e-05
30  0.2  1.86319
30  0.3  2.00977
28  10.0  3.45077e-05
30  0.4  1.95607
28  9.0  6.49074e-05
30  0.5  1.80727
30  0.6  1.5612
30  0.7  1.33677
30  0.9  0.901807
30  0.8  1.11076
30  1.0  0.742561
30  1.1  0.589729
30  1.2  0.481564
30  1.3  0.390466
30  1.4  0.312001
28  10.5  2.56653e-05
30  1.5  0.255733
30  1.6  0.207289
30  1.7  0.167522
30  1.8  0.139059
30  1.9  0.113493
30  2.5  0.0384722
28  11.0  1.91374e-05
30  2.0  0.0937407
28  11.5  1.46982e-05
28  12.0  1.1228e-05
30  6.0  0.000500675
30  4.0  0.00427004
30  3.0  0.0170085
30  3.5  0.00829316
30  4.5  0.00230706
30  5.0  0.00131372
30  5.5  0.000819099
30  7.0  0.000214616
30  6.5  0.000330896
30  7.5  0.00014818
30  8.0  0.000101309
30  8.5  7.06839e-05
30  9.5  3.72001e-05
32  0.2  1.58449
30  10.0  2.69096e-05
30  9.0  5.01811e-05
32  0.3  1.64816
32  0.4  1.5853
32  0.5  1.42184
32  0.6  1.22949
32  0.7  1.01745
32  0.8  0.830754
32  0.9  0.673978
30  11.0  1.48825e-05
32  1.0  0.549058
32  1.1  0.445107
32  1.2  0.353609
32  1.3  0.286447
30  10.5  2.00899e-05
32  1.4  0.229517
32  1.6  0.148819
32  1.5  0.185735
32  1.7  0.121202
32  1.8  0.0993252
32  1.9  0.0812892
32  2.0  0.0673166
32  2.5  0.0276826
30  11.5  1.12692e-05
30  12.0  8.7944e-06
32  3.0  0.0124321
32  6.0  0.000359935
32  3.5  0.00581166
32  4.0  0.00301619
32  4.5  0.00168686
32  5.0  0.000949387
32  5.5  0.000565721
32  7.0  0.000156023
32  6.5  0.000231728
32  8.0  7.01168e-05
32  8.5  5.11824e-05
32  7.5  0.00010587
32  9.5  2.67025e-05
4  0.2  2.71012
4  0.3  3.03983
4  0.4  3.14586
32  9.0  3.63049e-05
4  0.5  3.05666
4  0.6  2.81048
4  0.7  2.54205
32  10.0  1.91273e-05
4  0.8  2.1938
4  0.9  1.87909
4  1.0  1.5702
4  1.1  1.30141
4  1.2  1.07834
32  10.5  1.415e-05
4  1.3  0.88204
4  1.4  0.73015
4  1.5  0.591394
4  1.6  0.494084
4  1.7  0.402591
4  1.9  0.27632
4  1.8  0.334552
32  11.0  1.0718e-05
4  2.0  0.228044
4  2.5  0.0971045
32  11.5  8.15915e-06
32  12.0  6.27618e-06
4  3.5  0.0210825
4  4.5  0.00606219
4  3.0  0.0440077
4  6.0  0.00130943
4  4.0  0.010885
4  5.0  0.00346864
4  5.5  0.00211185
4  6.5  0.00084615
4  7.0  0.000556803
4  7.5  0.000379615
4  8.0  0.000258951
4  8.5  0.00018432
4  9.0  0.000132286
6  0.2  2.69506
6  0.3  3.04482
6  0.4  3.12315
6  0.5  3.02017
4  9.5  9.5522e-05
6  0.6  2.7842
6  0.7  2.53138
6  0.8  2.18262
4  10.0  7.06478e-05
6  0.9  1.86732
6  1.0  1.57217
6  1.1  1.28452
4  10.5  5.19165e-05
6  1.2  1.0642
6  1.3  0.883568
6  1.4  0.726151
6  1.5  0.596394
6  1.6  0.488502
6  1.7  0.401838
6  1.8  0.331781
4  11.0  3.95701e-05
6  1.9  0.275732
6  2.0  0.228226
6  2.5  0.0956414
4  11.5  3.00773e-05
4  12.0  2.28357e-05
6  3.5  0.0208306
6  4.5  0.00596998
6  6.0  0.00129786
6  4.0  0.0107727
6  3.0  0.0431613
6  5.0  0.00342302
6  5.5  0.00207889
6  6.5  0.000835602
6  7.0  0.000554848
6  7.5  0.000353412
6  8.0  0.000259967
6  8.5  0.000181884
6  10.0  6.85613e-05
8  0.2  2.71138
8  0.3  3.01587
6  9.0  0.00013175
8  0.4  3.11022
8  0.5  3.00153
6  9.5  9.61412e-05
8  0.6  2.7869
8  0.7  2.50627
8  0.8  2.16114
8  0.9  1.84074
8  1.0  1.52699
8  1.1  1.28279
8  1.2  1.0662
6  10.5  5.19056e-05
8  1.4  0.700233
8  1.3  0.871925
8  1.5  0.574414
8  1.6  0.482206
8  1.7  0.396829
6  11.0  3.90379e-05
8  1.8  0.32781
8  1.9  0.273279
8  2.0  0.224767
8  2.5  0.0951212
6  11.5  2.96342e-05
6  12.0  2.26417e-05
8  3.5  0.0207463
8  4.5  0.00584381
8  5.0  0.00338874
8  6.0  0.0012802
8  4.0  0.0106334
8  3.0  0.0425108
8  5.5  0.00204841
8  6.5  0.000823798
8  7.0  0.0005478
8  9.0  0.000129373
8  7.5  0.000370753
8  8.5  0.000179106
8  8.0  0.000253766
8  10.0  6.87271e-05
8  9.5  9.36244e-05
8  10.5  5.04737e-05
8  11.0  3.74787e-05
8  11.5  2.94512e-05
8  12.0  2.2394e-05
