# diffractive D0 cross section, Pb target, KniehlKramer fragmentation, An0n channel
# generated      : 2026-10-04 12:42:18 EEST
# flux_model     : EFF (TARGET=AA)
# scale_factor   : 0.5 (fragmentation scale Q = SCALE_FACTOR * m_T)
# calls          : 1e5 (VEGAS calls per point, see CALLS_EXCL/CALLS_EXCL_FACTORIZED/CALLS_DIFF)
# dipole samples : data/Pb/mve/glauber_mve_<b>
# pD0 sweep      : 0.2 0.3 0.4 0.5 0.6 0.7 0.8 0.9 1.0 1.1 1.2 1.3 1.4 1.5 1.6 1.7 1.8 1.9 2.0 2.5 3.0 3.5 4.0 4.5 5.0 5.5 6.0 6.5 7.0 7.5 8.0 8.5 9.0 9.5 10.0 10.5 11.0 11.5 12.0
# fixed rapidity y : -3.0
# ============================================================
# b  pD0  dsigma_dyd2pD0
0  0.7  1.97837
0  0.4  2.56715
0  0.6  2.29363
0  0.3  2.55047
0  0.8  1.73887
0  0.5  2.51676
0  1.0  1.20733
0  1.3  0.648595
0  0.2  2.32082
0  1.1  0.983333
0  0.9  1.45479
0  1.2  0.794446
0  1.4  0.523146
0  1.7  0.273396
0  1.5  0.420677
0  1.6  0.338672
0  1.8  0.223155
0  2.0  0.146409
0  1.9  0.182263
0  2.5  0.0571496
0  5.5  0.000632073
0  6.0  0.000347683
0  3.0  0.0231563
0  3.5  0.00999721
0  4.0  0.00464774
0  4.5  0.00228928
10  0.2  2.27193
0  5.0  0.00118297
10  0.3  2.51659
10  0.4  2.56948
10  0.5  2.41577
0  6.5  0.000196604
10  0.6  2.19774
0  7.0  0.000114466
0  7.5  6.72172e-05
0  9.0  1.47975e-05
10  0.8  1.65911
0  8.0  4.01163e-05
0  8.5  2.43753e-05
10  0.7  1.96166
10  0.9  1.41105
10  1.0  1.13114
0  10.0  5.63854e-06
10  1.1  0.950213
10  1.3  0.610967
10  1.2  0.771116
10  1.4  0.501727
10  1.5  0.398154
10  1.6  0.326817
10  1.7  0.258216
10  1.8  0.214994
10  2.5  0.0543896
10  1.9  0.174486
10  2.0  0.142645
0  9.5  9.10105e-06
0  10.5  3.50301e-06
0  11.0  2.18302e-06
0  11.5  1.36345e-06
10  5.0  0.00112559
10  5.5  0.000588631
0  12.0  8.43181e-07
10  6.0  0.000332032
10  6.5  0.000187444
10  3.0  0.0220962
10  3.5  0.0095366
10  4.0  0.00443076
12  0.2  2.26176
10  4.5  0.00217301
12  0.3  2.43197
12  0.4  2.52851
10  7.0  0.000107998
12  0.5  2.43287
10  7.5  6.40733e-05
12  0.6  2.21015
10  9.0  1.40367e-05
12  0.7  1.93511
12  0.8  1.66278
12  0.9  1.38478
12  1.0  1.12541
12  1.1  0.925098
10  8.0  3.79698e-05
12  1.2  0.757675
12  1.3  0.60338
12  1.4  0.492787
12  1.5  0.397609
12  1.6  0.320303
12  1.7  0.259089
10  8.5  2.31867e-05
12  1.8  0.210033
12  1.9  0.167491
12  2.0  0.139314
10  9.5  8.65742e-06
12  2.5  0.0534813
10  10.5  3.32187e-06
10  10.0  5.35109e-06
10  11.0  2.07543e-06
10  11.5  1.27876e-06
10  12.0  7.95705e-07
12  5.0  0.0010991
12  5.5  0.000572774
12  6.0  0.000323222
12  6.5  0.000183234
12  3.0  0.021079
12  3.5  0.00920171
12  4.0  0.00432951
12  4.5  0.00213035
14  0.2  2.24567
14  0.3  2.42549
14  0.4  2.51073
12  7.0  0.000106359
14  0.5  2.39441
12  9.0  1.37196e-05
14  0.7  1.87393
14  0.6  2.1804
12  7.5  6.22107e-05
12  12.0  7.81656e-07
14  0.8  1.63599
12  8.0  3.71799e-05
14  0.9  1.36184
14  1.0  1.12223
12  10.5  3.1971e-06
14  1.2  0.741748
14  1.1  0.913297
14  1.3  0.594127
12  8.5  2.24601e-05
14  1.4  0.481494
14  1.5  0.387193
14  1.6  0.312364
14  1.7  0.251694
14  1.9  0.163379
14  1.8  0.204833
14  2.0  0.135693
12  11.5  1.25701e-06
12  9.5  8.45773e-06
14  2.5  0.051904
12  10.0  5.22332e-06
12  11.0  1.91413e-06
14  5.0  0.00104056
14  6.0  0.000313566
14  6.5  0.000176722
14  3.0  0.0205688
14  4.0  0.0042085
14  3.5  0.00898126
14  4.5  0.00207337
16  0.2  2.20269
14  5.5  0.000569675
14  8.5  2.17786e-05
16  0.3  2.43191
16  0.4  2.45248
14  7.0  0.000102972
14  7.5  6.07356e-05
16  0.5  2.36642
16  0.6  2.12794
16  0.7  1.86436
14  8.0  3.60649e-05
16  0.8  1.55976
16  0.9  1.32143
14  10.0  5.08468e-06
16  1.0  1.09159
16  1.1  0.886559
16  1.2  0.703484
16  1.3  0.579595
16  1.4  0.464066
14  9.0  1.33503e-05
16  1.7  0.241099
16  1.5  0.375997
16  1.6  0.30265
14  9.5  8.14424e-06
14  11.5  1.21997e-06
16  1.8  0.197677
16  1.9  0.160606
16  2.0  0.128986
16  2.5  0.0498521
14  10.5  3.09342e-06
14  11.0  1.91963e-06
14  12.0  7.57048e-07
16  6.0  0.000291239
16  6.5  0.000170477
16  3.5  0.00872992
16  4.0  0.00406225
16  3.0  0.0202016
16  4.5  0.00199563
16  5.0  0.00102707
16  5.5  0.000543582
18  0.2  2.16554
16  8.5  2.11327e-05
18  0.3  2.39407
16  7.0  9.77014e-05
18  0.4  2.42762
18  0.5  2.27517
18  0.6  2.06836
16  7.5  5.84004e-05
18  0.7  1.82163
16  8.0  3.35826e-05
18  0.9  1.2738
16  12.0  7.23959e-07
18  0.8  1.54475
18  1.0  1.03604
16  10.0  4.88081e-06
18  1.1  0.857135
18  1.2  0.693577
18  1.3  0.557854
18  1.4  0.448814
18  1.5  0.358443
18  1.6  0.291052
18  1.7  0.22981
16  9.0  1.28248e-05
18  1.8  0.190103
18  1.9  0.154281
18  2.5  0.0474035
18  2.0  0.125699
16  9.5  7.90386e-06
16  10.5  3.03878e-06
16  11.0  1.8926e-06
16  11.5  1.17787e-06
18  5.5  0.000524195
18  6.5  0.000163955
18  3.5  0.00826591
18  4.0  0.00388597
18  4.5  0.00190447
18  5.0  0.00097846
18  3.0  0.0191099
2  0.2  2.31729
18  10.0  4.65917e-06
18  6.0  0.000278337
2  0.3  2.52933
18  7.0  9.35962e-05
2  0.4  2.57826
18  8.5  2.01824e-05
2  0.5  2.50341
2  0.6  2.29161
2  0.7  2.02134
2  0.8  1.70211
18  7.5  5.57994e-05
2  1.1  0.973629
2  0.9  1.45185
2  1.0  1.20508
18  8.0  3.32379e-05
2  1.2  0.798484
2  1.3  0.647625
2  1.4  0.521647
2  1.5  0.423729
2  1.6  0.340174
2  1.7  0.276233
18  9.0  1.22481e-05
2  1.8  0.223885
2  1.9  0.182246
2  2.0  0.148809
2  2.5  0.0569637
18  9.5  7.44591e-06
18  12.0  6.89926e-07
18  10.5  2.90193e-06
18  11.0  1.79792e-06
18  11.5  1.12423e-06
2  5.5  0.000630237
2  6.0  0.000347534
2  6.5  0.000196591
2  3.0  0.0225922
2  3.5  0.0100275
2  4.0  0.00464235
2  5.0  0.0011518
2  4.5  0.0022685
2  10.0  5.58924e-06
20  0.2  2.12603
20  0.3  2.34857
2  7.0  0.000113704
20  0.4  2.36768
20  0.5  2.23956
2  7.5  6.67668e-05
20  0.7  1.73242
20  0.6  2.01905
20  0.8  1.46825
20  0.9  1.21852
2  8.0  4.02072e-05
20  1.0  1.0086
20  1.1  0.823756
20  1.2  0.658605
20  1.3  0.529705
2  8.5  2.40611e-05
20  1.4  0.427052
20  1.5  0.344345
20  1.6  0.276022
20  1.8  0.180775
20  1.7  0.222969
2  9.0  1.48064e-05
2  9.5  9.04337e-06
20  2.0  0.119026
20  1.9  0.146263
20  2.5  0.0453857
2  10.5  3.50894e-06
2  11.0  2.17445e-06
2  11.5  1.35452e-06
2  12.0  8.28504e-07
20  5.5  0.000494007
20  6.0  0.000272007
20  3.5  0.0077518
20  4.0  0.0036445
20  5.0  0.000925023
20  6.5  0.00015479
20  3.0  0.0182709
22  0.2  2.0066
20  4.5  0.00180047
22  0.3  2.23467
20  10.0  4.4044e-06
22  0.4  2.27182
20  10.5  2.74731e-06
22  0.5  2.1055
20  7.0  8.93321e-05
22  0.6  1.93334
20  7.5  5.27784e-05
22  0.7  1.68302
22  0.8  1.4152
22  0.9  1.17465
22  1.0  0.957148
20  8.0  3.15225e-05
22  1.1  0.764017
22  1.3  0.50507
22  1.2  0.623276
22  1.5  0.318576
22  1.4  0.40124
22  1.6  0.254633
22  1.7  0.205268
20  8.5  1.89441e-05
22  1.8  0.169014
22  1.9  0.136917
22  2.0  0.111848
20  9.0  1.16334e-05
20  9.5  6.86887e-06
22  2.5  0.0423424
20  11.0  1.69734e-06
20  11.5  1.05942e-06
22  4.5  0.00167687
20  12.0  6.59501e-07
22  5.0  0.00086171
22  5.5  0.000443528
22  6.0  0.000251134
22  6.5  0.000143802
22  7.0  8.2966e-05
22  3.0  0.0168855
22  3.5  0.00733708
22  4.0  0.00340539
24  0.2  1.99666
22  10.0  4.09083e-06
24  0.3  2.14496
24  0.4  2.13082
24  0.5  2.04469
24  0.6  1.81637
22  7.5  4.87411e-05
24  0.7  1.5728
24  0.8  1.31972
24  0.9  1.09283
24  1.0  0.889355
24  1.1  0.715916
22  8.0  2.92292e-05
24  1.2  0.577777
24  1.3  0.461055
24  1.4  0.370363
24  1.5  0.296525
22  8.5  1.7636e-05
24  1.6  0.239367
24  1.8  0.153302
24  1.7  0.191883
22  11.5  9.57485e-07
22  9.0  1.07668e-05
24  1.9  0.125259
24  2.5  0.0380427
24  2.0  0.10163
22  9.5  6.63093e-06
22  10.5  2.53301e-06
22  11.0  1.58026e-06
22  12.0  6.11229e-07
24  5.0  0.000766381
24  4.5  0.00152101
24  5.5  0.000421454
24  6.5  0.00012941
24  7.0  7.54872e-05
24  3.0  0.0152952
24  3.5  0.00669435
24  8.0  2.65068e-05
26  0.2  1.8406
24  4.0  0.00303771
24  10.5  2.31424e-06
26  0.3  2.04258
26  0.4  2.03956
24  8.5  1.61038e-05
26  0.5  1.90522
24  6.0  0.000229419
26  0.6  1.67926
26  0.7  1.40724
24  9.5  6.00937e-06
24  7.5  4.45005e-05
26  0.8  1.21442
26  0.9  0.993121
26  1.0  0.806019
24  10.0  3.72097e-06
26  1.1  0.647621
26  1.2  0.513986
26  1.3  0.41419
26  1.4  0.33009
26  1.6  0.207893
26  1.5  0.264535
26  1.7  0.168368
26  1.8  0.137364
26  2.0  0.0906971
26  1.9  0.111107
24  9.0  9.81759e-06
26  2.5  0.0341268
24  11.0  1.41755e-06
24  11.5  8.8541e-07
26  5.0  0.000688303
26  5.5  0.000368142
24  12.0  5.57227e-07
26  4.5  0.0013164
26  6.0  0.000196886
26  3.0  0.0136734
26  3.5  0.00589875
26  9.5  5.30003e-06
26  10.0  3.2828e-06
26  4.0  0.00272355
28  0.2  1.75453
28  0.3  1.90562
28  0.4  1.83475
26  6.5  0.000114818
28  0.5  1.72001
26  7.0  6.61934e-05
28  0.6  1.48243
26  7.5  3.78615e-05
28  0.7  1.28185
28  0.9  0.854069
28  0.8  1.0441
28  1.0  0.697068
28  1.1  0.552912
26  8.0  2.34631e-05
28  1.2  0.44535
28  1.3  0.350634
26  8.5  1.41552e-05
28  1.5  0.219624
28  1.4  0.283429
28  1.6  0.181603
28  1.7  0.143964
26  9.0  8.63182e-06
28  1.8  0.116861
28  1.9  0.0944978
28  2.0  0.0764212
28  2.5  0.0287731
26  10.5  2.03949e-06
26  11.0  1.26307e-06
26  11.5  7.90235e-07
28  4.0  0.00222564
26  12.0  4.89607e-07
28  5.5  0.000307694
28  6.0  0.000170508
28  4.5  0.00110967
28  3.0  0.0113685
30  0.2  1.57619
28  3.5  0.00496014
28  9.5  4.44131e-06
30  0.3  1.6702
28  5.0  0.00056361
30  0.4  1.57545
28  10.5  1.6762e-06
30  0.5  1.47102
30  0.6  1.25283
28  6.5  9.42727e-05
28  7.0  5.57205e-05
30  0.7  1.05875
28  7.5  3.27762e-05
30  0.8  0.875779
28  12.0  4.09794e-07
30  1.1  0.458445
30  0.9  0.707402
30  1.0  0.567177
30  1.3  0.279194
30  1.2  0.355094
28  8.0  1.95672e-05
30  1.4  0.222396
30  1.5  0.180502
30  1.7  0.113591
30  1.6  0.144235
28  8.5  1.17291e-05
30  1.8  0.0925217
30  2.0  0.0607004
30  2.5  0.0224401
30  1.9  0.0749508
28  9.0  7.22128e-06
28  10.0  2.74654e-06
28  11.0  1.04105e-06
28  11.5  6.50331e-07
30  4.0  0.00179553
30  4.5  0.000881448
30  5.5  0.00024161
30  3.0  0.00903975
30  3.5  0.00388884
30  9.5  3.48155e-06
32  0.2  1.30398
32  0.3  1.34184
30  5.0  0.00045382
30  10.5  1.3261e-06
30  6.0  0.00013098
32  0.4  1.29845
32  0.5  1.14263
30  6.5  7.54203e-05
30  7.0  4.35619e-05
32  0.6  0.947316
30  7.5  2.5667e-05
32  0.7  0.813302
32  0.8  0.662877
32  0.9  0.527699
32  1.0  0.421615
30  10.0  2.12551e-06
32  1.1  0.333635
32  1.2  0.260445
30  8.0  1.51149e-05
32  1.3  0.203213
32  1.4  0.165099
32  1.6  0.104668
32  1.8  0.0659756
32  1.5  0.130529
30  8.5  9.27221e-06
32  1.7  0.083051
32  1.9  0.0541347
32  2.5  0.0162417
32  2.0  0.0436579
30  9.0  5.63929e-06
30  11.0  8.26135e-07
32  4.5  0.000622478
32  5.5  0.000171876
30  11.5  5.16282e-07
30  12.0  3.19884e-07
32  4.0  0.00128337
32  5.0  0.000323835
32  3.0  0.00648838
32  3.5  0.0027889
4  0.2  2.31846
32  10.0  1.53399e-06
4  0.3  2.56357
32  6.0  9.53842e-05
32  7.0  3.05489e-05
32  6.5  5.39295e-05
4  0.4  2.61578
32  7.5  1.789e-05
4  0.5  2.49903
4  0.6  2.29325
32  12.0  2.28273e-07
4  0.7  2.01324
4  0.8  1.72414
32  9.5  2.47931e-06
32  8.0  1.09105e-05
4  0.9  1.44679
4  1.0  1.19676
4  1.1  0.987907
4  1.2  0.794102
4  1.4  0.518351
4  1.3  0.645088
4  1.6  0.340074
4  1.5  0.418432
32  8.5  6.5966e-06
4  1.7  0.274202
4  1.8  0.223875
4  1.9  0.178469
4  2.0  0.14481
4  2.5  0.056899
32  9.0  4.01555e-06
32  10.5  9.48556e-07
32  11.0  5.90665e-07
32  11.5  3.65403e-07
4  5.5  0.000627
4  6.0  0.000345156
4  6.5  0.00019618
4  3.0  0.0222518
4  3.5  0.00996928
4  4.0  0.00460652
4  5.0  0.00114492
4  4.5  0.00226488
6  0.2  2.32321
6  0.3  2.52665
6  0.4  2.59842
4  7.0  0.000113197
6  0.5  2.45416
4  7.5  6.63281e-05
6  0.6  2.28982
4  8.0  3.9915e-05
6  0.7  2.00446
6  0.8  1.73214
6  1.0  1.18628
6  0.9  1.44981
4  8.5  2.37725e-05
6  1.1  0.973929
6  1.3  0.63897
6  1.2  0.789884
4  10.5  3.46605e-06
6  1.4  0.514493
6  1.5  0.411524
4  9.0  1.44525e-05
6  1.6  0.336663
6  1.7  0.267517
6  1.8  0.220957
6  1.9  0.179842
4  9.5  8.92502e-06
6  2.0  0.146077
6  2.5  0.0542916
4  10.0  5.43595e-06
4  11.0  2.12533e-06
4  11.5  1.35014e-06
4  12.0  8.28964e-07
6  6.0  0.000334455
6  5.5  0.000621603
6  6.5  0.000193739
6  3.0  0.0224421
6  3.5  0.00985287
6  4.0  0.00458353
6  5.0  0.00116403
6  4.5  0.00225914
8  0.2  2.29604
6  10.0  5.53824e-06
8  0.3  2.51772
8  0.4  2.54259
6  7.0  0.000112501
8  0.5  2.48207
6  7.5  6.62222e-05
6  9.0  1.45654e-05
8  0.6  2.25771
8  0.7  1.98545
8  0.8  1.66576
6  8.0  3.93057e-05
8  0.9  1.42964
8  1.0  1.16014
8  1.1  0.958136
6  10.5  3.42691e-06
8  1.2  0.784802
6  8.5  2.37182e-05
8  1.3  0.633259
8  1.5  0.411185
8  1.4  0.509477
8  1.7  0.265954
8  1.6  0.332446
8  1.8  0.216008
6  9.5  8.86685e-06
8  1.9  0.177447
8  2.0  0.144717
8  2.5  0.0544922
6  11.0  2.14399e-06
6  11.5  1.323e-06
6  12.0  8.31218e-07
8  6.0  0.000321847
8  5.5  0.00061117
8  6.5  0.000191096
8  3.0  0.0223765
8  3.5  0.00972298
8  4.0  0.00446723
8  5.0  0.0011459
8  4.5  0.0022245
8  7.0  0.000110387
8  7.5  5.99443e-05
8  8.0  3.90706e-05
8  10.5  3.40406e-06
8  8.5  2.35287e-05
8  9.0  1.43464e-05
8  9.5  8.62141e-06
8  10.0  5.48981e-06
8  11.0  2.1004e-06
8  11.5  1.31139e-06
8  12.0  8.07127e-07
