# diffractive D0 cross section, Pb target, HymnD fragmentation, An0n channel
# generated      : 2026-08-20 10:21:49 EEST
# calls          : 1e5 (VEGAS calls per point, see CALLS_EXCL/CALLS_EXCL_FACTORIZED/CALLS_DIFF)
# dipole samples : data/Pb/mve/glauber_mve_<b>
# pD0 sweep      : 0.2 0.3 0.4 0.5 0.6 0.7 0.8 0.9 1.0 1.1 1.2 1.3 1.4 1.5 1.6 1.7 1.8 1.9 2.0 2.5 3.0 3.5 4.0 4.5 5.0 5.5 6.0 6.5 7.0 7.5 8.0 8.5 9.0 9.5 10.0 10.5 11.0 11.5 12.0
# fixed rapidity y : 3.0
# ============================================================
# b  pD0  dsigma_dyd2pD0
0  0.2  0.0490704
0  0.3  0.0732131
0  0.4  0.091992
0  0.5  0.102056
0  0.6  0.0995489
0  0.7  0.0900659
0  0.8  0.0765115
0  1.0  0.0492107
0  0.9  0.0621987
0  1.2  0.0294298
0  1.1  0.0382848
0  1.3  0.0223732
0  1.4  0.0172202
0  1.5  0.0128817
0  1.6  0.0097944
0  1.7  0.00744907
0  1.8  0.00561865
0  1.9  0.00426543
0  2.0  0.00325972
0  2.5  0.000882478
0  3.5  9.10955e-05
0  3.0  0.000274101
0  4.0  3.34478e-05
0  4.5  1.26466e-05
0  5.0  5.2979e-06
0  5.5  2.23445e-06
0  6.0  9.74491e-07
0  6.5  4.67806e-07
0  8.5  2.73889e-08
0  7.0  2.24769e-07
0  7.5  1.072e-07
0  8.0  5.47383e-08
0  9.0  1.43774e-08
0  9.5  7.65692e-09
0  10.0  4.18952e-09
10  0.2  0.0480838
10  0.3  0.0722371
10  0.4  0.0917159
0  10.5  2.30294e-09
10  0.5  0.100708
10  0.6  0.0969848
10  0.7  0.0868999
10  0.8  0.0744455
10  0.9  0.0602228
10  1.0  0.0476476
10  1.1  0.0371392
0  11.0  1.29739e-09
10  1.3  0.0218737
10  1.2  0.0284216
10  1.4  0.016419
10  1.5  0.0123993
10  1.7  0.00707277
10  1.6  0.00938443
10  1.8  0.00537787
10  1.9  0.00413618
10  2.0  0.00312881
0  11.5  7.20374e-10
10  2.5  0.00085467
10  3.0  0.000261012
10  3.5  8.9277e-05
10  4.0  3.18727e-05
0  12.0  4.21659e-10
10  4.5  1.2545e-05
10  5.0  5.09441e-06
10  5.5  2.15463e-06
10  7.0  2.10944e-07
10  6.0  9.66087e-07
10  6.5  4.35355e-07
10  8.0  5.12301e-08
10  7.5  1.0548e-07
10  8.5  2.64356e-08
10  10.0  3.87514e-09
10  9.0  1.38522e-08
10  9.5  7.4166e-09
12  0.2  0.0479859
12  0.3  0.0721141
12  0.4  0.0904418
10  10.5  2.16934e-09
12  0.5  0.099934
12  0.6  0.0960861
12  0.7  0.0855702
12  0.8  0.0738483
12  0.9  0.0594289
12  1.0  0.0466285
12  1.2  0.0277681
12  1.1  0.0366603
12  1.3  0.0213267
12  1.4  0.01606
12  1.5  0.0120612
10  11.0  1.1968e-09
12  1.6  0.00922207
12  1.7  0.00689913
12  1.8  0.00525681
12  1.9  0.00398541
12  2.0  0.00306793
12  2.5  0.000839132
12  3.0  0.000254198
12  3.5  8.52272e-05
10  11.5  6.87694e-10
10  12.0  3.90981e-10
12  4.0  3.16819e-05
12  4.5  1.2219e-05
12  5.0  4.78215e-06
12  5.5  2.00346e-06
12  6.0  9.31632e-07
12  7.0  2.0725e-07
12  6.5  4.35223e-07
12  7.5  1.03304e-07
12  8.0  5.18099e-08
12  8.5  2.60434e-08
12  10.0  3.76389e-09
12  9.0  1.32015e-08
12  9.5  7.13312e-09
14  0.2  0.0478269
14  0.3  0.0714765
12  10.5  2.10415e-09
14  0.4  0.0901269
14  0.5  0.0976396
14  0.6  0.0950633
14  0.7  0.0860226
14  0.8  0.0724454
14  1.0  0.0457809
14  0.9  0.0583357
14  1.1  0.0356161
14  1.2  0.0272161
14  1.3  0.0204402
14  1.4  0.0154726
12  11.0  1.18965e-09
14  1.5  0.0119495
14  1.6  0.00912045
14  1.7  0.00670918
14  1.8  0.00511542
14  1.9  0.00393075
14  2.0  0.00293689
14  2.5  0.000813607
14  3.0  0.000246924
14  3.5  7.86376e-05
12  11.5  6.61006e-10
14  4.0  3.02466e-05
12  12.0  3.7902e-10
14  4.5  1.13571e-05
14  5.0  4.93805e-06
14  5.5  2.04982e-06
14  6.0  9.00656e-07
14  6.5  4.21651e-07
14  7.0  2.03184e-07
14  7.5  9.95933e-08
14  8.0  4.93337e-08
14  8.5  2.51112e-08
14  9.0  1.32008e-08
14  9.5  6.83679e-09
14  10.0  3.77189e-09
14  10.5  2.07025e-09
16  0.2  0.0476865
14  11.5  6.48244e-10
16  0.3  0.0712763
16  0.4  0.0890572
16  0.5  0.0969788
16  0.6  0.0940594
16  0.7  0.0838698
16  0.8  0.070625
16  1.0  0.0451855
16  0.9  0.0567074
16  1.2  0.0262671
16  1.1  0.0348894
16  1.3  0.0204054
14  11.0  1.13858e-09
16  1.4  0.0151691
16  1.5  0.0114196
16  1.6  0.00862214
16  1.7  0.00650621
16  2.0  0.00286058
16  1.8  0.00496122
16  1.9  0.00375257
16  2.5  0.000776578
16  3.0  0.000239095
16  3.5  8.05206e-05
14  12.0  3.64994e-10
16  4.0  2.97305e-05
16  4.5  1.10233e-05
16  5.0  4.44919e-06
16  5.5  1.96424e-06
16  6.0  8.53431e-07
16  7.0  1.96023e-07
16  6.5  3.90169e-07
16  8.5  2.40877e-08
16  7.5  9.55472e-08
16  8.0  4.79158e-08
16  9.5  6.62778e-09
16  10.0  3.61108e-09
16  9.0  1.28078e-08
18  0.2  0.0471405
18  0.3  0.0702423
16  10.5  2.01377e-09
18  0.4  0.0878245
18  0.5  0.0948365
18  0.6  0.0930319
16  12.0  3.4813e-10
18  0.7  0.0822202
18  0.8  0.0689596
18  0.9  0.0552566
18  1.0  0.0428448
18  1.1  0.0335046
16  11.0  1.12335e-09
18  1.2  0.0252201
18  1.3  0.0195021
18  1.4  0.0146641
18  1.6  0.00849695
18  1.5  0.0109185
18  1.7  0.00645934
18  1.8  0.00471831
18  1.9  0.00360147
18  2.5  0.000726077
18  2.0  0.00274972
18  3.0  0.000224061
18  3.5  7.33638e-05
16  11.5  6.21682e-10
18  4.0  2.82956e-05
18  4.5  1.06895e-05
18  5.0  4.36204e-06
18  5.5  1.88877e-06
18  7.0  1.87082e-07
18  6.0  8.37662e-07
18  6.5  3.91385e-07
18  7.5  8.77086e-08
18  8.0  4.52394e-08
18  9.5  6.39158e-09
18  8.5  2.34926e-08
18  9.0  1.1826e-08
18  10.0  3.48421e-09
18  11.5  5.81197e-10
2  0.2  0.0489082
18  10.5  1.86361e-09
2  0.3  0.0729535
2  0.4  0.0932245
2  0.5  0.101717
2  0.6  0.0996017
2  0.7  0.090121
2  0.8  0.0770776
2  0.9  0.0623289
18  11.0  1.06419e-09
2  1.0  0.0489906
18  12.0  3.40793e-10
2  1.1  0.0381253
2  1.2  0.0292235
2  1.3  0.0226247
2  1.4  0.0174153
2  1.5  0.012836
2  1.6  0.00978516
2  1.7  0.00740605
2  1.8  0.00556092
2  1.9  0.00423868
2  2.0  0.00329189
2  2.5  0.000906832
2  3.0  0.000277328
2  3.5  9.08878e-05
2  4.5  1.25401e-05
2  4.0  3.37249e-05
2  5.0  5.37396e-06
2  5.5  2.19474e-06
2  6.0  1.00591e-06
2  6.5  4.55488e-07
2  7.0  2.22914e-07
2  8.5  2.82775e-08
2  7.5  1.0962e-07
2  8.0  5.47286e-08
2  9.0  1.45532e-08
2  9.5  7.67647e-09
2  10.0  4.15184e-09
20  0.2  0.0467651
2  10.5  2.29583e-09
20  0.3  0.0695969
20  0.4  0.0863587
20  0.5  0.0931305
20  0.6  0.0890684
20  0.7  0.079185
20  0.8  0.0666594
20  0.9  0.0531308
2  11.0  1.24645e-09
20  1.0  0.0419638
20  1.1  0.0318986
20  1.2  0.0244058
20  1.3  0.0188226
20  1.4  0.013775
20  1.5  0.010387
20  1.7  0.00608401
20  1.6  0.00785702
20  1.8  0.0045566
2  11.5  7.09956e-10
20  2.0  0.00261891
20  1.9  0.00342391
20  2.5  0.000722482
20  3.0  0.000218932
20  3.5  7.23066e-05
2  12.0  4.10236e-10
20  4.0  2.65254e-05
20  4.5  9.85056e-06
20  5.0  4.13391e-06
20  5.5  1.70842e-06
20  6.0  7.64391e-07
20  6.5  3.52375e-07
20  7.0  1.78537e-07
20  7.5  8.21153e-08
20  8.0  4.29602e-08
20  9.5  6.08899e-09
20  8.5  2.12697e-08
20  9.0  1.11632e-08
20  10.0  3.28246e-09
22  0.2  0.0456909
22  0.3  0.0686768
20  10.5  1.8113e-09
22  0.4  0.0844646
22  0.5  0.0906568
22  0.6  0.085588
22  0.7  0.0758617
22  0.8  0.0635897
22  0.9  0.0505833
22  1.0  0.0398074
22  1.1  0.0304558
22  1.2  0.0229654
22  1.4  0.0132069
22  1.3  0.0175051
20  11.0  9.98906e-10
22  1.5  0.00979397
22  1.7  0.00565199
22  1.6  0.00738658
22  1.8  0.00417009
22  2.0  0.00244695
22  1.9  0.00319316
22  2.5  0.000654485
22  3.0  0.000203027
22  3.5  6.75003e-05
20  11.5  5.58478e-10
20  12.0  3.23354e-10
22  4.0  2.33775e-05
22  4.5  9.38674e-06
22  5.0  3.85611e-06
22  5.5  1.60519e-06
22  7.0  1.67921e-07
22  6.0  7.5504e-07
22  7.5  7.81907e-08
22  6.5  3.32108e-07
22  8.5  2.01495e-08
22  9.0  1.06228e-08
22  9.5  5.51218e-09
22  8.0  4.00899e-08
22  10.0  2.95268e-09
24  0.2  0.0454734
24  0.3  0.0662891
24  0.4  0.0825455
24  0.5  0.087202
24  0.6  0.0813766
24  0.7  0.0717671
22  10.5  1.68294e-09
24  0.8  0.0591843
24  0.9  0.0473477
24  1.1  0.0280838
24  1.0  0.0369587
24  1.2  0.0212882
24  1.3  0.0161044
24  1.4  0.0122293
24  1.5  0.0092313
24  1.6  0.00682357
24  1.7  0.00507165
24  1.8  0.00389062
24  1.9  0.00290903
24  2.5  0.000606417
22  11.0  9.39973e-10
24  2.0  0.00220097
24  3.0  0.000189252
24  3.5  6.33271e-05
22  11.5  5.40672e-10
22  12.0  2.97428e-10
24  4.5  8.39463e-06
24  5.0  3.48807e-06
24  4.0  2.17725e-05
24  5.5  1.54506e-06
24  6.0  6.89272e-07
24  6.5  3.1056e-07
24  7.0  1.48171e-07
24  7.5  7.06804e-08
24  9.0  9.72461e-09
24  8.0  3.62963e-08
24  9.5  5.13397e-09
24  8.5  1.8069e-08
24  11.0  8.61015e-10
24  10.0  2.7438e-09
26  0.2  0.0435357
26  0.3  0.06425
24  10.5  1.54264e-09
26  0.4  0.0786103
26  0.5  0.0826122
26  0.6  0.0767241
26  0.7  0.0659755
26  0.8  0.0546018
26  0.9  0.0427687
24  12.0  2.67925e-10
26  1.0  0.0329189
26  1.1  0.0251724
26  1.2  0.0191025
26  1.3  0.0143034
26  1.4  0.0107129
26  1.5  0.00802807
26  1.6  0.00607235
26  1.7  0.00462499
26  1.8  0.00345552
26  1.9  0.00260439
26  2.0  0.00198258
26  2.5  0.000534575
26  3.0  0.000160153
26  3.5  5.36771e-05
24  11.5  4.66513e-10
26  5.0  3.15864e-06
26  4.0  1.96328e-05
26  4.5  7.01088e-06
26  5.5  1.33623e-06
26  6.0  5.95341e-07
26  6.5  2.7105e-07
26  7.0  1.30621e-07
26  7.5  6.42343e-08
26  8.0  3.07388e-08
26  8.5  1.64351e-08
26  9.0  8.6008e-09
26  9.5  4.4333e-09
26  10.0  2.47563e-09
28  0.2  0.0423447
28  0.3  0.0613422
28  0.4  0.0737427
26  10.5  1.31223e-09
28  0.5  0.0758013
28  0.6  0.0690956
28  0.7  0.0591463
28  0.8  0.0477507
28  0.9  0.0377024
28  1.0  0.0289189
28  1.1  0.0220978
26  11.0  7.52387e-10
28  1.2  0.0165076
28  1.3  0.0124294
28  1.5  0.00678345
28  1.4  0.00916006
28  1.6  0.00510539
28  1.8  0.00292838
28  1.7  0.0037957
28  1.9  0.0022139
28  2.0  0.00166188
28  2.5  0.000460554
28  3.0  0.000134731
28  3.5  4.497e-05
26  11.5  4.19841e-10
26  12.0  2.4144e-10
28  4.0  1.6113e-05
28  4.5  6.51331e-06
28  5.0  2.51848e-06
28  5.5  1.08918e-06
28  6.0  4.7818e-07
28  6.5  2.25284e-07
28  7.0  1.11335e-07
28  7.5  5.40641e-08
28  8.5  1.36612e-08
28  8.0  2.71017e-08
28  9.5  3.82694e-09
28  9.0  6.99128e-09
28  10.0  2.11873e-09
30  0.2  0.0390303
28  10.5  1.11937e-09
30  0.3  0.0568897
30  0.4  0.0667269
30  0.5  0.0647942
30  0.6  0.0595965
30  0.7  0.0494465
30  0.8  0.0392289
28  12.0  2.03921e-10
30  0.9  0.030936
30  1.1  0.0180258
30  1.0  0.0235922
28  11.0  6.4063e-10
30  1.2  0.0131102
30  1.3  0.00975796
30  1.4  0.00723371
30  1.5  0.00550127
30  1.6  0.00413116
30  1.7  0.00309811
30  1.9  0.00177051
30  1.8  0.00228668
30  2.5  0.000348495
30  2.0  0.00131575
30  3.5  3.5265e-05
30  3.0  0.000108148
28  11.5  3.53874e-10
30  5.0  2.01951e-06
30  4.0  1.28749e-05
30  4.5  4.93172e-06
30  5.5  8.70745e-07
30  6.0  3.79971e-07
30  6.5  1.80956e-07
30  7.0  8.66065e-08
30  8.5  1.07873e-08
30  7.5  4.19613e-08
30  8.0  2.10299e-08
30  9.5  2.96513e-09
30  9.0  5.60962e-09
30  10.0  1.62105e-09
32  0.2  0.0361449
32  0.3  0.0503097
32  0.4  0.0557924
30  10.5  8.84689e-10
32  0.5  0.0534901
32  0.6  0.0472425
32  0.7  0.0381561
32  0.8  0.0304787
32  0.9  0.0233656
32  1.0  0.0173958
32  1.1  0.013032
32  1.2  0.00981363
32  1.3  0.0070867
30  11.0  4.81443e-10
32  1.4  0.00538826
32  1.6  0.00287866
32  1.5  0.00384233
32  1.8  0.00170641
32  1.9  0.0012227
32  1.7  0.00224261
32  2.0  0.000946812
32  2.5  0.000263474
32  3.0  7.97429e-05
30  11.5  2.73704e-10
32  3.5  2.46818e-05
32  4.0  9.44805e-06
32  4.5  3.49771e-06
30  12.0  1.59986e-10
32  5.0  1.38267e-06
32  5.5  6.13118e-07
32  6.5  1.27509e-07
32  6.0  2.78274e-07
32  7.5  2.97474e-08
32  7.0  6.14264e-08
32  8.5  7.53839e-09
32  8.0  1.50729e-08
32  9.0  3.97577e-09
32  9.5  2.10969e-09
32  10.5  6.27529e-10
32  10.0  1.15529e-09
4  0.2  0.0488146
4  0.3  0.0733137
4  0.4  0.0918246
4  0.5  0.101908
4  0.6  0.099445
4  0.7  0.0891187
4  0.8  0.0764371
4  0.9  0.0620354
32  11.5  1.92902e-10
4  1.0  0.0497274
32  11.0  3.48497e-10
4  1.1  0.0377444
4  1.3  0.0225475
4  1.2  0.0294943
4  1.4  0.017195
4  1.5  0.0129729
4  1.6  0.00968802
4  1.7  0.00742969
4  1.8  0.00555768
4  1.9  0.00422791
4  2.0  0.00325412
4  2.5  0.000888655
4  3.0  0.0002723
4  3.5  9.06326e-05
32  12.0  1.14838e-10
4  4.5  1.29665e-05
4  4.0  3.38804e-05
4  5.0  5.35153e-06
4  5.5  2.21245e-06
4  6.0  9.82595e-07
4  6.5  4.54364e-07
4  7.0  2.15771e-07
4  7.5  1.0511e-07
4  9.0  1.45865e-08
4  8.0  5.28474e-08
4  8.5  2.63608e-08
4  9.5  7.59262e-09
4  11.5  7.20956e-10
4  10.0  4.18657e-09
6  0.2  0.0488145
6  0.3  0.0729004
4  10.5  2.3079e-09
6  0.4  0.091615
6  0.5  0.10138
6  0.6  0.0987408
6  0.7  0.0897289
6  0.8  0.076125
6  0.9  0.0613916
6  1.0  0.0487011
6  1.1  0.0376289
4  11.0  1.24699e-09
6  1.2  0.0292967
6  1.4  0.0165246
6  1.3  0.0221549
6  1.5  0.0127839
6  1.6  0.00969577
6  1.8  0.00557183
6  1.7  0.00724347
6  1.9  0.00420028
6  2.5  0.000866665
6  3.0  0.000271338
6  2.0  0.00322447
6  3.5  9.04557e-05
4  12.0  4.09607e-10
6  4.0  3.23991e-05
6  4.5  1.27152e-05
6  5.0  5.29442e-06
6  5.5  2.12472e-06
6  6.0  9.66359e-07
6  6.5  4.48911e-07
6  7.0  2.17736e-07
6  8.5  2.86961e-08
6  7.5  1.03376e-07
6  9.0  1.43339e-08
6  8.0  5.38001e-08
6  10.0  4.04128e-09
6  10.5  2.21797e-09
6  9.5  7.48942e-09
6  11.5  7.13203e-10
6  11.0  1.25052e-09
8  0.2  0.0486046
8  0.3  0.0732751
8  0.4  0.0917395
8  0.5  0.100628
8  0.6  0.0985731
8  0.7  0.08773
8  0.8  0.0749469
8  0.9  0.0613429
8  1.0  0.0484076
8  1.1  0.0375796
8  1.2  0.0292317
8  1.3  0.021889
8  1.4  0.0167187
8  1.5  0.0125289
8  1.6  0.00952383
8  1.8  0.00545547
8  1.7  0.00713395
8  2.0  0.00318685
8  1.9  0.0041625
8  2.5  0.000894954
8  3.0  0.000269672
8  3.5  9.25078e-05
8  4.0  3.29561e-05
6  12.0  4.0751e-10
8  4.5  1.2783e-05
8  5.0  5.1927e-06
8  6.5  4.42231e-07
8  5.5  2.2081e-06
8  6.0  9.48782e-07
8  7.0  2.11219e-07
8  8.5  2.74366e-08
8  7.5  1.02767e-07
8  9.0  1.41265e-08
8  9.5  7.54655e-09
8  8.0  5.30452e-08
8  10.0  3.95415e-09
8  11.5  6.98735e-10
8  10.5  2.13641e-09
8  11.0  1.23748e-09
8  12.0  3.93555e-10
