# diffractive D0 cross section, Pb target, LHAPDF fragmentation, An0n channel
# generated      : 2026-08-20 10:21:43 EEST
# calls          : 1e5 (VEGAS calls per point, see CALLS_EXCL/CALLS_EXCL_FACTORIZED/CALLS_DIFF)
# dipole samples : data/Pb/mve/glauber_mve_<b>
# pD0 sweep      : 0.2 0.3 0.4 0.5 0.6 0.7 0.8 0.9 1.0 1.1 1.2 1.3 1.4 1.5 1.6 1.7 1.8 1.9 2.0 2.5 3.0 3.5 4.0 4.5 5.0 5.5 6.0 6.5 7.0 7.5 8.0 8.5 9.0 9.5 10.0 10.5 11.0 11.5 12.0
# fixed rapidity y : 1.0
# ============================================================
# b  pD0  dsigma_dyd2pD0
0  0.2  0.38636
0  0.4  0.713525
0  0.5  0.82426
0  0.3  0.569773
0  0.7  0.799668
0  0.6  0.843095
0  0.8  0.714105
0  0.9  0.616156
0  1.0  0.515749
0  1.1  0.435537
0  1.2  0.351623
0  1.4  0.235575
0  1.5  0.190459
0  1.3  0.288567
0  1.7  0.125344
0  1.6  0.153207
0  2.0  0.0670512
0  1.8  0.100499
0  1.9  0.0809708
0  2.5  0.0262365
0  3.0  0.0112364
0  3.5  0.00519139
0  4.0  0.00262405
0  5.5  0.000444375
0  5.0  0.000760075
0  4.5  0.00137931
0  6.5  0.000173334
0  6.0  0.00027857
0  7.0  0.000113738
0  7.5  7.50873e-05
0  8.0  4.91475e-05
0  8.5  3.3487e-05
0  9.0  2.39224e-05
0  9.5  1.63056e-05
10  0.2  0.377515
10  0.3  0.564808
10  0.4  0.713829
10  0.5  0.810387
0  10.0  1.17716e-05
10  0.6  0.816156
10  0.7  0.773541
0  11.0  6.37478e-06
10  0.8  0.69432
10  0.9  0.596875
10  1.0  0.501124
0  10.5  8.60054e-06
10  1.1  0.414825
10  1.2  0.341747
0  11.5  4.81655e-06
10  1.3  0.27614
10  1.4  0.223713
10  1.7  0.120414
10  1.5  0.182158
10  1.6  0.146024
10  1.8  0.0960848
10  1.9  0.0781608
0  12.0  3.45527e-06
10  2.0  0.0634017
10  2.5  0.0246172
10  3.0  0.0106141
10  3.5  0.00495437
10  4.0  0.00249692
10  5.0  0.000752539
10  4.5  0.00133552
10  6.5  0.000160236
10  5.5  0.000431095
10  6.0  0.000266045
10  7.5  6.96171e-05
10  7.0  0.000107764
10  9.0  2.18465e-05
10  8.5  3.18618e-05
10  8.0  4.7071e-05
10  9.5  1.586e-05
10  10.0  1.12366e-05
12  0.2  0.381852
10  11.0  6.15037e-06
12  0.3  0.55802
12  0.4  0.726144
10  10.5  8.22192e-06
12  0.5  0.802956
12  0.6  0.811952
12  0.7  0.764941
12  0.8  0.676383
12  0.9  0.588575
12  1.0  0.495536
12  1.1  0.409684
12  1.2  0.329081
12  1.3  0.268768
12  1.4  0.217565
12  1.5  0.177777
12  1.6  0.143466
12  1.7  0.115532
12  1.8  0.0943867
12  1.9  0.0764267
12  2.0  0.0636825
10  11.5  4.4646e-06
12  2.5  0.0245118
12  3.0  0.0103567
12  3.5  0.00484185
12  4.0  0.00243587
10  12.0  3.32151e-06
12  5.0  0.000734562
12  4.5  0.00129568
12  5.5  0.000421175
12  6.0  0.000260494
12  6.5  0.000162441
12  7.0  0.000102684
12  7.5  6.78025e-05
12  9.0  2.17497e-05
12  8.5  3.1417e-05
12  8.0  4.63219e-05
12  9.5  1.57793e-05
14  0.2  0.372676
14  0.3  0.552345
12  10.0  1.09192e-05
14  0.4  0.714124
14  0.5  0.800241
12  11.0  6.00622e-06
14  0.6  0.797438
14  0.7  0.751525
12  10.5  8.2174e-06
14  0.8  0.668462
14  0.9  0.57206
14  1.0  0.482998
14  1.1  0.397031
14  1.2  0.330973
14  1.3  0.270891
14  1.4  0.214746
14  1.5  0.175301
14  1.6  0.140648
14  1.7  0.111747
14  1.8  0.0906043
14  2.0  0.0614694
14  1.9  0.0751347
14  2.5  0.023647
14  3.0  0.0100737
14  3.5  0.00468653
12  11.5  4.27842e-06
12  12.0  3.26946e-06
14  4.0  0.00235968
14  5.0  0.000716071
14  4.5  0.00126074
14  5.5  0.000413473
14  6.0  0.000251169
14  7.0  9.92365e-05
14  6.5  0.000154898
14  7.5  6.60271e-05
14  9.0  2.1328e-05
14  8.0  4.43686e-05
14  8.5  2.97386e-05
14  9.5  1.47461e-05
14  10.0  1.065e-05
16  0.2  0.375848
16  0.3  0.548217
16  0.4  0.699321
14  11.0  5.86432e-06
16  0.5  0.786248
16  0.6  0.791006
16  0.7  0.731478
16  0.8  0.653868
16  0.9  0.56573
14  10.5  7.95087e-06
16  1.0  0.472027
16  1.1  0.389403
16  1.2  0.317147
16  1.3  0.257385
16  1.4  0.207473
16  1.5  0.166979
16  1.6  0.136039
16  1.7  0.10922
16  1.8  0.0873312
16  1.9  0.0722436
16  2.0  0.0588515
14  12.0  3.22126e-06
16  2.5  0.0228328
16  3.0  0.00958786
16  3.5  0.00450132
14  11.5  4.29965e-06
16  5.0  0.000690216
16  4.0  0.00227344
16  4.5  0.00117669
16  7.0  9.76287e-05
16  5.5  0.000401366
16  6.5  0.000149243
16  6.0  0.000244424
16  8.0  4.34563e-05
16  8.5  2.93092e-05
16  7.5  6.39736e-05
16  9.0  2.09032e-05
16  10.0  1.03626e-05
16  9.5  1.39463e-05
16  11.0  5.4041e-06
18  0.2  0.371282
18  0.3  0.536571
18  0.4  0.686373
16  10.5  7.38942e-06
18  0.5  0.766828
18  0.6  0.772674
16  11.5  4.02494e-06
18  0.7  0.716741
18  0.8  0.637069
18  0.9  0.543455
18  1.0  0.456858
18  1.1  0.375017
18  1.2  0.307542
18  1.3  0.246979
18  1.4  0.202682
18  1.5  0.161174
18  1.6  0.129411
18  1.7  0.103577
18  1.9  0.0693572
18  2.0  0.0559607
18  1.8  0.0844508
16  12.0  3.02688e-06
18  2.5  0.0217864
18  3.5  0.00431128
18  3.0  0.00928924
18  5.0  0.000645314
18  4.0  0.00216828
18  4.5  0.00118293
18  5.5  0.000386687
18  6.0  0.000233016
18  7.0  9.1477e-05
18  7.5  6.15532e-05
18  6.5  0.000143368
18  8.0  4.04029e-05
18  8.5  2.81488e-05
18  9.0  1.96138e-05
18  9.5  1.3773e-05
18  10.5  7.12293e-06
18  10.0  1.01335e-05
2  0.2  0.38878
18  11.0  5.31763e-06
2  0.3  0.566901
2  0.4  0.729296
2  0.5  0.822447
2  0.7  0.785518
2  0.6  0.83729
2  0.8  0.711636
2  0.9  0.624726
18  11.5  3.78799e-06
2  1.0  0.519328
2  1.1  0.426722
2  1.2  0.350338
2  1.3  0.287226
2  1.5  0.188539
2  1.4  0.233821
2  1.7  0.123414
2  1.6  0.151662
2  1.8  0.101693
2  1.9  0.0819672
2  2.0  0.0662502
2  2.5  0.0262212
18  12.0  2.89766e-06
2  3.5  0.00522377
2  3.0  0.0112187
2  4.0  0.00261175
2  4.5  0.00138829
2  5.0  0.000785886
2  5.5  0.000458601
2  6.5  0.000170799
2  7.5  7.26792e-05
2  6.0  0.000275917
2  7.0  0.000112046
2  8.5  3.36675e-05
2  8.0  4.91276e-05
2  9.0  2.34442e-05
2  9.5  1.68935e-05
20  0.2  0.361501
20  0.3  0.537428
2  10.0  1.18763e-05
2  11.0  6.19873e-06
20  0.4  0.682673
20  0.5  0.750051
2  10.5  8.77899e-06
20  0.6  0.748813
2  11.5  4.70654e-06
20  0.7  0.692559
20  0.8  0.614208
20  0.9  0.520731
20  1.1  0.361521
20  1.0  0.439894
2  12.0  3.59888e-06
20  1.2  0.294459
20  1.3  0.236215
20  1.4  0.189086
20  1.5  0.152273
20  1.6  0.121888
20  1.7  0.0999884
20  1.8  0.0803009
20  1.9  0.0651042
20  2.0  0.0530311
20  2.5  0.0207044
20  3.5  0.00406184
20  3.0  0.00867322
20  5.0  0.000617784
20  4.0  0.00200217
20  4.5  0.00110454
20  5.5  0.000360066
20  6.0  0.000210338
20  6.5  0.000134626
20  7.0  8.76281e-05
20  7.5  5.75864e-05
20  8.0  3.82971e-05
20  9.0  1.83441e-05
20  8.5  2.65258e-05
20  10.5  6.73135e-06
20  9.5  1.30815e-05
20  10.0  9.19469e-06
22  0.2  0.355164
22  0.3  0.524261
20  11.0  4.91006e-06
22  0.4  0.668089
22  0.5  0.726159
22  0.6  0.720297
22  0.7  0.668686
22  0.8  0.587761
22  0.9  0.49586
22  1.1  0.339079
22  1.0  0.414185
22  1.2  0.274253
22  1.3  0.220662
20  11.5  3.67337e-06
22  1.4  0.178735
22  1.5  0.143963
22  1.6  0.11362
22  1.8  0.0744259
22  1.7  0.0926694
22  1.9  0.0613507
22  2.0  0.0498072
22  2.5  0.0192335
22  3.0  0.00816434
22  3.5  0.00377462
22  4.0  0.00188849
20  12.0  2.74048e-06
22  5.0  0.000575963
22  4.5  0.00101439
22  6.5  0.00012051
22  5.5  0.000327229
22  7.0  8.18363e-05
22  6.0  0.000196136
22  7.5  5.37201e-05
22  8.0  3.59134e-05
22  8.5  2.45213e-05
22  9.0  1.69776e-05
22  9.5  1.22237e-05
22  10.5  6.24335e-06
22  10.0  8.62504e-06
24  0.2  0.348361
24  0.3  0.508962
22  11.0  4.56468e-06
24  0.4  0.642631
24  0.5  0.697773
24  0.6  0.687306
24  0.7  0.621177
24  0.8  0.546241
24  0.9  0.467993
24  1.0  0.38532
24  1.2  0.257051
24  1.1  0.312856
24  1.4  0.168063
24  1.3  0.202789
24  1.5  0.131032
24  1.6  0.105097
24  1.7  0.0846742
24  1.8  0.0688666
24  1.9  0.0559881
24  2.0  0.045668
22  12.0  2.56233e-06
24  3.0  0.00736028
24  2.5  0.0175445
24  3.5  0.00345557
22  11.5  3.4029e-06
24  4.5  0.000929768
24  5.0  0.000513658
24  4.0  0.00175074
24  5.5  0.000296233
24  6.0  0.000180828
24  6.5  0.000115454
24  7.5  4.89347e-05
24  7.0  7.43757e-05
24  9.0  1.55278e-05
24  8.0  3.24476e-05
24  8.5  2.25398e-05
24  9.5  1.09776e-05
24  10.0  7.84911e-06
26  0.2  0.333464
24  10.5  5.6854e-06
26  0.3  0.492917
26  0.4  0.602921
26  0.5  0.665078
26  0.6  0.636221
26  0.8  0.497506
26  0.7  0.575847
26  0.9  0.420326
26  1.0  0.341369
26  1.1  0.281171
24  11.0  4.16805e-06
26  1.3  0.183928
26  1.2  0.22645
26  1.5  0.116108
26  1.4  0.145663
26  1.6  0.0933132
26  1.7  0.0761837
26  1.8  0.0606304
26  2.0  0.0401245
26  1.9  0.0495659
26  2.5  0.0157958
26  3.0  0.00651531
26  3.5  0.0030665
24  11.5  3.08525e-06
24  12.0  2.31267e-06
26  5.0  0.000458483
26  4.0  0.00157154
26  4.5  0.000788642
26  5.5  0.000270405
26  6.5  9.80725e-05
26  6.0  0.000160295
26  7.0  6.59166e-05
26  7.5  4.23801e-05
26  8.5  1.95597e-05
26  8.0  2.8618e-05
26  9.0  1.35135e-05
26  9.5  9.31885e-06
26  10.0  6.85187e-06
26  11.0  3.66044e-06
28  0.2  0.318673
28  0.3  0.463461
28  0.4  0.571286
28  0.5  0.602689
26  10.5  4.99331e-06
28  0.6  0.575593
28  0.7  0.508042
28  0.8  0.438262
28  0.9  0.368564
28  1.0  0.301425
28  1.1  0.237999
28  1.3  0.156613
28  1.2  0.193333
28  1.5  0.100062
28  1.4  0.124515
28  1.6  0.0803394
28  1.7  0.0635713
28  1.9  0.0427897
28  1.8  0.0514035
28  2.0  0.0340714
26  11.5  2.71226e-06
28  2.5  0.0128746
28  3.5  0.00254984
28  3.0  0.00557487
26  12.0  2.05929e-06
28  4.5  0.000684086
28  5.0  0.000388002
28  5.5  0.0002202
28  4.0  0.00126443
28  6.0  0.000135855
28  6.5  8.51886e-05
28  7.0  5.2981e-05
28  7.5  3.55034e-05
28  8.0  2.40319e-05
28  8.5  1.63946e-05
28  9.5  8.03378e-06
28  9.0  1.13966e-05
28  10.0  5.7553e-06
30  0.2  0.298127
28  10.5  4.17218e-06
28  11.0  3.05716e-06
30  0.3  0.425494
30  0.4  0.512985
30  0.5  0.520432
30  0.6  0.485724
30  0.7  0.433271
30  0.8  0.363308
28  11.5  2.32721e-06
30  0.9  0.302002
30  1.0  0.242371
30  1.1  0.192973
30  1.2  0.154258
30  1.3  0.124759
30  1.4  0.0999899
30  1.5  0.079691
30  1.6  0.0638053
30  1.7  0.0504764
30  1.8  0.0403303
30  1.9  0.0327921
30  2.0  0.0264382
30  3.5  0.00198341
30  2.5  0.0102732
30  3.0  0.00444082
28  12.0  1.72116e-06
30  4.0  0.00102603
30  5.5  0.00017646
30  5.0  0.000301291
30  4.5  0.000532449
30  6.5  6.61887e-05
30  6.0  0.000106147
30  7.0  4.22894e-05
30  8.0  1.88011e-05
30  7.5  2.79581e-05
30  8.5  1.2875e-05
30  9.5  6.27178e-06
30  9.0  8.83006e-06
30  10.5  3.26886e-06
30  10.0  4.51723e-06
32  0.2  0.270995
32  0.3  0.370272
30  11.0  2.39588e-06
32  0.4  0.424052
32  0.5  0.425017
32  0.6  0.382004
32  0.7  0.324178
32  0.8  0.274024
32  0.9  0.21872
32  1.0  0.176329
32  1.1  0.142091
32  1.2  0.113922
32  1.3  0.0915472
32  1.4  0.0721023
32  1.5  0.0571081
32  1.7  0.036402
32  1.6  0.0455004
30  11.5  1.7784e-06
32  1.8  0.0292173
32  1.9  0.0238264
32  2.5  0.00741517
32  2.0  0.0191449
32  3.0  0.00309686
32  3.5  0.00141822
30  12.0  1.3418e-06
32  4.5  0.00038063
32  5.0  0.000211172
32  4.0  0.000742729
32  6.5  4.71789e-05
32  5.5  0.000125721
32  6.0  7.57765e-05
32  7.0  3.03141e-05
32  7.5  1.97348e-05
32  8.5  9.04112e-06
32  8.0  1.3263e-05
32  9.5  4.49979e-06
32  9.0  6.26228e-06
32  10.5  2.32442e-06
32  10.0  3.27436e-06
4  0.2  0.38551
4  0.3  0.56854
32  11.0  1.70617e-06
4  0.4  0.723146
4  0.5  0.819045
4  0.6  0.838139
4  0.7  0.798421
4  0.8  0.709877
4  0.9  0.616308
4  1.0  0.519225
4  1.1  0.429833
32  11.5  1.25672e-06
4  1.2  0.352523
4  1.3  0.285158
4  1.4  0.231902
4  1.5  0.190369
4  1.6  0.15272
4  1.7  0.122648
4  1.8  0.100193
4  1.9  0.0810678
4  2.0  0.0666482
4  2.5  0.0257906
4  3.0  0.0109936
4  3.5  0.00522144
4  4.0  0.00254739
32  12.0  9.60882e-07
4  4.5  0.00136203
4  5.0  0.000778458
4  5.5  0.00045575
4  6.5  0.000171446
4  6.0  0.000274715
4  7.0  0.000108642
4  7.5  7.09085e-05
4  8.5  3.33959e-05
4  8.0  4.79713e-05
4  9.0  2.34298e-05
4  9.5  1.64311e-05
6  0.2  0.384482
4  10.0  1.17897e-05
4  11.0  6.44047e-06
6  0.3  0.565064
6  0.4  0.726941
4  10.5  8.71527e-06
6  0.5  0.81422
6  0.6  0.831906
6  0.7  0.782476
6  0.8  0.704952
4  11.5  4.76952e-06
6  0.9  0.609476
6  1.0  0.514212
6  1.1  0.427134
6  1.2  0.348128
6  1.3  0.282684
6  1.4  0.229232
6  1.5  0.184959
6  1.7  0.122532
6  1.6  0.149928
6  1.8  0.0985505
6  1.9  0.0807392
6  2.0  0.0653262
6  2.5  0.0255792
6  3.5  0.00506725
6  3.0  0.0109243
6  4.0  0.00255846
4  12.0  3.45331e-06
6  4.5  0.00137117
6  5.0  0.000773179
6  5.5  0.000452755
6  6.5  0.000174615
6  7.5  7.34807e-05
6  6.0  0.000264557
6  7.0  0.000108703
6  8.5  3.349e-05
6  8.0  4.99317e-05
6  9.0  2.31106e-05
6  9.5  1.62434e-05
6  10.5  8.62431e-06
6  10.0  1.14087e-05
8  0.2  0.382828
8  0.3  0.563802
8  0.4  0.73005
8  0.5  0.816807
8  0.6  0.83485
8  0.7  0.784906
8  0.8  0.702607
8  0.9  0.608661
6  11.5  4.61496e-06
8  1.0  0.512127
8  1.1  0.422874
8  1.2  0.346243
6  11.0  6.16386e-06
8  1.3  0.278295
8  1.4  0.228123
8  1.5  0.183362
8  1.7  0.11914
8  1.6  0.148822
8  1.8  0.0977836
8  1.9  0.0794532
8  2.0  0.0651691
8  2.5  0.0253438
8  3.0  0.0109199
8  3.5  0.00492098
8  4.0  0.00248097
6  12.0  3.39292e-06
8  5.0  0.000766006
8  4.5  0.00135195
8  5.5  0.000437734
8  6.5  0.000166892
8  6.0  0.00027924
8  7.0  0.000107707
8  7.5  7.10669e-05
8  8.5  3.22789e-05
8  8.0  4.78996e-05
8  9.0  2.30484e-05
8  9.5  1.59352e-05
8  10.0  1.18527e-05
8  11.0  6.12369e-06
8  10.5  8.59567e-06
8  11.5  4.55101e-06
8  12.0  3.3662e-06
