# diffractive D0 cross section, Pb target, LHAPDF fragmentation, An0n channel
# generated      : 2026-08-20 10:20:42 EEST
# calls          : 1e5 (VEGAS calls per point, see CALLS_EXCL/CALLS_EXCL_FACTORIZED/CALLS_DIFF)
# dipole samples : data/Pb/mve/glauber_mve_<b>
# pD0 sweep      : 0.2 0.3 0.4 0.5 0.6 0.7 0.8 0.9 1.0 1.1 1.2 1.3 1.4 1.5 1.6 1.7 1.8 1.9 2.0 2.5 3.0 3.5 4.0 4.5 5.0 5.5 6.0 6.5 7.0 7.5 8.0 8.5 9.0 9.5 10.0 10.5 11.0 11.5 12.0
# fixed rapidity y : 3.0
# ============================================================
# b  pD0  dsigma_dyd2pD0
0  0.2  0.0741723
0  0.4  0.126708
0  0.3  0.107571
0  0.5  0.130441
0  0.6  0.119329
0  0.7  0.102928
0  0.8  0.0835921
0  1.0  0.0512643
0  0.9  0.065928
0  1.2  0.0292879
0  1.3  0.0219963
0  1.1  0.0384701
0  1.4  0.0170836
0  1.5  0.0127184
0  1.6  0.0095467
0  1.7  0.00734248
0  1.8  0.00557854
0  2.5  0.000882805
0  1.9  0.00422506
0  2.0  0.00318093
0  3.0  0.000269977
0  3.5  9.11781e-05
0  4.0  3.39338e-05
0  5.5  2.3547e-06
0  4.5  1.30031e-05
0  5.0  5.28022e-06
0  7.0  2.2946e-07
0  7.5  1.16306e-07
0  6.0  1.06514e-06
0  6.5  4.75727e-07
0  8.0  5.70271e-08
0  8.5  2.96272e-08
0  9.0  1.61233e-08
0  9.5  8.61451e-09
0  10.0  4.58108e-09
10  0.2  0.0738218
10  0.3  0.10653
10  0.4  0.124559
10  0.5  0.128021
0  10.5  2.51224e-09
10  0.6  0.11792
10  0.7  0.100081
10  0.8  0.0811899
10  0.9  0.0632429
10  1.0  0.0496719
10  1.1  0.0376025
10  1.3  0.0215418
10  1.2  0.0281647
10  1.5  0.0121662
10  1.4  0.0161919
10  1.6  0.00953934
10  1.7  0.00720583
10  1.9  0.00396383
0  11.0  1.4386e-09
10  1.8  0.00530555
10  2.0  0.00306676
10  2.5  0.000838654
10  3.0  0.000254972
10  3.5  8.71778e-05
0  12.0  4.67531e-10
0  11.5  8.16005e-10
10  5.5  2.15988e-06
10  4.0  3.14611e-05
10  4.5  1.2177e-05
10  5.0  5.25678e-06
10  7.5  1.0771e-07
10  6.0  1.00003e-06
10  6.5  4.58788e-07
10  7.0  2.15363e-07
10  8.5  2.8856e-08
10  8.0  5.79582e-08
10  9.0  1.48917e-08
10  9.5  8.10628e-09
10  10.0  4.38287e-09
12  0.2  0.0727228
12  0.3  0.106571
12  0.4  0.125213
10  10.5  2.38708e-09
12  0.5  0.127281
12  0.6  0.116584
12  0.7  0.0979677
12  0.8  0.0802993
12  0.9  0.0626305
12  1.0  0.0474275
12  1.1  0.0369285
12  1.2  0.0276988
12  1.3  0.0211659
12  1.5  0.012086
12  1.4  0.0158649
10  11.0  1.40144e-09
12  1.6  0.00904165
12  1.7  0.00681564
12  1.8  0.00512707
12  1.9  0.00390252
12  2.0  0.003027
12  2.5  0.00082112
12  3.0  0.000246973
12  3.5  8.64406e-05
10  11.5  7.74648e-10
10  12.0  4.44169e-10
12  5.5  2.1772e-06
12  4.0  3.08317e-05
12  4.5  1.17229e-05
12  5.0  5.04852e-06
12  7.5  1.08703e-07
12  6.0  9.77816e-07
12  6.5  4.54244e-07
12  7.0  2.09007e-07
12  8.0  5.33045e-08
12  8.5  2.71846e-08
12  9.0  1.45904e-08
12  9.5  7.93727e-09
12  10.0  4.23317e-09
14  0.2  0.0729651
14  0.3  0.105826
12  10.5  2.36609e-09
14  0.4  0.123798
14  0.5  0.125233
14  0.6  0.114566
14  0.7  0.0976176
14  0.8  0.0783854
12  11.0  1.32342e-09
14  0.9  0.0613166
14  1.1  0.0361938
14  1.0  0.0476436
14  1.2  0.0272834
14  1.3  0.0204805
14  1.4  0.0154618
14  1.6  0.00883887
14  1.5  0.0115757
14  1.7  0.00660789
14  1.8  0.00500375
14  2.0  0.00295781
14  1.9  0.00380301
12  12.0  4.3877e-10
14  2.5  0.000807094
14  3.0  0.000248726
12  11.5  7.59685e-10
14  3.5  8.48568e-05
14  4.5  1.16488e-05
14  4.0  3.1104e-05
14  5.5  2.10282e-06
14  5.0  4.8477e-06
14  6.5  4.47683e-07
14  6.0  9.40067e-07
14  7.0  2.18436e-07
14  8.5  2.76608e-08
14  7.5  1.04534e-07
14  8.0  5.09862e-08
14  9.0  1.45288e-08
14  9.5  7.64474e-09
14  10.0  3.99026e-09
16  0.2  0.0718044
14  11.5  7.21846e-10
14  10.5  2.37431e-09
16  0.3  0.10471
16  0.4  0.121912
16  0.5  0.123651
16  0.6  0.112451
16  0.7  0.0952165
16  0.8  0.0760648
16  0.9  0.0597717
16  1.0  0.0462566
16  1.1  0.0350712
16  1.2  0.026185
16  1.3  0.0199137
16  1.4  0.0149764
16  1.5  0.0113107
16  1.6  0.00845051
16  1.8  0.00484652
16  1.7  0.00649409
14  11.0  1.29588e-09
16  2.0  0.00281973
16  1.9  0.00369615
16  2.5  0.000775212
16  3.0  0.000233715
16  3.5  8.11306e-05
14  12.0  4.18679e-10
16  4.5  1.10523e-05
16  4.0  2.89374e-05
16  5.0  4.59625e-06
16  5.5  1.98306e-06
16  6.0  9.15055e-07
16  6.5  4.33982e-07
16  7.0  2.07485e-07
16  7.5  9.87911e-08
16  8.0  4.98707e-08
16  8.5  2.65683e-08
16  9.0  1.35123e-08
16  9.5  7.19026e-09
16  10.0  4.04816e-09
18  0.2  0.0713243
18  0.3  0.10347
18  0.4  0.120636
18  0.5  0.121456
16  10.5  2.21922e-09
18  0.6  0.109218
18  0.7  0.0925337
18  0.8  0.074376
18  0.9  0.0576178
18  1.0  0.0444128
18  1.1  0.0340203
16  11.0  1.23706e-09
18  1.2  0.0256874
18  1.3  0.0192048
18  1.5  0.0108603
18  1.4  0.0143733
18  1.6  0.00814479
18  1.7  0.00631475
18  1.9  0.00353681
18  1.8  0.00468135
18  2.0  0.00267951
18  2.5  0.000742002
16  12.0  4.04937e-10
18  3.0  0.000229883
18  3.5  7.45155e-05
16  11.5  6.97385e-10
18  4.5  1.11326e-05
18  5.5  1.95538e-06
18  4.0  2.81391e-05
18  5.0  4.44694e-06
18  6.0  8.7157e-07
18  6.5  4.19152e-07
18  7.0  1.98199e-07
18  7.5  9.79838e-08
18  8.0  4.95084e-08
18  8.5  2.50552e-08
18  9.0  1.34228e-08
18  9.5  7.14005e-09
2  0.2  0.0741414
18  10.0  3.86184e-09
2  0.3  0.108194
2  0.4  0.127361
2  0.5  0.130917
2  0.6  0.120359
2  0.7  0.103332
18  10.5  2.12239e-09
2  0.8  0.0832188
2  0.9  0.0655698
2  1.0  0.0511073
2  1.1  0.0389043
18  11.0  1.18735e-09
2  1.2  0.0293734
2  1.3  0.0222448
2  1.4  0.0167406
2  1.5  0.0128536
2  1.6  0.00957026
2  1.7  0.00718372
2  1.8  0.00548826
2  1.9  0.00422892
2  2.0  0.00315132
2  2.5  0.000890527
18  11.5  6.64718e-10
2  3.0  0.000269992
2  3.5  9.09951e-05
18  12.0  3.84076e-10
2  4.0  3.41615e-05
2  5.5  2.26971e-06
2  4.5  1.28655e-05
2  5.0  5.53479e-06
2  7.0  2.3419e-07
2  7.5  1.17537e-07
2  6.0  1.01003e-06
2  6.5  4.8956e-07
2  8.0  5.91299e-08
2  8.5  2.96628e-08
2  9.0  1.57392e-08
2  9.5  8.66776e-09
2  10.0  4.50839e-09
20  0.2  0.0696076
20  0.3  0.104212
20  0.4  0.117417
20  0.5  0.119131
20  0.6  0.105888
20  0.7  0.0889751
2  10.5  2.51526e-09
20  0.8  0.0711478
20  0.9  0.0559779
20  1.0  0.042666
20  1.1  0.0323279
20  1.2  0.0242571
20  1.3  0.0183055
20  1.4  0.0138334
20  1.5  0.0103064
2  11.0  1.44258e-09
20  1.7  0.00588077
20  1.6  0.00773266
20  1.8  0.00442559
20  1.9  0.00343223
20  2.0  0.00254817
20  2.5  0.00069927
20  3.0  0.000215334
2  11.5  8.0127e-10
2  12.0  4.71118e-10
20  3.5  7.38357e-05
20  4.0  2.71126e-05
20  4.5  1.04357e-05
20  5.0  4.24988e-06
20  5.5  1.86592e-06
20  7.0  1.88474e-07
20  6.0  7.89433e-07
20  6.5  3.91903e-07
20  8.0  4.42712e-08
20  7.5  9.14666e-08
20  8.5  2.36603e-08
20  10.0  3.60492e-09
20  9.0  1.26303e-08
20  9.5  6.76269e-09
22  0.2  0.0697677
22  0.3  0.100212
20  10.5  2.01066e-09
22  0.4  0.114846
22  0.5  0.113482
22  0.6  0.101425
22  0.7  0.0853722
22  0.8  0.0678557
20  11.0  1.12203e-09
22  0.9  0.0528109
22  1.0  0.0405524
22  1.1  0.0305839
22  1.2  0.0231534
22  1.3  0.0175098
22  1.4  0.0130082
22  1.5  0.00970217
22  1.6  0.00737111
22  1.7  0.0054481
22  1.8  0.00415308
20  11.5  6.39956e-10
22  1.9  0.00311334
22  2.0  0.00235647
22  3.0  0.000199011
22  2.5  0.000651733
22  3.5  6.67734e-05
20  12.0  3.59207e-10
22  5.5  1.75039e-06
22  4.0  2.42326e-05
22  4.5  9.767e-06
22  5.0  4.03052e-06
22  6.0  7.87888e-07
22  6.5  3.58954e-07
22  7.0  1.75648e-07
22  8.0  4.26318e-08
22  7.5  8.19564e-08
22  8.5  2.16013e-08
22  9.0  1.17533e-08
22  9.5  6.24174e-09
22  11.5  5.97229e-10
22  10.0  3.30019e-09
24  0.2  0.0685794
24  0.3  0.097614
22  11.0  1.04771e-09
24  0.4  0.111648
24  0.5  0.108111
24  0.6  0.0981416
24  0.7  0.0811187
22  10.5  1.86404e-09
24  0.8  0.0633365
24  1.0  0.0374991
24  0.9  0.0495714
24  1.1  0.0280861
24  1.2  0.021243
24  1.3  0.0161049
24  1.4  0.0119368
24  1.5  0.00890125
24  1.6  0.00664554
24  1.7  0.00498125
24  1.9  0.00279394
24  1.8  0.00379386
24  2.0  0.00219405
24  3.0  0.000182457
24  2.5  0.000599866
24  3.5  6.25814e-05
22  12.0  3.41189e-10
24  5.5  1.51982e-06
24  4.0  2.22182e-05
24  4.5  8.82326e-06
24  5.0  3.64009e-06
24  7.0  1.53105e-07
24  6.0  7.0641e-07
24  6.5  3.2823e-07
24  7.5  7.79323e-08
24  8.0  3.79216e-08
24  8.5  1.95394e-08
24  9.0  1.09018e-08
24  9.5  5.52852e-09
24  10.0  3.08567e-09
26  0.2  0.065902
26  0.3  0.0938523
26  0.4  0.106154
26  0.5  0.103075
24  10.5  1.67877e-09
26  0.6  0.0901141
26  0.8  0.0583551
26  0.7  0.0747963
26  0.9  0.0453703
26  1.0  0.034375
24  11.0  9.42662e-10
26  1.1  0.025789
26  1.2  0.0191845
26  1.3  0.0143571
26  1.5  0.00796331
26  1.4  0.0105845
26  1.6  0.00589347
26  1.8  0.00328565
26  1.7  0.00440661
26  2.0  0.00191267
26  1.9  0.00249741
24  11.5  5.49599e-10
26  3.0  0.000162301
26  3.5  5.20867e-05
26  2.5  0.000531884
24  12.0  3.13563e-10
26  4.0  1.93449e-05
26  4.5  7.74997e-06
26  5.0  3.01845e-06
26  5.5  1.38537e-06
26  6.0  6.27285e-07
26  7.5  6.91808e-08
26  6.5  2.93892e-07
26  7.0  1.39849e-07
26  8.0  3.45197e-08
26  8.5  1.78558e-08
26  9.5  5.05387e-09
26  10.0  2.73278e-09
26  9.0  9.24789e-09
28  0.2  0.0626919
28  0.3  0.0897101
28  0.4  0.0983123
28  0.5  0.093264
28  0.6  0.0785616
28  0.7  0.0647862
26  10.5  1.51381e-09
28  0.8  0.0508879
28  1.0  0.0293815
28  0.9  0.0391921
28  1.1  0.0219795
28  1.2  0.0164285
28  1.3  0.0122248
26  11.0  8.18541e-10
28  1.4  0.00893765
28  1.6  0.0049098
28  1.5  0.00670013
28  1.8  0.00278864
28  1.7  0.00372408
28  1.9  0.00210519
26  11.5  4.82823e-10
28  2.0  0.00162317
28  2.5  0.000448169
28  3.5  4.34752e-05
28  3.0  0.000131262
26  12.0  2.74143e-10
28  5.0  2.60337e-06
28  4.0  1.70732e-05
28  4.5  6.25665e-06
28  5.5  1.16974e-06
28  6.0  5.13327e-07
28  6.5  2.4269e-07
28  7.0  1.13186e-07
28  8.0  2.89724e-08
28  7.5  5.75202e-08
28  9.5  4.07292e-09
28  8.5  1.52275e-08
28  9.0  7.6854e-09
28  10.0  2.3064e-09
30  0.2  0.0599961
30  0.3  0.0809541
28  10.5  1.26828e-09
30  0.4  0.0874403
30  0.5  0.0812015
30  0.6  0.0681923
30  0.8  0.0423413
30  0.7  0.0545785
30  0.9  0.0324255
30  1.0  0.0243228
28  11.0  6.9763e-10
30  1.1  0.0180331
30  1.2  0.0132162
30  1.3  0.00981461
30  1.4  0.0071511
30  1.5  0.00530845
30  1.7  0.00303488
30  1.6  0.00400283
30  1.9  0.00165715
30  1.8  0.00224497
28  11.5  3.96734e-10
30  2.0  0.00129401
30  2.5  0.000345144
30  3.0  0.000108267
30  3.5  3.55057e-05
30  4.0  1.3137e-05
30  4.5  5.06396e-06
28  12.0  2.32061e-10
30  5.0  2.02932e-06
30  5.5  8.97139e-07
30  6.5  1.84669e-07
30  6.0  4.03257e-07
30  7.0  8.95861e-08
30  7.5  4.3684e-08
30  8.0  2.25494e-08
30  8.5  1.17213e-08
30  9.0  6.18657e-09
30  9.5  3.27793e-09
30  10.0  1.77255e-09
32  0.2  0.0533275
30  10.5  9.8906e-10
32  0.3  0.0704801
32  0.4  0.0715096
32  0.5  0.0640377
32  0.6  0.0530806
32  0.7  0.0414893
32  0.8  0.0313686
32  0.9  0.0239983
32  1.0  0.018309
30  11.0  5.53053e-10
32  1.1  0.0129593
32  1.2  0.00946465
32  1.3  0.00722187
32  1.4  0.00528407
32  1.5  0.00387007
32  1.6  0.0029699
32  1.7  0.00218653
32  1.8  0.0016183
32  1.9  0.00124888
32  2.0  0.000923433
32  3.0  7.41486e-05
32  2.5  0.000253824
32  3.5  2.54496e-05
30  11.5  3.17205e-10
30  12.0  1.81687e-10
32  4.0  8.92715e-06
32  4.5  3.55603e-06
32  5.0  1.47859e-06
32  6.5  1.30348e-07
32  5.5  6.30778e-07
32  7.0  6.30288e-08
32  6.0  2.79453e-07
32  7.5  3.14715e-08
32  8.5  8.11585e-09
32  8.0  1.6196e-08
32  9.0  4.43835e-09
32  10.5  7.02113e-10
32  9.5  2.33919e-09
32  10.0  1.28742e-09
4  0.2  0.0742224
4  0.3  0.10823
4  0.4  0.126686
4  0.5  0.130019
4  0.6  0.119458
4  0.7  0.101562
32  12.0  1.30602e-10
4  0.8  0.0830107
4  0.9  0.0653523
4  1.0  0.0507346
4  1.1  0.0389946
4  1.2  0.0293484
4  1.3  0.0223931
4  1.4  0.0167214
32  11.0  4.00928e-10
4  1.6  0.00962994
4  1.5  0.0126386
4  1.7  0.00722087
4  1.9  0.00415785
4  1.8  0.00548694
4  2.0  0.00319067
4  2.5  0.00087058
4  3.0  0.000271697
4  3.5  9.0695e-05
32  11.5  2.20879e-10
4  5.5  2.20877e-06
4  4.0  3.37262e-05
4  4.5  1.32362e-05
4  5.0  5.47493e-06
4  7.5  1.16226e-07
4  7.0  2.33456e-07
4  6.0  9.96297e-07
4  6.5  4.81392e-07
4  8.0  5.88043e-08
4  8.5  3.0119e-08
4  9.0  1.53924e-08
4  9.5  8.33198e-09
4  10.0  4.56851e-09
6  0.2  0.0744229
6  0.3  0.10788
6  0.4  0.125654
6  0.5  0.129367
6  0.6  0.119438
4  10.5  2.51954e-09
6  0.7  0.102496
6  0.8  0.0806843
6  0.9  0.0652794
6  1.0  0.0503625
6  1.1  0.0381192
6  1.2  0.0285408
6  1.3  0.0221266
4  11.0  1.3944e-09
6  1.4  0.0166847
6  1.5  0.0124728
6  1.6  0.0094244
6  1.7  0.0071306
6  1.9  0.00409469
6  1.8  0.00542536
6  2.0  0.00317131
6  3.0  0.00026428
6  2.5  0.000844259
4  11.5  8.07106e-10
6  3.5  9.18756e-05
4  12.0  4.64095e-10
6  4.5  1.28125e-05
6  5.5  2.21043e-06
6  4.0  3.28998e-05
6  5.0  5.13901e-06
6  6.0  1.03641e-06
6  7.0  2.32908e-07
6  7.5  1.14958e-07
6  6.5  4.82826e-07
6  8.0  5.63993e-08
6  8.5  3.05059e-08
6  9.0  1.58345e-08
6  9.5  8.13512e-09
6  10.0  4.57604e-09
8  0.2  0.0732552
8  0.3  0.108228
8  0.4  0.125339
8  0.5  0.128282
8  0.6  0.118927
6  10.5  2.47492e-09
8  0.7  0.101548
8  0.8  0.082343
8  0.9  0.0647819
8  1.0  0.0506722
8  1.2  0.0287827
8  1.1  0.0381385
8  1.3  0.0217983
8  1.4  0.0162292
6  11.0  1.41827e-09
8  1.5  0.0124455
8  1.6  0.00944538
8  1.7  0.00709484
8  2.0  0.00318475
8  1.8  0.00538421
8  1.9  0.00410302
8  2.5  0.000851653
8  3.0  0.000259372
8  3.5  8.91732e-05
6  11.5  7.94786e-10
6  12.0  4.5193e-10
8  5.5  2.30149e-06
8  4.0  3.29396e-05
8  4.5  1.27622e-05
8  5.0  5.35516e-06
8  7.5  1.11386e-07
8  6.0  9.96659e-07
8  7.0  2.23818e-07
8  6.5  4.604e-07
8  8.0  5.76993e-08
8  8.5  2.9753e-08
8  9.0  1.55558e-08
8  9.5  8.29538e-09
8  10.0  4.3857e-09
8  10.5  2.47482e-09
8  12.0  4.51493e-10
8  11.0  1.40438e-09
8  11.5  7.94546e-10
