# exclusive D0 cross section, Pb target, HymnD fragmentation, An0n channel
# generated      : 2026-08-20 11:01:16 EEST
# calls          : 1e5 below 4.0 GeV, 2e3 above (see EXCL_PT_THRESHOLD) (VEGAS calls per point, see CALLS_EXCL/CALLS_EXCL_FACTORIZED/CALLS_DIFF)
# dipole samples : data/Pb/bk_posterior/member_0017/glauber_mve_<b>
# pD0 sweep      : 0.2 0.3 0.4 0.5 0.6 0.7 0.8 0.9 1.0 1.1 1.2 1.3 1.4 1.5 1.6 1.7 1.8 1.9 2.0 2.5 3.0 3.5 4.0 4.5 5.0 5.5 6.0 6.5 7.0 7.5 8.0 8.5 9.0 9.5 10.0 10.5 11.0 11.5 12.0
# fixed rapidity y : 0.0
# ============================================================
# b  pD0  dsigma_dyd2pD0
0  0.5  1.61254
0  0.4  2.12034
0  0.2  3.33269
0  0.3  2.70338
0  0.6  1.20333
0  0.7  0.884878
0  0.8  0.643905
0  0.9  0.466574
0  1.0  0.337503
0  1.2  0.177507
0  1.3  0.130284
0  1.1  0.24465
0  1.4  0.0943696
0  1.7  0.0390426
0  1.6  0.0513629
0  1.5  0.0688563
0  1.9  0.0222341
0  1.8  0.0281637
0  2.5  0.00426017
0  3.0  0.00100255
0  2.0  0.016307
0  3.5  0.000309242
0  4.0  0.000134687
0  4.5  5.11145e-05
0  5.0  2.08369e-05
0  5.5  9.04967e-06
0  6.0  4.13385e-06
0  6.5  1.98428e-06
0  7.0  9.91408e-07
0  7.5  5.15091e-07
0  8.0  2.79468e-07
0  8.5  1.55088e-07
0  9.0  8.89087e-08
0  9.5  5.22106e-08
0  11.0  1.20678e-08
0  10.0  3.14204e-08
10  0.2  3.16117
10  0.3  2.56217
0  10.5  1.93879e-08
10  0.4  2.00516
10  0.5  1.52518
10  0.6  1.13434
10  0.7  0.830767
10  0.8  0.603763
10  0.9  0.436763
10  1.0  0.314952
10  1.1  0.227777
10  1.2  0.1651
10  1.3  0.120355
10  1.4  0.0874038
10  1.5  0.0652889
10  1.6  0.0469924
10  1.7  0.0349406
10  1.8  0.0263846
10  1.9  0.019394
10  2.0  0.0144112
10  2.5  0.00381852
10  3.0  0.00104503
10  3.5  0.000410514
0  11.5  7.80256e-09
0  12.0  5.11757e-09
10  4.5  4.65695e-05
10  5.0  1.89733e-05
10  4.0  0.000123776
10  5.5  8.22995e-06
10  6.0  3.75837e-06
10  7.5  4.68047e-07
10  6.5  1.80344e-06
10  7.0  9.00854e-07
10  8.0  2.53319e-07
10  9.0  7.97169e-08
10  8.5  1.39365e-07
10  9.5  4.73199e-08
10  11.0  1.09603e-08
10  10.0  2.85185e-08
12  0.2  3.08282
12  0.3  2.49667
12  0.4  1.9527
12  0.5  1.48355
12  0.6  1.1012
12  0.7  0.805955
12  0.8  0.585062
10  10.5  1.76355e-08
12  0.9  0.422796
12  1.0  0.305222
12  1.1  0.22015
12  1.2  0.160214
12  1.3  0.116179
12  1.4  0.0841037
12  1.5  0.0618751
12  1.6  0.0451525
12  1.7  0.0337766
12  1.8  0.0254719
12  1.9  0.0191151
12  2.0  0.01422
12  2.5  0.00378696
12  3.0  0.00101677
12  3.5  0.000472019
10  11.5  7.10636e-09
10  12.0  4.6445e-09
12  4.0  0.00011781
12  4.5  4.45513e-05
12  5.0  1.81486e-05
12  5.5  7.86484e-06
12  6.0  3.59158e-06
12  7.5  4.46832e-07
12  6.5  1.72306e-06
12  7.0  8.57535e-07
12  8.0  2.42011e-07
12  9.0  7.89851e-08
12  8.5  1.34219e-07
12  9.5  4.51816e-08
12  10.0  2.7177e-08
14  0.2  2.98896
14  0.3  2.41701
14  0.4  1.88754
12  10.5  1.68231e-08
14  0.5  1.42983
14  0.6  1.05969
14  0.7  0.775743
14  0.8  0.563148
14  1.0  0.292637
14  0.9  0.405955
14  1.1  0.211574
14  1.2  0.153535
14  1.3  0.110767
14  1.4  0.0806258
12  11.0  1.05094e-08
14  1.5  0.060957
14  1.6  0.044155
12  12.0  4.39644e-09
14  1.7  0.0318556
14  1.8  0.0244577
14  1.9  0.0179017
14  2.0  0.0137376
14  2.5  0.00347877
14  3.0  0.00110193
12  11.5  6.73438e-09
14  3.5  0.000342726
14  4.0  0.000111518
14  4.5  4.215e-05
14  5.0  1.7179e-05
14  5.5  7.35767e-06
14  6.0  3.39304e-06
14  6.5  1.62793e-06
14  7.0  8.16035e-07
14  7.5  4.23404e-07
14  8.0  2.28767e-07
14  8.5  1.26647e-07
14  9.5  4.26755e-08
14  9.0  7.25655e-08
14  10.0  2.56733e-08
16  0.2  2.87056
14  10.5  1.58705e-08
16  0.3  2.32027
16  0.4  1.80944
16  0.5  1.36941
16  0.6  1.01412
16  0.7  0.741229
16  0.9  0.386152
16  0.8  0.53655
16  1.0  0.277907
16  1.1  0.200603
16  1.2  0.14562
16  1.3  0.104638
14  11.0  9.91622e-09
16  1.5  0.0566434
16  1.4  0.0758622
16  1.6  0.0412
16  1.7  0.0311318
16  1.8  0.0230473
14  12.0  4.13263e-09
16  1.9  0.0168408
16  2.0  0.0129872
16  3.0  0.000784319
16  2.5  0.00343372
16  3.5  0.000409855
14  11.5  6.34283e-09
16  5.0  1.60283e-05
16  5.5  6.85125e-06
16  4.0  0.000104286
16  4.5  3.95148e-05
16  6.0  3.16203e-06
16  8.0  2.11186e-07
16  6.5  1.51639e-06
16  7.0  7.60679e-07
16  7.5  3.94505e-07
16  9.0  6.68217e-08
16  8.5  1.17831e-07
16  9.5  3.96406e-08
16  10.0  2.38896e-08
18  0.2  2.73415
16  11.5  5.84856e-09
18  0.3  2.20408
18  0.4  1.71836
18  0.5  1.29616
18  0.6  0.9586
16  10.5  1.4701e-08
18  0.7  0.699127
18  0.8  0.504083
18  0.9  0.362411
18  1.0  0.260615
18  1.1  0.187326
18  1.2  0.135099
18  1.3  0.0986775
18  1.4  0.070746
18  1.5  0.0516531
16  11.0  9.21496e-09
18  1.6  0.0378085
18  1.8  0.021519
18  1.7  0.0281079
18  1.9  0.0154984
18  3.0  0.0008914
18  2.0  0.01183
18  2.5  0.00296258
18  3.5  0.000331772
16  12.0  3.87106e-09
18  5.5  6.27504e-06
18  4.0  9.5885e-05
18  4.5  3.6271e-05
18  5.0  1.46667e-05
18  6.0  2.89702e-06
18  7.0  6.96048e-07
18  7.5  3.61065e-07
18  6.5  1.38204e-06
18  8.0  1.94775e-07
18  9.5  3.59748e-08
18  8.5  1.07697e-07
18  9.0  6.16836e-08
18  11.5  5.36425e-09
18  10.0  2.15404e-08
2  0.2  3.32515
2  0.3  2.69873
2  0.4  2.11542
18  10.5  1.33852e-08
2  0.5  1.60904
2  0.6  1.20203
2  0.7  0.881902
2  0.8  0.64196
2  0.9  0.465046
2  1.0  0.336695
2  1.1  0.244938
2  1.2  0.177251
2  1.3  0.128378
18  11.0  8.41201e-09
2  1.4  0.0940959
2  1.5  0.0685086
2  1.6  0.051227
2  1.7  0.0388569
2  1.8  0.0286681
2  1.9  0.0220668
2  2.0  0.0161504
2  2.5  0.00424349
2  3.0  0.00122787
2  3.5  0.000436946
18  12.0  3.54355e-09
2  4.0  0.000134216
2  4.5  5.09331e-05
2  5.0  2.0925e-05
2  5.5  9.01711e-06
2  6.0  4.11893e-06
2  6.5  1.97727e-06
2  7.0  9.87863e-07
2  7.5  5.15905e-07
2  8.0  2.7847e-07
2  8.5  1.55399e-07
2  9.0  8.85838e-08
2  9.5  5.20055e-08
2  11.0  1.20237e-08
2  10.0  3.1303e-08
20  0.2  2.56859
2  10.5  1.93587e-08
20  0.3  2.06778
20  0.4  1.60722
20  0.5  1.2112
20  0.6  0.89339
20  0.7  0.648701
20  0.8  0.467655
20  0.9  0.335541
20  1.0  0.24069
20  1.2  0.124542
20  1.1  0.172352
20  1.3  0.0894741
20  1.4  0.0648799
20  1.5  0.0471179
20  1.6  0.0350442
20  1.7  0.0264504
20  1.9  0.01482
20  1.8  0.0193358
20  2.0  0.0108096
20  2.5  0.00273392
20  3.0  0.000737763
2  11.5  7.7847e-09
20  3.5  0.000380437
2  12.0  5.10186e-09
20  5.0  1.30613e-05
20  5.5  5.63425e-06
20  4.0  8.625e-05
20  4.5  3.25904e-05
20  6.0  2.59699e-06
20  7.0  6.22654e-07
20  6.5  1.23721e-06
20  7.5  3.22311e-07
20  8.0  1.73513e-07
20  8.5  9.62782e-08
20  10.0  1.93136e-08
20  10.5  1.18602e-08
20  9.0  5.50725e-08
20  9.5  3.24035e-08
22  0.2  2.36961
22  0.3  1.90456
22  0.4  1.47539
22  0.5  1.10678
22  0.6  0.815017
22  0.7  0.590243
22  0.8  0.424366
22  0.9  0.30267
22  1.0  0.217063
20  11.0  7.50466e-09
22  1.1  0.155301
22  1.2  0.111721
20  12.0  3.12805e-09
22  1.3  0.0803803
22  1.4  0.0590379
22  1.5  0.0429269
22  1.6  0.0316616
22  1.8  0.0169899
22  1.7  0.022966
22  1.9  0.0127157
20  11.5  4.81782e-09
22  3.0  0.000583765
22  2.0  0.009469
22  2.5  0.00234879
22  3.5  0.000294299
22  4.0  7.5319e-05
22  4.5  2.84418e-05
22  5.0  1.15055e-05
22  5.5  4.96419e-06
22  7.0  5.39456e-07
22  6.0  2.25964e-06
22  6.5  1.07964e-06
22  7.5  2.79731e-07
22  9.0  4.72597e-08
22  8.0  1.50269e-07
22  8.5  8.346e-08
22  9.5  2.80626e-08
22  10.0  1.68147e-08
24  0.2  2.13165
22  10.5  1.03597e-08
24  0.3  1.70738
24  0.4  1.31915
24  0.5  0.986942
22  12.0  2.69435e-09
22  11.0  6.49957e-09
24  0.6  0.722897
24  0.7  0.52105
24  0.8  0.37313
24  0.9  0.265225
24  1.0  0.189617
24  1.1  0.13538
24  1.3  0.0701675
24  1.2  0.0966484
24  1.4  0.0504457
24  1.6  0.0273302
24  1.5  0.0371491
24  1.7  0.0199092
24  1.8  0.0148855
24  1.9  0.0108296
22  11.5  4.15137e-09
24  2.5  0.00212003
24  2.0  0.00834105
24  3.0  0.000575631
24  3.5  0.000175142
24  5.0  9.63318e-06
24  4.0  6.35436e-05
24  4.5  2.38279e-05
24  5.5  4.15081e-06
24  7.0  4.50452e-07
24  6.0  1.88529e-06
24  6.5  8.99688e-07
24  7.5  2.32899e-07
24  9.5  2.30256e-08
24  8.0  1.24912e-07
24  10.0  1.38707e-08
24  8.5  6.93931e-08
24  9.0  3.94225e-08
26  0.2  1.84546
26  0.3  1.47309
26  0.4  1.13142
24  10.5  8.60388e-09
26  0.5  0.843159
26  0.6  0.614202
26  0.7  0.440291
26  0.8  0.313817
26  0.9  0.222709
24  11.0  5.38496e-09
26  1.0  0.1575
26  1.1  0.112143
26  1.2  0.080339
26  1.4  0.0416691
26  1.3  0.0571085
26  1.5  0.0300668
24  11.5  3.44707e-09
26  1.6  0.0217888
26  1.7  0.0159551
26  1.8  0.0118758
26  1.9  0.00894497
26  2.0  0.00641817
26  2.5  0.00163887
26  3.5  0.00025399
26  3.0  0.000413299
24  12.0  2.26022e-09
26  4.0  5.03032e-05
26  5.0  7.61772e-06
26  4.5  1.88261e-05
26  5.5  3.26443e-06
26  6.0  1.48128e-06
26  6.5  7.05591e-07
26  7.0  3.51918e-07
26  7.5  1.82736e-07
26  9.0  3.07836e-08
26  9.5  1.79174e-08
26  8.0  9.76935e-08
26  8.5  5.41808e-08
26  10.0  1.08145e-08
28  0.2  1.50825
28  0.3  1.19763
28  0.4  0.914006
26  10.5  6.62751e-09
28  0.5  0.67544
28  0.6  0.489172
28  0.7  0.348473
28  0.8  0.246412
28  0.9  0.173889
28  1.0  0.122776
26  11.0  4.21458e-09
28  1.1  0.0869424
28  1.2  0.0615697
28  1.4  0.0319161
28  1.3  0.0436449
28  1.5  0.0225135
28  1.6  0.0164312
28  1.7  0.0120317
26  11.5  2.67837e-09
28  1.8  0.00892161
28  1.9  0.00662881
28  2.0  0.00501723
28  3.0  0.000362934
28  2.5  0.00113787
28  3.5  0.000145874
26  12.0  1.75267e-09
28  4.0  3.65852e-05
28  4.5  1.36343e-05
28  5.0  5.51382e-06
28  5.5  2.34806e-06
28  6.0  1.0631e-06
28  6.5  5.05245e-07
28  7.0  2.515e-07
28  7.5  1.30264e-07
28  9.0  2.18929e-08
28  8.0  6.94927e-08
28  8.5  3.84857e-08
28  11.0  2.95588e-09
28  9.5  1.28879e-08
28  10.0  7.75066e-09
30  0.2  1.13176
30  0.3  0.892563
30  0.4  0.67539
28  10.5  4.73941e-09
30  0.5  0.494768
30  0.6  0.354063
30  0.7  0.250336
30  0.8  0.175582
30  0.9  0.122706
30  1.0  0.0859405
30  1.1  0.0603881
30  1.2  0.0425886
30  1.3  0.0304126
30  1.4  0.0213834
30  1.5  0.0154093
30  1.6  0.0110977
30  1.7  0.00820333
30  1.8  0.00614612
30  1.9  0.00438408
30  2.0  0.0032799
30  2.5  0.000775598
30  3.0  0.000215184
30  3.5  0.000133583
28  11.5  1.8945e-09
30  4.5  8.69653e-06
28  12.0  1.23483e-09
30  5.0  3.46604e-06
30  4.0  2.34024e-05
30  5.5  1.4925e-06
30  6.0  6.70403e-07
30  7.5  8.08429e-08
30  6.5  3.18728e-07
30  7.0  1.58419e-07
30  8.0  4.33598e-08
30  8.5  2.40275e-08
30  9.0  1.37108e-08
30  9.5  7.99588e-09
30  10.0  4.77175e-09
32  0.2  0.756019
30  10.5  2.93574e-09
32  0.3  0.590321
32  0.4  0.442101
32  0.5  0.319688
32  0.6  0.226607
32  0.7  0.158214
32  0.8  0.109627
32  0.9  0.0761208
32  1.0  0.0526756
32  1.1  0.0367294
32  1.2  0.0256271
32  1.3  0.0182491
30  11.0  1.83507e-09
32  1.4  0.0127191
32  1.6  0.00669356
32  1.5  0.0090822
32  1.7  0.00475285
32  1.8  0.00353956
32  1.9  0.00259016
32  2.0  0.00195518
32  2.5  0.000441918
32  3.5  6.25817e-05
32  3.0  0.000111976
30  11.5  1.17054e-09
30  12.0  7.63208e-10
32  4.5  4.70605e-06
32  5.0  1.88359e-06
32  6.0  3.56186e-07
32  4.0  1.28158e-05
32  5.5  7.96909e-07
32  7.0  8.35481e-08
32  8.0  2.2687e-08
32  6.5  1.67943e-07
32  7.5  4.27299e-08
32  8.5  1.25487e-08
32  9.0  7.13481e-09
32  9.5  4.16165e-09
32  11.0  9.43274e-10
32  10.0  2.47995e-09
34  0.2  0.442263
34  0.3  0.3416
34  0.4  0.252202
34  0.5  0.17968
34  0.6  0.125419
32  10.5  1.51934e-09
34  0.7  0.0864047
34  0.8  0.0591692
34  0.9  0.040484
34  1.0  0.0277536
34  1.1  0.0190831
34  1.3  0.00941369
34  1.4  0.006576
34  1.2  0.0132453
34  1.5  0.00467112
34  1.6  0.00332411
34  1.8  0.00179709
34  1.7  0.00245928
34  1.9  0.00122369
34  2.5  0.000203148
34  2.0  0.000947248
34  3.0  6.22948e-05
34  3.5  3.34323e-05
32  11.5  6.0572e-10
32  12.0  3.8874e-10
34  5.5  3.50117e-07
34  4.0  5.84201e-06
34  4.5  2.13098e-06
34  5.0  8.39831e-07
34  6.5  7.38331e-08
34  6.0  1.57075e-07
34  7.0  3.62931e-08
34  7.5  1.86316e-08
34  8.0  9.858e-09
34  8.5  5.39962e-09
34  9.0  3.04931e-09
34  9.5  1.77518e-09
4  0.2  3.30719
34  10.0  1.05784e-09
4  0.3  2.68213
4  0.4  2.10184
4  0.5  1.60132
4  0.6  1.1947
4  0.7  0.876303
4  0.8  0.638096
4  0.9  0.4615
34  10.5  6.43711e-10
4  1.0  0.33429
4  1.1  0.24244
4  1.2  0.176003
4  1.3  0.127337
4  1.4  0.0932189
4  1.6  0.0518405
4  1.5  0.0681779
4  1.7  0.0372763
34  11.0  4.04003e-10
4  1.8  0.0282314
4  1.9  0.0213663
4  2.0  0.0163159
4  2.5  0.00417648
4  3.0  0.00116437
4  3.5  0.000406884
34  11.5  2.56163e-10
4  4.0  0.000132787
34  12.0  1.65995e-10
4  4.5  5.03894e-05
4  5.0  2.06219e-05
4  5.5  8.91936e-06
4  6.0  4.07417e-06
4  6.5  1.95563e-06
4  7.0  9.77699e-07
4  8.0  2.73283e-07
4  7.5  5.10191e-07
4  9.0  8.6773e-08
4  8.5  1.52793e-07
4  9.5  5.14011e-08
4  11.0  1.18939e-08
4  10.0  3.09527e-08
6  0.2  3.27471
6  0.3  2.6536
4  10.5  1.90882e-08
6  0.4  2.08042
6  0.5  1.5823
6  0.6  1.18038
6  0.7  0.865197
6  0.8  0.629917
6  0.9  0.455903
6  1.0  0.329917
6  1.1  0.239352
6  1.2  0.173652
6  1.4  0.0929764
6  1.3  0.125523
6  1.5  0.0675244
6  1.6  0.0501505
4  12.0  5.03048e-09
6  1.7  0.0367197
6  1.8  0.0274424
6  1.9  0.020602
6  2.0  0.0161287
6  3.0  0.00110213
6  2.5  0.00418115
6  3.5  0.000549064
4  11.5  7.71498e-09
6  4.0  0.000130429
6  4.5  4.94931e-05
6  5.0  2.02164e-05
6  5.5  8.75621e-06
6  6.0  3.99941e-06
6  7.5  4.98488e-07
6  8.0  2.7035e-07
6  6.5  1.91946e-06
6  7.0  9.60035e-07
6  9.0  8.51018e-08
6  8.5  1.49262e-07
6  9.5  5.04141e-08
6  11.0  1.16737e-08
6  10.0  3.03701e-08
8  0.2  3.22387
8  0.3  2.61385
8  0.4  2.04955
8  0.5  1.5577
8  0.6  1.1603
8  0.7  0.850196
8  0.8  0.61829
8  0.9  0.447499
8  1.0  0.323013
6  10.5  1.88022e-08
8  1.1  0.234291
8  1.2  0.169483
8  1.3  0.122838
8  1.4  0.0900138
8  1.5  0.0654807
8  1.6  0.0491663
8  1.7  0.03675
8  1.8  0.0271927
8  1.9  0.020287
8  2.0  0.0148607
8  2.5  0.00417186
6  12.0  4.93926e-09
8  3.0  0.00106893
8  3.5  0.000403128
6  11.5  7.55962e-09
8  4.0  0.000127191
8  4.5  4.82134e-05
8  5.0  1.97394e-05
8  5.5  8.52624e-06
8  6.0  3.89426e-06
8  7.5  4.85217e-07
8  6.5  1.86874e-06
8  7.0  9.34629e-07
8  9.0  8.27314e-08
8  8.0  2.63178e-07
8  8.5  1.45853e-07
8  9.5  4.90616e-08
8  11.0  1.13634e-08
8  10.0  2.95591e-08
8  11.5  7.27601e-09
8  10.5  1.81952e-08
8  12.0  4.81275e-09
