# exclusive D0 cross section, Pb target, LHAPDF fragmentation, An0n channel
# generated      : 2026-08-20 10:20:12 EEST
# calls          : 1e5 below 4.0 GeV, 2e3 above (see EXCL_PT_THRESHOLD) (VEGAS calls per point, see CALLS_EXCL/CALLS_EXCL_FACTORIZED/CALLS_DIFF)
# dipole samples : data/Pb/mve/glauber_mve_<b>
# pD0 sweep      : 0.2 0.3 0.4 0.5 0.6 0.7 0.8 0.9 1.0 1.1 1.2 1.3 1.4 1.5 1.6 1.7 1.8 1.9 2.0 2.5 3.0 3.5 4.0 4.5 5.0 5.5 6.0 6.5 7.0 7.5 8.0 8.5 9.0 9.5 10.0 10.5 11.0 11.5 12.0
# fixed rapidity y : 1.0
# ============================================================
# b  pD0  dsigma_dyd2pD0
0  0.3  2.33471
0  0.5  1.38968
0  0.2  2.88333
0  0.4  1.82865
0  0.8  0.549462
0  0.6  1.03394
0  0.7  0.757
0  0.9  0.396658
0  1.0  0.286072
0  1.3  0.10831
0  1.1  0.206646
0  1.2  0.148978
0  1.4  0.077923
0  1.7  0.0308041
0  1.5  0.0569581
0  1.6  0.0418067
0  1.8  0.0230073
0  1.9  0.0171988
0  2.0  0.0128352
0  3.5  0.000343642
0  2.5  0.00330874
0  3.0  0.000794148
0  5.5  6.04723e-06
0  5.0  1.45158e-05
0  6.0  2.72107e-06
0  4.0  9.80671e-05
0  4.5  3.64113e-05
0  6.5  1.28805e-06
0  7.0  6.30206e-07
0  7.5  3.1917e-07
0  8.0  1.67927e-07
0  8.5  9.13061e-08
0  9.0  5.10511e-08
0  9.5  2.93394e-08
0  10.5  1.03534e-08
0  10.0  1.71801e-08
0  11.0  6.34476e-09
10  0.2  2.74359
10  0.3  2.22078
10  0.4  1.73537
10  0.5  1.316
10  0.6  0.977097
10  0.7  0.714354
10  0.8  0.517218
10  0.9  0.371833
0  11.5  3.95956e-09
10  1.1  0.193335
10  1.0  0.267764
10  1.2  0.138594
10  1.3  0.10113
10  1.5  0.0540775
10  1.4  0.0726645
10  1.6  0.0395005
10  1.7  0.0286607
10  1.8  0.0218005
0  12.0  2.51483e-09
10  1.9  0.0160042
10  2.0  0.0119722
10  2.5  0.003135
10  3.0  0.000755485
10  3.5  0.00032784
10  4.0  9.00405e-05
10  4.5  3.33424e-05
10  5.0  1.32502e-05
10  6.0  2.48448e-06
10  5.5  5.59336e-06
10  6.5  1.15776e-06
10  7.5  2.89062e-07
10  7.0  5.74667e-07
10  8.5  8.34463e-08
10  8.0  1.53448e-07
10  9.0  4.64433e-08
10  9.5  2.6633e-08
10  10.5  9.40259e-09
10  10.0  1.56205e-08
12  0.2  2.68056
12  0.3  2.16766
12  0.4  1.69192
12  0.5  1.28205
12  0.6  0.950738
10  11.0  5.76139e-09
12  0.7  0.694189
12  0.8  0.50224
12  0.9  0.360669
12  1.0  0.259413
12  1.2  0.135236
12  1.1  0.186777
12  1.3  0.0970108
12  1.4  0.0704868
12  1.5  0.0523311
12  1.7  0.0282106
12  1.6  0.0373577
10  11.5  3.59406e-09
12  1.8  0.0205786
12  1.9  0.015607
12  2.5  0.00293459
12  2.0  0.0115163
12  3.0  0.000790079
10  12.0  2.27934e-09
12  3.5  0.000232867
12  5.5  5.31223e-06
12  4.0  8.63671e-05
12  4.5  3.19654e-05
12  5.0  1.26882e-05
12  6.0  2.37923e-06
12  6.5  1.12322e-06
12  7.0  5.48999e-07
12  8.5  7.9168e-08
12  7.5  2.7811e-07
12  8.0  1.46357e-07
12  9.0  4.4387e-08
12  9.5  2.54256e-08
12  10.5  8.98101e-09
12  10.0  1.49164e-08
14  0.2  2.60283
12  11.0  5.502e-09
14  0.3  2.10201
14  0.4  1.63928
14  0.5  1.24036
14  0.6  0.919285
14  0.7  0.670099
14  0.8  0.484119
14  0.9  0.347898
14  1.0  0.249504
14  1.1  0.179879
12  11.5  3.43246e-09
14  1.2  0.128685
14  1.3  0.0930388
14  1.4  0.0680709
14  1.5  0.0492508
14  1.6  0.0367742
14  1.7  0.0265953
14  1.8  0.0196137
14  1.9  0.014733
14  2.0  0.0107737
14  2.5  0.00274214
14  3.0  0.000678808
12  12.0  2.17529e-09
14  3.5  0.000244115
14  4.0  8.19918e-05
14  4.5  3.0314e-05
14  5.0  1.20389e-05
14  6.0  2.25285e-06
14  5.5  5.07501e-06
14  6.5  1.06122e-06
14  7.5  2.61174e-07
14  7.0  5.19431e-07
14  8.5  7.53731e-08
14  8.0  1.38332e-07
14  9.0  4.19345e-08
14  9.5  2.40187e-08
14  10.5  8.4832e-09
14  10.0  1.40998e-08
16  0.2  2.5082
16  0.3  2.02386
14  11.0  5.19359e-09
16  0.4  1.57555
16  0.5  1.19124
16  0.6  0.881008
16  0.7  0.641211
16  0.8  0.462399
16  0.9  0.332052
16  1.0  0.238309
16  1.2  0.12288
16  1.1  0.170749
14  11.5  3.23971e-09
16  1.4  0.0639069
16  1.3  0.0882672
16  1.5  0.0472083
16  1.6  0.0337941
16  1.7  0.0253773
16  1.9  0.0138434
16  1.8  0.0186551
16  2.0  0.0103185
16  2.5  0.00260399
16  3.0  0.000640707
16  3.5  0.000208469
16  5.0  1.11567e-05
14  12.0  2.0472e-09
16  4.0  7.67796e-05
16  4.5  2.83185e-05
16  6.0  2.105e-06
16  5.5  4.73752e-06
16  7.5  2.43478e-07
16  6.5  9.89002e-07
16  7.0  4.84226e-07
16  8.0  1.29028e-07
16  8.5  7.01424e-08
16  10.0  1.31979e-08
16  9.0  3.907e-08
16  9.5  2.238e-08
18  0.2  2.39309
16  11.5  3.00215e-09
16  10.5  7.89929e-09
18  0.3  1.92918
18  0.4  1.50041
16  11.0  4.83575e-09
18  0.5  1.13128
18  0.6  0.834704
18  0.7  0.606871
18  0.8  0.437544
18  0.9  0.313314
18  1.0  0.22417
18  1.1  0.160775
18  1.2  0.115227
18  1.3  0.0832247
18  1.4  0.060472
18  1.5  0.0441655
18  1.6  0.0317317
18  1.8  0.0176641
18  1.7  0.0236775
18  1.9  0.0129057
18  2.0  0.00969223
18  3.0  0.000672633
18  2.5  0.00241926
18  3.5  0.0001888
16  12.0  1.90438e-09
18  4.0  7.07682e-05
18  5.0  1.03623e-05
18  4.5  2.609e-05
18  6.0  1.94931e-06
18  5.5  4.36317e-06
18  6.5  8.99076e-07
18  7.5  2.23475e-07
18  7.0  4.44503e-07
18  8.0  1.18321e-07
18  8.5  6.42852e-08
18  9.0  3.58014e-08
18  9.5  2.04982e-08
18  11.5  2.74723e-09
18  10.0  1.20533e-08
2  0.2  2.87795
2  0.3  2.33028
18  11.0  4.42509e-09
2  0.4  1.82502
2  0.5  1.38643
2  0.6  1.03123
2  0.7  0.754941
18  10.5  7.2005e-09
2  0.8  0.548197
2  0.9  0.395765
2  1.0  0.28528
2  1.1  0.205766
2  1.2  0.148604
2  1.3  0.107462
2  1.4  0.0777387
2  1.5  0.0567386
2  1.6  0.0416102
2  1.7  0.0313893
2  1.8  0.0234431
2  1.9  0.0174167
2  2.0  0.0128937
2  2.5  0.00325132
2  3.0  0.000993431
2  3.5  0.000248885
18  12.0  1.74073e-09
2  5.0  1.44681e-05
2  5.5  6.02623e-06
2  4.0  9.77408e-05
2  4.5  3.62529e-05
2  6.0  2.71171e-06
2  7.0  6.28006e-07
2  6.5  1.27862e-06
2  7.5  3.18274e-07
2  8.0  1.67328e-07
2  8.5  9.11723e-08
2  9.0  5.08633e-08
2  9.5  2.92666e-08
2  10.5  1.03155e-08
2  10.0  1.71168e-08
20  0.2  2.25689
2  11.0  6.32154e-09
20  0.3  1.81564
20  0.4  1.40855
20  0.5  1.06115
20  0.7  0.566038
20  0.6  0.781032
20  0.8  0.407176
20  0.9  0.290467
2  11.5  3.9451e-09
20  1.0  0.207693
20  1.1  0.148556
20  1.2  0.10657
20  1.3  0.0762643
20  1.4  0.0558885
20  1.5  0.0398644
20  1.6  0.0291616
20  1.8  0.0162015
20  1.7  0.0211752
2  12.0  2.50532e-09
20  1.9  0.011867
20  2.0  0.00898325
20  2.5  0.00221162
20  3.0  0.000518059
20  3.5  0.000205945
20  4.0  6.39659e-05
20  5.0  9.34259e-06
20  4.5  2.35569e-05
20  5.5  3.93797e-06
20  6.5  8.118e-07
20  7.0  3.97697e-07
20  6.0  1.74961e-06
20  8.0  1.04916e-07
20  7.5  2.02962e-07
20  8.5  5.76327e-08
20  10.0  1.0819e-08
20  9.0  3.20943e-08
20  10.5  6.51848e-09
20  9.5  1.83655e-08
22  0.2  2.09165
22  0.3  1.68023
20  11.5  2.45543e-09
22  0.4  1.30004
22  0.5  0.975917
20  11.0  3.95911e-09
22  0.6  0.716423
22  0.7  0.517769
22  0.8  0.371719
22  0.9  0.264676
22  1.0  0.188027
22  1.1  0.134463
22  1.2  0.0963647
22  1.3  0.0688484
22  1.4  0.0499102
22  1.5  0.0361582
22  1.6  0.0266552
22  1.7  0.0190721
22  1.8  0.0142472
22  1.9  0.0106481
22  2.0  0.00785919
22  2.5  0.00197346
22  3.0  0.000480285
22  3.5  0.00018998
20  12.0  1.55666e-09
22  5.0  8.19364e-06
22  4.0  5.64103e-05
22  4.5  2.06833e-05
22  5.5  3.45011e-06
22  6.5  7.08675e-07
22  7.0  3.45121e-07
22  6.0  1.53e-06
22  7.5  1.77007e-07
22  8.0  9.27917e-08
22  8.5  5.02765e-08
22  10.0  9.42174e-09
22  9.0  2.79164e-08
22  9.5  1.58931e-08
24  0.2  1.89333
24  0.3  1.51658
22  11.0  3.43812e-09
24  0.4  1.16936
24  0.6  0.639615
24  0.5  0.874626
22  10.5  5.61529e-09
24  0.7  0.460766
24  0.8  0.328902
24  0.9  0.234379
24  1.0  0.16586
22  11.5  2.14179e-09
24  1.1  0.117697
24  1.2  0.0843547
24  1.3  0.0605789
24  1.4  0.0433039
24  1.5  0.0319201
24  1.6  0.0226352
24  1.7  0.016515
24  1.8  0.0124154
24  1.9  0.00910221
24  2.0  0.00686696
24  3.0  0.000376123
24  2.5  0.00163117
24  3.5  0.000159681
22  12.0  1.3501e-09
24  4.0  4.74536e-05
24  4.5  1.74912e-05
24  5.5  2.85924e-06
24  5.0  6.91004e-06
24  6.0  1.28829e-06
24  6.5  6.00912e-07
24  7.5  1.48076e-07
24  7.0  2.91712e-07
24  8.0  7.73244e-08
24  8.5  4.19177e-08
24  9.0  2.33029e-08
24  9.5  1.33133e-08
24  10.0  7.81093e-09
26  0.2  1.65316
24  11.0  2.85834e-09
26  0.3  1.31929
26  0.4  1.01291
24  10.5  4.6783e-09
26  0.5  0.753908
26  0.6  0.548649
26  0.7  0.392926
26  0.8  0.279381
24  11.5  1.78077e-09
26  0.9  0.197685
26  1.0  0.139713
26  1.1  0.0990025
26  1.2  0.0705354
26  1.3  0.0500326
26  1.4  0.0358051
26  1.5  0.0263971
26  1.6  0.0186906
26  1.7  0.0139003
26  1.8  0.0101667
26  1.9  0.00743227
26  2.0  0.00562677
26  2.5  0.00140332
26  3.0  0.000274042
26  3.5  0.000141229
24  12.0  1.11971e-09
26  4.5  1.39333e-05
26  4.0  3.8216e-05
26  5.0  5.47088e-06
26  6.0  1.01234e-06
26  5.5  2.29367e-06
26  7.0  2.28059e-07
26  7.5  1.15578e-07
26  6.5  4.74896e-07
26  8.0  6.11264e-08
26  8.5  3.29295e-08
26  10.5  3.68237e-09
26  9.0  1.83292e-08
26  9.5  1.04391e-08
28  0.2  1.36624
28  0.3  1.08428
26  10.0  6.12376e-09
28  0.4  0.828036
28  0.5  0.61277
28  0.6  0.44261
28  0.7  0.315313
26  11.0  2.23342e-09
28  0.8  0.222559
28  0.9  0.156102
28  1.0  0.110024
28  1.1  0.077559
28  1.2  0.0549131
28  1.3  0.0387362
28  1.4  0.0278747
26  11.5  1.39049e-09
28  1.5  0.0199252
28  1.6  0.0143341
28  1.8  0.00777269
28  1.7  0.0104148
28  1.9  0.00571706
28  3.0  0.000298774
28  2.0  0.00425892
28  2.5  0.000998503
26  12.0  8.80207e-10
28  3.5  0.000103895
28  4.0  2.81238e-05
28  5.0  3.96683e-06
28  4.5  1.02142e-05
28  6.0  7.41098e-07
28  5.5  1.67114e-06
28  7.5  8.31373e-08
28  6.5  3.42441e-07
28  7.0  1.66176e-07
28  8.0  4.39333e-08
28  9.5  7.50485e-09
28  8.5  2.36153e-08
28  9.0  1.31384e-08
30  0.2  1.04083
30  0.3  0.821577
28  10.5  2.61448e-09
28  10.0  4.38288e-09
30  0.4  0.621954
30  0.5  0.455838
30  0.7  0.230624
30  0.6  0.326817
30  0.8  0.161538
30  1.0  0.0785832
30  0.9  0.112593
28  11.0  1.59315e-09
30  1.1  0.0553085
30  1.3  0.0275246
30  1.2  0.0387093
30  1.4  0.0193478
30  1.5  0.0137969
30  1.6  0.0101516
30  1.7  0.00729437
30  1.8  0.0054279
30  1.9  0.00391591
30  2.0  0.00289798
30  2.5  0.00069433
28  11.5  9.90776e-10
30  3.0  0.000148334
30  3.5  7.67895e-05
28  12.0  6.26599e-10
30  4.5  6.62718e-06
30  4.0  1.82972e-05
30  5.0  2.59194e-06
30  6.0  4.74614e-07
30  5.5  1.07362e-06
30  6.5  2.1955e-07
30  7.5  5.34608e-08
30  8.5  1.49414e-08
30  7.0  1.05667e-07
30  8.0  2.78528e-08
30  9.0  8.29287e-09
30  10.0  2.76166e-09
30  9.5  4.70202e-09
30  11.5  6.15622e-10
32  0.2  0.709482
32  0.3  0.554618
30  11.0  9.9652e-10
32  0.4  0.415642
32  0.5  0.30125
32  0.6  0.213451
30  10.5  1.63676e-09
32  0.7  0.14895
32  0.8  0.103297
32  0.9  0.0713664
32  1.0  0.0494164
32  1.1  0.034252
32  1.2  0.0239448
32  1.3  0.016689
32  1.4  0.0119727
32  1.6  0.00617662
32  1.5  0.00833779
32  1.7  0.00430423
32  1.8  0.00318698
32  1.9  0.00231587
32  2.0  0.00170543
32  2.5  0.000384164
32  3.0  8.35194e-05
32  3.5  4.85402e-05
32  5.0  1.4085e-06
30  12.0  3.89308e-10
32  4.0  1.02362e-05
32  4.5  3.67718e-06
32  6.5  1.17992e-07
32  5.5  5.88198e-07
32  6.0  2.57302e-07
32  7.0  5.69717e-08
32  7.5  2.85626e-08
32  8.5  7.97502e-09
32  8.0  1.48128e-08
32  9.5  2.49423e-09
32  9.0  4.39596e-09
32  10.5  8.61801e-10
32  10.0  1.44319e-09
4  0.2  2.8616
32  11.0  5.23201e-10
4  0.3  2.31937
4  0.4  1.81405
4  0.5  1.37863
4  0.6  1.02558
4  0.7  0.750864
32  12.0  2.04154e-10
4  0.8  0.544357
4  0.9  0.392939
4  1.0  0.282716
4  1.1  0.204605
32  11.5  3.23622e-10
4  1.2  0.147272
4  1.3  0.106674
4  1.4  0.0771465
4  1.5  0.0562367
4  1.6  0.042218
4  1.8  0.0232464
4  1.7  0.0303217
4  1.9  0.0171596
4  2.0  0.0128112
4  2.5  0.00318048
4  3.5  0.000300564
4  3.0  0.000927192
4  5.5  5.96227e-06
4  4.0  9.69503e-05
4  4.5  3.58731e-05
4  5.0  1.43242e-05
4  6.0  2.68358e-06
4  7.5  3.13611e-07
4  7.0  6.21426e-07
4  6.5  1.26515e-06
4  8.0  1.6559e-07
4  8.5  9.01687e-08
4  9.5  2.87989e-08
4  9.0  5.03162e-08
4  10.5  1.02018e-08
4  10.0  1.69285e-08
6  0.2  2.83428
4  11.0  6.25179e-09
6  0.3  2.2958
6  0.4  1.79575
6  0.5  1.36408
6  0.6  1.0139
6  0.7  0.74223
4  11.5  3.90149e-09
6  0.8  0.537909
6  0.9  0.388223
6  1.0  0.280394
6  1.1  0.201519
6  1.2  0.14545
6  1.3  0.105101
6  1.4  0.0762326
6  1.5  0.0556351
6  1.7  0.0305374
6  1.6  0.0407225
6  1.8  0.0228596
4  12.0  2.47572e-09
6  1.9  0.0167574
6  2.0  0.0125323
6  2.5  0.00321998
6  3.5  0.00028156
6  3.0  0.000762921
6  4.0  9.45524e-05
6  4.5  3.53248e-05
6  5.5  5.85826e-06
6  5.0  1.4003e-05
6  6.0  2.63691e-06
6  7.0  6.10322e-07
6  7.5  3.10274e-07
6  6.5  1.24238e-06
6  8.5  8.84392e-08
6  8.0  1.6257e-07
6  9.5  2.83182e-08
6  9.0  4.93892e-08
6  10.5  1.0012e-08
6  10.0  1.66137e-08
8  0.2  2.79532
8  0.3  2.26372
8  0.4  1.76944
6  11.0  6.13542e-09
8  0.5  1.34299
8  0.6  0.997459
8  0.7  0.730065
8  0.8  0.528771
8  0.9  0.379979
6  11.5  3.82794e-09
8  1.0  0.274644
8  1.1  0.197448
8  1.2  0.142823
8  1.3  0.103121
8  1.4  0.0746709
8  1.6  0.0398116
8  1.5  0.054471
8  1.7  0.0293648
8  1.9  0.016594
8  1.8  0.0218415
8  2.0  0.0121533
8  2.5  0.00312801
8  3.0  0.000789985
8  3.5  0.000304326
6  12.0  2.43299e-09
8  4.5  3.44548e-05
8  5.5  5.72416e-06
8  4.0  9.28731e-05
8  5.0  1.37029e-05
8  6.0  2.57049e-06
8  7.0  5.94883e-07
8  6.5  1.2091e-06
8  7.5  3.00781e-07
8  9.5  2.74713e-08
8  8.0  1.58325e-07
8  8.5  8.62361e-08
8  9.0  4.80922e-08
8  10.5  9.74589e-09
8  10.0  1.61776e-08
8  11.0  5.97201e-09
8  11.5  3.72582e-09
8  12.0  2.36438e-09
