# diffractive D0 cross section, Pb target, LHAPDF fragmentation, An0n channel
# generated      : 2026-08-19 15:24:08 EEST
# calls          : 1e5 (VEGAS calls per point, see CALLS_EXCL/CALLS_EXCL_FACTORIZED/CALLS_DIFF)
# dipole samples : data/Pb/bk_posterior/member_0019/glauber_mve_<b>
# pD0 sweep      : 0.2 0.3 0.4 0.5 0.6 0.7 0.8 0.9 1.0 1.1 1.2 1.3 1.4 1.5 1.6 1.7 1.8 1.9 2.0 2.5 3.0 3.5 4.0 4.5 5.0 5.5 6.0 6.5 7.0 7.5 8.0 8.5 9.0 9.5 10.0 10.5 11.0 11.5 12.0
# fixed rapidity y : 1.0
# ============================================================
# b  pD0  dsigma_dyd2pD0
0  0.3  0.611511
0  0.2  0.424399
0  0.5  0.854646
0  0.4  0.775143
0  0.7  0.807877
0  0.6  0.865206
0  0.8  0.726914
0  0.9  0.634685
0  1.0  0.542929
0  1.1  0.45561
0  1.2  0.379997
0  1.3  0.31131
0  1.4  0.255143
0  1.5  0.209827
0  1.8  0.118406
0  1.6  0.172474
0  1.7  0.14209
0  1.9  0.0965445
0  2.0  0.0797625
0  2.5  0.0330933
0  3.0  0.0149508
0  3.5  0.00732957
0  5.0  0.00123527
0  4.0  0.00383521
0  6.0  0.000463837
0  4.5  0.00211969
0  5.5  0.000746814
0  6.5  0.000301617
0  7.5  0.000130202
0  8.5  6.39376e-05
0  7.0  0.000197569
0  8.0  9.22111e-05
0  10.0  2.45459e-05
0  9.0  4.6629e-05
0  9.5  3.25549e-05
10  0.2  0.421217
0  11.0  1.35742e-05
10  0.3  0.602786
10  0.4  0.759128
10  0.5  0.836371
0  10.5  1.76686e-05
10  0.6  0.84324
10  0.7  0.787984
10  0.8  0.707451
10  0.9  0.611936
10  1.0  0.525701
10  1.1  0.437379
10  1.2  0.362368
10  1.3  0.301561
10  1.4  0.241272
10  1.5  0.201435
10  1.6  0.165143
10  1.7  0.135417
10  1.8  0.112029
10  1.9  0.0928406
10  2.0  0.0757502
10  3.0  0.0143298
10  2.5  0.031569
10  3.5  0.00693635
0  11.5  9.86663e-06
0  12.0  7.62637e-06
10  4.0  0.00366083
10  4.5  0.00200201
10  6.0  0.000445585
10  5.0  0.00117517
10  5.5  0.000717859
10  6.5  0.000288932
10  7.5  0.000126392
10  7.0  0.000193111
10  8.0  8.65069e-05
10  8.5  6.07181e-05
10  9.0  4.47217e-05
10  10.5  1.67892e-05
10  9.5  3.2393e-05
10  10.0  2.28993e-05
12  0.2  0.412452
12  0.3  0.601082
12  0.4  0.757347
12  0.5  0.834924
12  0.7  0.794766
12  0.6  0.832139
12  0.8  0.71231
12  0.9  0.607424
12  1.0  0.51888
12  1.1  0.430757
12  1.2  0.354929
12  1.3  0.294861
10  11.0  1.29208e-05
12  1.4  0.241623
12  1.5  0.19672
12  1.8  0.111865
12  1.6  0.161516
12  1.7  0.133412
12  1.9  0.0904838
10  12.0  7.37008e-06
12  2.0  0.0747722
12  2.5  0.0307804
12  3.0  0.014077
12  3.5  0.00687417
10  11.5  9.44093e-06
12  5.5  0.000700724
12  4.0  0.00353727
12  4.5  0.00197946
12  5.0  0.00116044
12  6.5  0.000283008
12  6.0  0.000434106
12  7.5  0.000124844
12  7.0  0.000183657
12  8.0  8.6e-05
12  8.5  5.8472e-05
12  9.0  4.30849e-05
12  9.5  3.09889e-05
12  10.0  2.23018e-05
12  11.5  9.54545e-06
14  0.2  0.40727
14  0.3  0.598257
12  11.0  1.21786e-05
14  0.4  0.750119
14  0.5  0.8203
12  10.5  1.64929e-05
14  0.6  0.822791
14  0.8  0.685825
14  0.7  0.769223
14  0.9  0.595265
14  1.0  0.507153
14  1.1  0.415669
14  1.3  0.287744
14  1.2  0.345856
14  1.4  0.23339
14  1.5  0.191922
14  1.6  0.158954
14  1.7  0.1298
14  1.9  0.0893429
12  12.0  7.02413e-06
14  1.8  0.10706
14  2.0  0.0724474
14  2.5  0.0297338
14  3.0  0.0135578
14  3.5  0.00658693
14  4.5  0.00184488
14  5.5  0.000681436
14  5.0  0.00109138
14  4.0  0.00344007
14  6.0  0.000419383
14  6.5  0.000272221
14  7.5  0.00012143
14  7.0  0.000178073
14  8.0  8.25364e-05
14  8.5  5.65438e-05
14  9.0  4.19027e-05
14  9.5  2.96996e-05
16  0.2  0.409242
16  0.3  0.596842
16  0.4  0.739734
14  11.0  1.22102e-05
16  0.5  0.812061
14  10.0  2.19046e-05
16  0.6  0.810917
14  10.5  1.62461e-05
16  0.7  0.750675
16  0.8  0.670945
16  0.9  0.585297
16  1.0  0.490705
16  1.1  0.406791
16  1.2  0.336656
16  1.3  0.275102
16  1.4  0.227356
16  1.5  0.18847
16  1.6  0.153448
16  1.7  0.127017
16  1.8  0.102793
16  1.9  0.0841455
16  2.0  0.0700318
14  12.0  6.82845e-06
16  2.5  0.0288199
16  3.0  0.0129841
16  3.5  0.0063131
14  11.5  9.24564e-06
16  5.0  0.00106968
16  5.5  0.000647278
16  4.0  0.00328841
16  4.5  0.00183592
16  6.0  0.000410529
16  7.0  0.000172852
16  7.5  0.00011362
16  6.5  0.000255731
16  8.0  7.97254e-05
16  10.0  2.0505e-05
16  8.5  5.41606e-05
16  9.0  3.99971e-05
16  9.5  2.90113e-05
16  10.5  1.54784e-05
18  0.2  0.402902
18  0.3  0.586578
18  0.4  0.740447
16  11.0  1.14866e-05
18  0.5  0.791045
18  0.6  0.794824
18  0.8  0.660407
18  0.7  0.737996
18  0.9  0.565232
18  1.0  0.475941
18  1.1  0.396314
18  1.3  0.268861
18  1.2  0.325038
18  1.4  0.218625
18  1.5  0.180153
18  1.6  0.146951
18  1.7  0.120556
18  1.8  0.0984689
18  1.9  0.0821155
18  2.0  0.067206
16  12.0  6.697e-06
18  2.5  0.0275318
18  3.0  0.0125631
16  11.5  8.60543e-06
18  3.5  0.00604694
18  4.5  0.00175955
18  4.0  0.00314846
18  5.0  0.00101891
18  5.5  0.000633952
18  6.0  0.000394644
18  6.5  0.000247127
18  7.0  0.000164538
18  7.5  0.000109971
18  8.0  7.63825e-05
18  8.5  5.33997e-05
18  10.0  1.9989e-05
18  9.0  3.78622e-05
18  9.5  2.72278e-05
18  11.0  1.08786e-05
2  0.2  0.420801
2  0.3  0.614303
18  10.5  1.47757e-05
2  0.4  0.772073
2  0.5  0.846494
2  0.6  0.861618
2  0.7  0.816895
2  0.8  0.724834
2  0.9  0.636736
2  1.0  0.541641
2  1.1  0.457273
2  1.2  0.379843
2  1.3  0.306983
2  1.4  0.255186
2  1.5  0.208854
2  1.6  0.171735
2  1.7  0.141442
2  1.8  0.117334
2  1.9  0.096091
18  11.5  8.22671e-06
2  2.0  0.0803321
2  2.5  0.0328549
2  3.0  0.014639
2  3.5  0.00736628
18  12.0  6.28968e-06
2  5.0  0.00123057
2  4.0  0.00383221
2  4.5  0.00212182
2  6.0  0.000471648
2  5.5  0.000747358
2  6.5  0.000300787
2  7.0  0.000200355
2  7.5  0.000135374
2  8.0  9.16135e-05
2  9.0  4.55269e-05
2  8.5  6.37505e-05
2  10.0  2.42897e-05
2  9.5  3.37563e-05
20  0.2  0.400642
2  11.0  1.32983e-05
20  0.3  0.575229
2  10.5  1.78913e-05
20  0.4  0.711558
20  0.5  0.773217
20  0.6  0.77488
20  0.8  0.630609
20  0.7  0.713603
20  0.9  0.537761
20  1.0  0.452406
20  1.1  0.37755
20  1.2  0.31172
20  1.3  0.255857
20  1.4  0.210036
20  1.5  0.170187
20  1.6  0.141563
20  1.7  0.113696
20  1.9  0.0763273
20  1.8  0.0934681
20  2.0  0.0641723
20  2.5  0.0265802
20  3.0  0.0117462
20  3.5  0.00581677
2  11.5  1.02505e-05
2  12.0  7.79767e-06
20  4.0  0.00300394
20  4.5  0.00168642
20  5.0  0.0009899
20  5.5  0.000591806
20  7.0  0.000152449
20  6.0  0.000367822
20  7.5  0.000103663
20  8.0  7.15839e-05
20  6.5  0.000238374
20  9.0  3.58346e-05
20  8.5  5.03169e-05
20  10.0  1.87346e-05
20  9.5  2.59817e-05
20  10.5  1.38587e-05
22  0.2  0.390822
22  0.3  0.567443
22  0.4  0.693609
22  0.5  0.747954
22  0.6  0.74322
22  0.7  0.683968
22  0.8  0.602233
20  11.0  1.02683e-05
22  0.9  0.516316
22  1.0  0.433406
22  1.1  0.35739
22  1.2  0.294735
22  1.4  0.19838
22  1.3  0.240131
22  1.5  0.158836
22  1.6  0.128652
22  1.7  0.106936
22  1.8  0.0874189
22  1.9  0.0724868
22  2.0  0.0596481
22  3.5  0.00534145
22  2.5  0.0242572
22  3.0  0.0109587
20  11.5  7.83573e-06
20  12.0  5.84272e-06
22  4.5  0.00155598
22  5.0  0.000899993
22  4.0  0.0028253
22  6.5  0.000218621
22  5.5  0.000553272
22  6.0  0.00033993
22  7.5  9.56875e-05
22  7.0  0.000142247
22  8.0  6.58288e-05
22  8.5  4.71467e-05
22  9.0  3.32919e-05
22  9.5  2.39415e-05
24  0.2  0.381552
22  10.5  1.28167e-05
24  0.3  0.552712
22  10.0  1.74483e-05
24  0.4  0.670869
24  0.5  0.73818
24  0.6  0.702611
22  11.0  9.65016e-06
24  0.7  0.641158
24  0.8  0.563663
24  0.9  0.489202
24  1.0  0.398243
24  1.1  0.332271
24  1.2  0.273031
24  1.3  0.221264
24  1.4  0.183488
24  1.6  0.120841
24  1.5  0.150624
24  1.7  0.0970689
24  1.8  0.0800897
24  1.9  0.065878
24  2.0  0.0546074
24  2.5  0.0221693
24  3.0  0.0101942
24  3.5  0.00486982
22  11.5  7.2412e-06
22  12.0  5.418e-06
24  4.5  0.00141269
24  5.0  0.000799546
24  4.0  0.00253728
24  6.5  0.000196409
24  6.0  0.000310096
24  5.5  0.000504745
24  8.0  6.11937e-05
24  7.0  0.000133185
24  7.5  8.96451e-05
24  8.5  4.29475e-05
24  9.0  2.99218e-05
24  9.5  2.18755e-05
24  10.0  1.59737e-05
24  10.5  1.18108e-05
26  0.2  0.372102
24  11.5  6.76018e-06
26  0.3  0.531805
26  0.4  0.640364
26  0.5  0.678134
26  0.6  0.653512
26  0.7  0.595127
26  0.8  0.516435
26  0.9  0.434608
26  1.0  0.36013
26  1.1  0.298168
26  1.3  0.199674
26  1.2  0.242245
26  1.4  0.160548
26  1.5  0.1313
26  1.6  0.106529
26  1.7  0.087758
26  1.9  0.0591083
26  1.8  0.0712101
24  11.0  8.75579e-06
26  2.0  0.0489335
26  2.5  0.0194291
26  3.0  0.00873988
26  3.5  0.00432599
24  12.0  5.01201e-06
26  5.0  0.000725468
26  4.0  0.00222952
26  4.5  0.00126723
26  6.0  0.000267144
26  5.5  0.000439344
26  6.5  0.0001775
26  7.0  0.000115272
26  8.0  5.37392e-05
26  7.5  7.71703e-05
26  10.0  1.41706e-05
26  8.5  3.83883e-05
26  9.5  1.89194e-05
26  9.0  2.67224e-05
26  11.0  7.67511e-06
28  0.2  0.356415
28  0.3  0.501856
26  10.5  1.03443e-05
28  0.4  0.591943
28  0.5  0.624308
28  0.6  0.594658
28  0.7  0.532805
28  0.8  0.452608
28  0.9  0.386518
28  1.0  0.31711
28  1.1  0.253885
28  1.2  0.209239
28  1.3  0.170661
26  12.0  4.40029e-06
28  1.5  0.112578
28  1.4  0.138156
28  1.6  0.091059
28  1.7  0.0736937
28  1.9  0.0495278
28  1.8  0.0610257
28  2.0  0.041197
26  11.5  5.88941e-06
28  3.0  0.00743492
28  2.5  0.0164355
28  3.5  0.00363101
28  4.0  0.00191674
28  4.5  0.0010616
28  5.0  0.000612584
28  5.5  0.000371069
28  6.0  0.00023132
28  7.0  9.4119e-05
28  6.5  0.000150237
28  7.5  6.49358e-05
28  8.5  3.18319e-05
28  8.0  4.37544e-05
28  10.0  1.17579e-05
28  9.0  2.20832e-05
28  9.5  1.60637e-05
30  0.2  0.328115
30  0.3  0.459604
30  0.4  0.534064
28  10.5  8.67e-06
30  0.5  0.548219
28  11.0  6.54214e-06
30  0.6  0.505958
30  0.7  0.443342
30  0.8  0.379766
30  0.9  0.310616
30  1.0  0.255394
30  1.1  0.208226
30  1.2  0.165052
30  1.3  0.135742
30  1.5  0.0888534
30  1.4  0.110234
30  1.7  0.0584014
30  1.6  0.0722441
30  1.8  0.0478626
30  1.9  0.0397023
30  2.0  0.0316947
30  2.5  0.0128777
30  3.0  0.00576386
30  3.5  0.0028137
28  11.5  4.86037e-06
28  12.0  3.72592e-06
30  5.5  0.00028856
30  4.0  0.00149488
30  4.5  0.000817726
30  5.0  0.000480726
30  6.0  0.00018144
30  6.5  0.000113799
30  7.5  5.09771e-05
30  7.0  7.584e-05
30  8.0  3.52115e-05
30  8.5  2.45843e-05
30  9.0  1.75944e-05
30  10.0  9.38091e-06
30  9.5  1.25156e-05
30  10.5  6.74736e-06
30  11.0  5.05243e-06
32  0.2  0.29017
32  0.3  0.394609
32  0.4  0.445018
32  0.5  0.435659
32  0.6  0.389748
32  0.7  0.343659
32  0.9  0.231501
32  0.8  0.289591
32  1.0  0.18906
32  1.1  0.153218
32  1.2  0.121918
30  11.5  3.82266e-06
32  1.3  0.0988166
32  1.4  0.0803288
32  1.5  0.0637272
32  1.6  0.0509295
32  1.8  0.034648
32  1.7  0.0413896
32  1.9  0.0276192
32  2.5  0.00908183
32  2.0  0.0228683
32  3.0  0.0040367
32  3.5  0.0020248
30  12.0  2.94933e-06
32  4.0  0.00109328
32  4.5  0.000562587
32  5.0  0.000351662
32  6.0  0.000128491
32  5.5  0.000205141
32  6.5  8.1822e-05
32  7.0  5.4844e-05
32  7.5  3.62744e-05
32  8.0  2.48246e-05
32  8.5  1.73228e-05
32  9.0  1.24173e-05
32  9.5  8.93058e-06
32  10.5  4.77313e-06
34  0.2  0.245407
32  10.0  6.45229e-06
34  0.3  0.316596
34  0.4  0.332163
34  0.5  0.313939
34  0.6  0.273754
34  0.7  0.232418
34  0.8  0.188493
34  0.9  0.157547
34  1.0  0.126664
34  1.1  0.101907
34  1.2  0.0823607
32  11.5  2.73237e-06
34  1.3  0.0647712
34  1.5  0.042104
34  1.4  0.0513838
34  1.6  0.0339724
34  1.7  0.0279274
34  1.8  0.0223441
34  1.9  0.0183314
34  2.0  0.0147543
32  11.0  3.56212e-06
34  2.5  0.00604615
34  3.5  0.00130614
34  3.0  0.0027637
32  12.0  2.06183e-06
34  4.5  0.000380381
34  4.0  0.000677022
34  5.0  0.000221962
34  7.0  3.48395e-05
34  5.5  0.000133185
34  6.5  5.2442e-05
34  6.0  8.25473e-05
34  7.5  2.35153e-05
34  8.0  1.60138e-05
34  8.5  1.11892e-05
34  10.0  4.17379e-06
34  9.5  5.70356e-06
34  9.0  7.95455e-06
34  10.5  3.18844e-06
4  0.2  0.413141
4  0.3  0.616547
4  0.4  0.770778
4  0.5  0.849195
4  0.6  0.85852
4  0.7  0.80782
4  0.8  0.729318
4  0.9  0.649744
4  1.0  0.543845
4  1.1  0.454005
4  1.2  0.377448
4  1.3  0.30802
4  1.4  0.252912
4  1.5  0.206982
4  1.6  0.172354
4  1.7  0.140781
4  1.8  0.115732
4  1.9  0.0960226
4  2.0  0.079991
34  11.0  2.37072e-06
4  2.5  0.0318118
4  3.0  0.0151023
4  3.5  0.00721453
34  11.5  1.74132e-06
4  5.0  0.00123018
34  12.0  1.35113e-06
4  4.0  0.0037825
4  4.5  0.00208949
4  5.5  0.000738585
4  6.0  0.000462919
4  6.5  0.000292432
4  7.5  0.00013327
4  7.0  0.000195504
4  8.0  9.01358e-05
4  8.5  6.38197e-05
4  10.0  2.40035e-05
4  9.0  4.67965e-05
4  9.5  3.26539e-05
6  0.2  0.423827
4  11.0  1.3401e-05
6  0.3  0.605954
4  10.5  1.78895e-05
6  0.4  0.76782
6  0.5  0.844542
6  0.6  0.855266
6  0.7  0.806733
6  0.8  0.723611
6  0.9  0.626474
6  1.0  0.538038
6  1.1  0.44996
6  1.2  0.37133
6  1.3  0.305685
6  1.4  0.250914
6  1.6  0.171155
6  1.5  0.206722
6  1.8  0.113995
6  1.7  0.138258
6  1.9  0.0958035
6  2.0  0.0798579
6  2.5  0.0322497
6  3.5  0.00716553
6  3.0  0.0147674
4  11.5  1.01199e-05
4  12.0  7.49881e-06
6  5.0  0.00121514
6  4.0  0.00376214
6  4.5  0.00208327
6  5.5  0.000716997
6  6.0  0.000462096
6  6.5  0.000297374
6  7.5  0.000130264
6  7.0  0.000190663
6  9.0  4.41904e-05
6  8.0  9.25066e-05
6  8.5  6.15738e-05
6  10.0  2.36689e-05
6  9.5  3.31647e-05
8  0.2  0.419685
8  0.3  0.610112
6  11.0  1.30364e-05
8  0.4  0.768776
8  0.5  0.840762
6  10.5  1.69772e-05
8  0.6  0.847919
8  0.7  0.799664
8  0.8  0.71862
8  0.9  0.628559
8  1.0  0.535429
8  1.1  0.446265
8  1.2  0.366798
8  1.3  0.302402
6  11.5  9.77004e-06
8  1.4  0.247184
8  1.5  0.204012
8  1.7  0.136034
8  1.6  0.167031
8  1.8  0.112697
8  1.9  0.0942055
8  2.5  0.0322293
8  2.0  0.0778012
8  3.0  0.0146727
8  3.5  0.00712268
6  12.0  7.60939e-06
8  4.5  0.00206595
8  5.0  0.00119299
8  6.0  0.000461107
8  4.0  0.00367022
8  5.5  0.00072706
8  6.5  0.000289912
8  7.5  0.000130787
8  7.0  0.00018565
8  8.0  8.79567e-05
8  8.5  6.10794e-05
8  10.0  2.31783e-05
8  9.0  4.38446e-05
8  10.5  1.70469e-05
8  9.5  3.24774e-05
8  11.0  1.31038e-05
8  12.0  7.5218e-06
8  11.5  9.54738e-06
