# exclusive D0 cross section, Pb target, LHAPDF fragmentation, An0n channel
# generated      : 2026-08-19 15:24:08 EEST
# calls          : 1e5 below 4.0 GeV, 2e3 above (see EXCL_PT_THRESHOLD) (VEGAS calls per point, see CALLS_EXCL/CALLS_EXCL_FACTORIZED/CALLS_DIFF)
# dipole samples : data/Pb/bk_posterior/member_0019/glauber_mve_<b>
# pD0 sweep      : 0.2 0.3 0.4 0.5 0.6 0.7 0.8 0.9 1.0 1.1 1.2 1.3 1.4 1.5 1.6 1.7 1.8 1.9 2.0 2.5 3.0 3.5 4.0 4.5 5.0 5.5 6.0 6.5 7.0 7.5 8.0 8.5 9.0 9.5 10.0 10.5 11.0 11.5 12.0
# fixed rapidity y : 0.0
# ============================================================
# b  pD0  dsigma_dyd2pD0
0  0.3  2.70626
0  0.2  3.33751
0  0.5  1.62845
0  0.4  2.12859
0  0.6  1.22311
0  0.8  0.666549
0  0.7  0.905822
0  0.9  0.489045
0  1.0  0.358017
0  1.1  0.263305
0  1.2  0.194198
0  1.3  0.144147
0  1.4  0.107335
0  1.6  0.0611111
0  1.7  0.0460391
0  1.5  0.0795891
0  1.9  0.0258656
0  1.8  0.0340866
0  2.5  0.00539905
0  2.0  0.0200838
0  3.0  0.00167254
0  3.5  0.000461257
0  5.5  1.69874e-05
0  4.0  0.000223927
0  4.5  8.95201e-05
0  5.0  3.8193e-05
0  7.0  2.07398e-06
0  6.5  4.02789e-06
0  6.0  8.13564e-06
0  7.5  1.12579e-06
0  8.0  6.1515e-07
0  8.5  3.51246e-07
0  9.0  2.04902e-07
0  9.5  1.22922e-07
0  10.0  7.53503e-08
10  0.2  3.16789
0  10.5  4.70693e-08
10  0.3  2.56631
10  0.4  2.01316
10  0.5  1.53588
0  12.0  1.29072e-08
10  0.6  1.15088
10  0.7  0.851406
10  0.8  0.624576
10  0.9  0.457504
0  11.0  3.01509e-08
10  1.0  0.334193
10  1.1  0.24551
10  1.2  0.180421
10  1.4  0.0997591
10  1.3  0.133386
10  1.5  0.0739864
10  1.6  0.0560406
10  1.7  0.0423182
10  1.8  0.0321129
10  1.9  0.023974
10  2.0  0.0185791
10  2.5  0.00490548
10  3.0  0.00130027
10  3.5  0.000466664
0  11.5  1.95929e-08
10  5.5  1.53957e-05
10  4.5  8.16803e-05
10  6.0  7.43198e-06
10  4.0  0.000204446
10  5.0  3.47031e-05
10  6.5  3.61781e-06
10  7.0  1.89693e-06
10  7.5  1.01501e-06
10  9.5  1.10539e-07
10  8.0  5.5817e-07
10  8.5  3.18829e-07
10  9.0  1.85998e-07
10  10.0  6.83289e-08
12  0.2  3.09082
12  0.3  2.50112
10  10.5  4.29058e-08
10  12.0  1.16972e-08
12  0.4  1.96024
12  0.5  1.49459
12  0.6  1.11726
12  0.7  0.826037
12  0.8  0.605351
12  0.9  0.443311
12  1.0  0.323922
12  1.1  0.237263
12  1.2  0.174167
12  1.3  0.1298
12  1.4  0.0966073
10  11.0  2.73272e-08
12  1.5  0.0717284
12  1.6  0.0534992
12  1.7  0.0407436
12  1.9  0.0235267
12  1.8  0.0302074
12  2.0  0.0176466
12  2.5  0.0049209
12  3.0  0.00138617
12  3.5  0.000699048
10  11.5  1.77429e-08
12  4.5  7.82131e-05
12  5.0  3.27986e-05
12  5.5  1.47245e-05
12  4.0  0.000196803
12  6.0  7.06753e-06
12  7.0  1.81201e-06
12  6.5  3.50405e-06
12  8.0  5.30353e-07
12  7.5  9.69341e-07
12  8.5  3.04443e-07
12  9.0  1.77628e-07
12  9.5  1.06196e-07
12  10.0  6.52164e-08
14  0.2  2.99368
14  0.3  2.4215
14  0.4  1.89475
14  0.5  1.44351
12  10.5  4.08705e-08
14  0.6  1.07832
14  0.7  0.795517
14  0.8  0.582469
14  0.9  0.425072
14  1.0  0.31049
14  1.2  0.167101
14  1.1  0.227553
14  1.3  0.123403
12  11.0  2.61519e-08
14  1.4  0.0916053
14  1.5  0.0677301
14  1.6  0.0519759
12  11.5  1.69593e-08
14  1.7  0.0381153
14  1.8  0.0289061
14  1.9  0.0220956
14  2.0  0.0166819
14  2.5  0.00475487
14  3.0  0.00138181
14  3.5  0.000400949
12  12.0  1.12394e-08
14  4.5  7.41141e-05
14  5.5  1.39188e-05
14  4.0  0.00018629
14  5.0  3.14079e-05
14  6.0  6.67047e-06
14  7.5  9.22456e-07
14  7.0  1.70719e-06
14  6.5  3.30123e-06
14  8.0  5.00775e-07
14  8.5  2.87479e-07
14  9.0  1.67608e-07
14  9.5  1.00269e-07
14  10.5  3.8183e-08
14  10.0  6.15115e-08
16  0.2  2.87847
16  0.3  2.32466
16  0.4  1.81643
16  0.5  1.38067
16  0.6  1.03091
16  0.7  0.759058
16  0.8  0.55589
16  0.9  0.405127
14  11.0  2.46687e-08
16  1.0  0.295519
16  1.1  0.215601
16  1.2  0.158073
16  1.4  0.086581
16  1.3  0.116145
16  1.6  0.0489995
16  1.5  0.0640017
16  1.7  0.0372841
16  1.8  0.0273621
16  1.9  0.020709
16  2.0  0.0159358
14  11.5  1.60001e-08
16  2.5  0.00454344
16  3.0  0.00129638
16  3.5  0.000308325
14  12.0  1.05268e-08
16  4.5  6.93198e-05
16  4.0  0.000173164
16  5.5  1.31774e-05
16  5.0  2.93311e-05
16  6.0  6.25552e-06
16  7.0  1.60174e-06
16  7.5  8.57291e-07
16  6.5  3.07384e-06
16  8.0  4.67429e-07
16  8.5  2.67533e-07
16  9.0  1.55925e-07
16  9.5  9.31319e-08
18  0.2  2.73989
16  10.0  5.72258e-08
18  0.3  2.20906
18  0.4  1.72421
16  12.0  9.81321e-09
18  0.5  1.30864
18  0.6  0.974175
18  0.7  0.716733
18  0.8  0.522692
18  0.9  0.380535
18  1.0  0.277079
18  1.1  0.202023
16  10.5  3.57088e-08
18  1.2  0.148168
18  1.3  0.108762
18  1.5  0.0603505
16  11.0  2.28828e-08
18  1.4  0.0806474
18  1.6  0.0445809
18  1.7  0.0341295
18  1.8  0.0259038
16  11.5  1.48625e-08
18  2.0  0.0150117
18  1.9  0.0192314
18  3.0  0.00119188
18  2.5  0.0041667
18  3.5  0.000550227
18  4.0  0.000159
18  4.5  6.3228e-05
18  5.0  2.69266e-05
18  5.5  1.21348e-05
18  6.0  5.69016e-06
18  7.0  1.46766e-06
18  6.5  2.8122e-06
18  7.5  7.78776e-07
18  8.0  4.27398e-07
18  8.5  2.44692e-07
18  9.0  1.4133e-07
18  9.5  8.56756e-08
18  10.0  5.23061e-08
2  0.2  3.33048
2  0.3  2.70106
18  10.5  3.26734e-08
2  0.4  2.12395
2  0.5  1.62587
2  0.6  1.22063
2  0.7  0.903577
2  0.8  0.664623
2  0.9  0.488068
2  1.0  0.358412
2  1.1  0.262551
18  11.0  2.09461e-08
2  1.2  0.193735
2  1.3  0.143777
2  1.4  0.107024
2  1.6  0.0603069
2  1.5  0.0795471
2  1.7  0.0447091
2  1.8  0.034185
18  11.5  1.35375e-08
2  1.9  0.0269304
2  2.0  0.0206303
2  3.0  0.001688
2  2.5  0.00564262
2  3.5  0.000473146
18  12.0  8.93588e-09
2  5.5  1.69125e-05
2  4.0  0.000223137
2  4.5  8.92011e-05
2  5.0  3.80577e-05
2  7.0  2.06654e-06
2  6.0  8.10772e-06
2  6.5  4.01418e-06
2  7.5  1.12174e-06
2  8.0  6.12816e-07
2  8.5  3.49952e-07
2  9.0  2.04146e-07
2  9.5  1.22499e-07
2  10.0  7.50685e-08
20  0.2  2.5736
2  10.5  4.6904e-08
20  0.3  2.07294
20  0.4  1.61258
2  12.0  1.28428e-08
20  0.5  1.22183
2  11.0  3.00093e-08
20  0.6  0.907147
20  0.8  0.485348
20  0.7  0.665714
20  1.0  0.25625
20  0.9  0.351899
20  1.1  0.186134
20  1.2  0.136365
20  1.3  0.0997492
20  1.4  0.0738985
20  1.5  0.0547258
20  1.6  0.0407255
20  1.7  0.0313052
20  1.9  0.0179716
20  1.8  0.0230851
20  2.0  0.0136015
20  3.0  0.00124629
20  2.5  0.00371179
20  3.5  0.000346935
2  11.5  1.94742e-08
20  4.0  0.000143059
20  4.5  5.68641e-05
20  5.0  2.41682e-05
20  5.5  1.08169e-05
20  7.0  1.31057e-06
20  6.0  5.14056e-06
20  6.5  2.53037e-06
20  7.5  6.97512e-07
20  8.0  3.82623e-07
20  8.5  2.18759e-07
20  9.0  1.27455e-07
20  11.0  1.85709e-08
20  9.5  7.62961e-08
22  0.2  2.37579
22  0.3  1.90817
20  10.0  4.67299e-08
22  0.4  1.48165
20  10.5  2.91575e-08
22  0.5  1.11819
22  0.6  0.828395
22  0.7  0.605649
22  0.8  0.439312
22  0.9  0.318354
22  1.0  0.230483
22  1.1  0.167553
22  1.2  0.122155
22  1.3  0.0893226
22  1.4  0.0661468
22  1.6  0.0368847
22  1.5  0.0487802
22  1.7  0.0277365
22  1.9  0.0160445
22  1.8  0.0203836
22  2.0  0.0120096
20  11.5  1.21131e-08
22  2.5  0.00332228
22  3.5  0.000357947
22  3.0  0.000923414
20  12.0  8.00651e-09
22  4.5  4.91861e-05
22  4.0  0.000125108
22  5.0  2.11143e-05
22  6.0  4.45718e-06
22  5.5  9.41935e-06
22  7.0  1.14338e-06
22  7.5  6.09024e-07
22  6.5  2.20691e-06
22  8.0  3.32149e-07
22  8.5  1.8949e-07
22  9.0  1.09682e-07
22  10.5  2.50417e-08
22  9.5  6.60119e-08
22  11.0  1.60908e-08
22  10.0  4.04712e-08
24  0.2  2.13619
24  0.3  1.7123
24  0.4  1.3246
24  0.5  0.996237
22  12.0  6.92762e-09
24  0.6  0.734483
24  0.7  0.534625
24  0.8  0.386962
24  0.9  0.279223
24  1.0  0.201335
24  1.1  0.145779
24  1.3  0.0777602
24  1.2  0.106386
24  1.4  0.0572582
24  1.5  0.0424123
24  1.6  0.0316597
24  1.8  0.0174257
24  1.7  0.0232921
24  1.9  0.013614
24  2.0  0.0104391
24  2.5  0.00268824
24  3.0  0.000798404
24  3.5  0.0002471
22  11.5  1.04925e-08
24  4.0  0.000104814
24  4.5  4.15948e-05
24  5.0  1.76486e-05
24  6.0  3.72111e-06
24  6.5  1.83225e-06
24  5.5  7.87447e-06
24  8.0  2.75679e-07
24  7.0  9.38615e-07
24  9.0  9.13408e-08
24  7.5  5.04263e-07
24  8.5  1.57405e-07
24  9.5  5.48658e-08
24  11.0  1.33373e-08
24  10.0  3.35223e-08
26  0.2  1.84999
26  0.3  1.47737
26  0.4  1.13759
26  0.5  0.851242
26  0.7  0.45186
26  0.6  0.624036
24  10.5  2.10273e-08
26  0.8  0.325596
26  0.9  0.23402
26  1.1  0.121218
26  1.0  0.168189
26  1.2  0.087834
26  1.3  0.0639741
26  1.4  0.0469432
26  1.5  0.0348308
26  1.6  0.0254766
26  1.8  0.0147314
26  1.7  0.0193462
26  1.9  0.0109404
26  2.0  0.00815442
26  2.5  0.00223098
26  3.0  0.00068842
26  3.5  0.000173989
24  11.5  8.69075e-09
24  12.0  5.76655e-09
26  4.0  8.29464e-05
26  4.5  3.2782e-05
26  5.0  1.38903e-05
26  6.0  2.92311e-06
26  5.5  6.21992e-06
26  6.5  1.44463e-06
26  8.5  1.21889e-07
26  7.0  7.41468e-07
26  7.5  3.94787e-07
26  8.0  2.16114e-07
26  9.0  7.14461e-08
26  9.5  4.27383e-08
26  10.0  2.61703e-08
28  0.2  1.51198
28  0.3  1.20042
26  10.5  1.6351e-08
28  0.4  0.919143
28  0.5  0.683597
28  0.6  0.496919
28  0.7  0.358023
28  0.8  0.256114
28  0.9  0.182871
28  1.0  0.130704
28  1.1  0.093544
26  11.0  1.04174e-08
28  1.2  0.0674846
28  1.3  0.048917
28  1.4  0.0358108
28  1.5  0.0262798
28  1.6  0.019325
28  1.7  0.0145045
28  1.8  0.0107426
28  1.9  0.0083392
26  11.5  6.7647e-09
28  2.5  0.00151077
28  3.0  0.000557388
28  2.0  0.0061821
28  3.5  0.000132135
26  12.0  4.47391e-09
28  4.0  6.039e-05
28  4.5  2.38082e-05
28  5.0  1.00261e-05
28  6.0  2.10249e-06
28  5.5  4.46154e-06
28  6.5  1.01854e-06
28  7.0  5.3488e-07
28  7.5  2.80379e-07
28  8.5  8.67871e-08
28  8.0  1.53872e-07
28  9.5  3.01575e-08
28  9.0  5.08524e-08
28  11.0  7.34598e-09
28  10.0  1.85783e-08
30  0.2  1.1344
30  0.3  0.895415
30  0.4  0.679034
28  10.5  1.15781e-08
30  0.5  0.500426
30  0.6  0.360913
30  0.7  0.257583
30  0.8  0.182553
30  0.9  0.129208
30  1.0  0.0915761
30  1.1  0.0652566
30  1.2  0.0469708
30  1.4  0.0246626
30  1.3  0.0337968
30  1.5  0.0179153
30  1.6  0.0131428
30  1.7  0.00986899
30  1.8  0.00726191
30  1.9  0.00565699
30  2.0  0.00428167
30  2.5  0.00107681
30  3.0  0.000412249
30  3.5  9.96922e-05
28  11.5  4.79927e-09
28  12.0  3.16406e-09
30  4.0  3.90427e-05
30  4.5  1.52235e-05
30  5.0  6.38358e-06
30  5.5  2.83453e-06
30  6.5  6.52637e-07
30  6.0  1.32734e-06
30  7.0  3.32106e-07
30  7.5  1.7627e-07
30  8.0  9.65489e-08
30  8.5  5.46708e-08
30  9.0  3.16729e-08
30  9.5  1.89079e-08
30  11.0  4.54729e-09
30  10.0  1.15776e-08
32  0.2  0.75761
32  0.3  0.592207
30  10.5  7.2056e-09
32  0.4  0.444595
32  0.5  0.323658
32  0.6  0.230791
32  0.7  0.162874
32  0.8  0.114208
32  0.9  0.0800045
32  1.0  0.0562381
32  1.2  0.0283501
32  1.1  0.0397537
32  1.3  0.0202488
32  1.4  0.0147492
32  1.5  0.0106539
32  1.6  0.00784744
32  1.7  0.00568293
32  1.8  0.00424609
32  1.9  0.00325067
32  2.5  0.000654946
32  2.0  0.002381
32  3.0  0.000134851
32  3.5  5.68195e-05
30  11.5  2.9541e-09
30  12.0  1.94273e-09
32  4.0  2.11106e-05
32  5.0  3.40859e-06
32  4.5  8.27773e-06
32  5.5  1.52463e-06
32  6.0  7.07546e-07
32  7.0  1.7825e-07
32  6.5  3.47392e-07
32  7.5  9.30414e-08
32  8.0  5.07509e-08
32  8.5  2.8629e-08
32  9.0  1.65809e-08
32  9.5  9.81538e-09
32  10.0  6.00158e-09
34  0.2  0.44292
34  0.3  0.342317
34  0.4  0.25344
32  10.5  3.7269e-09
34  0.5  0.181834
34  0.6  0.127846
32  12.0  1.00226e-09
34  0.7  0.0889016
34  0.8  0.0615251
34  0.9  0.0426856
34  1.0  0.0296949
34  1.1  0.0207186
34  1.3  0.0103739
34  1.2  0.0145912
34  1.4  0.00750463
34  1.5  0.0053987
34  1.6  0.00399253
34  1.7  0.0028657
34  1.8  0.00217043
32  11.0  2.36795e-09
34  1.9  0.00156697
34  2.0  0.00118431
34  2.5  0.000286394
34  3.0  9.58552e-05
34  3.5  3.63437e-05
32  11.5  1.53146e-09
34  4.5  3.70252e-06
34  5.0  1.53054e-06
34  4.0  9.78796e-06
34  5.5  6.76638e-07
34  6.0  3.13883e-07
34  7.0  7.69815e-08
34  6.5  1.52545e-07
34  7.5  4.03469e-08
34  9.5  4.16549e-09
34  8.0  2.19309e-08
34  8.5  1.23066e-08
34  9.0  7.14265e-09
34  11.5  6.49308e-10
4  0.2  3.3108
34  10.0  2.56678e-09
4  0.3  2.68447
4  0.4  2.10965
4  0.5  1.61365
4  0.6  1.21067
4  0.7  0.896856
4  0.8  0.659995
34  10.5  1.59475e-09
4  0.9  0.484026
4  1.0  0.354266
4  1.2  0.191786
4  1.1  0.260365
34  11.0  1.00382e-09
4  1.3  0.141462
4  1.4  0.105798
4  1.5  0.0784458
4  1.7  0.045419
4  1.6  0.0597715
4  1.8  0.0337501
4  1.9  0.0264121
4  2.0  0.0197959
4  3.5  0.000894486
4  2.5  0.0055744
4  3.0  0.00165148
34  12.0  4.27195e-10
4  5.5  1.66759e-05
4  4.0  0.000220771
4  4.5  8.82486e-05
4  5.0  3.77816e-05
4  6.5  3.99528e-06
4  6.0  8.06113e-06
4  7.5  1.10955e-06
4  7.0  2.0531e-06
4  8.0  6.05545e-07
4  8.5  3.46064e-07
4  9.0  2.01945e-07
4  9.5  1.202e-07
4  10.0  7.42328e-08
6  0.2  3.27819
6  0.3  2.65756
4  10.5  4.63916e-08
4  12.0  1.2727e-08
6  0.4  2.08846
6  0.5  1.59558
6  0.6  1.1965
6  0.7  0.886043
6  0.8  0.65145
6  0.9  0.477872
6  1.0  0.349559
4  11.0  2.96664e-08
6  1.1  0.256966
6  1.2  0.188685
6  1.3  0.140079
6  1.4  0.104226
6  1.5  0.0779569
6  1.6  0.0588332
6  1.7  0.0439809
6  1.8  0.0332806
6  1.9  0.0262277
6  2.0  0.0202676
6  2.5  0.00554566
6  3.0  0.00166875
6  3.5  0.000472954
4  11.5  1.92592e-08
6  5.5  1.63714e-05
6  4.0  0.000216862
6  4.5  8.66643e-05
6  5.0  3.69578e-05
6  6.0  7.87538e-06
6  7.5  1.08873e-06
6  6.5  3.89782e-06
6  7.0  2.01843e-06
6  8.0  5.94136e-07
6  8.5  3.39643e-07
6  9.0  1.9812e-07
6  9.5  1.18968e-07
6  11.0  2.9046e-08
8  0.2  3.23095
6  10.0  7.28357e-08
8  0.3  2.61912
8  0.4  2.05521
6  12.0  1.24968e-08
8  0.5  1.57078
6  10.5  4.54861e-08
8  0.6  1.17724
8  0.7  0.871508
8  0.8  0.640086
8  0.9  0.469056
8  1.0  0.343076
8  1.1  0.252018
8  1.2  0.186019
8  1.3  0.137793
8  1.4  0.102326
8  1.5  0.0766148
8  1.7  0.0438046
8  1.6  0.0575266
8  1.8  0.0330227
8  1.9  0.025556
8  2.0  0.0196541
6  11.5  1.89291e-08
8  2.5  0.00502549
8  3.0  0.00162914
8  3.5  0.000518884
8  5.5  1.59437e-05
8  6.0  7.6778e-06
8  4.0  0.000211412
8  4.5  8.43219e-05
8  5.0  3.59581e-05
8  7.5  1.06298e-06
8  6.5  3.80074e-06
8  7.0  1.96524e-06
8  9.5  1.15223e-07
8  8.0  5.78507e-07
8  8.5  3.30532e-07
8  9.0  1.92869e-07
8  10.0  7.08711e-08
8  10.5  4.43514e-08
8  11.0  2.83492e-08
8  11.5  1.84162e-08
8  12.0  1.21634e-08
