# exclusive D0 cross section, Pb target, HymnD fragmentation, An0n channel
# generated      : 2026-08-20 10:21:42 EEST
# calls          : 1e5 below 4.0 GeV, 2e3 above (see EXCL_PT_THRESHOLD) (VEGAS calls per point, see CALLS_EXCL/CALLS_EXCL_FACTORIZED/CALLS_DIFF)
# dipole samples : data/Pb/mve/glauber_mve_<b>
# pD0 sweep      : 0.2 0.3 0.4 0.5 0.6 0.7 0.8 0.9 1.0 1.1 1.2 1.3 1.4 1.5 1.6 1.7 1.8 1.9 2.0 2.5 3.0 3.5 4.0 4.5 5.0 5.5 6.0 6.5 7.0 7.5 8.0 8.5 9.0 9.5 10.0 10.5 11.0 11.5 12.0
# fixed rapidity y : 2.0
# ============================================================
# b  pD0  dsigma_dyd2pD0
0  0.3  1.44697
0  0.2  1.80926
0  0.4  1.11389
0  0.5  0.830874
0  0.7  0.435647
0  0.6  0.605787
0  0.9  0.219679
0  1.1  0.110436
0  0.8  0.309892
0  1.0  0.155596
0  1.3  0.0560396
0  1.2  0.0784105
0  1.4  0.0400294
0  1.5  0.029036
0  1.6  0.0209979
0  1.7  0.0153093
0  1.8  0.0112951
0  1.9  0.00802855
0  2.0  0.00597581
0  3.5  0.000132514
0  3.0  0.000389821
0  2.5  0.00145745
0  5.5  1.80245e-06
0  4.0  3.54355e-05
0  4.5  1.22752e-05
0  5.0  4.55898e-06
0  6.0  7.52711e-07
0  6.5  3.26848e-07
0  7.0  1.48623e-07
0  7.5  7.0279e-08
0  8.0  3.43284e-08
0  8.5  1.73039e-08
0  9.0  8.9749e-09
0  9.5  4.77052e-09
0  10.0  2.59392e-09
10  0.2  1.72866
10  0.3  1.38026
10  0.4  1.0609
10  0.5  0.790109
10  0.6  0.574817
10  0.7  0.412266
0  10.5  1.44334e-09
10  0.8  0.292964
10  0.9  0.207512
10  1.0  0.146486
10  1.1  0.103792
10  1.2  0.0737057
10  1.3  0.0524362
10  1.4  0.0376736
10  1.5  0.0271935
10  1.7  0.0140837
10  1.6  0.019365
10  1.8  0.0104769
10  1.9  0.00775323
10  2.0  0.00556699
10  2.5  0.00130712
10  3.0  0.000347855
0  12.0  2.78227e-10
0  11.0  8.18608e-10
10  3.5  9.85372e-05
0  11.5  4.72148e-10
10  4.0  3.25989e-05
10  6.0  6.89239e-07
10  4.5  1.12774e-05
10  5.0  4.18401e-06
10  5.5  1.65196e-06
10  6.5  2.99063e-07
10  7.0  1.35799e-07
10  7.5  6.42125e-08
10  9.0  8.27074e-09
10  8.0  3.13374e-08
10  8.5  1.57884e-08
10  9.5  4.34998e-09
12  0.2  1.69073
10  10.0  2.36309e-09
12  0.3  1.35011
12  0.4  1.03643
12  0.5  0.771146
12  0.6  0.560476
12  0.7  0.401677
12  0.8  0.28499
10  10.5  1.31307e-09
12  0.9  0.201643
12  1.0  0.142527
12  1.1  0.100817
12  1.2  0.0715068
12  1.3  0.0510278
12  1.4  0.0364777
10  11.0  7.44661e-10
12  1.5  0.0260187
12  1.6  0.0188525
10  12.0  2.53253e-10
12  1.7  0.0135385
12  1.8  0.0101513
12  1.9  0.00730129
12  2.5  0.00127837
12  2.0  0.00538032
12  3.0  0.000323297
12  3.5  9.10625e-05
10  11.5  4.29613e-10
12  4.0  3.13432e-05
12  4.5  1.08304e-05
12  5.5  1.58471e-06
12  5.0  4.01525e-06
12  6.0  6.57356e-07
12  6.5  2.86709e-07
12  7.0  1.30275e-07
12  7.5  6.14388e-08
12  9.0  7.91867e-09
12  8.0  3.00087e-08
12  8.5  1.51126e-08
12  9.5  4.1569e-09
12  10.0  2.26002e-09
14  0.2  1.64297
14  0.3  1.31212
14  0.4  1.00614
14  0.5  0.74782
12  11.0  7.14499e-10
14  0.6  0.543257
14  0.7  0.38872
14  0.9  0.19512
14  0.8  0.275789
14  1.0  0.137477
14  1.1  0.0972038
14  1.2  0.0689829
12  10.5  1.25767e-09
14  1.3  0.0488802
14  1.4  0.0349531
14  1.5  0.0251208
14  1.6  0.018403
14  1.7  0.0130115
14  1.8  0.00972623
14  1.9  0.0069587
14  2.5  0.00124319
14  2.0  0.0051708
14  3.0  0.000318291
14  3.5  8.61169e-05
12  12.0  2.421e-10
12  11.5  4.10731e-10
14  4.0  2.98077e-05
14  6.0  6.28444e-07
14  4.5  1.02951e-05
14  5.5  1.5044e-06
14  5.0  3.81328e-06
14  8.0  2.85637e-08
14  6.5  2.71941e-07
14  7.0  1.23477e-07
14  7.5  5.8234e-08
14  9.0  7.49566e-09
14  8.5  1.43028e-08
14  9.5  3.93621e-09
14  10.0  2.13937e-09
16  0.2  1.5883
16  0.3  1.26687
16  0.4  0.970459
14  10.5  1.18902e-09
16  0.5  0.719586
16  0.6  0.521855
16  0.7  0.373059
16  0.8  0.264516
16  0.9  0.186425
16  1.0  0.131347
14  11.0  6.72912e-10
16  1.1  0.0928586
16  1.2  0.0656339
16  1.3  0.0466734
16  1.4  0.0336316
16  1.6  0.0175166
16  1.5  0.0238201
16  1.7  0.012334
16  1.8  0.00898179
16  2.5  0.00109388
16  1.9  0.0066236
16  2.0  0.00490447
16  3.0  0.000319565
16  3.5  9.97004e-05
14  11.5  3.88353e-10
14  12.0  2.27878e-10
16  5.0  3.5849e-06
16  6.0  5.88541e-07
16  4.0  2.80335e-05
16  4.5  9.66699e-06
16  5.5  1.40739e-06
16  6.5  2.54519e-07
16  7.0  1.15512e-07
16  7.5  5.44989e-08
16  8.0  2.65677e-08
16  8.5  1.33609e-08
16  9.5  3.69297e-09
16  9.0  6.91994e-09
16  10.0  1.99663e-09
18  0.2  1.52179
18  0.3  1.21194
18  0.4  0.926678
18  0.5  0.68638
16  10.5  1.10907e-09
18  0.6  0.496715
18  0.7  0.354504
18  0.8  0.250961
18  0.9  0.176506
16  11.0  6.27714e-10
18  1.1  0.0877148
18  1.0  0.124409
18  1.2  0.0618775
18  1.3  0.043851
18  1.4  0.0312071
18  1.5  0.0223293
18  1.6  0.0160035
18  1.7  0.0119272
18  1.8  0.00843042
18  1.9  0.00634833
18  2.5  0.00101729
18  2.0  0.00454879
16  11.5  3.62083e-10
18  3.5  6.68651e-05
18  3.0  0.000270034
16  12.0  2.12593e-10
18  4.0  2.59745e-05
18  6.0  5.41785e-07
18  4.5  8.94629e-06
18  5.0  3.3055e-06
18  5.5  1.29965e-06
18  7.0  1.0759e-07
18  6.5  2.34811e-07
18  7.5  5.01535e-08
18  8.0  2.44215e-08
18  9.5  3.3808e-09
18  8.5  1.22888e-08
18  9.0  6.35755e-09
18  10.0  1.83267e-09
2  0.2  1.80604
18  10.5  1.01719e-09
2  0.3  1.44447
2  0.4  1.11205
2  0.5  0.829117
2  0.6  0.60457
2  0.7  0.434701
2  0.8  0.309597
2  0.9  0.21943
2  1.0  0.155268
2  1.1  0.110184
18  11.0  5.75552e-10
2  1.2  0.0782003
2  1.3  0.0558575
2  1.4  0.039967
2  1.5  0.0289977
2  1.6  0.0206891
18  11.5  3.31986e-10
2  1.7  0.0152642
2  1.8  0.0109555
2  1.9  0.00804963
2  2.0  0.00597351
2  3.0  0.000387814
2  3.5  0.000133525
2  2.5  0.00144622
18  12.0  1.94861e-10
2  4.0  3.53267e-05
2  4.5  1.22356e-05
2  5.5  1.79648e-06
2  5.0  4.53682e-06
2  6.0  7.50629e-07
2  6.5  3.25743e-07
2  7.0  1.48737e-07
2  7.5  7.00374e-08
2  8.0  3.42094e-08
2  8.5  1.72458e-08
2  9.0  8.94201e-09
2  9.5  4.75395e-09
2  10.0  2.58538e-09
20  0.2  1.44092
20  0.3  1.14576
20  0.4  0.874266
20  0.5  0.646688
20  0.6  0.466671
20  0.7  0.332264
2  10.5  1.43821e-09
20  0.8  0.234709
20  0.9  0.164939
20  1.0  0.115731
20  1.1  0.0813252
2  12.0  2.7496e-10
20  1.2  0.057502
20  1.3  0.0406791
20  1.5  0.0206722
20  1.4  0.028909
20  1.6  0.0149834
20  1.7  0.0106984
20  1.8  0.0080025
20  2.0  0.00424162
20  1.9  0.00580164
20  2.5  0.000930211
20  3.0  0.000270018
20  3.5  6.80978e-05
2  11.0  8.15709e-10
2  11.5  4.70457e-10
20  4.0  2.35994e-05
20  4.5  8.11347e-06
20  5.0  2.99345e-06
20  5.5  1.17417e-06
20  6.0  4.86458e-07
20  6.5  2.11519e-07
20  8.0  2.20622e-08
20  7.0  9.56616e-08
20  7.5  4.51531e-08
20  8.5  1.1054e-08
20  9.0  5.71803e-09
20  9.5  3.03404e-09
20  10.0  1.64562e-09
22  0.2  1.34409
22  0.3  1.06579
22  0.4  0.8117
22  0.5  0.59824
20  10.5  9.13323e-10
22  0.6  0.430876
22  0.7  0.305806
22  0.8  0.215255
22  0.9  0.150937
22  1.0  0.105464
22  1.1  0.0743265
22  1.3  0.0373521
22  1.2  0.0520997
22  1.4  0.026203
22  1.5  0.0187241
20  11.0  5.16636e-10
22  1.6  0.0135477
22  1.7  0.0096969
22  1.8  0.00715155
22  1.9  0.00511168
22  2.0  0.00380496
22  2.5  0.000875815
22  3.0  0.000234552
22  3.5  6.21525e-05
20  11.5  2.98058e-10
20  12.0  1.74649e-10
22  5.0  2.64463e-06
22  4.0  2.08625e-05
22  4.5  7.1675e-06
22  6.0  4.2851e-07
22  5.5  1.03359e-06
22  7.0  8.43627e-08
22  8.0  1.93169e-08
22  6.5  1.85578e-07
22  7.5  3.95482e-08
22  8.5  9.6698e-09
22  10.0  1.44281e-09
22  9.0  4.99739e-09
22  9.5  2.64738e-09
24  0.2  1.22547
24  0.3  0.969261
24  0.4  0.73593
24  0.5  0.540502
24  0.6  0.387839
24  0.7  0.274273
22  10.5  7.96348e-10
24  0.8  0.192538
24  1.0  0.0936243
24  0.9  0.134545
24  1.1  0.0656894
22  11.0  4.50598e-10
24  1.2  0.0461042
24  1.3  0.0324917
24  1.4  0.0230208
24  1.5  0.0163664
24  1.6  0.0117097
24  1.7  0.00870012
22  11.5  2.59441e-10
24  1.8  0.00626914
24  2.0  0.0033364
24  1.9  0.00447844
24  2.5  0.000764319
24  3.0  0.000194021
24  3.5  5.47636e-05
22  12.0  1.51975e-10
24  4.0  1.78025e-05
24  4.5  6.09681e-06
24  5.0  2.2395e-06
24  5.5  8.75517e-07
24  6.0  3.61414e-07
24  6.5  1.56693e-07
24  8.0  1.62295e-08
24  7.0  7.0855e-08
24  7.5  3.33105e-08
24  8.5  8.12341e-09
24  10.0  1.19686e-09
24  9.0  4.195e-09
24  9.5  2.21923e-09
26  0.2  1.08085
26  0.3  0.852021
26  0.4  0.643961
26  0.5  0.470516
26  0.6  0.336113
26  0.7  0.236725
26  0.8  0.165606
26  0.9  0.114857
26  1.0  0.0800917
24  10.5  6.66158e-10
26  1.1  0.0557753
26  1.2  0.0389764
26  1.3  0.0273902
26  1.4  0.0193775
26  1.5  0.0138276
26  1.6  0.0100366
26  1.7  0.00723599
24  11.0  3.76438e-10
26  1.8  0.0052417
26  1.9  0.00369887
26  2.0  0.00272021
26  3.0  0.000167567
26  2.5  0.000622066
26  3.5  4.29661e-05
24  11.5  2.16745e-10
24  12.0  1.26811e-10
26  4.0  1.44082e-05
26  4.5  4.89758e-06
26  5.0  1.79368e-06
26  6.0  2.89479e-07
26  5.5  7.01184e-07
26  6.5  1.25288e-07
26  8.0  1.28771e-08
26  7.0  5.63359e-08
26  7.5  2.64433e-08
26  8.5  6.42703e-09
26  10.0  9.46985e-10
26  9.0  3.31408e-09
26  9.5  1.75144e-09
28  0.2  0.905927
28  0.3  0.710861
28  0.4  0.534179
28  0.5  0.387658
26  10.5  5.24462e-10
28  0.6  0.27545
28  0.7  0.192591
28  0.8  0.13384
28  1.0  0.0640078
28  0.9  0.0926183
28  1.1  0.0444328
28  1.2  0.0310555
28  1.3  0.0216749
28  1.4  0.0152229
26  11.0  2.96255e-10
28  1.5  0.010977
28  1.6  0.00765799
28  1.7  0.00563486
28  1.8  0.00395791
26  11.5  1.70289e-10
28  1.9  0.00286544
28  2.0  0.0021348
28  3.0  0.000125308
28  2.5  0.000493734
28  3.5  3.38533e-05
26  12.0  9.95871e-11
28  4.0  1.07607e-05
28  5.0  1.33448e-06
28  6.0  2.13602e-07
28  4.5  3.64628e-06
28  5.5  5.16905e-07
28  6.5  9.15017e-08
28  7.0  4.12885e-08
28  8.5  4.69716e-09
28  7.5  1.93542e-08
28  9.0  2.40761e-09
28  8.0  9.32643e-09
28  10.0  6.85326e-10
28  9.5  1.26691e-09
30  0.2  0.704418
30  0.3  0.548962
30  0.4  0.409458
30  0.5  0.295142
30  0.6  0.207548
28  10.5  3.78032e-10
30  0.7  0.143763
30  0.8  0.0991673
30  0.9  0.0681017
30  1.0  0.046852
30  1.1  0.0323145
30  1.2  0.0224522
30  1.3  0.015525
30  1.4  0.0108789
30  1.5  0.00777064
28  11.0  2.13078e-10
30  1.6  0.00542697
30  1.8  0.00284839
30  1.7  0.00391665
30  2.0  0.00145065
30  1.9  0.00199724
30  2.5  0.000312276
30  3.0  8.44145e-05
30  3.5  2.25512e-05
28  11.5  1.22358e-10
28  12.0  7.14617e-11
30  5.0  8.77721e-07
30  4.0  7.15717e-06
30  4.5  2.41223e-06
30  5.5  3.38879e-07
30  6.0  1.38265e-07
30  6.5  5.94052e-08
30  8.5  3.00561e-09
30  7.0  2.65921e-08
30  7.5  1.24125e-08
30  8.0  5.99628e-09
30  9.0  1.53235e-09
30  9.5  8.06878e-10
30  10.0  4.3534e-10
32  0.2  0.494405
32  0.3  0.38203
30  10.5  2.39816e-10
32  0.4  0.281634
32  0.5  0.200681
32  0.6  0.139646
32  0.7  0.0958248
32  0.8  0.0654404
32  1.0  0.0302877
32  0.9  0.0444471
32  1.1  0.0207787
32  1.2  0.0142637
32  1.3  0.00988598
32  1.4  0.0068638
30  11.0  1.348e-10
32  1.5  0.00487714
32  1.6  0.00334406
32  1.7  0.00244887
32  1.8  0.00174755
32  2.5  0.000198866
32  1.9  0.00123253
32  2.0  0.000893643
32  3.0  5.28576e-05
32  3.5  1.46632e-05
30  11.5  7.73277e-11
30  12.0  4.50612e-11
32  5.0  4.95042e-07
32  4.0  4.11118e-06
32  4.5  1.37345e-06
32  5.5  1.89368e-07
32  6.0  7.69283e-08
32  6.5  3.28203e-08
32  7.0  1.46492e-08
32  8.5  1.63065e-09
32  7.5  6.79784e-09
32  8.0  3.26906e-09
32  9.5  4.37151e-10
32  9.0  8.29485e-10
32  10.0  2.3371e-10
4  0.2  1.79567
4  0.3  1.43646
4  0.4  1.1054
32  10.5  1.28446e-10
4  0.5  0.824205
4  0.6  0.601028
4  0.7  0.431842
4  0.8  0.307762
4  0.9  0.217792
4  1.0  0.15429
4  1.1  0.109416
4  1.2  0.0776747
32  11.0  7.19864e-11
4  1.3  0.0555035
4  1.4  0.0397806
4  1.5  0.0288025
4  1.6  0.0208392
4  1.8  0.0112152
4  1.7  0.0149273
4  1.9  0.00800452
4  2.0  0.00588766
4  3.0  0.000383477
4  2.5  0.00142329
4  3.5  0.000116534
32  11.5  4.1043e-11
32  12.0  2.39183e-11
4  5.0  4.50823e-06
4  6.0  7.42959e-07
4  4.0  3.49853e-05
4  4.5  1.21168e-05
4  5.5  1.77862e-06
4  6.5  3.22413e-07
4  7.0  1.46581e-07
4  7.5  6.96157e-08
4  8.0  3.38524e-08
4  9.0  8.93465e-09
4  8.5  1.70619e-08
4  9.5  4.70342e-09
4  10.0  2.55785e-09
6  0.2  1.7799
6  0.3  1.42353
6  0.4  1.09537
6  0.5  0.816574
4  10.5  1.4233e-09
6  0.7  0.426979
6  0.6  0.595122
6  0.8  0.304329
6  0.9  0.215495
6  1.0  0.152445
6  1.1  0.10806
6  1.2  0.0768428
6  1.3  0.0548508
4  11.5  4.67311e-10
6  1.4  0.0391505
6  1.5  0.0282396
6  1.6  0.0205126
6  1.8  0.0110251
6  1.7  0.0146627
4  11.0  8.06956e-10
6  1.9  0.00787447
6  2.5  0.00141159
6  2.0  0.00583862
6  3.5  0.000111654
6  3.0  0.000378645
4  12.0  2.74308e-10
6  5.0  4.43325e-06
6  4.0  3.44183e-05
6  4.5  1.1918e-05
6  5.5  1.74856e-06
6  6.0  7.26105e-07
6  6.5  3.16889e-07
6  7.0  1.44042e-07
6  7.5  6.81067e-08
6  8.0  3.32543e-08
6  8.5  1.67596e-08
6  9.0  8.68529e-09
6  9.5  4.62038e-09
6  10.0  2.51166e-09
8  0.2  1.75782
8  0.3  1.40513
8  0.4  1.08058
8  0.5  0.80522
8  0.6  0.58626
8  0.7  0.420813
8  0.8  0.299397
8  0.9  0.211817
8  1.0  0.149875
6  10.5  1.39778e-09
8  1.1  0.106164
8  1.2  0.0755147
8  1.3  0.0537544
8  1.4  0.0385093
8  1.5  0.0276855
8  1.6  0.02017
8  1.8  0.0107252
8  1.7  0.014428
6  12.0  2.69427e-10
8  2.0  0.00571434
6  11.0  7.92191e-10
8  1.9  0.00773209
8  2.5  0.00129617
8  3.0  0.000366796
8  3.5  0.00010602
6  11.5  4.56593e-10
8  5.0  4.28795e-06
8  6.0  7.12692e-07
8  4.0  3.36311e-05
8  4.5  1.16386e-05
8  5.5  1.70643e-06
8  6.5  3.09132e-07
8  7.0  1.4047e-07
8  8.0  3.27011e-08
8  7.5  6.6412e-08
8  9.0  8.55504e-09
8  8.5  1.63417e-08
8  9.5  4.49948e-09
8  10.0  2.4469e-09
8  10.5  1.36142e-09
8  12.0  2.62241e-10
8  11.0  7.71684e-10
8  11.5  4.48979e-10
