# diffractive D0 cross section, Pb target, HymnD fragmentation, An0n channel
# generated      : 2026-08-20 11:02:48 EEST
# calls          : 1e5 (VEGAS calls per point, see CALLS_EXCL/CALLS_EXCL_FACTORIZED/CALLS_DIFF)
# dipole samples : data/Pb/bk_posterior/member_0038/glauber_mve_<b>
# pD0 sweep      : 0.2 0.3 0.4 0.5 0.6 0.7 0.8 0.9 1.0 1.1 1.2 1.3 1.4 1.5 1.6 1.7 1.8 1.9 2.0 2.5 3.0 3.5 4.0 4.5 5.0 5.5 6.0 6.5 7.0 7.5 8.0 8.5 9.0 9.5 10.0 10.5 11.0 11.5 12.0
# fixed rapidity y : 0.0
# ============================================================
# b  pD0  dsigma_dyd2pD0
0  0.5  1.13773
0  0.3  0.798798
0  0.4  1.01276
0  0.2  0.558224
0  0.6  1.14693
0  0.7  1.08935
0  0.9  0.843092
0  0.8  0.974984
0  1.1  0.600659
0  1.0  0.715523
0  1.2  0.49338
0  1.4  0.329993
0  1.3  0.409985
0  1.6  0.224347
0  1.5  0.276484
0  1.7  0.184681
0  1.8  0.150719
0  2.0  0.104872
0  1.9  0.126342
0  2.5  0.0429411
0  3.5  0.00984331
0  3.0  0.0193943
0  5.0  0.00170029
0  5.5  0.00106035
0  4.5  0.002946
0  4.0  0.00517726
0  6.0  0.00065846
0  7.0  0.000288356
0  8.0  0.0001373
0  6.5  0.000426297
0  8.5  9.78068e-05
0  7.5  0.000197009
0  9.0  7.04793e-05
0  9.5  5.33278e-05
0  10.5  2.8748e-05
0  10.0  3.8505e-05
10  0.2  0.550281
10  0.3  0.797737
10  0.4  1.0099
10  0.5  1.11518
10  0.6  1.12683
10  0.7  1.05367
10  0.8  0.942303
10  0.9  0.813574
10  1.0  0.69008
10  1.2  0.474631
10  1.1  0.575115
0  11.0  2.17401e-05
10  1.3  0.392923
10  1.5  0.259116
10  1.4  0.319883
10  1.6  0.21653
10  1.7  0.178023
10  1.8  0.146039
10  1.9  0.120908
10  2.5  0.0416193
0  11.5  1.71358e-05
10  2.0  0.0998317
10  3.0  0.0189344
10  3.5  0.00931794
10  4.0  0.0049986
10  4.5  0.00275894
0  12.0  1.27706e-05
10  5.0  0.00161894
10  5.5  0.00100823
10  6.0  0.000639251
10  6.5  0.000406366
10  7.0  0.000280897
10  7.5  0.000186127
10  8.0  0.000132539
10  10.0  3.67204e-05
10  8.5  9.2764e-05
10  9.0  6.87471e-05
10  9.5  4.92655e-05
12  0.2  0.546665
12  0.3  0.791928
12  0.4  1.00178
12  0.5  1.09279
12  0.6  1.09296
12  0.7  1.02823
10  10.5  2.75353e-05
12  0.8  0.928631
12  0.9  0.804763
12  1.0  0.683911
12  1.1  0.57269
12  1.2  0.4669
10  11.0  2.13015e-05
12  1.3  0.387666
12  1.5  0.260002
12  1.4  0.31692
12  1.6  0.210846
12  1.7  0.170516
12  1.8  0.14225
10  12.0  1.25972e-05
12  1.9  0.117991
12  2.0  0.0985391
12  3.0  0.0184003
12  2.5  0.0403709
12  3.5  0.00900711
10  11.5  1.63406e-05
12  4.0  0.0049765
12  4.5  0.00267713
12  5.0  0.00156566
12  5.5  0.000987755
12  6.0  0.000607823
12  6.5  0.00039863
12  7.0  0.000275355
12  7.5  0.000183273
12  8.0  0.000126638
12  8.5  9.3547e-05
12  9.0  6.6239e-05
12  9.5  4.95157e-05
12  10.0  3.6431e-05
14  0.2  0.545062
12  10.5  2.6854e-05
14  0.3  0.78399
14  0.4  0.985459
14  0.5  1.08106
14  0.6  1.09501
14  0.7  1.02419
14  0.8  0.909132
14  0.9  0.784038
14  1.1  0.554819
14  1.0  0.664297
12  11.5  1.52429e-05
14  1.2  0.453284
12  11.0  2.00963e-05
14  1.3  0.373006
14  1.4  0.306238
14  1.5  0.251246
14  1.6  0.207095
14  1.8  0.139403
14  1.7  0.170775
14  1.9  0.115307
14  2.0  0.0953395
14  2.5  0.0394307
14  3.0  0.0178125
14  3.5  0.0087521
14  4.5  0.00259405
12  12.0  1.19061e-05
14  4.0  0.00473192
14  5.5  0.000940115
14  5.0  0.00150909
14  6.5  0.000386963
14  6.0  0.00059464
14  7.0  0.000261815
14  7.5  0.000177494
14  9.0  6.42125e-05
14  8.0  0.000123932
14  8.5  9.04104e-05
14  9.5  4.67599e-05
14  10.0  3.45428e-05
16  0.2  0.537526
16  0.3  0.777186
14  10.5  2.63033e-05
16  0.4  0.970549
16  0.5  1.06085
16  0.6  1.06277
16  0.7  0.997744
14  11.0  1.96343e-05
16  0.8  0.89023
16  0.9  0.769442
16  1.0  0.644811
16  1.1  0.538884
16  1.2  0.44041
16  1.3  0.362529
16  1.4  0.29612
16  1.5  0.242953
16  1.6  0.1983
16  1.7  0.163984
16  1.8  0.134992
16  1.9  0.112054
16  2.0  0.0922181
16  3.0  0.0172711
16  2.5  0.0377511
16  3.5  0.00844554
14  11.5  1.50061e-05
14  12.0  1.14827e-05
16  4.5  0.00250345
16  5.5  0.000922677
16  4.0  0.00446246
16  5.0  0.00147971
16  6.5  0.000371776
16  6.0  0.000572373
16  7.0  0.000257254
16  7.5  0.000170906
16  8.0  0.000122852
16  8.5  8.5779e-05
16  10.0  3.33035e-05
16  9.0  6.08221e-05
16  9.5  4.54939e-05
18  0.2  0.531857
18  0.3  0.768495
18  0.4  0.960499
18  0.5  1.044
18  0.6  1.04423
18  0.7  0.966952
16  10.5  2.51371e-05
18  0.8  0.869639
18  0.9  0.745311
18  1.0  0.626962
18  1.1  0.520191
18  1.2  0.426231
18  1.3  0.351778
18  1.4  0.285321
18  1.5  0.234241
18  1.6  0.190956
16  11.0  1.95012e-05
18  1.8  0.129753
18  1.7  0.158002
18  1.9  0.106694
18  2.0  0.0875759
18  2.5  0.0359282
18  3.0  0.016385
18  3.5  0.00808222
16  11.5  1.45618e-05
18  4.5  0.0024004
16  12.0  1.13251e-05
18  5.0  0.00140393
18  4.0  0.00433915
18  5.5  0.000866906
18  6.5  0.000364148
18  6.0  0.000556338
18  7.0  0.000238697
18  7.5  0.000165256
18  8.0  0.000116601
18  9.0  6.01044e-05
18  8.5  8.09357e-05
18  10.0  3.17418e-05
18  10.5  2.38469e-05
18  9.5  4.29163e-05
2  0.2  0.559152
2  0.3  0.805116
2  0.4  1.01376
2  0.5  1.13085
2  0.6  1.13265
2  0.7  1.07181
2  0.8  0.969964
2  0.9  0.83591
2  1.0  0.714509
2  1.1  0.596758
2  1.2  0.492025
2  1.3  0.406104
2  1.4  0.331734
18  11.0  1.82029e-05
2  1.6  0.223817
2  1.5  0.277599
2  1.7  0.183297
2  1.8  0.153283
2  1.9  0.126366
2  2.0  0.104034
2  3.0  0.019691
2  2.5  0.0432158
2  3.5  0.00967156
18  11.5  1.40605e-05
2  4.0  0.00507059
18  12.0  1.0618e-05
2  5.0  0.00170216
2  4.5  0.00285975
2  5.5  0.00104136
2  6.0  0.000672157
2  7.0  0.000284976
2  6.5  0.000428126
2  8.0  0.000140706
2  7.5  0.000195891
2  8.5  9.58907e-05
2  9.0  7.04556e-05
2  9.5  5.2194e-05
2  10.0  3.95034e-05
20  0.2  0.523057
20  0.3  0.756905
20  0.4  0.940494
2  10.5  2.95389e-05
20  0.5  1.01568
20  0.6  1.01221
20  0.7  0.939087
20  0.8  0.830644
20  0.9  0.719874
20  1.1  0.498931
20  1.0  0.599835
2  11.0  2.23452e-05
20  1.2  0.410926
20  1.3  0.338564
20  1.5  0.2236
20  1.4  0.270515
20  1.6  0.182555
20  1.7  0.148705
20  1.8  0.121931
20  1.9  0.1006
20  2.0  0.083034
2  11.5  1.65746e-05
20  2.5  0.0344807
20  3.0  0.0156189
20  3.5  0.00766212
2  12.0  1.3256e-05
20  5.0  0.00133947
20  4.0  0.0040329
20  4.5  0.00226091
20  6.5  0.000335353
20  5.5  0.000808971
20  6.0  0.000521436
20  7.0  0.000227511
20  7.5  0.000155366
20  9.0  5.53765e-05
20  8.0  0.000108063
20  8.5  7.80736e-05
20  11.0  1.69789e-05
20  9.5  4.14704e-05
20  10.0  3.09456e-05
22  0.2  0.512306
22  0.3  0.723304
20  10.5  2.23799e-05
22  0.4  0.926622
22  0.5  0.993669
22  0.6  0.986787
22  0.7  0.894509
22  0.8  0.798126
22  0.9  0.679626
22  1.0  0.571338
22  1.2  0.384628
22  1.1  0.469738
22  1.3  0.313577
22  1.4  0.254566
22  1.5  0.208387
22  1.7  0.13966
22  1.6  0.16885
22  1.8  0.113892
22  2.0  0.0775306
22  1.9  0.0943432
22  3.0  0.0143963
22  2.5  0.0317723
20  11.5  1.29571e-05
22  3.5  0.00713148
20  12.0  1.03846e-05
22  4.0  0.003756
22  4.5  0.0021308
22  5.0  0.00123203
22  5.5  0.000751242
22  6.5  0.000316702
22  7.5  0.000147515
22  6.0  0.000480048
22  7.0  0.000211588
22  8.0  0.000102735
22  8.5  7.33304e-05
22  9.0  5.13583e-05
22  9.5  3.76568e-05
22  10.0  2.76828e-05
24  0.2  0.500124
22  10.5  2.06163e-05
24  0.3  0.7203
24  0.4  0.884074
24  0.5  0.937605
24  0.6  0.923393
24  0.7  0.844353
24  0.8  0.743805
24  0.9  0.635173
24  1.0  0.523842
24  1.1  0.436178
24  1.2  0.353395
24  1.3  0.286933
24  1.4  0.236742
22  11.0  1.56671e-05
24  1.5  0.193396
24  1.6  0.154932
24  1.7  0.127353
24  1.8  0.104192
24  1.9  0.0867258
24  2.0  0.0711191
24  2.5  0.0287126
24  3.0  0.0128747
24  3.5  0.00653938
22  11.5  1.21002e-05
22  12.0  9.34621e-06
24  4.0  0.00340596
24  5.0  0.00111756
24  4.5  0.00193891
24  5.5  0.000683935
24  6.0  0.000435285
24  7.5  0.000133576
24  6.5  0.000284338
24  7.0  0.000191257
24  8.0  9.08081e-05
24  10.0  2.54355e-05
24  8.5  6.45811e-05
24  10.5  1.90151e-05
24  9.0  4.64926e-05
24  9.5  3.40753e-05
26  0.2  0.481598
26  0.3  0.692247
26  0.4  0.841504
26  0.5  0.891711
26  0.6  0.857899
26  0.7  0.775266
26  0.8  0.683691
26  0.9  0.572453
26  1.0  0.477147
26  1.1  0.389869
26  1.2  0.32146
26  1.3  0.261389
24  11.0  1.46665e-05
26  1.4  0.211711
26  1.5  0.172229
26  1.6  0.138431
26  1.7  0.113512
26  1.9  0.0765047
26  1.8  0.0934965
26  2.0  0.0629555
26  3.0  0.0116357
26  2.5  0.0255762
26  3.5  0.00583714
24  11.5  1.0932e-05
24  12.0  8.41711e-06
26  5.5  0.000620866
26  5.0  0.000993532
26  4.0  0.00302524
26  4.5  0.00170465
26  6.0  0.000393861
26  7.5  0.000114446
26  6.5  0.000251024
26  7.0  0.000166604
26  8.0  7.99992e-05
26  8.5  5.88913e-05
26  9.0  4.15619e-05
26  9.5  2.98866e-05
26  10.0  2.223e-05
28  0.2  0.456062
28  0.3  0.654954
28  0.4  0.77194
28  0.5  0.816926
28  0.6  0.773447
28  0.7  0.694652
28  0.8  0.59313
26  10.5  1.64493e-05
28  0.9  0.501135
28  1.0  0.409264
28  1.1  0.337185
28  1.3  0.222764
28  1.2  0.275008
28  1.4  0.179874
28  1.5  0.144241
28  1.6  0.117338
28  1.7  0.0961418
28  1.8  0.0800687
28  1.9  0.0640869
26  11.0  1.25576e-05
28  2.0  0.0530437
28  2.5  0.0216445
28  3.0  0.00976158
28  3.5  0.00479735
26  11.5  9.62872e-06
26  12.0  7.40178e-06
28  4.0  0.00253002
28  5.0  0.000830577
28  4.5  0.00140944
28  5.5  0.000510042
28  6.0  0.000318721
28  8.0  6.78472e-05
28  6.5  0.000217122
28  7.0  0.000142517
28  7.5  9.9276e-05
28  8.5  4.72207e-05
28  10.0  1.88415e-05
28  9.0  3.44587e-05
28  9.5  2.60332e-05
30  0.2  0.429658
30  0.3  0.597888
28  10.5  1.41255e-05
30  0.4  0.68479
30  0.5  0.701821
30  0.6  0.654393
30  0.7  0.584481
30  0.8  0.49156
30  0.9  0.408878
30  1.0  0.336498
28  11.0  1.05367e-05
30  1.1  0.273118
30  1.2  0.220927
30  1.3  0.176859
30  1.4  0.141389
30  1.5  0.114901
30  1.6  0.0929475
28  12.0  6.31092e-06
30  1.7  0.0770689
28  11.5  8.03223e-06
30  2.0  0.0416648
30  1.8  0.0625034
30  1.9  0.0510962
30  2.5  0.0172051
30  3.5  0.00380111
30  3.0  0.0077402
30  4.0  0.00201191
30  4.5  0.00110631
30  5.0  0.000669403
30  5.5  0.000396105
30  6.0  0.000250261
30  6.5  0.000169056
30  7.0  0.000110936
30  7.5  7.55198e-05
30  8.0  5.23126e-05
30  8.5  3.83518e-05
30  9.0  2.68172e-05
30  9.5  1.95516e-05
30  10.0  1.49966e-05
32  0.2  0.381815
32  0.3  0.51209
32  0.4  0.568624
32  0.5  0.557949
30  10.5  1.07998e-05
32  0.6  0.505111
32  0.7  0.43977
32  0.8  0.367665
32  0.9  0.304441
32  1.0  0.246785
32  1.1  0.200438
32  1.2  0.160589
32  1.3  0.130718
32  1.4  0.104246
32  1.5  0.0823841
32  1.6  0.0683809
32  1.7  0.0544067
30  12.0  4.92547e-06
30  11.0  8.24362e-06
32  1.8  0.0453189
32  2.5  0.0119467
32  2.0  0.0305576
32  1.9  0.0369093
32  3.5  0.00265219
32  3.0  0.00560361
30  11.5  6.29759e-06
32  4.0  0.00144944
32  4.5  0.000790355
32  5.0  0.000474702
32  5.5  0.0002877
32  6.0  0.000179675
32  7.5  5.29506e-05
32  6.5  0.000117454
32  7.0  7.91439e-05
32  9.5  1.41746e-05
32  8.0  3.8495e-05
32  8.5  2.66535e-05
32  9.0  1.90464e-05
32  11.0  6.04008e-06
32  10.0  1.05019e-05
34  0.2  0.314839
34  0.3  0.402509
34  0.4  0.425019
34  0.5  0.401951
34  0.6  0.361273
34  0.7  0.301442
32  10.5  7.68266e-06
34  0.8  0.251127
34  0.9  0.201401
34  1.0  0.162767
34  1.1  0.130799
34  1.2  0.107262
34  1.3  0.0848971
34  1.4  0.0679131
34  1.5  0.0546543
34  1.6  0.0443785
34  1.7  0.0355381
34  1.8  0.0291292
32  11.5  4.53104e-06
34  2.0  0.0195925
34  1.9  0.0239644
34  2.5  0.00807028
34  3.0  0.00354681
34  3.5  0.00174418
32  12.0  3.48832e-06
34  4.5  0.00051239
34  5.0  0.000292566
34  4.0  0.00091694
34  5.5  0.000182742
34  7.5  3.43775e-05
34  6.0  0.000117381
34  6.5  7.54282e-05
34  7.0  5.07075e-05
34  8.0  2.39544e-05
34  8.5  1.69511e-05
34  9.0  1.26324e-05
34  9.5  9.22279e-06
34  10.0  6.7079e-06
4  0.2  0.559724
4  0.3  0.808858
34  10.5  4.99732e-06
4  0.4  1.0126
4  0.5  1.13195
4  0.6  1.1529
4  0.7  1.07959
4  0.8  0.964129
4  0.9  0.838664
4  1.0  0.710323
4  1.1  0.59866
4  1.2  0.49541
4  1.3  0.405011
4  1.4  0.332032
4  1.5  0.274561
34  11.0  3.89496e-06
4  1.7  0.183639
4  1.6  0.226536
4  1.8  0.15282
4  1.9  0.12483
4  2.0  0.10392
4  2.5  0.042885
4  3.0  0.0196371
34  11.5  2.96237e-06
4  3.5  0.00962489
34  12.0  2.24789e-06
4  4.0  0.00502933
4  5.0  0.00168753
4  5.5  0.00103579
4  4.5  0.00285658
4  6.0  0.000646045
4  7.0  0.000286445
4  8.0  0.000137787
4  6.5  0.000427912
4  7.5  0.000194934
4  8.5  9.9984e-05
4  9.0  6.96811e-05
4  9.5  5.12499e-05
4  10.0  3.91402e-05
6  0.2  0.557051
6  0.3  0.805543
6  0.4  1.02192
6  0.5  1.11605
6  0.6  1.14263
6  0.7  1.07806
6  0.8  0.962374
6  0.9  0.839292
4  10.5  2.91732e-05
6  1.0  0.71306
6  1.1  0.591185
6  1.3  0.403274
6  1.2  0.491869
6  1.4  0.331823
6  1.5  0.268692
4  11.0  2.16275e-05
6  1.6  0.226244
6  1.7  0.183833
6  1.8  0.150488
6  1.9  0.125156
6  2.0  0.102464
6  3.0  0.0192478
6  2.5  0.0425475
4  11.5  1.64437e-05
6  3.5  0.00953399
4  12.0  1.27631e-05
6  4.5  0.00285564
6  4.0  0.0050567
6  5.0  0.00167012
6  5.5  0.00104589
6  6.0  0.000655829
6  6.5  0.00042028
6  7.0  0.000281641
6  7.5  0.000195614
6  8.0  0.000137045
6  8.5  9.7889e-05
6  9.0  7.17518e-05
6  9.5  5.21218e-05
6  10.0  3.76079e-05
8  0.2  0.551979
8  0.3  0.803601
8  0.4  1.01326
6  10.5  2.88638e-05
8  0.5  1.1101
8  0.6  1.12505
8  0.7  1.05213
8  0.8  0.969219
8  0.9  0.82212
8  1.0  0.705383
6  11.0  2.18812e-05
8  1.1  0.586763
8  1.2  0.479792
8  1.3  0.400122
8  1.4  0.325421
8  1.5  0.268374
8  1.6  0.218854
8  1.7  0.181123
8  1.8  0.149301
8  1.9  0.122555
8  2.0  0.101422
8  2.5  0.0417565
6  11.5  1.63352e-05
8  3.0  0.0189451
8  3.5  0.00953741
8  4.0  0.00496773
8  4.5  0.00280995
6  12.0  1.26313e-05
8  5.0  0.00163307
8  6.0  0.000643472
8  5.5  0.00100595
8  6.5  0.000421284
8  7.0  0.000280514
8  7.5  0.000190557
8  8.0  0.0001334
8  8.5  9.75069e-05
8  9.0  7.02234e-05
8  9.5  5.05912e-05
8  10.0  3.69624e-05
8  10.5  2.84673e-05
8  11.0  2.15442e-05
8  11.5  1.61992e-05
8  12.0  1.28202e-05
