# diffractive D0 cross section, Pb target, LHAPDF fragmentation, An0n channel
# generated      : 2026-08-19 15:24:07 EEST
# calls          : 1e5 (VEGAS calls per point, see CALLS_EXCL/CALLS_EXCL_FACTORIZED/CALLS_DIFF)
# dipole samples : data/Pb/bk_posterior/member_0038/glauber_mve_<b>
# pD0 sweep      : 0.2 0.3 0.4 0.5 0.6 0.7 0.8 0.9 1.0 1.1 1.2 1.3 1.4 1.5 1.6 1.7 1.8 1.9 2.0 2.5 3.0 3.5 4.0 4.5 5.0 5.5 6.0 6.5 7.0 7.5 8.0 8.5 9.0 9.5 10.0 10.5 11.0 11.5 12.0
# fixed rapidity y : 2.0
# ============================================================
# b  pD0  dsigma_dyd2pD0
0  0.2  0.215358
0  0.4  0.398213
0  0.5  0.424809
0  0.3  0.321374
0  0.8  0.338434
0  0.6  0.425466
0  0.7  0.391337
0  0.9  0.290948
0  1.1  0.193949
0  1.0  0.238194
0  1.3  0.124751
0  1.2  0.157346
0  1.4  0.102074
0  1.5  0.0808636
0  1.6  0.0653378
0  1.7  0.0525432
0  1.8  0.0423817
0  1.9  0.0351169
0  2.5  0.010343
0  2.0  0.0276791
0  3.5  0.00187934
0  3.0  0.00414102
0  4.5  0.000445396
0  5.5  0.000129244
0  4.0  0.000852388
0  5.0  0.000237449
0  6.0  7.49936e-05
0  6.5  4.38286e-05
0  7.0  2.63751e-05
0  7.5  1.65119e-05
0  8.5  6.82908e-06
0  8.0  1.05082e-05
0  9.0  4.49452e-06
0  9.5  3.03482e-06
0  10.0  2.02036e-06
10  0.2  0.217113
10  0.3  0.315221
10  0.4  0.38677
10  0.5  0.421394
10  0.6  0.413581
10  0.7  0.382802
10  0.9  0.278124
10  0.8  0.332066
10  1.0  0.232768
0  10.5  1.38454e-06
10  1.1  0.187292
0  11.5  6.70233e-07
10  1.2  0.151624
10  1.3  0.121881
10  1.4  0.0970175
10  1.5  0.0770102
10  1.6  0.0646058
10  1.8  0.039671
10  1.7  0.0502838
10  1.9  0.0317869
0  11.0  9.76952e-07
10  2.0  0.026281
10  2.5  0.00968951
0  12.0  4.73302e-07
10  3.0  0.00393918
10  3.5  0.00173165
10  4.5  0.000419153
10  4.0  0.000838791
10  5.5  0.000117379
10  5.0  0.00022642
10  6.0  7.18242e-05
10  7.0  2.55706e-05
10  6.5  4.14447e-05
10  7.5  1.56905e-05
10  8.0  1.00603e-05
10  8.5  6.4453e-06
10  9.0  4.28618e-06
10  10.5  1.33086e-06
10  9.5  2.86523e-06
10  10.0  1.95176e-06
12  0.2  0.213836
12  0.3  0.315479
12  0.5  0.417262
12  0.4  0.385715
12  0.6  0.409124
12  0.7  0.373577
12  0.8  0.325963
12  0.9  0.276903
12  1.0  0.228013
12  1.1  0.185398
12  1.2  0.148373
12  1.3  0.119552
12  1.4  0.0959206
12  1.5  0.0761341
12  1.6  0.0608215
12  1.7  0.0490702
12  1.8  0.0402921
12  1.9  0.0318412
12  2.0  0.0263495
10  11.0  9.26823e-07
12  2.5  0.00956726
12  3.0  0.00392632
10  12.0  4.4426e-07
12  3.5  0.0017083
10  11.5  6.47224e-07
12  4.0  0.000842547
12  4.5  0.000415397
12  5.5  0.000122178
12  5.0  0.000220453
12  6.0  6.63195e-05
12  7.0  2.45717e-05
12  6.5  4.11775e-05
12  7.5  1.51893e-05
12  8.0  9.82542e-06
12  8.5  6.23828e-06
12  9.0  4.19891e-06
12  10.5  1.28684e-06
12  9.5  2.8157e-06
14  0.2  0.217445
12  10.0  1.85226e-06
14  0.3  0.311038
14  0.4  0.382203
14  0.5  0.411886
14  0.6  0.403837
14  0.7  0.373342
14  0.8  0.320702
14  0.9  0.271898
14  1.1  0.180916
14  1.0  0.223288
14  1.2  0.144567
14  1.3  0.114822
14  1.4  0.0942949
14  1.5  0.0742823
12  11.5  6.26507e-07
14  1.6  0.0600692
14  1.8  0.0386264
14  1.7  0.0479756
12  11.0  8.98427e-07
14  2.0  0.0251902
14  1.9  0.0307426
14  3.0  0.00360821
14  2.5  0.00924058
12  12.0  4.37489e-07
14  3.5  0.001635
14  5.0  0.00021033
14  4.5  0.000403093
14  4.0  0.000782068
14  5.5  0.00011766
14  6.0  6.58251e-05
14  7.0  2.38211e-05
14  6.5  4.0049e-05
14  7.5  1.54765e-05
14  8.0  9.55204e-06
14  8.5  6.19826e-06
14  10.5  1.22973e-06
14  9.0  4.07305e-06
14  9.5  2.60607e-06
16  0.2  0.21033
14  10.0  1.84596e-06
16  0.3  0.308176
16  0.4  0.38341
16  0.5  0.403542
16  0.6  0.394025
16  0.7  0.361146
16  0.8  0.314838
16  0.9  0.264945
16  1.0  0.217719
16  1.1  0.175594
16  1.2  0.14306
16  1.3  0.113254
16  1.4  0.0903066
16  1.6  0.0567919
16  1.5  0.0716778
16  1.7  0.0478303
16  1.8  0.0374957
16  1.9  0.0293076
16  2.0  0.0240391
16  2.5  0.008937
16  3.0  0.00366278
14  11.0  8.64028e-07
16  3.5  0.00159428
14  11.5  6.03215e-07
14  12.0  4.31696e-07
16  4.0  0.000783159
16  4.5  0.000387473
16  5.0  0.000200891
16  5.5  0.000112949
16  6.0  6.45369e-05
16  7.0  2.28306e-05
16  6.5  3.84984e-05
16  8.0  9.02414e-06
16  7.5  1.44799e-05
16  8.5  5.77887e-06
16  9.5  2.48972e-06
16  9.0  3.80011e-06
18  0.2  0.20821
16  10.0  1.76482e-06
16  11.5  5.94203e-07
18  0.3  0.306658
18  0.4  0.371624
18  0.5  0.401076
18  0.6  0.381656
18  0.7  0.352366
18  0.8  0.305986
18  0.9  0.255997
18  1.0  0.210478
18  1.1  0.170667
16  10.5  1.20707e-06
18  1.2  0.137397
18  1.4  0.0868
18  1.3  0.109752
18  1.6  0.0547102
18  1.5  0.0689056
18  1.8  0.0359984
18  1.7  0.0445238
16  11.0  8.34436e-07
18  2.0  0.023564
18  1.9  0.0288359
18  2.5  0.00859944
18  3.5  0.00158912
18  3.0  0.00357709
16  12.0  4.13977e-07
18  4.0  0.000732095
18  4.5  0.00037202
18  5.0  0.00019195
18  5.5  0.000108203
18  6.0  6.16053e-05
18  7.0  2.20679e-05
18  6.5  3.66232e-05
18  7.5  1.38804e-05
18  9.5  2.4341e-06
18  8.0  8.81037e-06
18  8.5  5.71272e-06
18  9.0  3.72454e-06
18  11.0  7.99059e-07
18  10.0  1.64015e-06
2  0.2  0.216023
2  0.3  0.320695
2  0.4  0.39642
2  0.5  0.429284
2  0.6  0.425003
2  0.7  0.389409
2  0.8  0.343147
2  0.9  0.291244
2  1.0  0.237677
2  1.1  0.194471
2  1.2  0.158111
2  1.3  0.126269
18  10.5  1.17412e-06
2  1.4  0.101584
2  1.6  0.0656786
2  1.5  0.0818883
2  1.8  0.0420841
2  1.7  0.0518372
2  1.9  0.0339652
2  2.0  0.0279321
2  2.5  0.0104175
2  3.0  0.00430248
2  3.5  0.00183583
18  11.5  5.32861e-07
18  12.0  3.90257e-07
2  4.5  0.000440674
2  4.0  0.000861777
2  5.0  0.000234956
2  5.5  0.000131431
2  6.0  7.37471e-05
2  6.5  4.36234e-05
2  7.0  2.68634e-05
2  7.5  1.68147e-05
2  8.5  6.73917e-06
2  8.0  1.04704e-05
2  9.0  4.50064e-06
2  9.5  2.98938e-06
2  10.0  1.92813e-06
20  0.2  0.205584
20  0.3  0.300851
20  0.4  0.36464
20  0.5  0.390219
20  0.6  0.378967
20  0.7  0.342695
2  10.5  1.39958e-06
20  0.8  0.295223
20  0.9  0.246237
20  1.0  0.201054
20  1.1  0.161758
20  1.2  0.129511
2  11.5  6.74353e-07
20  1.4  0.0831432
20  1.3  0.104397
20  1.5  0.0670234
20  1.6  0.0525493
20  1.7  0.0433076
20  1.8  0.0337362
20  1.9  0.0271934
20  2.0  0.0222538
2  11.0  9.52413e-07
20  2.5  0.00846555
20  3.0  0.00333434
20  3.5  0.00144446
2  12.0  4.71123e-07
20  4.0  0.000695538
20  4.5  0.000354025
20  5.0  0.000185695
20  5.5  0.000100749
20  6.0  5.86368e-05
20  7.0  2.06687e-05
20  6.5  3.35735e-05
20  7.5  1.31677e-05
20  8.0  8.22742e-06
20  8.5  5.40972e-06
20  9.0  3.52332e-06
20  9.5  2.3435e-06
20  11.0  7.57042e-07
20  10.0  1.5898e-06
22  0.2  0.204957
22  0.3  0.295865
22  0.4  0.357873
22  0.5  0.380322
22  0.6  0.365864
22  0.7  0.328268
20  10.5  1.07677e-06
22  0.8  0.281505
22  0.9  0.233169
22  1.1  0.149839
22  1.0  0.190701
22  1.2  0.12333
22  1.3  0.0952445
22  1.4  0.0780774
22  1.5  0.062319
22  1.6  0.0491961
22  1.7  0.04028
22  1.8  0.0324821
22  1.9  0.0254597
22  2.0  0.0205238
22  2.5  0.00747732
22  3.0  0.00315027
22  3.5  0.00135839
20  11.5  5.16355e-07
20  12.0  3.63992e-07
22  4.0  0.000652399
22  4.5  0.000322174
22  5.0  0.00017007
22  6.0  5.51778e-05
22  5.5  9.39542e-05
22  7.0  1.94172e-05
22  6.5  3.19344e-05
22  7.5  1.2173e-05
22  8.0  7.60177e-06
22  10.0  1.47047e-06
22  8.5  4.99816e-06
22  9.0  3.29127e-06
22  9.5  2.20164e-06
24  0.2  0.200653
22  10.5  1.01281e-06
24  0.3  0.28652
24  0.4  0.344639
24  0.5  0.365069
24  0.6  0.346352
24  0.7  0.309737
24  0.8  0.264737
24  0.9  0.218966
24  1.0  0.180181
24  1.1  0.143631
24  1.2  0.112339
24  1.3  0.0899516
24  1.4  0.0704035
24  1.5  0.0571429
22  11.0  7.09695e-07
24  1.7  0.0352611
24  1.6  0.0454614
24  1.9  0.0233634
24  1.8  0.0290544
24  2.0  0.0192007
24  2.5  0.00689211
24  3.0  0.00279367
22  11.5  4.82762e-07
24  3.5  0.00121756
22  12.0  3.38081e-07
24  4.5  0.000292628
24  5.0  0.000153815
24  4.0  0.000593783
24  5.5  8.59433e-05
24  6.0  4.90371e-05
24  7.0  1.78043e-05
24  6.5  2.90993e-05
24  7.5  1.08326e-05
24  8.0  7.01797e-06
24  8.5  4.52226e-06
24  9.0  2.82416e-06
24  10.0  1.33877e-06
24  10.5  9.21581e-07
24  9.5  1.9598e-06
26  0.2  0.192827
26  0.3  0.277478
26  0.4  0.328328
26  0.5  0.341982
26  0.6  0.319649
26  0.7  0.28357
26  0.8  0.238309
26  0.9  0.194158
26  1.0  0.160503
26  1.1  0.129057
26  1.2  0.102227
26  1.3  0.0806986
26  1.4  0.0636007
26  1.5  0.0515971
26  1.7  0.0320413
26  1.6  0.0405163
26  1.8  0.025609
26  2.0  0.0165795
26  1.9  0.0202271
24  11.0  6.28718e-07
26  3.0  0.0024324
26  2.5  0.00605689
26  3.5  0.00109751
24  11.5  4.40417e-07
24  12.0  3.11985e-07
26  4.0  0.000528956
26  4.5  0.000252527
26  5.0  0.000136267
26  6.5  2.53745e-05
26  6.0  4.3773e-05
26  5.5  7.37385e-05
26  7.0  1.55406e-05
26  8.0  6.16069e-06
26  7.5  9.65426e-06
26  8.5  3.94016e-06
26  9.0  2.52174e-06
26  10.0  1.18117e-06
26  9.5  1.74141e-06
28  0.2  0.184667
28  0.3  0.26122
28  0.4  0.306611
28  0.5  0.310418
28  0.6  0.289473
28  0.7  0.249087
28  0.8  0.209688
28  0.9  0.173381
28  1.0  0.139403
28  1.1  0.111016
26  10.5  7.82553e-07
28  1.2  0.088005
28  1.3  0.069197
28  1.4  0.0546381
28  1.5  0.0431372
26  11.0  5.51382e-07
28  1.6  0.0349457
28  1.7  0.0276442
28  1.8  0.0217063
28  2.0  0.0144771
28  1.9  0.0172625
28  2.5  0.00516702
26  11.5  3.89735e-07
28  3.0  0.00211816
28  3.5  0.000906999
26  12.0  2.74558e-07
28  5.5  6.52619e-05
28  4.0  0.00042438
28  4.5  0.000215443
28  6.0  3.60809e-05
28  5.0  0.000111704
28  7.0  1.33002e-05
28  6.5  2.15086e-05
28  7.5  8.13495e-06
28  8.0  5.13857e-06
28  9.5  1.41329e-06
28  8.5  3.33073e-06
28  9.0  2.19919e-06
28  10.0  9.60436e-07
30  0.2  0.169186
30  0.3  0.239203
28  10.5  6.54801e-07
30  0.4  0.272374
30  0.5  0.270492
30  0.6  0.245783
30  0.8  0.1722
30  0.7  0.211003
30  0.9  0.13874
30  1.1  0.0899641
30  1.0  0.112459
30  1.2  0.070479
28  11.0  4.65707e-07
30  1.4  0.044161
30  1.3  0.0563247
30  1.5  0.0343723
30  1.6  0.0276583
30  1.7  0.0215574
30  1.8  0.017182
30  1.9  0.0137491
30  2.0  0.0111032
30  2.5  0.00410521
30  3.0  0.00163877
30  3.5  0.000698277
28  11.5  3.15771e-07
28  12.0  2.30633e-07
30  4.5  0.000175488
30  5.0  9.06963e-05
30  4.0  0.000338723
30  5.5  4.99767e-05
30  6.0  2.77776e-05
30  7.0  1.02558e-05
30  6.5  1.70017e-05
30  7.5  6.29898e-06
30  8.0  3.99917e-06
30  8.5  2.65166e-06
30  9.0  1.73247e-06
30  10.0  7.77062e-07
30  9.5  1.1512e-06
32  0.2  0.15563
32  0.3  0.205827
32  0.4  0.227666
32  0.5  0.217698
30  10.5  5.28573e-07
32  0.6  0.190023
32  0.7  0.160335
32  0.8  0.131585
32  0.9  0.10549
32  1.0  0.0831635
32  1.1  0.0654699
32  1.2  0.0521138
32  1.3  0.0409064
32  1.4  0.0323063
32  1.5  0.0248623
30  11.0  3.69057e-07
32  1.6  0.0197604
32  1.7  0.0157425
32  1.8  0.0125996
32  1.9  0.0099811
32  2.0  0.00806214
32  2.5  0.0029765
32  3.0  0.00118078
32  3.5  0.00052675
30  11.5  2.57862e-07
30  12.0  1.79972e-07
32  4.0  0.000246267
32  4.5  0.00012369
32  5.0  6.36659e-05
32  5.5  3.58719e-05
32  6.5  1.18055e-05
32  6.0  1.99628e-05
32  7.0  7.46453e-06
32  7.5  4.64584e-06
32  8.0  2.86803e-06
32  9.0  1.24826e-06
32  8.5  1.90051e-06
32  9.5  8.35927e-07
34  0.2  0.13298
32  10.0  5.62184e-07
34  0.3  0.165145
32  10.5  3.83353e-07
34  0.4  0.172839
34  0.5  0.154444
34  0.6  0.134104
34  0.7  0.112551
34  0.8  0.0899898
34  0.9  0.0709212
34  1.0  0.054386
34  1.1  0.042752
34  1.3  0.0261738
34  1.2  0.0341786
32  11.0  2.62483e-07
34  1.4  0.0211458
34  1.5  0.0167698
34  1.6  0.0129462
34  1.7  0.0102203
34  1.9  0.00651829
34  1.8  0.00817222
34  2.5  0.00179747
34  2.0  0.00520422
34  3.0  0.000741981
34  3.5  0.000337754
32  11.5  1.81586e-07
32  12.0  1.28157e-07
34  4.0  0.000151594
34  4.5  7.67131e-05
34  5.0  4.19931e-05
34  5.5  2.36569e-05
34  6.0  1.33362e-05
34  6.5  7.99639e-06
34  7.0  4.84029e-06
34  7.5  2.98445e-06
34  8.0  1.87711e-06
34  9.0  7.90213e-07
34  8.5  1.20979e-06
34  9.5  5.29187e-07
34  10.0  3.59744e-07
4  0.2  0.215737
4  0.3  0.318752
4  0.4  0.391827
4  0.5  0.424327
4  0.6  0.421821
34  10.5  2.45336e-07
4  0.7  0.391191
4  0.8  0.341094
4  0.9  0.289308
4  1.0  0.240804
4  1.1  0.192957
4  1.3  0.125203
4  1.2  0.156031
4  1.4  0.0994413
4  1.5  0.0814081
4  1.6  0.0641288
4  1.8  0.0417778
34  11.0  1.59454e-07
4  1.7  0.0522071
4  1.9  0.0336829
4  2.0  0.0275437
4  2.5  0.0101903
4  3.5  0.00187286
4  3.0  0.00414114
34  11.5  1.18535e-07
34  12.0  8.32811e-08
4  4.5  0.000437194
4  4.0  0.00087034
4  5.5  0.000130271
4  5.0  0.000236214
4  6.0  7.4521e-05
4  6.5  4.33441e-05
4  7.0  2.66138e-05
4  7.5  1.65215e-05
4  8.5  6.80966e-06
4  8.0  1.05942e-05
4  9.0  4.2364e-06
4  9.5  2.99045e-06
4  10.0  2.00234e-06
6  0.2  0.215801
6  0.3  0.319847
6  0.4  0.393823
6  0.5  0.42498
6  0.6  0.420708
6  0.7  0.387347
6  0.8  0.333991
6  0.9  0.287507
4  10.5  1.39554e-06
6  1.0  0.236256
6  1.2  0.155363
6  1.1  0.192826
6  1.3  0.125976
4  11.5  6.67636e-07
6  1.4  0.100225
6  1.5  0.0808125
6  1.6  0.0643758
6  1.7  0.0531318
6  1.8  0.0430471
6  1.9  0.0332237
6  2.0  0.0270042
6  2.5  0.00997506
6  3.5  0.00186578
4  11.0  9.50235e-07
6  3.0  0.00408101
4  12.0  4.59905e-07
6  4.5  0.000440371
6  5.5  0.00012804
6  4.0  0.000855107
6  5.0  0.000233361
6  6.0  7.21912e-05
6  6.5  4.33651e-05
6  7.0  2.68417e-05
6  7.5  1.62384e-05
6  8.0  1.05135e-05
6  8.5  6.74434e-06
6  9.0  4.45723e-06
6  9.5  2.9736e-06
6  10.0  1.99885e-06
8  0.2  0.216009
8  0.3  0.318005
6  11.5  6.6019e-07
8  0.4  0.39445
8  0.5  0.423606
8  0.6  0.413698
8  0.8  0.334012
8  0.7  0.382398
6  10.5  1.34823e-06
8  0.9  0.284968
8  1.0  0.234644
8  1.1  0.189621
8  1.2  0.154041
8  1.3  0.125289
8  1.4  0.0989347
8  1.6  0.0631031
8  1.5  0.0793728
8  1.7  0.0502242
8  1.8  0.0411319
8  1.9  0.033247
8  2.0  0.026045
8  2.5  0.00990276
8  3.5  0.00183624
8  3.0  0.00398322
6  11.0  9.5562e-07
6  12.0  4.75686e-07
8  4.5  0.000431385
8  4.0  0.000869399
8  5.0  0.000225337
8  5.5  0.000124145
8  6.0  7.17068e-05
8  6.5  4.31601e-05
8  7.0  2.55698e-05
8  7.5  1.60349e-05
8  8.5  6.64059e-06
8  8.0  9.89231e-06
8  9.0  4.1603e-06
8  9.5  2.94518e-06
8  10.0  1.89314e-06
8  11.5  6.52741e-07
8  10.5  1.33278e-06
8  11.0  8.93251e-07
8  12.0  4.62645e-07
