# exclusive D0 cross section, Pb target, LHAPDF fragmentation, An0n channel
# generated      : 2026-08-19 15:30:19 EEST
# calls          : 1e5 below 4.0 GeV, 2e3 above (see EXCL_PT_THRESHOLD) (VEGAS calls per point, see CALLS_EXCL/CALLS_EXCL_FACTORIZED/CALLS_DIFF)
# dipole samples : data/Pb/bk_posterior/member_0093/glauber_mve_<b>
# pD0 sweep      : 0.2 0.3 0.4 0.5 0.6 0.7 0.8 0.9 1.0 1.1 1.2 1.3 1.4 1.5 1.6 1.7 1.8 1.9 2.0 2.5 3.0 3.5 4.0 4.5 5.0 5.5 6.0 6.5 7.0 7.5 8.0 8.5 9.0 9.5 10.0 10.5 11.0 11.5 12.0
# fixed rapidity y : 0.0
# ============================================================
# b  pD0  dsigma_dyd2pD0
0  0.3  2.70571
0  0.5  1.62918
0  0.2  3.33684
0  0.6  1.22304
0  0.4  2.1285
0  0.7  0.905798
0  0.8  0.666103
0  0.9  0.489017
0  1.0  0.358478
0  1.1  0.263144
0  1.4  0.1072
0  1.2  0.194158
0  1.3  0.143554
0  1.5  0.079657
0  1.7  0.0458614
0  1.6  0.059761
0  1.8  0.0342324
0  2.0  0.0205668
0  1.9  0.0260011
0  2.5  0.00568319
0  3.5  0.000931011
0  3.0  0.00173043
0  5.5  1.71342e-05
0  4.0  0.000223574
0  4.5  8.9556e-05
0  6.0  8.14539e-06
0  5.0  3.80337e-05
0  7.5  1.11791e-06
0  7.0  2.06804e-06
0  8.0  6.07467e-07
0  6.5  4.00414e-06
0  8.5  3.48431e-07
0  9.0  2.03199e-07
0  9.5  1.21852e-07
0  10.0  7.44902e-08
10  0.2  3.16873
10  0.3  2.566
10  0.4  2.01304
0  12.0  1.27416e-08
0  10.5  4.66115e-08
10  0.5  1.53716
10  0.6  1.15113
10  0.7  0.851111
10  0.8  0.624667
10  0.9  0.458134
10  1.0  0.334519
10  1.1  0.245408
0  11.0  2.98021e-08
10  1.2  0.180309
10  1.4  0.0997471
10  1.3  0.133274
10  1.5  0.0741492
10  1.6  0.055654
0  11.5  1.93649e-08
10  1.7  0.0422018
10  1.8  0.0315224
10  1.9  0.0245185
10  2.0  0.018541
10  2.5  0.00516545
10  3.0  0.00166119
10  3.5  0.000431476
10  4.5  8.17067e-05
10  5.0  3.42184e-05
10  5.5  1.55696e-05
10  4.0  0.000205232
10  6.0  7.40309e-06
10  7.0  1.89421e-06
10  6.5  3.65857e-06
10  7.5  1.01818e-06
10  8.0  5.53459e-07
10  8.5  3.16485e-07
10  9.0  1.83003e-07
10  9.5  1.10512e-07
10  10.0  6.75135e-08
12  0.2  3.09093
12  0.3  2.50098
12  0.4  1.9604
12  0.5  1.49459
12  0.6  1.11796
10  10.5  4.22111e-08
12  0.7  0.82624
12  0.8  0.606492
12  0.9  0.443495
10  11.0  2.6988e-08
12  1.0  0.32406
12  1.1  0.237586
12  1.2  0.174287
12  1.3  0.129682
12  1.4  0.0965207
12  1.5  0.0710189
12  1.6  0.0533464
12  1.7  0.0399689
12  1.8  0.0303676
12  1.9  0.0234785
12  2.0  0.0181051
12  2.5  0.00500505
12  3.5  0.000667708
10  11.5  1.75281e-08
12  3.0  0.0015275
10  12.0  1.1541e-08
12  4.0  0.000196489
12  4.5  7.78742e-05
12  6.0  7.07195e-06
12  5.0  3.30909e-05
12  5.5  1.496e-05
12  7.0  1.81227e-06
12  6.5  3.48055e-06
12  7.5  9.7096e-07
12  8.0  5.28329e-07
12  8.5  3.02195e-07
12  9.0  1.75394e-07
12  9.5  1.05514e-07
12  10.0  6.44439e-08
14  0.2  2.99448
14  0.3  2.42185
14  0.4  1.89498
14  0.5  1.44348
12  10.5  4.03922e-08
14  0.6  1.07967
14  0.7  0.795512
14  0.8  0.582646
14  0.9  0.425729
12  11.0  2.57666e-08
14  1.0  0.310847
14  1.1  0.227364
14  1.2  0.167259
14  1.4  0.0915073
14  1.3  0.123548
14  1.5  0.0679569
14  1.6  0.0509413
14  1.7  0.0394038
14  1.8  0.0295539
12  11.5  1.67138e-08
14  1.9  0.0219995
14  2.0  0.0169937
14  2.5  0.00475538
14  3.0  0.0014437
14  3.5  0.000582567
12  12.0  1.10134e-08
14  5.5  1.39943e-05
14  4.0  0.000185093
14  4.5  7.36217e-05
14  6.0  6.66913e-06
14  5.0  3.13374e-05
14  7.0  1.71265e-06
14  6.5  3.27969e-06
14  7.5  9.07973e-07
14  8.0  4.98331e-07
14  8.5  2.85146e-07
14  9.0  1.65479e-07
14  10.5  3.75534e-08
14  9.5  9.91877e-08
14  10.0  6.10307e-08
16  0.2  2.87886
16  0.3  2.32522
16  0.4  1.81721
16  0.5  1.38258
16  0.6  1.03125
16  0.7  0.759927
16  0.8  0.556166
16  0.9  0.40542
16  1.0  0.295584
16  1.1  0.215544
14  11.0  2.43428e-08
16  1.2  0.15799
16  1.3  0.116359
16  1.4  0.0864539
16  1.5  0.0640611
16  1.6  0.0487533
16  1.7  0.0372738
16  1.8  0.027215
16  1.9  0.0212584
16  2.0  0.0163943
16  2.5  0.0041444
14  11.5  1.57317e-08
16  3.5  0.000385886
16  3.0  0.00131751
14  12.0  1.04123e-08
16  4.0  0.000172729
16  4.5  6.8746e-05
16  5.0  2.92697e-05
16  6.0  6.21031e-06
16  5.5  1.31772e-05
16  6.5  3.06872e-06
16  7.0  1.59336e-06
16  7.5  8.45387e-07
16  8.0  4.64125e-07
16  8.5  2.65298e-07
16  9.0  1.54055e-07
16  10.0  5.59144e-08
16  9.5  9.22454e-08
18  0.2  2.73985
18  0.3  2.21088
18  0.4  1.7257
18  0.5  1.30922
18  0.6  0.974523
16  10.5  3.53313e-08
18  0.8  0.523218
18  0.7  0.71656
18  0.9  0.38199
16  12.0  9.72522e-09
18  1.0  0.27747
18  1.1  0.202051
18  1.2  0.148234
18  1.3  0.108801
18  1.4  0.080805
18  1.5  0.0606342
18  1.6  0.0446466
16  11.0  2.25973e-08
18  1.7  0.0335529
18  1.9  0.0200298
18  1.8  0.0259108
18  2.0  0.0147671
18  2.5  0.0041813
18  3.0  0.00115367
18  3.5  0.000281715
16  11.5  1.45859e-08
18  4.5  6.25378e-05
18  4.0  0.000159235
18  5.5  1.20334e-05
18  5.0  2.68477e-05
18  6.0  5.68879e-06
18  6.5  2.80132e-06
18  7.0  1.45394e-06
18  7.5  7.81196e-07
18  8.0  4.25054e-07
18  8.5  2.42118e-07
18  9.0  1.40772e-07
18  11.0  2.05192e-08
18  9.5  8.44175e-08
2  0.2  3.33022
18  10.0  5.16779e-08
2  0.3  2.70063
2  0.4  2.1236
2  0.5  1.62413
2  0.6  1.21993
2  0.8  0.664727
18  12.0  8.88802e-09
2  0.7  0.903552
18  10.5  3.22675e-08
2  0.9  0.487919
2  1.0  0.357693
2  1.1  0.262484
2  1.2  0.193683
2  1.4  0.106875
2  1.3  0.142721
2  1.5  0.0798179
2  1.6  0.0605573
2  1.7  0.0458342
2  1.8  0.0340709
2  1.9  0.0265146
2  2.0  0.0199669
2  3.0  0.00167169
2  2.5  0.00560332
2  3.5  0.000827053
18  11.5  1.34249e-08
2  4.0  0.000222834
2  4.5  8.92406e-05
2  5.0  3.78934e-05
2  6.0  8.11953e-06
2  5.5  1.71245e-05
2  7.5  1.11396e-06
2  8.0  6.05185e-07
2  6.5  3.99002e-06
2  7.0  2.06377e-06
2  8.5  3.47149e-07
2  9.0  2.02447e-07
2  9.5  1.21401e-07
2  10.0  7.43558e-08
20  0.2  2.57504
2  12.0  1.26926e-08
20  0.3  2.07188
20  0.4  1.6146
2  10.5  4.65517e-08
20  0.5  1.22301
20  0.6  0.908134
20  0.7  0.665967
20  0.8  0.485615
20  0.9  0.352352
20  1.0  0.255893
2  11.0  2.96532e-08
20  1.1  0.1865
20  1.2  0.136695
20  1.3  0.0997559
20  1.4  0.0739197
20  1.6  0.0417097
20  1.5  0.0548218
20  1.7  0.0312855
20  1.9  0.0179724
20  1.8  0.0229179
2  11.5  1.91255e-08
20  3.0  0.00119502
20  2.0  0.0133729
20  2.5  0.00379723
20  3.5  0.000274386
20  4.0  0.000142793
20  4.5  5.67887e-05
20  5.0  2.415e-05
20  5.5  1.07958e-05
20  6.0  5.10099e-06
20  7.5  6.98085e-07
20  6.5  2.52412e-06
20  7.0  1.29976e-06
20  8.0  3.80993e-07
20  8.5  2.16972e-07
20  9.0  1.26141e-07
20  9.5  7.52001e-08
20  11.0  1.8328e-08
22  0.2  2.3779
20  10.0  4.61844e-08
20  11.5  1.18411e-08
22  0.3  1.90994
22  0.4  1.48285
22  0.5  1.11977
22  0.6  0.829507
22  0.7  0.605775
22  0.8  0.439693
20  10.5  2.8749e-08
22  0.9  0.31891
22  1.0  0.230966
22  1.1  0.167398
22  1.3  0.0896637
22  1.2  0.122156
22  1.5  0.0493701
22  1.4  0.0661614
22  1.7  0.0277834
22  1.6  0.0374468
22  1.8  0.0203061
22  1.9  0.0160527
22  2.0  0.0119514
22  2.5  0.00339121
22  3.0  0.000883224
22  3.5  0.000359531
20  12.0  7.89317e-09
22  4.0  0.000124879
22  4.5  4.95496e-05
22  5.0  2.106e-05
22  6.0  4.43723e-06
22  6.5  2.1898e-06
22  5.5  9.38493e-06
22  7.5  6.06451e-07
22  8.0  3.29586e-07
22  7.0  1.12549e-06
22  8.5  1.87615e-07
22  9.0  1.09304e-07
22  11.0  1.58729e-08
22  9.5  6.54314e-08
24  0.2  2.13893
22  10.0  3.99932e-08
24  0.3  1.71456
22  10.5  2.50225e-08
24  0.4  1.32626
24  0.5  0.99738
24  0.6  0.735352
24  0.7  0.535705
24  0.8  0.38746
24  0.9  0.279394
24  1.0  0.201823
24  1.1  0.145977
24  1.2  0.106323
24  1.3  0.0779624
24  1.4  0.0570948
24  1.5  0.0421326
24  1.6  0.0314645
24  1.7  0.0238705
24  1.8  0.0181752
24  1.9  0.0133671
24  2.0  0.010164
24  2.5  0.0026962
24  3.0  0.000972796
24  3.5  0.000224982
22  11.5  1.03368e-08
22  12.0  6.79308e-09
24  4.0  0.000105196
24  4.5  4.15752e-05
24  5.0  1.75959e-05
24  5.5  7.88044e-06
24  6.0  3.7115e-06
24  7.0  9.39026e-07
24  6.5  1.83376e-06
24  7.5  5.01047e-07
24  8.5  1.5528e-07
24  8.0  2.74597e-07
24  10.5  2.05296e-08
24  9.0  9.0778e-08
24  11.0  1.31657e-08
24  9.5  5.41818e-08
24  10.0  3.3216e-08
26  0.2  1.85332
26  0.3  1.48026
26  0.4  1.13921
26  0.5  0.852202
26  0.6  0.625017
26  0.7  0.452883
26  0.8  0.326199
26  0.9  0.234125
26  1.0  0.168343
26  1.1  0.121279
26  1.2  0.0880591
26  1.3  0.0641967
26  1.4  0.046958
26  1.5  0.0349266
26  1.6  0.0256261
26  1.7  0.0195211
26  1.8  0.0147809
26  1.9  0.0109492
26  2.0  0.00819282
26  2.5  0.00226157
26  3.0  0.000683348
24  11.5  8.59986e-09
26  3.5  0.000147248
24  12.0  5.64124e-09
26  4.0  8.34879e-05
26  4.5  3.27948e-05
26  5.0  1.38626e-05
26  5.5  6.19011e-06
26  6.0  2.92636e-06
26  7.0  7.35817e-07
26  6.5  1.43687e-06
26  8.5  1.20896e-07
26  7.5  3.92398e-07
26  8.0  2.14257e-07
26  9.0  7.08753e-08
26  9.5  4.23747e-08
26  10.0  2.58753e-08
28  0.2  1.5165
28  0.3  1.20402
28  0.4  0.921794
28  0.5  0.684799
26  12.0  4.36321e-09
28  0.6  0.498321
26  10.5  1.61637e-08
28  0.7  0.358992
28  0.8  0.256732
28  0.9  0.18319
28  1.0  0.13122
28  1.1  0.0940617
28  1.2  0.0676846
28  1.3  0.0492839
28  1.4  0.0359326
28  1.5  0.0264899
28  1.6  0.0199299
26  11.0  1.02768e-08
28  1.7  0.0144365
28  1.8  0.0109657
28  1.9  0.00819605
28  2.0  0.00624517
28  2.5  0.00166104
28  3.0  0.000599456
28  3.5  0.000289077
26  11.5  6.64796e-09
28  4.0  6.06778e-05
28  6.0  2.08827e-06
28  4.5  2.37876e-05
28  5.0  1.00125e-05
28  5.5  4.46563e-06
28  6.5  1.03363e-06
28  7.5  2.80739e-07
28  7.0  5.23612e-07
28  8.5  8.61525e-08
28  8.0  1.53591e-07
28  10.0  1.81494e-08
28  9.0  5.03833e-08
28  9.5  3.01011e-08
30  0.2  1.13959
30  0.3  0.898677
30  0.4  0.680588
30  0.5  0.502672
30  0.6  0.36258
28  10.5  1.14803e-08
30  0.7  0.258422
30  0.8  0.183311
30  0.9  0.129936
30  1.0  0.0920001
30  1.1  0.0656889
30  1.2  0.0470082
30  1.3  0.0338544
30  1.4  0.0248459
28  11.0  7.26186e-09
30  1.5  0.0179783
30  1.6  0.0131827
30  1.7  0.0100196
30  1.8  0.00728017
30  1.9  0.00551709
30  2.0  0.00422525
30  2.5  0.0010963
30  3.0  0.000339983
30  3.5  7.77785e-05
28  11.5  4.70328e-09
28  12.0  3.11555e-09
30  4.0  3.87626e-05
30  6.0  1.3188e-06
30  4.5  1.52127e-05
30  5.0  6.37725e-06
30  5.5  2.83029e-06
30  7.0  3.31228e-07
30  6.5  6.50325e-07
30  7.5  1.74613e-07
30  8.0  9.5872e-08
30  8.5  5.4228e-08
30  9.0  3.14153e-08
30  9.5  1.87253e-08
30  11.0  4.48555e-09
30  10.0  1.14137e-08
32  0.2  0.763175
32  0.3  0.596664
32  0.4  0.447572
32  0.5  0.32559
32  0.6  0.232282
32  0.7  0.163995
32  0.8  0.114926
32  0.9  0.0805473
32  1.0  0.0566799
32  1.1  0.0400171
32  1.2  0.0286054
30  10.5  7.13632e-09
32  1.3  0.0203736
32  1.4  0.0146807
32  1.5  0.0108394
32  1.6  0.007781
32  1.7  0.00592908
32  1.8  0.00444367
32  1.9  0.00323701
32  2.0  0.00242776
32  3.0  0.000189719
32  2.5  0.000619266
32  3.5  0.000109453
30  11.5  2.91159e-09
30  12.0  1.91345e-09
32  4.0  2.11558e-05
32  5.0  3.40894e-06
32  4.5  8.2792e-06
32  5.5  1.51967e-06
32  7.0  1.7475e-07
32  6.0  7.08368e-07
32  7.5  9.21635e-08
32  6.5  3.45674e-07
32  8.5  2.82029e-08
32  9.0  1.64662e-08
32  8.0  5.0435e-08
32  9.5  9.7824e-09
32  10.0  5.94666e-09
34  0.2  0.448337
34  0.3  0.346493
34  0.4  0.256588
32  10.5  3.68433e-09
34  0.5  0.18391
34  0.6  0.129342
34  0.7  0.0900557
34  0.8  0.0622865
34  0.9  0.0431688
34  1.0  0.0299637
34  1.1  0.0209394
34  1.2  0.0147531
32  11.0  2.34286e-09
34  1.3  0.0105411
34  1.4  0.00753554
34  1.5  0.00545589
34  1.6  0.00395005
34  1.7  0.00291771
34  1.9  0.0015969
34  1.8  0.00211806
32  11.5  1.51727e-09
34  2.0  0.0012193
34  3.0  0.000100382
34  2.5  0.000277755
34  3.5  2.18613e-05
32  12.0  9.93537e-10
34  4.0  9.8093e-06
34  4.5  3.70982e-06
34  5.0  1.53329e-06
34  5.5  6.78916e-07
34  7.0  7.64147e-08
34  6.0  3.13742e-07
34  6.5  1.5175e-07
34  7.5  4.01523e-08
34  8.0  2.18378e-08
34  8.5  1.22299e-08
34  9.0  7.06909e-09
34  9.5  4.17608e-09
34  10.0  2.54348e-09
34  11.5  6.41498e-10
4  0.2  3.31059
4  0.3  2.68761
4  0.4  2.10917
4  0.5  1.61356
4  0.6  1.21124
34  10.5  1.57367e-09
4  0.7  0.896414
4  0.8  0.659466
4  0.9  0.483191
34  11.0  9.94649e-10
4  1.0  0.354792
4  1.1  0.26041
4  1.2  0.192176
4  1.3  0.141637
4  1.4  0.105741
4  1.5  0.0788415
4  1.6  0.0592925
4  1.7  0.0449977
4  1.8  0.0336918
4  1.9  0.0256658
4  2.0  0.0199045
4  2.5  0.00560175
4  3.0  0.00166131
4  3.5  0.000582524
34  12.0  4.18382e-10
4  4.0  0.000220539
4  6.0  8.0254e-06
4  5.5  1.68707e-05
4  4.5  8.83018e-05
4  5.0  3.7471e-05
4  7.5  1.10227e-06
4  8.0  5.98434e-07
4  6.5  3.91517e-06
4  7.0  2.04589e-06
4  8.5  3.43575e-07
4  9.0  2.00166e-07
4  9.5  1.20071e-07
4  10.0  7.33709e-08
6  0.2  3.278
4  12.0  1.25481e-08
4  10.5  4.60351e-08
6  0.3  2.65938
6  0.4  2.08779
6  0.5  1.59538
6  0.6  1.19712
6  0.7  0.886801
6  0.8  0.651369
6  0.9  0.478074
6  1.0  0.350073
6  1.2  0.189471
6  1.1  0.257076
4  11.0  2.93419e-08
6  1.3  0.139814
6  1.4  0.10423
6  1.5  0.0776648
6  1.6  0.0588266
6  1.7  0.0437178
6  1.8  0.033114
6  1.9  0.0261303
6  2.5  0.00511347
6  2.0  0.0196178
6  3.0  0.00165231
6  3.5  0.000721899
4  11.5  1.90399e-08
6  6.0  7.87007e-06
6  5.5  1.65741e-05
6  4.0  0.000216769
6  4.5  8.67191e-05
6  5.0  3.67733e-05
6  7.5  1.08103e-06
6  8.0  5.87356e-07
6  6.5  3.88743e-06
6  7.0  2.00199e-06
6  9.0  1.98089e-07
6  8.5  3.37118e-07
6  9.5  1.17813e-07
6  10.0  7.19656e-08
8  0.2  3.23005
6  10.5  4.51745e-08
6  12.0  1.23279e-08
8  0.3  2.61842
8  0.4  2.05489
8  0.5  1.57101
8  0.6  1.17684
6  11.0  2.88585e-08
8  0.7  0.871107
8  0.8  0.640333
8  0.9  0.468929
8  1.0  0.342935
8  1.1  0.251577
8  1.2  0.185068
8  1.3  0.137337
8  1.4  0.102324
8  1.5  0.0766144
8  1.7  0.0437212
8  1.6  0.0569323
8  1.8  0.0322918
8  1.9  0.0245648
8  2.5  0.00508152
8  2.0  0.0190082
8  3.0  0.00150756
6  11.5  1.8686e-08
8  3.5  0.000433128
8  4.0  0.000212353
8  4.5  8.41555e-05
8  6.0  7.66696e-06
8  5.5  1.6141e-05
8  5.0  3.5851e-05
8  7.5  1.05457e-06
8  8.0  5.71596e-07
8  6.5  3.77172e-06
8  7.0  1.95341e-06
8  8.5  3.28095e-07
8  9.0  1.91147e-07
8  9.5  1.14528e-07
8  10.0  7.00214e-08
8  10.5  4.38444e-08
8  11.0  2.80239e-08
8  11.5  1.81166e-08
8  12.0  1.20103e-08
