# exclusive D0 cross section, Pb target, BCFY fragmentation, Xn0n channel
# generated      : 2026-10-02 23:33:19 EEST
# flux_model     : EFF (TARGET=AA)
# calls         : 1e5 below 3.0 GeV, 2e3 above (see EXCL_PT_THRESHOLD) (VEGAS calls per point, see CALLS_EXCL/CALLS_EXCL_FACTORIZED/CALLS_DIFF)
# dipole samples : data/Pb/mve/glauber_mve_<b>
# pD0 sweep      : 0.2 0.3 0.4 0.5 0.6 0.7 0.8 0.9 1.0 1.1 1.2 1.3 1.4 1.5 1.6 1.7 1.8 1.9 2.0 2.5 3.0 3.5 4.0 4.5 5.0 5.5 6.0 6.5 7.0 7.5 8.0 8.5 9.0 9.5 10.0 10.5 11.0 11.5 12.0
# fixed rapidity y : -0.5
# ============================================================
# b  pD0  dsigma_dyd2pD0
0  0.4  0.670547
0  0.5  0.542907
0  0.3  0.815225
0  0.6  0.4327
0  0.7  0.340513
0  0.2  0.974914
0  0.8  0.264948
0  1.1  0.120767
0  0.9  0.204727
0  1.2  0.0924806
0  1.0  0.15729
0  1.5  0.0420313
0  1.3  0.0710947
0  1.4  0.0544727
0  1.7  0.0252308
0  1.6  0.0322456
0  1.9  0.0150536
0  2.5  0.00372319
0  1.8  0.0193862
0  2.0  0.0117266
0  3.0  0.0011485
0  3.5  0.000392951
0  4.0  0.000145269
0  4.5  5.77802e-05
0  5.5  1.11653e-05
0  5.0  2.46311e-05
0  6.0  5.32441e-06
0  6.5  2.67145e-06
0  9.5  9.1466e-08
0  10.0  5.8104e-08
0  7.0  1.39641e-06
0  7.5  7.60607e-07
0  8.0  4.29791e-07
0  8.5  2.50155e-07
10  0.2  0.921998
0  9.0  1.50035e-07
10  0.3  0.7702
10  0.4  0.633279
10  0.5  0.511355
10  0.6  0.406852
10  0.7  0.319297
0  12.0  1.14316e-08
10  0.8  0.247761
10  0.9  0.191261
10  1.0  0.146555
10  1.1  0.112349
10  1.2  0.0860182
10  1.3  0.0657938
10  1.4  0.0504605
10  1.5  0.0388062
0  10.5  3.75792e-08
10  1.7  0.0231331
10  1.6  0.0296791
10  1.8  0.0178547
0  11.0  2.48939e-08
10  2.0  0.0110888
10  1.9  0.0139184
10  2.5  0.00333475
0  11.5  1.67538e-08
10  3.5  0.000354681
10  3.0  0.00105292
10  4.0  0.000132168
10  6.5  2.40936e-06
10  4.5  5.24961e-05
10  5.0  2.23741e-05
10  5.5  1.01285e-05
10  6.0  4.82944e-06
10  9.5  8.29499e-08
10  7.0  1.26631e-06
10  10.0  5.25855e-08
10  7.5  6.89929e-07
10  8.0  3.88938e-07
12  0.2  0.89731
10  8.5  2.26399e-07
10  9.0  1.35931e-07
12  0.3  0.749464
12  0.4  0.615863
12  0.5  0.496613
12  0.6  0.394947
12  0.7  0.310023
12  0.8  0.24006
12  0.9  0.184897
12  1.0  0.141983
12  1.1  0.108607
12  1.2  0.0830082
10  10.5  3.403e-08
12  1.3  0.0634469
12  1.4  0.0487416
12  1.5  0.0375523
12  1.6  0.0287319
12  1.7  0.0220743
12  1.8  0.0171557
12  1.9  0.0133566
12  2.0  0.0105549
10  11.0  2.25133e-08
12  2.5  0.00316093
10  11.5  1.51321e-08
10  12.0  1.04052e-08
12  3.5  0.000339295
12  3.0  0.00100811
12  4.0  0.000126362
12  4.5  5.01564e-05
12  5.0  2.13786e-05
12  5.5  9.67543e-06
12  6.0  4.60912e-06
12  6.5  2.31123e-06
12  9.5  7.94001e-08
12  7.0  1.20937e-06
12  10.0  5.00696e-08
12  7.5  6.58092e-07
12  8.0  3.71117e-07
12  8.5  2.16049e-07
12  9.0  1.29617e-07
14  0.2  0.868628
14  0.3  0.724369
14  0.4  0.594491
14  0.5  0.479264
14  0.6  0.379667
14  0.7  0.297303
14  0.8  0.230915
14  0.9  0.17749
14  1.0  0.136094
14  1.1  0.103971
14  1.2  0.0796089
12  10.5  3.24599e-08
14  1.3  0.0605594
14  1.4  0.0463367
14  1.5  0.035884
14  1.6  0.0276118
14  1.8  0.0163022
14  1.7  0.0211621
14  1.9  0.0127103
12  11.0  2.14836e-08
14  2.0  0.00986424
14  2.5  0.0029628
12  11.5  1.44409e-08
14  3.5  0.000320941
12  12.0  9.91306e-09
14  4.0  0.000118989
14  3.0  0.000954794
14  4.5  4.73721e-05
14  5.0  2.0184e-05
14  5.5  9.13323e-06
14  6.0  4.34759e-06
14  6.5  2.18054e-06
14  7.0  1.14077e-06
14  10.0  4.71387e-08
14  7.5  6.20688e-07
14  8.0  3.4969e-07
16  0.2  0.832193
14  8.5  2.03786e-07
14  9.0  1.22248e-07
14  9.5  7.52278e-08
16  0.3  0.693901
16  0.4  0.56799
16  0.5  0.458097
16  0.6  0.362336
16  0.7  0.284239
16  0.8  0.220024
16  0.9  0.16891
16  1.0  0.129204
16  1.1  0.0986087
14  10.5  3.05978e-08
16  1.2  0.0751866
16  1.3  0.0573962
16  1.5  0.0338936
16  1.4  0.0439583
16  1.6  0.0259892
16  1.7  0.0198657
16  1.8  0.0153272
16  1.9  0.0118795
16  2.0  0.00926665
16  2.5  0.00284134
14  11.0  2.02358e-08
14  11.5  1.35933e-08
14  12.0  9.34574e-09
16  3.5  0.000299577
16  4.0  0.000111008
16  3.0  0.00088848
16  6.5  2.0191e-06
16  4.5  4.41446e-05
16  5.0  1.87909e-05
16  5.5  8.50171e-06
16  6.0  4.04977e-06
16  7.0  1.06077e-06
16  10.0  4.3767e-08
16  7.5  5.77066e-07
16  8.0  3.25311e-07
16  8.5  1.89404e-07
18  0.2  0.789911
16  9.0  1.13607e-07
18  0.3  0.657739
16  9.5  6.98694e-08
18  0.4  0.537875
18  0.5  0.433228
18  0.6  0.342937
18  0.7  0.266908
18  0.8  0.206913
18  0.9  0.158478
18  1.0  0.121112
16  10.5  2.83908e-08
18  1.2  0.0702802
18  1.1  0.0922498
18  1.3  0.0534615
18  1.5  0.0315011
18  1.4  0.0407356
18  1.7  0.0185051
18  1.6  0.0238286
18  1.8  0.0142001
18  1.9  0.0112097
18  2.0  0.00879269
18  2.5  0.00259576
16  11.0  1.87918e-08
16  11.5  1.26456e-08
16  12.0  8.68262e-09
18  3.5  0.000274995
18  3.0  0.000816735
18  4.0  0.00010212
18  4.5  4.04387e-05
18  5.0  1.72096e-05
18  5.5  7.77817e-06
18  6.0  3.70391e-06
18  6.5  1.85397e-06
18  7.0  9.68985e-07
18  10.0  3.99723e-08
18  7.5  5.26978e-07
18  8.0  2.97034e-07
18  8.5  1.72835e-07
2  0.2  0.972885
18  9.0  1.03564e-07
2  0.3  0.813167
18  9.5  6.36563e-08
2  0.4  0.669261
2  0.5  0.541184
2  0.6  0.431837
2  0.7  0.3389
2  0.8  0.264285
2  1.0  0.156874
2  0.9  0.204181
2  1.1  0.120435
2  1.2  0.0922091
2  1.3  0.0708159
2  1.4  0.0545473
2  1.5  0.0417203
2  1.6  0.032114
18  10.5  2.59358e-08
2  1.7  0.0247923
2  1.8  0.0192944
2  1.9  0.0150342
2  2.0  0.0116986
2  2.5  0.00360448
18  11.0  1.71462e-08
18  11.5  1.15402e-08
18  12.0  7.91769e-09
2  3.5  0.000388043
2  3.0  0.00114448
2  4.0  0.000144745
2  4.5  5.75701e-05
2  5.0  2.4541e-05
2  5.5  1.11238e-05
2  6.0  5.30465e-06
2  6.5  2.66152e-06
2  7.0  1.38844e-06
2  9.5  9.11143e-08
2  10.0  5.7882e-08
2  7.5  7.57786e-07
2  8.0  4.28162e-07
20  0.2  0.738834
2  8.5  2.48982e-07
2  9.0  1.49468e-07
20  0.3  0.614507
20  0.4  0.502376
20  0.5  0.402688
20  0.6  0.318635
20  0.7  0.247987
2  12.0  1.13883e-08
20  0.8  0.191269
20  0.9  0.146391
20  1.0  0.111457
20  1.1  0.0846437
20  1.2  0.0645982
2  10.5  3.74287e-08
20  1.3  0.0489542
20  1.4  0.0373532
20  1.6  0.0220279
20  1.5  0.0284719
20  1.7  0.017
2  11.0  2.48033e-08
20  1.8  0.0129742
20  2.0  0.00799382
20  1.9  0.00995945
20  2.5  0.00239974
2  11.5  1.66936e-08
20  3.0  0.000733418
20  3.5  0.000247085
20  6.5  1.64952e-06
20  4.0  9.16015e-05
20  4.5  3.62429e-05
20  5.0  1.54016e-05
20  5.5  6.95941e-06
20  6.0  3.31291e-06
20  9.0  9.21311e-08
20  7.0  8.65542e-07
20  10.0  3.56528e-08
20  7.5  4.70467e-07
20  8.0  2.65315e-07
20  8.5  1.53115e-07
22  0.2  0.678658
20  9.5  5.67681e-08
22  0.3  0.563585
22  0.4  0.459575
22  0.5  0.367124
22  0.6  0.289992
22  0.7  0.224886
20  12.0  6.99698e-09
22  0.8  0.172886
22  0.9  0.132214
22  1.0  0.100437
20  10.5  2.31594e-08
22  1.1  0.0763175
22  1.2  0.0576994
22  1.3  0.0437611
22  1.5  0.0255849
22  1.4  0.0332077
22  1.6  0.0193577
22  1.7  0.0150832
20  11.0  1.52935e-08
22  1.8  0.0118042
22  1.9  0.00887794
22  2.0  0.00686161
22  2.5  0.00211394
20  11.5  1.02826e-08
22  3.5  0.000215693
22  3.0  0.000646449
22  4.0  7.97866e-05
22  4.5  3.15434e-05
22  5.0  1.33966e-05
22  5.5  6.03645e-06
22  6.0  2.87314e-06
22  6.5  1.43588e-06
22  9.0  7.96113e-08
22  7.5  4.04432e-07
22  7.0  7.49712e-07
22  10.0  3.07726e-08
22  8.0  2.29533e-07
22  8.5  1.33453e-07
24  0.2  0.606202
22  9.5  4.91267e-08
24  0.3  0.501963
24  0.4  0.40853
24  0.5  0.325618
22  12.0  6.04314e-09
24  0.6  0.255972
24  0.7  0.198228
24  0.8  0.151438
24  0.9  0.115229
24  1.0  0.0874121
24  1.1  0.0661118
22  10.5  1.99877e-08
24  1.2  0.05007
24  1.3  0.0379883
24  1.4  0.0286223
24  1.5  0.0217509
24  1.6  0.0165203
24  1.8  0.0100153
24  1.7  0.0127185
22  11.0  1.32023e-08
24  1.9  0.00753561
24  2.0  0.00594033
24  2.5  0.00170101
22  11.5  8.88099e-09
24  3.5  0.000180863
24  3.0  0.000543338
24  4.0  6.66897e-05
24  4.5  2.63056e-05
24  5.0  1.11625e-05
24  5.5  5.02307e-06
24  6.0  2.3923e-06
24  6.5  1.19283e-06
24  9.0  6.53118e-08
24  7.0  6.22616e-07
24  7.5  3.37503e-07
24  8.0  1.89973e-07
24  8.5  1.10463e-07
26  0.2  0.51954
26  0.3  0.429279
24  9.5  4.0636e-08
26  0.4  0.34815
26  0.5  0.276754
26  0.6  0.216395
24  12.0  4.99208e-09
24  10.0  2.55525e-08
26  0.7  0.166635
26  0.8  0.127202
26  0.9  0.0962852
26  1.0  0.0725332
26  1.1  0.0547158
24  10.5  1.6534e-08
26  1.2  0.0411642
26  1.3  0.0312175
26  1.4  0.0234824
26  1.5  0.017731
26  1.6  0.0134027
26  1.7  0.010283
26  1.8  0.00806549
26  1.9  0.00612413
26  2.0  0.00489302
24  11.0  1.08999e-08
26  2.5  0.00139125
24  11.5  7.338e-09
26  3.5  0.000142788
26  5.0  8.69453e-06
26  3.0  0.00043059
26  4.0  5.2408e-05
26  4.5  2.06839e-05
26  5.5  3.92966e-06
26  6.0  1.86466e-06
26  6.5  9.30123e-07
26  9.0  5.11967e-08
26  9.5  3.13726e-08
26  7.0  4.84657e-07
26  7.5  2.62819e-07
26  8.0  1.47799e-07
26  8.5  8.58071e-08
28  0.2  0.418714
28  0.3  0.344528
28  0.4  0.27819
28  0.5  0.21965
28  0.6  0.170398
26  10.0  1.98394e-08
28  0.7  0.130988
28  0.8  0.0993056
28  0.9  0.0747412
28  1.0  0.056003
28  1.1  0.0419238
28  1.2  0.0313738
26  10.5  1.28099e-08
28  1.3  0.0235331
28  1.4  0.017788
28  1.5  0.0133438
28  1.6  0.0102508
28  1.7  0.00776733
28  1.8  0.00590819
26  11.0  8.45366e-09
28  1.9  0.00454976
28  2.0  0.00348854
28  2.5  0.0010371
26  11.5  5.68336e-09
26  12.0  3.89676e-09
28  3.0  0.000311329
28  3.5  0.000103803
28  4.5  1.47441e-05
28  5.0  6.21685e-06
28  4.0  3.77233e-05
28  5.5  2.80492e-06
28  6.0  1.32904e-06
28  6.5  6.61438e-07
28  9.0  3.61183e-08
28  7.0  3.43737e-07
28  7.5  1.8646e-07
28  8.0  1.04662e-07
28  8.5  6.07713e-08
30  0.2  0.307381
30  0.3  0.251552
28  9.5  2.22703e-08
30  0.4  0.201788
28  11.5  3.97295e-09
30  0.5  0.158462
30  0.6  0.12228
30  0.7  0.09288
28  10.0  1.39992e-08
30  0.8  0.0698885
30  0.9  0.0521786
30  1.0  0.0388621
30  1.1  0.0288847
30  1.2  0.0214784
28  10.5  9.04534e-09
30  1.3  0.0159666
30  1.4  0.0119692
30  1.5  0.00899384
30  1.6  0.00683614
30  1.7  0.00513081
30  1.8  0.00391538
30  1.9  0.00306129
28  11.0  5.92978e-09
30  2.5  0.00064871
30  2.0  0.00230605
28  12.0  2.7436e-09
30  3.0  0.000200988
30  4.5  9.33019e-06
30  3.5  6.64638e-05
30  4.0  2.39929e-05
30  5.0  3.932e-06
30  5.5  1.757e-06
30  6.0  8.29026e-07
30  9.0  2.22397e-08
30  6.5  4.11828e-07
30  7.0  2.13696e-07
30  7.5  1.15605e-07
30  10.5  5.52905e-09
30  8.0  6.48024e-08
30  8.5  3.74941e-08
32  0.2  0.198615
30  9.5  1.37504e-08
32  0.3  0.161428
32  0.4  0.128339
32  0.5  0.0999566
30  10.0  8.60831e-09
32  0.6  0.0763828
32  0.7  0.0573986
30  12.0  1.66732e-09
32  0.8  0.0427904
32  0.9  0.0316381
32  1.0  0.023318
32  1.1  0.0171956
32  1.2  0.0126859
32  1.3  0.00937059
32  1.4  0.00696358
32  1.6  0.00394861
32  1.5  0.00518123
32  1.7  0.00298779
32  1.9  0.0017608
32  1.8  0.00224722
30  11.0  3.65481e-09
32  2.0  0.00129136
32  2.5  0.000361964
30  11.5  2.45622e-09
32  3.0  0.000109291
32  4.5  4.95979e-06
32  3.5  3.59092e-05
32  6.5  2.14516e-07
32  4.0  1.28598e-05
32  5.0  2.08101e-06
32  5.5  9.25247e-07
32  6.0  4.35045e-07
32  7.0  1.11203e-07
32  7.5  6.00046e-08
32  8.0  3.35478e-08
32  10.5  2.83236e-09
32  8.5  1.9378e-08
32  9.0  1.1542e-08
4  0.2  0.966783
32  11.0  1.86088e-09
4  0.3  0.807067
32  9.5  7.06247e-09
4  0.4  0.664812
4  0.5  0.53748
4  0.6  0.428837
4  0.7  0.335951
4  0.8  0.261916
32  10.0  4.43057e-09
4  0.9  0.202594
4  1.0  0.155623
4  1.1  0.119363
4  1.2  0.0914381
4  1.3  0.0700202
4  1.4  0.054097
4  1.5  0.0413394
4  1.6  0.0321852
4  1.7  0.0249129
4  1.9  0.0148894
4  1.8  0.0191748
4  2.0  0.0115333
4  2.5  0.00355343
32  11.5  1.25642e-09
4  3.5  0.000383891
32  12.0  8.61851e-10
4  3.0  0.00113775
4  4.0  0.000143172
4  4.5  5.69384e-05
4  5.0  2.4271e-05
4  5.5  1.09989e-05
4  6.0  5.24634e-06
4  6.5  2.63165e-06
4  7.0  1.37308e-06
4  9.5  9.0092e-08
4  10.0  5.72163e-08
4  7.5  7.49313e-07
4  8.0  4.23078e-07
6  0.2  0.955319
4  8.5  2.4637e-07
4  9.0  1.47764e-07
6  0.3  0.799253
6  0.4  0.657181
6  0.5  0.531251
6  0.6  0.423608
6  0.7  0.332562
4  12.0  1.12587e-08
6  0.8  0.258609
6  0.9  0.19984
6  1.0  0.153543
6  1.1  0.117828
6  1.2  0.0901461
6  1.3  0.0691418
6  1.4  0.0533107
4  10.5  3.70121e-08
6  1.5  0.0407759
6  1.6  0.0316617
6  1.7  0.0242249
6  1.8  0.0188171
4  11.0  2.45235e-08
6  1.9  0.0146596
6  2.0  0.0114313
6  2.5  0.00361533
4  11.5  1.65009e-08
6  3.5  0.00037697
6  3.0  0.00111762
6  6.5  2.56606e-06
6  4.0  0.000140552
6  4.5  5.59531e-05
6  5.0  2.38215e-05
6  5.5  1.07925e-05
6  6.0  5.14847e-06
6  8.5  2.40894e-07
6  7.0  1.34695e-06
6  9.0  1.44542e-07
6  10.0  5.61038e-08
6  7.5  7.35323e-07
6  8.0  4.13948e-07
8  0.2  0.940677
8  0.3  0.785997
6  9.5  8.91758e-08
8  0.4  0.647212
8  0.5  0.522821
8  0.6  0.416193
8  0.7  0.327045
6  12.0  1.10293e-08
8  0.8  0.253956
8  0.9  0.196268
8  1.0  0.150601
8  1.1  0.115553
8  1.2  0.0883895
8  1.3  0.0675334
8  1.4  0.05191
8  1.5  0.0398079
6  10.5  3.63009e-08
8  1.6  0.0307204
8  1.7  0.0235645
8  1.8  0.0184081
8  2.0  0.0114014
8  1.9  0.0143316
6  11.0  2.40539e-08
8  2.5  0.00344045
6  11.5  1.6183e-08
8  3.5  0.000367228
8  3.0  0.00108906
8  4.0  0.000136902
8  6.5  2.49732e-06
8  4.5  5.44047e-05
8  5.0  2.31896e-05
8  5.5  1.05013e-05
8  6.0  5.01058e-06
8  9.5  8.63761e-08
8  7.0  1.31382e-06
8  10.0  5.45397e-08
8  7.5  7.15536e-07
8  8.0  4.03623e-07
8  8.5  2.35104e-07
8  9.0  1.41012e-07
8  12.0  1.0727e-08
8  10.5  3.53126e-08
8  11.0  2.36938e-08
8  11.5  1.5738e-08
