# diffractive D0 cross section, Pb target, HymnD fragmentation, An0n channel
# generated      : 2026-08-20 11:02:17 EEST
# calls          : 1e5 (VEGAS calls per point, see CALLS_EXCL/CALLS_EXCL_FACTORIZED/CALLS_DIFF)
# dipole samples : data/Pb/bk_posterior/member_0031/glauber_mve_<b>
# pD0 sweep      : 0.2 0.3 0.4 0.5 0.6 0.7 0.8 0.9 1.0 1.1 1.2 1.3 1.4 1.5 1.6 1.7 1.8 1.9 2.0 2.5 3.0 3.5 4.0 4.5 5.0 5.5 6.0 6.5 7.0 7.5 8.0 8.5 9.0 9.5 10.0 10.5 11.0 11.5 12.0
# fixed rapidity y : 0.0
# ============================================================
# b  pD0  dsigma_dyd2pD0
0  0.4  1.01346
0  0.2  0.560329
0  0.5  1.13733
0  0.3  0.81122
0  0.8  0.975716
0  0.6  1.15533
0  0.7  1.09255
0  0.9  0.849687
0  1.0  0.73055
0  1.1  0.609112
0  1.2  0.507521
0  1.4  0.338288
0  1.3  0.418571
0  1.5  0.278282
0  1.6  0.228582
0  1.7  0.188615
0  1.8  0.15618
0  1.9  0.129124
0  2.0  0.106351
0  3.0  0.0200528
0  2.5  0.0441999
0  3.5  0.00982899
0  4.5  0.00291601
0  4.0  0.0053202
0  5.0  0.00172589
0  5.5  0.00105743
0  7.0  0.000298354
0  6.0  0.000670846
0  6.5  0.000444702
0  7.5  0.000200402
0  8.0  0.000144275
0  8.5  0.000100324
0  9.0  7.27225e-05
0  9.5  5.28695e-05
0  10.0  3.92229e-05
10  0.2  0.554603
10  0.3  0.796112
10  0.4  1.01344
10  0.5  1.1114
10  0.6  1.12104
0  10.5  2.92399e-05
10  0.7  1.05418
10  0.8  0.953527
10  0.9  0.823891
10  1.0  0.705529
10  1.1  0.590143
10  1.2  0.484574
10  1.3  0.395482
0  11.0  2.20889e-05
10  1.4  0.324901
10  1.5  0.268361
10  1.6  0.220425
10  1.7  0.182083
10  1.8  0.149435
10  1.9  0.122638
10  2.0  0.102225
0  12.0  1.34284e-05
10  2.5  0.0420195
10  3.0  0.019057
10  3.5  0.00942936
0  11.5  1.72861e-05
10  4.5  0.00286388
10  5.5  0.00102615
10  4.0  0.00513226
10  5.0  0.0016484
10  6.0  0.000637449
10  6.5  0.000415439
10  7.0  0.00028337
10  7.5  0.000188491
10  8.0  0.000133246
10  8.5  9.46803e-05
10  9.0  6.84916e-05
10  10.5  2.87064e-05
10  9.5  5.15941e-05
10  10.0  3.71621e-05
12  0.2  0.551723
12  0.3  0.784247
12  0.4  1.0025
12  0.5  1.11054
12  0.6  1.12488
12  0.7  1.04915
12  0.8  0.946006
12  0.9  0.812883
12  1.0  0.688652
12  1.1  0.575428
12  1.2  0.47974
10  11.0  2.11585e-05
12  1.3  0.395346
12  1.4  0.31827
12  1.5  0.255973
10  12.0  1.2573e-05
12  1.7  0.175212
12  1.6  0.215216
12  1.8  0.146949
10  11.5  1.6217e-05
12  1.9  0.120365
12  2.0  0.0997237
12  2.5  0.0407567
12  3.0  0.0186466
12  3.5  0.00912309
12  4.5  0.00273835
12  5.5  0.000984727
12  5.0  0.00164207
12  4.0  0.0048606
12  6.0  0.000635812
12  6.5  0.000402866
12  7.0  0.000272135
12  7.5  0.00018639
12  9.0  6.88056e-05
12  8.0  0.000130797
12  8.5  9.23744e-05
12  9.5  4.88608e-05
12  10.0  3.63041e-05
12  10.5  2.7953e-05
14  0.2  0.546582
14  0.3  0.787897
14  0.4  0.995748
14  0.5  1.10332
14  0.6  1.10532
14  0.7  1.03118
14  0.8  0.922131
14  0.9  0.798886
14  1.0  0.680553
12  11.0  2.05405e-05
14  1.2  0.46496
14  1.1  0.565924
14  1.4  0.308209
14  1.3  0.381812
14  1.5  0.251196
14  1.6  0.209938
14  1.7  0.173823
14  1.8  0.141669
14  2.0  0.097509
14  1.9  0.11757
14  3.0  0.0182299
14  2.5  0.03984
14  3.5  0.00899371
12  11.5  1.61079e-05
12  12.0  1.21952e-05
14  4.0  0.00479826
14  5.5  0.000974328
14  4.5  0.00264837
14  5.0  0.00156674
14  6.0  0.000606412
14  6.5  0.000389639
14  8.0  0.000128651
14  7.0  0.000270296
14  7.5  0.000180178
14  9.0  6.66745e-05
14  8.5  9.24976e-05
14  10.5  2.6464e-05
14  9.5  4.7601e-05
16  0.2  0.540377
14  10.0  3.49434e-05
16  0.3  0.783988
16  0.4  0.970602
16  0.5  1.08662
16  0.6  1.06429
16  0.7  1.0186
16  0.8  0.90002
16  0.9  0.781394
16  1.0  0.662626
14  11.0  2.05669e-05
16  1.1  0.544749
16  1.2  0.453322
16  1.3  0.370085
16  1.4  0.306024
16  1.5  0.249109
16  1.6  0.203349
16  1.7  0.16568
14  12.0  1.17133e-05
16  1.8  0.137624
16  1.9  0.112293
16  2.0  0.09393
16  2.5  0.0380485
16  3.0  0.017804
16  3.5  0.00861352
14  11.5  1.51627e-05
16  4.0  0.00452667
16  5.5  0.000920749
16  4.5  0.00260856
16  5.0  0.00149176
16  6.0  0.000584443
16  6.5  0.000378691
16  7.0  0.00025761
16  8.0  0.000124047
16  7.5  0.000172666
16  8.5  8.66492e-05
16  9.0  6.25533e-05
16  10.5  2.56031e-05
16  9.5  4.6028e-05
16  10.0  3.37749e-05
18  0.2  0.533923
18  0.3  0.773538
18  0.4  0.974084
18  0.5  1.06228
18  0.7  0.992508
18  0.6  1.0662
18  0.8  0.876438
16  11.0  1.92431e-05
16  12.0  1.17457e-05
18  0.9  0.755499
18  1.0  0.641318
18  1.1  0.52913
18  1.2  0.439576
18  1.3  0.358929
18  1.4  0.291779
18  1.6  0.194371
18  1.5  0.238034
18  1.7  0.161703
16  11.5  1.47915e-05
18  1.9  0.106075
18  1.8  0.131699
18  2.0  0.0900956
18  3.0  0.0166772
18  2.5  0.0372011
18  3.5  0.00831651
18  4.0  0.00433002
18  5.0  0.00142757
18  5.5  0.000884828
18  4.5  0.00244593
18  6.0  0.000557101
18  6.5  0.000372849
18  7.0  0.000243318
18  7.5  0.0001664
18  8.0  0.000119518
18  8.5  8.43373e-05
18  9.0  5.94895e-05
18  10.5  2.48595e-05
18  9.5  4.40875e-05
18  10.0  3.24369e-05
2  0.2  0.561612
2  0.3  0.812359
2  0.4  1.02991
2  0.5  1.12868
2  0.6  1.14855
2  0.7  1.09328
2  0.8  0.970532
2  0.9  0.850616
2  1.0  0.727089
2  1.1  0.60474
2  1.2  0.506842
18  11.0  1.84557e-05
2  1.3  0.41615
2  1.4  0.339511
2  1.5  0.275157
2  1.6  0.227294
2  1.7  0.184289
2  1.8  0.154757
2  1.9  0.126757
2  2.0  0.106536
2  3.0  0.0195092
2  2.5  0.0438123
2  3.5  0.00991042
18  11.5  1.41188e-05
2  4.5  0.00295895
18  12.0  1.09069e-05
2  4.0  0.00531474
2  5.0  0.00172508
2  7.0  0.000292823
2  5.5  0.00108375
2  6.0  0.0006723
2  6.5  0.00043611
2  7.5  0.000200052
2  8.0  0.000144029
2  8.5  9.84916e-05
2  9.0  7.18961e-05
2  9.5  5.41309e-05
2  10.0  3.91637e-05
20  0.2  0.526694
20  0.3  0.769805
20  0.4  0.949507
2  10.5  2.89767e-05
20  0.5  1.02545
20  0.6  1.03206
20  0.7  0.947941
20  0.8  0.869643
20  0.9  0.728816
20  1.0  0.606349
20  1.1  0.503969
20  1.2  0.418864
20  1.3  0.342434
20  1.4  0.279797
20  1.5  0.225156
20  1.6  0.182271
2  11.0  2.20274e-05
20  1.8  0.125691
20  1.7  0.152056
2  12.0  1.31179e-05
20  1.9  0.102146
20  2.0  0.0851001
20  2.5  0.0347858
20  3.0  0.015705
20  3.5  0.00792425
2  11.5  1.7049e-05
20  5.0  0.00134138
20  5.5  0.000833742
20  4.0  0.00413335
20  4.5  0.00230259
20  7.0  0.000228237
20  6.0  0.000521698
20  7.5  0.000161169
20  6.5  0.000350023
20  8.0  0.00011278
20  8.5  7.77803e-05
20  10.0  3.03082e-05
20  9.0  5.6359e-05
20  9.5  4.10571e-05
20  11.0  1.72945e-05
20  11.5  1.31865e-05
22  0.2  0.515751
22  0.3  0.74786
22  0.4  0.917981
20  10.5  2.35276e-05
22  0.5  1.00875
22  0.6  0.978383
22  0.7  0.917872
22  0.8  0.799436
22  0.9  0.690435
22  1.0  0.575579
22  1.1  0.475693
22  1.2  0.391355
22  1.3  0.319974
22  1.4  0.257639
22  1.5  0.212933
22  1.6  0.175334
22  1.7  0.1383
22  1.8  0.117665
22  1.9  0.0955923
22  2.0  0.079134
22  2.5  0.0324692
22  3.0  0.0146206
22  3.5  0.00715542
20  12.0  1.05212e-05
22  5.5  0.000769606
22  5.0  0.00127571
22  4.0  0.00379426
22  4.5  0.0021799
22  7.5  0.000146471
22  7.0  0.000215202
22  6.0  0.000486152
22  8.0  0.000104693
22  6.5  0.000327221
22  10.0  2.92468e-05
22  8.5  7.47219e-05
22  9.0  5.425e-05
22  9.5  3.875e-05
22  11.5  1.22312e-05
24  0.2  0.502722
24  0.3  0.726326
24  0.4  0.890722
22  10.5  2.20592e-05
24  0.5  0.955413
24  0.6  0.939436
24  0.7  0.864134
24  0.8  0.757469
22  11.0  1.6211e-05
24  0.9  0.647652
24  1.0  0.537342
24  1.2  0.362489
24  1.1  0.444022
24  1.3  0.293437
24  1.4  0.241474
24  1.5  0.196961
24  1.6  0.159322
24  1.8  0.106333
24  1.7  0.130886
24  1.9  0.0878181
24  2.0  0.0726201
24  3.0  0.0132654
24  2.5  0.0297444
24  3.5  0.00652691
22  12.0  9.41369e-06
24  4.0  0.00342959
24  5.0  0.00114749
24  4.5  0.00193219
24  5.5  0.000698049
24  6.0  0.000442946
24  6.5  0.000287804
24  7.0  0.000200158
24  7.5  0.000136735
24  9.0  4.91733e-05
24  8.0  9.54908e-05
24  8.5  6.74872e-05
24  10.0  2.58382e-05
24  9.5  3.57406e-05
24  10.5  1.95693e-05
26  0.2  0.48308
26  0.3  0.696244
26  0.4  0.842026
26  0.5  0.901372
24  11.0  1.46973e-05
26  0.6  0.866247
26  0.7  0.792505
26  0.8  0.689132
26  0.9  0.582675
26  1.0  0.481795
26  1.2  0.32492
26  1.1  0.398836
26  1.3  0.266285
26  1.4  0.215255
26  1.5  0.174962
26  1.6  0.142208
26  1.7  0.11528
24  11.5  1.11487e-05
26  1.8  0.0948669
26  1.9  0.0781884
26  2.0  0.0640353
26  2.5  0.0265061
26  3.0  0.0117918
26  3.5  0.00587339
24  12.0  8.67567e-06
26  5.5  0.000619004
26  4.0  0.00309822
26  4.5  0.00174294
26  5.0  0.00100819
26  7.5  0.0001174
26  6.0  0.000398345
26  7.0  0.000170832
26  8.0  8.22563e-05
26  6.5  0.000262039
26  9.5  3.0955e-05
26  8.5  5.92659e-05
26  9.0  4.18187e-05
28  0.2  0.460212
26  11.5  9.88995e-06
26  10.0  2.25256e-05
28  0.3  0.660749
28  0.4  0.785992
28  0.5  0.817436
28  0.6  0.786997
28  0.7  0.702063
26  10.5  1.7013e-05
28  0.8  0.602966
28  0.9  0.505744
28  1.0  0.422486
28  1.1  0.345613
28  1.2  0.280536
26  11.0  1.27583e-05
28  1.3  0.226614
28  1.4  0.185003
28  1.5  0.14814
28  1.6  0.120502
26  12.0  7.61833e-06
28  1.7  0.0981106
28  1.8  0.0801609
28  1.9  0.0666358
28  2.5  0.0220648
28  2.0  0.054231
28  3.5  0.00497541
28  3.0  0.0100073
28  4.0  0.00264078
28  4.5  0.00145084
28  5.0  0.000847221
28  5.5  0.000520921
28  7.5  9.9107e-05
28  6.0  0.000328757
28  6.5  0.000214868
28  7.0  0.000142901
28  9.5  2.62313e-05
28  8.0  6.8878e-05
28  8.5  4.91495e-05
28  9.0  3.55171e-05
28  10.0  1.89183e-05
30  0.2  0.4259
30  0.3  0.598231
28  10.5  1.43033e-05
30  0.4  0.709817
30  0.5  0.707568
28  12.0  6.40467e-06
30  0.6  0.662848
30  0.7  0.585335
30  0.8  0.499183
30  0.9  0.41295
30  1.0  0.342662
30  1.1  0.278942
30  1.2  0.224337
30  1.3  0.179885
30  1.4  0.143206
30  1.5  0.118743
28  11.0  1.08138e-05
30  1.6  0.0971805
30  1.7  0.0785307
30  1.8  0.0634134
30  1.9  0.0526955
30  2.0  0.0432088
30  2.5  0.0175043
30  3.0  0.00771013
30  3.5  0.00395712
28  11.5  8.20956e-06
30  4.0  0.00207304
30  4.5  0.00111517
30  5.0  0.000665625
30  5.5  0.000420372
30  6.0  0.00025717
30  7.5  7.8493e-05
30  6.5  0.000168475
30  7.0  0.00011323
30  8.0  5.36541e-05
30  8.5  3.82952e-05
30  9.0  2.74709e-05
30  9.5  1.98852e-05
30  10.0  1.49883e-05
32  0.2  0.380802
32  0.3  0.522726
32  0.4  0.572268
30  10.5  1.10122e-05
32  0.5  0.576714
32  0.6  0.516642
32  0.7  0.448482
32  0.8  0.378778
32  0.9  0.313141
32  1.0  0.259204
32  1.1  0.201199
32  1.2  0.162169
30  11.0  8.34208e-06
32  1.3  0.131035
32  1.4  0.105631
32  1.5  0.0852601
32  1.6  0.0685955
32  1.7  0.0568428
32  1.8  0.045734
32  1.9  0.0373541
32  2.0  0.0306848
32  2.5  0.0126092
32  3.0  0.00563229
32  3.5  0.00277841
30  11.5  6.46296e-06
30  12.0  5.01708e-06
32  4.0  0.00148188
32  4.5  0.000824203
32  5.0  0.000475317
32  5.5  0.000289662
32  7.0  8.24214e-05
32  6.5  0.000119766
32  6.0  0.000188069
32  8.0  3.8674e-05
32  7.5  5.54825e-05
32  8.5  2.70994e-05
32  9.0  1.96447e-05
32  9.5  1.4283e-05
32  10.0  1.07212e-05
34  0.2  0.320008
34  0.3  0.412613
32  12.0  3.54769e-06
32  10.5  7.84928e-06
34  0.4  0.432782
34  0.5  0.409143
34  0.6  0.362871
34  0.7  0.306892
34  0.8  0.253398
34  0.9  0.211446
34  1.0  0.164264
34  1.1  0.136519
34  1.2  0.108317
34  1.3  0.0868808
32  11.0  5.94366e-06
34  1.4  0.0699342
34  1.5  0.0559221
34  1.7  0.0371289
34  1.6  0.0450938
34  1.8  0.03004
34  1.9  0.0247503
34  2.5  0.00787718
34  2.0  0.0202962
34  3.0  0.00367546
34  3.5  0.00179642
32  11.5  4.6636e-06
34  4.5  0.000527679
34  4.0  0.000930477
34  5.0  0.000304641
34  5.5  0.000189158
34  7.0  5.16093e-05
34  7.5  3.53861e-05
34  6.0  0.000118157
34  6.5  7.79406e-05
34  8.0  2.53638e-05
34  10.0  6.79941e-06
34  8.5  1.75288e-05
34  9.0  1.26052e-05
34  10.5  5.07352e-06
34  9.5  9.51663e-06
34  11.0  4.00535e-06
4  0.2  0.558704
4  0.3  0.809292
4  0.4  1.02809
4  0.5  1.14045
4  0.6  1.15378
4  0.7  1.09658
4  0.8  0.986468
4  0.9  0.850178
4  1.0  0.722374
4  1.1  0.609767
4  1.2  0.502611
4  1.4  0.336095
4  1.3  0.410377
4  1.5  0.279336
4  1.6  0.229322
4  1.7  0.187603
4  1.8  0.153064
4  1.9  0.128395
4  2.0  0.106016
4  2.5  0.0440185
4  3.0  0.0199907
4  3.5  0.00987868
34  11.5  2.95222e-06
4  4.0  0.00520479
4  4.5  0.00297397
34  12.0  2.28098e-06
4  5.0  0.0017088
4  7.0  0.00029169
4  5.5  0.00105031
4  6.0  0.000676184
4  6.5  0.000439033
4  7.5  0.000199573
4  8.0  0.000139264
4  8.5  9.91874e-05
4  9.0  7.19465e-05
4  10.5  2.90783e-05
4  9.5  5.24496e-05
4  10.0  3.87848e-05
6  0.2  0.557934
6  0.3  0.806859
6  0.4  1.01384
6  0.5  1.13159
6  0.6  1.1541
6  0.7  1.08468
4  11.0  2.15853e-05
6  0.8  0.981436
6  0.9  0.844614
6  1.0  0.717694
6  1.1  0.59522
6  1.2  0.501772
6  1.3  0.407945
6  1.4  0.338742
6  1.5  0.275263
6  1.6  0.226584
6  1.8  0.152629
6  1.7  0.185926
6  2.0  0.10528
6  1.9  0.126909
6  2.5  0.0434482
4  12.0  1.29444e-05
6  3.0  0.0197555
6  3.5  0.00974057
4  11.5  1.67851e-05
6  4.0  0.00512868
6  4.5  0.00308736
6  5.5  0.00104475
6  5.0  0.00171965
6  6.0  0.000654883
6  6.5  0.000430374
6  7.0  0.000294016
6  7.5  0.000197012
6  8.0  0.000140214
6  8.5  9.80728e-05
6  9.0  6.98194e-05
6  9.5  5.17576e-05
6  10.0  3.94107e-05
8  0.2  0.554995
8  0.3  0.805979
6  10.5  2.88431e-05
8  0.4  1.02311
8  0.5  1.12269
8  0.6  1.14369
8  0.7  1.08238
8  0.8  0.967177
8  0.9  0.838017
8  1.0  0.708624
8  1.1  0.594559
6  11.0  2.20935e-05
8  1.2  0.494598
8  1.3  0.405894
8  1.4  0.335455
8  1.6  0.223403
8  1.5  0.273785
8  1.7  0.185241
6  12.0  1.28397e-05
8  1.8  0.151473
8  1.9  0.125275
8  2.5  0.0423645
8  2.0  0.102854
8  3.0  0.0195021
8  3.5  0.00975495
6  11.5  1.62968e-05
8  4.0  0.00508179
8  4.5  0.00286489
8  5.0  0.00166685
8  5.5  0.00101475
8  6.0  0.000664123
8  6.5  0.000421334
8  7.0  0.000283466
8  7.5  0.000195815
8  8.0  0.000136159
8  8.5  9.90736e-05
8  9.0  6.94744e-05
8  9.5  5.06347e-05
8  10.0  3.88976e-05
8  10.5  2.83793e-05
8  11.0  2.1516e-05
8  11.5  1.67322e-05
8  12.0  1.252e-05
