# exclusive D0 cross section, Pb target, LHAPDF fragmentation, An0n channel
# generated      : 2026-08-20 11:03:19 EEST
# calls          : 1e5 below 4.0 GeV, 2e3 above (see EXCL_PT_THRESHOLD) (VEGAS calls per point, see CALLS_EXCL/CALLS_EXCL_FACTORIZED/CALLS_DIFF)
# dipole samples : data/Pb/bk_posterior/member_0047/glauber_mve_<b>
# pD0 sweep      : 0.2 0.3 0.4 0.5 0.6 0.7 0.8 0.9 1.0 1.1 1.2 1.3 1.4 1.5 1.6 1.7 1.8 1.9 2.0 2.5 3.0 3.5 4.0 4.5 5.0 5.5 6.0 6.5 7.0 7.5 8.0 8.5 9.0 9.5 10.0 10.5 11.0 11.5 12.0
# fixed rapidity y : -1.0
# ============================================================
# b  pD0  dsigma_dyd2pD0
0  0.4  1.98665
0  0.3  2.54419
0  0.5  1.50773
0  0.2  3.14546
0  0.7  0.815469
0  0.6  1.11745
0  0.8  0.59224
0  0.9  0.427028
0  1.0  0.307791
0  1.1  0.221385
0  1.3  0.114847
0  1.2  0.160205
0  1.4  0.0844996
0  1.5  0.0609269
0  1.6  0.0450472
0  1.7  0.0336118
0  1.8  0.0256961
0  2.5  0.0036699
0  2.0  0.0146115
0  1.9  0.0193745
0  3.0  0.00112238
0  3.5  -9.57139e-05
0  5.0  1.68543e-05
0  4.0  0.000109883
0  4.5  4.1476e-05
0  5.5  7.49873e-06
0  6.5  1.7207e-06
0  6.0  3.52579e-06
0  7.0  8.93658e-07
0  7.5  4.83519e-07
0  8.0  2.71682e-07
0  8.5  1.57873e-07
0  9.0  9.53541e-08
0  11.0  1.59135e-08
0  9.5  5.87533e-08
0  10.5  2.40152e-08
0  10.0  3.74749e-08
10  0.2  2.96787
10  0.3  2.39755
10  0.4  1.86838
10  0.5  1.41344
10  0.6  1.04305
10  0.7  0.761913
10  0.8  0.551257
10  0.9  0.397185
10  1.0  0.285014
10  1.1  0.204491
10  1.2  0.147703
10  1.3  0.106962
10  1.4  0.0766739
10  1.5  0.0555233
10  1.6  0.042111
10  1.7  0.0304635
10  1.8  0.0227657
10  1.9  0.0169319
10  2.0  0.0128925
10  2.5  0.00357404
10  3.0  0.000809702
10  3.5  0.000371318
0  11.5  1.09377e-08
0  12.0  7.54089e-09
10  4.0  9.96184e-05
10  4.5  3.74494e-05
10  5.0  1.53546e-05
10  5.5  6.78949e-06
10  6.5  1.55577e-06
10  6.0  3.18925e-06
10  7.0  8.09973e-07
10  7.5  4.37764e-07
10  8.0  2.4594e-07
10  8.5  1.42643e-07
10  9.5  5.26921e-08
10  9.0  8.62783e-08
10  10.5  2.14549e-08
10  10.0  3.33189e-08
10  11.0  1.44147e-08
12  0.2  2.88846
12  0.3  2.33036
12  0.4  1.81434
12  0.5  1.37223
12  0.6  1.01451
12  0.7  0.736355
12  0.8  0.532171
12  0.9  0.382539
12  1.0  0.274907
12  1.1  0.19821
10  11.5  9.83791e-09
12  1.2  0.141344
12  1.3  0.103125
12  1.5  0.0546817
12  1.4  0.0737952
12  1.6  0.0408621
12  1.7  0.0292124
12  1.8  0.021838
12  2.0  0.0121412
12  1.9  0.0166921
12  2.5  0.00308983
12  3.0  0.000753579
12  3.5  0.000304963
10  12.0  6.83498e-09
12  4.0  9.50674e-05
12  4.5  3.58052e-05
12  5.0  1.46486e-05
12  5.5  6.47251e-06
12  6.0  3.04221e-06
12  6.5  1.48256e-06
12  7.0  7.69629e-07
12  7.5  4.16887e-07
12  8.0  2.36655e-07
12  9.5  5.00707e-08
12  8.5  1.36019e-07
12  10.0  3.20711e-08
12  9.0  8.12491e-08
12  11.0  1.37252e-08
12  10.5  2.06386e-08
14  0.2  2.78712
14  0.3  2.2477
14  0.4  1.74848
14  0.5  1.31921
14  0.6  0.97149
14  0.7  0.706739
14  0.8  0.51109
14  0.9  0.366779
14  1.0  0.262975
14  1.1  0.188371
14  1.2  0.135135
14  1.3  0.0970768
14  1.5  0.0512
14  1.4  0.0701387
14  1.6  0.0383678
14  1.7  0.0281456
14  1.8  0.0206369
14  1.9  0.0151523
14  2.0  0.0120829
14  2.5  0.00303626
14  3.0  0.000498037
14  3.5  7.93535e-05
12  11.5  9.33351e-09
12  12.0  6.51554e-09
14  4.0  8.90708e-05
14  5.0  1.3868e-05
14  4.5  3.37568e-05
14  5.5  6.0921e-06
14  7.0  7.1585e-07
14  6.0  2.86225e-06
14  6.5  1.39983e-06
14  7.5  3.92715e-07
14  8.0  2.20575e-07
14  8.5  1.27995e-07
14  9.5  4.71849e-08
14  9.0  7.73199e-08
14  10.5  1.94479e-08
14  10.0  3.03893e-08
16  0.2  2.66977
16  0.3  2.14981
16  0.4  1.66907
16  0.5  1.25593
16  0.6  0.926303
14  11.5  8.81028e-09
16  0.7  0.67273
16  0.9  0.347398
16  0.8  0.483604
16  1.0  0.248153
14  11.0  1.31287e-08
16  1.2  0.128252
16  1.1  0.177168
16  1.3  0.0922362
16  1.5  0.0489485
16  1.4  0.0658886
16  1.6  0.0356485
16  1.7  0.0262087
16  1.8  0.0198058
16  1.9  0.0148044
16  2.0  0.0111815
16  2.5  0.00253815
16  3.5  0.000241041
16  3.0  0.00065439
14  12.0  6.15426e-09
16  4.0  8.27619e-05
16  5.0  1.28813e-05
16  4.5  3.14673e-05
16  5.5  5.68298e-06
16  6.0  2.65755e-06
16  6.5  1.3043e-06
16  8.5  1.17762e-07
16  7.0  6.75296e-07
16  7.5  3.64328e-07
16  8.0  2.04689e-07
16  9.0  7.09145e-08
16  10.0  2.80417e-08
16  9.5  4.4156e-08
18  0.2  2.52687
18  0.3  2.03234
16  12.0  5.61226e-09
18  0.4  1.5738
16  10.5  1.83035e-08
18  0.5  1.18391
18  0.6  0.868072
18  0.7  0.629692
18  0.8  0.452945
18  0.9  0.322981
18  1.0  0.231202
18  1.1  0.165452
18  1.2  0.118559
18  1.3  0.085131
16  11.0  1.21761e-08
18  1.5  0.0450846
18  1.4  0.0618273
18  1.7  0.0245656
18  1.6  0.0325449
16  11.5  8.21534e-09
18  1.8  0.0180058
18  1.9  0.0136862
18  2.0  0.00992182
18  3.0  0.00060517
18  2.5  0.0022189
18  3.5  0.000194849
18  4.0  7.55839e-05
18  4.5  2.87322e-05
18  5.0  1.1759e-05
18  5.5  5.1594e-06
18  6.0  2.42367e-06
18  7.0  6.09643e-07
18  6.5  1.18754e-06
18  8.5  1.07317e-07
18  7.5  3.33332e-07
18  8.0  1.86615e-07
18  9.0  6.43694e-08
18  10.0  2.55635e-08
18  9.5  3.99466e-08
18  10.5  1.65008e-08
2  0.2  3.13985
2  0.3  2.53852
18  11.0  1.09904e-08
2  0.4  1.98331
2  0.5  1.50334
2  0.6  1.11474
2  0.7  0.814573
2  0.8  0.59004
2  0.9  0.425475
2  1.0  0.306618
2  1.1  0.220886
2  1.2  0.159704
2  1.3  0.115871
18  12.0  5.14873e-09
2  1.4  0.0849848
2  1.5  0.060612
2  1.6  0.0444771
2  1.7  0.0333841
2  1.8  0.0256741
2  1.9  0.0189928
2  2.0  0.0144572
2  2.5  0.00363484
18  11.5  7.43263e-09
2  3.0  0.00108684
2  3.5  0.000406488
2  5.0  1.67911e-05
2  4.0  0.000109458
2  4.5  4.1319e-05
2  5.5  7.45269e-06
2  6.5  1.71417e-06
2  6.0  3.51281e-06
2  7.0  8.90257e-07
2  7.5  4.81707e-07
2  8.0  2.70649e-07
2  8.5  1.57271e-07
2  9.0  9.51038e-08
2  10.0  3.68428e-08
2  9.5  5.85348e-08
2  11.0  1.58645e-08
20  0.2  2.35859
2  10.5  2.40248e-08
20  0.3  1.89208
20  0.4  1.46268
20  0.5  1.09605
20  0.6  0.804228
20  0.7  0.580249
20  0.8  0.416136
20  0.9  0.296217
20  1.1  0.150199
20  1.0  0.211168
20  1.2  0.108635
20  1.3  0.0778405
20  1.5  0.0415683
20  1.4  0.0554259
20  1.6  0.0295066
20  1.7  0.0225007
20  1.8  0.0162748
2  11.5  1.09176e-08
20  1.9  0.0122609
20  2.0  0.00912743
20  2.5  0.0023617
20  3.5  6.62372e-05
20  3.0  0.000591127
2  12.0  7.53844e-09
20  4.0  6.78549e-05
20  4.5  2.56137e-05
20  5.0  1.04842e-05
20  5.5  4.6234e-06
20  7.0  5.49445e-07
20  6.0  2.15932e-06
20  6.5  1.05794e-06
20  7.5  2.93106e-07
20  8.0  1.66198e-07
20  8.5  9.64982e-08
20  10.0  2.25701e-08
20  9.5  3.54785e-08
20  9.0  5.83512e-08
20  10.5  1.46592e-08
22  0.2  2.15825
20  11.0  9.77137e-09
22  0.3  1.72673
22  0.4  1.33096
20  12.0  4.55844e-09
22  0.5  0.994972
22  0.6  0.726505
22  0.7  0.522912
22  0.8  0.372962
22  0.9  0.264718
22  1.0  0.188594
22  1.1  0.134107
22  1.2  0.0960187
22  1.3  0.0695964
22  1.4  0.0491418
22  1.5  0.0353876
22  1.6  0.0258384
22  1.7  0.0198529
22  1.9  0.0105719
20  11.5  6.63294e-09
22  1.8  0.0144682
22  2.0  0.00813175
22  2.5  0.00183793
22  3.0  0.0003985
22  3.5  0.000300795
22  5.5  3.98388e-06
22  4.0  5.86946e-05
22  4.5  2.22284e-05
22  5.0  9.06107e-06
22  6.0  1.86593e-06
22  6.5  9.1349e-07
22  7.0  4.73391e-07
22  7.5  2.55097e-07
22  8.0  1.4341e-07
22  10.0  1.95711e-08
22  8.5  8.32794e-08
22  9.5  3.05953e-08
22  9.0  5.0188e-08
22  11.0  8.43914e-09
22  10.5  1.26531e-08
24  0.2  1.91872
24  0.3  1.52969
24  0.4  1.17493
24  0.5  0.874411
24  0.6  0.635365
24  0.7  0.455311
24  0.8  0.323999
22  11.5  5.72848e-09
24  0.9  0.229547
24  1.0  0.162453
24  1.1  0.114846
24  1.2  0.0825098
24  1.3  0.0586882
24  1.4  0.0417429
24  1.5  0.0297378
24  1.6  0.0218576
24  1.7  0.0162242
24  1.8  0.0121008
24  1.9  0.00918578
24  2.0  0.00706736
24  2.5  0.00144635
24  3.0  0.000507822
24  3.5  0.000117272
22  12.0  3.98229e-09
24  4.0  4.85463e-05
24  4.5  1.83437e-05
24  5.0  7.50047e-06
24  5.5  3.30332e-06
24  6.0  1.54249e-06
24  6.5  7.54416e-07
24  8.0  1.17455e-07
24  7.0  3.93145e-07
24  7.5  2.10869e-07
24  9.0  4.0916e-08
24  8.5  6.88558e-08
24  9.5  2.57032e-08
24  10.0  1.62611e-08
24  10.5  1.05984e-08
26  0.2  1.63468
24  12.0  3.2364e-09
26  0.3  1.29786
26  0.4  0.991767
26  0.5  0.732803
26  0.6  0.529839
26  0.7  0.377875
26  0.8  0.267079
26  0.9  0.188119
26  1.0  0.13273
26  1.1  0.0932829
26  1.2  0.0663632
26  1.3  0.0479581
26  1.4  0.0341819
24  11.0  7.00836e-09
26  1.5  0.0246211
26  1.6  0.0174971
26  1.7  0.012995
26  1.8  0.00974977
26  1.9  0.00709372
24  11.5  4.72069e-09
26  2.0  0.00551706
26  2.5  0.00126068
26  3.0  0.000304658
26  3.5  0.000160057
26  4.0  3.76378e-05
26  5.5  2.56224e-06
26  4.5  1.42972e-05
26  5.0  5.82151e-06
26  6.0  1.1959e-06
26  6.5  5.85761e-07
26  7.0  3.02319e-07
26  7.5  1.63948e-07
26  8.0  9.08067e-08
26  9.5  1.96404e-08
26  8.5  5.33861e-08
26  9.0  3.20062e-08
26  10.0  1.25978e-08
26  11.0  5.3792e-09
28  0.2  1.30508
28  0.3  1.03054
26  10.5  8.1897e-09
28  0.4  0.781462
28  0.5  0.572323
28  0.6  0.411925
28  0.7  0.291265
28  0.8  0.204455
28  0.9  0.143283
28  1.0  0.100183
28  1.1  0.0701851
28  1.2  0.0497487
28  1.3  0.035799
28  1.4  0.024919
26  11.5  3.67043e-09
28  1.5  0.0182236
28  1.7  0.00961335
28  1.6  0.0130561
28  1.9  0.00501761
28  1.8  0.00706039
28  2.0  0.00411937
28  3.5  0.000107226
28  2.5  0.000834431
28  3.0  0.00030245
26  12.0  2.54773e-09
28  4.0  2.68773e-05
28  4.5  1.01047e-05
28  5.0  4.1337e-06
28  5.5  1.80876e-06
28  7.0  2.11329e-07
28  6.0  8.43962e-07
28  7.5  1.14282e-07
28  6.5  4.11453e-07
28  8.0  6.4605e-08
28  8.5  3.75901e-08
28  9.0  2.23146e-08
28  9.5  1.39349e-08
28  10.5  5.66677e-09
28  10.0  8.87373e-09
28  11.0  3.77823e-09
30  0.2  0.946125
30  0.3  0.740423
30  0.4  0.55694
30  0.5  0.405284
30  0.6  0.287492
30  0.7  0.201599
30  0.8  0.140468
30  0.9  0.0974723
30  1.0  0.0680023
30  1.1  0.0471873
30  1.2  0.0329188
30  1.3  0.0230626
28  12.0  1.77232e-09
30  1.4  0.0167836
30  1.6  0.0087874
30  1.5  0.011831
30  1.7  0.00639807
30  1.8  0.0045945
30  1.9  0.00344149
30  2.0  0.00253198
30  2.5  0.000641371
30  3.0  0.000124179
30  3.5  5.87113e-05
28  11.5  2.57814e-09
30  5.5  1.11917e-06
30  4.0  1.67232e-05
30  4.5  6.30981e-06
30  5.0  2.54985e-06
30  6.0  5.19934e-07
30  7.5  7.01756e-08
30  7.0  1.30095e-07
30  6.5  2.54131e-07
30  8.0  3.92013e-08
30  9.0  1.36929e-08
30  8.5  2.30131e-08
30  10.0  5.37776e-09
30  9.5  8.4216e-09
30  10.5  3.48597e-09
30  11.0  2.32204e-09
32  0.2  0.600281
32  0.3  0.466064
30  11.5  1.57306e-09
32  0.4  0.346077
32  0.5  0.24825
32  0.6  0.174144
32  0.7  0.120675
32  0.8  0.08287
32  0.9  0.0572057
32  1.0  0.0394188
32  1.2  0.0187829
32  1.1  0.0272968
32  1.3  0.0133995
32  1.4  0.00951617
32  1.5  0.00674213
30  12.0  1.08496e-09
32  1.7  0.00342602
32  1.6  0.00467533
32  1.8  0.002556
32  2.0  0.00144796
32  1.9  0.00188346
32  3.0  9.64144e-05
32  2.5  0.000282222
32  3.5  4.70216e-05
32  5.5  5.76996e-07
32  4.0  8.80722e-06
32  4.5  3.26586e-06
32  5.0  1.33218e-06
32  6.0  2.67772e-07
32  8.0  2.00885e-08
32  6.5  1.30242e-07
32  8.5  1.17375e-08
32  7.0  6.73113e-08
32  7.5  3.6225e-08
32  10.0  2.72835e-09
32  9.0  7.06185e-09
32  9.5  4.34201e-09
32  11.0  1.1807e-09
34  0.2  0.326272
32  10.5  1.79043e-09
34  0.3  0.250076
34  0.4  0.183316
34  0.5  0.129706
34  0.6  0.0896045
34  0.7  0.0613475
34  0.8  0.0416171
34  0.9  0.0282372
34  1.0  0.0193235
34  1.1  0.0132447
34  1.2  0.00902237
34  1.3  0.0062582
34  1.4  0.00451187
34  1.5  0.0030872
34  1.6  0.00220266
34  1.7  0.00160807
34  1.8  0.00121668
34  1.9  0.000833463
34  2.0  0.000656912
34  2.5  0.000152708
34  3.0  2.56656e-05
32  11.5  8.04901e-10
34  3.5  2.56722e-05
32  12.0  5.60865e-10
34  5.0  5.65804e-07
34  5.5  2.39535e-07
34  4.5  1.40486e-06
34  4.0  3.77612e-06
34  6.5  5.42944e-08
34  6.0  1.12514e-07
34  8.0  8.35335e-09
34  7.0  2.81496e-08
34  7.5  1.50603e-08
34  8.5  4.87162e-09
34  9.0  2.91611e-09
34  10.0  1.1318e-09
34  9.5  1.79991e-09
34  11.5  3.33025e-10
4  0.2  3.12059
34  10.5  7.35394e-10
4  0.3  2.52072
4  0.4  1.96929
4  0.5  1.49394
4  0.6  1.10685
4  0.7  0.807364
4  0.8  0.585688
4  0.9  0.422906
4  1.0  0.303219
4  1.1  0.218862
34  11.0  4.95981e-10
4  1.2  0.157224
4  1.3  0.113395
4  1.4  0.0822123
4  1.5  0.0600491
34  12.0  2.31757e-10
4  1.6  0.0444025
4  1.7  0.0331622
4  1.8  0.024885
4  1.9  0.0186317
4  2.0  0.0138921
4  2.5  0.00361897
4  3.0  0.00122047
4  3.5  0.000280803
4  4.0  0.000108116
4  5.0  1.66021e-05
4  4.5  4.08757e-05
4  5.5  7.38831e-06
4  6.5  1.69442e-06
4  6.0  3.47354e-06
4  7.0  8.80857e-07
4  7.5  4.75681e-07
4  8.0  2.67573e-07
4  8.5  1.55482e-07
4  9.5  5.71503e-08
4  9.0  9.37101e-08
4  10.0  3.63795e-08
6  0.2  3.08165
6  0.3  2.4925
4  10.5  2.39256e-08
6  0.4  1.94598
6  0.5  1.47493
6  0.6  1.09251
6  0.7  0.797223
6  0.8  0.577742
4  11.0  1.59306e-08
6  0.9  0.416364
6  1.0  0.299608
6  1.1  0.215528
6  1.2  0.15484
6  1.3  0.111872
6  1.4  0.0825756
6  1.5  0.0598835
6  1.6  0.0437588
6  1.7  0.0325283
6  1.8  0.0250628
4  11.5  1.07324e-08
6  1.9  0.0185201
6  2.0  0.0137468
6  2.5  0.00335866
6  3.0  0.000984885
6  3.5  0.000205715
4  12.0  7.4415e-09
6  4.0  0.00010552
6  4.5  4.0044e-05
6  5.0  1.63802e-05
6  5.5  7.25182e-06
6  6.5  1.66152e-06
6  6.0  3.40483e-06
6  7.0  8.63727e-07
6  7.5  4.6645e-07
6  8.0  2.62659e-07
6  8.5  1.52401e-07
6  9.5  5.60639e-08
6  9.0  9.1765e-08
6  10.0  3.61772e-08
8  0.2  3.03537
6  10.5  2.34441e-08
8  0.3  2.45129
8  0.4  1.91328
8  0.5  1.44881
6  11.0  1.56206e-08
8  0.6  1.0706
8  0.7  0.782544
8  0.8  0.565783
8  0.9  0.408467
8  1.0  0.292941
8  1.1  0.210999
8  1.2  0.151884
8  1.3  0.1098
8  1.4  0.0800891
8  1.5  0.0587991
8  1.6  0.0426971
8  1.7  0.031638
8  1.8  0.0235577
8  1.9  0.017911
6  11.5  1.04871e-08
8  2.0  0.0135293
8  2.5  0.00348678
8  3.0  0.000940694
8  3.5  0.000283409
6  12.0  7.30636e-09
8  4.0  0.000103291
8  4.5  3.89326e-05
8  5.0  1.59319e-05
8  6.0  3.29626e-06
8  5.5  7.05028e-06
8  6.5  1.61538e-06
8  7.0  8.40215e-07
8  7.5  4.53941e-07
8  8.0  2.55348e-07
8  9.0  8.83142e-08
8  8.5  1.48172e-07
8  10.0  3.455e-08
8  9.5  5.52687e-08
8  10.5  2.2514e-08
8  11.0  1.49247e-08
8  11.5  1.01896e-08
8  12.0  7.09159e-09
