# exclusive D0 cross section, Pb target, LHAPDF fragmentation, An0n channel
# generated      : 2026-08-19 15:25:09 EEST
# calls          : 1e5 below 4.0 GeV, 2e3 above (see EXCL_PT_THRESHOLD) (VEGAS calls per point, see CALLS_EXCL/CALLS_EXCL_FACTORIZED/CALLS_DIFF)
# dipole samples : data/Pb/bk_posterior/member_0047/glauber_mve_<b>
# pD0 sweep      : 0.2 0.3 0.4 0.5 0.6 0.7 0.8 0.9 1.0 1.1 1.2 1.3 1.4 1.5 1.6 1.7 1.8 1.9 2.0 2.5 3.0 3.5 4.0 4.5 5.0 5.5 6.0 6.5 7.0 7.5 8.0 8.5 9.0 9.5 10.0 10.5 11.0 11.5 12.0
# fixed rapidity y : 3.0
# ============================================================
# b  pD0  dsigma_dyd2pD0
0  0.4  0.335465
0  0.5  0.248492
0  0.3  0.438546
0  0.2  0.5524
0  0.6  0.18
0  0.7  0.128404
0  0.8  0.0906204
0  0.9  0.0638522
0  1.0  0.044776
0  1.2  0.0221056
0  1.1  0.0313801
0  1.6  0.00562873
0  1.3  0.0155301
0  1.5  0.00786517
0  1.4  0.0109894
0  1.9  0.00207937
0  1.8  0.00290448
0  1.7  0.00397905
0  2.0  0.00150727
0  3.0  7.45698e-05
0  2.5  0.000328095
0  3.5  1.94158e-05
0  5.0  5.52464e-07
0  4.5  1.70593e-06
0  4.0  5.64179e-06
0  5.5  1.85471e-07
0  6.5  2.46684e-08
0  7.5  3.84498e-09
0  6.0  6.61766e-08
0  7.0  9.5474e-09
0  9.0  3.01276e-10
0  8.0  1.59059e-09
0  8.5  6.79644e-10
0  9.5  1.33609e-10
0  10.5  2.87093e-11
0  10.0  6.12433e-11
10  0.2  0.529929
10  0.3  0.420492
10  0.4  0.321129
10  0.5  0.237401
10  0.6  0.17165
10  0.7  0.122298
10  0.8  0.0863006
10  0.9  0.0605178
10  1.0  0.042413
10  1.1  0.0297166
10  1.2  0.020803
10  1.3  0.0146409
10  1.4  0.0103377
0  11.0  1.38284e-11
10  1.5  0.00731519
10  1.6  0.00528043
10  1.7  0.00372821
10  1.9  0.00194138
10  1.8  0.00268502
10  2.0  0.00140812
10  2.5  0.000302361
10  3.0  6.74352e-05
10  3.5  1.85114e-05
0  11.5  6.6628e-12
0  12.0  3.28749e-12
10  5.0  5.07416e-07
10  4.5  1.57265e-06
10  4.0  5.21134e-06
10  5.5  1.70656e-07
10  6.5  2.26691e-08
10  6.0  6.07715e-08
10  8.0  1.46813e-09
10  7.0  8.75519e-09
10  8.5  6.26827e-10
10  7.5  3.51521e-09
10  9.5  1.22515e-10
10  10.5  2.65851e-11
10  9.0  2.72234e-10
12  0.2  0.519534
10  11.0  1.24597e-11
12  0.3  0.412143
12  0.4  0.314322
12  0.5  0.232258
12  0.6  0.167826
12  0.7  0.119461
12  0.8  0.0842014
10  10.0  5.5964e-11
12  0.9  0.059042
12  1.0  0.0413093
12  1.1  0.0289273
12  1.2  0.0203126
12  1.3  0.0142311
12  1.4  0.0100513
12  1.5  0.00710585
12  1.6  0.00508157
12  1.7  0.0036202
12  1.8  0.00260583
12  1.9  0.00189081
12  2.5  0.000289858
12  2.0  0.00136328
12  3.0  6.50251e-05
12  3.5  1.93065e-05
10  11.5  6.08034e-12
10  12.0  3.00033e-12
12  5.0  4.88557e-07
12  4.5  1.51336e-06
12  4.0  5.01836e-06
12  5.5  1.63912e-07
12  6.0  5.84063e-08
12  6.5  2.17293e-08
12  7.0  8.40169e-09
12  8.5  6.0304e-10
12  7.5  3.37379e-09
12  8.0  1.39566e-09
12  9.5  1.17454e-10
12  9.0  2.60966e-10
12  11.0  1.19542e-11
14  0.2  0.506882
12  10.0  5.35921e-11
14  0.3  0.401566
14  0.4  0.305859
14  0.5  0.225944
14  0.6  0.163125
14  0.7  0.115991
14  0.8  0.0816857
12  10.5  2.50769e-11
14  0.9  0.0572294
14  1.0  0.0399857
14  1.1  0.0279192
14  1.2  0.0195448
14  1.3  0.0137371
14  1.4  0.00975951
14  1.6  0.00491595
14  1.5  0.00687035
14  1.7  0.00351469
14  1.8  0.00251165
14  1.9  0.00181505
14  2.0  0.00134278
14  2.5  0.000277958
14  3.0  6.45597e-05
12  11.5  5.82071e-12
14  3.5  1.60185e-05
12  12.0  2.87124e-12
14  4.0  4.80824e-06
14  4.5  1.44234e-06
14  5.0  4.60938e-07
14  5.5  1.55781e-07
14  6.5  2.07412e-08
14  6.0  5.55496e-08
14  7.0  7.98837e-09
14  8.5  5.73502e-10
14  7.5  3.20351e-09
14  9.0  2.4951e-10
14  9.5  1.11249e-10
14  8.0  1.32585e-09
14  10.0  5.07957e-11
14  11.0  1.13341e-11
14  10.5  2.38224e-11
16  0.2  0.491262
16  0.3  0.388866
16  0.4  0.296064
16  0.5  0.2183
16  0.6  0.1574
16  0.7  0.111754
16  0.9  0.0550308
16  0.8  0.0785999
16  1.0  0.0383919
16  1.1  0.0267635
16  1.2  0.0187279
16  1.3  0.0131528
16  1.4  0.00932883
16  1.5  0.00662629
16  1.6  0.00468235
16  1.7  0.00334173
16  1.9  0.00172842
16  1.8  0.00238773
16  2.0  0.00125256
16  2.5  0.000264222
16  3.0  5.99619e-05
16  3.5  1.54491e-05
14  11.5  5.51094e-12
14  12.0  2.72063e-12
16  4.5  1.35866e-06
16  4.0  4.50907e-06
16  5.0  4.33935e-07
16  6.5  1.95038e-08
16  5.5  1.46694e-07
16  7.0  7.48862e-09
16  6.0  5.21482e-08
16  8.5  5.3349e-10
16  7.5  2.9985e-09
16  8.0  1.24227e-09
16  10.0  4.76682e-11
16  9.0  2.31742e-10
16  9.5  1.03749e-10
16  11.0  1.05978e-11
18  0.2  0.472497
18  0.3  0.373424
18  0.4  0.284167
18  0.5  0.209118
18  0.6  0.150543
18  0.7  0.106698
18  0.8  0.0748677
18  0.9  0.0523526
18  1.0  0.0364767
16  10.5  2.23041e-11
18  1.1  0.0254359
18  1.2  0.0177636
18  1.3  0.0124406
18  1.4  0.00881957
18  1.5  0.00617768
18  1.6  0.00441784
18  1.7  0.00315162
18  1.8  0.00224573
18  1.9  0.0016252
18  2.0  0.00118409
18  3.0  5.60652e-05
18  2.5  0.000248885
18  3.5  1.51046e-05
16  11.5  5.14873e-12
16  12.0  2.5404e-12
18  4.5  1.26131e-06
18  5.5  1.35975e-07
18  4.0  4.19214e-06
18  5.0  4.01929e-07
18  7.0  6.95724e-09
18  6.5  1.79313e-08
18  6.0  4.82096e-08
18  7.5  2.77185e-09
18  8.0  1.14592e-09
18  8.5  4.88315e-10
18  9.0  2.13268e-10
18  10.0  4.38924e-11
18  9.5  9.55238e-11
18  10.5  2.05142e-11
2  0.2  0.551418
2  0.3  0.438195
2  0.4  0.334909
2  0.5  0.248062
2  0.6  0.179677
2  0.7  0.128167
18  11.0  9.74778e-12
2  0.8  0.0905973
2  0.9  0.0637163
2  1.0  0.0446839
2  1.1  0.0313261
2  1.2  0.0219829
2  1.3  0.0154964
2  1.5  0.00784735
2  1.4  0.0109543
2  1.7  0.00396865
2  1.6  0.00556862
2  1.8  0.00289571
2  1.9  0.00206901
2  2.0  0.00150065
2  2.5  0.000327031
2  3.0  7.43962e-05
2  3.5  1.9725e-05
18  11.5  4.73067e-12
18  12.0  2.33345e-12
2  4.0  5.62485e-06
2  4.5  1.69516e-06
2  5.0  5.44687e-07
2  6.5  2.45897e-08
2  5.5  1.84883e-07
2  6.0  6.59681e-08
2  7.5  3.83311e-09
2  7.0  9.51606e-09
2  9.0  3.00467e-10
2  8.0  1.58539e-09
2  8.5  6.76376e-10
2  9.5  1.334e-10
2  10.5  2.8674e-11
2  10.0  6.10438e-11
20  0.2  0.449707
20  0.3  0.354985
20  0.4  0.269502
20  0.5  0.198054
20  0.6  0.142314
20  0.7  0.1007
20  0.8  0.0704505
20  0.9  0.0491752
20  1.0  0.0342334
20  1.1  0.0238206
20  1.2  0.0166075
2  11.0  1.36687e-11
20  1.3  0.0116141
20  1.4  0.00821988
20  1.5  0.00578592
20  1.6  0.00410727
20  1.7  0.0029362
20  1.9  0.00151156
20  1.8  0.00208434
20  2.0  0.00108219
20  2.5  0.000228523
20  3.0  5.2262e-05
20  3.5  1.47517e-05
2  11.5  6.63963e-12
2  12.0  3.27415e-12
20  4.0  3.84648e-06
20  4.5  1.14908e-06
20  5.0  3.65795e-07
20  5.5  1.23888e-07
20  6.5  1.63347e-08
20  6.0  4.37385e-08
20  7.0  6.26313e-09
20  7.5  2.50372e-09
20  8.0  1.03496e-09
20  8.5  4.41194e-10
20  9.0  1.9235e-10
20  9.5  8.61728e-11
20  11.0  8.81236e-12
22  0.2  0.422132
20  10.0  3.93932e-11
22  0.3  0.332953
22  0.4  0.252147
22  0.5  0.184858
22  0.6  0.132396
20  10.5  1.85498e-11
22  0.7  0.0934304
22  0.8  0.0651762
22  0.9  0.0454534
22  1.1  0.0218975
22  1.0  0.0315366
22  1.2  0.0152463
22  1.3  0.0106359
22  1.4  0.0075315
22  1.5  0.00530464
22  1.7  0.002666
22  1.6  0.00374642
22  1.8  0.00189028
22  1.9  0.00135252
22  2.0  0.000997552
22  2.5  0.000206844
22  3.0  4.59861e-05
22  3.5  1.28251e-05
20  11.5  4.25775e-12
20  12.0  2.09886e-12
22  5.0  3.27052e-07
22  4.5  1.02144e-06
22  4.0  3.40877e-06
22  6.0  3.89059e-08
22  5.5  1.09601e-07
22  8.0  9.16563e-10
22  6.5  1.43137e-08
22  7.0  5.5169e-09
22  7.5  2.20218e-09
22  9.0  1.69494e-10
22  8.5  3.8778e-10
22  9.5  7.55678e-11
22  10.0  3.45149e-11
24  0.2  0.388348
24  0.3  0.305504
24  0.4  0.230657
24  0.5  0.168651
24  0.6  0.120371
24  0.7  0.0846366
24  0.9  0.0408531
22  10.5  1.60699e-11
24  0.8  0.0590216
24  1.0  0.028335
24  1.1  0.0196265
24  1.2  0.0135946
22  11.5  3.73353e-12
24  1.3  0.00947604
24  1.5  0.00467958
24  1.4  0.00670081
22  11.0  7.68675e-12
24  1.6  0.00328198
24  1.7  0.00233654
24  1.8  0.0016685
24  1.9  0.00120051
24  2.0  0.000873201
24  2.5  0.000180229
24  3.0  4.08884e-05
24  3.5  1.01072e-05
22  12.0  1.83312e-12
24  4.5  8.75038e-07
24  4.0  2.93895e-06
24  5.0  2.77221e-07
24  5.5  9.31651e-08
24  6.5  1.21813e-08
24  6.0  3.29023e-08
24  7.5  1.89023e-09
24  7.0  4.67691e-09
24  9.0  1.43359e-10
24  8.0  7.6953e-10
24  8.5  3.26859e-10
24  10.5  1.35515e-11
24  9.5  6.36803e-11
26  0.2  0.346751
26  0.3  0.271928
26  0.4  0.204448
26  0.5  0.148893
26  0.6  0.105774
24  10.0  2.9061e-11
26  0.7  0.0741048
24  11.0  6.46607e-12
26  0.8  0.0513591
26  0.9  0.0354728
26  1.1  0.0169175
26  1.0  0.0244664
26  1.2  0.0116734
26  1.3  0.00811676
26  1.5  0.00400671
26  1.4  0.00565717
26  1.6  0.00279316
26  1.8  0.00141136
26  1.7  0.00197769
26  1.9  0.00101346
26  2.0  0.000742008
26  2.5  0.000150536
26  3.0  3.34423e-05
26  3.5  8.39657e-06
24  11.5  3.11913e-12
24  12.0  1.53582e-12
26  4.0  2.40019e-06
26  4.5  7.10467e-07
26  5.0  2.24989e-07
26  7.0  3.78188e-09
26  5.5  7.5279e-08
26  7.5  1.51058e-09
26  6.0  2.65184e-08
26  6.5  9.80036e-09
26  8.5  2.62339e-10
26  8.0  6.13937e-10
26  9.0  1.13543e-10
26  9.5  5.06726e-11
26  10.0  2.31094e-11
28  0.2  0.295645
28  0.3  0.230943
28  0.4  0.172849
28  0.5  0.125105
28  0.6  0.0883739
28  0.7  0.0615591
28  0.8  0.0424893
26  10.5  1.07639e-11
28  0.9  0.029186
28  1.1  0.0137583
28  1.0  0.020041
28  1.2  0.00945617
28  1.3  0.00654297
28  1.4  0.00453583
28  1.5  0.00319527
26  11.0  5.11512e-12
28  1.6  0.00222295
28  1.7  0.00157351
28  1.8  0.00112704
28  1.9  0.000809619
28  2.0  0.000582106
28  2.5  0.00011641
28  3.0  2.59987e-05
28  3.5  6.9681e-06
26  11.5  2.47234e-12
26  12.0  1.2156e-12
28  4.0  1.8367e-06
28  4.5  5.35523e-07
28  5.0  1.68769e-07
28  5.5  5.62271e-08
28  6.5  7.26135e-09
28  6.0  1.97356e-08
28  7.5  1.10675e-09
28  7.0  2.77594e-09
28  8.0  4.52339e-10
28  8.5  1.91338e-10
28  9.0  8.30921e-11
28  9.5  3.70192e-11
28  10.0  1.68267e-11
30  0.2  0.235689
30  0.3  0.183036
30  0.4  0.136101
30  0.6  0.0684483
30  0.5  0.0977121
30  0.7  0.047366
28  10.5  7.82882e-12
30  0.8  0.0323637
30  0.9  0.0221072
30  1.0  0.0150799
30  1.1  0.0102945
30  1.2  0.00703011
30  1.3  0.00482844
30  1.4  0.00336027
30  1.5  0.00231562
28  11.0  3.72821e-12
30  1.6  0.00161574
30  1.7  0.00113976
30  1.8  0.000799996
30  1.9  0.000582627
30  2.0  0.000409751
30  2.5  8.03328e-05
30  3.0  1.87006e-05
30  3.5  4.33978e-06
28  11.5  1.79406e-12
30  4.0  1.23437e-06
28  12.0  8.80908e-13
30  4.5  3.62337e-07
30  6.0  1.32143e-08
30  5.5  3.76159e-08
30  5.0  1.13177e-07
30  7.5  7.3074e-10
30  6.5  4.79321e-09
30  7.0  1.82506e-09
30  8.0  2.96064e-10
30  10.0  1.08779e-11
30  8.5  1.2457e-10
30  9.0  5.3855e-11
30  9.5  2.39384e-11
32  0.2  0.171459
32  0.3  0.132061
32  0.4  0.0972751
30  11.5  1.15472e-12
32  0.5  0.0691167
32  0.6  0.0479535
32  0.7  0.0327961
32  0.8  0.022202
32  0.9  0.0150351
32  1.0  0.0101424
32  1.1  0.00685143
32  1.2  0.00465909
32  1.3  0.00318729
32  1.4  0.00218182
30  10.5  5.03831e-12
32  1.6  0.00104719
32  1.5  0.00150292
32  1.7  0.000732707
32  1.8  0.000515028
32  1.9  0.000368755
32  2.0  0.000261246
30  11.0  2.38416e-12
32  2.5  5.10602e-05
32  3.0  1.15691e-05
32  3.5  2.86603e-06
30  12.0  5.62669e-13
32  4.5  2.1289e-07
32  4.0  7.31935e-07
32  5.0  6.55971e-08
32  6.5  2.75115e-09
32  5.5  2.15564e-08
32  6.0  7.46985e-09
32  7.0  1.02908e-09
32  7.5  4.04884e-10
32  8.0  1.64853e-10
32  8.5  6.91247e-11
32  9.0  2.97577e-11
32  10.0  5.97618e-12
32  9.5  1.31669e-11
34  0.2  0.112116
34  0.3  0.0854828
34  0.4  0.0622322
34  0.5  0.0436944
34  0.6  0.0298815
32  12.0  3.07605e-13
32  10.5  2.75275e-12
34  0.7  0.0202007
34  0.8  0.0135375
34  0.9  0.00903445
34  1.0  0.00603406
34  1.2  0.00272079
34  1.1  0.00405279
34  1.3  0.00183786
34  1.4  0.00125102
34  1.6  0.000589134
32  11.0  1.29775e-12
34  1.5  0.000856032
34  1.7  0.000410678
34  1.8  0.000285803
34  1.9  0.000202527
34  2.0  0.000142187
34  3.0  6.08972e-06
34  2.5  2.69666e-05
34  3.5  1.76128e-06
32  11.5  6.24113e-13
34  5.0  3.21586e-08
34  4.5  1.05812e-07
34  4.0  3.69791e-07
34  5.5  1.05068e-08
34  6.5  1.30345e-09
34  6.0  3.60779e-09
34  7.0  4.89032e-10
34  8.5  3.23206e-11
34  7.5  1.90808e-10
34  9.5  6.1133e-12
34  8.0  7.72737e-11
34  9.0  1.37729e-11
34  10.0  2.72928e-12
4  0.2  0.54883
34  11.5  2.83493e-13
4  0.3  0.43583
4  0.4  0.333289
4  0.5  0.246767
4  0.6  0.178701
4  0.7  0.127453
4  0.8  0.0901321
4  0.9  0.0633226
34  10.5  1.2541e-12
4  1.0  0.0444062
4  1.1  0.0310852
4  1.2  0.0219218
4  1.3  0.015393
4  1.4  0.0108902
4  1.5  0.00779144
4  1.6  0.00552069
4  1.7  0.00393932
4  1.8  0.00286975
4  1.9  0.00205091
34  11.0  5.88607e-13
4  2.5  0.000323165
4  2.0  0.00148616
4  3.0  7.30875e-05
4  3.5  1.99083e-05
34  12.0  1.37246e-13
4  4.5  1.68454e-06
4  4.0  5.57413e-06
4  5.0  5.39586e-07
4  6.5  2.43514e-08
4  5.5  1.83133e-07
4  6.0  6.53371e-08
4  7.5  3.79728e-09
4  7.0  9.42456e-09
4  8.5  6.71954e-10
4  8.0  1.56825e-09
4  9.5  1.32217e-10
4  9.0  2.93569e-10
4  11.0  1.35523e-11
6  0.2  0.544657
4  10.5  2.83667e-11
6  0.3  0.432268
6  0.4  0.33041
6  0.5  0.244586
6  0.6  0.177057
4  10.0  6.04168e-11
6  0.8  0.0891133
6  0.7  0.126245
6  0.9  0.0626576
6  1.0  0.0439399
6  1.1  0.0307648
6  1.2  0.021676
6  1.3  0.0152039
6  1.4  0.0107605
6  1.5  0.00770767
6  1.6  0.00544834
6  1.7  0.00390386
6  1.8  0.00281741
6  1.9  0.00201998
6  2.5  0.00032117
6  2.0  0.00146761
6  3.0  7.31073e-05
6  3.5  1.96877e-05
4  11.5  6.56988e-12
4  12.0  3.2403e-12
6  4.5  1.65802e-06
6  4.0  5.48646e-06
6  5.0  5.31057e-07
6  6.5  2.39525e-08
6  5.5  1.80221e-07
6  6.0  6.43147e-08
6  7.5  3.73914e-09
6  7.0  9.26508e-09
6  8.0  1.55462e-09
6  8.5  6.54376e-10
6  9.0  2.88537e-10
6  9.5  1.2929e-10
6  11.0  1.33253e-11
8  0.2  0.538158
6  10.0  5.93817e-11
6  10.5  2.78726e-11
8  0.3  0.427561
8  0.4  0.326378
8  0.5  0.241483
8  0.6  0.17472
8  0.8  0.0879848
8  0.7  0.124611
8  0.9  0.0616908
8  1.0  0.0432808
8  1.1  0.0303544
8  1.2  0.0213324
8  1.3  0.0149489
8  1.4  0.0105656
8  1.5  0.00757591
8  1.6  0.00535645
8  1.8  0.00278256
8  1.7  0.00382153
8  1.9  0.00198895
8  2.0  0.00144907
8  2.5  0.000311756
8  3.0  7.02357e-05
8  3.5  1.93853e-05
6  11.5  6.454e-12
8  5.0  5.25951e-07
6  12.0  3.18326e-12
8  4.5  1.62081e-06
8  4.0  5.36647e-06
8  5.5  1.76065e-07
8  6.5  2.33985e-08
8  6.0  6.27445e-08
8  7.0  9.04873e-09
8  7.5  3.63732e-09
8  9.5  1.26743e-10
8  8.0  1.5058e-09
8  8.5  6.42043e-10
8  9.0  2.81499e-10
8  10.0  5.79795e-11
8  10.5  2.71012e-11
8  11.0  1.29513e-11
8  11.5  6.29086e-12
8  12.0  3.1025e-12
