# exclusive D0 cross section, Pb target, LHAPDF fragmentation, An0n channel
# generated      : 2026-08-19 15:25:09 EEST
# calls          : 1e5 below 4.0 GeV, 2e3 above (see EXCL_PT_THRESHOLD) (VEGAS calls per point, see CALLS_EXCL/CALLS_EXCL_FACTORIZED/CALLS_DIFF)
# dipole samples : data/Pb/bk_posterior/member_0047/glauber_mve_<b>
# pD0 sweep      : 0.2 0.3 0.4 0.5 0.6 0.7 0.8 0.9 1.0 1.1 1.2 1.3 1.4 1.5 1.6 1.7 1.8 1.9 2.0 2.5 3.0 3.5 4.0 4.5 5.0 5.5 6.0 6.5 7.0 7.5 8.0 8.5 9.0 9.5 10.0 10.5 11.0 11.5 12.0
# fixed rapidity y : 1.0
# ============================================================
# b  pD0  dsigma_dyd2pD0
0  0.4  1.8587
0  0.2  2.92404
0  0.5  1.41907
0  0.3  2.37038
0  0.6  1.06271
0  0.7  0.785586
0  0.8  0.576222
0  0.9  0.421685
0  1.2  0.166537
0  1.0  0.307903
0  1.1  0.225664
0  1.3  0.121974
0  1.4  0.09052
0  1.5  0.0674174
0  1.7  0.0379708
0  1.6  0.0503565
0  1.8  0.0290015
0  1.9  0.0223953
0  2.0  0.0166834
0  2.5  0.00456082
0  3.5  0.000550163
0  3.0  0.00144735
0  4.5  6.67592e-05
0  4.0  0.000172152
0  5.0  2.79852e-05
0  5.5  1.22928e-05
0  6.0  5.69616e-06
0  6.5  2.75313e-06
0  7.0  1.38422e-06
0  8.0  3.88054e-07
0  7.5  7.1972e-07
0  8.5  2.13686e-07
0  9.0  1.21383e-07
0  9.5  7.06567e-08
0  10.5  2.55796e-08
0  10.0  4.21224e-08
10  0.2  2.78769
0  11.0  1.58438e-08
10  0.3  2.25551
10  0.4  1.7648
10  0.5  1.34544
10  0.6  1.00458
10  0.7  0.741291
10  0.8  0.542471
10  0.9  0.396798
10  1.0  0.288622
10  1.1  0.212045
10  1.2  0.155164
10  1.3  0.114115
10  1.4  0.0843232
10  1.5  0.0626257
10  1.6  0.046788
10  1.7  0.0352441
10  1.9  0.0206289
10  1.8  0.0270867
0  12.0  6.37481e-09
10  2.0  0.015763
10  3.0  0.00120227
10  2.5  0.00409665
10  3.5  0.000472272
0  11.5  9.9468e-09
10  4.0  0.000157851
10  5.0  2.55145e-05
10  4.5  6.13193e-05
10  6.0  5.1733e-06
10  5.5  1.12407e-05
10  6.5  2.51617e-06
10  7.0  1.2623e-06
10  7.5  6.57959e-07
10  8.0  3.53866e-07
10  10.0  3.83503e-08
10  8.5  1.94669e-07
10  9.0  1.10498e-07
10  9.5  6.4668e-08
10  10.5  2.32911e-08
12  0.2  2.72272
12  0.3  2.20007
12  0.4  1.72189
10  11.5  9.04507e-09
12  0.5  1.31046
12  0.6  0.978995
12  0.7  0.721287
10  11.0  1.44016e-08
12  0.8  0.527805
12  0.9  0.385815
12  1.0  0.28086
12  1.1  0.205367
12  1.3  0.110867
12  1.2  0.149902
12  1.4  0.0816945
12  1.5  0.0606307
12  1.6  0.0455018
12  1.8  0.0260344
12  1.7  0.0340199
12  1.9  0.0196261
12  2.0  0.0153072
12  2.5  0.00411611
12  3.0  0.00117185
12  3.5  0.000436093
12  4.5  5.89312e-05
10  12.0  5.7685e-09
12  4.0  0.000151403
12  5.0  2.44526e-05
12  6.0  4.95824e-06
12  5.5  1.07734e-05
12  6.5  2.40789e-06
12  7.5  6.29832e-07
12  7.0  1.20191e-06
12  8.0  3.38402e-07
12  8.5  1.86019e-07
12  9.0  1.05636e-07
12  9.5  6.14674e-08
12  10.0  3.67027e-08
14  0.2  2.64381
14  0.3  2.13688
12  11.0  1.3759e-08
14  0.4  1.66932
12  10.5  2.2248e-08
14  0.5  1.26973
14  0.6  0.946889
14  0.7  0.697093
14  0.8  0.50911
14  0.9  0.37042
14  1.0  0.270207
14  1.1  0.197341
14  1.2  0.144191
14  1.3  0.10609
14  1.4  0.0782703
14  1.5  0.0580364
14  1.6  0.0440133
14  1.7  0.032514
14  1.8  0.0244233
14  1.9  0.0188707
14  2.0  0.0144829
14  2.5  0.00388162
14  3.0  0.00116403
14  3.5  0.000443163
12  11.5  8.61764e-09
12  12.0  5.50956e-09
14  5.5  1.01324e-05
14  4.0  0.000143302
14  4.5  5.59672e-05
14  5.0  2.32003e-05
14  6.0  4.72352e-06
14  6.5  2.28196e-06
14  7.5  5.95729e-07
14  7.0  1.13693e-06
14  8.0  3.2021e-07
14  8.5  1.75632e-07
14  9.0  9.99069e-08
14  10.5  2.09739e-08
14  9.5  5.80721e-08
14  11.5  8.19577e-09
16  0.2  2.5502
16  0.3  2.05694
14  11.0  1.29942e-08
16  0.4  1.60549
14  10.0  3.4626e-08
16  0.5  1.21972
16  0.6  0.907758
16  0.7  0.667142
16  0.8  0.48718
16  0.9  0.354033
16  1.0  0.257424
16  1.1  0.187695
16  1.3  0.101028
16  1.2  0.136926
16  1.4  0.0747431
16  1.5  0.0550446
16  1.6  0.0414111
16  1.7  0.0308588
16  1.8  0.0233215
16  1.9  0.0179232
16  2.0  0.013426
16  2.5  0.00360786
16  3.0  0.0011236
16  3.5  0.000418316
14  12.0  5.21077e-09
16  5.0  2.1552e-05
16  4.5  5.24404e-05
16  5.5  9.48746e-06
16  4.0  0.000134336
16  6.0  4.41269e-06
16  6.5  2.13197e-06
16  7.5  5.51136e-07
16  7.0  1.06585e-06
16  8.0  2.9896e-07
16  8.5  1.64073e-07
16  9.0  9.32577e-08
16  10.5  1.95401e-08
16  9.5  5.41247e-08
18  0.2  2.43749
18  0.3  1.96268
16  10.0  3.2285e-08
18  0.4  1.5298
18  0.5  1.15986
18  0.6  0.861754
18  0.7  0.632158
16  11.0  1.21022e-08
18  0.8  0.46013
18  0.9  0.333939
18  1.0  0.242704
18  1.1  0.176668
16  11.5  7.60597e-09
18  1.2  0.128706
18  1.3  0.0948413
18  1.4  0.0694722
18  1.5  0.0518866
18  1.6  0.0386676
18  1.7  0.0287035
18  1.8  0.02197
18  1.9  0.0168489
18  2.0  0.0126439
18  2.5  0.00337668
18  3.5  0.000363819
18  3.0  0.00103636
16  12.0  4.85669e-09
18  5.0  2.00207e-05
18  5.5  8.70953e-06
18  4.0  0.00012399
18  4.5  4.8352e-05
18  6.0  4.03622e-06
18  7.5  5.06661e-07
18  6.5  1.96049e-06
18  7.0  9.77622e-07
18  8.0  2.74571e-07
18  9.0  8.54716e-08
18  8.5  1.50611e-07
18  10.5  1.78896e-08
18  9.5  4.9618e-08
2  0.2  2.91919
18  10.0  2.95947e-08
2  0.3  2.36408
2  0.4  1.85515
2  0.5  1.41646
2  0.6  1.06123
18  11.0  1.10829e-08
2  0.7  0.783824
2  0.8  0.574697
2  0.9  0.420392
2  1.0  0.307037
2  1.2  0.166108
2  1.1  0.22505
2  1.3  0.121544
2  1.4  0.0901424
2  1.5  0.0673825
2  1.6  0.0501933
2  1.7  0.0378295
2  1.8  0.0289611
2  1.9  0.0219841
2  2.0  0.0165718
2  2.5  0.00455974
2  3.0  0.00145265
18  12.0  4.44534e-09
2  3.5  0.000476116
18  11.5  6.94597e-09
2  4.5  6.64529e-05
2  4.0  0.000171607
2  5.0  2.78855e-05
2  5.5  1.22906e-05
2  6.5  2.74277e-06
2  6.0  5.67662e-06
2  7.5  7.13396e-07
2  7.0  1.38065e-06
2  8.0  3.8671e-07
2  8.5  2.12925e-07
2  9.0  1.20951e-07
2  9.5  7.04104e-08
2  10.5  2.54892e-08
2  10.0  4.19718e-08
20  0.2  2.3004
2  11.0  1.57865e-08
20  0.3  1.84944
20  0.4  1.439
20  0.5  1.08807
20  0.6  0.806092
20  0.7  0.59075
20  0.8  0.428829
20  0.9  0.310761
20  1.0  0.225585
20  1.1  0.163322
20  1.2  0.119098
20  1.3  0.0873457
20  1.4  0.0641516
20  1.5  0.0475591
20  1.6  0.0355348
20  1.7  0.0266178
20  1.8  0.020211
20  1.9  0.0149029
2  12.0  6.35162e-09
20  2.0  0.0114202
20  2.5  0.00295826
20  3.0  0.000969231
20  3.5  0.000396758
2  11.5  9.91244e-09
20  5.5  7.89663e-06
20  4.0  0.000112149
20  4.5  4.37421e-05
20  5.0  1.80652e-05
20  6.0  3.65655e-06
20  7.5  4.54593e-07
20  6.5  1.76404e-06
20  7.0  8.75959e-07
20  8.0  2.46369e-07
20  9.0  7.6485e-08
20  8.5  1.3524e-07
20  9.5  4.45013e-08
20  10.0  2.65375e-08
22  0.2  2.13513
20  11.0  9.92782e-09
22  0.3  1.71615
22  0.4  1.33066
22  0.5  1.00346
22  0.6  0.74035
22  0.7  0.541254
20  10.5  1.59191e-08
22  0.8  0.391888
22  0.9  0.283671
22  1.0  0.205213
22  1.1  0.148301
22  1.2  0.108023
22  1.3  0.0786448
22  1.4  0.0578187
22  1.6  0.0320229
22  1.5  0.0428219
22  1.7  0.0238305
22  1.8  0.018085
22  2.0  0.010321
22  1.9  0.0134396
22  2.5  0.00274829
22  3.5  0.000317276
22  3.0  0.000802166
20  11.5  6.22711e-09
20  12.0  3.9837e-09
22  4.5  3.8566e-05
22  4.0  9.88891e-05
22  5.0  1.58805e-05
22  5.5  6.96432e-06
22  7.5  3.96915e-07
22  6.0  3.205e-06
22  6.5  1.53766e-06
22  7.0  7.68203e-07
22  8.0  2.14895e-07
22  8.5  1.17694e-07
22  9.0  6.69105e-08
22  9.5  3.87559e-08
22  10.5  1.39937e-08
22  10.0  2.30921e-08
24  0.2  1.93657
24  0.3  1.55142
22  11.0  8.62954e-09
24  0.4  1.1994
24  0.5  0.901165
24  0.6  0.663738
24  0.7  0.482618
24  0.8  0.349022
24  0.9  0.250648
24  1.0  0.180574
24  1.1  0.130528
24  1.2  0.0948497
24  1.4  0.0506413
24  1.3  0.0690099
24  1.5  0.0371591
24  1.6  0.0277115
24  1.8  0.0156749
24  1.7  0.0205454
24  1.9  0.0117492
24  2.0  0.00897519
24  2.5  0.00233492
24  3.5  0.000240023
24  3.0  0.00073233
22  11.5  5.40856e-09
22  12.0  3.4578e-09
24  4.5  3.25487e-05
24  5.0  1.34414e-05
24  4.0  8.39764e-05
24  5.5  5.87127e-06
24  6.0  2.69468e-06
24  6.5  1.29615e-06
24  7.0  6.45076e-07
24  7.5  3.34625e-07
24  8.0  1.79337e-07
24  8.5  9.88983e-08
24  10.0  1.93471e-08
24  9.0  5.58408e-08
24  9.5  3.23844e-08
24  10.5  1.16843e-08
26  0.2  1.69697
26  0.3  1.35402
24  11.5  4.49309e-09
26  0.4  1.04208
24  11.0  7.19824e-09
26  0.5  0.779306
26  0.6  0.57097
26  0.7  0.413357
26  0.8  0.297449
26  0.9  0.212601
26  1.0  0.152749
26  1.1  0.110109
26  1.2  0.0793574
26  1.4  0.0424533
26  1.3  0.0576146
26  1.5  0.0309976
26  1.7  0.0171952
26  1.6  0.0229278
26  1.8  0.0130158
26  1.9  0.00981437
26  2.0  0.00724261
26  3.0  0.000587149
26  2.5  0.00188925
26  3.5  0.000140845
24  12.0  2.87885e-09
26  5.0  1.07041e-05
26  4.0  6.72358e-05
26  4.5  2.60154e-05
26  6.5  1.01795e-06
26  5.5  4.64761e-06
26  6.0  2.13919e-06
26  7.0  5.10876e-07
26  7.5  2.65774e-07
26  8.0  1.41486e-07
26  8.5  7.7967e-08
26  9.0  4.40227e-08
26  9.5  2.54625e-08
26  10.5  9.17672e-09
26  10.0  1.51233e-08
28  0.2  1.40794
26  11.5  3.51972e-09
28  0.3  1.11801
26  11.0  5.64619e-09
28  0.4  0.855758
28  0.5  0.636025
28  0.6  0.463001
28  0.7  0.33283
28  0.8  0.237911
28  1.0  0.120864
28  0.9  0.169429
28  1.1  0.086468
28  1.3  0.045059
28  1.2  0.0622676
28  1.4  0.0328167
28  1.5  0.024049
28  1.6  0.0177587
28  1.7  0.0133999
28  1.8  0.0100293
28  1.9  0.00730191
28  2.5  0.00148965
28  2.0  0.0055501
28  3.5  0.000169441
28  3.0  0.000452434
26  12.0  2.25452e-09
28  4.0  4.99676e-05
28  4.5  1.91413e-05
28  5.0  7.83869e-06
28  5.5  3.41393e-06
28  6.0  1.56029e-06
28  6.5  7.47385e-07
28  8.0  1.01162e-07
28  7.5  1.91889e-07
28  7.0  3.70132e-07
28  8.5  5.61556e-08
28  10.0  1.09234e-08
28  9.0  3.16775e-08
28  9.5  1.8312e-08
28  10.5  6.57354e-09
30  0.2  1.08074
30  0.3  0.852944
30  0.4  0.646746
30  0.5  0.476771
30  0.6  0.343908
30  0.7  0.244969
30  0.8  0.17365
30  0.9  0.122811
30  1.0  0.0870609
30  1.1  0.0618783
28  11.0  4.0207e-09
30  1.2  0.0444714
30  1.3  0.0320121
30  1.4  0.0230902
30  1.6  0.0125543
30  1.5  0.0168652
30  1.8  0.00697834
30  1.7  0.00910072
30  1.9  0.00518067
30  2.0  0.0038871
28  11.5  2.52369e-09
30  2.5  0.000959266
30  3.0  0.000277065
30  3.5  9.41091e-05
28  12.0  1.61018e-09
30  4.5  1.25188e-05
30  4.0  3.27801e-05
30  5.0  5.10224e-06
30  6.0  1.0035e-06
30  5.5  2.20397e-06
30  6.5  4.78374e-07
30  8.5  3.52611e-08
30  7.0  2.37176e-07
30  7.5  1.22337e-07
30  8.0  6.50651e-08
30  9.5  1.16198e-08
30  9.0  2.00841e-08
30  10.0  6.82379e-09
32  0.2  0.743501
32  0.3  0.58142
32  0.4  0.437047
32  0.5  0.31841
32  0.6  0.227112
30  11.0  2.53557e-09
32  0.7  0.160175
32  0.8  0.112304
32  0.9  0.0786349
32  1.0  0.0552096
30  10.5  4.12859e-09
32  1.1  0.0389186
32  1.2  0.0276044
32  1.3  0.0197212
32  1.4  0.0141825
32  1.5  0.010266
32  1.7  0.00560252
32  1.6  0.00747246
32  1.9  0.00306607
32  1.8  0.00415749
32  2.0  0.00229432
32  2.5  0.00058701
32  3.0  0.00015658
32  3.5  3.80429e-05
30  11.5  1.58254e-09
30  12.0  1.00682e-09
32  4.5  6.99774e-06
32  5.0  2.82567e-06
32  5.5  1.21848e-06
32  4.0  1.84772e-05
32  6.0  5.51323e-07
32  6.5  2.60639e-07
32  7.0  1.28719e-07
32  7.5  6.60691e-08
32  8.0  3.4959e-08
32  8.5  1.90837e-08
32  9.0  1.07166e-08
32  10.0  3.64705e-09
32  10.5  2.19419e-09
32  9.5  6.16593e-09
34  0.2  0.45211
34  0.3  0.349912
32  11.0  1.34483e-09
34  0.4  0.259594
34  0.5  0.186542
34  0.6  0.131221
34  0.7  0.0912342
34  0.8  0.0631665
34  0.9  0.0437262
34  1.0  0.0303695
34  1.1  0.021195
34  1.2  0.0149472
34  1.3  0.0105297
34  1.4  0.00756017
34  1.5  0.00543648
34  1.6  0.00396756
34  1.7  0.00287388
34  1.8  0.0021448
34  1.9  0.00154282
34  2.0  0.00115942
34  3.0  9.17467e-05
34  2.5  0.000295472
34  3.5  3.30587e-05
32  11.5  8.3896e-10
32  12.0  5.30319e-10
34  5.5  5.58345e-07
34  4.0  8.77467e-06
34  4.5  3.29092e-06
34  5.0  1.31843e-06
34  6.0  2.52667e-07
34  6.5  1.1836e-07
34  7.0  5.81462e-08
34  8.0  1.56882e-08
34  7.5  2.97055e-08
34  8.5  8.48293e-09
34  9.5  2.72695e-09
34  9.0  4.74081e-09
34  10.0  1.59775e-09
34  10.5  9.59869e-10
4  0.2  2.90295
4  0.3  2.34948
4  0.4  1.84388
4  0.5  1.40805
4  0.6  1.05357
4  0.7  0.778667
4  0.8  0.570642
4  0.9  0.417341
4  1.0  0.304791
4  1.1  0.223488
4  1.2  0.163961
4  1.3  0.121811
4  1.4  0.0896549
4  1.5  0.0668278
4  1.6  0.0497812
4  1.8  0.0286315
4  1.7  0.0374593
4  1.9  0.0214445
4  2.0  0.0163462
34  11.0  5.84195e-10
4  2.5  0.00460978
4  3.0  0.00134056
4  3.5  0.000471148
34  11.5  3.63709e-10
34  12.0  2.29477e-10
4  4.5  6.57872e-05
4  4.0  0.000169887
4  5.0  2.75242e-05
4  5.5  1.21305e-05
4  7.0  1.3653e-06
4  6.5  2.71459e-06
4  7.5  7.05773e-07
4  6.0  5.61715e-06
4  8.0  3.8264e-07
4  8.5  2.10645e-07
4  9.0  1.19646e-07
4  9.5  6.94354e-08
4  10.5  2.52189e-08
6  0.2  2.87496
6  0.3  2.32578
6  0.4  1.82621
6  0.5  1.39279
6  0.6  1.04223
4  10.0  4.15177e-08
4  11.0  1.56142e-08
6  0.7  0.769918
6  0.8  0.565188
6  0.9  0.412867
6  1.0  0.301009
6  1.1  0.221346
6  1.2  0.16239
6  1.3  0.119433
4  11.5  9.81341e-09
6  1.5  0.0657224
6  1.4  0.0882059
6  1.6  0.049368
6  1.7  0.0369963
6  1.9  0.0217995
6  1.8  0.0280446
6  2.0  0.0166568
6  2.5  0.00438575
6  3.0  0.00123897
6  3.5  0.000393547
4  12.0  6.28187e-09
6  4.0  0.000167046
6  5.0  2.70429e-05
6  4.5  6.53128e-05
6  5.5  1.19979e-05
6  6.5  2.66968e-06
6  6.0  5.51894e-06
6  7.0  1.34056e-06
6  8.0  3.76029e-07
6  7.5  6.96579e-07
6  8.5  2.06843e-07
6  9.0  1.17473e-07
6  9.5  6.84215e-08
6  10.5  2.47653e-08
6  10.0  4.07742e-08
8  0.2  2.83616
8  0.3  2.29644
8  0.4  1.79976
8  0.5  1.37301
6  11.0  1.53263e-08
8  0.6  1.02648
8  0.7  0.756521
8  0.8  0.555009
8  0.9  0.405976
8  1.0  0.295928
6  11.5  9.63303e-09
8  1.1  0.21636
8  1.2  0.15862
8  1.3  0.117148
8  1.5  0.0646581
8  1.4  0.0866157
8  1.6  0.0481944
8  1.7  0.0361903
8  1.8  0.0279563
8  1.9  0.0212849
8  2.0  0.0161208
8  2.5  0.0044022
8  3.5  0.000398943
8  3.0  0.00130359
6  12.0  6.16551e-09
8  4.5  6.30212e-05
8  4.0  0.000163043
8  5.0  2.63768e-05
8  5.5  1.1622e-05
8  6.5  2.60267e-06
8  6.0  5.37894e-06
8  7.0  1.30589e-06
8  7.5  6.78193e-07
8  8.0  3.65907e-07
8  8.5  2.01521e-07
8  10.0  3.99428e-08
8  9.0  1.14407e-07
8  9.5  6.66401e-08
8  10.5  2.41279e-08
8  11.5  9.37203e-09
8  11.0  1.49227e-08
8  12.0  5.98186e-09
