# diffractive D0 cross section, Pb target, HymnD fragmentation, An0n channel
# generated      : 2026-08-20 10:21:43 EEST
# calls          : 1e5 (VEGAS calls per point, see CALLS_EXCL/CALLS_EXCL_FACTORIZED/CALLS_DIFF)
# dipole samples : data/Pb/mve/glauber_mve_<b>
# pD0 sweep      : 0.2 0.3 0.4 0.5 0.6 0.7 0.8 0.9 1.0 1.1 1.2 1.3 1.4 1.5 1.6 1.7 1.8 1.9 2.0 2.5 3.0 3.5 4.0 4.5 5.0 5.5 6.0 6.5 7.0 7.5 8.0 8.5 9.0 9.5 10.0 10.5 11.0 11.5 12.0
# fixed rapidity y : 1.0
# ============================================================
# b  pD0  dsigma_dyd2pD0
0  0.4  0.864311
0  0.5  0.934201
0  0.2  0.472386
0  0.3  0.692657
0  0.6  0.934616
0  0.8  0.768126
0  0.7  0.865401
0  1.0  0.53727
0  0.9  0.647966
0  1.1  0.446453
0  1.2  0.361015
0  1.3  0.295625
0  1.4  0.235582
0  1.6  0.153532
0  1.5  0.190661
0  1.7  0.125506
0  1.8  0.100689
0  1.9  0.0826232
0  2.0  0.0664534
0  2.5  0.0262052
0  3.0  0.0110942
0  3.5  0.00511572
0  4.5  0.00138725
0  5.5  0.00045648
0  4.0  0.00257698
0  5.0  0.000773866
0  7.5  7.10827e-05
0  6.0  0.00027835
0  6.5  0.000172876
0  7.0  0.000110657
0  8.0  4.89241e-05
0  8.5  3.33893e-05
0  9.5  1.64278e-05
0  9.0  2.36269e-05
0  10.0  1.17213e-05
0  10.5  8.50746e-06
10  0.2  0.46087
10  0.3  0.683074
10  0.4  0.860203
10  0.5  0.922599
10  0.6  0.912844
0  11.0  6.23665e-06
10  0.7  0.842386
10  0.8  0.741592
10  0.9  0.627983
10  1.0  0.52346
10  1.1  0.428269
10  1.2  0.348378
10  1.3  0.280097
10  1.4  0.225205
10  1.5  0.181952
10  1.6  0.147015
0  12.0  3.45885e-06
10  1.7  0.118801
10  1.8  0.0955373
10  1.9  0.0794976
10  2.0  0.0636152
10  2.5  0.0248149
10  3.0  0.0104706
0  11.5  4.648e-06
10  3.5  0.0048882
10  4.0  0.00247958
10  4.5  0.00132502
10  5.5  0.000424183
10  5.0  0.000745474
10  6.0  0.00026243
10  7.0  0.000104357
10  6.5  0.00016653
10  8.5  3.16622e-05
10  7.5  6.87933e-05
10  8.0  4.66356e-05
10  9.5  1.55074e-05
10  9.0  2.21465e-05
10  10.0  1.10588e-05
10  10.5  8.27814e-06
12  0.2  0.456139
12  0.3  0.67616
12  0.4  0.847186
12  0.5  0.924529
12  0.6  0.899536
12  0.7  0.829677
12  0.8  0.728028
10  11.0  5.93239e-06
12  0.9  0.623483
12  1.0  0.50807
12  1.1  0.421032
12  1.2  0.341
12  1.3  0.277119
12  1.5  0.179109
12  1.4  0.219082
12  1.6  0.143039
12  1.8  0.0947237
10  12.0  3.29758e-06
12  1.7  0.115528
12  1.9  0.0760981
12  2.0  0.06223
12  2.5  0.0243278
10  11.5  4.35819e-06
12  3.0  0.0103009
12  3.5  0.00476196
12  4.0  0.0023818
12  4.5  0.00129933
12  5.0  0.000727579
12  6.0  0.000250652
12  6.5  0.000162914
12  5.5  0.000429335
12  7.0  0.000102356
12  7.5  6.70585e-05
12  8.0  4.48086e-05
12  8.5  3.09606e-05
12  9.0  2.10699e-05
12  10.0  1.11439e-05
12  9.5  1.55031e-05
14  0.2  0.459124
14  0.3  0.678833
14  0.4  0.844136
14  0.5  0.905633
12  10.5  7.91204e-06
14  0.6  0.891996
14  0.7  0.823693
14  0.8  0.718667
14  0.9  0.605437
14  1.0  0.502253
14  1.1  0.411433
14  1.2  0.334518
14  1.3  0.273572
14  1.5  0.175169
14  1.4  0.216276
12  12.0  3.3064e-06
14  1.6  0.140463
12  11.0  5.75837e-06
14  1.7  0.113913
14  1.8  0.0913271
14  2.0  0.0608123
14  1.9  0.0749606
14  2.5  0.0234573
14  3.0  0.00992519
14  3.5  0.00469217
12  11.5  4.37716e-06
14  4.0  0.00234089
14  4.5  0.00126448
14  5.0  0.000708876
14  6.0  0.000250638
14  5.5  0.00040299
14  6.5  0.000157698
14  7.0  9.95957e-05
14  7.5  6.48633e-05
14  8.0  4.41731e-05
14  8.5  3.02645e-05
14  10.0  1.0636e-05
14  9.0  2.06145e-05
14  9.5  1.51091e-05
14  10.5  7.53186e-06
16  0.2  0.457531
16  0.3  0.670384
16  0.4  0.831516
16  0.5  0.898233
16  0.6  0.889859
16  0.7  0.796025
16  0.8  0.7016
16  0.9  0.59429
16  1.0  0.490656
16  1.1  0.400953
16  1.2  0.323595
16  1.3  0.259805
16  1.4  0.209217
16  1.5  0.167945
14  11.0  5.78594e-06
16  1.6  0.134401
16  1.7  0.110328
16  1.8  0.0889076
16  1.9  0.0730273
16  2.0  0.0586158
16  2.5  0.0226849
16  3.0  0.00966333
16  3.5  0.0044895
14  11.5  4.22431e-06
14  12.0  3.12905e-06
16  4.5  0.00120793
16  6.0  0.000241599
16  4.0  0.00228049
16  5.0  0.00067505
16  5.5  0.000401055
16  6.5  0.000150257
16  7.0  9.60179e-05
16  7.5  6.3446e-05
16  8.0  4.22204e-05
16  8.5  2.90023e-05
16  9.0  2.02128e-05
16  10.0  1.02079e-05
16  9.5  1.43274e-05
16  10.5  7.60574e-06
18  0.2  0.449138
18  0.3  0.661743
18  0.4  0.816762
18  0.5  0.887543
18  0.6  0.854205
18  0.7  0.779575
18  0.8  0.673922
18  0.9  0.573169
18  1.0  0.469709
18  1.1  0.383646
18  1.2  0.308282
18  1.3  0.251981
18  1.5  0.160758
18  1.4  0.201609
18  1.6  0.129874
16  11.0  5.54659e-06
18  1.7  0.105105
18  1.8  0.0844996
18  1.9  0.0688631
18  2.0  0.0572734
18  2.5  0.0216822
18  3.0  0.00919658
16  11.5  4.06868e-06
18  3.5  0.00425425
16  12.0  3.1018e-06
18  4.5  0.00116051
18  5.0  0.000642993
18  4.0  0.00215742
18  5.5  0.000384669
18  6.0  0.000225732
18  6.5  0.000143836
18  7.0  9.09025e-05
18  7.5  6.01709e-05
18  8.0  4.01611e-05
18  8.5  2.77388e-05
18  9.0  1.96739e-05
18  10.0  9.48333e-06
18  9.5  1.37175e-05
2  0.2  0.465005
18  10.5  7.05784e-06
2  0.3  0.683213
2  0.4  0.861985
2  0.5  0.942833
2  0.6  0.93518
2  0.8  0.764446
2  0.7  0.864928
2  0.9  0.647757
2  1.0  0.54479
2  1.1  0.444853
2  1.2  0.361306
2  1.3  0.287926
2  1.4  0.235948
2  1.5  0.190955
2  1.6  0.155178
2  1.7  0.124497
2  1.8  0.100314
2  1.9  0.0820659
2  2.0  0.0672313
18  11.0  5.10709e-06
2  2.5  0.0262167
2  3.0  0.0111859
2  3.5  0.00512934
18  11.5  3.86103e-06
18  12.0  2.87573e-06
2  4.5  0.00139732
2  5.5  0.000446434
2  4.0  0.00257021
2  5.0  0.0007744
2  7.5  7.15151e-05
2  6.0  0.000278201
2  6.5  0.000171161
2  8.5  3.40974e-05
2  7.0  0.000108801
2  8.0  4.84875e-05
2  9.5  1.69844e-05
2  10.0  1.17755e-05
2  9.0  2.32005e-05
2  10.5  8.77723e-06
20  0.2  0.448111
20  0.3  0.648674
20  0.4  0.798112
20  0.5  0.848356
2  11.0  6.2042e-06
20  0.6  0.830758
20  0.7  0.749122
20  0.8  0.647153
20  0.9  0.550181
20  1.0  0.450856
20  1.1  0.368934
20  1.3  0.239303
20  1.2  0.29672
20  1.5  0.154882
20  1.4  0.191834
2  12.0  3.44031e-06
20  1.6  0.123152
20  1.7  0.100027
20  1.8  0.0805078
20  1.9  0.0647929
20  2.0  0.0532028
20  2.5  0.0206625
20  3.0  0.00867417
20  3.5  0.00401874
2  11.5  4.61727e-06
20  4.5  0.00109027
20  4.0  0.00204096
20  5.0  0.000613671
20  5.5  0.000347158
20  6.0  0.000210813
20  6.5  0.000136355
20  7.0  8.6477e-05
20  7.5  5.72995e-05
20  8.0  3.87144e-05
20  8.5  2.64181e-05
20  9.0  1.83224e-05
20  10.0  9.19565e-06
20  9.5  1.30521e-05
22  0.2  0.437438
22  0.3  0.637135
22  0.4  0.772214
20  10.5  6.68731e-06
20  11.5  3.60604e-06
22  0.5  0.830628
22  0.6  0.795885
22  0.7  0.725996
22  0.8  0.616588
22  0.9  0.520609
22  1.0  0.425935
20  12.0  2.778e-06
22  1.1  0.347082
22  1.2  0.27801
22  1.3  0.226064
22  1.4  0.181545
20  11.0  4.89074e-06
22  1.5  0.143652
22  1.8  0.0741359
22  1.6  0.116161
22  1.7  0.0929637
22  1.9  0.0608331
22  2.5  0.0193493
22  2.0  0.0497422
22  3.0  0.00800976
22  3.5  0.00371954
22  4.5  0.00101405
22  5.5  0.000326812
22  4.0  0.00190357
22  5.0  0.000558325
22  6.0  0.000197543
22  6.5  0.000126992
22  7.0  8.09536e-05
22  7.5  5.34186e-05
22  8.0  3.45643e-05
22  9.5  1.18734e-05
22  8.5  2.43522e-05
22  9.0  1.68247e-05
22  10.0  8.49236e-06
24  0.2  0.428999
24  0.3  0.619525
24  0.4  0.742667
24  0.5  0.78853
24  0.6  0.761723
24  0.7  0.672068
24  0.8  0.577429
24  0.9  0.485238
22  10.5  6.12949e-06
24  1.0  0.397565
24  1.2  0.259605
24  1.1  0.322034
24  1.3  0.20685
24  1.4  0.1657
24  1.5  0.132907
24  1.6  0.106808
22  11.0  4.62417e-06
24  1.8  0.0691502
24  1.7  0.0861373
24  1.9  0.0561857
22  12.0  2.52379e-06
24  2.0  0.046165
24  2.5  0.0174605
24  3.0  0.00739661
24  3.5  0.00346755
22  11.5  3.39165e-06
24  4.5  0.000898882
24  4.0  0.0017342
24  5.0  0.000520361
24  5.5  0.000306325
24  6.0  0.000184449
24  6.5  0.000110127
24  7.0  7.39032e-05
24  8.0  3.2501e-05
24  7.5  4.91526e-05
24  9.0  1.54602e-05
24  8.5  2.22293e-05
24  9.5  1.09239e-05
24  10.0  7.7388e-06
24  10.5  5.63802e-06
26  0.2  0.412055
26  0.3  0.597359
26  0.4  0.707853
26  0.5  0.745596
26  0.6  0.703325
26  0.7  0.620216
26  0.8  0.531042
26  0.9  0.438963
26  1.0  0.359673
26  1.1  0.290239
26  1.2  0.230436
26  1.3  0.184346
24  11.0  4.11309e-06
26  1.4  0.147377
26  1.5  0.118186
26  1.6  0.0948625
26  1.8  0.0621043
26  1.7  0.0760408
26  2.0  0.040749
24  12.0  2.27852e-06
26  1.9  0.049608
26  2.5  0.0151209
26  3.0  0.00651386
26  3.5  0.0030636
24  11.5  3.05713e-06
26  4.5  0.000790519
26  5.5  0.000266806
26  4.0  0.00153697
26  5.0  0.000451336
26  6.0  0.000161565
26  6.5  0.000101459
26  7.0  6.26794e-05
26  8.0  2.84343e-05
26  7.5  4.22337e-05
26  8.5  1.96037e-05
26  9.0  1.35011e-05
26  9.5  9.607e-06
26  10.0  6.82185e-06
28  0.2  0.386408
28  0.3  0.558915
26  10.5  4.98786e-06
28  0.4  0.65371
28  0.5  0.672763
28  0.6  0.631893
28  0.7  0.550722
28  0.8  0.463876
28  0.9  0.386291
28  1.0  0.314701
28  1.1  0.248003
28  1.2  0.19883
28  1.3  0.158135
28  1.4  0.1266
28  1.5  0.0986083
28  1.6  0.0799445
28  1.7  0.0649151
28  1.9  0.0416252
26  11.0  3.74176e-06
28  1.8  0.0510862
28  2.0  0.0338487
28  3.0  0.00558581
28  2.5  0.0129755
28  3.5  0.00252619
26  11.5  2.66161e-06
26  12.0  2.0441e-06
28  5.0  0.000385397
28  4.0  0.00125852
28  5.5  0.000222798
28  4.5  0.000689563
28  6.5  8.35246e-05
28  6.0  0.00013529
28  7.0  5.41964e-05
28  7.5  3.55126e-05
28  8.0  2.36774e-05
28  10.0  5.69688e-06
28  8.5  1.6287e-05
28  9.5  7.95153e-06
28  9.0  1.1282e-05
28  10.5  4.13521e-06
30  0.2  0.353619
30  0.3  0.507053
30  0.4  0.58007
30  0.5  0.591731
30  0.6  0.537693
30  0.7  0.453871
30  0.8  0.381956
30  0.9  0.30935
30  1.0  0.247406
28  11.5  2.27253e-06
30  1.1  0.201348
30  1.2  0.158389
30  1.3  0.127328
28  11.0  3.05251e-06
30  1.5  0.0802217
30  1.4  0.101554
30  1.7  0.0516708
30  1.6  0.0634585
30  1.8  0.0404776
30  2.0  0.0274018
30  1.9  0.0326403
30  2.5  0.0100718
30  3.0  0.00437793
30  3.5  0.00198843
28  12.0  1.6668e-06
30  4.0  0.000986928
30  4.5  0.000527597
30  5.0  0.00029401
30  5.5  0.000172531
30  7.0  4.16605e-05
30  6.0  0.00010224
30  6.5  6.60716e-05
30  7.5  2.7633e-05
30  8.0  1.85863e-05
30  8.5  1.26114e-05
30  9.5  6.2183e-06
30  9.0  8.81274e-06
30  10.0  4.4357e-06
30  10.5  3.23476e-06
32  0.2  0.323129
32  0.3  0.440084
32  0.4  0.487135
32  0.5  0.47039
32  0.6  0.416205
32  0.7  0.351604
32  0.8  0.288842
32  0.9  0.230501
32  1.1  0.143421
32  1.0  0.185469
32  1.3  0.0940231
32  1.2  0.116552
30  11.0  2.37126e-06
32  1.4  0.0713057
32  1.6  0.0462072
32  1.5  0.0570085
32  1.7  0.0363219
32  1.8  0.0291783
32  1.9  0.0238023
32  2.0  0.0194089
32  3.0  0.00307126
32  2.5  0.00743623
30  12.0  1.32888e-06
32  3.5  0.00140401
30  11.5  1.78284e-06
32  4.0  0.000724966
32  5.5  0.000125678
32  5.0  0.000212699
32  4.5  0.000385301
32  6.0  7.62358e-05
32  7.0  2.99612e-05
32  6.5  4.68316e-05
32  7.5  1.97066e-05
32  8.0  1.3249e-05
32  8.5  8.94083e-06
32  9.5  4.42864e-06
32  9.0  6.19568e-06
32  10.0  3.17938e-06
32  10.5  2.30234e-06
4  0.2  0.469446
4  0.3  0.68251
4  0.4  0.871182
4  0.5  0.944086
4  0.6  0.934655
4  0.7  0.858716
4  0.8  0.752812
4  0.9  0.645771
32  11.5  1.25562e-06
4  1.0  0.537067
4  1.1  0.444483
4  1.2  0.358137
4  1.3  0.296185
4  1.4  0.232494
4  1.5  0.189324
4  1.6  0.15216
4  1.8  0.100292
4  1.7  0.123984
32  11.0  1.67496e-06
4  1.9  0.0820672
4  2.0  0.0668311
4  2.5  0.0256132
4  3.0  0.0109209
4  3.5  0.00507244
32  12.0  9.59516e-07
4  4.5  0.00137917
4  5.5  0.000452041
4  4.0  0.00259147
4  5.0  0.000776704
4  7.5  7.36233e-05
4  6.0  0.000272784
4  6.5  0.000171281
4  8.5  3.30248e-05
4  7.0  0.00011288
4  8.0  4.77789e-05
4  9.5  1.64276e-05
4  9.0  2.31654e-05
4  10.0  1.1682e-05
4  10.5  8.48137e-06
6  0.2  0.474107
6  0.3  0.68911
4  11.0  6.1964e-06
6  0.4  0.863438
6  0.5  0.935506
6  0.6  0.93297
6  0.7  0.859849
6  0.8  0.748406
6  0.9  0.64791
4  12.0  3.41543e-06
6  1.0  0.531114
6  1.1  0.436732
6  1.2  0.355449
6  1.3  0.286262
6  1.4  0.233007
6  1.6  0.150824
4  11.5  4.735e-06
6  1.5  0.188742
6  1.7  0.122484
6  1.8  0.099098
6  1.9  0.081022
6  2.0  0.0665538
6  2.5  0.0257006
6  3.0  0.0108916
6  3.5  0.00518081
6  4.0  0.00251142
6  5.5  0.000453565
6  4.5  0.00137348
6  5.0  0.000774887
6  7.5  7.29437e-05
6  6.0  0.000258555
6  6.5  0.000167942
6  8.5  3.25595e-05
6  7.0  0.000110286
6  9.5  1.61399e-05
6  8.0  4.94272e-05
6  10.0  1.17411e-05
6  9.0  2.29401e-05
6  10.5  8.53593e-06
8  0.2  0.46268
8  0.3  0.68807
8  0.4  0.858995
6  11.0  6.22378e-06
8  0.5  0.932277
8  0.6  0.913663
8  0.7  0.846456
8  0.8  0.743671
8  1.0  0.539218
8  0.9  0.636476
8  1.1  0.433949
8  1.2  0.353084
8  1.3  0.285383
8  1.4  0.229675
8  1.5  0.183327
8  1.6  0.149489
8  1.7  0.120933
8  1.8  0.0967782
8  1.9  0.079505
8  2.0  0.065923
6  11.5  4.55883e-06
8  2.5  0.0250713
8  3.0  0.0107499
8  3.5  0.00502045
6  12.0  3.50325e-06
8  4.0  0.00248039
8  5.5  0.000442488
8  4.5  0.0013448
8  5.0  0.00075867
8  6.5  0.000161689
8  7.5  6.96131e-05
8  6.0  0.000268696
8  8.5  3.24456e-05
8  7.0  0.0001078
8  8.0  4.72978e-05
8  9.5  1.59407e-05
8  9.0  2.25851e-05
8  10.0  1.17123e-05
8  11.0  6.08446e-06
8  10.5  8.43385e-06
8  12.0  3.43861e-06
8  11.5  4.55467e-06
