# exclusive D0 cross section, Pb target, LHAPDF fragmentation, An0n channel
# generated      : 2026-08-20 10:20:12 EEST
# calls          : 1e5 below 4.0 GeV, 2e3 above (see EXCL_PT_THRESHOLD) (VEGAS calls per point, see CALLS_EXCL/CALLS_EXCL_FACTORIZED/CALLS_DIFF)
# dipole samples : data/Pb/mve/glauber_mve_<b>
# pD0 sweep      : 0.2 0.3 0.4 0.5 0.6 0.7 0.8 0.9 1.0 1.1 1.2 1.3 1.4 1.5 1.6 1.7 1.8 1.9 2.0 2.5 3.0 3.5 4.0 4.5 5.0 5.5 6.0 6.5 7.0 7.5 8.0 8.5 9.0 9.5 10.0 10.5 11.0 11.5 12.0
# fixed rapidity y : 0.0
# ============================================================
# b  pD0  dsigma_dyd2pD0
0  0.2  3.18269
0  0.4  2.09463
0  0.3  2.62954
0  0.5  1.61765
0  0.6  1.21667
0  0.7  0.898797
0  0.9  0.474219
0  0.8  0.655045
0  1.0  0.342217
0  1.3  0.130179
0  1.4  0.0958312
0  1.1  0.24691
0  1.2  0.177951
0  1.5  0.0687074
0  1.6  0.050531
0  1.7  0.037467
0  1.8  0.0278011
0  1.9  0.0205032
0  2.0  0.0154014
0  3.0  0.00109832
0  2.5  0.0041623
0  3.5  0.000402539
0  5.0  1.89242e-05
0  4.0  0.000123451
0  4.5  4.67815e-05
0  6.5  1.83152e-06
0  5.5  8.33799e-06
0  7.0  9.22924e-07
0  6.0  3.82827e-06
0  7.5  4.86694e-07
0  8.0  2.69062e-07
0  8.5  1.50859e-07
0  9.0  8.81925e-08
0  9.5  5.25397e-08
0  10.0  3.20734e-08
10  0.2  3.01584
10  0.3  2.48973
10  0.4  1.98107
0  10.5  2.00811e-08
10  0.5  1.52378
10  0.7  0.842067
10  0.6  1.14475
10  0.8  0.613209
10  0.9  0.443479
0  11.0  1.28756e-08
10  1.0  0.319684
10  1.1  0.230765
10  1.2  0.165975
10  1.3  0.120076
10  1.4  0.0868004
10  1.5  0.064423
10  1.6  0.0474031
10  1.7  0.0347067
0  12.0  5.58055e-09
0  11.5  8.4223e-09
10  1.8  0.0259907
10  2.0  0.0142452
10  1.9  0.0190443
10  2.5  0.00375176
10  3.0  0.0012045
10  3.5  0.000378212
10  5.0  1.71895e-05
10  5.5  7.53509e-06
10  4.0  0.00011243
10  4.5  4.25896e-05
10  7.0  8.3851e-07
10  6.0  3.47959e-06
10  7.5  4.41541e-07
10  6.5  1.67991e-06
10  8.5  1.35534e-07
10  8.0  2.43698e-07
10  9.0  7.9913e-08
10  9.5  4.74899e-08
12  0.2  2.94187
10  10.0  2.90911e-08
12  0.3  2.42525
12  0.4  1.92671
12  0.5  1.48232
12  0.6  1.1119
12  0.7  0.81816
10  10.5  1.82264e-08
12  0.8  0.594097
12  0.9  0.4294
12  1.0  0.309023
12  1.1  0.222831
12  1.2  0.159935
12  1.3  0.115609
12  1.4  0.0839056
12  1.5  0.0628032
12  1.6  0.0447981
10  11.0  1.16511e-08
12  1.7  0.0328172
12  1.8  0.0245863
12  1.9  0.0182884
12  2.0  0.0136135
10  12.0  5.05827e-09
12  2.5  0.0034455
12  3.0  0.00082303
12  3.5  0.000402619
10  11.5  7.63628e-09
12  5.0  1.64368e-05
12  5.5  7.20011e-06
12  4.0  0.000107533
12  4.5  4.07406e-05
12  6.5  1.58909e-06
12  7.0  8.02495e-07
12  7.5  4.2128e-07
12  6.0  3.32453e-06
12  8.5  1.29401e-07
12  8.0  2.34266e-07
12  10.5  1.73507e-08
12  9.0  7.6238e-08
12  9.5  4.34018e-08
12  10.0  2.77167e-08
14  0.2  2.84892
14  0.3  2.34488
14  0.4  1.86264
14  0.5  1.42989
14  0.6  1.07135
12  12.0  4.83991e-09
14  0.7  0.787499
14  0.8  0.571216
14  0.9  0.411566
14  1.1  0.213406
14  1.0  0.296019
14  1.2  0.15435
14  1.3  0.110546
14  1.4  0.0808058
14  1.5  0.0588905
12  11.0  1.10977e-08
14  1.7  0.0319559
14  1.6  0.042744
14  1.8  0.0239414
14  1.9  0.0176585
14  2.0  0.01323
14  2.5  0.00328425
14  3.0  0.000859252
14  3.5  0.000363318
12  11.5  7.28259e-09
14  4.5  3.81246e-05
14  4.0  0.000101722
14  5.0  1.56677e-05
14  6.5  1.50028e-06
14  5.5  6.81527e-06
14  6.0  3.1392e-06
14  7.5  3.97256e-07
14  8.5  1.22135e-07
14  7.0  7.62367e-07
14  8.0  2.19451e-07
14  10.5  1.63435e-08
14  9.0  7.17432e-08
14  9.5  4.27396e-08
16  0.2  2.73513
16  0.3  2.24791
14  10.0  2.61287e-08
16  0.4  1.78342
16  0.5  1.36949
16  0.6  1.02366
16  0.7  0.748418
16  0.8  0.543793
16  0.9  0.39117
14  12.0  4.56175e-09
16  1.0  0.281114
16  1.1  0.202175
16  1.2  0.144377
16  1.4  0.0756131
16  1.3  0.104805
16  1.5  0.0551293
16  1.7  0.0304796
16  1.6  0.0405797
16  1.8  0.0223581
16  2.0  0.0127918
16  1.9  0.0163916
14  11.0  1.0522e-08
16  2.5  0.00313121
16  3.0  0.000884627
16  3.5  0.000378528
14  11.5  6.86681e-09
16  4.5  3.55578e-05
16  4.0  9.49909e-05
16  5.0  1.46118e-05
16  5.5  6.34877e-06
16  6.0  2.91755e-06
16  7.5  3.69774e-07
16  6.5  1.40849e-06
16  7.0  7.09647e-07
16  8.0  2.04123e-07
16  8.5  1.14636e-07
16  9.0  6.66613e-08
16  9.5  3.97172e-08
16  10.0  2.42959e-08
18  0.2  2.60089
18  0.3  2.13791
18  0.4  1.69156
18  0.5  1.29407
18  0.6  0.965234
18  0.7  0.707253
18  0.8  0.511202
18  0.9  0.367338
16  10.5  1.52288e-08
18  1.1  0.188916
18  1.0  0.263301
18  1.2  0.135637
16  11.0  9.76673e-09
18  1.3  0.0971747
18  1.4  0.070773
18  1.5  0.0515623
18  1.6  0.037215
18  1.7  0.0273926
18  1.8  0.0209755
18  1.9  0.0151481
18  2.0  0.0113656
18  3.0  0.000792303
18  2.5  0.00286707
16  12.0  4.21981e-09
18  3.5  0.000309177
16  11.5  6.38041e-09
18  4.5  3.30108e-05
18  4.0  8.73644e-05
18  5.5  5.79931e-06
18  5.0  1.34139e-05
18  7.5  3.37648e-07
18  6.5  1.29328e-06
18  6.0  2.67746e-06
18  7.0  6.49826e-07
18  8.0  1.866e-07
18  8.5  1.0495e-07
18  9.0  6.09832e-08
18  9.5  3.62869e-08
18  10.0  2.21738e-08
2  0.2  3.17591
2  0.3  2.62387
2  0.4  2.09075
2  0.5  1.61331
18  10.5  1.38924e-08
2  0.6  1.21364
2  0.7  0.895844
2  0.8  0.653871
2  0.9  0.473998
2  1.0  0.341623
2  1.1  0.24733
18  11.0  8.91515e-09
2  1.3  0.1298
2  1.2  0.177892
2  1.4  0.0956235
2  1.5  0.0692517
18  12.0  3.85324e-09
2  1.6  0.0504918
2  1.7  0.0383859
2  1.8  0.0279386
2  1.9  0.020584
2  2.0  0.0154466
2  2.5  0.0040333
2  3.0  0.00110488
2  3.5  0.000598189
18  11.5  5.82436e-09
2  5.0  1.88499e-05
2  4.0  0.000123012
2  4.5  4.66156e-05
2  6.5  1.82484e-06
2  5.5  8.31582e-06
2  7.0  9.19514e-07
2  6.0  3.81421e-06
2  7.5  4.84906e-07
2  8.0  2.6808e-07
2  8.5  1.50281e-07
2  9.0  8.78639e-08
2  9.5  5.23403e-08
2  10.0  3.19461e-08
20  0.2  2.44004
20  0.3  2.00162
20  0.4  1.58109
2  10.5  2.00117e-08
20  0.5  1.20822
20  0.6  0.898384
20  0.7  0.655051
2  11.0  1.28301e-08
20  0.8  0.472497
20  0.9  0.338918
20  1.0  0.242863
20  1.1  0.173134
20  1.2  0.123757
20  1.3  0.0905358
20  1.4  0.0641693
20  1.5  0.0470005
20  1.6  0.0342308
20  1.7  0.0249824
20  1.8  0.0189018
20  1.9  0.0137133
2  11.5  8.39131e-09
20  2.0  0.0103494
20  2.5  0.00251829
20  3.5  0.000377683
20  3.0  0.000534639
2  12.0  5.59984e-09
20  4.5  2.96402e-05
20  4.0  7.86605e-05
20  5.0  1.20473e-05
20  5.5  5.20876e-06
20  6.5  1.15773e-06
20  6.0  2.39806e-06
20  7.0  5.80685e-07
20  7.5  3.05231e-07
20  8.0  1.66682e-07
20  8.5  9.34549e-08
20  9.0  5.43292e-08
20  9.5  3.23832e-08
20  10.0  1.97524e-08
22  0.2  2.24761
22  0.3  1.83893
22  0.4  1.44887
22  0.5  1.10341
22  0.6  0.817766
22  0.7  0.595024
22  0.8  0.42777
20  10.5  1.23883e-08
22  0.9  0.305791
22  1.0  0.217467
22  1.1  0.155628
22  1.4  0.0583793
22  1.2  0.111113
22  1.3  0.0793795
22  1.5  0.0422192
22  1.6  0.0304553
20  11.0  7.95631e-09
22  1.7  0.0227418
22  1.8  0.0166443
22  1.9  0.0121796
22  2.5  0.00212227
22  2.0  0.00914371
22  3.0  0.000721608
20  12.0  3.43915e-09
22  3.5  0.000292047
20  11.5  5.19891e-09
22  4.5  2.58456e-05
22  4.0  6.83944e-05
22  5.0  1.05017e-05
22  5.5  4.52669e-06
22  6.0  2.07379e-06
22  6.5  1.00168e-06
22  7.0  5.04248e-07
22  7.5  2.64251e-07
22  8.0  1.44775e-07
22  8.5  8.092e-08
22  9.0  4.70331e-08
22  9.5  2.80312e-08
22  10.0  1.70767e-08
24  0.2  2.01647
24  0.3  1.64642
24  0.4  1.2921
24  0.5  0.980597
22  10.5  1.06864e-08
24  0.6  0.723627
24  0.7  0.52429
24  0.8  0.375531
24  0.9  0.267043
24  1.0  0.189854
24  1.1  0.135636
24  1.3  0.0690116
24  1.2  0.0961711
24  1.4  0.0502201
24  1.5  0.0360047
22  11.0  6.88101e-09
24  1.6  0.0260651
24  1.8  0.0142164
24  1.7  0.0189296
24  1.9  0.0106576
24  2.0  0.00807496
22  12.0  2.97088e-09
24  2.5  0.0019911
24  3.0  0.000430206
24  3.5  0.000180762
22  11.5  4.49958e-09
24  4.0  5.71328e-05
24  4.5  2.12948e-05
24  5.0  8.74329e-06
24  5.5  3.7761e-06
24  6.0  1.73023e-06
24  6.5  8.32734e-07
24  7.0  4.23873e-07
24  8.5  6.67517e-08
24  7.5  2.19582e-07
24  8.0  1.2029e-07
24  9.0  3.9094e-08
24  9.5  2.32407e-08
24  10.0  1.4179e-08
26  0.2  1.74006
26  0.3  1.41525
26  0.4  1.10567
26  0.5  0.834437
26  0.6  0.612712
24  10.5  8.90199e-09
26  0.7  0.441446
26  0.8  0.314164
26  1.0  0.157802
26  0.9  0.222604
24  11.0  5.68335e-09
26  1.1  0.1114
26  1.2  0.0787471
26  1.3  0.0570294
26  1.4  0.041029
26  1.5  0.0297766
26  1.6  0.0215686
26  1.7  0.0155162
24  12.0  2.45742e-09
26  1.8  0.0114252
26  2.0  0.00620473
26  1.9  0.00841341
26  2.5  0.00151061
26  3.0  0.0003886
26  3.5  0.00018988
24  11.5  3.71482e-09
26  4.0  4.51992e-05
26  4.5  1.67785e-05
26  5.5  2.96939e-06
26  5.0  6.87323e-06
26  6.0  1.35918e-06
26  7.5  1.70334e-07
26  6.5  6.50901e-07
26  8.5  5.20644e-08
26  7.0  3.27971e-07
26  8.0  9.34269e-08
26  9.0  3.04357e-08
26  9.5  1.80757e-08
26  10.0  1.10067e-08
28  0.2  1.4145
28  0.3  1.14483
28  0.4  0.889023
28  0.5  0.665945
28  0.6  0.485267
28  0.7  0.347492
28  0.8  0.24557
26  10.5  6.87837e-09
28  0.9  0.172972
28  1.0  0.121546
28  1.1  0.0860112
28  1.2  0.060942
28  1.3  0.042864
28  1.4  0.0308149
28  1.5  0.0222165
28  1.6  0.0161648
26  12.0  1.90702e-09
26  11.0  4.40207e-09
28  1.7  0.0119173
28  1.8  0.00859129
28  2.0  0.00457674
28  1.9  0.0062209
28  2.5  0.00102334
28  3.5  0.000148156
28  3.0  0.000266148
26  11.5  2.8849e-09
28  4.5  1.21461e-05
28  6.0  9.68153e-07
28  4.0  3.27697e-05
28  5.0  4.94107e-06
28  6.5  4.62478e-07
28  5.5  2.12795e-06
28  7.5  1.21063e-07
28  8.5  3.68438e-08
28  7.0  2.34441e-07
28  8.0  6.64165e-08
28  9.0  2.15167e-08
28  10.5  4.88279e-09
28  9.5  1.28067e-08
30  0.2  1.05226
30  0.3  0.845663
28  10.0  7.79434e-09
30  0.5  0.482664
30  0.4  0.650909
30  0.6  0.349292
30  0.7  0.247496
30  0.8  0.173656
30  0.9  0.121517
30  1.0  0.0846863
30  1.1  0.0590122
30  1.2  0.0414471
30  1.3  0.029278
30  1.4  0.0207672
30  1.6  0.0108642
30  1.5  0.0148057
30  1.7  0.0078389
28  11.0  3.11368e-09
30  1.8  0.00568391
30  1.9  0.0041887
30  2.0  0.00301619
30  2.5  0.000718342
28  12.0  1.34333e-09
30  3.0  0.000180424
30  3.5  0.000118992
28  11.5  2.02921e-09
30  4.0  2.08372e-05
30  4.5  7.78561e-06
30  5.0  3.12457e-06
30  6.0  6.10206e-07
30  5.5  1.34116e-06
30  8.0  4.10016e-08
30  7.5  7.63371e-08
30  6.5  2.90935e-07
30  7.0  1.45674e-07
30  9.0  1.32503e-08
30  8.5  2.31144e-08
30  9.5  7.92089e-09
32  0.2  0.692156
30  10.0  4.81879e-09
32  0.3  0.551614
32  0.4  0.420498
32  0.5  0.308342
32  0.6  0.219948
30  10.5  3.01252e-09
32  0.7  0.153978
32  0.8  0.106805
32  0.9  0.0738249
32  1.0  0.0509119
32  1.1  0.0354807
32  1.2  0.024783
32  1.3  0.0175332
32  1.4  0.0123426
32  1.5  0.00886691
32  1.6  0.00625171
32  1.7  0.00455673
32  1.8  0.00328615
32  1.9  0.0023812
32  2.0  0.00182937
32  2.5  0.000404902
32  3.0  0.000110316
30  11.0  1.91543e-09
30  12.0  8.27121e-10
32  3.5  4.45873e-05
30  11.5  1.25343e-09
32  5.0  1.66189e-06
32  4.5  4.1989e-06
32  5.5  7.10629e-07
32  6.0  3.20454e-07
32  4.0  1.13489e-05
32  6.5  1.52347e-07
32  7.0  7.69692e-08
32  7.5  3.97634e-08
32  8.0  2.14621e-08
32  8.5  1.20029e-08
32  10.5  1.53816e-09
32  9.0  6.91967e-09
32  9.5  4.10576e-09
32  10.0  2.49006e-09
4  0.2  3.15724
4  0.3  2.60585
4  0.4  2.07664
4  0.5  1.60343
4  0.6  1.20533
4  0.7  0.889204
4  0.8  0.648248
4  0.9  0.469473
4  1.0  0.338781
4  1.1  0.244526
32  11.0  9.8823e-10
4  1.2  0.176505
4  1.3  0.128042
4  1.5  0.0684366
4  1.4  0.092988
4  1.6  0.0497942
32  12.0  4.24991e-10
4  1.7  0.0367104
4  1.8  0.0282649
4  1.9  0.0202258
4  2.0  0.0156194
32  11.5  6.4368e-10
4  2.5  0.00395263
4  3.0  0.000995571
4  3.5  0.000415423
4  5.0  1.86297e-05
4  4.0  0.000121694
4  4.5  4.61214e-05
4  6.5  1.80474e-06
4  5.5  8.22487e-06
4  7.0  9.09306e-07
4  6.0  3.77242e-06
4  7.5  4.79588e-07
4  8.5  1.47074e-07
4  8.0  2.6424e-07
4  9.0  8.68829e-08
4  9.5  5.17468e-08
4  10.0  3.15909e-08
6  0.2  3.12407
6  0.3  2.58123
6  0.4  2.0532
6  0.5  1.58559
6  0.6  1.1912
6  0.7  0.878284
4  10.5  1.98006e-08
6  0.8  0.640682
6  0.9  0.464725
4  11.0  1.26681e-08
6  1.0  0.334802
6  1.1  0.240868
6  1.2  0.173555
6  1.3  0.126691
6  1.4  0.0916441
6  1.5  0.0667283
6  1.7  0.036876
6  1.6  0.0494588
6  1.8  0.0278475
6  1.9  0.0200832
6  2.0  0.0156029
4  12.0  5.50618e-09
6  2.5  0.00402373
4  11.5  8.30931e-09
6  3.0  0.000887252
6  3.5  0.000459036
6  4.0  0.000120332
6  5.0  1.82775e-05
6  4.5  4.52895e-05
6  6.5  1.77156e-06
6  5.5  8.03622e-06
6  7.0  8.9239e-07
6  6.0  3.70212e-06
6  7.5  4.70511e-07
6  8.0  2.59945e-07
6  8.5  1.45779e-07
6  9.0  8.52306e-08
6  9.5  5.07442e-08
6  10.0  3.1e-08
8  0.2  3.07822
8  0.3  2.5404
8  0.4  2.02214
8  0.5  1.55753
6  10.5  1.94409e-08
8  0.6  1.17091
8  0.7  0.863727
8  0.8  0.62889
8  0.9  0.454939
8  1.0  0.328411
8  1.1  0.23639
6  11.0  1.24256e-08
8  1.2  0.171232
8  1.3  0.123014
8  1.4  0.0902642
8  1.5  0.0654327
8  1.6  0.0477539
8  1.7  0.0356813
6  12.0  5.39859e-09
8  1.8  0.0260814
8  1.9  0.0192999
8  2.0  0.0147217
8  2.5  0.00371599
8  3.0  0.00104966
8  3.5  0.000414504
6  11.5  8.14809e-09
8  5.0  1.78108e-05
8  5.5  7.80768e-06
8  4.0  0.000116411
8  4.5  4.41098e-05
8  6.5  1.72443e-06
8  7.0  8.68674e-07
8  7.5  4.57927e-07
8  6.0  3.60489e-06
8  8.5  1.40425e-07
8  8.0  2.53117e-07
8  9.0  8.28812e-08
8  9.5  4.93441e-08
8  10.0  3.01525e-08
8  12.0  5.26214e-09
8  10.5  1.89147e-08
8  11.0  1.21393e-08
8  11.5  7.92397e-09
