# exclusive D0 cross section, Pb target, HymnD fragmentation, An0n channel
# generated      : 2026-08-20 10:20:12 EEST
# calls          : 1e5 below 4.0 GeV, 2e3 above (see EXCL_PT_THRESHOLD) (VEGAS calls per point, see CALLS_EXCL/CALLS_EXCL_FACTORIZED/CALLS_DIFF)
# dipole samples : data/Pb/mve/glauber_mve_<b>
# pD0 sweep      : 0.2 0.3 0.4 0.5 0.6 0.7 0.8 0.9 1.0 1.1 1.2 1.3 1.4 1.5 1.6 1.7 1.8 1.9 2.0 2.5 3.0 3.5 4.0 4.5 5.0 5.5 6.0 6.5 7.0 7.5 8.0 8.5 9.0 9.5 10.0 10.5 11.0 11.5 12.0
# fixed rapidity y : 3.0
# ============================================================
# b  pD0  dsigma_dyd2pD0
0  0.2  0.529645
0  0.3  0.428923
0  0.4  0.33295
0  0.5  0.248898
0  0.6  0.180614
0  0.8  0.0895115
0  0.7  0.128088
0  0.9  0.0618143
0  1.0  0.0426282
0  1.3  0.0137829
0  1.2  0.0200065
0  1.1  0.0291989
0  1.4  0.0094872
0  1.5  0.00652028
0  1.9  0.00157858
0  1.6  0.00451676
0  1.7  0.00315463
0  2.0  0.00112325
0  1.8  0.00220358
0  2.5  0.000206092
0  3.5  9.15714e-06
0  3.0  4.22859e-05
0  4.5  7.37335e-07
0  4.0  2.62222e-06
0  5.0  2.19819e-07
0  5.5  6.95557e-08
0  6.0  2.34034e-08
0  6.5  8.26863e-09
0  8.5  1.93781e-10
0  7.0  3.05153e-09
0  7.5  1.17081e-09
0  8.0  4.65431e-10
0  9.5  3.5723e-11
0  9.0  8.0968e-11
0  10.0  1.55866e-11
10  0.2  0.507758
10  0.3  0.410969
0  10.5  7.07217e-12
10  0.4  0.318419
10  0.5  0.237661
0  11.5  1.55091e-12
10  0.6  0.172028
0  11.0  3.27154e-12
10  0.7  0.121806
10  0.8  0.084969
10  0.9  0.0587215
10  1.0  0.040213
10  1.1  0.027579
10  1.2  0.0188606
10  1.3  0.0130203
10  1.4  0.00890821
10  1.5  0.0061216
10  1.6  0.00424019
10  1.7  0.00295326
10  1.8  0.00207978
10  1.9  0.00146637
10  2.0  0.00103667
10  2.5  0.000190352
10  3.0  4.0183e-05
10  3.5  9.15595e-06
0  12.0  7.45279e-13
10  4.0  2.42117e-06
10  4.5  6.73916e-07
10  5.0  2.01091e-07
10  5.5  6.39194e-08
10  6.0  2.14773e-08
10  7.5  1.07464e-09
10  6.5  7.57874e-09
10  7.0  2.79427e-09
10  8.5  1.75811e-10
10  9.5  3.24071e-11
10  8.0  4.25614e-10
10  9.0  7.37201e-11
10  10.0  1.41291e-11
10  11.0  2.9915e-12
10  10.5  6.43355e-12
12  0.2  0.497533
12  0.3  0.402291
12  0.4  0.311579
12  0.6  0.168068
12  0.5  0.232422
12  0.7  0.118948
12  0.8  0.0829463
12  0.9  0.0572035
12  1.0  0.0391504
12  1.2  0.018338
12  1.1  0.0268345
12  1.3  0.0126408
12  1.4  0.00862528
12  1.5  0.00592622
12  1.7  0.00287724
12  1.6  0.00410478
12  1.8  0.00201401
12  1.9  0.00140806
12  2.0  0.000997909
12  2.5  0.000183142
12  3.5  9.04718e-06
12  3.0  3.68164e-05
10  11.5  1.41088e-12
10  12.0  6.78782e-13
12  4.0  2.33091e-06
12  4.5  6.47129e-07
12  5.0  1.93204e-07
12  5.5  6.13746e-08
12  6.0  2.06318e-08
12  6.5  7.2702e-09
12  7.0  2.68028e-09
12  7.5  1.02811e-09
12  8.0  4.07972e-10
12  8.5  1.66454e-10
12  9.0  7.06552e-11
12  9.5  3.06024e-11
12  11.0  2.86388e-12
12  10.0  1.35875e-11
14  0.2  0.484958
14  0.3  0.391854
14  0.4  0.3032
14  0.5  0.22599
14  0.6  0.163281
12  10.5  6.16763e-12
14  0.7  0.11535
14  0.9  0.0552717
14  0.8  0.0803744
14  1.0  0.0378873
14  1.1  0.0259338
14  1.2  0.0176897
14  1.3  0.0121044
14  1.4  0.00830527
14  1.5  0.00571921
14  1.6  0.0039636
14  1.8  0.00192796
14  1.7  0.0027813
14  1.9  0.00135371
14  2.0  0.000951992
14  2.5  0.000178001
14  3.0  3.59462e-05
14  3.5  8.30814e-06
12  11.5  1.3514e-12
12  12.0  6.49305e-13
14  4.0  2.22171e-06
14  4.5  6.16147e-07
14  5.0  1.83803e-07
14  5.5  5.82974e-08
14  6.0  1.96165e-08
14  6.5  6.91298e-09
14  7.0  2.54232e-09
14  7.5  9.74585e-10
14  8.0  3.86508e-10
14  8.5  1.58413e-10
14  10.5  5.89809e-12
14  9.0  6.69001e-11
14  11.0  2.71654e-12
14  9.5  2.89714e-11
16  0.2  0.469766
16  0.3  0.379513
14  10.0  1.28183e-11
16  0.4  0.293323
16  0.5  0.218177
16  0.6  0.157478
16  0.7  0.111133
16  0.9  0.0530183
16  0.8  0.0772788
16  1.0  0.0363915
16  1.1  0.0247983
16  1.3  0.0116265
16  1.2  0.0169249
16  1.4  0.00792995
16  1.5  0.0054615
16  1.6  0.00379121
16  1.7  0.00262924
16  1.8  0.00182457
16  1.9  0.00129253
16  2.0  0.000908013
16  2.5  0.000168
16  3.0  3.46713e-05
16  3.5  8.88868e-06
14  11.5  1.27839e-12
14  12.0  6.14591e-13
16  4.0  2.09213e-06
16  4.5  5.8022e-07
16  5.0  1.72747e-07
16  5.5  5.47529e-08
16  6.5  6.48522e-09
16  6.0  1.8367e-08
16  7.5  9.23761e-10
16  7.0  2.38241e-09
16  8.5  1.49803e-10
16  9.5  2.73697e-11
16  8.0  3.61888e-10
16  9.0  6.25778e-11
16  11.0  2.53639e-12
16  10.0  1.20207e-11
18  0.2  0.451599
18  0.3  0.364233
18  0.4  0.281062
18  0.5  0.208769
18  0.6  0.150357
16  10.5  5.4506e-12
18  0.7  0.106004
18  0.8  0.0734909
18  0.9  0.0504241
18  1.0  0.0345436
16  12.0  5.7725e-13
18  1.1  0.0235766
18  1.2  0.0160151
18  1.4  0.00748758
18  1.3  0.0109178
18  1.6  0.00356061
18  1.5  0.00513029
18  1.7  0.00247544
18  1.9  0.00122096
18  1.8  0.00172822
18  2.0  0.000864848
18  3.0  3.12158e-05
18  2.5  0.000156408
18  3.5  7.00226e-06
16  11.5  1.19302e-12
18  4.0  1.94248e-06
18  4.5  5.37864e-07
18  5.0  1.59965e-07
18  5.5  5.06805e-08
18  6.0  1.69799e-08
18  6.5  5.97694e-09
18  8.0  3.3418e-10
18  7.0  2.1989e-09
18  7.5  8.40573e-10
18  9.5  2.50171e-11
18  8.5  1.36474e-10
18  9.0  5.75666e-11
18  11.5  1.09801e-12
18  10.0  1.09563e-11
2  0.2  0.5288
2  0.3  0.428226
18  10.5  5.0081e-12
2  0.4  0.332457
2  0.5  0.24857
2  0.6  0.180284
2  0.7  0.127845
18  11.0  2.32026e-12
2  0.8  0.0893402
2  0.9  0.0616908
2  1.0  0.0425433
2  1.1  0.0291305
2  1.2  0.0199596
2  1.3  0.0137139
2  1.4  0.00946522
2  1.7  0.00315441
2  1.5  0.00649704
2  1.6  0.00450707
2  1.9  0.00157737
2  1.8  0.00220186
2  2.0  0.00111686
2  2.5  0.000203996
2  3.0  4.21672e-05
2  3.5  9.25534e-06
2  4.5  7.34991e-07
18  12.0  5.26065e-13
2  4.0  2.61444e-06
2  5.0  2.17975e-07
2  5.5  6.93063e-08
2  6.0  2.33294e-08
2  6.5  8.23895e-09
2  8.5  1.93169e-10
2  7.0  3.0414e-09
2  7.5  1.16686e-09
2  8.0  4.63568e-10
2  9.5  3.5599e-11
2  9.0  8.03723e-11
2  10.0  1.54863e-11
20  0.2  0.429858
20  0.3  0.345903
2  10.5  7.04644e-12
20  0.4  0.266482
20  0.5  0.197585
20  0.6  0.142034
20  0.7  0.0998013
20  0.8  0.069108
20  0.9  0.0473607
20  1.0  0.0323579
20  1.1  0.0220246
20  1.3  0.0102447
20  1.2  0.0149417
2  11.0  3.26265e-12
20  1.4  0.00699892
20  1.5  0.0047722
20  1.6  0.00330173
20  1.8  0.00158871
20  1.7  0.0022909
20  1.9  0.00112744
20  2.5  0.000143618
20  2.0  0.000780623
20  3.5  7.37098e-06
20  3.0  2.87046e-05
2  11.5  1.54492e-12
2  12.0  7.42305e-13
20  4.0  1.76996e-06
20  4.5  4.89031e-07
20  5.0  1.45263e-07
20  5.5  4.60073e-08
20  6.0  1.53639e-08
20  6.5  5.40965e-09
20  7.0  1.98765e-09
20  8.5  1.24115e-10
20  7.5  7.59196e-10
20  9.5  2.25104e-11
20  8.0  3.00936e-10
20  9.0  5.18549e-11
20  10.0  9.97166e-12
20  10.5  4.52658e-12
22  0.2  0.40287
22  0.3  0.323692
22  0.4  0.248736
22  0.5  0.184003
22  0.6  0.13195
22  0.7  0.0925411
22  0.8  0.0638408
22  0.9  0.0436446
22  1.0  0.0296908
22  1.1  0.0201987
22  1.2  0.0136677
22  1.3  0.00934729
22  1.4  0.00637936
22  1.5  0.00434275
22  1.6  0.00300751
22  1.7  0.00208242
20  11.0  2.08412e-12
22  1.8  0.00144065
22  1.9  0.00100471
22  2.0  0.000707138
22  2.5  0.000128132
22  3.0  2.69605e-05
22  3.5  6.11714e-06
20  11.5  9.84994e-13
22  4.0  1.59294e-06
20  12.0  4.7218e-13
22  4.5  4.33294e-07
22  5.0  1.28484e-07
22  5.5  4.05616e-08
22  6.0  1.35546e-08
22  6.5  4.7594e-09
22  7.0  1.74762e-09
22  8.5  1.09165e-10
22  7.5  6.67215e-10
22  8.0  2.6427e-10
22  10.0  8.77684e-12
22  9.0  4.54058e-11
22  9.5  1.96335e-11
24  0.2  0.369866
24  0.3  0.296529
24  0.4  0.227153
24  0.5  0.167515
24  0.6  0.119751
22  10.5  3.9396e-12
24  0.8  0.0575283
24  0.7  0.0837203
24  0.9  0.0392341
24  1.0  0.0266221
24  1.1  0.0180317
24  1.2  0.0122118
24  1.3  0.00828041
24  1.4  0.00562423
22  11.0  1.81636e-12
24  1.5  0.00383387
24  1.6  0.00263584
24  1.7  0.00182643
24  1.8  0.00127097
24  1.9  0.000894393
24  2.5  0.000111394
24  2.0  0.000621329
24  3.0  2.39439e-05
24  3.5  5.44802e-06
22  11.5  8.58546e-13
24  4.0  1.36436e-06
22  12.0  4.1198e-13
24  4.5  3.70078e-07
24  5.0  1.09517e-07
24  5.5  3.44969e-08
24  7.0  1.48582e-09
24  6.0  1.15074e-08
24  6.5  4.03614e-09
24  8.0  2.22845e-10
24  7.5  5.63464e-10
24  8.5  9.121e-11
24  9.5  1.67159e-11
24  9.0  3.8237e-11
24  10.0  7.31084e-12
26  0.2  0.328889
26  0.3  0.263176
26  0.4  0.201005
26  0.5  0.147538
26  0.6  0.10498
24  10.5  3.30454e-12
26  0.7  0.0730046
26  0.8  0.0499855
26  0.9  0.0339458
26  1.0  0.0229173
26  1.1  0.0154842
24  11.0  1.52824e-12
26  1.2  0.0103968
26  1.3  0.00702687
26  1.4  0.00478336
26  1.5  0.00324482
26  1.6  0.0022354
26  1.7  0.00153896
26  1.8  0.00108292
26  1.9  0.000753166
26  2.0  0.000517593
26  2.5  9.16832e-05
26  3.0  2.01244e-05
26  3.5  4.03434e-06
24  11.5  7.196e-13
24  12.0  3.44711e-13
26  4.0  1.09778e-06
26  4.5  3.00429e-07
26  5.0  8.84625e-08
26  6.5  3.25412e-09
26  5.5  2.77852e-08
26  6.0  9.23621e-09
26  7.0  1.18314e-09
26  7.5  4.49877e-10
26  8.0  1.77357e-10
26  8.5  7.2502e-11
26  9.0  3.03275e-11
26  9.5  1.30873e-11
28  0.2  0.279698
28  0.3  0.222631
26  10.0  5.77881e-12
28  0.4  0.16922
28  0.5  0.12348
28  0.6  0.0872867
26  10.5  2.61277e-12
28  0.7  0.0603331
28  0.8  0.0410848
28  0.9  0.0277024
28  1.0  0.0186238
28  1.1  0.0124731
28  1.2  0.00836386
28  1.3  0.00565858
28  1.4  0.00380959
28  1.5  0.00257652
28  1.7  0.00121341
28  1.6  0.00175975
26  11.0  1.21983e-12
28  1.9  0.000591882
28  1.8  0.00083661
28  2.5  7.03436e-05
28  2.0  0.000404194
28  3.0  1.38274e-05
26  11.5  5.67649e-13
28  3.5  3.3893e-06
26  12.0  2.72029e-13
28  4.5  2.25691e-07
28  4.0  8.29687e-07
28  5.0  6.59957e-08
28  5.5  2.06423e-08
28  6.0  6.84361e-09
28  8.0  1.30642e-10
28  6.5  2.38611e-09
28  7.0  8.69717e-10
28  7.5  3.30376e-10
28  9.0  2.2202e-11
28  8.5  5.28637e-11
28  9.5  9.52325e-12
28  11.0  8.80464e-13
30  0.2  0.22158
28  10.0  4.19859e-12
30  0.3  0.17543
30  0.4  0.132379
30  0.5  0.0958063
30  0.7  0.0460051
30  0.6  0.0672034
30  0.8  0.0311158
28  10.5  1.89387e-12
30  1.0  0.0138914
30  0.9  0.0208194
30  1.1  0.00925359
30  1.2  0.00615219
30  1.3  0.00412618
30  1.4  0.00278505
30  1.5  0.00186639
30  1.6  0.00128103
30  1.7  0.000876944
30  1.8  0.000602604
30  1.9  0.000420335
30  2.5  4.86694e-05
30  2.0  0.000287343
30  3.0  9.2842e-06
30  3.5  2.17584e-06
28  11.5  4.0967e-13
28  12.0  1.95905e-13
30  4.0  5.58617e-07
30  4.5  1.50653e-07
30  5.0  4.39157e-08
30  5.5  1.36589e-08
30  6.0  4.50527e-09
30  6.5  1.56452e-09
30  7.0  5.67601e-10
30  7.5  2.14655e-10
30  9.0  1.43227e-11
30  8.0  8.41897e-11
30  9.5  6.14593e-12
30  8.5  3.41598e-11
30  10.0  2.68853e-12
32  0.2  0.159334
32  0.3  0.125251
32  0.4  0.0936611
30  11.0  5.57141e-13
30  10.5  1.21076e-12
32  0.5  0.0670551
32  0.6  0.0465478
32  0.7  0.0315422
32  0.8  0.0210773
30  12.0  1.24873e-13
32  0.9  0.013977
32  1.1  0.00609896
32  1.2  0.00402856
32  1.0  0.00922449
32  1.3  0.00266558
32  1.4  0.00178055
32  1.5  0.00120469
32  1.6  0.000806398
32  1.7  0.000552316
32  1.9  0.000261403
32  1.8  0.000375535
32  2.0  0.000180949
32  3.0  5.68705e-06
32  2.5  2.96481e-05
32  3.5  1.11377e-06
30  11.5  2.60497e-13
32  5.5  7.77145e-09
32  4.0  3.25735e-07
32  4.5  8.69656e-08
32  5.0  2.51576e-08
32  6.0  2.54245e-09
32  7.5  1.20482e-10
32  6.5  8.76754e-10
32  7.0  3.1655e-10
32  9.0  7.80464e-12
32  8.0  4.63685e-11
32  8.5  1.8669e-11
32  9.5  3.35601e-12
32  10.0  1.45979e-12
4  0.2  0.526234
4  0.3  0.426123
4  0.4  0.330696
32  10.5  6.55305e-13
4  0.5  0.247222
4  0.6  0.179325
4  0.7  0.127108
4  0.8  0.0888219
32  11.0  3.00143e-13
4  0.9  0.0613211
4  1.0  0.0422812
4  1.1  0.0289477
4  1.3  0.0136915
4  1.2  0.0198229
4  1.4  0.00939914
4  1.5  0.00645447
4  1.6  0.0044727
4  1.7  0.00312812
4  1.8  0.0021841
4  1.9  0.00153603
4  2.0  0.00108113
4  2.5  0.000204672
4  3.0  4.32313e-05
4  3.5  8.87202e-06
32  11.5  1.40292e-13
32  12.0  6.67218e-14
4  4.0  2.59069e-06
4  4.5  7.21936e-07
4  5.0  2.15767e-07
4  5.5  6.86575e-08
4  6.0  2.31064e-08
4  6.5  8.15667e-09
4  8.5  1.91101e-10
4  7.0  3.00925e-09
4  7.5  1.15458e-09
4  9.5  3.5064e-11
4  8.0  4.58871e-10
4  9.0  7.95806e-11
4  10.0  1.53157e-11
6  0.2  0.521894
6  0.3  0.422551
6  0.4  0.327949
4  10.5  6.97626e-12
6  0.5  0.244986
6  0.6  0.177632
6  0.7  0.125876
6  0.8  0.087924
6  0.9  0.0606973
4  11.0  3.22864e-12
6  1.0  0.0418482
6  1.1  0.0286246
6  1.2  0.0195909
6  1.3  0.0134384
6  1.4  0.00928504
6  1.5  0.00638477
6  1.6  0.00448395
6  1.7  0.00309077
6  1.8  0.00215562
6  1.9  0.00153525
6  2.0  0.00109242
4  11.5  1.52723e-12
6  2.5  0.000200963
6  3.0  4.18446e-05
6  3.5  9.31875e-06
6  4.5  7.16848e-07
4  12.0  7.34841e-13
6  4.0  2.54858e-06
6  5.0  2.12258e-07
6  5.5  6.75795e-08
6  6.0  2.27243e-08
6  6.5  8.02646e-09
6  8.0  4.54434e-10
6  8.5  1.87937e-10
6  7.0  2.95896e-09
6  7.5  1.13519e-09
6  9.0  7.85188e-11
6  9.5  3.39202e-11
6  10.0  1.50576e-11
8  0.2  0.515839
8  0.3  0.417448
8  0.4  0.323902
6  10.5  6.8437e-12
8  0.5  0.241896
8  0.6  0.175188
8  0.7  0.12412
8  0.8  0.0866549
8  0.9  0.0598899
8  1.0  0.0411879
8  1.1  0.0281731
6  11.0  3.18942e-12
8  1.2  0.0192762
8  1.3  0.0132308
8  1.4  0.0091215
8  1.5  0.00627333
8  1.6  0.00440021
8  1.7  0.00306049
8  1.8  0.00211417
8  2.0  0.00106966
8  1.9  0.00148347
8  3.0  4.19224e-05
8  2.5  0.000194821
8  3.5  9.05278e-06
6  11.5  1.50109e-12
6  12.0  7.21588e-13
8  4.0  2.49333e-06
8  4.5  6.95111e-07
8  5.0  2.0744e-07
8  5.5  6.5963e-08
8  6.0  2.21786e-08
8  6.5  7.83134e-09
8  8.0  4.41469e-10
8  7.0  2.88824e-09
8  7.5  1.10737e-09
8  8.5  1.80417e-10
8  9.5  3.36432e-11
8  10.5  6.59629e-12
8  9.0  7.64919e-11
8  10.0  1.4678e-11
8  11.0  3.08733e-12
8  11.5  1.46258e-12
8  12.0  7.03027e-13
