# diffractive D0 cross section, Pb target, LHAPDF fragmentation, An0n channel
# generated      : 2026-08-20 10:20:13 EEST
# calls          : 1e5 (VEGAS calls per point, see CALLS_EXCL/CALLS_EXCL_FACTORIZED/CALLS_DIFF)
# dipole samples : data/Pb/mve/glauber_mve_<b>
# pD0 sweep      : 0.2 0.3 0.4 0.5 0.6 0.7 0.8 0.9 1.0 1.1 1.2 1.3 1.4 1.5 1.6 1.7 1.8 1.9 2.0 2.5 3.0 3.5 4.0 4.5 5.0 5.5 6.0 6.5 7.0 7.5 8.0 8.5 9.0 9.5 10.0 10.5 11.0 11.5 12.0
# fixed rapidity y : 1.0
# ============================================================
# b  pD0  dsigma_dyd2pD0
0  0.4  0.803255
0  0.2  0.443611
0  0.5  0.88154
0  0.3  0.651078
0  0.6  0.870301
0  0.8  0.729402
0  0.7  0.811082
0  0.9  0.622679
0  1.0  0.515769
0  1.1  0.437997
0  1.2  0.353715
0  1.3  0.287845
0  1.5  0.190431
0  1.4  0.234197
0  1.6  0.153947
0  1.7  0.12403
0  1.9  0.0816341
0  1.8  0.100709
0  2.0  0.0670761
0  2.5  0.0266377
0  3.0  0.011139
0  3.5  0.00513151
0  4.0  0.00256839
0  4.5  0.0013941
0  5.0  0.000784748
0  5.5  0.000448016
0  6.5  0.000171204
0  6.0  0.000279636
0  7.5  7.22785e-05
0  7.0  0.000109949
0  8.5  3.33614e-05
0  8.0  4.79339e-05
0  10.5  8.60877e-06
0  10.0  1.1789e-05
0  9.0  2.33432e-05
0  9.5  1.65113e-05
10  0.2  0.437265
10  0.3  0.64372
10  0.4  0.79182
0  11.5  4.75754e-06
10  0.6  0.855709
10  0.5  0.855179
10  0.7  0.789677
10  0.8  0.71163
10  0.9  0.605477
0  11.0  6.19012e-06
10  1.0  0.509979
10  1.1  0.419306
10  1.2  0.34257
10  1.4  0.225759
10  1.3  0.276326
10  1.5  0.18211
10  1.6  0.146216
10  1.7  0.119598
10  1.8  0.097004
10  1.9  0.0784634
10  2.0  0.0630772
10  2.5  0.0248563
10  3.0  0.0105957
0  12.0  3.47056e-06
10  3.5  0.00495166
10  4.5  0.00133422
10  4.0  0.00248276
10  5.5  0.000432441
10  5.0  0.000754627
10  6.0  0.000263992
10  7.5  6.97222e-05
10  6.5  0.000165765
10  7.0  0.000103824
10  8.0  4.66014e-05
10  9.0  2.2043e-05
10  8.5  3.21412e-05
10  9.5  1.59252e-05
10  10.5  8.09732e-06
10  11.5  4.52037e-06
10  11.0  5.94093e-06
12  0.2  0.444025
10  10.0  1.12195e-05
12  0.3  0.640177
12  0.4  0.781899
12  0.5  0.848397
12  0.6  0.847492
12  0.7  0.780872
12  0.8  0.688655
12  0.9  0.594268
12  1.1  0.413711
12  1.0  0.497002
12  1.2  0.335418
12  1.3  0.272816
12  1.4  0.220611
10  12.0  3.44827e-06
12  1.5  0.176684
12  1.6  0.14371
12  1.7  0.116069
12  1.8  0.0947086
12  1.9  0.0761012
12  2.0  0.0637616
12  2.5  0.0242119
12  3.0  0.0104843
12  3.5  0.00476646
12  4.5  0.00131197
12  5.5  0.000405573
12  4.0  0.00246671
12  5.0  0.000712738
12  7.0  0.00010282
12  6.0  0.000250087
12  7.5  6.72275e-05
12  6.5  0.00016345
12  8.0  4.6353e-05
12  8.5  3.13043e-05
12  9.5  1.52344e-05
12  9.0  2.17198e-05
12  10.5  7.89072e-06
12  10.0  1.12054e-05
12  11.5  4.31112e-06
14  0.2  0.433855
14  0.3  0.637847
14  0.4  0.774577
14  0.5  0.850589
12  11.0  5.94594e-06
14  0.6  0.826848
14  0.7  0.765841
14  0.8  0.677999
14  0.9  0.581832
14  1.0  0.483728
14  1.2  0.326937
14  1.1  0.403691
14  1.3  0.26769
14  1.4  0.214364
14  1.5  0.173276
14  1.6  0.140815
14  1.8  0.0908754
14  1.7  0.113646
14  1.9  0.0758238
14  2.0  0.060685
14  2.5  0.0238513
14  3.5  0.00465182
14  3.0  0.0101961
12  12.0  3.20669e-06
14  4.0  0.00238855
14  4.5  0.00125507
14  5.0  0.000687547
14  5.5  0.000412959
14  6.0  0.000253203
14  6.5  0.000154868
14  7.0  0.000101488
14  7.5  6.44169e-05
14  8.5  3.04275e-05
14  8.0  4.42203e-05
14  9.0  2.10931e-05
14  9.5  1.47114e-05
14  10.5  7.68403e-06
14  10.0  1.05929e-05
16  0.2  0.439465
14  11.5  4.23152e-06
16  0.3  0.634347
16  0.4  0.765782
16  0.5  0.824942
16  0.6  0.816513
14  11.0  5.75492e-06
16  0.7  0.76051
16  0.8  0.667361
16  0.9  0.569432
16  1.0  0.477753
16  1.1  0.395489
16  1.2  0.315287
16  1.3  0.258786
16  1.4  0.20669
16  1.5  0.16987
16  1.6  0.13676
16  1.7  0.109288
16  1.8  0.0879269
16  1.9  0.0723775
14  12.0  3.11872e-06
16  2.0  0.0595158
16  3.0  0.00967515
16  2.5  0.0228819
16  3.5  0.00453236
16  4.5  0.00119322
16  5.5  0.000398289
16  4.0  0.00227101
16  5.0  0.000685989
16  7.0  9.71664e-05
16  6.0  0.000243097
16  6.5  0.000143033
16  7.5  6.37245e-05
16  8.0  4.22061e-05
16  8.5  2.86484e-05
16  9.0  2.0369e-05
16  9.5  1.42201e-05
16  10.5  7.34195e-06
16  10.0  1.01068e-05
18  0.2  0.435116
18  0.3  0.621871
18  0.4  0.751148
16  11.0  5.55129e-06
18  0.5  0.81211
18  0.6  0.795215
18  0.7  0.7291
18  0.8  0.651945
18  0.9  0.549057
18  1.0  0.460831
18  1.1  0.377211
18  1.2  0.306607
16  11.5  4.07315e-06
18  1.3  0.250089
18  1.4  0.198728
18  1.5  0.160945
18  1.6  0.130233
18  1.7  0.103986
18  1.8  0.0850893
18  1.9  0.0695114
18  2.0  0.0566475
18  2.5  0.0219102
18  3.0  0.00927781
18  3.5  0.00426402
16  12.0  3.08923e-06
18  4.5  0.00117106
18  5.5  0.000380994
18  4.0  0.00217452
18  5.0  0.000655516
18  7.0  8.93348e-05
18  7.5  6.06297e-05
18  6.0  0.000229235
18  6.5  0.00014525
18  8.0  4.02762e-05
18  8.5  2.77776e-05
18  9.0  1.93339e-05
18  9.5  1.35718e-05
18  10.0  9.91187e-06
18  10.5  7.05217e-06
2  0.2  0.451205
2  0.3  0.65271
2  0.4  0.806935
2  0.5  0.880277
2  0.6  0.865934
2  0.7  0.816109
2  0.8  0.724917
18  11.0  5.28697e-06
2  0.9  0.62492
2  1.0  0.526279
2  1.1  0.430352
2  1.2  0.354056
2  1.3  0.289009
18  11.5  3.94382e-06
2  1.4  0.234363
2  1.5  0.1884
2  1.7  0.123506
2  1.6  0.153742
2  1.8  0.101222
18  12.0  2.94574e-06
2  1.9  0.0817964
2  2.0  0.0660661
2  2.5  0.02562
2  3.0  0.0109057
2  3.5  0.00518137
2  4.0  0.00260106
2  4.5  0.00140016
2  5.0  0.000777968
2  5.5  0.000452953
2  6.5  0.000173096
2  6.0  0.000278083
2  7.5  7.26416e-05
2  7.0  0.00010841
2  8.5  3.33884e-05
2  8.0  4.89904e-05
2  9.0  2.30446e-05
2  10.5  8.78388e-06
2  9.5  1.64473e-05
2  10.0  1.16514e-05
2  11.5  4.59413e-06
20  0.2  0.418977
20  0.3  0.61823
20  0.4  0.741129
20  0.5  0.792711
20  0.6  0.768645
20  0.7  0.712199
20  0.8  0.620506
20  0.9  0.528431
20  1.0  0.445457
2  11.0  6.45128e-06
20  1.1  0.362108
20  1.2  0.290724
20  1.3  0.235709
20  1.4  0.18924
20  1.5  0.152551
20  1.6  0.122837
20  1.7  0.0991056
2  12.0  3.5383e-06
20  1.8  0.0800621
20  1.9  0.0652598
20  2.0  0.0531278
20  3.0  0.00883392
20  2.5  0.0206672
20  3.5  0.00411907
20  4.0  0.00207499
20  5.5  0.000362447
20  4.5  0.00111032
20  5.0  0.000617564
20  6.5  0.000135616
20  7.0  8.57294e-05
20  6.0  0.000214752
20  7.5  5.76764e-05
20  8.0  3.78505e-05
20  8.5  2.5624e-05
20  9.0  1.84271e-05
20  9.5  1.28522e-05
20  10.5  6.67253e-06
20  11.0  4.83731e-06
20  10.0  9.20829e-06
22  0.2  0.418291
22  0.3  0.59868
22  0.4  0.722705
22  0.5  0.768562
22  0.7  0.680787
22  0.6  0.750909
22  0.8  0.591041
22  0.9  0.505356
22  1.0  0.416028
22  1.1  0.342661
22  1.2  0.275919
22  1.4  0.180311
22  1.3  0.22242
20  11.5  3.69403e-06
22  1.5  0.14363
22  1.6  0.115824
22  1.7  0.0939833
22  1.8  0.0748855
22  1.9  0.0613052
22  2.0  0.050287
22  2.5  0.0191501
22  3.0  0.00815001
22  3.5  0.00378343
22  4.0  0.00192295
20  12.0  2.76943e-06
22  5.5  0.000329651
22  4.5  0.00102529
22  5.0  0.00057686
22  6.5  0.00012592
22  6.0  0.000197307
22  7.5  5.31429e-05
22  7.0  8.11469e-05
22  8.0  3.53438e-05
22  9.0  1.69677e-05
22  8.5  2.44739e-05
22  9.5  1.20778e-05
22  10.0  8.62402e-06
24  0.2  0.400453
22  11.0  4.64017e-06
24  0.3  0.579645
24  0.4  0.697757
24  0.5  0.736915
24  0.6  0.708906
22  10.5  6.15363e-06
24  0.7  0.643394
24  0.8  0.559664
24  0.9  0.474038
24  1.0  0.379841
24  1.1  0.318578
22  11.5  3.3396e-06
24  1.2  0.253645
24  1.3  0.20558
24  1.4  0.164914
24  1.5  0.131019
24  1.6  0.10671
24  1.7  0.085998
24  1.9  0.0559309
24  1.8  0.0695634
24  2.0  0.0458523
24  2.5  0.0174352
24  3.0  0.00743121
24  3.5  0.00346259
22  12.0  2.52504e-06
24  4.5  0.000939979
24  4.0  0.00176437
24  5.0  0.00052899
24  6.0  0.000183309
24  5.5  0.000292866
24  7.0  7.40767e-05
24  6.5  0.000115449
24  7.5  4.87746e-05
24  8.5  2.21267e-05
24  9.0  1.53571e-05
24  8.0  3.249e-05
24  9.5  1.08492e-05
24  10.5  5.62324e-06
26  0.2  0.39598
26  0.3  0.557595
26  0.4  0.664006
24  11.0  4.11634e-06
26  0.5  0.687955
24  10.0  7.65156e-06
26  0.6  0.662629
26  0.7  0.584939
26  0.8  0.506914
26  0.9  0.436664
24  11.5  3.01605e-06
26  1.1  0.284182
26  1.0  0.349472
26  1.2  0.227654
26  1.3  0.1829
26  1.4  0.146168
26  1.5  0.118561
26  1.6  0.0933515
26  1.7  0.0761357
24  12.0  2.31637e-06
26  1.8  0.0617119
26  1.9  0.0503232
26  2.0  0.0407566
26  2.5  0.0153504
26  3.0  0.00670119
26  3.5  0.00305138
26  4.5  0.000783658
26  5.5  0.000270494
26  4.0  0.00156487
26  5.0  0.00045746
26  6.0  0.000160024
26  6.5  0.000100297
26  7.0  6.48618e-05
26  7.5  4.32966e-05
26  8.0  2.86458e-05
26  8.5  1.93091e-05
26  9.0  1.36005e-05
26  9.5  9.49435e-06
28  0.2  0.368166
26  10.0  6.82461e-06
28  0.3  0.52385
28  0.4  0.622871
28  0.5  0.636706
26  11.0  3.63124e-06
26  10.5  4.93433e-06
28  0.6  0.592465
28  0.7  0.526604
28  0.8  0.4471
28  0.9  0.369832
28  1.0  0.303445
28  1.1  0.24464
26  11.5  2.71637e-06
28  1.2  0.197824
28  1.3  0.156129
28  1.4  0.125428
28  1.5  0.100101
28  1.7  0.0642542
28  1.6  0.0799714
28  1.9  0.0426352
28  1.8  0.0519116
28  2.5  0.0132837
28  2.0  0.0337796
26  12.0  1.99859e-06
28  3.0  0.00554147
28  3.5  0.00261279
28  5.5  0.000225649
28  4.5  0.000669581
28  4.0  0.00128713
28  5.0  0.000388631
28  6.0  0.000136558
28  6.5  8.47171e-05
28  7.5  3.58801e-05
28  8.5  1.63102e-05
28  7.0  5.41348e-05
28  8.0  2.32093e-05
28  9.0  1.14717e-05
28  9.5  8.03873e-06
28  10.0  5.7138e-06
28  10.5  4.1429e-06
30  0.2  0.345637
30  0.3  0.475971
30  0.4  0.549264
30  0.5  0.549674
30  0.6  0.492625
28  11.0  3.03793e-06
30  0.7  0.431196
30  0.8  0.363077
28  12.0  1.7091e-06
30  0.9  0.302183
30  1.0  0.243505
30  1.1  0.196213
28  11.5  2.27273e-06
30  1.2  0.157389
30  1.3  0.125481
30  1.5  0.0803951
30  1.4  0.0995385
30  1.6  0.0639483
30  1.7  0.0505417
30  1.8  0.04066
30  1.9  0.0333487
30  2.0  0.0266805
30  2.5  0.0104194
30  3.0  0.00423424
30  3.5  0.00200583
30  5.0  0.000301585
30  4.0  0.00100696
30  4.5  0.000542175
30  5.5  0.000176433
30  6.0  0.00010597
30  6.5  6.60838e-05
30  7.0  4.28017e-05
30  7.5  2.73995e-05
30  8.5  1.25556e-05
30  8.0  1.8588e-05
30  9.0  8.81465e-06
30  9.5  6.23625e-06
30  11.0  2.38295e-06
30  10.5  3.20631e-06
32  0.2  0.307359
32  0.3  0.410386
30  10.0  4.48985e-06
32  0.4  0.453778
32  0.5  0.439601
32  0.6  0.390047
32  0.7  0.336737
32  0.8  0.275168
32  0.9  0.223695
32  1.0  0.182494
32  1.1  0.144827
32  1.2  0.115358
32  1.3  0.0903083
32  1.4  0.0721032
32  1.5  0.0570447
32  1.6  0.0455603
32  1.7  0.0363909
32  1.8  0.0292413
32  1.9  0.0241439
32  2.0  0.0194565
32  2.5  0.00747041
30  12.0  1.33332e-06
32  3.0  0.00316105
32  3.5  0.00144265
30  11.5  1.75218e-06
32  4.0  0.000737802
32  4.5  0.00037896
32  5.0  0.000208825
32  5.5  0.000125424
32  6.5  4.64951e-05
32  6.0  7.587e-05
32  8.0  1.3213e-05
32  7.0  2.99063e-05
32  7.5  1.96315e-05
32  9.0  6.43294e-06
32  8.5  9.0289e-06
32  9.5  4.45854e-06
32  10.5  2.34329e-06
32  10.0  3.17264e-06
32  11.0  1.6889e-06
4  0.2  0.453054
4  0.3  0.651677
4  0.4  0.809764
4  0.5  0.880382
4  0.6  0.865297
4  0.8  0.723829
4  0.7  0.812101
4  0.9  0.62711
4  1.0  0.527117
32  11.5  1.27388e-06
4  1.1  0.431035
4  1.3  0.288327
4  1.2  0.352317
4  1.4  0.231171
4  1.6  0.151898
4  1.5  0.187502
4  1.7  0.123695
4  1.8  0.100831
4  1.9  0.0824287
4  2.0  0.0663689
4  2.5  0.0257448
4  3.0  0.0111422
4  3.5  0.00513091
4  4.5  0.00138894
32  12.0  9.62676e-07
4  4.0  0.00255665
4  5.0  0.000777101
4  5.5  0.000442241
4  6.5  0.000166424
4  6.0  0.000277005
4  7.5  7.2329e-05
4  7.0  0.000108792
4  8.5  3.22413e-05
4  8.0  4.84711e-05
4  10.5  8.75368e-06
4  9.0  2.32669e-05
4  9.5  1.66498e-05
6  0.2  0.445086
4  10.0  1.16723e-05
4  11.5  4.57035e-06
6  0.3  0.653229
6  0.4  0.802996
6  0.5  0.869243
6  0.6  0.857051
6  0.7  0.804258
6  0.8  0.71436
4  11.0  6.19857e-06
6  0.9  0.615599
6  1.0  0.519192
6  1.1  0.427999
6  1.2  0.350385
6  1.3  0.283392
6  1.4  0.230707
6  1.6  0.151045
6  1.5  0.186516
4  12.0  3.55436e-06
6  1.7  0.122143
6  1.8  0.100124
6  1.9  0.0803655
6  2.0  0.0659477
6  2.5  0.0255224
6  3.0  0.0110139
6  3.5  0.00508983
6  4.5  0.00135817
6  5.5  0.000445842
6  4.0  0.00253007
6  5.0  0.000770565
6  6.5  0.000166181
6  6.0  0.000275836
6  7.5  7.10356e-05
6  8.0  4.76217e-05
6  7.0  0.000108299
6  8.5  3.28078e-05
6  9.0  2.2886e-05
6  10.5  8.39491e-06
6  9.5  1.60551e-05
6  10.0  1.1542e-05
8  0.2  0.443769
8  0.3  0.645452
6  11.0  6.24212e-06
6  11.5  4.5081e-06
8  0.4  0.791771
8  0.5  0.86977
8  0.6  0.858028
8  0.7  0.803453
8  0.8  0.709432
8  0.9  0.610105
8  1.1  0.428642
8  1.0  0.514466
8  1.2  0.347307
8  1.3  0.280893
8  1.4  0.227341
8  1.5  0.183791
6  12.0  3.37713e-06
8  1.6  0.147803
8  1.7  0.119874
8  1.8  0.0986074
8  1.9  0.0804611
8  2.0  0.0655686
8  2.5  0.0254793
8  3.0  0.0109685
8  3.5  0.00500578
8  4.5  0.00134912
8  5.5  0.000436272
8  4.0  0.00247533
8  5.0  0.000747821
8  6.0  0.000272416
8  7.5  7.21029e-05
8  6.5  0.000166555
8  7.0  0.000104632
8  8.0  4.77231e-05
8  8.5  3.16841e-05
8  9.0  2.23036e-05
8  9.5  1.62554e-05
8  10.5  8.47013e-06
8  11.5  4.45698e-06
8  10.0  1.14888e-05
8  11.0  6.05101e-06
8  12.0  3.33793e-06
