# diffractive D0 cross section, Pb target, LHAPDF fragmentation, An0n channel
# generated      : 2026-08-20 10:20:12 EEST
# calls          : 1e5 (VEGAS calls per point, see CALLS_EXCL/CALLS_EXCL_FACTORIZED/CALLS_DIFF)
# dipole samples : data/Pb/mve/glauber_mve_<b>
# pD0 sweep      : 0.2 0.3 0.4 0.5 0.6 0.7 0.8 0.9 1.0 1.1 1.2 1.3 1.4 1.5 1.6 1.7 1.8 1.9 2.0 2.5 3.0 3.5 4.0 4.5 5.0 5.5 6.0 6.5 7.0 7.5 8.0 8.5 9.0 9.5 10.0 10.5 11.0 11.5 12.0
# fixed rapidity y : -1.0
# ============================================================
# b  pD0  dsigma_dyd2pD0
0  0.2  0.581705
0  0.5  1.27687
0  0.4  1.11629
0  0.3  0.880529
0  0.6  1.29943
0  0.8  1.11698
0  0.7  1.23626
0  0.9  0.969876
0  1.0  0.82768
0  1.1  0.697025
0  1.3  0.470308
0  1.2  0.578034
0  1.4  0.390534
0  1.5  0.320319
0  1.6  0.264131
0  1.8  0.177686
0  1.7  0.217725
0  1.9  0.148259
0  2.0  0.123728
0  2.5  0.05138
0  3.5  0.0118342
0  3.0  0.0239207
0  4.5  0.00364329
0  5.0  0.0022005
0  4.0  0.00639137
0  5.5  0.0013511
0  6.0  0.000881411
0  7.5  0.000270855
0  8.0  0.000189179
0  6.5  0.000566378
0  7.0  0.000387505
0  8.5  0.000135714
0  9.0  9.81748e-05
0  10.0  5.43125e-05
0  9.5  7.33872e-05
0  11.0  3.12226e-05
0  10.5  4.09677e-05
10  0.2  0.587582
0  11.5  2.41077e-05
10  0.3  0.870075
10  0.4  1.10779
10  0.5  1.24318
10  0.6  1.27376
10  0.7  1.1799
10  0.8  1.0865
10  0.9  0.938772
10  1.0  0.80054
10  1.1  0.670751
10  1.2  0.553042
10  1.3  0.457559
10  1.4  0.374555
10  1.5  0.306294
10  1.6  0.251171
10  1.8  0.168047
10  1.7  0.20883
10  1.9  0.14032
10  2.0  0.118264
10  2.5  0.0497183
10  3.0  0.0227421
10  3.5  0.0113404
0  12.0  1.85544e-05
10  5.5  0.00129631
10  4.0  0.00607735
10  4.5  0.0034632
10  5.0  0.00210295
10  6.0  0.00083088
10  7.5  0.00025482
10  6.5  0.000554555
10  8.0  0.000179694
10  7.0  0.000368988
10  9.0  9.41976e-05
10  8.5  0.000131212
10  9.5  6.91343e-05
10  11.0  2.95885e-05
10  11.5  2.28543e-05
10  10.0  5.17173e-05
12  0.2  0.585248
12  0.3  0.867844
12  0.4  1.09834
12  0.5  1.21736
12  0.6  1.25205
12  0.7  1.17862
10  10.5  3.93447e-05
12  0.8  1.06679
12  0.9  0.926163
12  1.0  0.788428
12  1.1  0.662698
12  1.2  0.539094
12  1.3  0.448663
12  1.4  0.370062
12  1.5  0.297078
12  1.6  0.24744
12  1.8  0.169196
12  1.7  0.203952
12  1.9  0.13872
12  2.5  0.0474849
12  2.0  0.115579
12  3.0  0.0222431
12  3.5  0.0110914
10  12.0  1.79172e-05
12  5.0  0.00201349
12  4.0  0.0059333
12  4.5  0.00337092
12  5.5  0.00126936
12  6.0  0.000801428
12  7.5  0.000248934
12  8.0  0.000175823
12  6.5  0.000530429
12  7.0  0.000359982
12  8.5  0.000127007
12  9.0  9.14494e-05
12  9.5  6.74074e-05
12  10.0  5.00347e-05
12  11.0  2.89772e-05
12  11.5  2.27602e-05
14  0.2  0.580122
14  0.3  0.845549
14  0.4  1.08634
14  0.5  1.20402
14  0.6  1.23559
12  10.5  3.77296e-05
14  0.7  1.16496
14  0.8  1.04838
14  0.9  0.90888
14  1.0  0.768511
14  1.1  0.644957
14  1.2  0.533735
14  1.3  0.435882
14  1.4  0.356591
14  1.5  0.29463
14  1.6  0.242033
14  1.7  0.198116
14  1.8  0.162267
14  1.9  0.135413
14  2.0  0.112301
14  2.5  0.0472731
14  3.0  0.0216615
14  3.5  0.0107056
12  12.0  1.74031e-05
14  5.5  0.00122919
14  4.0  0.00584793
14  4.5  0.00328377
14  5.0  0.00199513
14  7.5  0.000245245
14  6.0  0.000780752
14  8.0  0.00017157
14  6.5  0.000515869
14  7.0  0.000350074
14  10.0  4.94706e-05
14  8.5  0.000121732
14  9.5  6.53703e-05
14  9.0  8.89304e-05
14  11.0  2.86765e-05
16  0.2  0.578541
14  10.5  3.69058e-05
16  0.3  0.83206
16  0.4  1.06584
16  0.5  1.1805
16  0.6  1.21644
16  0.7  1.13899
16  0.8  1.02463
16  0.9  0.87313
16  1.0  0.735757
16  1.1  0.626539
14  11.5  2.16644e-05
16  1.2  0.516113
16  1.3  0.424379
16  1.4  0.346801
16  1.5  0.285109
16  1.6  0.233871
16  1.7  0.19137
16  1.9  0.129088
16  1.8  0.158212
16  2.0  0.110031
16  3.0  0.0208919
16  2.5  0.0454116
16  3.5  0.0104665
14  12.0  1.68304e-05
16  4.0  0.00554326
16  4.5  0.00319436
16  5.0  0.00188305
16  5.5  0.001172
16  6.0  0.000756028
16  7.5  0.000232652
16  8.0  0.000164288
16  6.5  0.000504296
16  7.0  0.000344014
16  9.0  8.53619e-05
16  8.5  0.000119117
16  10.0  4.74496e-05
16  9.5  6.41103e-05
16  11.0  2.69631e-05
16  10.5  3.5047e-05
18  0.2  0.565962
18  0.3  0.841174
18  0.4  1.06096
18  0.5  1.17871
18  0.6  1.19501
18  0.7  1.12085
18  0.8  0.995318
18  0.9  0.86306
18  1.0  0.718325
18  1.1  0.594809
18  1.3  0.40673
18  1.2  0.497924
18  1.4  0.32917
18  1.5  0.271989
18  1.6  0.223618
18  1.7  0.182513
18  1.9  0.121706
18  1.8  0.149204
16  11.5  2.10884e-05
18  2.5  0.042923
18  2.0  0.104184
18  3.0  0.0197789
18  3.5  0.0100426
16  12.0  1.6191e-05
18  4.5  0.00303504
18  5.5  0.00111701
18  4.0  0.0053043
18  5.0  0.0019108
18  6.0  0.000732585
18  7.5  0.000220659
18  8.0  0.000156771
18  6.5  0.000474305
18  8.5  0.000112712
18  7.0  0.000319598
18  9.5  6.00463e-05
18  9.0  8.12661e-05
18  10.0  4.4884e-05
18  11.0  2.62691e-05
18  10.5  3.44445e-05
2  0.2  0.596405
2  0.3  0.881722
2  0.4  1.12135
2  0.5  1.27398
2  0.6  1.28992
2  0.8  1.10496
2  0.7  1.23999
2  0.9  0.973772
2  1.0  0.826701
2  1.1  0.699342
2  1.2  0.569699
2  1.4  0.387664
2  1.3  0.476056
2  1.5  0.316153
2  1.6  0.259654
2  1.7  0.217075
2  1.9  0.147914
2  1.8  0.17882
2  2.5  0.0521493
2  2.0  0.123358
2  3.0  0.0237209
18  11.5  2.02385e-05
2  3.5  0.0118013
18  12.0  1.53567e-05
2  4.5  0.00369185
2  5.0  0.00216095
2  6.0  0.000860474
2  4.0  0.00637077
2  5.5  0.00133826
2  7.5  0.000267025
2  8.0  0.000191285
2  6.5  0.000571782
2  7.0  0.000387006
2  8.5  0.000137
2  9.5  7.2875e-05
2  9.0  9.83006e-05
2  10.0  5.48117e-05
2  11.0  3.10776e-05
20  0.2  0.558052
2  11.5  2.40709e-05
2  10.5  4.08076e-05
20  0.3  0.829202
20  0.4  1.03869
20  0.5  1.15456
20  0.6  1.15909
20  0.7  1.0617
20  0.8  0.952803
20  0.9  0.827011
20  1.0  0.692694
20  1.1  0.579221
20  1.2  0.4734
20  1.3  0.389866
20  1.4  0.318464
20  1.5  0.259691
20  1.7  0.173836
20  1.6  0.21301
20  1.8  0.144084
20  1.9  0.117673
20  2.0  0.0981597
20  2.5  0.04095
20  3.0  0.0185862
20  3.5  0.00935201
2  12.0  1.8583e-05
20  5.5  0.0010587
20  4.0  0.00512871
20  4.5  0.00284988
20  5.0  0.00172482
20  6.0  0.000692088
20  7.5  0.000202035
20  8.0  0.000148275
20  6.5  0.000447481
20  7.0  0.000302754
20  8.5  0.00010591
20  9.5  5.72533e-05
20  9.0  7.89361e-05
20  10.0  4.24364e-05
20  11.0  2.46806e-05
20  10.5  3.20389e-05
22  0.2  0.544664
22  0.3  0.810059
22  0.4  1.01423
22  0.5  1.12056
22  0.6  1.11457
22  0.7  1.03062
22  0.8  0.911786
22  0.9  0.783519
22  1.0  0.658702
22  1.1  0.540522
22  1.2  0.446545
22  1.3  0.365641
22  1.4  0.297981
22  1.5  0.243565
22  1.7  0.163223
22  1.6  0.198949
22  1.8  0.134791
22  1.9  0.111357
22  2.0  0.0919067
22  2.5  0.0384542
20  11.5  1.88054e-05
22  3.5  0.00887921
22  3.0  0.0173558
20  12.0  1.47119e-05
22  5.5  0.000980796
22  4.0  0.0046547
22  4.5  0.00268698
22  5.0  0.00157318
22  6.0  0.000645135
22  8.0  0.000137665
22  6.5  0.000413265
22  7.5  0.00019468
22  7.0  0.000285632
22  8.5  9.80287e-05
22  9.0  7.17445e-05
22  9.5  5.28347e-05
22  10.0  3.92786e-05
22  11.0  2.31067e-05
22  10.5  3.02268e-05
24  0.2  0.528813
24  0.3  0.791205
24  0.4  0.980818
24  0.5  1.06373
24  0.6  1.05248
24  0.7  0.958037
24  0.8  0.859305
24  0.9  0.72923
24  1.0  0.611555
24  1.1  0.501869
24  1.2  0.415082
24  1.3  0.336628
24  1.4  0.275597
24  1.5  0.222725
24  1.6  0.183383
24  1.8  0.119679
24  1.7  0.149308
24  1.9  0.101577
22  11.5  1.78055e-05
24  2.0  0.0836779
24  2.5  0.0346929
24  3.5  0.00804705
24  3.0  0.0157943
22  12.0  1.35608e-05
24  4.5  0.00245773
24  5.0  0.00146054
24  5.5  0.000897153
24  4.0  0.00422529
24  6.5  0.000386913
24  6.0  0.000585498
24  7.5  0.000176926
24  8.5  9.10968e-05
24  7.0  0.000256139
24  8.0  0.000125229
24  9.5  4.69719e-05
24  9.0  6.53277e-05
24  11.0  2.07042e-05
24  10.5  2.75515e-05
24  10.0  3.59335e-05
24  11.5  1.6082e-05
26  0.2  0.514925
26  0.3  0.76024
26  0.4  0.918963
26  0.5  1.00211
26  0.6  0.973321
26  0.7  0.894261
26  0.8  0.778158
26  0.9  0.662945
26  1.0  0.553434
26  1.1  0.451263
26  1.2  0.364262
26  1.3  0.296626
26  1.4  0.246267
26  1.5  0.199236
26  1.6  0.162689
26  1.7  0.133183
26  1.9  0.0896671
26  1.8  0.109146
26  2.0  0.0744106
26  2.5  0.0305619
26  3.0  0.0141114
26  3.5  0.00697884
24  12.0  1.18198e-05
26  4.0  0.00380535
26  5.5  0.000796157
26  4.5  0.00212452
26  5.0  0.00126579
26  6.0  0.000513143
26  7.5  0.000155399
26  6.5  0.000335308
26  7.0  0.000228243
26  8.5  8.03704e-05
26  9.5  4.29529e-05
26  8.0  0.000109995
26  9.0  5.71357e-05
26  11.0  1.84399e-05
26  10.5  2.40652e-05
26  10.0  3.15641e-05
28  0.2  0.487783
28  0.3  0.717345
28  0.4  0.8628
28  0.5  0.908399
28  0.6  0.875665
28  0.7  0.7884
28  0.8  0.68302
28  0.9  0.57352
28  1.0  0.476821
28  1.1  0.388741
28  1.2  0.317284
28  1.4  0.207881
28  1.3  0.256958
28  1.6  0.137219
28  1.5  0.168771
26  11.5  1.37775e-05
28  1.8  0.0949748
28  1.7  0.11205
28  1.9  0.0757462
28  2.0  0.0627535
28  2.5  0.0262741
28  3.5  0.00587161
28  3.0  0.0117323
26  12.0  1.07708e-05
28  4.0  0.00315909
28  5.5  0.000667511
28  4.5  0.00177977
28  5.0  0.00105401
28  6.0  0.000423795
28  8.0  9.39456e-05
28  6.5  0.000286671
28  7.0  0.00018889
28  7.5  0.000132713
28  8.5  6.60742e-05
28  9.0  4.90204e-05
28  9.5  3.54635e-05
28  10.5  2.00112e-05
28  10.0  2.62445e-05
30  0.2  0.453507
30  0.3  0.647012
30  0.4  0.770537
30  0.5  0.788007
30  0.6  0.743822
30  0.7  0.659482
30  0.8  0.563345
30  0.9  0.46853
30  1.0  0.386671
30  1.1  0.310613
28  11.5  1.18573e-05
30  1.2  0.254778
30  1.3  0.203773
30  1.4  0.166548
30  1.5  0.135351
28  11.0  1.54363e-05
30  1.7  0.0886174
30  1.6  0.108677
30  1.8  0.0720362
30  1.9  0.0595909
30  2.0  0.0497993
30  2.5  0.0206718
30  3.0  0.00933258
30  3.5  0.00458898
28  12.0  8.98835e-06
30  4.0  0.00250645
30  4.5  0.00142404
30  5.0  0.000834457
30  6.5  0.000223104
30  5.5  0.000526933
30  6.0  0.000331684
30  8.0  7.35265e-05
30  7.0  0.000150763
30  7.5  0.000102232
30  9.0  3.83753e-05
30  8.5  5.13583e-05
30  9.5  2.81212e-05
30  10.5  1.54964e-05
30  10.0  2.10836e-05
32  0.2  0.405396
32  0.3  0.567464
32  0.4  0.640609
32  0.5  0.632061
32  0.6  0.577181
32  0.7  0.506006
32  0.8  0.424126
32  0.9  0.35023
32  1.0  0.284674
30  11.0  1.18361e-05
32  1.1  0.228988
32  1.2  0.185639
32  1.3  0.148754
32  1.4  0.122474
32  1.5  0.0966124
32  1.6  0.0773817
30  11.5  9.18482e-06
32  1.8  0.0529469
32  1.7  0.0647234
32  1.9  0.0433556
32  2.5  0.0144615
32  3.0  0.00673116
32  2.0  0.0353461
32  3.5  0.00328598
30  12.0  7.06945e-06
32  4.0  0.00178166
32  4.5  0.000998783
32  5.0  0.000609901
32  5.5  0.000377533
32  7.0  0.000104541
32  6.0  0.000235206
32  8.0  5.13408e-05
32  8.5  3.75744e-05
32  6.5  0.000155037
32  7.5  7.31587e-05
32  9.0  2.73018e-05
32  10.0  1.48016e-05
32  9.5  1.97422e-05
4  0.2  0.575199
4  0.3  0.878535
32  10.5  1.10479e-05
4  0.4  1.11362
32  11.0  8.62409e-06
4  0.5  1.26749
4  0.6  1.29696
4  0.7  1.23377
4  0.8  1.10256
4  0.9  0.962476
4  1.0  0.826504
4  1.1  0.696589
4  1.2  0.572347
4  1.3  0.469929
4  1.4  0.386683
4  1.5  0.31799
4  1.6  0.262223
4  1.8  0.181071
4  1.7  0.216065
4  1.9  0.147677
4  2.0  0.12014
4  2.5  0.0516781
4  3.0  0.0236337
4  3.5  0.0118592
32  11.5  6.62705e-06
32  12.0  5.14311e-06
4  4.5  0.00367893
4  5.0  0.00219486
4  4.0  0.00633585
4  5.5  0.00133397
4  6.0  0.0008583
4  7.5  0.00026758
4  8.0  0.000187827
4  6.5  0.000577133
4  7.0  0.000379958
4  8.5  0.000136812
4  9.0  9.87936e-05
4  9.5  7.19065e-05
4  10.0  5.38168e-05
4  11.0  3.13848e-05
4  10.5  4.04467e-05
6  0.2  0.591783
4  11.5  2.32073e-05
6  0.3  0.87825
6  0.4  1.11643
6  0.5  1.26519
6  0.6  1.27189
6  0.7  1.19176
6  0.8  1.10769
6  0.9  0.957265
6  1.0  0.808239
6  1.1  0.686199
6  1.2  0.566932
6  1.3  0.463649
6  1.4  0.386517
6  1.5  0.316557
6  1.6  0.260211
6  1.7  0.214373
6  1.8  0.176986
6  1.9  0.146947
6  2.0  0.121321
6  2.5  0.0507132
6  3.5  0.0117821
6  3.0  0.0235546
4  12.0  1.8572e-05
6  5.0  0.002118
6  4.5  0.00357941
6  4.0  0.00624639
6  5.5  0.00134023
6  7.5  0.000263141
6  6.0  0.000867742
6  8.0  0.000185189
6  6.5  0.000570478
6  8.5  0.000135447
6  7.0  0.000380725
6  9.0  9.85652e-05
6  9.5  7.12784e-05
6  11.0  3.11323e-05
6  10.5  4.02116e-05
8  0.2  0.590592
6  11.5  2.37677e-05
6  10.0  5.43491e-05
8  0.3  0.877128
8  0.4  1.10446
8  0.5  1.24608
8  0.6  1.27841
8  0.7  1.21894
8  0.8  1.08672
8  0.9  0.946589
8  1.0  0.808456
8  1.1  0.676271
8  1.2  0.562177
8  1.3  0.460958
8  1.4  0.378584
8  1.5  0.313499
8  1.6  0.256574
8  1.7  0.211419
8  1.8  0.174677
8  1.9  0.144527
8  2.5  0.0498475
8  2.0  0.120493
8  3.5  0.0116417
8  3.0  0.0230802
6  12.0  1.85888e-05
8  4.0  0.00625942
8  4.5  0.00354511
8  5.0  0.00209019
8  5.5  0.00130654
8  6.0  0.000855694
8  7.5  0.000259259
8  8.0  0.000183505
8  6.5  0.000560971
8  7.0  0.000375127
8  8.5  0.000131233
8  9.0  9.63921e-05
8  9.5  7.06742e-05
8  11.0  3.02214e-05
8  10.5  3.99356e-05
8  11.5  2.34832e-05
8  10.0  5.272e-05
8  12.0  1.81689e-05
