# diffractive D0 cross section, Pb target, LHAPDF fragmentation, An0n channel
# generated      : 2026-08-20 10:20:12 EEST
# calls          : 1e5 (VEGAS calls per point, see CALLS_EXCL/CALLS_EXCL_FACTORIZED/CALLS_DIFF)
# dipole samples : data/Pb/mve/glauber_mve_<b>
# pD0 sweep      : 0.2 0.3 0.4 0.5 0.6 0.7 0.8 0.9 1.0 1.1 1.2 1.3 1.4 1.5 1.6 1.7 1.8 1.9 2.0 2.5 3.0 3.5 4.0 4.5 5.0 5.5 6.0 6.5 7.0 7.5 8.0 8.5 9.0 9.5 10.0 10.5 11.0 11.5 12.0
# fixed rapidity y : 3.0
# ============================================================
# b  pD0  dsigma_dyd2pD0
0  0.4  0.109792
0  0.3  0.0905671
0  0.2  0.0616976
0  0.5  0.111394
0  0.6  0.104919
0  0.7  0.0914489
0  0.8  0.0749239
0  0.9  0.0593591
0  1.0  0.0467281
0  1.1  0.0361686
0  1.3  0.0209841
0  1.2  0.0273154
0  1.5  0.0120816
0  1.4  0.0158138
0  1.6  0.0090534
0  1.7  0.00681726
0  1.8  0.00518933
0  1.9  0.0039643
0  2.0  0.00303401
0  2.5  0.0008543
0  3.0  0.000258758
0  3.5  8.82301e-05
0  4.5  1.27821e-05
0  5.0  5.26352e-06
0  4.0  3.21525e-05
0  5.5  2.15435e-06
0  7.0  2.23987e-07
0  6.0  9.94892e-07
0  6.5  4.4806e-07
0  8.0  5.60744e-08
0  7.5  1.05183e-07
0  9.5  7.98345e-09
0  8.5  2.87512e-08
0  10.0  4.39116e-09
0  9.0  1.49223e-08
0  11.5  7.49988e-10
10  0.2  0.0621956
10  0.3  0.0890928
10  0.4  0.105156
10  0.5  0.10897
0  10.5  2.36671e-09
10  0.6  0.102101
10  0.7  0.087563
10  0.8  0.0731598
10  0.9  0.0575146
10  1.0  0.0452444
10  1.1  0.0346547
10  1.2  0.0268548
0  11.0  1.32787e-09
10  1.3  0.019789
10  1.4  0.0154028
10  1.5  0.0115043
10  1.6  0.00861153
10  1.7  0.00657984
10  1.8  0.00497092
10  1.9  0.00383002
10  2.0  0.00291753
10  3.0  0.000248181
10  3.5  8.3705e-05
10  2.5  0.000805256
0  12.0  4.31038e-10
10  5.5  2.13248e-06
10  4.0  3.04554e-05
10  4.5  1.20975e-05
10  5.0  4.92456e-06
10  6.5  4.48414e-07
10  7.5  1.06111e-07
10  6.0  9.61062e-07
10  7.0  2.13993e-07
10  8.0  5.2013e-08
10  8.5  2.7503e-08
10  9.0  1.4042e-08
10  9.5  7.42606e-09
10  10.0  4.16894e-09
12  0.2  0.0614654
10  11.5  7.25101e-10
12  0.3  0.0897614
12  0.5  0.108294
12  0.4  0.105117
12  0.6  0.100861
10  10.5  2.2717e-09
12  0.7  0.086808
12  0.8  0.0716145
12  0.9  0.0562063
12  1.0  0.0434214
12  1.1  0.0339514
12  1.2  0.0259004
12  1.3  0.0195978
12  1.4  0.0149575
12  1.5  0.0111137
12  1.6  0.00863277
12  1.7  0.00641785
12  1.8  0.00490113
12  1.9  0.00372006
12  2.0  0.00284008
12  2.5  0.000779377
12  3.0  0.00023894
10  11.0  1.27425e-09
12  3.5  8.1208e-05
10  12.0  4.18412e-10
12  4.0  2.9718e-05
12  4.5  1.19433e-05
12  5.0  4.89317e-06
12  6.5  4.34307e-07
12  5.5  2.08306e-06
12  6.0  9.31507e-07
12  7.0  2.01936e-07
12  7.5  1.02444e-07
12  8.0  5.22218e-08
12  8.5  2.69107e-08
12  9.0  1.40757e-08
12  9.5  7.52456e-09
12  10.0  4.08925e-09
14  0.2  0.0610372
14  0.3  0.0887834
14  0.4  0.104907
14  0.5  0.107768
14  0.6  0.0983107
12  10.5  2.20458e-09
14  0.7  0.0862173
14  0.8  0.0697447
14  1.0  0.0435436
14  0.9  0.0559145
14  1.1  0.0333769
14  1.3  0.0193211
14  1.2  0.0254459
12  11.0  1.28214e-09
14  1.5  0.010969
14  1.4  0.0145432
14  1.6  0.0083269
14  1.8  0.00475449
14  1.9  0.00362033
14  1.7  0.00623523
14  2.0  0.00274836
14  2.5  0.000746922
14  3.0  0.000230545
14  3.5  7.9786e-05
12  11.5  7.07064e-10
12  12.0  4.06396e-10
14  4.0  2.84177e-05
14  4.5  1.15971e-05
14  5.0  4.63646e-06
14  5.5  1.98306e-06
14  6.5  4.25393e-07
14  7.5  9.59737e-08
14  6.0  8.92004e-07
14  7.0  2.03298e-07
14  8.0  5.06503e-08
14  9.0  1.36183e-08
14  8.5  2.57304e-08
14  9.5  7.25588e-09
14  10.0  3.94568e-09
16  0.2  0.0601074
16  0.3  0.0877217
16  0.4  0.103204
16  0.5  0.105822
16  0.7  0.0833572
16  0.6  0.0981659
16  0.8  0.0684554
14  10.5  2.17648e-09
16  0.9  0.0539535
16  1.0  0.0423086
16  1.1  0.0323758
16  1.2  0.0244024
16  1.3  0.0186747
16  1.4  0.0140013
16  1.5  0.0106553
14  11.0  1.22e-09
16  1.8  0.00462714
16  1.6  0.00798107
16  1.7  0.0060196
16  1.9  0.00357155
16  2.0  0.00267926
16  2.5  0.000737276
16  3.5  7.54964e-05
16  3.0  0.000223424
14  11.5  6.84548e-10
14  12.0  3.93138e-10
16  4.0  2.86105e-05
16  4.5  1.05681e-05
16  5.0  4.50974e-06
16  5.5  1.99294e-06
16  6.0  8.67441e-07
16  6.5  4.01925e-07
16  7.0  1.9296e-07
16  7.5  9.18448e-08
16  8.0  4.85657e-08
16  8.5  2.47328e-08
16  9.0  1.29472e-08
16  9.5  6.86766e-09
16  11.0  1.17221e-09
16  10.0  3.71177e-09
18  0.2  0.0593796
18  0.3  0.0875658
18  0.4  0.101923
18  0.5  0.103781
18  0.6  0.0958177
18  0.7  0.0822245
18  0.8  0.0663704
16  10.5  2.03327e-09
18  1.0  0.0406826
18  0.9  0.0525286
18  1.1  0.0311727
18  1.2  0.0237083
18  1.3  0.0178683
18  1.4  0.0134573
18  1.5  0.0101364
18  1.6  0.00775963
18  1.7  0.00583788
18  1.8  0.0044401
18  2.0  0.00261421
18  1.9  0.00335278
18  2.5  0.000687973
18  3.0  0.000217463
18  3.5  7.42261e-05
16  11.5  6.57602e-10
16  12.0  3.72029e-10
18  4.0  2.73174e-05
18  4.5  1.04759e-05
18  5.0  4.1754e-06
18  5.5  1.84193e-06
18  7.0  1.86168e-07
18  6.0  8.31016e-07
18  6.5  3.92567e-07
18  7.5  9.1903e-08
18  8.0  4.63798e-08
18  8.5  2.39713e-08
18  9.0  1.24103e-08
18  10.5  2.04132e-09
18  9.5  6.54523e-09
18  10.0  3.58248e-09
2  0.2  0.0617997
2  0.3  0.0903155
2  0.4  0.106588
2  0.5  0.111259
2  0.6  0.104699
2  0.7  0.0910044
2  0.8  0.0750402
2  0.9  0.059349
2  1.0  0.0467939
2  1.1  0.0356728
18  11.5  6.24323e-10
2  1.2  0.027455
2  1.3  0.020732
2  1.4  0.015553
18  11.0  1.09821e-09
2  1.5  0.0119055
2  1.7  0.00691041
2  1.6  0.00898428
2  1.8  0.00523623
2  1.9  0.00394007
2  2.0  0.00304404
2  2.5  0.000848444
2  3.0  0.000257711
18  12.0  3.57379e-10
2  3.5  8.63532e-05
2  4.5  1.2567e-05
2  5.0  4.97109e-06
2  4.0  3.22431e-05
2  5.5  2.25096e-06
2  7.0  2.16351e-07
2  6.0  9.99448e-07
2  6.5  4.71647e-07
2  8.0  5.4233e-08
2  7.5  1.10104e-07
2  8.5  2.81515e-08
2  10.0  4.41195e-09
2  9.0  1.48453e-08
2  9.5  8.09163e-09
2  11.5  7.29698e-10
20  0.2  0.059799
20  0.3  0.0850717
20  0.4  0.10085
20  0.5  0.101825
2  10.5  2.35435e-09
20  0.6  0.0934515
20  0.7  0.0797759
20  0.8  0.0646655
20  0.9  0.0510047
20  1.0  0.0385827
20  1.1  0.0300818
20  1.2  0.0225623
2  11.0  1.3477e-09
20  1.3  0.0171462
20  1.5  0.00979717
20  1.4  0.0128295
20  1.6  0.00731335
20  1.7  0.00550486
20  1.8  0.00425408
20  1.9  0.00316303
20  2.0  0.00248515
20  2.5  0.000664029
20  3.0  0.000205223
20  3.5  6.95354e-05
2  12.0  4.31012e-10
20  4.0  2.65986e-05
20  4.5  9.56491e-06
20  5.0  3.9635e-06
20  5.5  1.70181e-06
20  6.0  7.89588e-07
20  6.5  3.67801e-07
20  7.0  1.77491e-07
20  7.5  8.69211e-08
20  8.0  4.27691e-08
20  8.5  2.25927e-08
20  9.0  1.15933e-08
20  10.0  3.38257e-09
20  9.5  6.33808e-09
20  11.0  1.06746e-09
22  0.2  0.0580467
22  0.3  0.0837606
22  0.4  0.0966783
20  10.5  1.85575e-09
22  0.5  0.0984936
22  0.6  0.0892367
22  0.8  0.0612862
22  0.7  0.0761731
22  0.9  0.048234
22  1.0  0.037162
22  1.1  0.0283357
22  1.3  0.0165244
22  1.2  0.0213925
22  1.4  0.0121756
20  11.5  5.89809e-10
22  1.5  0.00933265
22  1.6  0.00689136
22  1.7  0.00514254
22  1.8  0.00391289
22  1.9  0.00299667
22  2.0  0.00227833
22  2.5  0.000620067
20  12.0  3.39047e-10
22  3.0  0.000193888
22  3.5  6.38434e-05
22  4.0  2.36441e-05
22  4.5  8.84017e-06
22  5.0  3.7406e-06
22  5.5  1.63072e-06
22  6.0  7.59822e-07
22  6.5  3.42881e-07
22  7.5  8.14883e-08
22  7.0  1.63992e-07
22  8.0  4.07911e-08
22  8.5  2.0197e-08
22  9.0  1.06886e-08
22  9.5  5.8942e-09
22  11.0  9.59502e-10
22  10.5  1.76413e-09
24  0.2  0.0572423
22  10.0  3.21614e-09
24  0.3  0.081334
24  0.4  0.0936523
24  0.5  0.0947929
24  0.6  0.0840546
24  0.7  0.0718798
22  12.0  3.1185e-10
24  0.8  0.0572819
24  0.9  0.0444211
24  1.0  0.0346271
24  1.1  0.0259957
24  1.2  0.0197896
24  1.3  0.0148354
24  1.4  0.0115215
24  1.5  0.00839895
24  1.6  0.00625219
24  1.7  0.00473926
22  11.5  5.56217e-10
24  1.9  0.00276514
24  1.8  0.00350039
24  2.0  0.00204292
24  2.5  0.000564149
24  3.5  5.80454e-05
24  3.0  0.000179228
24  4.0  2.09144e-05
24  4.5  8.18204e-06
24  5.0  3.39009e-06
24  5.5  1.4965e-06
24  6.0  6.48381e-07
24  7.0  1.48399e-07
24  6.5  3.1515e-07
24  8.0  3.73839e-08
24  7.5  7.17127e-08
24  10.0  2.8698e-09
24  8.5  1.83596e-08
24  9.0  9.91745e-09
24  10.5  1.54794e-09
24  9.5  5.18761e-09
24  11.0  8.87763e-10
26  0.2  0.0549792
26  0.3  0.0790318
26  0.4  0.0893186
26  0.5  0.088396
26  0.6  0.0784766
26  0.7  0.0662222
26  0.8  0.0520262
26  0.9  0.0409761
26  1.0  0.0312158
24  12.0  2.91245e-10
26  1.1  0.0235792
26  1.2  0.0176755
26  1.3  0.0134682
26  1.4  0.0101262
26  1.5  0.0074452
26  1.6  0.00562734
26  1.8  0.00319028
26  1.7  0.00416712
24  11.5  5.13863e-10
26  2.5  0.000514451
26  1.9  0.00233948
26  2.0  0.00180647
26  3.0  0.00015006
26  3.5  5.06634e-05
26  4.0  1.89244e-05
26  4.5  7.47588e-06
26  5.0  3.07736e-06
26  5.5  1.32559e-06
26  6.0  5.81279e-07
26  7.5  6.33369e-08
26  6.5  2.77893e-07
26  7.0  1.28113e-07
26  8.0  3.23772e-08
26  10.0  2.5149e-09
26  8.5  1.6841e-08
26  9.0  8.92857e-09
26  10.5  1.4415e-09
26  9.5  4.56901e-09
28  0.2  0.0524214
28  0.3  0.075189
28  0.4  0.0831747
28  0.5  0.0800957
28  0.6  0.0704946
28  0.7  0.058306
28  0.8  0.0464232
28  0.9  0.0355759
28  1.0  0.0269203
28  1.1  0.020505
28  1.2  0.0153364
28  1.3  0.0113124
28  1.4  0.00840356
28  1.5  0.00636456
28  1.6  0.0047067
28  1.7  0.00351716
28  1.8  0.00265251
28  1.9  0.0019998
28  2.0  0.00153874
26  11.0  7.97753e-10
28  2.5  0.000431196
28  3.5  4.11342e-05
28  3.0  0.000129114
26  11.5  4.34781e-10
26  12.0  2.57241e-10
28  4.0  1.59266e-05
28  4.5  5.928e-06
28  5.0  2.52474e-06
28  5.5  1.10564e-06
28  7.0  1.07604e-07
28  6.5  2.18037e-07
28  7.5  5.31899e-08
28  6.0  4.91744e-07
28  8.0  2.74707e-08
28  8.5  1.44109e-08
28  9.5  3.82342e-09
28  9.0  7.51098e-09
28  10.0  2.16778e-09
30  0.2  0.0491566
30  0.3  0.0681183
30  0.4  0.0738853
30  0.5  0.0698746
30  0.6  0.0604599
28  12.0  2.17139e-10
28  10.5  1.19357e-09
30  0.7  0.0479962
30  0.8  0.0378665
30  0.9  0.0287499
30  1.0  0.0224161
30  1.1  0.0166629
30  1.2  0.0124049
30  1.3  0.00907612
28  11.0  6.51154e-10
30  1.4  0.0066514
30  1.5  0.00499621
30  1.6  0.00384805
30  1.7  0.00283402
30  1.8  0.00212416
30  1.9  0.00161791
30  2.0  0.00122867
30  2.5  0.000331524
30  3.0  0.000102008
30  3.5  3.47598e-05
28  11.5  3.75638e-10
30  4.5  4.75393e-06
30  4.0  1.23342e-05
30  5.0  1.89972e-06
30  5.5  8.20091e-07
30  6.0  3.84016e-07
30  8.0  2.11385e-08
30  6.5  1.77738e-07
30  7.0  8.28774e-08
30  7.5  4.25034e-08
30  9.5  3.10995e-09
30  8.5  1.11929e-08
30  9.0  5.85481e-09
30  10.0  1.68158e-09
32  0.2  0.0444038
30  10.5  9.12442e-10
32  0.3  0.0584234
30  11.5  2.87494e-10
32  0.4  0.0615771
32  0.5  0.0559315
32  0.6  0.0462958
32  0.7  0.0379135
32  0.8  0.0287646
32  0.9  0.0222535
32  1.0  0.016431
32  1.1  0.0120658
32  1.2  0.00898324
32  1.3  0.00667871
32  1.4  0.00496192
32  1.5  0.00372975
32  1.6  0.00277849
32  1.8  0.00156838
32  1.7  0.00206972
30  11.0  5.15598e-10
32  1.9  0.00117314
32  2.0  0.000897023
32  2.5  0.0002444
32  3.0  7.56622e-05
32  3.5  2.47321e-05
30  12.0  1.69344e-10
32  4.0  8.59884e-06
32  4.5  3.29782e-06
32  5.0  1.35532e-06
32  6.0  2.69586e-07
32  5.5  6.18653e-07
32  6.5  1.267e-07
32  7.0  6.15554e-08
32  8.0  1.47743e-08
32  7.5  3.03731e-08
32  8.5  7.91156e-09
32  9.0  4.22432e-09
32  9.5  2.20708e-09
32  10.0  1.18699e-09
4  0.2  0.0619098
4  0.3  0.0901848
4  0.4  0.106805
4  0.5  0.111076
4  0.6  0.101442
32  10.5  6.59814e-10
4  0.7  0.0902392
4  0.8  0.0744579
4  0.9  0.0590097
4  1.1  0.0356854
4  1.0  0.046145
4  1.3  0.0207287
4  1.2  0.027096
32  11.0  3.77383e-10
4  1.4  0.0158319
4  1.5  0.0118583
4  1.6  0.00893867
4  1.7  0.00688971
4  1.8  0.00519339
4  1.9  0.00393663
4  2.0  0.00299106
4  2.5  0.000842829
32  11.5  2.08462e-10
4  3.0  0.000251804
4  3.5  8.68607e-05
32  12.0  1.22389e-10
4  4.5  1.27319e-05
4  5.0  5.18699e-06
4  4.0  3.07354e-05
4  5.5  2.232e-06
4  6.0  9.94154e-07
4  6.5  4.74951e-07
4  8.5  2.86162e-08
4  7.0  2.21039e-07
4  8.0  5.57366e-08
4  7.5  1.12915e-07
4  10.0  4.34555e-09
4  10.5  2.45366e-09
4  9.0  1.48244e-08
4  9.5  7.82277e-09
4  11.0  1.30842e-09
6  0.2  0.062017
6  0.3  0.0905407
6  0.4  0.107215
4  11.5  7.48593e-10
6  0.5  0.111089
6  0.6  0.103714
6  0.7  0.0903044
6  0.8  0.0741459
6  0.9  0.0587495
6  1.0  0.0458653
6  1.1  0.0359172
6  1.2  0.02735
6  1.3  0.0207142
6  1.4  0.0155436
6  1.5  0.0118514
6  1.6  0.00885378
6  1.7  0.00675204
6  1.9  0.00385839
6  1.8  0.0050931
6  2.5  0.000817656
6  2.0  0.00301196
6  3.0  0.000251858
6  3.5  8.582e-05
6  4.5  1.21034e-05
4  12.0  4.31823e-10
6  5.0  5.18818e-06
6  4.0  3.16905e-05
6  5.5  2.11609e-06
6  7.5  1.07797e-07
6  6.0  9.79633e-07
6  6.5  4.59142e-07
6  7.0  2.17199e-07
6  8.0  5.5148e-08
6  9.5  7.76337e-09
6  8.5  2.85599e-08
6  10.0  4.28703e-09
6  9.0  1.50458e-08
8  0.2  0.0616619
8  0.3  0.0903377
8  0.4  0.106921
6  10.5  2.32347e-09
8  0.5  0.111076
8  0.6  0.103041
8  0.7  0.0890071
8  0.8  0.0730704
8  0.9  0.0585572
8  1.0  0.046293
8  1.1  0.0355041
8  1.2  0.026615
8  1.3  0.0203484
6  11.0  1.31077e-09
8  1.4  0.0153172
8  1.5  0.011772
8  1.8  0.00512829
8  1.6  0.00877423
8  1.7  0.00672277
8  1.9  0.00385755
8  2.0  0.0029292
8  3.0  0.000245423
8  2.5  0.000820978
8  3.5  8.45734e-05
6  11.5  7.43444e-10
8  4.5  1.23619e-05
6  12.0  4.32648e-10
8  5.0  4.88909e-06
8  4.0  3.22723e-05
8  5.5  2.09876e-06
8  6.0  9.08891e-07
8  7.5  1.07276e-07
8  6.5  4.50384e-07
8  7.0  2.14918e-07
8  9.0  1.42296e-08
8  8.0  5.46142e-08
8  8.5  2.80139e-08
8  9.5  7.63223e-09
8  10.0  4.13688e-09
8  11.5  7.42443e-10
8  10.5  2.3192e-09
8  11.0  1.31416e-09
8  12.0  4.22967e-10
