# diffractive D0 cross section, Pb target, LHAPDF fragmentation, An0n channel
# generated      : 2026-08-19 15:29:20 EEST
# calls          : 1e5 (VEGAS calls per point, see CALLS_EXCL/CALLS_EXCL_FACTORIZED/CALLS_DIFF)
# dipole samples : data/Pb/bk_posterior/member_0083/glauber_mve_<b>
# pD0 sweep      : 0.2 0.3 0.4 0.5 0.6 0.7 0.8 0.9 1.0 1.1 1.2 1.3 1.4 1.5 1.6 1.7 1.8 1.9 2.0 2.5 3.0 3.5 4.0 4.5 5.0 5.5 6.0 6.5 7.0 7.5 8.0 8.5 9.0 9.5 10.0 10.5 11.0 11.5 12.0
# fixed rapidity y : -1.0
# ============================================================
# b  pD0  dsigma_dyd2pD0
0  0.5  1.1476
0  0.3  0.829057
0  0.4  1.03803
0  0.2  0.574567
0  0.6  1.18444
0  0.7  1.09895
0  0.8  1.02437
0  1.0  0.774224
0  1.2  0.55419
0  0.9  0.904422
0  1.1  0.661748
0  1.3  0.461986
0  1.4  0.384971
0  1.5  0.321742
0  1.6  0.269684
0  1.9  0.157847
0  1.7  0.223247
0  1.8  0.189225
0  3.0  0.0291661
0  2.0  0.133852
0  2.5  0.0600447
0  3.5  0.0152693
0  5.0  0.00313711
0  6.0  0.00133187
0  4.0  0.00859491
0  4.5  0.00508072
0  5.5  0.00198247
0  6.5  0.000888356
0  8.0  0.000314615
0  7.0  0.000621487
0  7.5  0.000435026
0  9.5  0.000130771
0  10.0  9.79392e-05
0  8.5  0.000232172
0  9.0  0.000171343
0  11.0  5.8982e-05
10  0.2  0.566958
10  0.3  0.81298
0  10.5  7.52013e-05
10  0.4  1.02532
10  0.5  1.1409
10  0.6  1.15461
0  12.0  3.57045e-05
10  0.7  1.0979
10  0.8  0.991407
10  0.9  0.87466
10  1.0  0.750703
10  1.1  0.626873
10  1.2  0.533048
10  1.3  0.448643
10  1.4  0.372412
10  1.5  0.310438
10  1.6  0.257064
10  1.7  0.217255
10  1.8  0.180801
10  1.9  0.152585
10  2.0  0.129804
10  2.5  0.0566676
10  3.0  0.0278638
10  3.5  0.0145755
0  11.5  4.58257e-05
10  4.0  0.00813504
10  4.5  0.00477761
10  5.0  0.00299506
10  5.5  0.00188767
10  7.0  0.00058641
10  6.0  0.00124039
10  6.5  0.000857674
10  9.0  0.000165453
10  7.5  0.0004191
10  8.0  0.000304092
10  8.5  0.00021819
10  9.5  0.00012278
10  10.0  9.32686e-05
12  0.2  0.562875
12  0.3  0.813952
12  0.4  1.01478
12  0.5  1.12759
12  0.6  1.14329
10  10.5  7.22456e-05
12  0.7  1.08429
12  0.8  0.978208
12  0.9  0.84415
12  1.0  0.739585
12  1.1  0.624454
12  1.2  0.525841
12  1.3  0.438043
12  1.4  0.365878
12  1.5  0.30338
12  1.6  0.254107
10  11.0  5.62946e-05
12  1.7  0.213739
12  1.8  0.177303
12  1.9  0.14895
10  12.0  3.43138e-05
12  2.0  0.125045
12  2.5  0.0560262
12  3.0  0.0268365
10  11.5  4.30848e-05
12  3.5  0.0141156
12  4.0  0.00809109
12  4.5  0.00463665
12  5.0  0.00287922
12  5.5  0.00184475
12  7.0  0.000574198
12  6.0  0.00122008
12  6.5  0.000822792
12  7.5  0.000406518
12  8.0  0.000297378
12  8.5  0.000215324
12  9.0  0.000159186
12  9.5  0.000121332
12  10.5  7.00865e-05
12  10.0  9.12433e-05
12  11.5  4.19268e-05
14  0.2  0.563054
14  0.3  0.791506
14  0.4  1.01055
14  0.5  1.09857
14  0.6  1.12711
14  0.7  1.06601
14  0.8  0.957534
14  0.9  0.841386
14  1.0  0.722652
14  1.1  0.606906
14  1.2  0.510181
14  1.3  0.428438
14  1.4  0.357515
14  1.5  0.296786
14  1.6  0.247596
12  11.0  5.41912e-05
14  1.7  0.207192
14  1.8  0.171672
14  1.9  0.143382
12  12.0  3.37919e-05
14  2.0  0.123192
14  2.5  0.0541977
14  3.0  0.026162
14  3.5  0.0138107
14  4.5  0.00460813
14  4.0  0.00780469
14  5.0  0.00284595
14  5.5  0.00179145
14  6.0  0.00118033
14  6.5  0.000803186
14  7.0  0.000555795
14  7.5  0.000394524
14  9.0  0.000157028
14  8.0  0.000284338
14  8.5  0.00021043
14  10.0  8.90293e-05
14  11.0  5.23763e-05
14  9.5  0.000115748
14  10.5  6.79038e-05
16  0.2  0.555573
16  0.3  0.806203
16  0.4  0.992055
16  0.5  1.08128
16  0.6  1.10877
16  0.7  1.04479
16  0.8  0.94177
16  0.9  0.819906
16  1.0  0.7051
16  1.1  0.594318
16  1.2  0.49887
16  1.3  0.415452
16  1.4  0.345695
16  1.5  0.287702
16  1.6  0.241653
16  1.7  0.200545
16  1.8  0.169495
14  12.0  3.24061e-05
16  1.9  0.141248
16  2.0  0.118918
16  2.5  0.0524409
16  3.0  0.0254596
14  11.5  4.12847e-05
16  3.5  0.0132909
16  4.5  0.00442653
16  4.0  0.00743463
16  5.0  0.00269311
16  5.5  0.00178813
16  6.0  0.00116115
16  6.5  0.000783454
16  7.0  0.000536393
16  7.5  0.000379018
16  8.0  0.000274818
16  9.5  0.000112134
16  8.5  0.000198138
16  10.5  6.64039e-05
16  10.0  8.57224e-05
16  9.0  0.000147192
16  11.0  5.16432e-05
18  0.2  0.546946
18  0.3  0.78497
16  11.5  4.00183e-05
18  0.4  0.981728
18  0.5  1.07081
18  0.6  1.07844
18  0.7  1.01788
18  0.8  0.899011
18  0.9  0.798494
18  1.0  0.679958
18  1.1  0.576238
18  1.2  0.478982
18  1.5  0.276108
18  1.3  0.401309
18  1.4  0.332739
18  1.6  0.227534
18  1.7  0.191934
18  1.8  0.161472
18  1.9  0.134919
18  2.0  0.112912
18  2.5  0.05001
18  3.0  0.024474
18  3.5  0.0126299
16  12.0  3.12652e-05
18  5.0  0.00258532
18  4.5  0.00418365
18  4.0  0.00712093
18  5.5  0.00166555
18  6.0  0.00108845
18  6.5  0.000723687
18  7.0  0.000512686
18  7.5  0.000368866
18  8.5  0.000188756
18  9.5  0.000107053
18  8.0  0.000261138
18  10.0  8.13729e-05
18  9.0  0.000142671
18  11.0  4.84871e-05
18  10.5  6.27556e-05
18  11.5  3.81274e-05
2  0.2  0.575205
2  0.3  0.826861
2  0.4  1.03638
2  0.5  1.15266
2  0.6  1.18202
2  0.7  1.12471
2  0.8  1.01513
2  0.9  0.89917
2  1.0  0.774866
2  1.1  0.652268
2  1.2  0.55173
2  1.3  0.462148
2  1.4  0.387021
2  1.5  0.323844
2  1.6  0.269158
2  1.8  0.189048
18  12.0  3.03131e-05
2  1.7  0.225379
2  1.9  0.158651
2  2.0  0.134261
2  2.5  0.0595291
2  3.0  0.0284234
2  3.5  0.0152793
2  5.0  0.00309508
2  4.0  0.00852692
2  6.0  0.00130508
2  4.5  0.00503402
2  5.5  0.0019822
2  6.5  0.000904961
2  7.0  0.00061606
2  7.5  0.000439827
2  8.0  0.000316289
2  10.0  9.87242e-05
2  8.5  0.000230034
2  9.0  0.000170297
2  9.5  0.000130733
20  0.2  0.539262
20  0.3  0.772283
20  0.4  0.946071
2  10.5  7.61641e-05
2  12.0  3.64526e-05
20  0.5  1.04093
20  0.6  1.04291
20  0.7  0.982078
20  0.8  0.880361
20  0.9  0.763554
20  1.0  0.653031
2  11.0  5.84757e-05
20  1.1  0.548951
2  11.5  4.63127e-05
20  1.3  0.378971
20  1.2  0.460851
20  1.4  0.310307
20  1.5  0.265252
20  1.6  0.211825
20  1.7  0.181387
20  1.9  0.127115
20  1.8  0.152315
20  2.5  0.047688
20  2.0  0.107414
20  3.0  0.0236136
20  3.5  0.0120113
20  4.5  0.00401316
20  4.0  0.00669443
20  5.0  0.00244292
20  5.5  0.00155692
20  6.0  0.00102223
20  6.5  0.000707168
20  8.5  0.000181081
20  7.0  0.000486765
20  8.0  0.000250583
20  7.5  0.000342617
20  10.0  7.6329e-05
20  9.0  0.000134409
20  9.5  0.000102694
20  11.0  4.58548e-05
20  10.5  5.97687e-05
22  0.2  0.53063
22  0.3  0.765146
22  0.4  0.930681
22  0.5  1.01121
22  0.6  1.00803
20  12.0  2.75272e-05
22  0.7  0.939118
22  0.8  0.835651
22  0.9  0.720983
22  1.0  0.617349
22  1.1  0.517802
22  1.2  0.431637
22  1.3  0.356148
22  1.4  0.297413
22  1.5  0.243989
22  1.6  0.200731
22  1.7  0.170413
22  1.8  0.142824
22  1.9  0.119506
22  2.0  0.100441
22  3.0  0.0213302
22  2.5  0.0442783
20  11.5  3.59982e-05
22  3.5  0.0113124
22  4.5  0.00373296
22  5.0  0.00226745
22  4.0  0.00624033
22  5.5  0.00144087
22  6.0  0.000963916
22  6.5  0.000646645
22  7.0  0.00045012
22  8.0  0.000230766
22  7.5  0.000318588
22  8.5  0.000168285
22  10.0  7.26551e-05
22  9.0  0.000125583
22  9.5  9.35069e-05
22  10.5  5.53128e-05
24  0.2  0.51692
24  0.3  0.744728
24  0.4  0.905467
22  12.0  2.61439e-05
24  0.5  0.97122
24  0.6  0.957365
24  0.7  0.886174
24  0.8  0.785588
24  0.9  0.675591
24  1.0  0.57478
22  11.5  3.3762e-05
24  1.1  0.481859
24  1.2  0.398484
24  1.3  0.330358
24  1.4  0.272739
24  1.5  0.225244
22  11.0  4.33874e-05
24  1.6  0.187981
24  1.7  0.157272
24  1.8  0.130879
24  1.9  0.109351
24  2.0  0.0919722
24  2.5  0.0403512
24  3.0  0.0194049
24  3.5  0.0101761
24  4.0  0.00573194
24  4.5  0.00333456
24  5.0  0.00209646
24  5.5  0.00130963
24  6.0  0.000867303
24  6.5  0.000600567
24  8.0  0.000208719
24  7.0  0.000410144
24  7.5  0.000294511
24  8.5  0.000154682
24  9.0  0.000114949
24  10.5  4.92353e-05
24  9.5  8.67076e-05
24  10.0  6.48109e-05
24  11.0  3.89429e-05
26  0.2  0.498515
24  11.5  2.99563e-05
26  0.3  0.699688
26  0.4  0.859428
26  0.5  0.914391
26  0.6  0.879467
26  0.7  0.820613
26  0.8  0.720571
26  0.9  0.605506
26  1.0  0.519718
26  1.1  0.431487
26  1.2  0.356147
26  1.3  0.296606
26  1.4  0.241167
26  1.6  0.165429
26  1.5  0.202667
26  1.7  0.138341
26  1.8  0.116431
26  1.9  0.0968841
26  2.0  0.0827182
26  2.5  0.0356239
26  3.0  0.0173128
26  3.5  0.00898425
26  4.0  0.0049989
24  12.0  2.36633e-05
26  4.5  0.00293771
26  5.0  0.00181018
26  5.5  0.00115617
26  6.5  0.00051883
26  6.0  0.000771262
26  8.0  0.000187551
26  7.5  0.000254469
26  7.0  0.00035933
26  9.5  7.5098e-05
26  8.5  0.000136826
26  10.0  5.78813e-05
26  9.0  9.83405e-05
26  10.5  4.40249e-05
26  11.5  2.69953e-05
28  0.2  0.473041
28  0.3  0.66327
28  0.4  0.798906
28  0.5  0.838924
28  0.6  0.799836
28  0.7  0.725486
26  11.0  3.3839e-05
28  0.8  0.630545
28  0.9  0.537537
28  1.1  0.373325
28  1.0  0.450954
28  1.2  0.309723
28  1.4  0.205712
28  1.3  0.25463
28  1.6  0.142021
28  1.5  0.172907
28  1.7  0.119068
26  12.0  2.11876e-05
28  1.8  0.0982667
28  1.9  0.0820228
28  2.0  0.0685829
28  3.0  0.0145385
28  2.5  0.0299016
28  3.5  0.00766293
28  4.0  0.00430057
28  4.5  0.00247309
28  5.0  0.00154349
28  5.5  0.000986398
28  7.0  0.000299624
28  6.0  0.00065293
28  6.5  0.000435714
28  7.5  0.000213327
28  8.0  0.000155591
28  8.5  0.000112224
28  9.0  8.39443e-05
28  10.0  4.71936e-05
28  9.5  6.40381e-05
28  10.5  3.6742e-05
30  0.2  0.440287
30  0.3  0.601115
30  0.4  0.709568
30  0.5  0.727078
30  0.6  0.679958
30  0.7  0.605672
28  11.5  2.19172e-05
30  0.8  0.523481
30  0.9  0.439233
30  1.0  0.364985
30  1.1  0.302283
30  1.2  0.247593
30  1.3  0.203959
30  1.4  0.164233
28  11.0  2.84268e-05
30  1.5  0.137493
28  12.0  1.75307e-05
30  1.7  0.0932285
30  1.6  0.114207
30  1.9  0.0640648
30  1.8  0.0773774
30  2.0  0.0538098
30  2.5  0.0238008
30  3.0  0.0112547
30  3.5  0.0059917
30  4.0  0.00336692
30  5.0  0.00120862
30  5.5  0.000770742
30  4.5  0.00197909
30  6.5  0.000339509
30  6.0  0.000503487
30  7.5  0.000167271
30  7.0  0.000237524
30  8.0  0.000120211
30  9.5  4.87971e-05
30  9.0  6.53634e-05
30  8.5  8.76532e-05
30  10.0  3.7589e-05
30  10.5  2.87571e-05
32  0.2  0.393687
30  11.5  1.77237e-05
30  11.0  2.22578e-05
32  0.3  0.528476
32  0.4  0.592414
32  0.5  0.582208
32  0.6  0.533749
30  12.0  1.36948e-05
32  0.7  0.462368
32  0.8  0.392065
32  0.9  0.32829
32  1.0  0.270998
32  1.1  0.222906
32  1.2  0.181311
32  1.4  0.122223
32  1.3  0.148111
32  1.5  0.0980633
32  1.6  0.0824548
32  1.8  0.0563026
32  1.7  0.0669666
32  1.9  0.0465312
32  2.0  0.0383847
32  2.5  0.0170544
32  3.5  0.00418304
32  3.0  0.00830902
32  4.0  0.00240993
32  6.0  0.000370301
32  4.5  0.00142273
32  6.5  0.000244404
32  5.0  0.000853065
32  5.5  0.000556337
32  7.5  0.000119128
32  7.0  0.000169041
32  8.0  8.59544e-05
32  8.5  6.25071e-05
32  9.0  4.65664e-05
32  9.5  3.55672e-05
32  10.0  2.65654e-05
34  0.2  0.329697
32  11.5  1.25978e-05
34  0.3  0.424957
32  10.5  2.04702e-05
34  0.4  0.443915
32  11.0  1.57853e-05
34  0.5  0.418797
34  0.6  0.376095
34  0.7  0.319893
34  0.8  0.2676
34  0.9  0.222372
34  1.0  0.179405
34  1.1  0.148433
34  1.2  0.118313
34  1.3  0.0984569
34  1.4  0.0799774
34  1.5  0.0640444
34  1.6  0.0536625
34  1.8  0.0364416
34  1.7  0.0433328
34  1.9  0.0296731
34  2.0  0.0255864
34  3.0  0.00532064
34  2.5  0.0109673
34  3.5  0.00278217
32  12.0  9.94994e-06
34  4.5  0.000889541
34  4.0  0.00150342
34  5.0  0.00056385
34  5.5  0.000358686
34  6.0  0.000232236
34  8.0  5.54981e-05
34  7.5  7.68672e-05
34  8.5  4.05526e-05
34  6.5  0.000156243
34  7.0  0.000107795
34  10.0  1.70758e-05
34  10.5  1.31825e-05
34  9.0  3.02007e-05
34  9.5  2.23108e-05
4  0.2  0.574427
34  11.0  1.0201e-05
4  0.3  0.834257
4  0.4  1.01681
4  0.5  1.1522
4  0.6  1.16681
4  0.7  1.12271
4  0.8  0.99584
4  0.9  0.89579
4  1.0  0.772981
4  1.1  0.659408
4  1.2  0.552965
4  1.3  0.462746
4  1.4  0.385799
4  1.5  0.320733
4  1.7  0.222717
4  1.6  0.268464
4  1.9  0.157655
4  1.8  0.187997
4  2.0  0.133122
4  2.5  0.0601637
4  3.0  0.0291112
34  11.5  7.95119e-06
4  3.5  0.0153187
34  12.0  6.38997e-06
4  5.0  0.00313535
4  4.0  0.00850029
4  4.5  0.00498915
4  5.5  0.00196621
4  6.0  0.0012827
4  6.5  0.000878772
4  7.0  0.000614826
4  7.5  0.000434589
4  9.0  0.000171682
4  8.0  0.000314592
4  8.5  0.000228819
4  9.5  0.000129855
4  11.0  5.74581e-05
4  10.0  9.68534e-05
6  0.2  0.57224
4  12.0  3.54934e-05
6  0.3  0.831311
6  0.4  1.03506
6  0.5  1.14641
6  0.6  1.1613
4  10.5  7.5148e-05
6  0.7  1.09564
4  11.5  4.59259e-05
6  0.8  1.00915
6  0.9  0.879749
6  1.0  0.767491
6  1.1  0.654364
6  1.2  0.548218
6  1.4  0.382492
6  1.3  0.457928
6  1.6  0.265559
6  1.5  0.319038
6  1.7  0.223206
6  1.8  0.1853
6  1.9  0.15628
6  2.0  0.132135
6  2.5  0.0591847
6  3.0  0.0285727
6  3.5  0.0149758
6  4.0  0.00840924
6  4.5  0.00503724
6  5.0  0.00303431
6  5.5  0.00198184
6  6.0  0.00131474
6  7.0  0.000606086
6  6.5  0.000871755
6  7.5  0.000432157
6  9.0  0.000170721
6  9.5  0.000127042
6  8.0  0.000311561
6  10.0  9.64374e-05
6  8.5  0.000227839
6  11.0  5.7341e-05
8  0.2  0.571787
6  11.5  4.47286e-05
8  0.3  0.827617
8  0.4  1.0258
8  0.5  1.14806
6  10.5  7.51174e-05
8  0.6  1.16614
8  0.7  1.107
6  12.0  3.54228e-05
8  0.8  1.00263
8  0.9  0.873404
8  1.0  0.760854
8  1.1  0.646967
8  1.2  0.537051
8  1.3  0.452674
8  1.4  0.378633
8  1.5  0.315113
8  1.6  0.262053
8  1.7  0.220492
8  1.8  0.183163
8  1.9  0.154203
8  2.0  0.130074
8  3.0  0.0282185
8  2.5  0.058518
8  3.5  0.0150032
8  5.0  0.00300098
8  4.0  0.00838393
8  4.5  0.00483951
8  5.5  0.00193076
8  6.5  0.000859817
8  6.0  0.00126837
8  7.0  0.000599519
8  8.0  0.000307813
8  7.5  0.000423329
8  9.0  0.00016808
8  9.5  0.000125056
8  8.5  0.000225867
8  10.0  9.61529e-05
8  10.5  7.26888e-05
8  11.0  5.75224e-05
8  12.0  3.48049e-05
8  11.5  4.43798e-05
