# exclusive D0 cross section, Pb target, HymnD fragmentation, An0n channel
# generated      : 2026-08-20 11:05:53 EEST
# calls          : 1e5 below 4.0 GeV, 2e3 above (see EXCL_PT_THRESHOLD) (VEGAS calls per point, see CALLS_EXCL/CALLS_EXCL_FACTORIZED/CALLS_DIFF)
# dipole samples : data/Pb/bk_posterior/member_0083/glauber_mve_<b>
# pD0 sweep      : 0.2 0.3 0.4 0.5 0.6 0.7 0.8 0.9 1.0 1.1 1.2 1.3 1.4 1.5 1.6 1.7 1.8 1.9 2.0 2.5 3.0 3.5 4.0 4.5 5.0 5.5 6.0 6.5 7.0 7.5 8.0 8.5 9.0 9.5 10.0 10.5 11.0 11.5 12.0
# fixed rapidity y : 2.0
# ============================================================
# b  pD0  dsigma_dyd2pD0
0  0.2  1.78877
0  0.3  1.44132
0  0.5  0.842036
0  0.4  1.11871
0  0.6  0.619889
0  0.7  0.449281
0  0.8  0.322138
0  0.9  0.229673
0  1.1  0.116335
0  1.0  0.163256
0  1.3  0.0594567
0  1.2  0.0830063
0  1.4  0.0423713
0  1.5  0.0306133
0  1.7  0.0163599
0  1.6  0.0221213
0  1.8  0.0120062
0  2.5  0.00151492
0  1.9  0.00867337
0  2.0  0.00637324
0  3.0  0.000397331
0  3.5  0.000132463
0  5.0  4.76071e-06
0  6.0  7.76611e-07
0  4.0  3.73259e-05
0  4.5  1.28707e-05
0  5.5  1.86284e-06
0  6.5  3.34343e-07
0  7.0  1.51175e-07
0  7.5  7.10267e-08
0  9.0  8.98717e-09
0  8.0  3.44678e-08
0  8.5  1.72659e-08
0  9.5  4.68651e-09
0  10.5  1.40419e-09
10  0.2  1.71077
10  0.3  1.37636
0  10.0  2.53074e-09
10  0.4  1.06698
10  0.5  0.802032
10  0.6  0.589382
10  0.7  0.425966
10  0.8  0.305028
10  0.9  0.216979
10  1.0  0.153695
10  1.1  0.109685
10  1.2  0.078211
10  1.3  0.0557412
0  11.0  7.87334e-10
10  1.5  0.029025
10  1.4  0.0397906
10  1.6  0.0208865
10  1.7  0.0153966
10  1.8  0.0109547
10  1.9  0.00810845
10  2.0  0.00588916
10  2.5  0.00140627
10  3.0  0.000360481
10  3.5  0.000103347
0  11.5  4.52013e-10
10  4.5  1.18535e-05
0  12.0  2.63448e-10
10  5.0  4.37045e-06
10  4.0  3.43543e-05
10  6.0  7.11228e-07
10  5.5  1.70824e-06
10  8.0  3.16836e-08
10  6.5  3.06227e-07
10  7.0  1.38558e-07
10  9.0  8.19709e-09
10  7.5  6.48624e-08
10  8.5  1.57557e-08
10  9.5  4.27924e-09
12  0.2  1.67499
10  10.0  2.31112e-09
12  0.3  1.34735
12  0.4  1.04265
12  0.5  0.783144
12  0.6  0.574024
12  0.7  0.415374
12  0.8  0.296929
12  0.9  0.211145
10  10.5  1.27403e-09
12  1.0  0.14944
12  1.1  0.106379
12  1.2  0.0757024
12  1.3  0.0540307
12  1.4  0.0386304
12  1.5  0.0277039
12  1.7  0.0144755
12  1.6  0.0201134
12  1.8  0.0108744
12  1.9  0.00776718
12  2.0  0.00586764
12  2.5  0.00137596
10  11.0  7.17314e-10
12  3.0  0.000361836
12  3.5  0.000103255
10  11.5  4.11512e-10
10  12.0  2.39704e-10
12  4.5  1.13726e-05
12  5.0  4.19687e-06
12  4.0  3.3031e-05
12  6.0  6.81899e-07
12  5.5  1.6412e-06
12  8.0  3.03369e-08
12  6.5  2.93566e-07
12  7.0  1.32484e-07
12  7.5  6.21268e-08
12  9.0  7.84683e-09
12  8.5  1.50886e-08
12  9.5  4.08715e-09
12  10.0  2.20075e-09
14  0.2  1.63116
14  0.3  1.31074
14  0.4  1.01358
14  0.5  0.760152
14  0.6  0.557421
12  10.5  1.21846e-09
14  0.7  0.402315
14  0.8  0.287351
14  0.9  0.204022
14  1.0  0.144666
14  1.1  0.102556
14  1.2  0.073328
14  1.3  0.0519509
14  1.4  0.037122
14  1.5  0.0270412
14  1.6  0.0193779
14  1.7  0.0138888
14  1.8  0.0103869
14  1.9  0.00769972
14  2.0  0.00558883
14  2.5  0.00131174
14  3.0  0.000350809
14  3.5  0.000101674
12  11.0  6.86189e-10
12  11.5  3.91637e-10
14  4.5  1.08295e-05
12  12.0  2.292e-10
14  5.0  3.98815e-06
14  4.0  3.14311e-05
14  6.0  6.47145e-07
14  5.5  1.55595e-06
14  6.5  2.77179e-07
14  7.0  1.25605e-07
14  8.5  1.438e-08
14  9.0  7.4285e-09
14  7.5  5.89159e-08
14  8.0  2.85604e-08
14  9.5  3.85237e-09
16  0.2  1.57696
16  0.3  1.26514
14  10.0  2.09165e-09
16  0.4  0.978135
16  0.5  0.732982
16  0.6  0.536252
16  0.8  0.27578
16  0.7  0.386465
14  10.5  1.15229e-09
16  1.0  0.138272
16  0.9  0.195615
16  1.1  0.0979896
16  1.2  0.0699484
16  1.3  0.0495801
16  1.5  0.0254673
16  1.4  0.0354285
16  1.6  0.0184439
16  1.8  0.0099578
16  1.7  0.0133554
16  1.9  0.00709208
16  2.0  0.00524771
16  2.5  0.00112806
16  3.0  0.000315707
16  3.5  9.62829e-05
14  11.0  6.41565e-10
14  11.5  3.72053e-10
16  4.5  1.01817e-05
14  12.0  2.16675e-10
16  5.0  3.74308e-06
16  4.0  2.95746e-05
16  6.0  6.07018e-07
16  5.5  1.46165e-06
16  6.5  2.61196e-07
16  7.0  1.17582e-07
16  8.5  1.33963e-08
16  9.0  6.93734e-09
16  7.5  5.50978e-08
16  8.0  2.67025e-08
16  9.5  3.6193e-09
16  10.5  1.07987e-09
18  0.2  1.5126
16  10.0  1.951e-09
18  0.3  1.21205
18  0.4  0.935595
18  0.5  0.699434
18  0.6  0.511291
18  0.7  0.367736
18  0.8  0.261779
18  0.9  0.185493
18  1.2  0.0660562
18  1.0  0.131168
18  1.1  0.0927104
18  1.3  0.046727
18  1.4  0.0333052
18  1.5  0.0238441
18  1.6  0.017358
16  11.0  6.05223e-10
18  1.7  0.0126923
18  1.8  0.00903289
18  2.0  0.00489684
18  1.9  0.00665458
18  2.5  0.00115821
18  3.0  0.000295669
18  3.5  9.37963e-05
16  11.5  3.4706e-10
16  12.0  2.01941e-10
18  5.0  3.4604e-06
18  4.0  2.74324e-05
18  4.5  9.39621e-06
18  5.5  1.34891e-06
18  6.0  5.57109e-07
18  6.5  2.40763e-07
18  7.0  1.08411e-07
18  8.5  1.22909e-08
18  7.5  5.07363e-08
18  8.0  2.45681e-08
18  9.0  6.29453e-09
18  9.5  3.32526e-09
2  0.2  1.78528
18  10.0  1.7936e-09
2  0.3  1.43874
2  0.4  1.11666
2  0.5  0.840521
2  0.6  0.618666
2  0.7  0.448367
2  0.8  0.321465
2  0.9  0.229499
2  1.0  0.162886
18  10.5  9.87083e-10
2  1.2  0.0825778
2  1.1  0.116134
2  1.3  0.0590802
2  1.4  0.042281
2  1.5  0.0304972
2  1.6  0.022056
2  1.7  0.0163612
2  1.8  0.0119728
2  1.9  0.00865548
2  2.0  0.00634915
2  3.0  0.000387948
2  2.5  0.00151137
18  11.0  5.55212e-10
18  12.0  1.85875e-10
2  3.5  0.000117729
18  11.5  3.20063e-10
2  5.0  4.74522e-06
2  6.0  7.74049e-07
2  4.0  3.72064e-05
2  4.5  1.28261e-05
2  5.5  1.85673e-06
2  6.5  3.33037e-07
2  7.0  1.50664e-07
2  7.5  7.07843e-08
2  9.0  8.95582e-09
2  8.0  3.43483e-08
2  8.5  1.72068e-08
2  9.5  4.67015e-09
2  10.0  2.52504e-09
20  0.2  1.43504
2  10.5  1.39193e-09
20  0.3  1.14869
20  0.4  0.884183
20  0.5  0.660262
20  0.6  0.481194
20  0.7  0.345411
20  0.8  0.245595
20  0.9  0.173316
20  1.0  0.122132
20  1.1  0.0864623
2  11.0  7.84557e-10
20  1.2  0.0612238
20  1.3  0.0434224
20  1.5  0.0220695
20  1.4  0.0309085
20  1.7  0.0117512
20  1.6  0.0160622
20  1.8  0.00829245
20  1.9  0.00611448
20  2.0  0.00446302
20  2.5  0.000988432
20  3.0  0.000289773
20  3.5  7.03676e-05
2  11.5  4.50474e-10
20  4.5  8.59019e-06
2  12.0  2.62396e-10
20  4.0  2.49168e-05
20  5.0  3.13016e-06
20  5.5  1.22053e-06
20  6.0  5.02656e-07
20  6.5  2.17179e-07
20  7.0  9.7763e-08
20  9.0  5.72665e-09
20  7.5  4.55821e-08
20  8.0  2.21392e-08
20  8.5  1.10415e-08
20  9.5  2.98618e-09
20  10.0  1.6122e-09
22  0.2  1.34062
22  0.3  1.071
22  0.4  0.82369
22  0.5  0.612576
22  0.6  0.445507
22  0.7  0.318409
22  0.8  0.226327
20  10.5  8.87275e-10
22  0.9  0.159208
22  1.1  0.0790779
22  1.0  0.111774
22  1.2  0.055627
22  1.3  0.0395436
22  1.4  0.0280475
22  1.5  0.0201609
22  1.6  0.0146457
20  11.0  4.98706e-10
22  1.7  0.0103952
22  1.8  0.00753104
22  1.9  0.00554154
22  2.5  0.00089107
22  3.0  0.000253666
22  2.0  0.00402465
20  11.5  2.85599e-10
22  3.5  6.29301e-05
22  4.5  7.54188e-06
20  12.0  1.6621e-10
22  6.0  4.43769e-07
22  4.0  2.20736e-05
22  5.0  2.75718e-06
22  5.5  1.07533e-06
22  6.5  1.90353e-07
22  7.0  8.58188e-08
22  7.5  4.00897e-08
22  9.0  5.01476e-09
22  8.0  1.93912e-08
22  10.0  1.40781e-09
22  8.5  9.65772e-09
22  9.5  2.6115e-09
22  10.5  7.74237e-10
24  0.2  1.22605
24  0.3  0.976834
24  0.4  0.748355
24  0.5  0.55517
24  0.6  0.402179
24  0.7  0.286539
24  0.8  0.202636
24  0.9  0.14211
24  1.1  0.069948
24  1.0  0.0999253
24  1.2  0.0493058
24  1.3  0.034931
24  1.4  0.0248353
24  1.5  0.0179051
24  1.6  0.0129011
24  1.7  0.00924007
24  1.8  0.00672437
24  1.9  0.00493878
22  11.0  4.34916e-10
24  2.0  0.00352974
24  3.0  0.000202102
24  2.5  0.000828268
24  3.5  5.79275e-05
22  11.5  2.48847e-10
22  12.0  1.44776e-10
24  4.0  1.88637e-05
24  4.5  6.41864e-06
24  5.0  2.34813e-06
24  6.0  3.76026e-07
24  5.5  9.11934e-07
24  8.0  1.6458e-08
24  6.5  1.61006e-07
24  7.0  7.24793e-08
24  7.5  3.37811e-08
24  10.0  1.18789e-09
24  8.5  8.1259e-09
24  9.0  4.16731e-09
24  10.5  6.49708e-10
24  9.5  2.18885e-09
26  0.2  1.08657
26  0.3  0.862133
26  0.4  0.658129
26  0.5  0.485802
26  0.6  0.350196
26  0.7  0.248777
26  0.8  0.174631
26  0.9  0.122226
26  1.0  0.0853647
26  1.1  0.0597241
26  1.2  0.0418178
26  1.3  0.0295209
26  1.4  0.0211125
26  1.5  0.0149207
26  1.6  0.0106459
26  1.7  0.00782326
26  1.8  0.00551204
26  1.9  0.00400462
24  11.0  3.63478e-10
26  2.0  0.00293964
26  2.5  0.000664488
26  3.0  0.000175676
26  3.5  4.84164e-05
24  11.5  2.07917e-10
26  4.5  5.17645e-06
24  12.0  1.20971e-10
26  5.0  1.89157e-06
26  6.0  3.0068e-07
26  4.0  1.52784e-05
26  5.5  7.34024e-07
26  6.5  1.28526e-07
26  7.0  5.77002e-08
26  7.5  2.68664e-08
26  8.0  1.29724e-08
26  8.5  6.4433e-09
26  10.5  5.15801e-10
26  9.0  3.30036e-09
26  9.5  1.73142e-09
26  10.0  9.3128e-10
28  0.2  0.916547
28  0.3  0.72485
28  0.4  0.549313
28  0.5  0.403323
28  0.6  0.289001
28  0.7  0.203889
28  0.8  0.142421
28  0.9  0.0988707
28  1.0  0.0688988
28  1.1  0.0480178
28  1.2  0.033616
28  1.3  0.0234636
28  1.4  0.0165232
28  1.5  0.0117501
26  11.0  2.8654e-10
28  1.6  0.00832585
28  1.7  0.00614875
28  1.8  0.00442453
28  1.9  0.00310252
28  2.0  0.0023044
28  2.5  0.000509631
28  3.0  0.000126584
28  3.5  3.64504e-05
26  11.5  1.63649e-10
26  12.0  9.50576e-11
28  5.5  5.42452e-07
28  4.0  1.14643e-05
28  5.0  1.40374e-06
28  4.5  3.86477e-06
28  6.0  2.22754e-07
28  6.5  9.45568e-08
28  7.0  4.22384e-08
28  7.5  1.96553e-08
28  8.5  4.72002e-09
28  8.0  9.45432e-09
28  9.0  2.39513e-09
28  9.5  1.2532e-09
30  0.2  0.719998
28  10.0  6.72857e-10
30  0.3  0.565581
30  0.4  0.425709
30  0.5  0.309991
30  0.6  0.220254
30  0.7  0.153906
30  0.8  0.106814
30  0.9  0.0737894
30  1.0  0.0508062
28  10.5  3.69399e-10
30  1.1  0.0351495
30  1.2  0.0244361
30  1.4  0.011976
30  1.3  0.0170006
30  1.5  0.00846325
30  1.6  0.00606397
30  1.7  0.00435974
30  1.8  0.00303374
30  1.9  0.00218383
30  2.0  0.00161579
30  3.0  9.36732e-05
30  2.5  0.00035738
30  3.5  2.47968e-05
28  11.0  2.06511e-10
28  11.5  1.17289e-10
28  12.0  6.85156e-11
30  5.5  3.59513e-07
30  4.0  7.68562e-06
30  4.5  2.57193e-06
30  5.0  9.25272e-07
30  6.0  1.44693e-07
30  6.5  6.16602e-08
30  7.0  2.74303e-08
30  7.5  1.27038e-08
30  9.0  1.53818e-09
30  8.0  6.08898e-09
30  8.5  3.01501e-09
30  9.5  8.01757e-10
30  10.0  4.29309e-10
32  0.2  0.513331
32  0.3  0.399727
32  0.4  0.297869
32  0.5  0.214367
32  0.6  0.15052
30  10.5  2.35035e-10
32  0.7  0.104278
32  0.8  0.0715494
32  0.9  0.0489279
32  1.0  0.0333783
32  1.1  0.0228566
32  1.2  0.0157863
32  1.3  0.0108779
30  11.0  1.31105e-10
32  1.4  0.00759589
32  1.5  0.00535624
32  1.6  0.00372442
32  1.7  0.00263441
32  1.8  0.00192365
32  2.0  0.000992587
32  1.9  0.00134798
32  2.5  0.000216222
32  3.0  5.5069e-05
32  3.5  1.56271e-05
30  11.5  7.46747e-11
30  12.0  4.31905e-11
32  4.5  1.47504e-06
32  4.0  4.44196e-06
32  5.0  5.26391e-07
32  5.5  2.01163e-07
32  6.0  8.11045e-08
32  6.5  3.43335e-08
32  7.0  1.51947e-08
32  8.5  1.65965e-09
32  7.5  7.00327e-09
32  8.0  3.34107e-09
32  9.0  8.34804e-10
32  9.5  4.35616e-10
32  10.0  2.31757e-10
34  0.2  0.327696
34  0.3  0.252529
34  0.4  0.185826
32  10.5  1.2639e-10
34  0.5  0.131968
34  0.6  0.0914361
34  0.7  0.06237
34  0.8  0.0423626
34  0.9  0.0284777
34  1.0  0.0192764
34  1.1  0.0130623
34  1.2  0.00894486
34  1.3  0.00615457
34  1.4  0.00420568
34  1.5  0.00299337
34  1.6  0.00205077
32  11.0  7.04775e-11
34  1.7  0.00144267
34  1.9  0.000740707
34  1.8  0.00102595
34  2.0  0.00052308
34  2.5  0.000108204
34  3.0  2.60024e-05
34  3.5  7.88426e-06
32  11.5  3.9923e-11
32  12.0  2.30339e-11
34  4.5  7.17306e-07
34  4.0  2.18689e-06
34  5.5  9.57465e-08
34  5.0  2.53096e-07
34  7.0  7.11139e-09
34  6.0  3.82347e-08
34  6.5  1.60673e-08
34  7.5  3.23019e-09
34  8.0  1.53203e-09
34  8.5  7.5065e-10
34  9.0  3.78479e-10
34  9.5  1.95948e-10
34  10.0  1.04055e-10
4  0.2  1.77648
4  0.3  1.43145
4  0.4  1.1104
4  0.5  0.835855
4  0.6  0.61506
4  0.7  0.445566
34  10.5  5.64931e-11
4  0.8  0.319447
4  0.9  0.227716
4  1.0  0.161974
4  1.1  0.115468
4  1.2  0.0821311
4  1.3  0.058834
4  1.5  0.0306747
4  1.4  0.0419536
4  1.6  0.0218567
4  1.7  0.0161937
4  1.8  0.0118661
34  11.5  1.76936e-11
34  11.0  3.13366e-11
4  1.9  0.00856416
4  2.5  0.00136593
4  2.0  0.00628963
4  3.0  0.000365242
4  3.5  0.000101619
34  12.0  1.01587e-11
4  5.0  4.69871e-06
4  6.0  7.66342e-07
4  4.0  3.68154e-05
4  4.5  1.27129e-05
4  5.5  1.83857e-06
4  6.5  3.30618e-07
4  7.0  1.49128e-07
4  9.0  8.86311e-09
4  7.5  7.00553e-08
4  8.0  3.39784e-08
4  8.5  1.70295e-08
4  9.5  4.62109e-09
6  0.2  1.76082
4  10.0  2.49525e-09
6  0.3  1.41901
6  0.4  1.10027
6  0.5  0.828055
6  0.6  0.608989
6  0.7  0.440997
6  0.8  0.315932
4  10.5  1.37612e-09
6  0.9  0.225392
6  1.0  0.160079
6  1.1  0.113736
6  1.2  0.0811045
6  1.3  0.0580116
6  1.5  0.0303669
6  1.4  0.0415331
6  1.6  0.0217191
6  1.7  0.0160001
6  1.8  0.0116966
4  11.0  7.76192e-10
6  1.9  0.00844329
6  2.0  0.00615828
6  2.5  0.00150075
6  3.5  0.000117438
6  3.0  0.000401375
4  11.5  4.45683e-10
4  12.0  2.59574e-10
6  5.0  4.62099e-06
6  4.0  3.642e-05
6  4.5  1.24952e-05
6  6.0  7.53337e-07
6  5.5  1.80708e-06
6  6.5  3.25642e-07
6  8.0  3.35927e-08
6  7.0  1.46553e-07
6  7.5  6.88363e-08
6  9.0  8.70571e-09
6  8.5  1.67318e-08
6  9.5  4.53914e-09
6  10.0  2.4518e-09
8  0.2  1.73942
8  0.3  1.40083
8  0.4  1.08608
8  0.5  0.816967
8  0.6  0.600448
8  0.7  0.434556
6  10.5  1.35217e-09
8  0.8  0.311135
8  0.9  0.221717
8  1.0  0.157447
8  1.1  0.112189
8  1.2  0.0796734
8  1.3  0.0569574
8  1.5  0.0298108
8  1.4  0.0408585
8  1.7  0.0157282
6  11.0  7.62221e-10
8  1.6  0.0211652
8  1.9  0.00824223
8  1.8  0.0112017
8  2.0  0.00601873
8  3.0  0.00041685
8  2.5  0.00147416
8  3.5  0.000122543
6  11.5  4.37682e-10
6  12.0  2.53959e-10
8  5.0  4.51169e-06
8  4.0  3.53347e-05
8  4.5  1.21972e-05
8  6.0  7.35e-07
8  5.5  1.76365e-06
8  6.5  3.16267e-07
8  8.0  3.27615e-08
8  7.0  1.42942e-07
8  7.5  6.71132e-08
8  9.0  8.48263e-09
8  8.5  1.61611e-08
8  9.5  4.42345e-09
8  11.0  7.45713e-10
8  10.0  2.39101e-09
8  10.5  1.31905e-09
8  11.5  4.26095e-10
8  12.0  2.48245e-10
