# diffractive D0 cross section, Pb target, HymnD fragmentation, An0n channel
# generated      : 2026-08-20 10:20:19 EEST
# calls          : 1e5 (VEGAS calls per point, see CALLS_EXCL/CALLS_EXCL_FACTORIZED/CALLS_DIFF)
# dipole samples : data/Pb/mve/glauber_mve_<b>
# pD0 sweep      : 0.2 0.3 0.4 0.5 0.6 0.7 0.8 0.9 1.0 1.1 1.2 1.3 1.4 1.5 1.6 1.7 1.8 1.9 2.0 2.5 3.0 3.5 4.0 4.5 5.0 5.5 6.0 6.5 7.0 7.5 8.0 8.5 9.0 9.5 10.0 10.5 11.0 11.5 12.0
# fixed rapidity y : -1.0
# ============================================================
# b  pD0  dsigma_dyd2pD0
0  0.2  0.60557
0  0.3  0.880388
0  0.6  1.238
0  0.4  1.11495
0  0.5  1.23463
0  0.7  1.16783
0  0.8  1.04701
0  0.9  0.915586
0  1.1  0.65767
0  1.0  0.784895
0  1.3  0.449451
0  1.2  0.544371
0  1.4  0.369203
0  1.5  0.303338
0  1.8  0.169314
0  1.6  0.250651
0  1.7  0.206663
0  1.9  0.14125
0  2.5  0.0496349
0  2.0  0.117846
0  3.0  0.0228915
0  3.5  0.0114616
0  4.0  0.00616742
0  4.5  0.00349966
0  5.0  0.0020929
0  5.5  0.00130334
0  6.0  0.000852793
0  6.5  0.000552482
0  8.5  0.00013206
0  7.0  0.000374373
0  7.5  0.000258629
0  8.0  0.000184544
0  9.0  9.70614e-05
0  9.5  7.01792e-05
0  10.0  5.33905e-05
0  11.0  3.08513e-05
0  10.5  4.0475e-05
0  11.5  2.3302e-05
10  0.2  0.572969
10  0.3  0.876924
10  0.4  1.09827
10  0.5  1.21539
10  0.6  1.19383
10  0.7  1.13484
10  0.8  1.01568
10  0.9  0.888665
10  1.0  0.753596
10  1.1  0.634877
10  1.2  0.524734
10  1.3  0.43185
10  1.4  0.355014
10  1.5  0.296153
10  1.6  0.239998
10  1.8  0.16158
10  1.7  0.197552
10  1.9  0.134942
10  2.0  0.112881
10  2.5  0.0472084
10  3.0  0.0217947
10  3.5  0.0108329
0  12.0  1.82365e-05
10  4.5  0.00332559
10  5.0  0.00199972
10  4.0  0.00583542
10  5.5  0.00123996
10  6.0  0.000794756
10  6.5  0.000524546
10  7.0  0.000365233
10  7.5  0.000250219
10  8.0  0.000174496
10  8.5  0.000124571
10  10.0  5.0476e-05
10  9.5  6.7596e-05
10  9.0  9.12726e-05
10  11.0  2.89871e-05
12  0.2  0.589347
12  0.3  0.859312
10  10.5  3.77581e-05
12  0.4  1.08746
10  11.5  2.2268e-05
12  0.5  1.2058
12  0.6  1.1986
12  0.7  1.13408
12  0.8  1.00108
12  0.9  0.877916
12  1.0  0.742296
12  1.1  0.623128
12  1.2  0.512659
12  1.3  0.427241
12  1.5  0.283966
12  1.4  0.344566
12  1.7  0.193553
12  1.6  0.234615
12  1.8  0.157952
12  1.9  0.132571
12  2.0  0.109843
12  3.0  0.0214016
12  2.5  0.0462407
12  3.5  0.0105828
10  12.0  1.76436e-05
12  4.0  0.00569453
12  4.5  0.00329024
12  5.0  0.00198114
12  5.5  0.00118981
12  6.0  0.00077858
12  6.5  0.000514638
12  8.5  0.000122739
12  7.0  0.000347645
12  7.5  0.00024098
12  9.0  8.86704e-05
12  8.0  0.000170536
12  10.0  4.92071e-05
12  9.5  6.5155e-05
12  11.0  2.86505e-05
14  0.2  0.571234
12  10.5  3.69249e-05
14  0.3  0.860948
14  0.4  1.07845
14  0.5  1.18939
14  0.6  1.18227
14  0.7  1.09549
14  0.8  0.992258
12  11.5  2.18129e-05
14  0.9  0.860454
14  1.1  0.599471
14  1.0  0.727663
14  1.2  0.50278
14  1.3  0.412724
14  1.5  0.27845
14  1.4  0.3381
14  1.6  0.227561
12  12.0  1.68416e-05
14  1.7  0.189019
14  1.8  0.154921
14  1.9  0.128896
14  2.0  0.106986
14  3.0  0.0209059
14  2.5  0.0450159
14  3.5  0.0102956
14  4.0  0.00553155
14  5.0  0.00188244
14  4.5  0.00315733
14  5.5  0.00117345
14  6.0  0.000757783
14  7.0  0.000338021
14  6.5  0.000497271
14  8.5  0.000119319
14  7.5  0.000237122
14  9.0  8.59227e-05
14  8.0  0.000168315
14  10.0  4.78388e-05
14  9.5  6.3427e-05
14  11.0  2.74037e-05
16  0.2  0.584934
16  0.3  0.852718
16  0.4  1.06687
16  0.5  1.16108
14  10.5  3.55397e-05
16  0.6  1.17307
16  0.7  1.08658
14  11.5  2.10461e-05
16  0.8  0.964929
16  0.9  0.839424
16  1.1  0.591527
16  1.0  0.707854
16  1.2  0.48708
16  1.3  0.40205
16  1.4  0.3283
16  1.5  0.269501
16  1.6  0.222137
16  1.7  0.182065
14  12.0  1.65433e-05
16  1.8  0.149943
16  1.9  0.123162
16  2.0  0.10289
16  2.5  0.0433615
16  3.0  0.0205632
16  3.5  0.00996177
16  4.5  0.0030315
16  4.0  0.00536058
16  5.0  0.00182471
16  5.5  0.00113035
16  6.0  0.000727592
16  6.5  0.00047016
16  8.5  0.000116001
16  7.0  0.000325944
16  7.5  0.000223479
16  8.0  0.000159725
16  9.5  6.24182e-05
16  9.0  8.44245e-05
16  11.0  2.68239e-05
16  10.0  4.57757e-05
18  0.2  0.575844
18  0.3  0.842589
16  10.5  3.47147e-05
18  0.4  1.05001
18  0.5  1.14622
18  0.6  1.13965
18  0.7  1.06343
18  0.8  0.941548
18  0.9  0.810951
18  1.0  0.681354
16  11.5  2.00955e-05
18  1.1  0.571246
18  1.2  0.467784
18  1.3  0.387224
18  1.5  0.254834
18  1.4  0.314158
18  1.6  0.211436
18  1.7  0.175415
18  1.8  0.142898
18  1.9  0.119341
18  2.0  0.0996126
18  2.5  0.041549
18  3.0  0.0189836
18  3.5  0.00964031
16  12.0  1.57386e-05
18  4.0  0.00512726
18  4.5  0.00293701
18  5.0  0.00173416
18  5.5  0.0010807
18  6.0  0.000693899
18  6.5  0.00046614
18  7.0  0.000315305
18  8.5  0.000108866
18  7.5  0.000216369
18  9.5  5.93876e-05
18  8.0  0.000154239
18  9.0  7.94874e-05
18  11.0  2.57262e-05
2  0.2  0.605304
18  10.0  4.35867e-05
2  0.3  0.883502
2  0.4  1.11375
2  0.5  1.24171
2  0.6  1.25721
18  10.5  3.33301e-05
2  0.7  1.18023
2  0.8  1.05932
2  0.9  0.91272
2  1.0  0.783061
2  1.1  0.653417
2  1.2  0.534967
18  11.5  1.92095e-05
2  1.3  0.449932
2  1.4  0.365138
2  1.5  0.299399
2  1.6  0.248532
2  1.7  0.205017
2  1.8  0.169495
2  1.9  0.142037
2  2.5  0.0494526
2  2.0  0.117497
2  3.0  0.0230318
2  3.5  0.0114359
18  12.0  1.48896e-05
2  4.0  0.00614967
2  4.5  0.00350767
2  5.0  0.0020895
2  5.5  0.00129947
2  6.0  0.000850082
2  6.5  0.000555938
2  7.0  0.000373753
2  8.5  0.000130357
2  7.5  0.000262589
2  8.0  0.000185213
2  9.5  7.06619e-05
2  9.0  9.52698e-05
2  10.0  5.30969e-05
2  11.0  2.98949e-05
2  11.5  2.38009e-05
20  0.2  0.557022
20  0.3  0.83565
2  10.5  3.96113e-05
20  0.4  1.02119
20  0.5  1.12162
20  0.6  1.11128
20  0.7  1.02112
20  0.8  0.910521
20  0.9  0.776401
20  1.0  0.649125
20  1.1  0.546764
20  1.2  0.444906
20  1.3  0.365929
20  1.4  0.298151
20  1.5  0.246034
20  1.6  0.201179
20  1.7  0.163675
20  1.8  0.137308
20  1.9  0.111997
20  2.0  0.0935459
20  2.5  0.0394701
20  3.0  0.0179491
20  3.5  0.00900661
2  12.0  1.80909e-05
20  4.5  0.00280035
20  4.0  0.00492356
20  5.5  0.00104314
20  5.0  0.00164341
20  6.0  0.000657253
20  7.0  0.000293738
20  6.5  0.000435724
20  8.5  0.000103319
20  7.5  0.000206423
20  9.0  7.61451e-05
20  9.5  5.6251e-05
20  8.0  0.000145812
20  11.0  2.38354e-05
20  10.0  4.13387e-05
22  0.2  0.555442
22  0.3  0.808944
22  0.4  0.996146
22  0.5  1.07512
20  10.5  3.11661e-05
22  0.6  1.05914
22  0.7  0.978759
20  11.5  1.82737e-05
22  0.9  0.736693
22  0.8  0.867313
22  1.0  0.619473
22  1.1  0.509999
22  1.2  0.423602
22  1.3  0.346169
22  1.6  0.186105
22  1.4  0.283448
22  1.5  0.230561
22  1.7  0.15624
22  1.8  0.127836
22  1.9  0.104511
22  2.0  0.0867911
22  2.5  0.0374677
22  3.5  0.00840713
22  3.0  0.017048
20  12.0  1.42403e-05
22  4.0  0.00454899
22  4.5  0.00257964
22  5.0  0.00152584
22  5.5  0.000946104
22  6.0  0.000619911
22  7.0  0.0002789
22  6.5  0.000401799
22  8.5  9.51015e-05
22  7.5  0.000193561
22  8.0  0.000134531
22  9.0  6.96967e-05
22  11.0  2.25584e-05
22  9.5  5.11062e-05
22  10.0  3.83113e-05
24  0.2  0.54261
22  11.5  1.71834e-05
24  0.3  0.789293
24  0.4  0.964118
24  0.5  1.03194
22  10.5  2.89163e-05
24  0.6  1.00428
24  0.7  0.925451
24  0.8  0.811133
24  0.9  0.687966
24  1.0  0.576078
24  1.1  0.471281
24  1.2  0.391613
24  1.3  0.31258
24  1.4  0.258781
24  1.5  0.212019
24  1.6  0.173072
24  1.7  0.140919
24  1.8  0.115865
24  1.9  0.0953783
24  2.0  0.0796952
24  2.5  0.033243
24  3.0  0.0151737
24  3.5  0.00765714
22  12.0  1.33291e-05
24  4.5  0.00235808
24  5.5  0.000878537
24  4.0  0.00410634
24  5.0  0.00141607
24  6.0  0.000553679
24  7.0  0.000247983
24  6.5  0.000368744
24  7.5  0.000171881
24  9.0  6.35124e-05
24  8.0  0.000120956
24  8.5  8.62217e-05
24  9.5  4.65599e-05
24  10.0  3.49121e-05
24  11.0  1.99786e-05
26  0.2  0.514111
26  0.3  0.7567
24  10.5  2.66787e-05
26  0.4  0.916851
24  11.5  1.56453e-05
26  0.5  0.960708
26  0.6  0.941374
26  0.7  0.847329
26  0.8  0.741542
26  0.9  0.626873
26  1.0  0.523291
26  1.1  0.427135
26  1.2  0.349649
26  1.3  0.281948
26  1.4  0.231593
26  1.5  0.187314
26  1.6  0.154948
26  1.7  0.125082
26  1.8  0.104046
26  1.9  0.085357
26  2.0  0.0705533
26  2.5  0.0293633
26  3.0  0.0138357
26  3.5  0.00681004
24  12.0  1.20987e-05
26  5.0  0.00122345
26  4.0  0.00360813
26  4.5  0.00205668
26  5.5  0.000758236
26  6.5  0.000329912
26  6.0  0.000485679
26  7.0  0.000218053
26  7.5  0.000150886
26  8.0  0.000106515
26  8.5  7.63495e-05
26  9.0  5.56358e-05
26  9.5  4.16508e-05
26  10.5  2.33642e-05
26  10.0  3.05535e-05
26  11.0  1.76703e-05
28  0.2  0.495093
28  0.3  0.711877
28  0.4  0.84645
28  0.5  0.88403
28  0.6  0.837997
28  0.7  0.754875
28  0.8  0.643837
28  0.9  0.54539
28  1.0  0.447896
28  1.1  0.367213
28  1.2  0.30085
28  1.3  0.238617
28  1.4  0.195797
28  1.5  0.159027
28  1.6  0.131153
28  1.7  0.105765
28  1.8  0.0868903
28  1.9  0.0721975
28  2.0  0.0592423
28  2.5  0.0245358
26  11.5  1.3478e-05
28  3.0  0.0112945
28  3.5  0.00557448
26  12.0  1.06786e-05
28  4.0  0.00304043
28  4.5  0.00171834
28  5.0  0.00104876
28  5.5  0.00063895
28  6.0  0.000415257
28  6.5  0.00027425
28  7.0  0.000183378
28  7.5  0.000126361
28  8.0  9.06251e-05
28  8.5  6.51777e-05
28  9.5  3.52568e-05
28  9.0  4.73697e-05
28  10.0  2.56201e-05
30  0.2  0.46119
30  0.3  0.648667
30  0.4  0.750956
30  0.5  0.760476
30  0.6  0.70924
28  10.5  1.97122e-05
30  0.7  0.625587
28  12.0  8.73007e-06
30  0.8  0.531481
30  0.9  0.443158
30  1.0  0.365967
28  11.0  1.47212e-05
30  1.1  0.297473
30  1.2  0.240624
30  1.3  0.194606
30  1.4  0.157548
30  1.6  0.102544
30  1.5  0.127691
30  1.7  0.0855624
30  1.8  0.0690723
28  11.5  1.14451e-05
30  1.9  0.0567928
30  2.0  0.0473568
30  3.0  0.00905187
30  2.5  0.0192749
30  3.5  0.00439746
30  4.0  0.0023897
30  5.0  0.000785619
30  4.5  0.00134936
30  5.5  0.000498202
30  6.0  0.000319826
30  6.5  0.000217013
30  7.0  0.00014685
30  7.5  0.000101574
30  8.0  7.13082e-05
30  8.5  5.1186e-05
30  10.0  1.97582e-05
30  9.5  2.67036e-05
30  9.0  3.7014e-05
30  10.5  1.51475e-05
30  11.5  8.8261e-06
32  0.2  0.404678
32  0.3  0.561737
32  0.4  0.622546
32  0.5  0.604189
32  0.6  0.553538
32  0.7  0.479334
32  0.8  0.401191
32  0.9  0.331151
32  1.0  0.269297
32  1.1  0.217667
30  11.0  1.13146e-05
32  1.2  0.175554
32  1.3  0.140911
32  1.4  0.115705
32  1.5  0.0930593
32  1.6  0.0743433
32  1.8  0.0506432
32  1.7  0.0605692
32  1.9  0.0406587
32  2.0  0.0340914
30  12.0  7.03571e-06
32  2.5  0.0141362
32  3.5  0.00322482
32  3.0  0.00644177
32  4.0  0.00173682
32  4.5  0.000991101
32  5.0  0.000572082
32  5.5  0.000352502
32  6.0  0.000229191
32  8.0  5.0777e-05
32  6.5  0.000153603
32  7.0  0.000101053
32  7.5  6.98678e-05
32  9.5  1.96338e-05
32  8.5  3.54294e-05
32  9.0  2.57482e-05
32  10.0  1.4584e-05
32  10.5  1.1021e-05
4  0.2  0.593784
4  0.3  0.883487
4  0.4  1.11248
32  11.0  8.2209e-06
4  0.5  1.23614
4  0.6  1.2459
4  0.7  1.17355
4  0.8  1.03894
4  0.9  0.91971
4  1.0  0.780035
4  1.1  0.652859
4  1.2  0.539155
32  12.0  4.88878e-06
4  1.3  0.446732
4  1.4  0.363022
4  1.5  0.30206
4  1.6  0.248651
4  1.7  0.205886
4  1.8  0.169495
4  1.9  0.137385
4  2.0  0.114464
32  11.5  6.47119e-06
4  2.5  0.0492314
4  3.0  0.022786
4  3.5  0.0113891
4  4.0  0.00611246
4  4.5  0.00347574
4  5.0  0.00211263
4  5.5  0.00131403
4  6.0  0.000822196
4  6.5  0.000548899
4  8.5  0.000131042
4  7.0  0.00037483
4  7.5  0.000257179
4  8.0  0.000179807
4  9.5  7.06335e-05
4  9.0  9.41469e-05
4  10.0  5.25139e-05
4  11.0  3.07339e-05
4  11.5  2.35237e-05
6  0.2  0.600499
4  10.5  3.96904e-05
6  0.3  0.887923
6  0.4  1.10677
6  0.5  1.22659
6  0.7  1.16042
6  0.6  1.2318
6  0.8  1.02827
6  0.9  0.905259
6  1.1  0.644206
6  1.0  0.774047
6  1.2  0.521741
6  1.3  0.44462
6  1.4  0.36467
6  1.5  0.297362
6  1.6  0.245987
6  1.7  0.203369
6  1.8  0.167098
6  1.9  0.139441
6  2.0  0.115602
6  2.5  0.0492947
6  3.0  0.022248
6  3.5  0.0111946
4  12.0  1.80812e-05
6  4.0  0.00613264
6  4.5  0.00344294
6  5.0  0.00208983
6  5.5  0.00127478
6  6.0  0.000825684
6  6.5  0.000555259
6  7.0  0.000368846
6  8.5  0.000128936
6  7.5  0.000254003
6  8.0  0.000179591
6  10.0  5.20187e-05
6  9.5  7.04241e-05
6  9.0  9.42512e-05
6  11.0  3.00307e-05
8  0.2  0.59867
8  0.3  0.86968
6  10.5  3.91485e-05
8  0.4  1.08998
8  0.5  1.22373
8  0.6  1.21381
8  0.7  1.15016
6  11.5  2.32972e-05
8  0.8  1.04375
8  0.9  0.904006
8  1.0  0.76763
8  1.1  0.644223
8  1.2  0.534428
8  1.3  0.43907
8  1.4  0.362948
8  1.5  0.297764
8  1.6  0.242703
8  1.8  0.162712
8  1.7  0.201024
8  1.9  0.137272
8  2.0  0.114361
8  2.5  0.0486449
8  3.0  0.0221225
8  3.5  0.01111
6  12.0  1.78835e-05
8  4.5  0.00340058
8  4.0  0.00595527
8  5.0  0.0020274
8  5.5  0.00126168
8  6.0  0.000822429
8  6.5  0.000546471
8  8.5  0.000127473
8  7.0  0.00036421
8  7.5  0.000253556
8  8.0  0.000181264
8  10.0  5.11513e-05
8  9.5  6.86181e-05
8  9.0  9.38822e-05
8  11.0  2.96428e-05
8  10.5  3.87019e-05
8  11.5  2.30027e-05
8  12.0  1.7768e-05
