# diffractive D0 cross section, Pb target, HymnD fragmentation, An0n channel
# generated      : 2026-08-20 10:20:19 EEST
# calls          : 1e5 (VEGAS calls per point, see CALLS_EXCL/CALLS_EXCL_FACTORIZED/CALLS_DIFF)
# dipole samples : data/Pb/mve/glauber_mve_<b>
# pD0 sweep      : 0.2 0.3 0.4 0.5 0.6 0.7 0.8 0.9 1.0 1.1 1.2 1.3 1.4 1.5 1.6 1.7 1.8 1.9 2.0 2.5 3.0 3.5 4.0 4.5 5.0 5.5 6.0 6.5 7.0 7.5 8.0 8.5 9.0 9.5 10.0 10.5 11.0 11.5 12.0
# fixed rapidity y : 3.0
# ============================================================
# b  pD0  dsigma_dyd2pD0
0  0.2  0.0623714
0  0.3  0.0922562
0  0.4  0.111007
0  0.5  0.117489
0  0.6  0.111269
0  0.8  0.0799792
0  1.0  0.0494475
0  0.7  0.0965397
0  0.9  0.0636458
0  1.3  0.0223374
0  1.2  0.0293123
0  1.1  0.0383597
0  1.4  0.016725
0  1.5  0.0126687
0  1.7  0.00723999
0  1.6  0.00952251
0  1.8  0.0054982
0  2.5  0.000890265
0  1.9  0.00420687
0  2.0  0.00319281
0  3.0  0.000268658
0  3.5  9.06049e-05
0  5.0  5.37106e-06
0  4.0  3.40946e-05
0  4.5  1.31209e-05
0  5.5  2.29431e-06
0  6.0  1.03244e-06
0  7.5  1.0771e-07
0  6.5  4.63669e-07
0  7.0  2.2538e-07
0  8.0  5.60432e-08
0  8.5  2.89365e-08
0  9.5  8.03508e-09
0  9.0  1.51753e-08
0  10.0  4.13932e-09
10  0.2  0.0624872
10  0.3  0.0908849
10  0.4  0.109069
10  0.5  0.115208
10  0.6  0.10683
10  0.7  0.0944952
10  0.8  0.0778881
0  10.5  2.40912e-09
10  0.9  0.0616859
10  1.0  0.0481171
10  1.1  0.0370422
10  1.2  0.0282519
10  1.3  0.0214202
10  1.4  0.0160674
10  1.5  0.0121597
10  1.6  0.00913695
0  11.0  1.33864e-09
10  1.7  0.00691532
10  1.9  0.00402718
10  1.8  0.00527571
10  2.0  0.00308806
10  2.5  0.0008311
0  12.0  4.28377e-10
10  3.0  0.000254607
10  3.5  8.4446e-05
0  11.5  7.41582e-10
10  4.0  3.11956e-05
10  4.5  1.23607e-05
10  5.0  5.0515e-06
10  5.5  2.18064e-06
10  6.0  9.26586e-07
10  7.0  2.18565e-07
10  6.5  4.54415e-07
10  7.5  1.06144e-07
10  9.0  1.43445e-08
10  8.0  5.19133e-08
10  8.5  2.74825e-08
10  9.5  7.60249e-09
10  10.0  4.06013e-09
12  0.2  0.0620285
12  0.3  0.0907389
12  0.4  0.10822
10  10.5  2.24326e-09
12  0.5  0.114204
12  0.6  0.106615
12  0.7  0.0927653
12  0.8  0.0761503
12  0.9  0.0607007
12  1.0  0.0467678
10  11.0  1.28153e-09
10  11.5  7.10076e-10
12  1.1  0.0363762
12  1.2  0.0276004
12  1.3  0.0210741
12  1.4  0.0158506
12  1.6  0.0090154
12  1.5  0.011927
12  1.7  0.0070385
12  1.9  0.00388612
12  1.8  0.00516341
12  2.0  0.00292475
12  3.0  0.000252379
12  2.5  0.000806538
12  3.5  8.22121e-05
12  4.5  1.23629e-05
10  12.0  4.06166e-10
12  4.0  3.0044e-05
12  5.0  5.08179e-06
12  6.0  9.51588e-07
12  5.5  2.06689e-06
12  6.5  4.48048e-07
12  7.0  2.01077e-07
12  7.5  1.03655e-07
12  9.0  1.41128e-08
12  8.0  5.20899e-08
12  8.5  2.67007e-08
12  9.5  7.24777e-09
12  10.0  3.94008e-09
14  0.2  0.0615944
12  10.5  2.19435e-09
14  0.3  0.0907347
14  0.4  0.108845
14  0.5  0.112867
14  0.6  0.105965
14  0.7  0.0917679
14  0.9  0.058339
14  0.8  0.0749074
14  1.0  0.0465438
14  1.1  0.0350299
14  1.3  0.0204655
14  1.2  0.026799
14  1.4  0.0155057
14  1.5  0.0117882
14  1.6  0.00887208
12  11.0  1.22515e-09
14  1.7  0.00658013
14  1.9  0.00382341
14  1.8  0.00502181
14  3.0  0.00024151
14  2.0  0.00290158
14  2.5  0.000788662
14  3.5  7.99442e-05
12  11.5  6.95122e-10
12  12.0  3.92315e-10
14  5.0  4.7721e-06
14  4.0  2.98298e-05
14  4.5  1.16635e-05
14  6.0  9.10064e-07
14  5.5  1.99282e-06
14  7.5  9.73258e-08
14  6.5  4.26626e-07
14  7.0  2.03671e-07
14  9.0  1.36997e-08
14  8.0  4.87343e-08
14  8.5  2.63486e-08
14  10.5  2.12099e-09
14  9.5  7.04879e-09
14  10.0  3.92464e-09
16  0.2  0.0609993
16  0.3  0.0889009
14  11.0  1.21002e-09
16  0.4  0.106119
16  0.5  0.111351
16  0.6  0.102602
16  0.7  0.0894224
16  0.8  0.0733328
16  0.9  0.0580307
16  1.0  0.0453986
16  1.1  0.0346594
16  1.2  0.0263046
16  1.3  0.0198686
16  1.4  0.0148783
14  12.0  3.87378e-10
16  1.5  0.0112372
16  1.6  0.00847975
16  1.7  0.00639101
16  1.8  0.00501104
16  1.9  0.00370793
16  2.0  0.00281747
16  2.5  0.000757119
16  3.0  0.000232428
16  3.5  8.02178e-05
14  11.5  6.80747e-10
16  4.5  1.1271e-05
16  5.0  4.61587e-06
16  4.0  2.91086e-05
16  5.5  1.93225e-06
16  6.0  8.72742e-07
16  7.0  1.98126e-07
16  6.5  4.10986e-07
16  8.0  4.79945e-08
16  8.5  2.50411e-08
16  7.5  9.54924e-08
16  10.0  3.56676e-09
16  9.0  1.27913e-08
16  9.5  6.84525e-09
18  0.2  0.0598031
18  0.3  0.0880856
18  0.4  0.105267
16  10.5  2.09133e-09
18  0.5  0.109099
18  0.6  0.101337
18  0.7  0.08758
18  0.8  0.0712455
18  0.9  0.0562793
18  1.0  0.0437778
18  1.2  0.0254703
18  1.1  0.0336291
18  1.3  0.0192087
18  1.4  0.014496
18  1.6  0.00807778
18  1.5  0.010779
16  11.0  1.14412e-09
18  1.7  0.00613554
18  1.8  0.00467164
18  1.9  0.00354448
18  2.0  0.00269785
18  2.5  0.000735167
18  3.0  0.000221109
18  3.5  7.67612e-05
16  11.5  6.46079e-10
16  12.0  3.67614e-10
18  4.0  2.79716e-05
18  4.5  1.0932e-05
18  5.0  4.19677e-06
18  5.5  1.85707e-06
18  6.0  8.61087e-07
18  6.5  3.70037e-07
18  7.0  1.83602e-07
18  8.0  4.50755e-08
18  7.5  9.37377e-08
18  8.5  2.36052e-08
18  9.5  6.6337e-09
18  9.0  1.22969e-08
18  10.5  1.90452e-09
2  0.2  0.0620281
18  11.5  6.32213e-10
2  0.3  0.0921423
18  10.0  3.62134e-09
2  0.4  0.110218
2  0.5  0.117575
2  0.6  0.110476
2  0.7  0.096738
2  0.8  0.0799196
2  0.9  0.0638049
2  1.0  0.0493871
2  1.1  0.0384925
2  1.2  0.0286592
2  1.3  0.0222246
2  1.4  0.016739
2  1.5  0.012396
2  1.6  0.00957536
2  1.7  0.00724936
18  11.0  1.11497e-09
2  1.8  0.00562127
2  2.5  0.00087332
2  1.9  0.00421808
2  2.0  0.00322369
2  3.0  0.000260804
2  3.5  8.95236e-05
18  12.0  3.58132e-10
2  5.0  5.30441e-06
2  4.0  3.1768e-05
2  4.5  1.30665e-05
2  5.5  2.26233e-06
2  6.0  1.01053e-06
2  6.5  4.577e-07
2  8.0  5.56117e-08
2  7.0  2.26397e-07
2  7.5  1.11558e-07
2  9.5  7.81966e-09
2  8.5  2.84574e-08
2  9.0  1.51793e-08
2  10.0  4.26095e-09
20  0.2  0.0594357
20  0.3  0.0870276
20  0.4  0.1034
20  0.5  0.106633
20  0.6  0.098638
20  0.7  0.0838184
20  0.9  0.0534806
2  10.5  2.39265e-09
20  0.8  0.0685714
20  1.0  0.0417751
20  1.1  0.0321329
20  1.4  0.0137029
20  1.2  0.0240885
20  1.3  0.0184699
20  1.5  0.0102581
20  1.6  0.00781215
2  11.0  1.33079e-09
20  1.7  0.0058568
20  1.9  0.00335457
20  2.0  0.00254521
20  1.8  0.00439401
20  3.0  0.00020827
2  11.5  7.38681e-10
20  2.5  0.000704955
20  3.5  7.27187e-05
2  12.0  4.2856e-10
20  4.0  2.64291e-05
20  4.5  1.02211e-05
20  5.0  4.12084e-06
20  5.5  1.77788e-06
20  7.0  1.82297e-07
20  6.0  8.09786e-07
20  6.5  3.74736e-07
20  7.5  8.64035e-08
20  8.0  4.38039e-08
20  8.5  2.24666e-08
20  9.0  1.1408e-08
20  9.5  6.32555e-09
20  11.0  1.04258e-09
20  10.0  3.41158e-09
22  0.2  0.0593732
22  0.3  0.0856205
20  10.5  1.84604e-09
22  0.4  0.100556
22  0.5  0.102689
22  0.6  0.0946079
22  0.7  0.0812256
22  0.8  0.0650494
20  12.0  3.39558e-10
22  0.9  0.0509628
22  1.0  0.0395382
22  1.1  0.0300505
22  1.2  0.0226025
22  1.3  0.0171654
22  1.4  0.0129194
22  1.6  0.00735921
22  1.5  0.00977556
22  1.7  0.00552421
22  1.8  0.00414464
22  1.9  0.00312313
22  2.5  0.000646552
22  2.0  0.00240314
22  3.0  0.000203703
22  3.5  6.81854e-05
20  11.5  5.88974e-10
22  4.5  9.47858e-06
22  4.0  2.42902e-05
22  5.0  3.95735e-06
22  5.5  1.68689e-06
22  6.0  7.52117e-07
22  6.5  3.51139e-07
22  8.0  4.11236e-08
22  7.0  1.66469e-07
22  7.5  8.24884e-08
22  9.0  1.06795e-08
22  8.5  2.11321e-08
22  9.5  5.73164e-09
22  11.0  9.82701e-10
24  0.2  0.0568611
22  10.0  3.12049e-09
24  0.3  0.0830276
24  0.4  0.0974138
24  0.5  0.0984518
22  10.5  1.73569e-09
24  0.6  0.0901684
24  0.7  0.076615
22  12.0  3.11343e-10
24  0.8  0.0617583
24  0.9  0.0483318
24  1.0  0.0363513
24  1.1  0.0278053
24  1.2  0.0211316
24  1.3  0.015778
24  1.4  0.011942
24  1.5  0.00888351
24  1.6  0.00668234
24  1.7  0.00498278
24  1.8  0.00382388
24  1.9  0.00287677
24  2.0  0.00217303
24  2.5  0.00058967
24  3.5  6.1422e-05
24  3.0  0.000181122
22  11.5  5.32047e-10
24  4.0  2.15542e-05
24  4.5  8.34045e-06
24  5.0  3.40882e-06
24  5.5  1.53167e-06
24  7.0  1.51581e-07
24  6.0  6.82644e-07
24  6.5  3.02429e-07
24  8.5  1.88718e-08
24  7.5  7.48825e-08
24  8.0  3.75502e-08
24  10.0  2.91923e-09
24  9.0  9.99425e-09
24  9.5  5.22125e-09
26  0.2  0.0559301
26  0.3  0.0805424
26  0.4  0.0932119
26  0.5  0.0919338
26  0.6  0.0837494
24  10.5  1.54987e-09
26  0.8  0.0561354
26  0.7  0.0700532
26  0.9  0.0431057
24  11.5  4.85555e-10
26  1.0  0.033213
26  1.2  0.0191114
26  1.1  0.0250784
24  11.0  8.96999e-10
26  1.3  0.0141098
26  1.4  0.010695
26  1.5  0.00791271
26  1.6  0.00598895
26  1.7  0.004524
26  1.8  0.00333588
26  1.9  0.00251834
26  2.0  0.00190503
26  2.5  0.000529404
26  3.0  0.000163178
26  3.5  5.24012e-05
24  12.0  2.92633e-10
26  4.0  1.96511e-05
26  4.5  7.47834e-06
26  5.0  3.16257e-06
26  5.5  1.32032e-06
26  7.0  1.32985e-07
26  6.0  5.95347e-07
26  6.5  2.7691e-07
26  7.5  6.39331e-08
26  8.0  3.30026e-08
26  8.5  1.68992e-08
26  9.0  8.64737e-09
26  10.0  2.57757e-09
26  9.5  4.56276e-09
28  0.2  0.0528174
28  0.3  0.0758426
28  0.4  0.0860563
28  0.5  0.083461
28  0.6  0.0749435
28  0.7  0.062074
28  0.8  0.0496977
26  10.5  1.40589e-09
28  0.9  0.0381227
28  1.0  0.0288328
28  1.1  0.0215848
28  1.3  0.0123547
28  1.2  0.0163196
28  1.4  0.00898634
28  1.5  0.00668797
28  1.6  0.00501983
28  1.7  0.00370774
26  11.0  7.75163e-10
28  1.8  0.00280577
28  1.9  0.00219044
28  2.0  0.0016547
28  2.5  0.000447067
28  3.0  0.000131662
26  11.5  4.49961e-10
28  3.5  4.54507e-05
26  12.0  2.52754e-10
28  4.0  1.5903e-05
28  4.5  6.45768e-06
28  5.0  2.64677e-06
28  5.5  1.11013e-06
28  6.0  5.1012e-07
28  7.5  5.31346e-08
28  7.0  1.07524e-07
28  6.5  2.3115e-07
28  8.0  2.68033e-08
28  9.0  7.3349e-09
28  8.5  1.3725e-08
28  9.5  4.06366e-09
28  11.5  3.66678e-10
30  0.2  0.0501779
28  10.0  2.12363e-09
30  0.3  0.0692198
28  12.0  2.11832e-10
30  0.4  0.0773024
30  0.5  0.0734977
28  10.5  1.15652e-09
30  0.6  0.0632816
30  0.7  0.0519008
30  0.8  0.0408677
30  0.9  0.0311372
30  1.0  0.0235715
30  1.1  0.0178485
30  1.2  0.0131691
30  1.3  0.00964903
28  11.0  6.62867e-10
30  1.4  0.007274
30  1.5  0.00529688
30  1.8  0.00226093
30  1.6  0.00395621
30  1.7  0.00295595
30  1.9  0.00171172
30  3.0  0.00010346
30  2.0  0.00129333
30  2.5  0.000354861
30  3.5  3.6031e-05
30  4.5  4.82794e-06
30  4.0  1.2519e-05
30  5.0  1.98734e-06
30  5.5  8.47732e-07
30  6.0  3.90095e-07
30  6.5  1.83229e-07
30  7.0  8.82427e-08
30  7.5  4.30141e-08
30  8.0  2.16452e-08
30  8.5  1.11321e-08
30  9.0  5.81119e-09
30  10.0  1.71787e-09
30  9.5  3.08175e-09
32  0.2  0.0455819
32  0.3  0.0615784
32  0.4  0.0645724
32  0.5  0.0588021
30  10.5  9.30029e-10
32  0.6  0.049464
30  12.0  1.67589e-10
32  0.7  0.0400856
32  0.8  0.0305642
32  0.9  0.0234043
32  1.0  0.017472
32  1.1  0.0132592
32  1.2  0.009762
30  11.0  5.18289e-10
32  1.3  0.00713679
32  1.4  0.00529076
32  1.5  0.00392958
32  1.7  0.00220236
32  1.6  0.00294464
32  1.8  0.00161358
32  1.9  0.00123367
32  2.0  0.000943862
32  3.0  7.48325e-05
32  2.5  0.00025249
32  3.5  2.50118e-05
30  11.5  2.94405e-10
32  4.0  9.15786e-06
32  4.5  3.40256e-06
32  5.0  1.42383e-06
32  5.5  6.13677e-07
32  6.0  2.78167e-07
32  6.5  1.27874e-07
32  7.0  6.25958e-08
32  7.5  3.07631e-08
32  9.0  4.09472e-09
32  8.0  1.51213e-08
32  8.5  7.64738e-09
32  9.5  2.21067e-09
32  10.0  1.19989e-09
4  0.2  0.0627339
4  0.3  0.0927993
4  0.4  0.110656
4  0.5  0.117368
32  10.5  6.38385e-10
4  0.6  0.111333
32  12.0  1.19522e-10
4  0.7  0.0959955
4  0.8  0.0794558
4  0.9  0.0639187
4  1.0  0.0489287
4  1.1  0.0378119
32  11.0  3.65338e-10
4  1.2  0.0291071
4  1.3  0.0219053
4  1.4  0.0166721
4  1.6  0.00950285
4  1.5  0.0125822
4  1.7  0.00725707
4  1.8  0.00543768
4  1.9  0.00416107
4  2.0  0.00315686
4  2.5  0.000870183
4  3.0  0.000266898
32  11.5  2.06878e-10
4  3.5  8.96316e-05
4  4.0  3.30534e-05
4  5.0  5.36834e-06
4  4.5  1.2958e-05
4  5.5  2.25697e-06
4  7.0  2.30039e-07
4  6.0  1.00301e-06
4  6.5  4.51762e-07
4  7.5  1.06798e-07
4  8.0  5.66918e-08
4  8.5  2.79341e-08
4  9.0  1.51168e-08
4  9.5  7.85336e-09
4  10.0  4.25561e-09
6  0.2  0.0625879
6  0.3  0.0922955
6  0.4  0.110849
4  10.5  2.32387e-09
6  0.5  0.116268
6  0.6  0.109662
6  0.7  0.0957308
6  0.8  0.0788375
6  0.9  0.0639844
6  1.0  0.0492407
4  11.5  7.50203e-10
6  1.1  0.0378877
6  1.2  0.0285464
6  1.4  0.0165249
6  1.3  0.0219488
4  11.0  1.31898e-09
6  1.5  0.0125666
6  1.6  0.00938373
6  1.7  0.00728666
6  1.9  0.00414175
6  1.8  0.00541214
6  2.5  0.000869683
6  2.0  0.00313501
4  12.0  4.17981e-10
6  3.0  0.000269753
6  3.5  8.85388e-05
6  4.0  3.14415e-05
6  5.0  5.03672e-06
6  6.0  9.81356e-07
6  4.5  1.28481e-05
6  5.5  2.1503e-06
6  6.5  4.64952e-07
6  7.0  2.19068e-07
6  7.5  1.05678e-07
6  8.0  5.38708e-08
6  8.5  2.84763e-08
6  9.0  1.47164e-08
6  9.5  7.69817e-09
6  10.0  4.28794e-09
8  0.2  0.0618782
8  0.3  0.0921668
8  0.4  0.110332
8  0.5  0.115649
8  0.6  0.109334
6  10.5  2.34261e-09
8  0.7  0.0953384
8  0.8  0.0778213
8  0.9  0.0627421
8  1.0  0.0490092
8  1.1  0.0375066
8  1.2  0.0284442
8  1.3  0.0216038
8  1.4  0.0164453
8  1.6  0.00948859
6  11.0  1.31614e-09
8  1.5  0.01232
8  1.7  0.0071542
8  1.8  0.00537572
8  2.0  0.00318684
8  1.9  0.00409785
6  11.5  7.34026e-10
8  2.5  0.000856639
8  3.0  0.000255043
8  3.5  8.96292e-05
6  12.0  4.25261e-10
8  4.0  3.191e-05
8  5.0  5.19707e-06
8  6.0  9.83695e-07
8  4.5  1.23771e-05
8  5.5  2.19938e-06
8  7.5  1.08572e-07
8  6.5  4.43063e-07
8  7.0  2.20173e-07
8  8.0  5.23706e-08
8  8.5  2.81929e-08
8  10.0  4.22356e-09
8  9.0  1.46868e-08
8  9.5  7.60405e-09
8  10.5  2.26876e-09
8  11.5  7.3107e-10
8  11.0  1.28386e-09
8  12.0  4.3234e-10
