# diffractive D0 cross section, Pb target, HymnD fragmentation, An0n channel
# generated      : 2026-08-20 10:21:14 EEST
# calls          : 1e5 (VEGAS calls per point, see CALLS_EXCL/CALLS_EXCL_FACTORIZED/CALLS_DIFF)
# dipole samples : data/Pb/mve/glauber_mve_<b>
# pD0 sweep      : 0.2 0.3 0.4 0.5 0.6 0.7 0.8 0.9 1.0 1.1 1.2 1.3 1.4 1.5 1.6 1.7 1.8 1.9 2.0 2.5 3.0 3.5 4.0 4.5 5.0 5.5 6.0 6.5 7.0 7.5 8.0 8.5 9.0 9.5 10.0 10.5 11.0 11.5 12.0
# fixed rapidity y : 0.0
# ============================================================
# b  pD0  dsigma_dyd2pD0
0  0.4  1.06437
0  0.5  1.17496
0  0.3  0.836727
0  0.6  1.21971
0  0.2  0.56779
0  0.7  1.15781
0  0.9  0.892581
0  0.8  1.03208
0  1.2  0.528033
0  1.1  0.639899
0  1.0  0.761126
0  1.4  0.353148
0  1.3  0.432545
0  1.6  0.232761
0  1.5  0.287306
0  1.7  0.195377
0  1.9  0.133522
0  1.8  0.160487
0  2.0  0.110201
0  3.0  0.0206451
0  2.5  0.0453532
0  3.5  0.0102537
0  4.0  0.00535914
0  5.0  0.00175195
0  5.5  0.00107108
0  4.5  0.00301961
0  6.5  0.000444512
0  6.0  0.000684808
0  7.0  0.000295262
0  7.5  0.000201327
0  8.0  0.000142251
0  8.5  0.000103468
0  9.5  5.43869e-05
0  9.0  7.46844e-05
0  10.0  3.91165e-05
0  11.5  1.68621e-05
10  0.2  0.556374
10  0.3  0.825133
10  0.4  1.05943
10  0.5  1.17252
0  10.5  2.99787e-05
10  0.6  1.17937
10  0.7  1.12594
10  0.8  0.99399
10  0.9  0.868813
0  11.0  2.24631e-05
10  1.0  0.737272
10  1.1  0.617577
10  1.2  0.50615
10  1.3  0.417887
10  1.5  0.275906
10  1.4  0.340752
10  1.6  0.227542
10  1.7  0.187061
10  1.8  0.153778
10  1.9  0.125768
10  2.0  0.104498
10  2.5  0.0431066
10  3.0  0.0195173
10  3.5  0.0096822
0  12.0  1.29506e-05
10  5.0  0.00168294
10  5.5  0.0010175
10  4.0  0.0050692
10  4.5  0.00285622
10  6.5  0.000425871
10  6.0  0.00064203
10  7.0  0.000281566
10  7.5  0.000192564
10  8.0  0.000134562
10  8.5  9.46242e-05
10  9.0  6.91376e-05
10  9.5  5.04497e-05
10  10.0  3.7485e-05
12  0.2  0.562829
12  0.3  0.819767
12  0.4  1.03971
10  11.5  1.66854e-05
10  10.5  2.75081e-05
12  0.5  1.16895
12  0.6  1.17923
12  0.7  1.10297
12  0.8  0.982568
12  0.9  0.855943
12  1.0  0.723491
12  1.1  0.602973
12  1.2  0.49861
10  11.0  2.1137e-05
12  1.3  0.409257
12  1.4  0.333841
12  1.5  0.275299
12  1.7  0.183926
12  1.6  0.223751
12  1.9  0.122695
12  1.8  0.150059
12  2.0  0.102522
12  3.0  0.0190914
12  2.5  0.0417514
12  3.5  0.0093832
10  12.0  1.28273e-05
12  5.0  0.00162647
12  5.5  0.00100552
12  4.0  0.0049368
12  4.5  0.00280561
12  6.5  0.000408869
12  6.0  0.000632023
12  7.5  0.000185527
12  7.0  0.000274953
12  9.0  6.91398e-05
12  8.0  0.000132211
12  8.5  9.57729e-05
12  9.5  4.90537e-05
12  10.0  3.67187e-05
14  0.2  0.55477
14  0.3  0.818781
12  10.5  2.72378e-05
14  0.5  1.15873
14  0.4  1.02619
14  0.6  1.16242
14  0.7  1.08229
14  0.8  0.977387
14  0.9  0.840198
14  1.0  0.709944
14  1.1  0.58958
14  1.2  0.486957
14  1.3  0.395637
14  1.4  0.323907
12  11.0  2.0754e-05
14  1.5  0.268356
14  1.6  0.214388
14  1.7  0.17678
14  1.8  0.146763
14  2.0  0.099894
14  1.9  0.120058
14  2.5  0.0409357
14  3.0  0.0186158
14  3.5  0.00957597
12  11.5  1.57872e-05
12  12.0  1.21716e-05
14  4.5  0.00267764
14  5.5  0.000966227
14  4.0  0.00481249
14  5.0  0.00156966
14  6.0  0.00061218
14  6.5  0.000397553
14  7.0  0.000274366
14  7.5  0.000182572
14  8.0  0.000127568
14  8.5  9.10288e-05
14  9.0  6.7197e-05
14  9.5  4.76528e-05
14  10.0  3.61085e-05
16  0.2  0.548908
14  11.5  1.52884e-05
16  0.3  0.794845
14  10.5  2.51425e-05
16  0.4  1.00861
16  0.5  1.12041
16  0.6  1.12924
16  0.7  1.05915
16  0.9  0.800388
16  0.8  0.945469
16  1.0  0.686667
16  1.1  0.572508
14  11.0  2.06268e-05
16  1.2  0.474253
16  1.3  0.386865
16  1.4  0.315493
16  1.5  0.260737
16  1.6  0.209655
16  1.8  0.142509
16  1.7  0.1738
16  1.9  0.116515
16  2.5  0.0396644
16  2.0  0.0969504
16  3.0  0.0176936
16  3.5  0.00895003
14  12.0  1.21007e-05
16  5.5  0.00092816
16  4.0  0.00467577
16  4.5  0.00259144
16  5.0  0.00151603
16  6.0  0.000583671
16  6.5  0.000386873
16  7.0  0.00025901
16  7.5  0.000176447
16  8.0  0.00012496
16  8.5  8.94577e-05
16  9.0  6.28683e-05
16  9.5  4.62164e-05
16  10.0  3.489e-05
18  0.2  0.538899
16  11.5  1.47023e-05
18  0.3  0.797185
16  10.5  2.55096e-05
18  0.4  0.999721
18  0.5  1.10822
18  0.6  1.10169
18  0.7  1.02986
18  0.8  0.92266
18  0.9  0.785156
18  1.0  0.668285
18  1.1  0.553072
18  1.2  0.450499
18  1.3  0.373883
18  1.4  0.305896
18  1.5  0.248767
18  1.6  0.201648
16  11.0  1.97665e-05
18  1.7  0.166419
18  1.8  0.135805
18  2.0  0.0910616
18  1.9  0.111453
18  2.5  0.0372945
18  3.0  0.0170502
18  3.5  0.00839363
16  12.0  1.10738e-05
18  5.5  0.000918263
18  4.0  0.00449075
18  4.5  0.00249509
18  5.0  0.00149547
18  6.0  0.000560099
18  7.0  0.000245081
18  7.5  0.000168602
18  6.5  0.000369646
18  8.0  0.000118192
18  8.5  8.43322e-05
18  10.0  3.21729e-05
18  9.0  6.1567e-05
18  9.5  4.4851e-05
2  0.2  0.570023
18  11.5  1.44642e-05
2  0.3  0.833872
2  0.4  1.07328
2  0.5  1.19747
2  0.6  1.21244
2  0.7  1.13546
2  0.8  1.03603
18  10.5  2.43549e-05
2  0.9  0.900553
2  1.0  0.762257
2  1.1  0.63373
2  1.2  0.527401
2  1.3  0.429019
2  1.4  0.355817
2  1.5  0.288302
18  11.0  1.82545e-05
2  1.6  0.236671
2  1.7  0.194446
2  1.8  0.162299
2  1.9  0.131907
2  2.0  0.108835
2  2.5  0.0450206
2  3.0  0.0202311
2  3.5  0.0100709
18  12.0  1.08661e-05
2  4.0  0.00536565
2  5.0  0.00177415
2  5.5  0.00107753
2  4.5  0.00300971
2  6.5  0.000443126
2  6.0  0.000678577
2  7.0  0.000294847
2  7.5  0.000200546
2  8.0  0.00014495
2  8.5  0.000103062
2  9.0  7.23577e-05
2  9.5  5.28739e-05
2  10.0  4.01378e-05
20  0.2  0.534576
2  10.5  2.89333e-05
20  0.3  0.786587
20  0.4  0.987063
20  0.5  1.07928
20  0.6  1.0862
20  0.7  1.00867
20  0.8  0.886394
20  0.9  0.757564
2  11.0  2.2279e-05
20  1.0  0.644053
20  1.1  0.52995
20  1.2  0.433717
2  11.5  1.70173e-05
20  1.3  0.357859
20  1.4  0.291389
20  1.5  0.233352
20  1.7  0.157114
20  1.6  0.193842
20  1.8  0.129228
20  1.9  0.106758
20  2.0  0.087226
20  2.5  0.0357398
20  3.5  0.00772113
20  3.0  0.0163474
2  12.0  1.33542e-05
20  5.5  0.000835672
20  5.0  0.00136022
20  4.0  0.00420559
20  4.5  0.00234031
20  7.0  0.000236675
20  6.0  0.000535126
20  6.5  0.000348999
20  8.5  8.14735e-05
20  7.5  0.000162521
20  8.0  0.000113931
20  9.0  5.68472e-05
20  9.5  4.2435e-05
20  10.0  3.16673e-05
22  0.2  0.529813
22  0.3  0.763175
22  0.4  0.955752
22  0.5  1.03956
22  0.6  1.04768
22  0.7  0.966114
22  0.8  0.851339
20  10.5  2.29821e-05
22  1.0  0.603667
22  0.9  0.722818
22  1.1  0.498213
22  1.2  0.409226
22  1.3  0.334825
22  1.4  0.271456
22  1.5  0.221597
22  1.7  0.148104
22  1.6  0.177664
22  1.8  0.120606
22  2.0  0.0810902
22  1.9  0.0990787
20  11.0  1.74101e-05
22  3.0  0.0150999
22  2.5  0.0334343
22  3.5  0.00745721
20  11.5  1.32879e-05
20  12.0  1.01624e-05
22  5.0  0.00126829
22  5.5  0.00078496
22  4.5  0.00219029
22  4.0  0.00388258
22  6.0  0.000495277
22  7.0  0.000215256
22  8.0  0.000102701
22  7.5  0.000147492
22  6.5  0.000330993
22  8.5  7.39481e-05
22  9.0  5.25653e-05
22  9.5  3.8645e-05
22  11.0  1.59482e-05
24  0.2  0.508459
24  0.3  0.756213
22  10.0  2.85183e-05
24  0.4  0.925795
24  0.5  1.00416
24  0.6  0.979783
24  0.7  0.908305
22  10.5  2.15009e-05
24  0.8  0.793971
24  0.9  0.684498
24  1.0  0.564909
24  1.1  0.459073
24  1.2  0.379636
24  1.3  0.304849
24  1.4  0.255493
24  1.5  0.204235
24  1.6  0.162236
24  1.7  0.136163
24  1.9  0.0904637
24  1.8  0.110231
24  2.0  0.0750851
24  3.0  0.0133069
24  2.5  0.0304935
24  3.5  0.00678153
22  11.5  1.22307e-05
22  12.0  9.46567e-06
24  5.0  0.0011887
24  4.0  0.00356377
24  4.5  0.00199396
24  6.0  0.000448518
24  5.5  0.000706562
24  7.0  0.000196583
24  8.0  9.28659e-05
24  7.5  0.00013488
24  6.5  0.000291446
24  8.5  6.66416e-05
24  9.0  4.90147e-05
24  9.5  3.50272e-05
26  0.2  0.486446
24  10.0  2.59272e-05
26  0.3  0.713878
26  0.4  0.881385
26  0.5  0.949898
26  0.6  0.919619
26  0.7  0.827276
24  10.5  1.93605e-05
26  0.8  0.727668
26  0.9  0.610358
26  1.0  0.503121
26  1.1  0.412524
26  1.2  0.338771
26  1.3  0.272975
26  1.4  0.223489
26  1.5  0.180699
26  1.6  0.145513
24  11.0  1.51134e-05
26  1.7  0.119907
26  1.8  0.0978011
26  1.9  0.0801136
26  2.0  0.0668928
26  3.0  0.012333
26  2.5  0.0269956
26  3.5  0.00591918
24  11.5  1.11476e-05
26  4.0  0.00309759
26  4.5  0.00173293
24  12.0  8.56039e-06
26  5.0  0.00104042
26  5.5  0.000643464
26  6.0  0.000393002
26  7.5  0.000118431
26  6.5  0.000258909
26  8.0  8.2515e-05
26  7.0  0.000172914
26  8.5  5.83016e-05
26  9.0  4.32429e-05
26  9.5  3.17199e-05
26  10.0  2.27078e-05
28  0.2  0.466899
28  0.3  0.672474
28  0.4  0.809743
28  0.5  0.868996
26  10.5  1.70863e-05
28  0.6  0.819574
28  0.7  0.738777
28  0.8  0.638186
28  0.9  0.527321
28  1.0  0.436005
26  11.0  1.2734e-05
28  1.1  0.355999
28  1.3  0.236622
28  1.2  0.291636
28  1.4  0.191246
28  1.5  0.153241
28  1.6  0.123298
28  1.7  0.100926
28  1.8  0.0823878
28  1.9  0.0679088
28  2.0  0.0563352
28  2.5  0.02287
28  3.5  0.00495856
28  3.0  0.0101059
26  11.5  9.79667e-06
26  12.0  7.58601e-06
28  4.0  0.00266818
28  4.5  0.00149615
28  5.0  0.000882179
28  5.5  0.000532609
28  7.0  0.00014473
28  6.0  0.000330088
28  6.5  0.000220231
28  7.5  0.000100675
28  8.0  6.83486e-05
28  8.5  5.01262e-05
28  9.0  3.49708e-05
28  9.5  2.63371e-05
28  11.0  1.10781e-05
30  0.2  0.431673
28  10.0  1.9246e-05
30  0.3  0.624861
30  0.4  0.722431
30  0.5  0.744434
30  0.6  0.697152
30  0.7  0.617908
28  10.5  1.41633e-05
30  0.8  0.531263
30  0.9  0.437751
30  1.0  0.355173
30  1.1  0.288647
30  1.2  0.234071
30  1.3  0.187038
30  1.4  0.150302
30  1.5  0.122323
30  1.6  0.0983292
30  1.7  0.0802991
30  1.8  0.0658273
30  1.9  0.0533836
30  2.0  0.044418
30  2.5  0.0179025
30  3.0  0.00805591
30  3.5  0.00387173
28  11.5  8.47026e-06
30  4.0  0.00206963
30  4.5  0.00113768
28  12.0  6.36367e-06
30  5.0  0.000673065
30  6.5  0.000174329
30  5.5  0.000409707
30  6.0  0.000267328
30  8.0  5.54395e-05
30  7.5  7.68864e-05
30  7.0  0.000113283
30  8.5  3.79992e-05
30  9.0  2.75618e-05
30  9.5  1.97098e-05
30  10.0  1.4564e-05
30  11.5  6.4043e-06
32  0.2  0.389733
32  0.3  0.53788
32  0.5  0.591826
32  0.4  0.602658
32  0.6  0.541306
30  10.5  1.13256e-05
32  0.7  0.466663
32  0.8  0.395211
32  0.9  0.32473
32  1.0  0.264494
32  1.1  0.211614
32  1.2  0.172375
30  11.0  8.50475e-06
32  1.3  0.136452
32  1.4  0.110763
32  1.6  0.0708481
32  1.5  0.0888756
32  1.8  0.0471148
32  1.7  0.0585908
32  1.9  0.0380354
32  2.0  0.0311322
32  3.0  0.00576723
32  2.5  0.0126643
32  3.5  0.00277087
30  12.0  4.95412e-06
32  5.0  0.000483953
32  4.0  0.00146984
32  4.5  0.000804134
32  5.5  0.00029193
32  6.0  0.000184229
32  6.5  0.000122132
32  7.0  8.15184e-05
32  7.5  5.55645e-05
32  8.0  3.8841e-05
32  8.5  2.72033e-05
32  9.0  1.97914e-05
32  9.5  1.45333e-05
32  10.5  7.95054e-06
32  10.0  1.09322e-05
4  0.2  0.566824
4  0.3  0.832567
4  0.4  1.0468
4  0.5  1.18159
4  0.6  1.20117
4  0.7  1.15648
4  0.8  1.0346
4  0.9  0.895941
4  1.0  0.755311
4  1.1  0.635244
4  1.2  0.528753
4  1.3  0.433567
4  1.4  0.35325
4  1.5  0.28726
32  11.0  6.20805e-06
4  1.6  0.236164
4  1.7  0.193624
4  1.8  0.161606
4  1.9  0.131589
32  12.0  3.54898e-06
4  2.0  0.107925
4  2.5  0.0450668
4  3.0  0.0201568
4  3.5  0.00997144
32  11.5  4.59896e-06
4  5.0  0.00174281
4  5.5  0.00107083
4  4.0  0.00539236
4  4.5  0.00299812
4  6.5  0.000439622
4  6.0  0.000674056
4  7.0  0.000293286
4  7.5  0.00020404
4  8.0  0.000143949
4  8.5  0.000102501
4  9.0  7.19234e-05
4  9.5  5.38449e-05
4  10.0  3.89312e-05
6  0.2  0.569121
4  10.5  2.89319e-05
6  0.3  0.828556
6  0.4  1.0542
6  0.5  1.18574
6  0.6  1.18433
6  0.7  1.1474
6  0.8  1.02348
6  0.9  0.889173
4  11.0  2.26866e-05
6  1.0  0.751768
6  1.1  0.629203
6  1.2  0.520687
6  1.3  0.429103
6  1.4  0.345776
6  1.5  0.287639
6  1.6  0.233162
6  1.7  0.192957
6  1.8  0.159011
6  1.9  0.129623
6  2.0  0.103707
4  11.5  1.69007e-05
6  2.5  0.0447404
6  3.0  0.0202448
6  3.5  0.00991627
4  12.0  1.26302e-05
6  5.0  0.00173909
6  5.5  0.00107614
6  4.0  0.00524009
6  4.5  0.00294288
6  6.5  0.000431768
6  6.0  0.000660003
6  7.0  0.000294265
6  7.5  0.000202263
6  8.0  0.000142823
6  8.5  0.000100682
6  9.0  7.36365e-05
6  9.5  5.20997e-05
6  10.0  3.86467e-05
6  11.5  1.66115e-05
8  0.2  0.56757
8  0.3  0.82577
6  10.5  2.89864e-05
8  0.4  1.05823
8  0.5  1.17589
8  0.6  1.18707
8  0.7  1.13684
8  0.8  1.01079
8  0.9  0.8783
8  1.0  0.753087
8  1.1  0.62176
8  1.2  0.516305
8  1.3  0.419585
8  1.4  0.346695
6  11.0  2.23275e-05
8  1.5  0.28145
8  1.6  0.227756
8  1.7  0.190872
8  1.8  0.157702
8  1.9  0.128353
8  2.0  0.104493
8  2.5  0.0436385
8  3.0  0.0197226
8  3.5  0.00993668
6  12.0  1.32763e-05
8  5.0  0.00169801
8  5.5  0.00103181
8  4.0  0.00522877
8  4.5  0.00293966
8  6.5  0.000430637
8  6.0  0.000646463
8  7.0  0.000286109
8  7.5  0.000196273
8  8.0  0.000136338
8  8.5  9.81424e-05
8  9.0  7.0564e-05
8  9.5  5.15191e-05
8  10.0  3.82479e-05
8  11.5  1.67497e-05
8  10.5  2.86079e-05
8  11.0  2.2208e-05
8  12.0  1.26925e-05
