# exclusive D0 dsigma/(d2pD0 dy dx_po), Pb target, BCFY fragmentation, An0n channel
# generated      : 2026-10-01 22:20:56 EEST
# calls          : 2e3 (exclusive) / 1e5 (diffractive) VEGAS calls per point
# dipole samples : data/Pb/mve/glauber_mve_<b>
# flux_model     : EFF
# x_po grid      : 1e-6 to 0.1, 25 log-spaced points
# fixed rapidity y : -2.0
# fixed pD0        : 2.0
# ============================================================
# b  x_po  dsigma_dxpo
0  3.16227766e-04  0
0  1.95734178e-04  0
0  2.87298483e-05  0
0  1.10069417e-05  0
0  6.81292069e-06  0
0  4.64158883e-05  0
0  8.25404185e-04  0
0  1.00000000e-06  0
0  5.10896977e-04  0
0  7.49894209e-05  0
0  1.21152766e-04  0
0  1.61559810e-06  0
0  1.77827941e-05  0
0  2.61015722e-06  0
0  2.15443469e-03  0
0  1.33352143e-03  0
0  4.21696503e-06  0
0  3.48070059e-03  0.00233583
0  9.08517576e-03  3.26285
0  2.37137371e-02  0.669468
0  1.00000000e-01  0.047992
0  1.46779927e-02  1.46737
0  3.83118685e-02  0.288888
0  6.18965819e-02  0.119431
10  2.61015722e-06  0
10  1.61559810e-06  0
10  4.21696503e-06  0
10  1.00000000e-06  0
10  1.10069417e-05  0
10  6.81292069e-06  0
10  1.77827941e-05  0
10  4.64158883e-05  0
10  1.95734178e-04  0
10  3.16227766e-04  0
10  2.87298483e-05  0
10  7.49894209e-05  0
0  5.62341325e-03  9.55459
10  1.21152766e-04  0
10  8.25404185e-04  0
10  1.33352143e-03  0
10  5.10896977e-04  0
10  2.15443469e-03  0
10  3.48070059e-03  0.00214342
10  9.08517576e-03  2.95192
10  1.46779927e-02  1.32477
10  3.83118685e-02  0.260502
10  6.18965819e-02  0.107665
10  2.37137371e-02  0.603969
10  1.00000000e-01  0.0432567
10  5.62341325e-03  8.6913
12  1.00000000e-06  0
12  1.61559810e-06  0
12  4.21696503e-06  0
12  6.81292069e-06  0
12  2.61015722e-06  0
12  1.10069417e-05  0
12  1.77827941e-05  0
12  4.64158883e-05  0
12  1.95734178e-04  0
12  2.87298483e-05  0
12  1.21152766e-04  0
12  7.49894209e-05  0
12  5.10896977e-04  0
12  3.16227766e-04  0
12  8.25404185e-04  0
12  1.33352143e-03  0
12  2.15443469e-03  0
12  9.08517576e-03  2.81416
12  3.83118685e-02  0.247963
12  1.46779927e-02  1.26171
12  6.18965819e-02  0.102469
12  1.00000000e-01  0.0411659
12  2.37137371e-02  0.575023
12  3.48070059e-03  0.00205802
14  1.00000000e-06  0
14  1.61559810e-06  0
12  5.62341325e-03  8.30728
14  2.61015722e-06  0
14  4.21696503e-06  0
14  6.81292069e-06  0
14  1.77827941e-05  0
14  1.10069417e-05  0
14  4.64158883e-05  0
14  7.49894209e-05  0
14  2.87298483e-05  0
14  3.16227766e-04  0
14  5.10896977e-04  0
14  1.21152766e-04  0
14  8.25404185e-04  0
14  1.95734178e-04  0
14  1.33352143e-03  0
14  2.15443469e-03  0
14  3.48070059e-03  0.00195363
14  9.08517576e-03  2.65047
14  6.18965819e-02  0.0963094
14  1.46779927e-02  1.18686
14  1.00000000e-01  0.0386876
14  2.37137371e-02  0.540688
14  3.83118685e-02  0.233095
14  5.62341325e-03  7.84969
16  1.00000000e-06  0
16  1.61559810e-06  0
16  6.81292069e-06  0
16  2.61015722e-06  0
16  4.21696503e-06  0
16  1.10069417e-05  0
16  1.77827941e-05  0
16  2.87298483e-05  0
16  7.49894209e-05  0
16  4.64158883e-05  0
16  1.21152766e-04  0
16  1.95734178e-04  0
16  3.16227766e-04  0
16  8.25404185e-04  0
16  5.10896977e-04  0
16  1.33352143e-03  0
16  2.15443469e-03  0
16  9.08517576e-03  2.46025
16  1.46779927e-02  1.10002
16  1.00000000e-01  0.0358161
16  2.37137371e-02  0.500874
16  6.18965819e-02  0.0891716
16  3.83118685e-02  0.215861
16  3.48070059e-03  0.00183171
16  5.62341325e-03  7.31601
18  1.61559810e-06  0
18  1.00000000e-06  0
18  2.61015722e-06  0
18  4.21696503e-06  0
18  6.81292069e-06  0
18  1.10069417e-05  0
18  1.77827941e-05  0
18  2.87298483e-05  0
18  1.21152766e-04  0
18  7.49894209e-05  0
18  4.64158883e-05  0
18  8.25404185e-04  0
18  1.33352143e-03  0
18  1.95734178e-04  0
18  3.16227766e-04  0
18  5.10896977e-04  0
18  2.15443469e-03  0
18  9.08517576e-03  2.24272
18  1.46779927e-02  1.0009
18  2.37137371e-02  0.455466
18  6.18965819e-02  0.0810373
18  3.83118685e-02  0.196216
18  1.00000000e-01  0.0325444
18  3.48070059e-03  0.00169138
18  5.62341325e-03  6.70299
2  1.00000000e-06  0
2  1.61559810e-06  0
2  2.61015722e-06  0
2  4.21696503e-06  0
2  6.81292069e-06  0
2  1.10069417e-05  0
2  2.87298483e-05  0
2  4.64158883e-05  0
2  1.95734178e-04  0
2  1.21152766e-04  0
2  1.77827941e-05  0
2  8.25404185e-04  0
2  3.16227766e-04  0
2  5.10896977e-04  0
2  7.49894209e-05  0
2  2.15443469e-03  0
2  1.33352143e-03  0
2  3.48070059e-03  0.00232823
2  9.08517576e-03  3.25046
2  2.37137371e-02  0.666854
2  1.46779927e-02  1.46168
2  6.18965819e-02  0.118961
2  3.83118685e-02  0.287755
2  1.00000000e-01  0.0478029
2  5.62341325e-03  9.52031
20  1.00000000e-06  0
20  1.61559810e-06  0
20  2.61015722e-06  0
20  4.21696503e-06  0
20  6.81292069e-06  0
20  1.10069417e-05  0
20  1.77827941e-05  0
20  2.87298483e-05  0
20  4.64158883e-05  0
20  7.49894209e-05  0
20  1.21152766e-04  0
20  1.95734178e-04  0
20  5.10896977e-04  0
20  3.16227766e-04  0
20  8.25404185e-04  0
20  1.33352143e-03  0
20  2.15443469e-03  0
20  3.83118685e-02  0.174114
20  2.37137371e-02  0.404349
20  9.08517576e-03  1.99703
20  1.46779927e-02  0.889209
20  1.00000000e-01  0.0288657
20  6.18965819e-02  0.0718891
20  3.48070059e-03  0.00152958
20  5.62341325e-03  6.00668
22  1.61559810e-06  0
22  1.00000000e-06  0
22  4.21696503e-06  0
22  1.10069417e-05  0
22  1.77827941e-05  0
22  2.61015722e-06  0
22  6.81292069e-06  0
22  4.64158883e-05  0
22  2.87298483e-05  0
22  7.49894209e-05  0
22  1.95734178e-04  0
22  1.21152766e-04  0
22  3.16227766e-04  0
22  5.10896977e-04  0
22  8.25404185e-04  0
22  1.33352143e-03  0
22  2.15443469e-03  0
22  9.08517576e-03  1.72272
22  1.46779927e-02  0.764878
22  2.37137371e-02  0.347511
22  1.00000000e-01  0.024781
22  3.83118685e-02  0.149556
22  6.18965819e-02  0.0617288
22  5.62341325e-03  5.22213
22  3.48070059e-03  0.00134503
24  1.00000000e-06  0
24  1.61559810e-06  0
24  2.61015722e-06  0
24  4.21696503e-06  0
24  6.81292069e-06  0
24  1.10069417e-05  0
24  4.64158883e-05  0
24  1.77827941e-05  0
24  7.49894209e-05  0
24  2.87298483e-05  0
24  1.95734178e-04  0
24  1.21152766e-04  0
24  5.10896977e-04  0
24  3.16227766e-04  0
24  8.25404185e-04  0
24  2.15443469e-03  0
24  1.33352143e-03  0
24  1.46779927e-02  0.628654
24  3.83118685e-02  0.12271
24  1.00000000e-01  0.0203195
24  2.37137371e-02  0.285322
24  9.08517576e-03  1.42106
24  6.18965819e-02  0.0506276
24  3.48070059e-03  0.00113724
26  1.00000000e-06  0
26  4.21696503e-06  0
26  6.81292069e-06  0
26  1.61559810e-06  0
26  2.61015722e-06  0
26  1.77827941e-05  0
26  1.10069417e-05  0
24  5.62341325e-03  4.35411
26  2.87298483e-05  0
26  4.64158883e-05  0
26  7.49894209e-05  0
26  1.21152766e-04  0
26  1.95734178e-04  0
26  3.16227766e-04  0
26  5.10896977e-04  0
26  2.15443469e-03  0
26  8.25404185e-04  0
26  1.33352143e-03  0
26  2.37137371e-02  0.219184
26  6.18965819e-02  0.0388416
26  3.83118685e-02  0.0941895
26  9.08517576e-03  1.09819
26  1.46779927e-02  0.483539
26  1.00000000e-01  0.0155846
26  3.48070059e-03  0.000907464
26  5.62341325e-03  3.41184
28  1.00000000e-06  0
28  2.61015722e-06  0
28  1.61559810e-06  0
28  4.21696503e-06  0
28  6.81292069e-06  0
28  1.10069417e-05  0
28  1.77827941e-05  0
28  2.87298483e-05  0
28  4.64158883e-05  0
28  7.49894209e-05  0
28  1.21152766e-04  0
28  1.95734178e-04  0
28  3.16227766e-04  0
28  5.10896977e-04  0
28  8.25404185e-04  0
28  2.15443469e-03  0
28  1.33352143e-03  0
28  9.08517576e-03  0.770738
28  1.46779927e-02  0.337271
28  1.00000000e-01  0.0108337
28  6.18965819e-02  0.0270104
28  3.83118685e-02  0.0655371
28  2.37137371e-02  0.152654
28  3.48070059e-03  0.00066329
28  5.62341325e-03  2.44054
30  1.00000000e-06  0
30  1.61559810e-06  0
30  2.61015722e-06  0
30  4.21696503e-06  0
30  1.10069417e-05  0
30  6.81292069e-06  0
30  1.77827941e-05  0
30  2.87298483e-05  0
30  4.64158883e-05  0
30  7.49894209e-05  0
30  1.21152766e-04  0
30  1.95734178e-04  0
30  3.16227766e-04  0
30  5.10896977e-04  0
30  8.25404185e-04  0
30  2.15443469e-03  0
30  1.33352143e-03  0
30  1.46779927e-02  0.204448
30  9.08517576e-03  0.471003
30  6.18965819e-02  0.0163173
30  1.00000000e-01  0.00654219
30  2.37137371e-02  0.0923809
30  3.83118685e-02  0.0396178
30  3.48070059e-03  0.000429001
30  5.62341325e-03  1.53151
32  1.00000000e-06  0
32  1.61559810e-06  0
32  2.61015722e-06  0
32  4.21696503e-06  0
32  6.81292069e-06  0
32  1.10069417e-05  0
32  1.77827941e-05  0
32  2.87298483e-05  0
32  4.64158883e-05  0
32  7.49894209e-05  0
32  3.16227766e-04  0
32  1.21152766e-04  0
32  1.95734178e-04  0
32  5.10896977e-04  0
32  8.25404185e-04  0
32  1.33352143e-03  0
32  2.15443469e-03  0
32  3.48070059e-03  0.000235515
32  9.08517576e-03  0.239848
32  2.37137371e-02  0.0464807
32  1.46779927e-02  0.103043
32  3.83118685e-02  0.0199113
32  6.18965819e-02  0.00819535
32  1.00000000e-01  0.00328447
32  5.62341325e-03  0.808038
4  1.61559810e-06  0
4  1.00000000e-06  0
4  2.61015722e-06  0
4  4.21696503e-06  0
4  6.81292069e-06  0
4  1.10069417e-05  0
4  1.77827941e-05  0
4  2.87298483e-05  0
4  4.64158883e-05  0
4  1.21152766e-04  0
4  7.49894209e-05  0
4  1.95734178e-04  0
4  3.16227766e-04  0
4  5.10896977e-04  0
4  8.25404185e-04  0
4  1.33352143e-03  0
4  2.15443469e-03  0
4  3.48070059e-03  0.00230526
4  2.37137371e-02  0.659011
4  3.83118685e-02  0.284355
4  6.18965819e-02  0.117551
4  1.00000000e-01  0.0472356
4  9.08517576e-03  3.21327
4  1.46779927e-02  1.44461
4  5.62341325e-03  9.41729
6  1.00000000e-06  0
6  1.61559810e-06  0
6  2.61015722e-06  0
6  4.21696503e-06  0
6  1.10069417e-05  0
6  6.81292069e-06  0
6  1.77827941e-05  0
6  4.64158883e-05  0
6  2.87298483e-05  0
6  7.49894209e-05  0
6  1.21152766e-04  0
6  3.16227766e-04  0
6  1.95734178e-04  0
6  8.25404185e-04  0
6  1.33352143e-03  0
6  2.15443469e-03  0
6  5.10896977e-04  0
6  9.08517576e-03  3.15122
6  1.46779927e-02  1.41614
6  3.48070059e-03  0.00226628
6  3.83118685e-02  0.278684
6  2.37137371e-02  0.645928
6  1.00000000e-01  0.0462895
6  6.18965819e-02  0.115201
6  5.62341325e-03  9.24522
8  1.61559810e-06  0
8  1.00000000e-06  0
8  4.21696503e-06  0
8  2.61015722e-06  0
8  6.81292069e-06  0
8  1.10069417e-05  0
8  1.77827941e-05  0
8  2.87298483e-05  0
8  7.49894209e-05  0
8  4.64158883e-05  0
8  1.21152766e-04  0
8  1.95734178e-04  0
8  3.16227766e-04  0
8  1.33352143e-03  0
8  8.25404185e-04  0
8  2.15443469e-03  0
8  5.10896977e-04  0
8  3.48070059e-03  0.00221313
8  9.08517576e-03  3.06417
8  2.37137371e-02  0.62759
8  3.83118685e-02  0.270737
8  6.18965819e-02  0.111907
8  1.00000000e-01  0.0449637
8  1.46779927e-02  1.37622
8  5.62341325e-03  9.00353
