# exclusive D0 dsigma/(d2pD0 dy dx_po), Pb target, BCFY fragmentation, An0n channel
# generated      : 2026-10-01 22:20:56 EEST
# calls          : 2e3 (exclusive) / 1e5 (diffractive) VEGAS calls per point
# dipole samples : data/Pb/mve/glauber_mve_<b>
# flux_model     : EFF
# x_po grid      : 1e-6 to 0.1, 25 log-spaced points
# fixed rapidity y : -1.0
# fixed pD0        : 2.0
# ============================================================
# b  x_po  dsigma_dxpo
0  4.21696503e-06  0
0  1.61559810e-06  0
0  1.10069417e-05  0
0  2.87298483e-05  0
0  7.49894209e-05  0
0  4.64158883e-05  0
0  1.00000000e-06  0
0  1.21152766e-04  0
0  6.81292069e-06  0
0  5.10896977e-04  0
0  1.95734178e-04  0
0  1.77827941e-05  0
0  8.25404185e-04  0
0  2.61015722e-06  0
0  3.16227766e-04  0
0  1.33352143e-03  0.558823
0  3.48070059e-03  9.46602
0  3.83118685e-02  0.0929222
0  5.62341325e-03  3.72007
0  1.00000000e-01  0.0143078
0  1.46779927e-02  0.559428
0  9.08517576e-03  1.36011
0  2.37137371e-02  0.231277
0  6.18965819e-02  0.0366677
0  2.15443469e-03  25.392
10  1.00000000e-06  0
10  6.81292069e-06  0
10  1.10069417e-05  0
10  1.61559810e-06  0
10  4.21696503e-06  0
10  2.61015722e-06  0
10  1.77827941e-05  0
10  2.87298483e-05  0
10  4.64158883e-05  0
10  1.95734178e-04  0
10  3.16227766e-04  0
10  5.10896977e-04  0
10  7.49894209e-05  0
10  1.21152766e-04  0
10  8.25404185e-04  0
10  1.33352143e-03  0.516815
10  3.48070059e-03  8.65961
10  1.46779927e-02  0.50445
10  2.37137371e-02  0.208492
10  6.18965819e-02  0.0330465
10  5.62341325e-03  3.3835
10  3.83118685e-02  0.0837537
10  9.08517576e-03  1.22869
10  1.00000000e-01  0.012894
10  2.15443469e-03  23.3303
12  1.00000000e-06  0
12  2.61015722e-06  0
12  1.61559810e-06  0
12  4.21696503e-06  0
12  1.10069417e-05  0
12  6.81292069e-06  0
12  1.77827941e-05  0
12  2.87298483e-05  0
12  4.64158883e-05  0
12  1.21152766e-04  0
12  3.16227766e-04  0
12  7.49894209e-05  0
12  1.95734178e-04  0
12  5.10896977e-04  0
12  8.25404185e-04  0
12  1.33352143e-03  0.497941
12  3.48070059e-03  8.29934
12  5.62341325e-03  3.23381
12  3.83118685e-02  0.0797055
12  2.15443469e-03  22.4074
12  1.00000000e-01  0.0122699
12  9.08517576e-03  1.17055
12  2.37137371e-02  0.198429
12  6.18965819e-02  0.0314478
12  1.46779927e-02  0.480165
14  1.00000000e-06  0
14  1.61559810e-06  0
14  2.61015722e-06  0
14  4.21696503e-06  0
14  6.81292069e-06  0
14  1.10069417e-05  0
14  1.77827941e-05  0
14  4.64158883e-05  0
14  1.21152766e-04  0
14  2.87298483e-05  0
14  7.49894209e-05  0
14  1.95734178e-04  0
14  3.16227766e-04  0
14  5.10896977e-04  0
14  8.25404185e-04  0
14  1.33352143e-03  0.475293
14  3.48070059e-03  7.86857
14  5.62341325e-03  3.05544
14  2.37137371e-02  0.186501
14  6.18965819e-02  0.0295529
14  9.08517576e-03  1.10154
14  1.46779927e-02  0.451369
14  2.15443469e-03  21.2996
14  3.83118685e-02  0.074907
14  1.00000000e-01  0.0115301
16  1.00000000e-06  0
16  1.61559810e-06  0
16  2.61015722e-06  0
16  6.81292069e-06  0
16  4.21696503e-06  0
16  1.10069417e-05  0
16  1.77827941e-05  0
16  4.64158883e-05  0
16  2.87298483e-05  0
16  7.49894209e-05  0
16  3.16227766e-04  0
16  1.95734178e-04  0
16  1.21152766e-04  0
16  8.25404185e-04  0
16  5.10896977e-04  0
16  1.33352143e-03  0.448499
16  3.48070059e-03  7.36411
16  5.62341325e-03  2.84742
16  2.15443469e-03  19.998
16  1.46779927e-02  0.417992
16  3.83118685e-02  0.0693472
16  9.08517576e-03  1.02145
16  2.37137371e-02  0.172677
16  1.00000000e-01  0.0106732
16  6.18965819e-02  0.0273575
18  1.00000000e-06  0
18  1.61559810e-06  0
18  2.61015722e-06  0
18  4.21696503e-06  0
18  1.10069417e-05  0
18  6.81292069e-06  0
18  1.77827941e-05  0
18  4.64158883e-05  0
18  2.87298483e-05  0
18  7.49894209e-05  0
18  1.95734178e-04  0
18  1.21152766e-04  0
18  3.16227766e-04  0
18  5.10896977e-04  0
18  8.25404185e-04  0
18  1.33352143e-03  0.41719
18  3.48070059e-03  6.78185
18  5.62341325e-03  2.6085
18  9.08517576e-03  0.929994
18  6.18965819e-02  0.0248564
18  3.83118685e-02  0.0630124
18  2.15443469e-03  18.4898
18  1.46779927e-02  0.379945
18  1.00000000e-01  0.0096969
18  2.37137371e-02  0.156925
2  1.61559810e-06  0
2  1.00000000e-06  0
2  1.77827941e-05  0
2  1.10069417e-05  0
2  4.21696503e-06  0
2  6.81292069e-06  0
2  2.61015722e-06  0
2  1.21152766e-04  0
2  7.49894209e-05  0
2  4.64158883e-05  0
2  1.95734178e-04  0
2  8.25404185e-04  0
2  5.10896977e-04  0
2  3.16227766e-04  0
2  2.87298483e-05  0
2  1.33352143e-03  0.557173
2  3.48070059e-03  9.43406
2  1.46779927e-02  0.557234
2  5.62341325e-03  3.70669
2  9.08517576e-03  1.35487
2  3.83118685e-02  0.0925561
2  2.37137371e-02  0.230368
2  1.00000000e-01  0.0142513
2  6.18965819e-02  0.0365231
2  2.15443469e-03  25.3162
20  1.00000000e-06  0
20  1.10069417e-05  0
20  6.81292069e-06  0
20  2.61015722e-06  0
20  1.61559810e-06  0
20  4.21696503e-06  0
20  2.87298483e-05  0
20  1.77827941e-05  0
20  4.64158883e-05  0
20  7.49894209e-05  0
20  1.95734178e-04  0
20  3.16227766e-04  0
20  1.21152766e-04  0
20  8.25404185e-04  0
20  5.10896977e-04  0
20  1.33352143e-03  0.380969
20  3.48070059e-03  6.11641
20  5.62341325e-03  2.33716
20  2.15443469e-03  16.7582
20  1.46779927e-02  0.337141
20  6.18965819e-02  0.0220445
20  3.83118685e-02  0.0558895
20  2.37137371e-02  0.139209
20  9.08517576e-03  0.826897
20  1.00000000e-01  0.00859941
22  1.00000000e-06  0
22  1.61559810e-06  0
22  4.21696503e-06  0
22  2.61015722e-06  0
22  6.81292069e-06  0
22  1.77827941e-05  0
22  1.10069417e-05  0
22  4.64158883e-05  0
22  7.49894209e-05  0
22  2.87298483e-05  0
22  1.21152766e-04  0
22  3.16227766e-04  0
22  5.10896977e-04  0
22  1.95734178e-04  0
22  8.25404185e-04  0
22  1.33352143e-03  0.339292
22  3.48070059e-03  5.36226
22  5.62341325e-03  2.0321
22  9.08517576e-03  0.712054
22  2.37137371e-02  0.119533
22  1.00000000e-01  0.00738112
22  3.83118685e-02  0.0479807
22  6.18965819e-02  0.0189228
22  1.46779927e-02  0.289582
22  2.15443469e-03  14.7835
24  1.00000000e-06  0
24  1.10069417e-05  0
24  6.81292069e-06  0
24  1.61559810e-06  0
24  2.61015722e-06  0
24  4.21696503e-06  0
24  1.77827941e-05  0
24  2.87298483e-05  0
24  4.64158883e-05  0
24  7.49894209e-05  0
24  3.16227766e-04  0
24  1.95734178e-04  0
24  1.21152766e-04  0
24  8.25404185e-04  0
24  5.10896977e-04  0
24  1.33352143e-03  0.291587
24  3.48070059e-03  4.51684
24  5.62341325e-03  1.69355
24  1.46779927e-02  0.237593
24  9.08517576e-03  0.586109
24  1.00000000e-01  0.00605083
24  3.83118685e-02  0.0393421
24  2.37137371e-02  0.0980346
24  2.15443469e-03  12.5539
24  6.18965819e-02  0.0155137
26  1.00000000e-06  0
26  1.61559810e-06  0
26  2.61015722e-06  0
26  4.21696503e-06  0
26  6.81292069e-06  0
26  1.77827941e-05  0
26  2.87298483e-05  0
26  1.10069417e-05  0
26  4.64158883e-05  0
26  1.21152766e-04  0
26  7.49894209e-05  0
26  1.95734178e-04  0
26  8.25404185e-04  0
26  3.16227766e-04  0
26  5.10896977e-04  0
26  1.33352143e-03  0.237805
26  3.48070059e-03  3.58883
26  5.62341325e-03  1.32681
26  1.46779927e-02  0.182364
26  2.37137371e-02  0.075211
26  1.00000000e-01  0.00463953
26  9.08517576e-03  0.45176
26  6.18965819e-02  0.0118965
26  3.83118685e-02  0.0301743
26  2.15443469e-03  10.0813
28  1.00000000e-06  0
28  1.61559810e-06  0
28  1.77827941e-05  0
28  7.49894209e-05  0
28  1.21152766e-04  0
28  2.61015722e-06  0
28  4.64158883e-05  0
28  6.81292069e-06  0
28  8.25404185e-04  0
28  4.21696503e-06  0
28  2.87298483e-05  0
28  1.10069417e-05  0
28  1.95734178e-04  0
28  3.16227766e-04  0
28  5.10896977e-04  0
28  1.33352143e-03  0.179342
28  3.48070059e-03  2.6153
28  9.08517576e-03  0.316068
28  5.62341325e-03  0.948774
28  3.83118685e-02  0.0209756
28  6.18965819e-02  0.00826813
28  1.46779927e-02  0.126883
28  2.37137371e-02  0.0523002
28  1.00000000e-01  0.0032241
28  2.15443469e-03  7.4532
30  1.00000000e-06  0
30  1.61559810e-06  0
30  4.21696503e-06  0
30  2.61015722e-06  0
30  1.10069417e-05  0
30  1.77827941e-05  0
30  6.81292069e-06  0
30  2.87298483e-05  0
30  4.64158883e-05  0
30  1.21152766e-04  0
30  7.49894209e-05  0
30  5.10896977e-04  0
30  3.16227766e-04  0
30  1.95734178e-04  0
30  8.25404185e-04  0
30  5.62341325e-03  0.594932
30  3.48070059e-03  1.68246
30  1.00000000e-01  0.0019462
30  2.37137371e-02  0.0315943
30  6.18965819e-02  0.0049917
30  9.08517576e-03  0.192459
30  1.46779927e-02  0.0766975
30  1.33352143e-03  0.120858
30  2.15443469e-03  4.89098
32  1.00000000e-06  0
32  2.61015722e-06  0
32  1.61559810e-06  0
32  4.21696503e-06  0
32  6.81292069e-06  0
32  1.10069417e-05  0
32  1.77827941e-05  0
32  4.64158883e-05  0
32  7.49894209e-05  0
32  2.87298483e-05  0
30  3.83118685e-02  0.0126675
32  1.95734178e-04  0
32  1.21152766e-04  0
32  5.10896977e-04  0
32  3.16227766e-04  0
32  8.25404185e-04  0
32  3.48070059e-03  0.917814
32  5.62341325e-03  0.3137
32  1.33352143e-03  0.0700374
32  6.18965819e-02  0.00250542
32  1.00000000e-01  0.000976691
32  3.83118685e-02  0.00635899
32  2.37137371e-02  0.0158676
32  9.08517576e-03  0.0976364
32  1.46779927e-02  0.0385446
32  2.15443469e-03  2.74043
4  1.00000000e-06  0
4  1.61559810e-06  0
4  2.61015722e-06  0
4  6.81292069e-06  0
4  4.21696503e-06  0
4  1.10069417e-05  0
4  1.77827941e-05  0
4  2.87298483e-05  0
4  4.64158883e-05  0
4  1.95734178e-04  0
4  7.49894209e-05  0
4  1.21152766e-04  0
4  3.16227766e-04  0
4  5.10896977e-04  0
4  8.25404185e-04  0
4  1.33352143e-03  0.551902
4  3.48070059e-03  9.33805
4  2.37137371e-02  0.227638
4  1.46779927e-02  0.550648
4  5.62341325e-03  3.66652
4  6.18965819e-02  0.0360892
4  3.83118685e-02  0.0914576
4  9.08517576e-03  1.33914
4  2.15443469e-03  25.0647
4  1.00000000e-01  0.0140819
6  1.61559810e-06  0
6  1.00000000e-06  0
6  2.61015722e-06  0
6  4.21696503e-06  0
6  1.77827941e-05  0
6  4.64158883e-05  0
6  7.49894209e-05  0
6  6.81292069e-06  0
6  3.16227766e-04  0
6  1.21152766e-04  0
6  1.10069417e-05  0
6  5.10896977e-04  0
6  1.95734178e-04  0
6  2.87298483e-05  0
6  8.25404185e-04  0
6  1.33352143e-03  0.543534
6  3.48070059e-03  9.17755
6  5.62341325e-03  3.59944
6  9.08517576e-03  1.3129
6  2.37137371e-02  0.223086
6  1.46779927e-02  0.539665
6  6.18965819e-02  0.0353657
6  1.00000000e-01  0.0137994
6  2.15443469e-03  24.6568
6  3.83118685e-02  0.0896258
8  1.00000000e-06  0
8  1.61559810e-06  0
8  2.61015722e-06  0
8  4.21696503e-06  0
8  6.81292069e-06  0
8  1.10069417e-05  0
8  4.64158883e-05  0
8  7.49894209e-05  0
8  1.77827941e-05  0
8  2.87298483e-05  0
8  1.21152766e-04  0
8  1.95734178e-04  0
8  5.10896977e-04  0
8  3.16227766e-04  0
8  8.25404185e-04  0
8  3.48070059e-03  8.95178
8  5.62341325e-03  3.50521
8  1.33352143e-03  0.532326
8  2.37137371e-02  0.216706
8  1.00000000e-01  0.0134036
8  6.18965819e-02  0.0343519
8  3.83118685e-02  0.0870588
8  1.46779927e-02  0.524273
8  9.08517576e-03  1.27611
8  2.15443469e-03  24.0784
