# exclusive D0 cross section, Pb target, HymnD fragmentation, An0n channel
# generated      : 2026-08-20 10:20:12 EEST
# calls          : 1e5 below 4.0 GeV, 2e3 above (see EXCL_PT_THRESHOLD) (VEGAS calls per point, see CALLS_EXCL/CALLS_EXCL_FACTORIZED/CALLS_DIFF)
# dipole samples : data/Pb/mve/glauber_mve_<b>
# pD0 sweep      : 0.2 0.3 0.4 0.5 0.6 0.7 0.8 0.9 1.0 1.1 1.2 1.3 1.4 1.5 1.6 1.7 1.8 1.9 2.0 2.5 3.0 3.5 4.0 4.5 5.0 5.5 6.0 6.5 7.0 7.5 8.0 8.5 9.0 9.5 10.0 10.5 11.0 11.5 12.0
# fixed rapidity y : 3.0
# ============================================================
# b  pD0  dsigma_dyd2pD0
0  0.5  0.24308
0  0.4  0.337488
0  0.3  0.459221
0  0.2  0.607901
0  0.6  0.171889
0  0.7  0.120278
0  0.9  0.0574987
0  0.8  0.0833711
0  1.0  0.0396407
0  1.1  0.0272527
0  1.3  0.0129516
0  1.4  0.00905072
0  1.2  0.0187811
0  1.5  0.00623497
0  1.8  0.00217641
0  1.6  0.00434859
0  1.7  0.00304411
0  2.0  0.00107495
0  1.9  0.0015206
0  2.5  0.000208953
0  3.5  1.0237e-05
0  3.0  4.56679e-05
0  4.5  7.81103e-07
0  4.0  2.77582e-06
0  5.0  2.3455e-07
0  5.5  7.53633e-08
0  6.0  2.53664e-08
0  6.5  8.99295e-09
0  7.0  3.32864e-09
0  7.5  1.27879e-09
0  9.5  3.89006e-11
0  8.0  5.1026e-10
0  8.5  2.09725e-10
0  10.0  1.72985e-11
0  9.0  8.86636e-11
10  0.2  0.582175
10  0.3  0.439561
0  10.5  7.81512e-12
10  0.4  0.322725
10  0.5  0.231807
10  0.6  0.163777
10  0.7  0.114188
10  0.8  0.0790742
10  0.9  0.0544262
10  1.0  0.0375044
10  1.1  0.0257306
10  1.2  0.0177167
10  1.3  0.0122224
0  11.0  3.62331e-12
10  1.4  0.00844803
10  1.5  0.00586889
10  1.7  0.00288232
10  1.6  0.00408921
10  1.8  0.00201762
10  1.9  0.00141483
0  11.5  1.71356e-12
10  2.0  0.00100522
10  2.5  0.000194686
10  3.0  4.00971e-05
10  3.5  9.46752e-06
0  12.0  8.25314e-13
10  4.0  2.56035e-06
10  4.5  7.16767e-07
10  5.0  2.15674e-07
10  6.0  2.32932e-08
10  5.5  6.89109e-08
10  6.5  8.24414e-09
10  7.0  3.04893e-09
10  7.5  1.1722e-09
10  8.0  4.67042e-10
10  9.0  8.14512e-11
10  8.5  1.91838e-10
10  9.5  3.52541e-11
10  10.0  1.56576e-11
10  10.5  7.13992e-12
12  0.2  0.57063
12  0.3  0.43034
12  0.4  0.315781
12  0.5  0.226765
12  0.6  0.15998
12  0.8  0.0770745
10  11.0  3.30488e-12
12  0.7  0.111532
12  0.9  0.052999
12  1.0  0.0365323
12  1.1  0.0250417
12  1.2  0.0172356
12  1.3  0.0118767
12  1.4  0.0081915
12  1.7  0.00280792
12  1.5  0.00567187
12  1.6  0.0039612
12  1.8  0.00194541
12  1.9  0.00137512
12  2.0  0.000973221
12  3.5  1.00441e-05
12  3.0  4.08206e-05
12  2.5  0.000187352
10  11.5  1.56287e-12
10  12.0  7.51089e-13
12  4.0  2.46322e-06
12  4.5  6.89346e-07
12  5.0  2.07232e-07
12  5.5  6.62458e-08
12  6.0  2.23468e-08
12  8.0  4.48522e-10
12  6.5  7.91055e-09
12  7.0  2.92609e-09
12  7.5  1.12408e-09
12  9.5  3.39395e-11
12  8.5  1.83665e-10
12  9.0  7.76014e-11
12  10.0  1.49859e-11
14  0.2  0.556123
14  0.3  0.419112
12  10.5  6.81464e-12
14  0.4  0.307147
14  0.5  0.220144
14  0.6  0.155249
14  0.7  0.10828
14  0.8  0.0747443
14  0.9  0.0512989
12  11.0  3.16183e-12
14  1.0  0.0353145
14  1.1  0.0241991
14  1.2  0.0166216
14  1.3  0.0114622
14  1.4  0.00790761
14  1.5  0.00548379
14  1.6  0.00381171
14  1.7  0.0026978
14  1.8  0.00190172
12  11.5  1.49417e-12
14  1.9  0.00131622
14  2.0  0.000932474
14  3.0  3.95745e-05
14  2.5  0.00017981
14  3.5  8.57629e-06
12  12.0  7.19241e-13
14  4.5  6.62872e-07
14  4.0  2.34638e-06
14  5.0  1.97111e-07
14  5.5  6.29595e-08
14  6.0  2.12316e-08
14  6.5  7.51002e-09
14  7.0  2.77569e-09
14  7.5  1.06612e-09
14  8.0  4.2452e-10
14  8.5  1.74035e-10
14  9.0  7.35367e-11
14  10.5  6.48871e-12
14  9.5  3.19576e-11
14  10.0  1.41996e-11
16  0.2  0.538413
16  0.3  0.405404
16  0.4  0.296732
16  0.5  0.212545
16  0.6  0.149653
16  0.7  0.104183
16  0.9  0.0492898
16  0.8  0.0718998
14  11.0  2.9917e-12
16  1.0  0.0338629
16  1.1  0.0231703
16  1.2  0.0159113
16  1.3  0.010962
16  1.4  0.00759812
16  1.5  0.00522319
16  1.7  0.00257124
16  1.6  0.00363344
16  1.8  0.00179055
16  1.9  0.00125178
16  2.0  0.000884308
14  11.5  1.41432e-12
16  2.5  0.000171719
16  3.0  3.44838e-05
16  3.5  9.02876e-06
16  4.5  6.20254e-07
14  12.0  6.79797e-13
16  4.0  2.21108e-06
16  5.0  1.85285e-07
16  5.5  5.91223e-08
16  6.0  1.99111e-08
16  6.5  7.0404e-09
16  7.0  2.60035e-09
16  7.5  9.98639e-10
16  8.0  3.97537e-10
16  8.5  1.6197e-10
16  9.0  6.88018e-11
16  10.5  6.00843e-12
16  9.5  2.98718e-11
16  10.0  1.32671e-11
18  0.2  0.517002
18  0.3  0.38889
18  0.4  0.284578
18  0.5  0.203253
18  0.6  0.142952
18  0.7  0.0992474
16  11.0  2.7937e-12
18  0.8  0.0683482
18  0.9  0.0469009
18  1.0  0.0321416
18  1.1  0.0219582
18  1.2  0.0150437
18  1.3  0.0103685
18  1.5  0.00492891
18  1.4  0.00713383
16  11.5  1.32026e-12
18  1.6  0.00342471
18  1.7  0.00242485
18  1.8  0.0016848
18  2.0  0.000831909
18  2.5  0.000159666
18  1.9  0.00117167
18  3.0  3.50136e-05
18  3.5  8.11377e-06
16  12.0  6.34357e-13
18  4.0  2.05611e-06
18  4.5  5.73153e-07
18  5.0  1.71552e-07
18  5.5  5.46761e-08
18  6.0  1.84071e-08
18  6.5  6.49882e-09
18  7.0  2.40057e-09
18  7.5  9.20273e-10
18  8.5  1.5097e-10
18  8.0  3.65792e-10
18  10.5  5.53742e-12
18  9.0  6.33381e-11
18  9.5  2.74738e-11
2  0.2  0.606935
2  0.3  0.458585
18  10.0  1.21866e-11
2  0.4  0.336949
2  0.5  0.242646
2  0.6  0.171608
2  0.7  0.12008
2  0.9  0.0574429
2  0.8  0.0832078
2  1.0  0.0395573
2  1.1  0.0271915
2  1.2  0.0187374
2  1.3  0.012937
2  1.4  0.00902935
2  1.5  0.00621702
2  1.6  0.00433299
2  1.7  0.0030319
2  1.8  0.00217096
2  2.0  0.00107268
2  1.9  0.00151381
18  11.0  2.54744e-12
2  2.5  0.00020875
2  3.0  4.57631e-05
2  3.5  1.00686e-05
18  11.5  1.21193e-12
2  4.5  7.784e-07
18  12.0  5.81677e-13
2  4.0  2.76915e-06
2  5.0  2.33802e-07
2  5.5  7.47959e-08
2  6.0  2.52792e-08
2  6.5  8.96332e-09
2  7.0  3.31744e-09
2  8.5  2.10333e-10
2  7.5  1.27648e-09
2  8.0  5.0884e-10
2  9.5  3.87675e-11
2  10.0  1.72617e-11
2  9.0  8.84515e-11
20  0.2  0.491442
20  0.3  0.368939
2  10.5  7.78765e-12
20  0.4  0.269476
20  0.5  0.192154
2  11.0  3.61024e-12
20  0.6  0.134915
20  0.7  0.0935554
20  0.8  0.0643079
20  1.0  0.030084
20  0.9  0.0439696
20  1.1  0.0205565
20  1.2  0.0140835
20  1.3  0.00964753
20  1.4  0.00662964
20  1.5  0.00456538
20  1.6  0.00316704
20  1.7  0.00220392
20  1.8  0.00156038
20  1.9  0.0010868
20  2.0  0.00077435
20  2.5  0.000148221
2  11.5  1.70808e-12
20  3.0  3.08575e-05
20  3.5  7.87892e-06
2  12.0  8.2597e-13
20  4.0  1.87342e-06
20  4.5  5.21495e-07
20  5.0  1.55728e-07
20  5.5  4.95539e-08
20  6.0  1.68782e-08
20  6.5  5.88305e-09
20  7.0  2.16971e-09
20  7.5  8.31754e-10
20  8.0  3.30241e-10
20  9.5  2.49369e-11
20  8.5  1.35118e-10
20  9.0  5.71191e-11
20  10.0  1.09484e-11
22  0.2  0.460323
22  0.3  0.344865
22  0.4  0.251251
22  0.5  0.178817
22  0.6  0.125226
22  0.7  0.0866694
22  0.8  0.0594177
20  10.5  4.98609e-12
22  0.9  0.0405438
22  1.0  0.02764
22  1.1  0.0188642
22  1.2  0.0128786
22  1.3  0.00880694
22  1.4  0.006052
22  1.5  0.00416646
20  11.0  2.30711e-12
22  1.6  0.00288075
22  1.7  0.00200636
22  1.9  0.00100487
22  1.8  0.00139764
22  2.0  0.000695947
22  2.5  0.000131114
20  11.5  1.08821e-12
22  3.0  2.6909e-05
22  3.5  6.16896e-06
20  12.0  5.23246e-13
22  4.0  1.66402e-06
22  4.5  4.62213e-07
22  5.0  1.37993e-07
22  5.5  4.38215e-08
22  6.0  1.46999e-08
22  6.5  5.18277e-09
22  7.0  1.90877e-09
22  7.5  7.30362e-10
22  8.0  2.89678e-10
22  9.5  2.19207e-11
22  8.5  1.18544e-10
22  9.0  5.00203e-11
22  10.0  9.59099e-12
24  0.2  0.422097
24  0.3  0.315526
22  10.5  4.3566e-12
24  0.4  0.229295
24  0.5  0.162664
24  0.6  0.11357
24  0.7  0.078276
24  0.9  0.0364424
24  0.8  0.0535491
24  1.0  0.0247896
24  1.1  0.0168438
24  1.2  0.0114639
24  1.3  0.00782981
22  11.0  2.01412e-12
24  1.4  0.00536154
24  1.5  0.00367876
24  1.6  0.0025369
24  1.7  0.00176347
24  1.9  0.00087879
24  1.8  0.00123224
24  2.0  0.000606687
24  2.5  0.000115782
24  3.0  2.51452e-05
24  3.5  5.38464e-06
22  11.5  9.49716e-13
22  12.0  4.56185e-13
24  4.0  1.42709e-06
24  4.5  3.9514e-07
24  5.0  1.17616e-07
24  5.5  3.72702e-08
24  6.0  1.24735e-08
24  6.5  4.38968e-09
24  7.0  1.61364e-09
24  7.5  6.16008e-10
24  8.0  2.4443e-10
24  8.5  9.99396e-11
24  9.0  4.21129e-11
24  9.5  1.82082e-11
24  11.0  1.71021e-12
24  10.0  8.06498e-12
26  0.2  0.375292
26  0.3  0.279582
26  0.4  0.202417
26  0.5  0.142923
26  0.6  0.0993327
24  10.5  3.65295e-12
26  0.7  0.0682887
26  0.9  0.0315424
26  0.8  0.0465011
26  1.0  0.0213601
26  1.1  0.0144593
26  1.2  0.00980349
26  1.3  0.00668219
26  1.4  0.00455652
26  1.5  0.0031236
26  1.6  0.00214281
26  1.7  0.00148992
26  1.8  0.00103387
26  1.9  0.000735384
26  2.0  0.000512864
26  2.5  9.45093e-05
26  3.5  4.23776e-06
26  3.0  1.95087e-05
24  11.5  8.02502e-13
26  4.0  1.17134e-06
24  12.0  3.81502e-13
26  4.5  3.20334e-07
26  5.0  9.50164e-08
26  5.5  3.00159e-08
26  7.5  4.94967e-10
26  6.0  1.00178e-08
26  6.5  3.51915e-09
26  7.0  1.29156e-09
26  8.0  1.94591e-10
26  9.5  1.46732e-11
26  8.5  7.95602e-11
26  10.0  6.40605e-12
26  9.0  3.34384e-11
28  0.2  0.318143
28  0.3  0.235984
28  0.4  0.169943
28  0.5  0.119425
26  10.5  2.88869e-12
28  0.6  0.0825241
28  0.7  0.0564009
28  0.8  0.0381903
28  0.9  0.0257771
28  1.0  0.0173712
26  11.0  1.33458e-12
28  1.1  0.01168
28  1.2  0.00787929
28  1.3  0.00537281
28  1.4  0.00364066
28  1.6  0.00172318
28  1.5  0.00248102
28  1.7  0.00120644
28  1.8  0.000824711
26  11.5  6.28325e-13
28  2.0  0.000400612
28  1.9  0.000569698
28  2.5  7.07901e-05
28  3.0  1.37523e-05
28  3.5  3.95927e-06
26  12.0  3.01139e-13
28  4.0  8.76129e-07
28  4.5  2.40179e-07
28  5.0  7.08517e-08
28  5.5  2.23028e-08
28  6.5  2.60509e-09
28  6.0  7.41615e-09
28  7.0  9.51115e-10
28  8.5  5.83133e-11
28  7.5  3.61104e-10
28  8.0  1.42626e-10
28  9.0  2.43753e-11
28  9.5  1.04993e-11
30  0.2  0.251391
28  10.0  4.63338e-12
30  0.3  0.185395
30  0.4  0.132522
30  0.5  0.0923998
30  0.6  0.0634492
30  0.7  0.0429907
30  0.8  0.0289291
28  10.5  2.09107e-12
30  0.9  0.0193444
30  1.0  0.0129484
30  1.1  0.00866657
28  11.0  9.65845e-13
30  1.2  0.00582039
30  1.3  0.00391792
30  1.6  0.00124693
30  1.4  0.00265368
30  1.5  0.0018205
30  1.7  0.00084686
30  1.8  0.000580902
30  1.9  0.000407818
30  2.5  5.04762e-05
30  2.0  0.00028439
30  3.0  9.82721e-06
30  3.5  2.71486e-06
28  11.5  4.53939e-13
30  4.0  5.95339e-07
28  12.0  2.16992e-13
30  4.5  1.60976e-07
30  5.0  4.72051e-08
30  5.5  1.47838e-08
30  6.0  4.8865e-09
30  8.0  9.28562e-11
30  6.5  1.70298e-09
30  7.0  6.20182e-10
30  8.5  3.76186e-11
30  7.5  2.35058e-10
30  9.0  1.57283e-11
30  9.5  6.74259e-12
30  10.0  2.96069e-12
32  0.2  0.180259
32  0.3  0.131822
32  0.4  0.0933894
32  0.5  0.0645447
32  0.6  0.0438064
32  0.7  0.0294255
30  10.5  1.33672e-12
32  0.8  0.0195933
32  0.9  0.0130042
32  1.0  0.00861932
32  1.1  0.00571259
32  1.2  0.0038257
32  1.3  0.00254395
30  11.0  6.15776e-13
32  1.4  0.00170894
32  1.5  0.00116685
32  1.6  0.000780509
32  1.7  0.000548921
32  1.8  0.000365157
32  1.9  0.000254225
32  2.0  0.000177373
32  3.0  5.3807e-06
32  2.5  3.11283e-05
32  3.5  1.49627e-06
30  11.5  2.88635e-13
30  12.0  1.37746e-13
32  4.0  3.46233e-07
32  4.5  9.30675e-08
32  5.0  2.70677e-08
32  5.5  8.39904e-09
32  6.0  2.76218e-09
32  6.5  9.55084e-10
32  7.0  3.45701e-10
32  7.5  1.30369e-10
32  8.0  5.09628e-11
32  8.5  2.06224e-11
32  9.0  8.60134e-12
32  11.0  3.34596e-13
32  9.5  3.67663e-12
32  10.0  1.61336e-12
4  0.2  0.603978
4  0.3  0.456282
4  0.5  0.241309
4  0.4  0.335318
32  10.5  7.24179e-13
4  0.6  0.17049
4  0.7  0.119412
4  0.8  0.082732
4  0.9  0.0570596
4  1.0  0.0393056
4  1.1  0.0270112
4  1.2  0.0186086
4  1.3  0.0128495
4  1.4  0.00896564
4  1.5  0.00618616
4  1.6  0.00430377
4  1.7  0.00301182
4  1.8  0.00213262
4  1.9  0.00150611
4  2.0  0.00106393
4  2.5  0.000207063
32  11.5  1.55451e-13
4  3.0  4.26771e-05
4  3.5  9.96784e-06
32  12.0  7.39204e-14
4  4.5  7.7034e-07
4  4.0  2.74183e-06
4  5.0  2.31649e-07
4  5.5  7.40873e-08
4  6.0  2.5006e-08
4  6.5  8.873e-09
4  7.0  3.2839e-09
4  7.5  1.2612e-09
4  8.5  2.07763e-10
4  9.5  3.85111e-11
4  8.0  5.03484e-10
4  9.0  8.75097e-11
4  10.0  1.6916e-11
6  0.2  0.599089
4  10.5  7.69631e-12
6  0.3  0.452526
6  0.4  0.332319
6  0.5  0.239012
6  0.6  0.16908
6  0.7  0.118153
6  0.8  0.0818867
6  0.9  0.0564638
6  1.0  0.0388835
4  11.0  3.57345e-12
6  1.1  0.0267114
6  1.2  0.018405
6  1.3  0.0127183
6  1.4  0.00879698
6  1.5  0.00609656
6  1.6  0.00424448
6  1.7  0.00297426
6  1.8  0.00210504
6  2.0  0.00104727
6  1.9  0.00148052
6  3.0  4.22433e-05
6  2.5  0.0002037
6  3.5  1.0165e-05
4  11.5  1.68964e-12
6  4.5  7.59562e-07
4  12.0  8.13682e-13
6  4.0  2.69953e-06
6  5.0  2.27744e-07
6  5.5  7.28672e-08
6  6.0  2.46197e-08
6  6.5  8.72533e-09
6  7.5  1.23775e-09
6  7.0  3.22854e-09
6  8.5  2.0403e-10
6  8.0  4.94904e-10
6  10.0  1.6317e-11
6  9.0  8.59929e-11
6  9.5  3.74181e-11
8  0.2  0.591801
6  10.5  7.56829e-12
8  0.3  0.446845
8  0.4  0.3282
8  0.5  0.235783
8  0.6  0.166758
8  0.7  0.116509
8  0.8  0.0806853
8  0.9  0.0555551
8  1.0  0.0382833
8  1.1  0.0262953
8  1.2  0.0181256
8  1.3  0.0125005
6  11.0  3.50878e-12
8  1.4  0.00864417
8  1.5  0.00600241
8  1.7  0.00295567
8  1.6  0.00417698
8  1.8  0.00206501
8  1.9  0.00145471
8  2.0  0.00103146
8  2.5  0.000200237
6  11.5  1.66057e-12
8  3.0  4.17408e-05
8  3.5  1.08771e-05
6  12.0  7.989e-13
8  4.0  2.63919e-06
8  4.5  7.39899e-07
8  5.0  2.22314e-07
8  6.0  2.40664e-08
8  5.5  7.11409e-08
8  8.0  4.82593e-10
8  6.5  8.51596e-09
8  7.0  3.15204e-09
8  8.5  1.99195e-10
8  7.5  1.21107e-09
8  9.5  3.66927e-11
8  9.0  8.38582e-11
8  10.0  1.62945e-11
8  10.5  7.37566e-12
8  11.0  3.4193e-12
8  11.5  1.61691e-12
8  12.0  7.7815e-13
