# exclusive D0 cross section, Pb target, HymnD fragmentation, An0n channel
# generated      : 2026-08-20 11:02:18 EEST
# calls          : 1e5 below 4.0 GeV, 2e3 above (see EXCL_PT_THRESHOLD) (VEGAS calls per point, see CALLS_EXCL/CALLS_EXCL_FACTORIZED/CALLS_DIFF)
# dipole samples : data/Pb/bk_posterior/member_0034/glauber_mve_<b>
# pD0 sweep      : 0.2 0.3 0.4 0.5 0.6 0.7 0.8 0.9 1.0 1.1 1.2 1.3 1.4 1.5 1.6 1.7 1.8 1.9 2.0 2.5 3.0 3.5 4.0 4.5 5.0 5.5 6.0 6.5 7.0 7.5 8.0 8.5 9.0 9.5 10.0 10.5 11.0 11.5 12.0
# fixed rapidity y : -1.0
# ============================================================
# b  pD0  dsigma_dyd2pD0
0  0.5  1.45683
0  0.3  2.46554
0  0.2  3.05161
0  0.4  1.92364
0  0.6  1.07983
0  0.7  0.787212
0  0.8  0.569854
0  0.9  0.410636
0  1.1  0.212626
0  1.0  0.29505
0  1.2  0.153367
0  1.3  0.110635
0  1.5  0.0588424
0  1.4  0.0795842
0  1.6  0.0439112
0  1.9  0.0182611
0  1.7  0.0317698
0  1.8  0.023853
0  2.0  0.0137321
0  2.5  0.00340447
0  3.0  0.00074143
0  3.5  -1.82928e-05
0  4.0  0.000103525
0  4.5  3.92378e-05
0  5.0  1.60413e-05
0  5.5  7.08929e-06
0  6.0  3.34091e-06
0  6.5  1.62775e-06
0  7.0  8.43773e-07
0  7.5  4.5732e-07
0  8.0  2.58403e-07
0  9.0  8.9031e-08
0  8.5  1.49352e-07
0  10.0  3.47515e-08
0  10.5  2.23439e-08
0  9.5  5.55752e-08
10  0.2  2.8781
10  0.3  2.3224
10  0.4  1.80645
10  0.5  1.36594
10  0.6  1.00861
10  0.7  0.7337
10  0.8  0.530376
0  11.0  1.51911e-08
10  0.9  0.380981
10  1.0  0.273799
10  1.1  0.195921
10  1.2  0.140712
10  1.3  0.102438
10  1.4  0.0732471
10  1.5  0.0551647
10  1.6  0.0390467
10  1.7  0.0293141
10  1.8  0.021765
10  1.9  0.01605
10  2.0  0.0125001
0  11.5  1.02617e-08
10  2.5  0.00286696
10  3.5  0.000167545
10  3.0  0.00101025
0  12.0  7.06948e-09
10  4.0  9.37594e-05
10  4.5  3.55565e-05
10  5.0  1.45137e-05
10  5.5  6.41873e-06
10  6.5  1.47189e-06
10  6.0  3.02101e-06
10  7.0  7.66505e-07
10  7.5  4.13558e-07
10  8.0  2.32269e-07
10  8.5  1.34706e-07
10  9.0  8.05115e-08
10  10.0  3.17074e-08
10  9.5  5.03205e-08
12  0.2  2.8001
12  0.3  2.25597
12  0.4  1.75322
10  10.5  2.05014e-08
10  12.0  6.29102e-09
12  0.5  1.32423
12  0.6  0.976991
12  0.7  0.710938
12  0.8  0.513223
12  0.9  0.36815
12  1.0  0.263383
10  11.0  1.37517e-08
12  1.1  0.189516
12  1.2  0.135956
12  1.3  0.0976946
12  1.4  0.0723958
12  1.5  0.0525588
12  1.6  0.0379595
12  1.8  0.0204591
12  1.7  0.0282337
12  1.9  0.0155625
12  2.0  0.0120573
12  2.5  0.00298453
10  11.5  9.19543e-09
12  3.0  0.000940142
12  3.5  0.000300975
12  4.0  8.98022e-05
12  4.5  3.39092e-05
12  5.0  1.38933e-05
12  5.5  6.12144e-06
12  6.0  2.87855e-06
12  6.5  1.40445e-06
12  7.0  7.25575e-07
12  7.5  3.94226e-07
12  8.0  2.21364e-07
12  8.5  1.28419e-07
12  10.0  3.01482e-08
12  10.5  1.92201e-08
12  9.0  7.75833e-08
12  9.5  4.786e-08
14  0.2  2.70271
14  0.3  2.17647
12  11.0  1.29131e-08
14  0.4  1.69107
14  0.5  1.27381
12  12.0  5.99488e-09
14  0.6  0.939103
14  0.7  0.68177
14  0.8  0.490996
14  0.9  0.351051
14  1.0  0.251506
14  1.1  0.180776
14  1.2  0.130188
14  1.3  0.0935701
14  1.4  0.067066
14  1.5  0.049735
14  1.6  0.0361695
14  1.7  0.0268939
14  1.8  0.0201755
14  1.9  0.0150991
14  2.0  0.0113129
14  2.5  0.00238035
14  3.5  0.000298523
14  3.0  0.000871496
12  11.5  8.76823e-09
14  4.0  8.4812e-05
14  4.5  3.19473e-05
14  5.0  1.31319e-05
14  5.5  5.7711e-06
14  7.0  6.88163e-07
14  6.0  2.71234e-06
14  6.5  1.32298e-06
14  7.5  3.71277e-07
14  9.5  4.45167e-08
14  8.0  2.0779e-07
14  9.0  7.20286e-08
14  10.0  2.84342e-08
14  8.5  1.20936e-07
14  10.5  1.80859e-08
14  11.5  8.13902e-09
16  0.2  2.5858
14  11.0  1.21725e-08
16  0.3  2.0802
14  12.0  5.66223e-09
16  0.4  1.61303
16  0.5  1.21324
16  0.6  0.891993
16  0.7  0.646349
16  0.8  0.464347
16  0.9  0.332664
16  1.0  0.237883
16  1.1  0.169895
16  1.2  0.122598
16  1.3  0.0889835
16  1.4  0.06416
16  1.5  0.0469721
16  1.6  0.0343305
16  1.7  0.0257346
16  1.8  0.0186872
16  1.9  0.0139937
16  2.0  0.0105292
16  2.5  0.00226414
16  3.0  0.000556414
16  3.5  0.000123326
16  4.0  7.88946e-05
16  4.5  2.96727e-05
16  5.0  1.21274e-05
16  5.5  5.36152e-06
16  6.5  1.22827e-06
16  6.0  2.51663e-06
16  7.0  6.40893e-07
16  7.5  3.45165e-07
16  8.0  1.93392e-07
16  8.5  1.1251e-07
16  9.0  6.77255e-08
16  10.5  1.68183e-08
16  9.5  4.15927e-08
16  10.0  2.62245e-08
16  11.5  7.54195e-09
18  0.2  2.44727
18  0.3  1.96483
18  0.4  1.52078
18  0.5  1.1416
18  0.6  0.838042
18  0.7  0.605648
18  0.8  0.434522
16  12.0  5.27968e-09
18  0.9  0.310065
18  1.0  0.222157
18  1.1  0.158096
18  1.2  0.114109
16  11.0  1.13844e-08
18  1.3  0.0816799
18  1.4  0.0593618
18  1.5  0.0421156
18  1.7  0.0229156
18  1.6  0.0311631
18  1.8  0.0172001
18  1.9  0.0125179
18  2.5  0.00213173
18  2.0  0.00974983
18  3.0  0.000899873
18  3.5  0.000276927
18  4.0  7.16538e-05
18  4.5  2.70871e-05
18  5.0  1.1077e-05
18  5.5  4.88603e-06
18  6.5  1.11997e-06
18  6.0  2.29546e-06
18  7.0  5.77991e-07
18  7.5  3.15007e-07
18  8.0  1.76444e-07
18  8.5  1.0264e-07
18  9.0  6.16137e-08
18  9.5  3.79629e-08
18  11.0  1.0274e-08
18  10.0  2.42744e-08
18  10.5  1.55151e-08
2  0.2  3.04611
2  0.3  2.45967
2  0.4  1.9197
2  0.5  1.45326
2  0.6  1.07433
2  0.7  0.785152
2  0.8  0.569036
2  0.9  0.409116
2  1.0  0.294344
2  1.1  0.211365
2  1.2  0.152883
2  1.3  0.109586
2  1.4  0.0804341
2  1.5  0.0581041
2  1.6  0.0426798
2  1.7  0.0318066
2  1.8  0.0235967
2  2.0  0.0134421
2  1.9  0.0182604
2  2.5  0.00333397
18  11.5  6.95795e-09
2  3.5  0.000191862
2  3.0  0.0010714
18  12.0  4.85926e-09
2  4.0  0.000103161
2  4.5  3.90903e-05
2  5.0  1.59782e-05
2  5.5  7.06252e-06
2  6.0  3.32898e-06
2  6.5  1.62159e-06
2  7.0  8.40577e-07
2  7.5  4.55567e-07
2  8.0  2.5664e-07
2  8.5  1.48392e-07
2  10.0  3.45931e-08
2  9.0  8.92481e-08
2  9.5  5.52114e-08
2  10.5  2.25009e-08
20  0.2  2.28103
20  0.3  1.82714
2  11.5  1.00208e-08
20  0.4  1.41101
20  0.5  1.05674
20  0.6  0.773916
20  0.7  0.558482
20  0.8  0.398922
20  0.9  0.284505
20  1.0  0.202499
20  1.1  0.144037
20  1.2  0.103065
20  1.3  0.0737132
20  1.4  0.0529486
20  1.5  0.0391582
20  1.6  0.0279884
20  1.7  0.0208099
2  11.0  1.51424e-08
20  1.8  0.0154859
20  1.9  0.0115923
20  2.0  0.00871391
20  2.5  0.00193514
20  3.5  0.000122263
20  3.0  0.000458982
2  12.0  7.0715e-09
20  4.0  6.39946e-05
20  5.0  9.92181e-06
20  4.5  2.41372e-05
20  5.5  4.35258e-06
20  7.5  2.78948e-07
20  6.0  2.04532e-06
20  6.5  9.97378e-07
20  7.0  5.14264e-07
20  9.5  3.38005e-08
20  8.0  1.56869e-07
20  8.5  9.11664e-08
20  9.0  5.49127e-08
20  11.0  9.13611e-09
20  10.0  2.1486e-08
22  0.2  2.08596
20  10.5  1.39886e-08
22  0.3  1.66534
22  0.4  1.28302
22  0.5  0.957364
22  0.6  0.698093
22  0.7  0.501632
22  0.8  0.3581
22  0.9  0.254507
22  1.0  0.180428
22  1.1  0.128488
22  1.2  0.0918522
20  11.5  6.2103e-09
22  1.4  0.0479261
22  1.3  0.0649222
22  1.5  0.0347227
22  1.6  0.0247943
22  1.7  0.0187911
22  1.9  0.0101696
22  1.8  0.0135254
22  2.0  0.00787604
22  2.5  0.00173779
20  12.0  4.3377e-09
22  3.0  0.000490216
22  3.5  0.00019675
22  4.0  5.54144e-05
22  4.5  2.08766e-05
22  5.0  8.58508e-06
22  5.5  3.77013e-06
22  6.0  1.76412e-06
22  6.5  8.65131e-07
22  7.0  4.46827e-07
22  7.5  2.41739e-07
22  8.0  1.35555e-07
22  9.0  4.68368e-08
22  9.5  2.89311e-08
22  8.5  7.85772e-08
22  10.0  1.83711e-08
22  10.5  1.19531e-08
22  11.0  7.88784e-09
24  0.2  1.85239
22  12.0  3.70067e-09
24  0.3  1.47539
24  0.4  1.1317
24  0.5  0.839567
24  0.6  0.610984
24  0.7  0.436895
24  0.8  0.310315
24  0.9  0.219456
24  1.0  0.155247
24  1.1  0.110094
24  1.2  0.0779415
24  1.3  0.0555523
24  1.4  0.039564
24  1.5  0.0284704
24  1.6  0.0211632
24  1.7  0.0158758
24  1.8  0.0113555
22  11.5  5.38465e-09
24  1.9  0.00833964
24  2.0  0.00662187
24  2.5  0.00137747
24  3.0  0.000352347
24  3.5  2.65373e-05
24  5.5  3.10278e-06
24  4.0  4.61925e-05
24  4.5  1.74983e-05
24  5.0  7.10197e-06
24  6.0  1.46062e-06
24  7.0  3.6661e-07
24  6.5  7.14473e-07
24  7.5  1.992e-07
24  9.0  3.86865e-08
24  8.5  6.42719e-08
24  8.0  1.12256e-07
24  9.5  2.3948e-08
24  10.0  1.50891e-08
24  11.0  6.50254e-09
26  0.2  1.57549
24  10.5  9.96426e-09
26  0.3  1.24824
26  0.4  0.953463
26  0.5  0.704157
26  0.6  0.508713
26  0.7  0.361589
26  0.8  0.25533
26  0.9  0.179648
26  1.0  0.126965
24  11.5  4.44051e-09
26  1.1  0.0891943
26  1.2  0.0637183
26  1.3  0.0446664
26  1.4  0.0325326
26  1.5  0.0228039
26  1.7  0.0122679
24  12.0  3.05956e-09
26  1.6  0.0165576
26  1.8  0.00922076
26  1.9  0.00682569
26  2.0  0.00503457
26  2.5  0.0010642
26  3.0  0.000220819
26  3.5  -7.39346e-06
26  4.0  3.59078e-05
26  4.5  1.34324e-05
26  5.0  5.52064e-06
26  5.5  2.4225e-06
26  6.0  1.13274e-06
26  7.0  2.84183e-07
26  6.5  5.53699e-07
26  7.5  1.55046e-07
26  9.0  2.98438e-08
26  8.5  4.98101e-08
26  8.0  8.6531e-08
26  9.5  1.84509e-08
26  10.0  1.1885e-08
26  10.5  7.68123e-09
28  0.2  1.25463
28  0.3  0.989678
28  0.4  0.749316
26  12.0  2.36103e-09
28  0.5  0.54979
26  11.0  5.09165e-09
28  0.6  0.394135
28  0.7  0.278265
28  0.8  0.194876
26  11.5  3.43066e-09
28  0.9  0.136668
28  1.0  0.095934
28  1.1  0.0669978
28  1.2  0.0473363
28  1.3  0.0339827
28  1.4  0.0237295
28  1.6  0.0126128
28  1.5  0.0168204
28  1.7  0.0091396
28  1.8  0.00665521
28  1.9  0.00503037
28  2.0  0.00378615
28  2.5  0.000744192
28  3.0  0.000278481
28  3.5  0.000155341
28  4.5  9.60038e-06
28  4.0  2.55424e-05
28  5.0  3.89262e-06
28  5.5  1.71207e-06
28  7.0  2.01697e-07
28  6.0  7.99181e-07
28  6.5  3.91441e-07
28  8.5  3.51947e-08
28  9.0  2.1012e-08
28  7.5  1.0919e-07
28  8.0  6.09004e-08
28  10.0  8.21354e-09
28  9.5  1.31104e-08
28  10.5  5.341e-09
28  11.0  3.55342e-09
30  0.2  0.905663
30  0.3  0.709271
30  0.4  0.532354
30  0.5  0.386296
30  0.6  0.274095
30  0.7  0.191929
30  0.8  0.133315
30  0.9  0.0927881
30  1.0  0.0644712
30  1.1  0.0449383
30  1.2  0.0312672
30  1.3  0.022469
30  1.4  0.0155291
30  1.5  0.0113693
28  12.0  1.66182e-09
30  1.6  0.00800824
30  1.9  0.00326285
28  11.5  2.41314e-09
30  1.7  0.00594991
30  1.8  0.00434659
30  2.0  0.00244216
30  2.5  0.000557971
30  3.5  0.000140676
30  3.0  0.000118979
30  4.0  1.59183e-05
30  4.5  5.95664e-06
30  5.0  2.42166e-06
30  5.5  1.05854e-06
30  7.0  1.23617e-07
30  7.5  6.66051e-08
30  6.0  4.92242e-07
30  8.0  3.69783e-08
30  6.5  2.41436e-07
30  8.5  2.1733e-08
30  9.0  1.30176e-08
30  9.5  8.07155e-09
30  11.0  2.17236e-09
30  10.0  5.11273e-09
32  0.2  0.570934
32  0.3  0.442541
32  0.4  0.328536
32  0.5  0.235637
30  10.5  3.29926e-09
30  12.0  1.00567e-09
32  0.6  0.16521
32  0.7  0.114229
32  0.8  0.0787296
32  0.9  0.0539757
32  1.0  0.0371476
32  1.1  0.0258148
32  1.2  0.0177242
32  1.3  0.0127061
32  1.4  0.00883529
32  1.5  0.00639228
32  1.6  0.0044352
32  1.7  0.00325955
32  1.8  0.00244061
32  1.9  0.00176396
32  2.0  0.0012941
32  2.5  0.000312297
30  11.5  1.48452e-09
32  3.5  5.79025e-05
32  3.0  4.15566e-05
32  5.5  5.46707e-07
32  4.0  8.29668e-06
32  4.5  3.09717e-06
32  5.0  1.25387e-06
32  6.0  2.53258e-07
32  6.5  1.23281e-07
32  8.0  1.88903e-08
32  7.0  6.38156e-08
32  7.5  3.43206e-08
32  9.5  4.07067e-09
32  8.5  1.10922e-08
32  9.0  6.63443e-09
32  10.0  2.5706e-09
32  10.5  1.65858e-09
34  0.2  0.306922
32  11.0  1.1092e-09
34  0.3  0.23496
34  0.4  0.17214
34  0.5  0.121721
34  0.6  0.0840173
34  0.7  0.0574061
34  0.8  0.0389821
34  0.9  0.026545
34  1.0  0.0180538
34  1.1  0.0124444
34  1.2  0.0085542
34  1.3  0.00601055
34  1.4  0.00427304
34  1.5  0.00298136
34  1.6  0.00211555
34  1.7  0.00149759
34  1.9  0.000816772
34  1.8  0.00111544
32  12.0  5.17889e-10
34  2.0  0.000605064
34  2.5  9.99689e-05
34  3.5  9.58234e-06
34  3.0  4.58697e-05
32  11.5  7.56008e-10
34  5.5  2.31729e-07
34  4.0  3.56809e-06
34  4.5  1.31922e-06
34  5.0  5.35141e-07
34  6.5  5.13715e-08
34  7.5  1.40463e-08
34  6.0  1.06537e-07
34  7.0  2.65368e-08
34  8.0  7.97191e-09
34  8.5  4.59751e-09
34  9.5  1.68364e-09
34  9.0  2.75774e-09
34  10.0  1.06527e-09
34  11.0  4.59081e-10
34  10.5  6.92832e-10
4  0.2  3.02423
4  0.3  2.444
4  0.4  1.9054
4  0.5  1.44247
4  0.6  1.0657
4  0.8  0.564137
4  0.7  0.779152
4  0.9  0.406219
34  11.5  3.13425e-10
4  1.0  0.291242
4  1.1  0.209995
4  1.2  0.150441
4  1.3  0.109388
4  1.4  0.080722
4  1.5  0.0572494
4  1.6  0.0422339
4  1.8  0.0233399
4  1.7  0.031337
4  1.9  0.0176388
4  2.0  0.0134596
4  2.5  0.00336847
4  3.5  0.000252158
4  3.0  0.000844769
34  12.0  2.16997e-10
4  4.0  0.00010205
4  4.5  3.86556e-05
4  5.0  1.57963e-05
4  5.5  6.98191e-06
4  6.0  3.28994e-06
4  6.5  1.60303e-06
4  7.0  8.31464e-07
4  7.5  4.50347e-07
4  8.0  2.53823e-07
4  8.5  1.46705e-07
4  10.5  2.20324e-08
4  9.0  8.84349e-08
4  10.0  3.42014e-08
4  9.5  5.48227e-08
6  0.2  2.99035
6  0.3  2.41588
6  0.4  1.88507
6  0.5  1.42286
6  0.6  1.05358
6  0.7  0.769006
6  0.8  0.555289
6  0.9  0.399546
6  1.0  0.287127
6  1.1  0.206163
6  1.2  0.148237
6  1.3  0.107861
6  1.4  0.0775511
4  12.0  6.89591e-09
6  1.5  0.0577328
4  11.0  1.49635e-08
6  1.6  0.0412583
6  1.8  0.0233372
6  1.7  0.0319554
6  1.9  0.0171803
6  2.0  0.0134028
6  2.5  0.00309774
6  3.0  0.00106415
4  11.5  9.99832e-09
6  3.5  0.000206182
6  4.0  0.00010043
6  4.5  3.79223e-05
6  5.0  1.54893e-05
6  5.5  6.84394e-06
6  6.0  3.22604e-06
6  6.5  1.57275e-06
6  7.0  8.15434e-07
6  7.5  4.41599e-07
6  8.0  2.48091e-07
6  10.0  3.38665e-08
6  8.5  1.43879e-07
6  10.5  2.15261e-08
6  9.0  8.68279e-08
6  9.5  5.37337e-08
8  0.2  2.94237
6  11.5  9.69567e-09
8  0.3  2.37562
8  0.4  1.85043
8  0.5  1.39985
8  0.6  1.0355
8  0.7  0.752554
8  0.8  0.544487
8  0.9  0.392198
8  1.0  0.281841
8  1.1  0.202096
6  11.0  1.45286e-08
8  1.2  0.144994
8  1.3  0.105501
8  1.4  0.076776
8  1.5  0.0551081
8  1.6  0.040697
8  1.7  0.0300548
8  1.8  0.0225185
8  1.9  0.0163858
8  2.0  0.0128904
8  2.5  0.00313493
8  3.0  0.000741488
8  3.5  4.36821e-05
6  12.0  6.84617e-09
8  4.0  9.72594e-05
8  4.5  3.68777e-05
8  5.0  1.50626e-05
8  5.5  6.6615e-06
8  6.0  3.13531e-06
8  6.5  1.52935e-06
8  7.0  7.92911e-07
8  7.5  4.29411e-07
8  8.0  2.39112e-07
8  8.5  1.39842e-07
8  10.0  3.2914e-08
8  10.5  2.09814e-08
8  9.0  8.44306e-08
8  9.5  5.21757e-08
8  12.0  6.52958e-09
8  11.0  1.42663e-08
8  11.5  9.61917e-09
