# exclusive D0 cross section, Pb target, LHAPDF fragmentation, An0n channel
# generated      : 2026-08-19 15:24:08 EEST
# calls          : 1e5 below 4.0 GeV, 2e3 above (see EXCL_PT_THRESHOLD) (VEGAS calls per point, see CALLS_EXCL/CALLS_EXCL_FACTORIZED/CALLS_DIFF)
# dipole samples : data/Pb/bk_posterior/member_0034/glauber_mve_<b>
# pD0 sweep      : 0.2 0.3 0.4 0.5 0.6 0.7 0.8 0.9 1.0 1.1 1.2 1.3 1.4 1.5 1.6 1.7 1.8 1.9 2.0 2.5 3.0 3.5 4.0 4.5 5.0 5.5 6.0 6.5 7.0 7.5 8.0 8.5 9.0 9.5 10.0 10.5 11.0 11.5 12.0
# fixed rapidity y : 3.0
# ============================================================
# b  pD0  dsigma_dyd2pD0
0  0.4  0.322397
0  0.5  0.238594
0  0.2  0.532
0  0.3  0.422189
0  0.6  0.172503
0  0.9  0.0609472
0  0.7  0.123035
0  0.8  0.0867704
0  1.0  0.0426524
0  1.1  0.0299028
0  1.2  0.0209453
0  1.5  0.00746352
0  1.3  0.0147499
0  1.4  0.0104033
0  1.7  0.00375969
0  1.6  0.00526638
0  1.8  0.00270957
0  1.9  0.0019667
0  2.0  0.0014189
0  2.5  0.000306801
0  3.0  6.83449e-05
0  3.5  1.88284e-05
0  4.5  1.58591e-06
0  4.0  5.25236e-06
0  5.0  5.0771e-07
0  5.5  1.72065e-07
0  6.0  6.13388e-08
0  6.5  2.28167e-08
0  7.0  8.84927e-09
0  7.5  3.55203e-09
0  9.0  2.77979e-10
0  9.5  1.23785e-10
0  8.0  1.47047e-09
0  8.5  6.27103e-10
0  10.5  2.65511e-11
10  0.2  0.510118
0  10.0  5.65822e-11
10  0.3  0.404117
10  0.4  0.308028
10  0.5  0.227761
10  0.6  0.164421
10  0.7  0.116972
10  0.8  0.0824007
10  0.9  0.0577429
10  1.0  0.0403602
10  1.1  0.0282197
10  1.2  0.0197666
10  1.3  0.0138961
10  1.4  0.00980477
10  1.5  0.00701361
10  1.6  0.00497218
10  1.8  0.00253672
10  1.7  0.00352732
10  1.9  0.00183226
10  2.0  0.0013414
10  2.5  0.000283546
10  3.0  6.48425e-05
10  3.5  1.72552e-05
0  11.0  1.2645e-11
0  11.5  6.145e-12
10  5.0  4.71038e-07
0  12.0  3.03042e-12
10  4.0  4.85184e-06
10  4.5  1.45742e-06
10  5.5  1.58268e-07
10  6.0  5.63604e-08
10  6.5  2.0937e-08
10  8.5  5.76187e-10
10  7.0  8.10742e-09
10  7.5  3.25665e-09
10  9.5  1.13134e-10
10  8.0  1.34596e-09
10  9.0  2.51423e-10
10  11.0  1.16114e-11
12  0.2  0.499846
10  10.0  5.16708e-11
12  0.3  0.395996
12  0.4  0.301646
12  0.5  0.22275
12  0.6  0.160672
12  0.7  0.114042
10  10.5  2.41864e-11
12  0.8  0.0803903
12  0.9  0.0562741
12  1.0  0.0392597
12  1.1  0.0274457
12  1.2  0.0192385
12  1.3  0.013506
12  1.4  0.00958468
12  1.5  0.00681184
12  1.6  0.00478014
12  1.7  0.00345973
12  1.8  0.00245122
12  1.9  0.0017832
12  2.0  0.00128529
12  2.5  0.000275473
12  3.0  6.12919e-05
12  3.5  1.70231e-05
10  11.5  5.60577e-12
12  5.0  4.53671e-07
10  12.0  2.76468e-12
12  4.5  1.40696e-06
12  4.0  4.67281e-06
12  5.5  1.52092e-07
12  6.0  5.41038e-08
12  6.5  2.01075e-08
12  8.0  1.30196e-09
12  7.0  7.77912e-09
12  8.5  5.5718e-10
12  7.5  3.12622e-09
12  9.5  1.08435e-10
12  9.0  2.41073e-10
12  10.5  2.3364e-11
12  11.0  1.10782e-11
14  0.2  0.487326
12  10.0  4.94601e-11
14  0.3  0.385718
14  0.4  0.293607
14  0.5  0.216475
14  0.6  0.156069
14  0.7  0.110747
14  0.8  0.0779025
14  0.9  0.054474
14  1.0  0.0380304
14  1.1  0.0265789
14  1.2  0.0186173
14  1.4  0.00924039
14  1.3  0.0130307
14  1.5  0.00655843
14  1.6  0.00463987
14  1.7  0.00328535
14  1.8  0.00235551
14  1.9  0.001714
14  2.0  0.00123046
14  2.5  0.000261269
14  3.0  5.85283e-05
14  3.5  1.72484e-05
12  11.5  5.36518e-12
12  12.0  2.64627e-12
14  5.0  4.30508e-07
14  4.5  1.34044e-06
14  4.0  4.45151e-06
14  5.5  1.44563e-07
14  6.0  5.14741e-08
14  6.5  1.91078e-08
14  7.0  7.38538e-09
14  7.5  2.95904e-09
14  8.0  1.2257e-09
14  8.5  5.22224e-10
14  9.0  2.28501e-10
14  10.0  4.67864e-11
14  9.5  1.02398e-10
16  0.2  0.472091
16  0.3  0.373638
16  0.4  0.283987
14  10.5  2.19825e-11
16  0.5  0.209025
16  0.6  0.150508
16  0.7  0.106715
16  0.8  0.0749109
16  0.9  0.0523639
16  1.0  0.0365534
16  1.1  0.0254095
16  1.2  0.0177708
16  1.3  0.0124621
16  1.4  0.008828
16  1.5  0.00622332
16  1.6  0.00438794
16  1.7  0.00316954
16  1.8  0.00224233
16  1.9  0.00161546
14  11.0  1.04784e-11
16  2.0  0.00118611
14  11.5  5.09134e-12
16  2.5  0.000247198
16  3.0  5.68815e-05
16  3.5  1.65791e-05
14  12.0  2.50671e-12
16  4.5  1.26212e-06
16  4.0  4.19561e-06
16  5.0  4.02292e-07
16  5.5  1.35993e-07
16  6.5  1.79739e-08
16  6.0  4.83524e-08
16  7.0  6.93613e-09
16  7.5  2.77642e-09
16  9.0  2.15953e-10
16  8.0  1.14806e-09
16  10.0  4.3883e-11
16  8.5  4.90281e-10
16  9.5  9.57949e-11
18  0.2  0.453702
18  0.3  0.358211
18  0.4  0.272074
18  0.5  0.200091
18  0.6  0.143833
18  0.7  0.101785
18  0.8  0.0712903
18  0.9  0.0498424
18  1.0  0.0346665
18  1.1  0.0241221
16  10.5  2.05218e-11
18  1.2  0.016847
16  11.0  9.77997e-12
18  1.3  0.0117871
18  1.4  0.00834141
18  1.5  0.00585859
18  1.6  0.00414651
18  1.8  0.00212313
18  1.7  0.00298125
18  1.9  0.00152697
18  2.0  0.00110011
18  2.5  0.000230742
18  3.0  5.1426e-05
18  3.5  1.43161e-05
16  11.5  4.74168e-12
16  12.0  2.34134e-12
18  4.5  1.17086e-06
18  5.5  1.26035e-07
18  4.0  3.8995e-06
18  5.0  3.73141e-07
18  6.5  1.65976e-08
18  7.0  6.40188e-09
18  6.0  4.46556e-08
18  7.5  2.55891e-09
18  8.0  1.05867e-09
18  8.5  4.5041e-10
18  10.0  4.04328e-11
18  9.0  1.9711e-10
18  9.5  8.82005e-11
2  0.2  0.531091
18  10.5  1.89179e-11
2  0.3  0.421477
2  0.4  0.321931
2  0.5  0.238174
2  0.6  0.172187
2  0.7  0.122667
2  0.8  0.0865618
2  0.9  0.0608242
2  1.0  0.042585
2  1.1  0.029815
2  1.2  0.0208966
2  1.3  0.0147134
2  1.4  0.0103942
2  1.5  0.00735912
2  1.6  0.00525376
2  1.7  0.00379197
2  1.8  0.00270642
2  1.9  0.00194167
2  2.5  0.000306278
2  2.0  0.00141409
2  3.0  6.80858e-05
2  3.5  1.87454e-05
18  11.0  9.00759e-12
18  11.5  4.35641e-12
18  12.0  2.15105e-12
2  4.5  1.58206e-06
2  4.0  5.23683e-06
2  5.0  5.0612e-07
2  5.5  1.71534e-07
2  6.0  6.11473e-08
2  6.5  2.27738e-08
2  7.0  8.82017e-09
2  9.0  2.77043e-10
2  7.5  3.53611e-09
2  8.0  1.46576e-09
2  9.5  1.2336e-10
2  8.5  6.25654e-10
2  10.5  2.64567e-11
20  0.2  0.431412
20  0.3  0.340623
20  0.4  0.257912
2  10.0  5.63982e-11
20  0.5  0.189313
2  11.5  6.00612e-12
20  0.6  0.135831
20  0.7  0.0959565
20  0.9  0.0466844
20  0.8  0.0671236
20  1.0  0.032497
20  1.1  0.0225678
20  1.2  0.0157216
20  1.3  0.0109908
20  1.5  0.00547792
20  1.4  0.00773648
20  1.6  0.00387885
20  1.7  0.00274153
20  1.8  0.00195874
20  1.9  0.00142057
20  2.0  0.00104365
2  11.0  1.25963e-11
20  2.5  0.000213753
20  3.0  4.68313e-05
20  3.5  1.25374e-05
2  12.0  3.01889e-12
20  4.5  1.06707e-06
20  4.0  3.56555e-06
20  5.0  3.39116e-07
20  7.0  5.82815e-09
20  5.5  1.14308e-07
20  6.5  1.50492e-08
20  6.0  4.05457e-08
20  8.0  9.68951e-10
20  7.5  2.31522e-09
20  9.0  1.7837e-10
20  8.5  4.07641e-10
20  9.5  7.95871e-11
20  10.0  3.65046e-11
20  10.5  1.70335e-11
22  0.2  0.404338
22  0.3  0.318592
22  0.4  0.240898
22  0.5  0.176457
22  0.6  0.126183
22  0.7  0.0889348
22  0.8  0.061995
22  0.9  0.043112
22  1.0  0.0299035
22  1.1  0.0207193
22  1.2  0.0144198
22  1.4  0.00711107
22  1.3  0.010052
20  11.0  8.10235e-12
22  1.5  0.00501131
22  1.6  0.00351305
22  1.8  0.00177602
22  1.7  0.00249653
22  1.9  0.00127517
22  2.0  0.000918847
22  3.0  4.38618e-05
22  2.5  0.000193421
22  3.5  1.22135e-05
20  11.5  3.92594e-12
22  4.5  9.48013e-07
20  12.0  1.93435e-12
22  4.0  3.16695e-06
22  5.0  3.00597e-07
22  5.5  1.01522e-07
22  6.5  1.33472e-08
22  7.0  5.12052e-09
22  7.5  2.04127e-09
22  6.0  3.57694e-08
22  8.0  8.44129e-10
22  8.5  3.57668e-10
22  9.0  1.5598e-10
22  9.5  6.97379e-11
22  10.0  3.16947e-11
24  0.2  0.371401
22  10.5  1.48022e-11
24  0.3  0.291786
24  0.4  0.220106
24  0.6  0.114483
24  0.5  0.160717
24  0.7  0.0804459
24  0.8  0.0559973
24  0.9  0.0387288
24  1.0  0.0267993
24  1.1  0.0185374
24  1.2  0.012853
24  1.3  0.00894426
24  1.4  0.00624569
24  1.5  0.00439835
22  11.0  7.08328e-12
24  1.6  0.00309025
24  1.7  0.00220852
24  1.8  0.00156233
24  2.0  0.000809113
24  1.9  0.00112301
24  2.5  0.00016885
24  3.0  3.795e-05
24  3.5  1.10447e-05
22  11.5  3.43038e-12
22  12.0  1.68912e-12
24  4.5  8.11984e-07
24  4.0  2.72875e-06
24  5.0  2.5695e-07
24  5.5  8.6148e-08
24  7.0  4.33404e-09
24  6.0  3.04397e-08
24  6.5  1.1256e-08
24  8.0  7.19191e-10
24  7.5  1.7251e-09
24  8.5  3.01695e-10
24  9.0  1.3153e-10
24  9.5  5.87722e-11
24  10.0  2.6889e-11
26  0.2  0.330667
26  0.3  0.259134
26  0.4  0.19465
26  0.5  0.141502
26  0.6  0.100399
26  0.7  0.0702592
26  0.8  0.0486409
26  0.9  0.0335535
26  1.0  0.0230873
26  1.1  0.0159396
24  10.5  1.25195e-11
26  1.2  0.0110095
26  1.3  0.00764192
26  1.4  0.00531354
26  1.5  0.00375914
26  1.6  0.00264995
26  1.7  0.00185916
26  1.8  0.00132419
24  11.0  5.95156e-12
26  2.0  0.000683275
26  1.9  0.000944208
26  3.0  3.04965e-05
26  2.5  0.000140363
26  3.5  8.34474e-06
24  11.5  2.87701e-12
24  12.0  1.41679e-12
26  4.0  2.22487e-06
26  4.5  6.58197e-07
26  5.5  6.97971e-08
26  5.0  2.08271e-07
26  6.5  9.057e-09
26  7.5  1.39483e-09
26  6.0  2.45195e-08
26  8.0  5.76095e-10
26  7.0  3.47129e-09
26  8.5  2.40807e-10
26  9.0  1.0471e-10
26  9.5  4.67518e-11
26  10.0  2.13347e-11
28  0.2  0.281101
28  0.3  0.219287
28  0.4  0.163906
28  0.5  0.118517
26  11.0  4.73624e-12
28  0.6  0.0836593
28  0.7  0.0581265
28  0.9  0.0275084
28  0.8  0.0400779
28  1.0  0.0188327
28  1.1  0.0129287
26  10.5  9.92698e-12
28  1.2  0.00887837
28  1.3  0.00614878
28  1.5  0.00296888
28  1.4  0.0042506
28  1.6  0.00207766
28  1.7  0.00149456
28  1.9  0.000754696
28  1.8  0.00104653
28  2.0  0.000535218
28  2.5  0.000107736
28  3.5  5.93411e-06
28  3.0  2.39772e-05
26  11.5  2.27955e-12
26  12.0  1.11834e-12
28  4.0  1.6999e-06
28  4.5  4.96999e-07
28  5.5  5.22582e-08
28  5.0  1.55906e-07
28  6.0  1.8241e-08
28  6.5  6.71023e-09
28  7.0  2.56291e-09
28  7.5  1.01976e-09
28  8.5  1.76918e-10
28  9.0  7.74885e-11
28  8.0  4.17595e-10
28  9.5  3.43233e-11
28  10.0  1.55551e-11
30  0.2  0.222922
30  0.3  0.17296
28  10.5  7.25382e-12
30  0.4  0.128341
30  0.6  0.0645019
30  0.5  0.0920323
30  0.8  0.0303983
30  0.7  0.0444987
30  0.9  0.0207195
30  1.0  0.0140917
30  1.1  0.0096293
30  1.2  0.00657249
30  1.3  0.00451536
30  1.4  0.00313356
30  1.5  0.00215909
28  11.0  3.42455e-12
30  1.6  0.00150734
30  1.7  0.00106002
30  1.8  0.000745831
30  1.9  0.00053303
30  2.0  0.000382445
30  2.5  7.44029e-05
30  3.0  1.63591e-05
28  11.5  1.6534e-12
30  3.5  4.157e-06
28  12.0  8.1116e-13
30  4.0  1.14631e-06
30  4.5  3.34359e-07
30  5.0  1.04624e-07
30  5.5  3.46276e-08
30  6.0  1.22169e-08
30  6.5  4.42355e-09
30  7.5  6.66487e-10
30  7.0  1.68494e-09
30  8.0  2.73845e-10
30  8.5  1.14743e-10
30  10.0  1.00506e-11
30  9.0  4.9643e-11
30  9.5  2.20528e-11
32  0.2  0.160596
32  0.3  0.123581
32  0.4  0.0908955
32  0.5  0.0645557
32  0.6  0.0447368
30  12.0  5.20108e-13
32  0.7  0.0305571
32  0.8  0.0207016
32  0.9  0.0139635
32  1.0  0.00941493
32  1.1  0.0063688
30  10.5  4.63951e-12
32  1.2  0.00433846
32  1.3  0.00295119
32  1.4  0.00201854
32  1.5  0.00139368
32  1.6  0.000967682
32  1.7  0.000676507
30  11.0  2.1961e-12
32  1.8  0.000474435
32  1.9  0.00034158
32  2.0  0.000243344
32  2.5  4.53697e-05
32  3.5  2.42152e-06
32  3.0  9.90016e-06
30  11.5  1.05576e-12
32  4.0  6.74541e-07
32  4.5  1.94782e-07
32  5.0  6.03334e-08
32  5.5  1.98307e-08
32  6.0  6.88244e-09
32  6.5  2.52376e-09
32  7.0  9.46134e-10
32  7.5  3.72802e-10
32  8.0  1.51673e-10
32  8.5  6.35905e-11
32  10.0  5.56924e-12
32  9.0  2.7388e-11
32  9.5  1.21148e-11
34  0.2  0.103501
34  0.3  0.0789078
34  0.4  0.0573154
34  0.5  0.0402104
32  10.5  2.53443e-12
34  0.6  0.0275254
34  0.7  0.0185514
34  0.8  0.0124221
34  0.9  0.00829694
34  1.0  0.0055354
34  1.1  0.00370173
32  11.0  1.18544e-12
34  1.2  0.0024837
34  1.3  0.00168052
34  1.4  0.00114556
34  1.5  0.000783281
34  1.6  0.000543699
34  1.7  0.000374844
32  11.5  5.73412e-13
34  1.8  0.000260744
34  2.0  0.000130796
34  2.5  2.40623e-05
34  1.9  0.000184149
34  3.0  5.24019e-06
34  3.5  1.30155e-06
32  12.0  2.79937e-13
34  4.5  9.65511e-08
34  4.0  3.37623e-07
34  5.0  2.94958e-08
34  5.5  9.60039e-09
34  6.0  3.29413e-09
34  6.5  1.19044e-09
34  7.0  4.47455e-10
34  7.5  1.74673e-10
34  9.5  5.63341e-12
34  8.0  7.07007e-11
34  10.0  2.4943e-12
34  8.5  2.9455e-11
34  9.0  1.25916e-11
34  11.5  2.5964e-13
4  0.2  0.52861
4  0.3  0.41963
4  0.4  0.320028
4  0.5  0.236908
4  0.6  0.171239
4  0.7  0.121975
4  0.8  0.0860102
4  0.9  0.0604639
4  1.0  0.0421818
34  10.5  1.15258e-12
4  1.1  0.0296642
4  1.2  0.0207654
34  11.0  5.41235e-13
4  1.3  0.0146072
4  1.4  0.0103346
4  1.5  0.00729742
4  1.6  0.00521782
4  1.7  0.00376029
4  1.8  0.00267917
4  2.0  0.00140525
4  1.9  0.00194695
4  2.5  0.000303755
4  3.0  6.74957e-05
4  3.5  1.81657e-05
34  12.0  1.25818e-13
4  5.0  5.0588e-07
4  4.0  5.18931e-06
4  4.5  1.56136e-06
4  5.5  1.69942e-07
4  6.0  6.05935e-08
4  6.5  2.25934e-08
4  7.5  3.5145e-09
4  8.5  6.19713e-10
4  7.0  8.72957e-09
4  8.0  1.45139e-09
4  9.5  1.22098e-10
4  9.0  2.71258e-10
4  10.5  2.61733e-11
6  0.2  0.524229
6  0.3  0.416007
6  0.4  0.317317
4  10.0  5.58231e-11
6  0.5  0.234783
6  0.6  0.169656
6  0.7  0.120782
6  0.8  0.0852334
6  0.9  0.0597961
6  1.0  0.0417671
6  1.1  0.0292755
6  1.2  0.0205389
6  1.3  0.0144431
6  1.5  0.00720934
6  1.4  0.0102007
6  1.6  0.00513819
6  1.7  0.00371807
6  1.8  0.00264821
6  1.9  0.00190329
6  2.0  0.00138476
6  2.5  0.000297223
6  3.0  6.67215e-05
4  11.0  1.24649e-11
6  3.5  1.83976e-05
4  11.5  6.06399e-12
4  12.0  2.98582e-12
6  4.0  5.10902e-06
6  4.5  1.53709e-06
6  5.0  4.93242e-07
6  5.5  1.6721e-07
6  6.5  2.22152e-08
6  6.0  5.95638e-08
6  7.0  8.584e-09
6  9.0  2.69497e-10
6  7.5  3.44408e-09
6  9.5  1.19991e-10
6  8.0  1.42611e-09
6  8.5  6.09195e-10
6  10.5  2.57535e-11
6  10.0  5.48324e-11
8  0.2  0.518111
8  0.3  0.411001
8  0.4  0.313293
8  0.5  0.231751
8  0.6  0.167397
8  0.7  0.119189
8  0.8  0.0839584
8  0.9  0.0588644
8  1.0  0.0411072
8  1.1  0.0288175
8  1.3  0.0142083
8  1.2  0.0201964
8  1.5  0.0071764
8  1.4  0.0100272
8  1.6  0.0050597
8  1.7  0.00360538
8  1.8  0.00260293
8  1.9  0.00188347
8  2.0  0.0013673
6  11.0  1.22517e-11
8  2.5  0.000292321
8  3.0  6.68932e-05
8  3.5  1.76275e-05
6  11.5  5.94324e-12
6  12.0  2.93266e-12
8  4.0  4.99703e-06
8  4.5  1.50233e-06
8  5.0  4.81714e-07
8  5.5  1.63358e-07
8  6.0  5.81686e-08
8  6.5  2.16829e-08
8  7.5  3.38072e-09
8  7.0  8.3737e-09
8  9.0  2.6252e-10
8  8.5  5.95619e-10
8  9.5  1.16998e-10
8  8.0  1.3923e-09
8  10.0  5.32162e-11
8  10.5  2.50008e-11
8  11.0  1.21174e-11
8  11.5  5.80058e-12
8  12.0  2.85923e-12
