# diffractive D0 cross section, Pb target, HymnD fragmentation, An0n channel
# generated      : 2026-08-20 11:05:53 EEST
# calls          : 1e5 (VEGAS calls per point, see CALLS_EXCL/CALLS_EXCL_FACTORIZED/CALLS_DIFF)
# dipole samples : data/Pb/bk_posterior/member_0084/glauber_mve_<b>
# pD0 sweep      : 0.2 0.3 0.4 0.5 0.6 0.7 0.8 0.9 1.0 1.1 1.2 1.3 1.4 1.5 1.6 1.7 1.8 1.9 2.0 2.5 3.0 3.5 4.0 4.5 5.0 5.5 6.0 6.5 7.0 7.5 8.0 8.5 9.0 9.5 10.0 10.5 11.0 11.5 12.0
# fixed rapidity y : 0.0
# ============================================================
# b  pD0  dsigma_dyd2pD0
0  0.5  1.14657
0  0.4  1.02276
0  0.3  0.814173
0  0.2  0.563869
0  0.6  1.14106
0  0.7  1.08935
0  0.8  0.9808
0  0.9  0.857647
0  1.0  0.732998
0  1.1  0.610732
0  1.3  0.416774
0  1.2  0.505512
0  1.4  0.341591
0  1.5  0.278179
0  1.6  0.231403
0  1.7  0.189068
0  1.8  0.156804
0  1.9  0.129449
0  2.0  0.106479
0  2.5  0.043378
0  3.0  0.0200541
0  3.5  0.00992972
0  4.0  0.00524202
0  4.5  0.00295242
0  5.0  0.00177398
0  6.0  0.000665164
0  5.5  0.00106501
0  6.5  0.000441515
0  7.0  0.000294319
0  7.5  0.0002081
0  8.0  0.000144351
0  8.5  0.000103163
0  9.0  7.2029e-05
0  11.0  2.23327e-05
0  9.5  5.28283e-05
0  10.0  3.96326e-05
10  0.2  0.554903
10  0.3  0.802032
0  11.5  1.71502e-05
10  0.4  1.01819
10  0.6  1.13099
10  0.5  1.12542
10  0.7  1.07511
10  0.8  0.962198
0  10.5  2.92437e-05
10  0.9  0.828477
10  1.0  0.703648
10  1.1  0.59049
10  1.2  0.491089
10  1.3  0.400296
10  1.4  0.330447
10  1.5  0.268566
10  1.7  0.179962
10  1.6  0.220932
10  1.8  0.149193
10  1.9  0.123941
10  2.0  0.102566
10  2.5  0.0413083
10  3.0  0.0190187
10  3.5  0.00953418
10  4.0  0.00498679
10  4.5  0.00281617
0  12.0  1.30216e-05
10  5.0  0.00166027
10  5.5  0.00100882
10  7.5  0.000195124
10  6.0  0.000638909
10  6.5  0.000419536
10  7.0  0.000278481
10  8.0  0.000134567
10  8.5  9.81823e-05
10  9.0  7.03166e-05
10  9.5  5.17056e-05
12  0.2  0.551064
12  0.3  0.795017
10  10.0  3.72263e-05
12  0.4  0.99929
12  0.5  1.11217
10  10.5  2.89108e-05
12  0.6  1.11168
12  0.7  1.04173
12  0.8  0.947063
12  0.9  0.81659
12  1.0  0.687418
12  1.1  0.581933
10  11.0  2.17963e-05
12  1.2  0.47837
12  1.3  0.391937
12  1.4  0.322721
12  1.5  0.264815
12  1.6  0.214702
12  1.8  0.145562
12  1.7  0.178344
12  1.9  0.120726
12  2.0  0.10007
10  12.0  1.2841e-05
12  2.5  0.0412586
12  3.0  0.0183376
12  3.5  0.00931735
10  11.5  1.67019e-05
12  4.0  0.00500232
12  4.5  0.00277958
12  5.0  0.00163238
12  5.5  0.00100022
12  6.0  0.000621428
12  6.5  0.000410054
12  7.5  0.000186537
12  7.0  0.000273963
12  8.0  0.000134094
12  8.5  9.17767e-05
12  9.0  6.71644e-05
12  9.5  4.94765e-05
12  10.0  3.63932e-05
12  10.5  2.76137e-05
14  0.2  0.546587
14  0.3  0.78954
14  0.4  0.998787
14  0.5  1.09257
14  0.6  1.1073
14  0.7  1.03951
14  0.8  0.922616
12  11.0  2.07488e-05
14  0.9  0.799034
14  1.0  0.675961
14  1.2  0.474411
14  1.1  0.565871
14  1.3  0.38181
14  1.4  0.310417
14  1.6  0.210224
14  1.5  0.252897
14  1.7  0.172111
14  1.8  0.143421
14  1.9  0.11668
12  12.0  1.24609e-05
14  2.5  0.0403863
14  2.0  0.096283
14  3.0  0.0182949
14  3.5  0.00906463
12  11.5  1.586e-05
14  4.0  0.00475462
14  4.5  0.00269363
14  5.0  0.00156665
14  5.5  0.000963117
14  6.0  0.000605448
14  6.5  0.000398004
14  7.5  0.000180811
14  7.0  0.000263021
14  8.0  0.000127453
14  8.5  8.95857e-05
14  9.0  6.48614e-05
14  9.5  4.83721e-05
14  10.0  3.54352e-05
16  0.2  0.541657
14  11.5  1.57598e-05
16  0.3  0.783828
16  0.4  0.986442
16  0.5  1.09259
14  10.5  2.68165e-05
16  0.6  1.0867
16  0.7  1.02102
16  0.8  0.905182
16  0.9  0.779511
16  1.0  0.654156
16  1.1  0.546956
16  1.2  0.453975
16  1.3  0.372537
16  1.4  0.307039
16  1.5  0.247877
14  11.0  2.02101e-05
16  1.6  0.205197
16  1.7  0.168873
16  1.9  0.113492
16  1.8  0.13803
14  12.0  1.18798e-05
16  2.0  0.0941031
16  2.5  0.0387435
16  3.0  0.0177083
16  3.5  0.00872362
16  4.0  0.0046249
16  4.5  0.00261196
16  5.0  0.00150011
16  5.5  0.000932137
16  6.0  0.000585414
16  7.5  0.000180172
16  6.5  0.000391201
16  7.0  0.000255408
16  8.0  0.000123223
16  8.5  8.64766e-05
16  9.0  6.48527e-05
16  9.5  4.62153e-05
16  10.0  3.52054e-05
18  0.2  0.534144
18  0.3  0.774872
18  0.4  0.970379
18  0.5  1.06106
16  10.5  2.64961e-05
18  0.7  0.990716
18  0.6  1.05279
18  0.9  0.755723
18  0.8  0.871932
18  1.0  0.641197
18  1.2  0.43514
18  1.1  0.529474
18  1.3  0.357302
18  1.4  0.291893
18  1.5  0.240025
18  1.6  0.195648
16  11.0  1.94032e-05
16  12.0  1.14848e-05
18  1.7  0.161752
18  1.8  0.131896
18  1.9  0.108397
18  2.0  0.0902187
18  2.5  0.0369331
18  3.0  0.0168528
18  3.5  0.00822137
16  11.5  1.49024e-05
18  4.0  0.00444769
18  4.5  0.00243064
18  5.0  0.00144355
18  5.5  0.000865777
18  6.0  0.000554169
18  7.0  0.000243952
18  6.5  0.000366299
18  7.5  0.000167145
18  8.0  0.000117486
18  8.5  8.25185e-05
18  9.0  6.18571e-05
18  9.5  4.43052e-05
18  11.0  1.8558e-05
18  10.0  3.34315e-05
2  0.2  0.561853
2  0.3  0.818729
2  0.4  1.02023
2  0.5  1.1402
2  0.6  1.16365
2  0.7  1.09785
18  10.5  2.50049e-05
2  0.8  0.97933
2  0.9  0.851784
2  1.0  0.727974
2  1.1  0.611184
2  1.2  0.50772
2  1.3  0.416703
2  1.4  0.342752
2  1.5  0.278814
2  1.6  0.231289
2  1.7  0.190203
2  1.8  0.153843
18  12.0  1.09115e-05
2  2.0  0.106976
2  1.9  0.12872
2  2.5  0.0447264
2  3.5  0.00990673
2  3.0  0.0199624
18  11.5  1.45725e-05
2  4.5  0.00297741
2  4.0  0.00534598
2  5.0  0.00172782
2  6.0  0.000671289
2  5.5  0.00108035
2  6.5  0.000440419
2  7.0  0.00030241
2  7.5  0.000200856
2  8.0  0.000140156
2  8.5  0.000100786
2  9.0  7.41674e-05
2  9.5  5.20875e-05
2  11.0  2.19767e-05
2  10.0  3.92002e-05
2  11.5  1.74327e-05
20  0.2  0.526562
20  0.3  0.753265
20  0.4  0.953724
20  0.5  1.03187
2  10.5  2.95205e-05
20  0.6  1.03905
20  0.7  0.950881
20  0.9  0.72351
20  0.8  0.842625
20  1.0  0.61157
20  1.1  0.506142
20  1.2  0.41334
20  1.3  0.34357
20  1.4  0.281128
20  1.5  0.224332
20  1.6  0.183337
20  1.7  0.152105
20  1.8  0.125486
20  1.9  0.103554
20  2.0  0.0852792
20  2.5  0.0351966
20  3.0  0.0158485
2  12.0  1.33437e-05
20  3.5  0.0078056
20  4.0  0.00411702
20  5.0  0.00135095
20  5.5  0.000834585
20  4.5  0.00231012
20  6.0  0.000533435
20  7.0  0.000230366
20  6.5  0.000343502
20  7.5  0.000158606
20  8.0  0.000113473
20  8.5  7.86875e-05
20  10.0  3.12477e-05
20  9.0  5.69833e-05
20  9.5  4.22641e-05
22  0.2  0.518278
22  0.3  0.743423
22  0.4  0.930663
22  0.5  0.99531
22  0.6  0.984281
20  10.5  2.33565e-05
22  0.7  0.920025
22  0.8  0.801075
22  0.9  0.690986
22  1.0  0.578479
22  1.1  0.480529
22  1.2  0.394209
22  1.3  0.321067
22  1.4  0.259561
22  1.5  0.214251
22  1.6  0.174692
22  1.7  0.138492
20  11.0  1.73782e-05
22  1.8  0.117223
20  12.0  1.02283e-05
22  1.9  0.0963558
22  2.0  0.0798063
22  2.5  0.0326846
22  3.0  0.014803
22  3.5  0.00724703
20  11.5  1.36555e-05
22  5.0  0.00126517
22  5.5  0.000768857
22  4.0  0.00390004
22  4.5  0.0021513
22  6.0  0.000490428
22  6.5  0.000319987
22  7.5  0.000150566
22  7.0  0.000217059
22  8.0  0.000105648
22  8.5  7.48626e-05
22  9.0  5.23666e-05
22  9.5  3.85511e-05
24  0.2  0.501071
22  10.0  2.85045e-05
24  0.3  0.727273
24  0.4  0.88348
24  0.5  0.952503
24  0.6  0.950738
24  0.7  0.859059
22  10.5  2.13607e-05
24  0.8  0.755136
24  0.9  0.640003
24  1.0  0.535921
24  1.1  0.443629
24  1.3  0.300478
24  1.2  0.3676
24  1.4  0.238094
24  1.5  0.196387
24  1.7  0.131296
24  1.6  0.158142
24  1.8  0.107033
24  1.9  0.0891709
22  11.0  1.66379e-05
24  2.0  0.0726031
24  2.5  0.0296366
24  3.0  0.0134483
24  3.5  0.00665631
22  11.5  1.24061e-05
22  12.0  9.4655e-06
24  5.0  0.00115858
24  5.5  0.000701506
24  4.0  0.00338776
24  4.5  0.00194132
24  6.0  0.000444265
24  7.5  0.000133812
24  6.5  0.000298016
24  7.0  0.000195265
24  8.0  9.37125e-05
24  8.5  6.57412e-05
24  9.0  4.83345e-05
24  9.5  3.60294e-05
24  10.0  2.62424e-05
26  0.2  0.485532
26  0.3  0.695224
24  10.5  1.94605e-05
26  0.4  0.843711
24  11.5  1.11827e-05
26  0.5  0.907036
26  0.6  0.872694
26  0.7  0.794209
26  0.8  0.685083
26  0.9  0.5835
26  1.0  0.484064
24  11.0  1.4545e-05
26  1.2  0.323315
26  1.1  0.401103
26  1.3  0.26789
26  1.4  0.215975
26  1.5  0.174097
26  1.6  0.142625
26  1.7  0.116513
26  1.8  0.0946717
26  1.9  0.0783751
26  2.0  0.0644198
26  2.5  0.0263647
26  3.0  0.0118587
26  3.5  0.00589715
24  12.0  8.71357e-06
26  4.0  0.00310839
26  4.5  0.00173881
26  5.0  0.00101273
26  5.5  0.000614781
26  6.0  0.000393638
26  6.5  0.000255404
26  7.0  0.000177652
26  7.5  0.000118305
26  8.0  8.34887e-05
26  8.5  5.99694e-05
26  9.0  4.20383e-05
26  9.5  3.12054e-05
26  10.0  2.26953e-05
28  0.2  0.460602
28  0.3  0.650231
28  0.4  0.7893
26  10.5  1.7562e-05
28  0.5  0.817297
28  0.6  0.790145
28  0.7  0.70061
28  0.8  0.606207
28  0.9  0.507693
26  11.0  1.29443e-05
28  1.0  0.420069
28  1.1  0.34383
26  12.0  7.55301e-06
28  1.2  0.281502
28  1.3  0.228162
28  1.4  0.183103
28  1.6  0.120039
28  1.5  0.147799
28  1.7  0.0999483
28  1.8  0.0803874
28  2.0  0.0554136
28  1.9  0.0660052
28  2.5  0.0224181
26  11.5  9.81142e-06
28  3.0  0.00998168
28  3.5  0.00491233
28  4.0  0.00257483
28  4.5  0.0014452
28  5.0  0.000859576
28  5.5  0.000516959
28  6.0  0.000338793
28  6.5  0.000221782
28  7.0  0.000147903
28  7.5  0.000101342
28  8.0  6.80858e-05
28  8.5  5.00119e-05
28  9.0  3.52888e-05
28  9.5  2.65802e-05
28  10.0  1.91933e-05
28  11.0  1.11796e-05
30  0.2  0.424372
30  0.3  0.606813
30  0.4  0.694845
30  0.5  0.705847
28  10.5  1.46804e-05
30  0.6  0.66331
30  0.7  0.589302
30  0.8  0.50343
30  0.9  0.417032
30  1.0  0.342082
30  1.1  0.279578
30  1.2  0.226274
30  1.3  0.18135
30  1.4  0.146513
30  1.5  0.118588
30  1.6  0.0957076
30  1.7  0.0777495
28  12.0  6.54975e-06
30  1.8  0.0638963
30  1.9  0.0524386
30  2.0  0.0428329
30  2.5  0.0171048
30  3.0  0.00790172
30  3.5  0.00393872
28  11.5  8.47921e-06
30  4.0  0.00200845
30  4.5  0.00113028
30  5.0  0.000664019
30  5.5  0.000409023
30  6.0  0.000255826
30  6.5  0.000171341
30  7.0  0.000115332
30  7.5  7.61384e-05
30  8.0  5.49182e-05
30  8.5  3.85231e-05
30  9.0  2.72027e-05
30  9.5  2.01855e-05
30  11.0  8.40085e-06
30  10.0  1.49758e-05
32  0.2  0.379718
32  0.3  0.52129
32  0.4  0.580255
32  0.5  0.571081
32  0.6  0.51786
32  0.8  0.374811
32  0.7  0.455186
32  0.9  0.312786
32  1.0  0.253003
32  1.1  0.202216
30  10.5  1.12515e-05
32  1.2  0.164286
32  1.4  0.106863
32  1.3  0.131932
32  1.5  0.0869115
32  1.6  0.069879
32  1.7  0.0554162
32  1.8  0.0462867
32  1.9  0.037449
32  2.0  0.0307266
32  2.5  0.0125926
30  11.5  6.50292e-06
32  3.0  0.00568072
32  3.5  0.00276073
30  12.0  4.99364e-06
32  4.5  0.000808684
32  5.0  0.000483795
32  4.0  0.00145863
32  5.5  0.00028397
32  7.0  7.99895e-05
32  7.5  5.52116e-05
32  6.0  0.000185868
32  6.5  0.000120617
32  8.0  3.88096e-05
32  8.5  2.76176e-05
32  9.0  1.97339e-05
32  9.5  1.44463e-05
32  11.0  6.18568e-06
32  10.0  1.07102e-05
34  0.2  0.320046
32  10.5  7.99993e-06
34  0.3  0.411391
34  0.4  0.42691
34  0.5  0.411979
34  0.6  0.359197
34  0.7  0.306764
34  0.8  0.255774
34  0.9  0.208842
34  1.0  0.167526
34  1.1  0.135211
34  1.2  0.106666
34  1.3  0.0873644
34  1.4  0.0693995
34  1.6  0.0447221
34  1.5  0.0558693
34  1.8  0.0299242
34  1.7  0.0365264
34  1.9  0.0244726
34  2.0  0.0200079
32  11.5  4.59257e-06
34  2.5  0.008007
34  3.0  0.00370134
34  3.5  0.00179367
32  12.0  3.56874e-06
34  4.5  0.000526432
34  5.0  0.000305755
34  4.0  0.000939428
34  5.5  0.000185936
34  7.0  5.14234e-05
34  6.5  7.91543e-05
34  6.0  0.000118812
34  7.5  3.57435e-05
34  8.0  2.46431e-05
34  8.5  1.73259e-05
34  9.0  1.29705e-05
34  9.5  9.20807e-06
34  11.0  4.0575e-06
34  10.0  6.99464e-06
4  0.2  0.561758
4  0.3  0.812711
34  10.5  5.25819e-06
4  0.4  1.01905
4  0.5  1.14308
4  0.6  1.16342
4  0.7  1.08406
4  0.8  0.980367
4  0.9  0.84526
4  1.0  0.72543
4  1.1  0.60541
4  1.2  0.501791
4  1.3  0.414763
4  1.4  0.337421
4  1.5  0.276071
4  1.6  0.229552
4  1.7  0.188215
4  1.8  0.153903
4  1.9  0.128106
4  2.5  0.0435137
4  2.0  0.106221
4  3.0  0.0199997
4  3.5  0.00985069
34  11.5  3.00151e-06
4  4.5  0.00291351
34  12.0  2.273e-06
4  4.0  0.00524794
4  5.5  0.00106343
4  5.0  0.00172644
4  6.5  0.000431882
4  6.0  0.000671252
4  7.0  0.000300254
4  7.5  0.000198429
4  8.0  0.000140052
4  8.5  9.9274e-05
4  9.0  7.18657e-05
4  9.5  5.2377e-05
4  10.0  3.87979e-05
6  0.2  0.559813
4  10.5  3.00552e-05
4  11.0  2.27878e-05
6  0.3  0.808809
6  0.4  1.01411
6  0.5  1.13919
6  0.6  1.15652
6  0.7  1.07501
6  0.8  0.972276
6  0.9  0.840379
6  1.0  0.720313
6  1.1  0.605331
6  1.2  0.495913
6  1.3  0.411148
6  1.4  0.335333
6  1.5  0.272235
4  12.0  1.30587e-05
6  1.6  0.225639
6  1.7  0.186275
6  1.8  0.153679
6  1.9  0.126646
6  2.0  0.104927
6  3.0  0.0198812
6  2.5  0.0433874
6  3.5  0.00984333
4  11.5  1.73793e-05
6  4.5  0.00294964
6  4.0  0.00513654
6  5.0  0.00169607
6  5.5  0.00104853
6  7.5  0.000202489
6  6.0  0.000655768
6  6.5  0.000431828
6  7.0  0.000293851
6  8.0  0.000138415
6  8.5  0.000100823
6  9.0  6.97607e-05
6  9.5  5.32569e-05
6  10.0  3.96303e-05
8  0.2  0.557647
6  10.5  2.91165e-05
8  0.3  0.809216
8  0.4  1.02306
8  0.5  1.12742
8  0.6  1.14825
8  0.7  1.05585
8  0.8  0.968122
6  11.5  1.66449e-05
8  0.9  0.833193
8  1.0  0.720098
6  11.0  2.21635e-05
8  1.1  0.598223
8  1.2  0.488594
8  1.3  0.404572
8  1.4  0.335082
8  1.5  0.272328
8  1.6  0.229422
8  1.7  0.184162
6  12.0  1.29749e-05
8  1.9  0.125181
8  1.8  0.151378
8  2.5  0.0429201
8  2.0  0.103926
8  3.0  0.0196137
8  3.5  0.00970982
8  4.0  0.00519494
8  4.5  0.00285535
8  5.0  0.00167535
8  5.5  0.0010275
8  6.0  0.000657551
8  7.5  0.00019494
8  6.5  0.0004277
8  7.0  0.000286135
8  8.0  0.00013596
8  8.5  9.66178e-05
8  9.0  7.00772e-05
8  9.5  5.14914e-05
8  11.5  1.63746e-05
8  10.0  3.87913e-05
8  10.5  2.85314e-05
8  11.0  2.19907e-05
8  12.0  1.30404e-05
