# diffractive D0 cross section, Pb target, LHAPDF fragmentation, An0n channel
# generated      : 2026-08-19 15:31:54 EEST
# calls          : 1e5 (VEGAS calls per point, see CALLS_EXCL/CALLS_EXCL_FACTORIZED/CALLS_DIFF)
# dipole samples : data/Pb/bk_posterior/member_0098/glauber_mve_<b>
# pD0 sweep      : 0.2 0.3 0.4 0.5 0.6 0.7 0.8 0.9 1.0 1.1 1.2 1.3 1.4 1.5 1.6 1.7 1.8 1.9 2.0 2.5 3.0 3.5 4.0 4.5 5.0 5.5 6.0 6.5 7.0 7.5 8.0 8.5 9.0 9.5 10.0 10.5 11.0 11.5 12.0
# fixed rapidity y : 0.0
# ============================================================
# b  pD0  dsigma_dyd2pD0
0  0.3  0.785001
0  0.5  1.10729
0  0.2  0.545478
0  0.4  0.994449
0  0.6  1.11684
0  0.7  1.06607
0  0.8  0.951989
0  0.9  0.849158
0  1.2  0.513946
0  1.3  0.426974
0  1.0  0.727187
0  1.1  0.613476
0  1.4  0.353167
0  1.6  0.244226
0  1.5  0.293696
0  1.8  0.17112
0  1.7  0.205769
0  1.9  0.142928
0  2.5  0.05094
0  2.0  0.121235
0  3.0  0.0257104
0  3.5  0.0128743
0  5.5  0.00158826
0  6.0  0.00103189
0  4.0  0.00722296
0  4.5  0.00421236
0  5.0  0.00250898
0  7.0  0.00047874
0  6.5  0.000694589
0  7.5  0.000336794
0  8.0  0.000238488
0  9.5  9.64112e-05
0  8.5  0.000172579
0  9.0  0.000130789
0  11.0  4.2026e-05
10  0.2  0.534379
0  10.0  7.31033e-05
0  11.5  3.33795e-05
10  0.3  0.775519
10  0.4  0.974276
0  10.5  5.50217e-05
10  0.5  1.08818
10  0.6  1.1008
10  0.7  1.03306
10  0.8  0.924132
10  0.9  0.813176
10  1.0  0.689809
10  1.1  0.593535
10  1.2  0.496222
10  1.3  0.413084
10  1.4  0.344173
10  1.5  0.284508
10  1.6  0.234337
10  1.7  0.195337
10  1.8  0.163932
10  1.9  0.136033
10  2.0  0.114092
10  3.0  0.0236933
10  2.5  0.0500804
10  3.5  0.0123655
0  12.0  2.53584e-05
10  4.0  0.00688787
10  5.5  0.0015037
10  4.5  0.00394728
10  5.0  0.00240309
10  6.0  0.00101073
10  6.5  0.000672268
10  8.0  0.000227571
10  7.0  0.000463726
10  8.5  0.000169301
10  7.5  0.000316141
10  10.0  6.97361e-05
10  9.5  9.10942e-05
10  10.5  5.18929e-05
10  9.0  0.00012414
12  0.2  0.532894
12  0.3  0.77201
12  0.4  0.965045
12  0.5  1.07234
12  0.6  1.09123
12  0.7  1.0134
12  0.8  0.914992
12  0.9  0.805965
12  1.0  0.693394
12  1.1  0.577073
12  1.2  0.482293
12  1.3  0.405815
12  1.4  0.334437
12  1.5  0.278506
12  1.7  0.192789
12  1.6  0.229478
12  1.8  0.159444
10  11.0  3.94856e-05
12  1.9  0.133506
12  2.0  0.112928
12  2.5  0.0491147
12  3.0  0.0234022
12  3.5  0.0121931
10  11.5  3.18769e-05
10  12.0  2.40828e-05
12  4.0  0.00664888
12  5.5  0.00151387
12  4.5  0.00391846
12  5.0  0.00236681
12  6.0  0.000958364
12  6.5  0.00064236
12  7.0  0.000444456
12  8.5  0.000165381
12  7.5  0.000312652
12  8.0  0.000226844
12  10.0  6.74288e-05
12  10.5  5.07189e-05
12  9.0  0.000119607
12  9.5  8.84157e-05
14  0.2  0.530639
14  0.3  0.766485
14  0.4  0.973442
14  0.5  1.06156
14  0.6  1.07099
14  0.7  1.00958
14  0.8  0.908755
14  0.9  0.782686
14  1.0  0.675253
14  1.1  0.560916
14  1.2  0.473632
14  1.3  0.394356
12  11.0  3.9204e-05
14  1.5  0.271221
14  1.4  0.328537
14  1.6  0.223348
14  1.7  0.18844
14  1.8  0.156627
14  1.9  0.130452
14  2.0  0.109456
14  2.5  0.0474797
14  3.0  0.0222938
14  3.5  0.0119211
12  11.5  3.07946e-05
12  12.0  2.3786e-05
14  5.5  0.00146803
14  4.0  0.00638299
14  4.5  0.00381794
14  5.0  0.0022564
14  6.0  0.000939422
14  7.0  0.000427471
14  7.5  0.000308669
14  8.5  0.000160534
14  6.5  0.000627764
14  9.5  8.46047e-05
14  8.0  0.000217833
14  10.0  6.62448e-05
14  9.0  0.000114874
14  10.5  4.92062e-05
14  11.5  2.94635e-05
16  0.2  0.52067
16  0.3  0.756869
16  0.4  0.938318
16  0.5  1.05016
16  0.6  1.0411
16  0.7  0.987903
16  0.8  0.890134
16  1.0  0.658787
16  0.9  0.765471
16  1.1  0.552894
16  1.2  0.461565
16  1.3  0.381729
16  1.4  0.317685
16  1.5  0.263821
14  11.0  3.76875e-05
16  1.6  0.215903
16  1.7  0.180075
16  1.8  0.150155
16  1.9  0.12666
16  2.0  0.105448
16  2.5  0.0463336
16  3.0  0.0222878
16  3.5  0.0114852
14  12.0  2.3576e-05
16  5.0  0.00218737
16  5.5  0.00138391
16  4.0  0.00622744
16  4.5  0.00360083
16  7.0  0.000415998
16  6.0  0.000918648
16  7.5  0.000296349
16  6.5  0.000606372
16  8.5  0.000154247
16  8.0  0.00021157
16  9.5  8.4553e-05
16  10.0  6.22867e-05
16  9.0  0.000111081
16  11.0  3.60273e-05
16  10.5  4.75193e-05
18  0.2  0.519149
18  0.3  0.741538
18  0.4  0.936535
18  0.5  1.02875
18  0.6  1.0147
18  0.7  0.95416
18  0.8  0.8582
18  0.9  0.742587
18  1.0  0.629995
18  1.1  0.534641
18  1.2  0.442834
18  1.3  0.369567
18  1.4  0.305211
18  1.5  0.250154
18  1.6  0.208873
18  1.8  0.141521
18  1.7  0.173958
18  2.0  0.101003
18  1.9  0.122346
18  2.5  0.0440432
18  3.0  0.0209705
18  3.5  0.0107982
16  11.5  2.91914e-05
18  4.0  0.00593177
16  12.0  2.21719e-05
18  5.0  0.00209626
18  4.5  0.00343103
18  5.5  0.00131147
18  6.0  0.000865661
18  6.5  0.000572831
18  8.5  0.000146819
18  7.0  0.000392899
18  8.0  0.000196386
18  7.5  0.000278624
18  9.5  7.78251e-05
18  10.0  6.09213e-05
18  9.0  0.000108226
18  11.0  3.4778e-05
2  0.2  0.545147
2  0.3  0.783887
2  0.4  0.988585
2  0.5  1.09836
2  0.6  1.12281
2  0.7  1.06864
18  10.5  4.6329e-05
2  0.8  0.965055
2  0.9  0.849906
18  11.5  2.78931e-05
2  1.1  0.606467
2  1.0  0.725996
2  1.2  0.514137
2  1.3  0.428792
2  1.4  0.358456
2  1.5  0.290284
2  1.6  0.246343
2  1.7  0.205777
2  1.8  0.171
2  1.9  0.142893
2  2.0  0.119543
2  3.0  0.0253012
2  2.5  0.0526763
2  3.5  0.0131439
18  12.0  2.09598e-05
2  5.5  0.0015891
2  6.0  0.00104452
2  4.0  0.00728179
2  4.5  0.00417138
2  5.0  0.00251797
2  7.0  0.000472125
2  6.5  0.00069259
2  7.5  0.000348685
2  8.0  0.00024207
2  9.5  9.47727e-05
2  8.5  0.000174077
2  9.0  0.000128207
2  11.0  4.14099e-05
2  10.0  7.1069e-05
20  0.2  0.511431
2  11.5  3.31639e-05
20  0.3  0.734459
20  0.4  0.91155
20  0.5  0.994712
20  0.6  0.998719
20  0.7  0.92346
20  0.8  0.831596
20  0.9  0.724574
2  10.5  5.43923e-05
20  1.0  0.610928
20  1.1  0.510253
20  1.2  0.427215
20  1.3  0.352026
20  1.4  0.286326
20  1.5  0.238526
20  1.7  0.166798
20  1.6  0.196795
20  1.8  0.137252
20  1.9  0.113797
20  2.0  0.0955692
20  2.5  0.0420515
20  3.0  0.0198917
20  3.5  0.0103682
20  5.0  0.00201517
2  12.0  2.56361e-05
20  4.0  0.00559794
20  5.5  0.00125324
20  4.5  0.00331596
20  7.0  0.000383277
20  7.5  0.000267051
20  6.0  0.000818921
20  6.5  0.000545704
20  8.5  0.000135464
20  9.5  7.48015e-05
20  8.0  0.000185922
20  10.0  5.61125e-05
20  9.0  0.000102274
22  0.2  0.501395
22  0.3  0.725616
22  0.4  0.886781
22  0.5  0.955476
22  0.6  0.949837
22  0.7  0.884154
22  0.8  0.782351
22  0.9  0.684483
20  10.5  4.40719e-05
22  1.0  0.57605
22  1.1  0.481541
22  1.2  0.39678
22  1.3  0.328968
22  1.4  0.275239
22  1.5  0.223292
22  1.6  0.184986
22  1.7  0.154323
22  1.8  0.1278
20  11.0  3.29294e-05
22  1.9  0.106315
22  2.0  0.0899703
22  2.5  0.0386796
20  11.5  2.57503e-05
22  3.0  0.018569
22  3.5  0.00951276
20  12.0  2.05043e-05
22  5.0  0.00185809
22  5.5  0.00116345
22  4.0  0.00521289
22  4.5  0.00303554
22  7.0  0.000346738
22  6.0  0.00075637
22  6.5  0.000505671
22  8.5  0.000129291
22  7.5  0.000243042
22  8.0  0.000173422
22  10.5  3.99102e-05
22  9.0  9.26477e-05
22  9.5  7.06556e-05
22  11.0  3.13639e-05
22  10.0  5.30445e-05
24  0.2  0.497893
24  0.3  0.70466
24  0.4  0.856732
24  0.5  0.930854
24  0.6  0.915451
24  0.7  0.84448
24  0.8  0.735942
24  0.9  0.634209
24  1.0  0.532811
24  1.1  0.448368
24  1.2  0.37167
24  1.4  0.253388
24  1.3  0.300646
24  1.5  0.205893
24  1.6  0.170234
24  1.8  0.116225
24  1.7  0.142756
24  1.9  0.0985532
24  2.0  0.0819406
24  2.5  0.0354984
24  3.0  0.0169578
24  3.5  0.00872877
22  11.5  2.43537e-05
22  12.0  1.91109e-05
24  4.0  0.00477753
24  5.5  0.00105158
24  4.5  0.00281732
24  5.0  0.00166388
24  6.0  0.000684546
24  7.5  0.000217473
24  6.5  0.000471019
24  8.5  0.000118647
24  7.0  0.000314872
24  8.0  0.00016148
24  9.0  8.36191e-05
24  9.5  6.25162e-05
24  10.0  4.64925e-05
26  0.2  0.471172
24  10.5  3.66821e-05
26  0.3  0.683208
26  0.4  0.816257
26  0.5  0.869654
26  0.6  0.838118
26  0.7  0.764572
26  0.8  0.676072
24  11.0  2.80038e-05
26  0.9  0.577043
26  1.0  0.490299
26  1.1  0.397372
26  1.2  0.332971
26  1.3  0.271299
26  1.4  0.225318
26  1.5  0.186387
26  1.6  0.153091
26  1.7  0.125591
26  1.8  0.105045
26  2.0  0.0713002
26  1.9  0.0868733
26  2.5  0.0313769
26  3.0  0.014582
26  3.5  0.00772988
24  11.5  2.15217e-05
24  12.0  1.69877e-05
26  5.0  0.0014628
26  5.5  0.000955951
26  4.0  0.00416158
26  4.5  0.00245516
26  6.5  0.000400957
26  6.0  0.000625964
26  7.5  0.000194373
26  7.0  0.00028435
26  8.0  0.000142324
26  8.5  0.000101926
26  9.0  7.41971e-05
26  10.5  3.15471e-05
26  9.5  5.52813e-05
26  10.0  4.15052e-05
26  11.5  1.93663e-05
28  0.2  0.447559
28  0.3  0.63401
28  0.4  0.75541
28  0.5  0.796575
28  0.6  0.760111
28  0.7  0.687161
28  0.8  0.596134
28  0.9  0.498576
28  1.0  0.421696
28  1.1  0.349074
28  1.3  0.231101
28  1.2  0.28427
28  1.4  0.192774
28  1.5  0.157285
26  11.0  2.41596e-05
28  1.6  0.128824
28  1.7  0.106867
28  1.8  0.0875854
28  1.9  0.0732585
28  2.0  0.0608017
28  2.5  0.0258169
28  3.0  0.0123147
28  3.5  0.00647728
26  12.0  1.47743e-05
28  6.0  0.0005096
28  4.0  0.00355307
28  4.5  0.00209721
28  5.0  0.00124
28  5.5  0.000781781
28  7.5  0.000166861
28  8.0  0.000116222
28  6.5  0.000347733
28  8.5  8.58559e-05
28  7.0  0.000238522
28  9.0  6.34066e-05
28  9.5  4.62536e-05
28  10.0  3.50412e-05
28  11.5  1.58532e-05
30  0.2  0.420217
30  0.3  0.583028
28  10.5  2.63467e-05
30  0.4  0.668849
30  0.5  0.686896
30  0.6  0.64561
30  0.7  0.564812
30  0.8  0.491126
28  11.0  2.04394e-05
30  0.9  0.409198
30  1.0  0.339667
30  1.1  0.278757
30  1.2  0.2264
30  1.4  0.152239
30  1.3  0.187684
30  1.5  0.124852
30  1.7  0.084814
30  1.6  0.103067
30  1.8  0.0699959
30  1.9  0.0581463
30  2.5  0.0206256
30  2.0  0.0488048
30  3.0  0.00986614
30  3.5  0.00510955
28  12.0  1.24566e-05
30  6.0  0.000407262
30  4.0  0.0028029
30  4.5  0.00159618
30  5.0  0.00100139
30  5.5  0.000622426
30  7.0  0.000185935
30  6.5  0.000265131
30  7.5  0.000130413
30  8.0  9.05978e-05
30  8.5  6.77939e-05
30  9.0  4.87582e-05
30  10.5  2.07034e-05
30  9.5  3.59563e-05
30  10.0  2.71452e-05
30  11.0  1.57273e-05
32  0.2  0.3727
32  0.3  0.504424
32  0.4  0.553423
32  0.5  0.550301
32  0.6  0.50232
32  0.7  0.432869
32  0.8  0.369561
32  0.9  0.305078
32  1.0  0.253899
32  1.1  0.204638
32  1.2  0.167532
32  1.3  0.137018
32  1.5  0.0893706
32  1.4  0.1115
32  1.6  0.0750514
32  1.7  0.0616615
32  1.9  0.0413967
32  1.8  0.0507556
32  2.0  0.0349119
32  2.5  0.0149134
32  3.5  0.00367228
32  3.0  0.00713052
30  11.5  1.23811e-05
32  5.0  0.000707841
30  12.0  9.5773e-06
32  5.5  0.000439386
32  4.0  0.00201813
32  4.5  0.00115575
32  6.0  0.000287071
32  7.0  0.000131372
32  6.5  0.000192647
32  8.5  4.6757e-05
32  7.5  9.04144e-05
32  8.0  6.41606e-05
32  9.0  3.44551e-05
32  9.5  2.56244e-05
32  10.0  1.95356e-05
34  0.2  0.309969
34  0.3  0.397409
34  0.4  0.418098
32  10.5  1.51229e-05
34  0.5  0.399083
34  0.6  0.350664
34  0.7  0.297775
34  0.8  0.24942
34  0.9  0.20411
34  1.0  0.16852
34  1.1  0.135395
34  1.2  0.110098
34  1.3  0.0889717
34  1.4  0.0734779
34  1.5  0.0590752
32  11.0  1.13605e-05
34  1.6  0.0479036
34  1.7  0.0397411
34  1.8  0.0327743
34  1.9  0.0270722
34  2.0  0.0227127
34  3.0  0.00452184
34  2.5  0.00975161
34  3.5  0.00233091
32  11.5  8.81572e-06
32  12.0  6.94556e-06
34  5.0  0.000438422
34  6.0  0.00018111
34  4.0  0.00127887
34  4.5  0.000740096
34  5.5  0.000280605
34  6.5  0.000123479
34  7.0  8.27911e-05
34  8.5  3.06072e-05
34  7.5  5.83333e-05
34  8.0  4.12526e-05
34  10.0  1.22995e-05
34  9.0  2.21658e-05
34  11.0  7.29519e-06
34  9.5  1.64554e-05
4  0.2  0.541854
4  0.3  0.78309
4  0.4  0.989649
34  11.5  5.66705e-06
4  0.5  1.10125
4  0.6  1.10827
4  0.7  1.06495
4  0.8  0.958935
4  0.9  0.837412
34  12.0  4.38499e-06
4  1.0  0.717201
4  1.1  0.609555
4  1.2  0.519286
4  1.3  0.423142
4  1.4  0.346752
4  1.5  0.294276
4  1.6  0.243346
4  1.7  0.202923
4  1.9  0.139365
4  1.8  0.169498
34  10.5  9.39104e-06
4  2.0  0.119207
4  2.5  0.0527097
4  3.0  0.02536
4  3.5  0.0128659
4  5.5  0.00156825
4  4.0  0.007222
4  4.5  0.00410363
4  6.0  0.00102815
4  5.0  0.00249747
4  7.5  0.000335524
4  7.0  0.000472463
4  6.5  0.000692059
4  8.0  0.000235045
4  8.5  0.000170098
4  9.0  0.000128463
4  9.5  9.58978e-05
4  11.0  4.18489e-05
4  10.0  7.15143e-05
6  0.2  0.54308
4  11.5  3.31095e-05
6  0.3  0.779608
6  0.4  0.988732
6  0.5  1.09024
6  0.6  1.10316
6  0.7  1.04929
4  10.5  5.41931e-05
6  0.8  0.956011
6  0.9  0.833951
6  1.1  0.607724
6  1.0  0.71954
6  1.2  0.506751
6  1.3  0.42633
6  1.4  0.352089
6  1.5  0.294772
6  1.6  0.24214
6  1.7  0.201632
6  1.8  0.168921
6  1.9  0.140701
6  2.0  0.118676
6  2.5  0.0518348
6  3.0  0.0247789
6  3.5  0.012812
4  12.0  2.55743e-05
6  4.5  0.00413576
6  4.0  0.00702212
6  5.5  0.00157489
6  5.0  0.00248138
6  7.5  0.000326958
6  6.0  0.00100928
6  7.0  0.000468273
6  6.5  0.000682573
6  8.0  0.000236349
6  10.0  6.94029e-05
6  8.5  0.000175213
6  9.0  0.000128889
6  9.5  9.62287e-05
6  11.0  4.1313e-05
8  0.2  0.539963
8  0.3  0.781036
8  0.4  0.968054
8  0.5  1.08163
8  0.6  1.08915
6  10.5  5.36112e-05
8  0.7  1.05062
8  0.8  0.950409
8  0.9  0.826013
8  1.0  0.707238
8  1.1  0.601567
8  1.2  0.501214
8  1.3  0.420273
8  1.4  0.348541
8  1.5  0.288657
8  1.7  0.197223
8  1.6  0.240887
8  1.8  0.164541
8  1.9  0.139637
8  2.0  0.115066
8  2.5  0.0509943
8  3.0  0.0244036
8  3.5  0.0125605
6  11.5  3.26747e-05
8  4.5  0.00404325
6  12.0  2.52319e-05
8  4.0  0.00705531
8  5.5  0.00159125
8  5.0  0.00245842
8  7.5  0.000325513
8  6.0  0.00101242
8  6.5  0.000672154
8  8.0  0.000229498
8  7.0  0.000461471
8  8.5  0.000167194
8  10.0  6.87512e-05
8  9.0  0.000126531
8  9.5  9.25624e-05
8  11.0  4.1837e-05
8  10.5  5.42225e-05
8  11.5  3.11792e-05
8  12.0  2.48287e-05
