# exclusive D0 cross section, Pb target, LHAPDF fragmentation, An0n channel
# generated      : 2026-08-19 15:24:09 EEST
# calls          : 1e5 below 4.0 GeV, 2e3 above (see EXCL_PT_THRESHOLD) (VEGAS calls per point, see CALLS_EXCL/CALLS_EXCL_FACTORIZED/CALLS_DIFF)
# dipole samples : data/Pb/bk_posterior/member_0037/glauber_mve_<b>
# pD0 sweep      : 0.2 0.3 0.4 0.5 0.6 0.7 0.8 0.9 1.0 1.1 1.2 1.3 1.4 1.5 1.6 1.7 1.8 1.9 2.0 2.5 3.0 3.5 4.0 4.5 5.0 5.5 6.0 6.5 7.0 7.5 8.0 8.5 9.0 9.5 10.0 10.5 11.0 11.5 12.0
# fixed rapidity y : 0.0
# ============================================================
# b  pD0  dsigma_dyd2pD0
0  0.3  2.61022
0  0.2  3.22328
0  0.5  1.56556
0  0.4  2.05073
0  0.6  1.17362
0  0.7  0.868625
0  0.9  0.467556
0  0.8  0.637772
0  1.0  0.342374
0  1.2  0.184769
0  1.4  0.102413
0  1.1  0.250834
0  1.3  0.136804
0  1.5  0.0761223
0  1.8  0.0329121
0  1.6  0.0565518
0  1.7  0.0425737
0  1.9  0.0245843
0  2.0  0.0190533
0  2.5  0.00540371
0  3.5  0.000505811
0  3.0  0.00159883
0  5.0  3.5354e-05
0  4.0  0.000211102
0  4.5  8.38082e-05
0  5.5  1.6114e-05
0  7.0  1.95407e-06
0  6.0  7.60969e-06
0  6.5  3.78068e-06
0  8.0  5.74509e-07
0  7.5  1.04758e-06
0  8.5  3.30173e-07
0  9.0  1.92711e-07
0  9.5  1.15376e-07
0  10.0  7.10252e-08
10  0.2  3.05795
0  10.5  4.4406e-08
10  0.3  2.47356
10  0.4  1.93804
0  11.5  1.83737e-08
10  0.5  1.47668
10  0.7  0.81589
10  0.6  1.10452
10  0.8  0.597369
10  0.9  0.437273
10  1.0  0.318895
10  1.2  0.171872
10  1.1  0.233493
0  11.0  2.8301e-08
10  1.3  0.126618
10  1.5  0.0708465
10  1.4  0.093939
10  1.6  0.0522109
10  1.7  0.040005
10  1.8  0.0295978
10  2.0  0.0177093
10  1.9  0.0227291
10  2.5  0.00496872
10  3.0  0.00147369
10  3.5  0.000419082
0  12.0  1.22361e-08
10  4.5  7.68258e-05
10  5.5  1.46392e-05
10  4.0  0.000191543
10  5.0  3.25102e-05
10  6.0  6.91751e-06
10  7.5  9.591e-07
10  6.5  3.44912e-06
10  7.0  1.77856e-06
10  8.0  5.25414e-07
10  8.5  3.00203e-07
10  9.0  1.74781e-07
10  9.5  1.04646e-07
10  10.0  6.42885e-08
12  0.2  2.98014
12  0.3  2.40996
12  0.4  1.88637
10  10.5  4.02137e-08
12  0.5  1.43593
12  0.6  1.07246
12  0.7  0.790958
12  0.8  0.579115
12  0.9  0.42304
12  1.0  0.308504
12  1.1  0.225988
12  1.2  0.165378
12  1.3  0.122249
12  1.4  0.0906024
10  11.0  2.56355e-08
12  1.5  0.0679143
12  1.6  0.0510654
12  1.7  0.0378231
12  1.8  0.0287998
12  1.9  0.0220571
12  2.0  0.0172154
12  2.5  0.004737
12  3.0  0.001429
10  11.5  1.66502e-08
12  3.5  0.0003244
10  12.0  1.10855e-08
12  4.5  7.33592e-05
12  5.5  1.40058e-05
12  4.0  0.000183226
12  5.0  3.11588e-05
12  6.0  6.61657e-06
12  7.5  9.13653e-07
12  8.0  4.95766e-07
12  6.5  3.27427e-06
12  7.0  1.70091e-06
12  8.5  2.85181e-07
12  9.0  1.66826e-07
12  9.5  9.97714e-08
12  10.0  6.14129e-08
14  0.2  2.88563
14  0.3  2.33099
12  10.5  3.83117e-08
14  0.4  1.82249
14  0.5  1.38561
14  0.6  1.03413
14  0.7  0.761612
14  0.8  0.557461
14  0.9  0.406775
14  1.0  0.296305
14  1.1  0.216274
14  1.2  0.158391
12  11.0  2.44998e-08
14  1.3  0.116637
14  1.4  0.0865793
14  1.5  0.0641467
14  1.6  0.0490473
14  1.7  0.0372613
14  1.8  0.0271449
14  1.9  0.0206269
14  2.0  0.0160175
14  2.5  0.00441422
14  3.0  0.0014211
14  3.5  0.000361374
12  11.5  1.59207e-08
12  12.0  1.05784e-08
14  4.5  6.93453e-05
14  5.5  1.30333e-05
14  4.0  0.000173406
14  5.0  2.9463e-05
14  7.0  1.60108e-06
14  6.0  6.26809e-06
14  6.5  3.11492e-06
14  7.5  8.64518e-07
14  8.0  4.72121e-07
14  8.5  2.69966e-07
14  9.0  1.57361e-07
14  9.5  9.45115e-08
14  10.0  5.79392e-08
16  0.2  2.77287
14  12.0  9.98582e-09
14  10.5  3.62221e-08
16  0.3  2.23772
16  0.4  1.74607
16  0.5  1.3267
16  0.6  0.987366
16  0.7  0.726134
16  0.8  0.531096
16  0.9  0.386635
16  1.0  0.281548
16  1.1  0.204859
16  1.2  0.150452
14  11.0  2.30989e-08
16  1.3  0.110451
16  1.4  0.0821107
16  1.5  0.060662
16  1.6  0.0461727
16  1.7  0.0340987
16  1.8  0.025591
14  11.5  1.50364e-08
16  1.9  0.0195145
16  2.0  0.0153814
16  2.5  0.00430832
16  3.5  0.000431126
16  3.0  0.00121006
16  5.5  1.21565e-05
16  4.0  0.000162942
16  4.5  6.4507e-05
16  5.0  2.73949e-05
16  6.0  5.83588e-06
16  6.5  2.88909e-06
16  7.5  8.0218e-07
16  7.0  1.49397e-06
16  8.0  4.38975e-07
16  8.5  2.51057e-07
16  9.0  1.46413e-07
16  9.5  8.75186e-08
16  11.0  2.1366e-08
18  0.2  2.63643
16  10.0  5.3863e-08
18  0.3  2.12488
18  0.4  1.65573
16  10.5  3.36287e-08
18  0.5  1.25529
18  0.6  0.932375
18  0.7  0.684752
18  0.8  0.498596
18  0.9  0.362971
18  1.0  0.263454
18  1.1  0.192051
18  1.2  0.140773
18  1.3  0.103123
18  1.4  0.0765248
18  1.5  0.0564819
18  1.6  0.0430125
18  1.7  0.032402
18  1.9  0.0187352
18  1.8  0.023957
18  2.0  0.0143047
18  2.5  0.00393285
18  3.0  0.0012361
18  3.5  0.000340209
16  11.5  1.39299e-08
16  12.0  9.26866e-09
18  4.5  5.94095e-05
18  5.0  2.48502e-05
18  5.5  1.11473e-05
18  4.0  0.000149791
18  6.0  5.34898e-06
18  7.5  7.32392e-07
18  6.5  2.64059e-06
18  7.0  1.36823e-06
18  8.0  4.02288e-07
18  8.5  2.29709e-07
18  9.0  1.33914e-07
18  10.5  3.04495e-08
18  9.5  8.0258e-08
2  0.2  3.21888
18  10.0  4.92237e-08
2  0.3  2.60491
2  0.4  2.04654
2  0.5  1.56212
2  0.6  1.17081
2  0.7  0.866042
2  0.8  0.635826
2  0.9  0.466247
2  1.0  0.341281
2  1.1  0.250164
2  1.2  0.183606
2  1.3  0.136508
2  1.4  0.10213
2  1.5  0.0752492
18  11.0  1.96354e-08
2  1.6  0.0564095
2  1.8  0.0332309
2  1.7  0.0437974
2  1.9  0.0242193
2  2.0  0.0189125
2  2.5  0.00499676
18  11.5  1.27645e-08
2  3.0  0.00165676
2  3.5  0.000447693
18  12.0  8.52064e-09
2  5.0  3.52244e-05
2  4.0  0.000210352
2  4.5  8.35096e-05
2  5.5  1.6056e-05
2  7.0  1.94861e-06
2  6.5  3.76729e-06
2  6.0  7.58234e-06
2  8.0  5.7242e-07
2  7.5  1.04385e-06
2  8.5  3.28953e-07
2  9.0  1.91962e-07
2  9.5  1.1491e-07
2  10.5  4.43669e-08
2  10.0  7.07527e-08
20  0.2  2.47465
20  0.3  1.99077
20  0.4  1.54777
20  0.5  1.16974
20  0.6  0.867785
20  0.7  0.634762
20  0.8  0.461872
20  0.9  0.334362
20  1.0  0.242778
20  1.1  0.176561
2  11.0  2.65861e-08
20  1.2  0.129477
20  1.3  0.0950949
20  1.4  0.0700779
20  1.6  0.039207
20  1.5  0.0517663
20  1.7  0.0293961
20  1.8  0.0215443
20  1.9  0.0170339
20  2.0  0.0126229
20  2.5  0.00355685
20  3.0  0.00116441
20  3.5  0.000484832
2  11.5  1.83464e-08
2  12.0  1.21897e-08
20  4.0  0.000133913
20  4.5  5.31941e-05
20  5.0  2.26142e-05
20  5.5  1.01701e-05
20  6.5  2.35332e-06
20  6.0  4.78782e-06
20  7.0  1.2201e-06
20  7.5  6.55391e-07
20  8.0  3.58292e-07
20  9.5  7.0955e-08
20  8.5  2.05359e-07
20  9.0  1.19741e-07
20  10.0  4.39647e-08
22  0.2  2.27993
22  0.3  1.83124
20  10.5  2.74008e-08
22  0.4  1.4184
22  0.5  1.06996
22  0.6  0.79035
22  0.7  0.57644
22  0.8  0.418638
20  11.0  1.75466e-08
22  0.9  0.30279
22  1.0  0.218944
22  1.1  0.158841
22  1.2  0.116005
22  1.4  0.0624421
22  1.3  0.0846989
22  1.5  0.046124
22  1.6  0.0345918
22  1.7  0.0262423
22  1.8  0.0193299
22  1.9  0.0149673
22  2.0  0.0115766
22  2.5  0.0031144
20  11.5  1.13781e-08
22  3.5  0.000553017
22  3.0  0.000868194
20  12.0  7.51887e-09
22  4.5  4.6051e-05
22  4.0  0.000117114
22  5.0  1.97356e-05
22  5.5  8.85337e-06
22  7.5  5.70427e-07
22  6.0  4.18786e-06
22  6.5  2.05385e-06
22  7.0  1.06094e-06
22  8.0  3.11655e-07
22  8.5  1.78229e-07
22  9.0  1.03817e-07
22  10.5  2.3528e-08
22  9.5  6.21535e-08
22  10.0  3.81581e-08
24  0.2  2.04704
22  11.5  9.80019e-09
24  0.3  1.63938
24  0.4  1.26601
22  12.0  6.52791e-09
24  0.5  0.950343
24  0.6  0.700142
24  0.7  0.508704
24  0.8  0.367416
24  0.9  0.264717
24  1.0  0.190891
24  1.1  0.137968
24  1.2  0.100263
24  1.3  0.0735077
24  1.4  0.0538346
22  11.0  1.51939e-08
24  1.6  0.0298138
24  1.5  0.0395971
24  1.7  0.0219155
24  1.8  0.017034
24  1.9  0.0125966
24  2.0  0.00956684
24  2.5  0.0026951
24  3.5  0.000366963
24  3.0  0.000769599
24  4.5  3.85019e-05
24  4.0  9.82532e-05
24  5.0  1.65361e-05
24  5.5  7.37222e-06
24  7.0  8.91345e-07
24  6.0  3.49872e-06
24  6.5  1.71656e-06
24  8.5  1.47412e-07
24  7.5  4.72296e-07
24  8.0  2.59212e-07
24  9.0  8.62759e-08
24  9.5  5.15553e-08
24  10.0  3.15887e-08
26  0.2  1.76804
26  0.3  1.4094
26  0.4  1.08364
26  0.5  0.809817
24  12.0  5.41256e-09
26  0.6  0.593301
26  0.7  0.428787
24  10.5  1.97076e-08
26  0.8  0.308123
26  0.9  0.22119
26  1.0  0.158873
26  1.1  0.114219
26  1.2  0.0831819
24  11.0  1.25832e-08
26  1.3  0.0601266
26  1.4  0.0442904
26  1.5  0.0328714
26  1.6  0.0242043
26  1.7  0.0182754
26  1.8  0.0133191
26  1.9  0.0104328
26  2.0  0.00797917
26  2.5  0.00210943
26  3.0  0.000566267
24  11.5  8.17213e-09
26  3.5  0.000153732
26  4.0  7.74958e-05
26  4.5  3.07709e-05
26  5.0  1.30147e-05
26  6.5  1.34679e-06
26  6.0  2.73722e-06
26  5.5  5.80245e-06
26  7.0  6.93656e-07
26  7.5  3.695e-07
26  8.0  2.02633e-07
26  8.5  1.15796e-07
26  9.0  6.77014e-08
26  9.5  4.02155e-08
26  10.0  2.46111e-08
26  11.0  9.72816e-09
28  0.2  1.43904
28  0.3  1.14107
28  0.4  0.871898
26  10.5  1.53899e-08
28  0.5  0.64763
28  0.6  0.470713
28  0.7  0.337665
28  0.8  0.241537
28  0.9  0.172032
28  1.0  0.122969
28  1.1  0.0879023
28  1.2  0.0633717
28  1.3  0.0460479
28  1.4  0.0336757
28  1.5  0.0247956
28  1.6  0.0186521
28  1.8  0.0102764
28  1.7  0.0134496
28  1.9  0.007789
28  2.0  0.00598565
28  2.5  0.0015418
28  3.0  0.000470406
28  3.5  0.000213019
26  11.5  6.34379e-09
26  12.0  4.18655e-09
28  5.5  4.12069e-06
28  4.0  5.65972e-05
28  4.5  2.22221e-05
28  5.0  9.36997e-06
28  6.0  1.96504e-06
28  7.0  4.9484e-07
28  7.5  2.64593e-07
28  6.5  9.68309e-07
28  8.0  1.45292e-07
28  9.0  4.75139e-08
28  8.5  8.19802e-08
28  9.5  2.85748e-08
28  10.0  1.74559e-08
30  0.2  1.07214
28  10.5  1.08922e-08
30  0.3  0.844789
30  0.4  0.640156
30  0.5  0.470643
30  0.6  0.338975
30  0.7  0.241744
30  0.8  0.171175
30  0.9  0.121159
30  1.0  0.0860818
30  1.1  0.0610901
28  11.0  6.93893e-09
30  1.2  0.0438175
30  1.3  0.0315031
30  1.4  0.0230914
30  1.5  0.0168648
30  1.6  0.0122492
30  1.7  0.00923712
30  1.8  0.00700426
30  1.9  0.00519856
30  2.0  0.00392233
28  11.5  4.50382e-09
30  2.5  0.00101052
30  3.0  0.000345882
30  3.5  8.39749e-05
28  12.0  2.95894e-09
30  4.0  3.63206e-05
30  4.5  1.42071e-05
30  5.0  5.95443e-06
30  5.5  2.65102e-06
30  6.5  6.08575e-07
30  6.0  1.24588e-06
30  7.0  3.11637e-07
30  7.5  1.64508e-07
30  8.0  9.05611e-08
30  9.5  1.75748e-08
30  8.5  5.12774e-08
30  10.5  6.67899e-09
30  9.0  2.97296e-08
30  10.0  1.08321e-08
32  0.2  0.707759
32  0.3  0.553205
32  0.4  0.414586
32  0.5  0.301306
32  0.6  0.2147
32  0.7  0.151183
32  0.8  0.105999
32  0.9  0.0742122
32  1.0  0.0521984
32  1.1  0.0368483
32  1.2  0.026229
32  1.3  0.0187016
32  1.4  0.0136996
32  1.5  0.00993462
32  1.6  0.00737775
32  1.7  0.00533463
32  1.8  0.00389996
32  1.9  0.0029486
32  2.0  0.00229352
32  2.5  0.000563786
30  11.0  4.29682e-09
32  3.0  0.000143268
32  3.5  9.93962e-05
30  11.5  2.78624e-09
30  12.0  1.82969e-09
32  5.0  3.16903e-06
32  4.0  1.98707e-05
32  4.5  7.69639e-06
32  6.5  3.22458e-07
32  6.0  6.60863e-07
32  5.5  1.41705e-06
32  7.0  1.64953e-07
32  7.5  8.68158e-08
32  8.0  4.75685e-08
32  10.0  5.59077e-09
32  8.5  2.68225e-08
32  9.0  1.55707e-08
32  9.5  9.25291e-09
34  0.2  0.405994
34  0.3  0.313571
32  10.5  3.52226e-09
34  0.4  0.232061
34  0.5  0.166368
34  0.6  0.116972
34  0.7  0.0812565
34  0.8  0.0563377
34  0.9  0.039052
32  11.0  2.22591e-09
34  1.0  0.0270921
34  1.1  0.018927
34  1.2  0.0133293
34  1.3  0.00958612
34  1.4  0.00686936
34  1.5  0.00496405
34  1.6  0.00356554
34  1.7  0.00265758
34  1.8  0.00194246
34  1.9  0.00147307
32  11.5  1.44601e-09
34  2.0  0.00104988
34  2.5  0.000269522
34  3.0  7.88356e-05
34  3.5  3.32131e-05
32  12.0  9.43757e-10
34  4.0  9.02993e-06
34  4.5  3.47904e-06
34  5.0  1.43172e-06
34  5.5  6.30522e-07
34  6.0  2.90052e-07
34  6.5  1.42051e-07
34  7.0  7.17369e-08
34  7.5  3.77556e-08
34  8.5  1.14567e-08
34  8.0  2.0488e-08
34  9.0  6.66049e-09
34  9.5  3.95266e-09
34  10.0  2.40532e-09
34  11.0  9.38868e-10
4  0.2  3.19702
4  0.3  2.58853
4  0.4  2.03223
4  0.5  1.55126
4  0.6  1.16263
4  0.7  0.860676
4  0.8  0.631289
4  0.9  0.463626
4  1.0  0.337978
34  10.5  1.49857e-09
4  1.1  0.247577
4  1.2  0.182607
4  1.3  0.135036
4  1.4  0.101292
4  1.5  0.0747684
4  1.6  0.0559695
4  1.7  0.0432316
4  1.8  0.0327191
4  1.9  0.024801
4  2.0  0.0190736
4  2.5  0.0052358
4  3.0  0.00158599
4  3.5  0.000643001
34  11.5  6.07423e-10
34  12.0  3.99713e-10
4  5.0  3.48326e-05
4  4.0  0.000208108
4  4.5  8.26125e-05
4  5.5  1.58812e-05
4  6.5  3.72683e-06
4  6.0  7.49834e-06
4  8.0  5.66372e-07
4  7.5  1.03272e-06
4  7.0  1.92915e-06
4  8.5  3.25469e-07
4  9.0  1.8983e-07
4  9.5  1.14778e-07
4  10.0  6.97945e-08
6  0.2  3.16554
6  0.3  2.56315
6  0.4  2.01055
4  10.5  4.37477e-08
6  0.5  1.53515
6  0.6  1.14837
6  0.7  0.850191
6  0.8  0.623337
6  0.9  0.457113
6  1.0  0.334036
6  1.1  0.24481
6  1.2  0.17948
6  1.3  0.133646
4  11.0  2.77821e-08
6  1.4  0.0987653
6  1.5  0.0733229
6  1.6  0.0557245
6  1.7  0.0416107
6  1.8  0.0313342
6  2.0  0.0187889
6  1.9  0.0239562
4  11.5  1.82017e-08
6  2.5  0.00519038
6  3.5  0.000563709
6  3.0  0.0014928
4  12.0  1.20536e-08
6  5.0  3.41775e-05
6  4.0  0.000204366
6  5.5  1.55989e-05
6  4.5  8.11113e-05
6  6.5  3.65887e-06
6  6.0  7.35918e-06
6  7.0  1.891e-06
6  7.5  1.01413e-06
6  8.5  3.1741e-07
6  8.0  5.5678e-07
6  9.0  1.86256e-07
6  9.5  1.11471e-07
6  10.0  6.84811e-08
8  0.2  3.11914
8  0.3  2.52438
6  10.5  4.29094e-08
8  0.4  1.97955
8  0.5  1.50946
8  0.6  1.13073
8  0.7  0.833937
8  0.8  0.612312
8  0.9  0.44807
8  1.0  0.327387
8  1.1  0.23977
6  11.0  2.73255e-08
8  1.2  0.176108
8  1.3  0.130387
8  1.4  0.0969827
8  1.5  0.0722303
8  1.6  0.0547975
8  1.7  0.0414201
8  1.8  0.0315264
8  1.9  0.0234444
6  11.5  1.78533e-08
8  2.0  0.017895
8  2.5  0.00484635
8  3.0  0.0014682
8  3.5  0.000681443
6  12.0  1.18268e-08
8  5.0  3.32592e-05
8  5.5  1.51784e-05
8  4.0  0.000198477
8  4.5  7.89485e-05
8  6.0  7.1658e-06
8  6.5  3.56342e-06
8  7.5  9.86089e-07
8  7.0  1.84759e-06
8  8.0  5.43232e-07
8  8.5  3.10944e-07
8  9.0  1.81254e-07
8  9.5  1.0871e-07
8  10.0  6.68146e-08
8  10.5  4.17611e-08
8  11.0  2.65828e-08
8  11.5  1.73511e-08
8  12.0  1.14942e-08
