# diffractive D0 cross section, Pb target, LHAPDF fragmentation, An0n channel
# generated      : 2026-08-19 15:24:06 EEST
# calls          : 1e5 (VEGAS calls per point, see CALLS_EXCL/CALLS_EXCL_FACTORIZED/CALLS_DIFF)
# dipole samples : data/Pb/bk_posterior/member_0030/glauber_mve_<b>
# pD0 sweep      : 0.2 0.3 0.4 0.5 0.6 0.7 0.8 0.9 1.0 1.1 1.2 1.3 1.4 1.5 1.6 1.7 1.8 1.9 2.0 2.5 3.0 3.5 4.0 4.5 5.0 5.5 6.0 6.5 7.0 7.5 8.0 8.5 9.0 9.5 10.0 10.5 11.0 11.5 12.0
# fixed rapidity y : 2.0
# ============================================================
# b  pD0  dsigma_dyd2pD0
0  0.2  0.221096
0  0.4  0.404325
0  0.5  0.428624
0  0.3  0.321785
0  0.6  0.421218
0  0.9  0.292343
0  0.7  0.3924
0  0.8  0.344121
0  1.3  0.129745
0  1.1  0.196
0  1.0  0.240357
0  1.2  0.158128
0  1.5  0.0828852
0  1.6  0.066841
0  1.4  0.102297
0  1.7  0.0532747
0  1.8  0.0426406
0  1.9  0.0344187
0  2.0  0.027345
0  2.5  0.0103891
0  3.0  0.00416087
0  3.5  0.00190443
0  4.5  0.000451253
0  5.5  0.000132342
0  4.0  0.000876995
0  5.0  0.000238075
0  6.0  7.53028e-05
0  7.0  2.66851e-05
0  6.5  4.41713e-05
0  7.5  1.6581e-05
0  8.0  1.06952e-05
0  8.5  6.91642e-06
0  9.0  4.46032e-06
0  10.5  1.36224e-06
0  9.5  3.01148e-06
10  0.2  0.215572
10  0.3  0.315582
10  0.4  0.38828
10  0.5  0.423006
10  0.6  0.415389
10  0.7  0.381357
0  10.0  2.00689e-06
10  0.8  0.333652
10  0.9  0.282068
10  1.0  0.232553
10  1.1  0.18927
10  1.2  0.152379
10  1.3  0.123628
10  1.4  0.0990148
10  1.5  0.0783139
10  1.6  0.0631026
10  1.7  0.050886
10  1.9  0.0324428
10  1.8  0.0408762
10  2.5  0.00984634
10  2.0  0.0267731
10  3.0  0.00400752
10  3.5  0.00174878
0  11.0  9.6742e-07
0  11.5  6.79495e-07
0  12.0  4.74717e-07
10  4.5  0.000423527
10  4.0  0.00085005
10  5.5  0.000123924
10  5.0  0.000225844
10  6.0  7.25185e-05
10  7.0  2.55469e-05
10  6.5  4.24283e-05
10  7.5  1.57855e-05
10  8.5  6.61052e-06
10  8.0  1.00444e-05
10  9.5  2.92184e-06
10  9.0  4.34394e-06
12  0.2  0.212996
12  0.3  0.31543
10  10.0  1.87553e-06
12  0.4  0.387232
10  11.5  6.39882e-07
12  0.5  0.418229
12  0.6  0.410604
12  0.7  0.376541
12  0.8  0.329193
12  0.9  0.27831
12  1.1  0.185698
10  10.5  1.32233e-06
12  1.0  0.228735
12  1.2  0.150104
12  1.3  0.120505
12  1.5  0.0775005
12  1.4  0.0968122
12  1.6  0.0608379
12  1.7  0.0499445
12  1.8  0.0402035
12  2.0  0.0261067
12  1.9  0.0322666
12  3.0  0.00388525
12  2.5  0.00949541
12  3.5  0.00171393
10  11.0  9.21064e-07
10  12.0  4.59098e-07
12  4.5  0.000420701
12  4.0  0.000810277
12  5.0  0.00022224
12  5.5  0.000120305
12  6.0  7.07953e-05
12  7.0  2.4891e-05
12  6.5  4.13746e-05
12  7.5  1.56815e-05
12  8.5  6.41112e-06
12  8.0  9.62963e-06
12  9.0  4.205e-06
12  9.5  2.79419e-06
12  11.5  6.08083e-07
12  10.0  1.81269e-06
14  0.2  0.213789
14  0.3  0.310891
14  0.4  0.381177
14  0.5  0.412232
14  0.6  0.405285
14  0.8  0.324811
12  10.5  1.3039e-06
14  0.7  0.370287
14  0.9  0.273362
14  1.0  0.223186
14  1.1  0.181105
14  1.2  0.146312
14  1.3  0.117605
14  1.5  0.0745017
14  1.4  0.0961906
12  11.0  9.01321e-07
14  1.6  0.0592568
14  1.7  0.0477537
14  1.8  0.0389856
14  1.9  0.031339
14  2.5  0.00941509
14  2.0  0.0252053
14  3.0  0.00370703
14  3.5  0.00170915
12  12.0  4.39636e-07
14  4.5  0.000404824
14  4.0  0.000806816
14  5.0  0.000213428
14  5.5  0.000115271
14  6.5  3.92472e-05
14  6.0  6.67974e-05
14  7.0  2.44747e-05
14  7.5  1.52627e-05
14  8.5  6.22893e-06
14  8.0  9.32436e-06
14  9.0  4.0435e-06
14  9.5  2.76581e-06
14  10.0  1.84973e-06
16  0.2  0.210611
14  11.5  6.10704e-07
16  0.3  0.310639
16  0.4  0.377069
16  0.5  0.408496
16  0.6  0.401084
16  0.7  0.364768
16  0.8  0.317627
14  10.5  1.29759e-06
16  0.9  0.265635
16  1.0  0.218791
16  1.1  0.176931
16  1.2  0.142305
16  1.3  0.112673
16  1.4  0.0921199
16  1.6  0.0583497
16  1.5  0.0726003
16  1.7  0.0467214
16  1.8  0.0373083
16  1.9  0.0302768
14  12.0  4.33711e-07
16  2.0  0.0246642
16  2.5  0.00902194
14  11.0  8.38342e-07
16  3.0  0.00359686
16  3.5  0.00161502
16  4.0  0.000780558
16  4.5  0.000379879
16  5.5  0.000115075
16  5.0  0.000200143
16  6.0  6.61805e-05
16  6.5  3.82844e-05
16  7.0  2.35653e-05
16  7.5  1.48186e-05
16  8.0  9.32657e-06
16  8.5  6.00334e-06
16  9.0  3.83514e-06
16  9.5  2.65652e-06
18  0.2  0.209238
16  10.5  1.22203e-06
18  0.3  0.310255
16  10.0  1.7921e-06
16  11.5  5.9785e-07
18  0.4  0.376143
18  0.5  0.396819
18  0.6  0.388437
18  0.7  0.353475
18  0.8  0.305452
18  0.9  0.257618
18  1.0  0.211521
18  1.1  0.170638
18  1.3  0.111107
18  1.2  0.137162
18  1.5  0.0701661
18  1.4  0.0888136
18  1.6  0.0565322
18  1.7  0.0445685
18  1.8  0.0357082
18  1.9  0.0286849
18  2.0  0.0235567
18  2.5  0.00862512
16  11.0  7.94357e-07
18  3.0  0.00343819
18  3.5  0.00154145
16  12.0  4.13707e-07
18  4.0  0.000737101
18  4.5  0.000363621
18  5.0  0.000196423
18  5.5  0.000107465
18  6.0  6.17977e-05
18  7.0  2.27926e-05
18  6.5  3.78563e-05
18  7.5  1.39687e-05
18  8.0  8.58146e-06
18  8.5  5.78061e-06
18  9.0  3.81832e-06
18  9.5  2.51057e-06
18  10.0  1.67918e-06
2  0.2  0.220441
2  0.3  0.319981
2  0.4  0.397644
2  0.5  0.427046
2  0.6  0.425291
2  0.7  0.391632
2  0.8  0.342366
2  0.9  0.292071
18  10.5  1.16621e-06
2  1.0  0.240154
2  1.1  0.195251
2  1.2  0.158606
2  1.3  0.128091
18  11.5  5.52026e-07
2  1.4  0.102293
2  1.5  0.0818511
2  1.6  0.0647749
2  1.7  0.053017
2  1.8  0.0425404
2  1.9  0.0338671
2  2.5  0.0102342
2  2.0  0.0278408
2  3.0  0.00421938
18  11.0  7.98622e-07
2  3.5  0.00182458
18  12.0  3.88835e-07
2  4.5  0.000449222
2  4.0  0.000908909
2  5.0  0.000239714
2  5.5  0.000133411
2  6.0  7.38632e-05
2  7.0  2.6673e-05
2  6.5  4.40481e-05
2  7.5  1.63636e-05
2  8.0  1.07292e-05
2  8.5  6.89241e-06
2  9.0  4.34698e-06
2  10.5  1.39665e-06
2  9.5  3.04695e-06
20  0.2  0.205971
20  0.3  0.302908
2  10.0  2.04026e-06
20  0.4  0.367245
20  0.5  0.387915
20  0.6  0.379421
20  0.7  0.344193
20  0.8  0.297123
20  0.9  0.242733
20  1.0  0.201343
20  1.1  0.163615
20  1.2  0.130905
20  1.3  0.104648
20  1.4  0.0837959
20  1.5  0.0651243
20  1.6  0.0525937
20  1.7  0.0421929
20  1.8  0.0341297
20  2.0  0.0220518
20  1.9  0.0273987
20  3.0  0.00339806
20  2.5  0.00813184
2  11.0  9.61354e-07
20  3.5  0.00145982
2  11.5  6.8019e-07
2  12.0  4.45975e-07
20  4.0  0.000710418
20  5.0  0.000187535
20  4.5  0.00034434
20  5.5  0.000103261
20  6.0  5.9981e-05
20  7.0  2.12036e-05
20  6.5  3.55089e-05
20  7.5  1.31029e-05
20  8.0  8.35004e-06
20  8.5  5.28762e-06
20  9.5  2.35586e-06
20  9.0  3.54488e-06
20  10.0  1.56381e-06
22  0.2  0.204279
22  0.3  0.297121
22  0.4  0.358225
22  0.5  0.38147
20  11.5  5.35352e-07
22  0.6  0.369533
22  0.7  0.326537
22  0.8  0.283891
22  1.1  0.152556
22  0.9  0.234898
22  1.0  0.192163
22  1.2  0.123654
22  1.3  0.0984991
22  1.4  0.0770641
22  1.5  0.0620034
22  1.6  0.0497273
22  1.7  0.0406133
22  1.8  0.0321068
22  1.9  0.0256999
22  2.0  0.0209825
22  2.5  0.00755415
22  3.5  0.00134597
22  3.0  0.00309402
20  10.5  1.1029e-06
20  11.0  7.32129e-07
20  12.0  3.69834e-07
22  4.0  0.000652979
22  4.5  0.000323484
22  5.0  0.000171862
22  5.5  9.41432e-05
22  6.0  5.44616e-05
22  7.0  2.00181e-05
22  6.5  3.21589e-05
22  7.5  1.21528e-05
22  8.0  7.68703e-06
22  8.5  5.0246e-06
22  9.0  3.26666e-06
22  9.5  2.22872e-06
22  11.0  6.90913e-07
24  0.2  0.196615
24  0.3  0.286013
22  10.0  1.51434e-06
22  11.5  4.7829e-07
24  0.4  0.346836
24  0.5  0.365026
24  0.6  0.347485
24  0.7  0.309247
24  0.9  0.220691
24  0.8  0.264517
24  1.0  0.178329
24  1.2  0.114941
24  1.1  0.142848
24  1.3  0.0909087
24  1.4  0.0709164
24  1.6  0.045055
24  1.5  0.057432
24  1.8  0.0292923
24  1.7  0.03632
24  2.0  0.0190771
24  1.9  0.0233679
24  3.0  0.00284991
22  10.5  9.92755e-07
24  2.5  0.00691027
24  3.5  0.00123761
22  12.0  3.47232e-07
24  4.5  0.000299527
24  5.0  0.000154505
24  4.0  0.000595235
24  6.0  4.78233e-05
24  5.5  8.76991e-05
24  7.0  1.7989e-05
24  6.5  2.98315e-05
24  8.0  7.02298e-06
24  7.5  1.09406e-05
24  8.5  4.53093e-06
24  9.0  2.93966e-06
24  9.5  2.00031e-06
24  10.0  1.37046e-06
24  11.0  6.43933e-07
26  0.2  0.191386
26  0.3  0.278577
26  0.4  0.33372
26  0.5  0.342902
26  0.6  0.323286
26  0.7  0.287769
26  0.9  0.197511
26  0.8  0.24228
24  10.5  8.95135e-07
26  1.0  0.161291
26  1.1  0.131018
26  1.2  0.103199
26  1.3  0.0797179
26  1.4  0.0645892
26  1.7  0.0329993
26  1.5  0.0516661
26  1.6  0.040155
26  1.8  0.0258297
26  1.9  0.0210847
26  2.0  0.016714
26  3.0  0.00248372
26  2.5  0.00608732
26  3.5  0.00111014
24  11.5  4.52318e-07
24  12.0  3.13543e-07
26  4.0  0.00052016
26  4.5  0.000257525
26  5.0  0.000141602
26  6.0  4.33097e-05
26  5.5  7.59404e-05
26  7.0  1.53894e-05
26  6.5  2.56518e-05
26  7.5  9.82112e-06
26  8.0  6.19186e-06
26  10.0  1.20553e-06
26  8.5  3.98608e-06
26  9.0  2.66033e-06
26  9.5  1.74521e-06
26  10.5  8.12863e-07
28  0.2  0.186216
28  0.3  0.262643
28  0.4  0.313024
28  0.5  0.311599
28  0.6  0.285925
28  0.7  0.253465
28  0.9  0.175133
28  0.8  0.213105
28  1.0  0.13941
28  1.1  0.109825
28  1.2  0.0878301
28  1.3  0.0700612
28  1.5  0.0437533
28  1.4  0.0553983
28  1.6  0.0345344
26  11.5  3.92878e-07
28  1.7  0.0273913
28  1.8  0.0217609
28  1.9  0.0174375
26  11.0  5.70071e-07
28  2.0  0.0143198
28  2.5  0.00517526
28  3.0  0.00208571
28  3.5  0.000923254
26  12.0  2.76028e-07
28  4.0  0.00042994
28  5.5  6.29625e-05
28  5.0  0.000115651
28  4.5  0.000218545
28  6.5  2.14556e-05
28  6.0  3.635e-05
28  7.0  1.34807e-05
28  7.5  8.2132e-06
28  8.5  3.38047e-06
28  8.0  5.20218e-06
28  9.0  2.20578e-06
28  10.0  9.96287e-07
28  9.5  1.47865e-06
28  11.0  4.73766e-07
30  0.2  0.171759
30  0.3  0.241892
30  0.4  0.275306
30  0.5  0.271439
30  0.6  0.25026
30  0.8  0.174745
30  0.7  0.21083
28  10.5  6.80801e-07
30  0.9  0.142106
30  1.0  0.111987
30  1.1  0.0905438
30  1.2  0.0707453
30  1.3  0.0560808
30  1.4  0.0435803
30  1.5  0.035099
30  1.6  0.0276341
30  1.7  0.021406
30  1.8  0.0171429
30  1.9  0.0141142
30  2.0  0.011425
30  2.5  0.00414266
30  3.5  0.000709646
30  3.0  0.00165361
28  11.5  3.30643e-07
30  4.0  0.000345958
28  12.0  2.32227e-07
30  4.5  0.000172609
30  5.0  9.21363e-05
30  5.5  5.04616e-05
30  6.0  2.87113e-05
30  7.0  1.03455e-05
30  6.5  1.70132e-05
30  7.5  6.4505e-06
30  8.0  4.11887e-06
30  9.5  1.12192e-06
30  8.5  2.60185e-06
30  9.0  1.776e-06
30  10.0  7.9349e-07
32  0.2  0.154477
30  11.5  2.5892e-07
32  0.3  0.209628
32  0.4  0.229622
32  0.5  0.219215
32  0.6  0.191032
32  0.7  0.162395
32  0.8  0.131907
30  10.5  5.37529e-07
32  1.0  0.0845478
32  0.9  0.106433
32  1.1  0.0677046
32  1.2  0.0521731
32  1.3  0.0415161
32  1.4  0.0320726
32  1.5  0.0248922
32  1.6  0.0201675
32  1.7  0.01573
32  1.8  0.0127027
32  2.0  0.00791147
32  1.9  0.0102099
32  2.5  0.00288596
30  11.0  3.74731e-07
32  3.0  0.00117002
32  3.5  0.000524699
30  12.0  1.77639e-07
32  4.0  0.000239209
32  5.0  6.68099e-05
32  4.5  0.000122595
32  5.5  3.49687e-05
32  6.0  2.05498e-05
32  7.0  7.50434e-06
32  6.5  1.22734e-05
32  7.5  4.61662e-06
32  8.0  2.92605e-06
32  9.5  8.45778e-07
32  8.5  1.92547e-06
32  9.0  1.23763e-06
32  10.0  5.6728e-07
34  0.2  0.132084
34  0.3  0.165654
34  0.4  0.171348
34  0.5  0.15724
34  0.6  0.134554
34  0.7  0.112419
34  0.8  0.0905126
32  10.5  3.76494e-07
34  1.0  0.0563793
34  1.1  0.0442854
34  0.9  0.0699563
34  1.2  0.0341212
34  1.3  0.0272285
34  1.4  0.0211228
34  1.5  0.0167388
34  1.6  0.0130126
34  1.7  0.0103774
34  1.8  0.00807024
34  1.9  0.00635769
34  2.0  0.00531439
34  2.5  0.00196421
32  11.0  2.65079e-07
34  3.0  0.000761145
34  3.5  0.0003267
32  11.5  1.86016e-07
32  12.0  1.30604e-07
34  4.0  0.000155465
34  5.0  4.39124e-05
34  4.5  8.26949e-05
34  5.5  2.35276e-05
34  6.0  1.33994e-05
34  6.5  7.9715e-06
34  7.0  4.861e-06
34  7.5  2.99229e-06
34  8.0  1.92512e-06
34  9.0  7.71118e-07
34  8.5  1.19693e-06
34  10.0  3.62754e-07
34  9.5  5.33076e-07
4  0.2  0.216538
4  0.3  0.317376
4  0.4  0.393849
4  0.5  0.427526
4  0.6  0.429787
4  0.7  0.391234
34  10.5  2.47719e-07
4  0.8  0.342385
4  0.9  0.292093
4  1.0  0.24101
4  1.1  0.194162
4  1.2  0.156639
4  1.3  0.126338
4  1.4  0.103636
4  1.5  0.0818198
4  1.6  0.0659637
34  11.0  1.70285e-07
4  1.9  0.0339501
4  1.7  0.0539537
4  1.8  0.0422695
4  2.0  0.027417
4  2.5  0.0101931
4  3.0  0.00414942
4  3.5  0.00189038
34  11.5  1.16517e-07
34  12.0  8.34945e-08
4  4.5  0.000447493
4  4.0  0.00087545
4  5.0  0.000234645
4  5.5  0.000132532
4  6.0  7.49202e-05
4  7.0  2.64997e-05
4  6.5  4.40301e-05
4  7.5  1.66645e-05
4  8.0  1.07428e-05
4  8.5  6.85264e-06
4  9.0  4.43273e-06
4  10.5  1.39125e-06
4  9.5  2.99783e-06
4  11.5  6.75002e-07
6  0.2  0.216434
4  10.0  2.04853e-06
6  0.3  0.321413
6  0.4  0.392348
6  0.5  0.427949
6  0.6  0.425106
6  0.7  0.390998
6  0.8  0.340973
6  0.9  0.290239
6  1.0  0.237386
6  1.1  0.193585
6  1.2  0.156901
6  1.3  0.124969
6  1.4  0.101175
4  11.0  9.57548e-07
6  1.5  0.0806905
6  1.6  0.0632868
6  1.8  0.0418998
6  1.7  0.0524415
6  1.9  0.0337781
6  2.0  0.0275277
6  3.0  0.00410708
6  2.5  0.0100625
6  3.5  0.00180521
4  12.0  4.70529e-07
6  4.5  0.000439905
6  4.0  0.000858263
6  5.5  0.000128772
6  5.0  0.000233007
6  6.0  7.43916e-05
6  7.0  2.67694e-05
6  6.5  4.33504e-05
6  7.5  1.64452e-05
6  8.0  1.04245e-05
6  8.5  6.80214e-06
6  9.0  4.43253e-06
6  10.5  1.38353e-06
6  9.5  3.00334e-06
8  0.2  0.219969
8  0.3  0.321882
6  10.0  1.99054e-06
8  0.4  0.391712
8  0.5  0.421006
8  0.6  0.420241
8  0.7  0.387934
8  0.8  0.334342
8  0.9  0.284937
6  11.5  6.53687e-07
8  1.0  0.234883
8  1.1  0.188572
8  1.2  0.155086
8  1.3  0.123917
8  1.4  0.0998416
8  1.5  0.079716
8  1.6  0.0634869
8  1.7  0.0514786
8  1.9  0.0325129
8  1.8  0.0412692
6  11.0  9.4745e-07
8  2.0  0.0271888
8  2.5  0.00991534
8  3.0  0.0040401
8  3.5  0.00176837
6  12.0  4.70145e-07
8  4.5  0.000435644
8  5.0  0.0002284
8  4.0  0.00086171
8  5.5  0.000128624
8  6.0  7.32388e-05
8  7.0  2.59045e-05
8  6.5  4.30856e-05
8  7.5  1.61289e-05
8  8.0  1.03039e-05
8  8.5  6.73096e-06
8  9.0  4.40079e-06
8  9.5  2.91429e-06
8  11.5  6.41413e-07
8  10.0  1.98748e-06
8  10.5  1.36547e-06
8  11.0  9.37082e-07
8  12.0  4.57224e-07
