# exclusive D0 cross section, Pb target, LHAPDF fragmentation, An0n channel
# generated      : 2026-08-20 11:02:17 EEST
# calls          : 1e5 below 4.0 GeV, 2e3 above (see EXCL_PT_THRESHOLD) (VEGAS calls per point, see CALLS_EXCL/CALLS_EXCL_FACTORIZED/CALLS_DIFF)
# dipole samples : data/Pb/bk_posterior/member_0030/glauber_mve_<b>
# pD0 sweep      : 0.2 0.3 0.4 0.5 0.6 0.7 0.8 0.9 1.0 1.1 1.2 1.3 1.4 1.5 1.6 1.7 1.8 1.9 2.0 2.5 3.0 3.5 4.0 4.5 5.0 5.5 6.0 6.5 7.0 7.5 8.0 8.5 9.0 9.5 10.0 10.5 11.0 11.5 12.0
# fixed rapidity y : 2.0
# ============================================================
# b  pD0  dsigma_dyd2pD0
0  0.5  0.813492
0  0.2  1.73198
0  0.3  1.39506
0  0.4  1.0816
0  0.7  0.433076
0  0.6  0.598206
0  1.1  0.111733
0  0.8  0.310089
0  0.9  0.220789
0  1.0  0.157052
0  1.2  0.0794727
0  1.3  0.0567009
0  1.4  0.040594
0  1.5  0.0292257
0  1.7  0.0156848
0  1.6  0.0210823
0  1.8  0.011139
0  1.9  0.00822226
0  2.5  0.00145231
0  2.0  0.00605635
0  3.0  0.000353236
0  3.5  0.000115393
0  4.0  3.56386e-05
0  4.5  1.22587e-05
0  5.0  4.57373e-06
0  5.5  1.80079e-06
0  6.0  7.49089e-07
0  6.5  3.26141e-07
0  7.0  1.48242e-07
0  7.5  6.98919e-08
0  8.0  3.4122e-08
0  8.5  1.71729e-08
0  10.5  1.4347e-09
0  9.0  8.89499e-09
0  9.5  4.7231e-09
0  10.0  2.56924e-09
10  0.2  1.65625
10  0.3  1.33133
10  0.4  1.03027
10  0.5  0.773945
10  0.6  0.567967
10  0.7  0.410154
10  0.8  0.293326
10  0.9  0.208499
10  1.0  0.147967
0  11.0  8.10477e-10
10  1.1  0.104934
10  1.2  0.0749949
10  1.3  0.0531999
10  1.4  0.0380848
10  1.5  0.0273496
10  1.6  0.0197175
10  1.7  0.0142812
10  1.8  0.0104185
10  1.9  0.00759727
10  2.0  0.00563525
10  2.5  0.00137115
10  3.0  0.000331739
10  3.5  0.000107181
0  11.5  4.6599e-10
0  12.0  2.73347e-10
10  4.0  3.28976e-05
10  4.5  1.13457e-05
10  5.0  4.20018e-06
10  5.5  1.65134e-06
10  6.0  6.85054e-07
10  6.5  2.98395e-07
10  7.0  1.35443e-07
10  7.5  6.38582e-08
10  8.0  3.11533e-08
10  8.5  1.56766e-08
10  9.5  4.34992e-09
10  9.0  8.11091e-09
10  10.5  1.30586e-09
12  0.2  1.61974
10  10.0  2.3372e-09
12  0.3  1.30071
10  11.0  7.38192e-10
12  0.4  1.00673
12  0.5  0.754975
12  0.6  0.553836
12  0.7  0.399686
12  0.8  0.285308
12  0.9  0.202972
12  1.0  0.143688
12  1.1  0.101869
12  1.2  0.072367
12  1.3  0.0516052
12  1.4  0.0369665
12  1.5  0.0265022
12  1.7  0.01425
12  1.6  0.0192236
12  1.8  0.0103479
12  1.9  0.00734391
12  3.0  0.000312044
12  2.0  0.00547526
12  2.5  0.00130616
12  3.5  7.85612e-05
10  11.5  4.26482e-10
10  12.0  2.48607e-10
12  4.0  3.16266e-05
12  4.5  1.08919e-05
12  5.0  4.02076e-06
12  5.5  1.58394e-06
12  6.0  6.569e-07
12  6.5  2.86032e-07
12  7.0  1.2978e-07
12  7.5  6.11584e-08
12  8.0  2.98306e-08
12  8.5  1.50062e-08
12  9.0  7.76519e-09
12  10.5  1.24958e-09
12  9.5  4.1189e-09
12  10.0  2.23536e-09
14  0.2  1.57622
14  0.3  1.26448
14  0.4  0.977738
14  0.5  0.732808
14  0.6  0.536304
14  0.7  0.387027
14  0.8  0.275991
14  0.9  0.195773
14  1.0  0.13861
14  1.1  0.0981913
12  11.0  7.03072e-10
14  1.2  0.070168
14  1.3  0.0496593
14  1.4  0.0354976
14  1.5  0.0255627
14  1.6  0.018427
14  1.8  0.00990909
14  1.7  0.0132772
14  1.9  0.00721349
14  2.5  0.00114892
14  2.0  0.00525921
14  3.0  0.000327823
12  11.5  4.0581e-10
14  3.5  8.81961e-05
12  12.0  2.37628e-10
14  5.0  3.83616e-06
14  4.0  3.00467e-05
14  4.5  1.03651e-05
14  6.5  2.73001e-07
14  5.5  1.5028e-06
14  6.0  6.23386e-07
14  7.0  1.22924e-07
14  7.5  5.7921e-08
14  9.0  7.44246e-09
14  8.0  2.82528e-08
14  8.5  1.42071e-08
14  9.5  3.89778e-09
14  10.0  2.11507e-09
16  0.2  1.52263
16  0.3  1.22111
16  0.4  0.942321
14  10.5  1.17349e-09
16  0.5  0.705631
16  0.6  0.516102
16  0.7  0.371284
16  0.8  0.264535
16  0.9  0.187619
16  1.1  0.0940575
16  1.0  0.132624
16  1.2  0.0665591
14  11.0  6.6487e-10
16  1.3  0.0474185
16  1.4  0.033844
16  1.5  0.0242369
16  1.6  0.0177392
16  1.7  0.0126316
16  1.8  0.00940731
16  1.9  0.00676841
16  2.0  0.00506437
16  2.5  0.00108699
16  3.0  0.00028501
16  3.5  9.84549e-05
14  11.5  3.83413e-10
14  12.0  2.24549e-10
16  5.0  3.59844e-06
16  4.0  2.8255e-05
16  4.5  9.72007e-06
16  5.5  1.41162e-06
16  6.0  5.84084e-07
16  6.5  2.53936e-07
16  7.0  1.15063e-07
16  8.5  1.33868e-08
16  7.5  5.42025e-08
16  8.0  2.64058e-08
16  9.0  6.86526e-09
16  9.5  3.63698e-09
18  0.2  1.45903
16  10.0  1.97614e-09
18  0.3  1.16788
18  0.4  0.900622
16  10.5  1.09671e-09
18  0.5  0.673033
18  0.6  0.491221
18  0.7  0.352887
18  0.8  0.250883
18  0.9  0.177463
18  1.0  0.125403
18  1.1  0.0885485
18  1.2  0.0629083
18  1.3  0.0448366
18  1.4  0.0317728
18  1.5  0.0227325
18  1.6  0.0164157
18  1.7  0.0117721
18  1.8  0.00883662
16  11.0  6.19918e-10
18  2.0  0.00465694
18  2.5  0.00103171
18  1.9  0.00631303
18  3.0  0.000270915
18  3.5  8.1158e-05
16  11.5  3.57589e-10
18  4.5  9.00303e-06
16  12.0  2.09305e-10
18  5.0  3.32422e-06
18  4.0  2.61567e-05
18  5.5  1.29971e-06
18  6.0  5.38613e-07
18  6.5  2.33814e-07
18  7.0  1.0595e-07
18  7.5  4.98492e-08
18  8.0  2.42795e-08
18  8.5  1.21953e-08
18  9.0  6.31029e-09
18  9.5  3.34061e-09
18  10.0  1.81327e-09
2  0.2  1.72885
2  0.3  1.39259
2  0.4  1.08016
2  0.5  0.811934
2  0.6  0.597093
2  0.7  0.432181
18  10.5  1.0051e-09
2  0.8  0.30945
2  0.9  0.220316
2  1.0  0.156576
2  1.1  0.111507
18  11.0  5.68469e-10
2  1.2  0.0792459
2  1.3  0.0566696
2  1.4  0.0404917
2  1.5  0.0292227
2  1.6  0.0213309
2  1.7  0.0153551
2  1.8  0.011316
2  1.9  0.00817988
2  2.0  0.00606678
2  2.5  0.00144979
2  3.0  0.000355683
2  3.5  0.000103406
18  11.5  3.27724e-10
18  12.0  1.91862e-10
2  4.0  3.56703e-05
2  4.5  1.23446e-05
2  5.0  4.55996e-06
2  6.0  7.47148e-07
2  5.5  1.79483e-06
2  6.5  3.25023e-07
2  7.0  1.47653e-07
2  7.5  6.9651e-08
2  8.0  3.40042e-08
2  8.5  1.71173e-08
2  9.0  8.86833e-09
2  10.5  1.42955e-09
2  9.5  4.70694e-09
20  0.2  1.38258
20  0.3  1.10552
20  0.4  0.850122
2  10.0  2.56013e-09
20  0.5  0.633862
20  0.6  0.461677
20  0.7  0.331034
2  11.0  8.07654e-10
20  0.8  0.235153
20  0.9  0.165732
20  1.1  0.0825979
20  1.0  0.116948
20  1.2  0.058225
20  1.3  0.0412981
20  1.5  0.0214084
20  1.4  0.0294295
20  1.7  0.011169
20  1.6  0.0150314
20  1.8  0.0078887
20  1.9  0.00581777
20  2.5  0.000975067
20  2.0  0.00427624
20  3.0  0.000251128
20  3.5  7.05314e-05
2  11.5  4.64329e-10
2  12.0  2.72373e-10
20  5.0  3.00575e-06
20  6.0  4.89963e-07
20  4.0  2.37636e-05
20  4.5  8.14696e-06
20  5.5  1.17541e-06
20  6.5  2.10998e-07
20  7.0  9.55614e-08
20  7.5  4.49148e-08
20  8.0  2.18559e-08
20  8.5  1.09758e-08
20  9.0  5.67246e-09
20  11.0  5.1187e-10
20  9.5  3.00141e-09
22  0.2  1.28908
20  10.0  1.62992e-09
22  0.3  1.02912
22  0.4  0.789627
22  0.5  0.587178
22  0.6  0.426471
22  0.7  0.304487
22  0.8  0.215667
20  10.5  9.02341e-10
22  0.9  0.151989
22  1.0  0.106793
22  1.2  0.0531676
22  1.1  0.0751483
22  1.3  0.0375361
22  1.4  0.0267161
22  1.5  0.01901
22  1.6  0.0137146
22  1.7  0.0100911
22  1.8  0.00713157
22  2.0  0.00390077
22  1.9  0.00522294
22  2.5  0.000885535
22  3.0  0.000236261
22  3.5  6.71688e-05
20  11.5  2.94022e-10
22  5.0  2.65268e-06
20  12.0  1.72159e-10
22  4.0  2.10398e-05
22  4.5  7.20499e-06
22  6.0  4.30338e-07
22  5.5  1.03643e-06
22  6.5  1.85261e-07
22  7.0  8.37625e-08
22  7.5  3.93858e-08
22  8.0  1.91278e-08
22  8.5  9.59329e-09
22  9.0  4.95596e-09
22  11.0  4.46533e-10
22  9.5  2.64208e-09
22  10.0  1.41983e-09
24  0.2  1.17588
24  0.3  0.935987
24  0.4  0.7164
24  0.5  0.530826
24  0.6  0.384449
24  0.7  0.273362
22  12.0  1.5054e-10
24  0.8  0.193145
22  10.5  7.87577e-10
24  0.9  0.135223
24  1.0  0.0949894
24  1.1  0.0666468
24  1.2  0.0469932
24  1.4  0.023495
24  1.3  0.0331105
24  1.5  0.0167289
24  1.7  0.00882515
24  1.6  0.0119843
24  1.8  0.00625193
24  1.9  0.00451429
24  2.5  0.000731183
24  2.0  0.0033366
24  3.0  0.00019563
24  3.5  5.54338e-05
22  11.5  2.55812e-10
24  4.0  1.7939e-05
24  4.5  6.12889e-06
24  5.0  2.24723e-06
24  6.0  3.62227e-07
24  5.5  8.7757e-07
24  6.5  1.56497e-07
24  7.0  7.06105e-08
24  8.5  8.13455e-09
24  7.5  3.31302e-08
24  8.0  1.61007e-08
24  10.0  1.19642e-09
24  9.0  4.15695e-09
24  9.5  2.19734e-09
26  0.2  1.03761
24  10.5  6.58471e-10
26  0.3  0.823248
26  0.4  0.627763
26  0.5  0.462975
26  0.6  0.333512
26  0.7  0.236475
26  0.8  0.165852
26  0.9  0.116191
26  1.0  0.0808216
26  1.1  0.0566586
26  1.2  0.0396793
26  1.3  0.0281006
26  1.4  0.0197781
26  1.5  0.0141609
26  1.6  0.0101247
26  1.7  0.00736514
26  1.8  0.00535531
26  1.9  0.00380545
24  12.0  1.25432e-10
26  2.0  0.00275725
26  2.5  0.000638335
24  11.0  3.71581e-10
26  3.0  0.000163027
26  3.5  5.21858e-05
24  11.5  2.13715e-10
26  4.0  1.45011e-05
26  5.5  7.01734e-07
26  4.5  4.93913e-06
26  5.0  1.80596e-06
26  6.0  2.89368e-07
26  6.5  1.24429e-07
26  8.0  1.28338e-08
26  7.0  5.61678e-08
26  7.5  2.63078e-08
26  9.0  3.31439e-09
26  8.5  6.38187e-09
26  9.5  1.73428e-09
26  10.0  9.37996e-10
28  0.2  0.871287
28  0.3  0.687798
28  0.4  0.521346
28  0.5  0.382296
28  0.6  0.273594
28  0.7  0.192808
28  0.8  0.134574
28  0.9  0.0933451
26  10.5  5.18166e-10
28  1.0  0.0649418
28  1.1  0.0452233
28  1.3  0.0221323
28  1.2  0.0314753
28  1.4  0.0155506
28  1.5  0.0109908
26  12.0  9.85026e-11
28  1.6  0.00792161
28  1.7  0.00578238
28  1.8  0.00403393
28  1.9  0.00296786
26  11.0  2.92683e-10
28  2.0  0.0021424
28  2.5  0.00049433
28  3.0  0.00012658
28  3.5  3.21189e-05
26  11.5  1.68022e-10
28  4.0  1.08687e-05
28  4.5  3.66932e-06
28  5.0  1.3384e-06
28  5.5  5.19231e-07
28  6.0  2.13571e-07
28  6.5  9.12481e-08
28  7.0  4.10507e-08
28  7.5  1.91829e-08
28  8.5  4.67056e-09
28  9.0  2.39919e-09
28  8.0  9.27272e-09
28  9.5  1.25506e-09
28  10.0  6.77498e-10
30  0.2  0.678307
30  0.3  0.532088
30  0.4  0.40065
30  0.5  0.291394
30  0.6  0.206816
28  10.5  3.73962e-10
30  0.7  0.144409
30  0.8  0.100097
30  0.9  0.0690954
30  1.0  0.0475242
30  1.1  0.0328866
30  1.3  0.0158685
30  1.2  0.0227653
30  1.4  0.0111639
30  1.5  0.00792343
30  1.6  0.0055437
28  11.0  2.10473e-10
30  1.7  0.00393285
30  1.8  0.00284143
30  1.9  0.00205433
30  2.0  0.00152096
30  2.5  0.000312197
30  3.0  9.17251e-05
30  3.5  2.55144e-05
28  11.5  1.20695e-10
30  4.5  2.43183e-06
28  12.0  7.05134e-11
30  4.0  7.23282e-06
30  5.0  8.80221e-07
30  5.5  3.42632e-07
30  6.0  1.39615e-07
30  6.5  5.93312e-08
30  7.0  2.65368e-08
30  7.5  1.2354e-08
30  8.0  5.96395e-09
30  8.5  2.96506e-09
30  9.0  1.52092e-09
30  9.5  7.99401e-10
30  10.0  4.31162e-10
32  0.2  0.477257
32  0.3  0.371352
30  10.5  2.38196e-10
32  0.4  0.276559
32  0.5  0.198889
32  0.6  0.139501
32  0.7  0.0965441
32  0.9  0.0451195
32  0.8  0.0660972
32  1.0  0.0308554
32  1.1  0.0211762
32  1.2  0.0145579
30  11.0  1.33218e-10
32  1.3  0.0100634
32  1.4  0.00705591
32  1.5  0.00496972
32  1.6  0.0034393
32  1.7  0.00252115
32  1.8  0.00180524
32  2.0  0.000924584
32  1.9  0.00125204
32  2.5  0.000203302
30  11.5  7.62958e-11
32  3.0  5.38322e-05
32  3.5  1.49755e-05
30  12.0  4.4375e-11
32  4.0  4.15106e-06
32  4.5  1.38164e-06
32  5.0  4.96341e-07
32  5.5  1.90211e-07
32  6.0  7.71212e-08
32  6.5  3.28081e-08
32  7.0  1.4603e-08
32  7.5  6.77316e-09
32  9.0  8.30353e-10
32  8.0  3.2481e-09
32  10.0  2.32141e-10
32  9.5  4.326e-10
32  8.5  1.6121e-09
34  0.2  0.297839
34  0.3  0.229412
34  0.4  0.168648
34  0.5  0.119671
34  0.6  0.0828038
32  10.5  1.26766e-10
34  0.7  0.0564982
34  0.8  0.0383327
34  0.9  0.0257872
34  1.0  0.0174538
34  1.1  0.011835
34  1.3  0.00554848
34  1.2  0.00807843
34  1.4  0.00381774
34  1.5  0.00267929
34  1.6  0.00185359
34  1.7  0.00130181
34  1.8  0.000945507
32  11.0  7.12071e-11
34  1.9  0.000668398
34  3.0  2.86063e-05
34  2.5  0.000106614
34  2.0  0.000482958
34  3.5  6.98975e-06
32  11.5  4.06099e-11
32  12.0  2.35746e-11
34  4.0  2.01909e-06
34  5.0  2.36004e-07
34  4.5  6.63747e-07
34  5.5  8.94308e-08
34  6.0  3.60198e-08
34  6.5  1.52009e-08
34  7.0  6.71664e-09
34  7.5  3.09267e-09
34  9.0  3.72564e-10
34  8.0  1.47608e-09
34  8.5  7.2774e-10
34  9.5  1.92998e-10
4  0.2  1.72017
34  10.0  1.02979e-10
4  0.3  1.38534
4  0.4  1.07406
4  0.5  0.807262
4  0.6  0.593383
4  0.7  0.429566
4  0.8  0.307467
4  0.9  0.2193
4  1.1  0.110652
4  1.0  0.155411
34  10.5  5.64206e-11
4  1.2  0.0787737
4  1.3  0.0562516
4  1.4  0.0402652
4  1.6  0.0212687
4  1.5  0.0289523
4  1.7  0.0155504
4  1.8  0.0114076
4  1.9  0.00822942
34  11.0  3.14487e-11
4  2.0  0.00612919
4  2.5  0.00142571
4  3.0  0.000351892
4  3.5  0.000101645
34  11.5  1.78853e-11
34  12.0  1.03329e-11
4  4.0  3.53212e-05
4  4.5  1.21843e-05
4  5.0  4.51026e-06
4  5.5  1.77701e-06
4  6.0  7.38306e-07
4  6.5  3.21689e-07
4  7.0  1.46082e-07
4  7.5  6.89335e-08
4  8.0  3.36503e-08
4  9.5  4.69009e-09
4  8.5  1.69377e-08
4  9.0  8.77042e-09
4  10.5  1.41398e-09
6  0.2  1.70478
6  0.3  1.37286
6  0.4  1.06373
6  0.5  0.79907
4  10.0  2.53063e-09
6  0.6  0.58737
6  0.7  0.424795
4  11.0  7.98985e-10
6  0.8  0.304155
6  0.9  0.216765
6  1.0  0.153708
6  1.1  0.109177
6  1.2  0.0778751
6  1.3  0.0555334
6  1.4  0.03981
6  1.5  0.028596
6  1.6  0.0206067
6  1.7  0.0152919
6  1.8  0.0112277
6  1.9  0.00817716
6  2.0  0.00593715
6  3.0  0.000370955
6  2.5  0.00140632
6  3.5  0.000111209
4  11.5  4.59388e-10
4  12.0  2.69414e-10
6  4.0  3.47473e-05
6  4.5  1.19849e-05
6  5.0  4.43277e-06
6  5.5  1.74812e-06
6  6.0  7.25798e-07
6  6.5  3.16288e-07
6  7.0  1.43539e-07
6  7.5  6.77334e-08
6  8.0  3.30592e-08
6  8.5  1.66377e-08
6  10.5  1.38811e-09
6  9.0  8.61436e-09
6  9.5  4.57449e-09
8  0.2  1.68341
6  10.0  2.48492e-09
8  0.3  1.35467
8  0.4  1.04914
8  0.5  0.788117
6  11.0  7.84472e-10
8  0.6  0.578576
8  0.7  0.418515
8  0.8  0.299504
8  0.9  0.212907
8  1.0  0.151024
8  1.1  0.107421
8  1.2  0.0763567
8  1.3  0.0546126
8  1.5  0.0284933
8  1.4  0.0390774
8  1.6  0.0205228
8  1.7  0.0149927
8  1.8  0.0107162
8  1.9  0.00786471
8  2.0  0.00576264
8  2.5  0.00142928
8  3.0  0.00036349
8  3.5  0.000109327
6  11.5  4.51074e-10
6  12.0  2.64478e-10
8  4.0  3.39346e-05
8  4.5  1.17055e-05
8  5.0  4.33379e-06
8  5.5  1.70658e-06
8  6.0  7.07309e-07
8  6.5  3.0848e-07
8  7.0  1.39993e-07
8  7.5  6.60481e-08
8  8.0  3.22285e-08
8  8.5  1.62157e-08
8  9.0  8.39504e-09
8  9.5  4.47342e-09
8  10.5  1.3581e-09
8  10.0  2.42774e-09
8  11.0  7.64059e-10
8  11.5  4.39285e-10
8  12.0  2.57549e-10
