# exclusive D0 cross section, Pb target, BCFY fragmentation, An0n channel
# generated      : 2026-10-01 16:49:10 EEST
# flux_model     : EFF (TARGET=AA)
# calls         : 1e5 below 4.0 GeV, 2e3 above (see EXCL_PT_THRESHOLD) (VEGAS calls per point, see CALLS_EXCL/CALLS_EXCL_FACTORIZED/CALLS_DIFF)
# dipole samples : data/Pb/mve/glauber_mve_<b>
# pD0 sweep      : 0.2 0.3 0.4 0.5 0.6 0.7 0.8 0.9 1.0 1.1 1.2 1.3 1.4 1.5 1.6 1.7 1.8 1.9 2.0 2.5 3.0 3.5 4.0 4.5 5.0 5.5 6.0 6.5 7.0 7.5 8.0 8.5 9.0 9.5 10.0 10.5 11.0 11.5 12.0
# fixed rapidity y : -1.5
# ============================================================
# b  pD0  dsigma_dyd2pD0
0  0.2  10.4942
0  0.7  3.35287
0  0.6  4.37183
0  0.8  2.53411
0  0.4  7.05886
0  0.5  5.60715
0  0.3  8.69279
0  0.9  1.90121
0  1.0  1.41821
0  1.2  0.776695
0  1.1  1.05061
0  1.4  0.427774
0  1.6  0.236392
0  1.5  0.318352
0  1.3  0.574848
0  1.7  0.175419
0  1.8  0.132587
0  2.0  0.0768548
0  1.9  0.100724
0  2.5  0.0200743
0  3.0  0.00555926
0  3.5  0.00175169
0  6.0  2.01234e-05
0  4.5  0.000230207
0  5.0  9.52062e-05
0  4.0  0.000609393
0  5.5  4.29217e-05
0  6.5  1.03731e-05
0  7.0  5.49953e-06
0  9.0  6.50343e-07
0  9.5  4.13764e-07
0  8.5  1.0478e-06
0  7.5  3.07108e-06
0  10.5  1.77496e-07
10  0.2  9.86874
0  10.0  2.67513e-07
0  8.0  1.77226e-06
10  0.3  8.16253
10  0.4  6.62013
10  0.5  5.24707
0  11.0  1.20227e-07
10  0.6  4.08139
10  0.7  3.11983
10  0.8  2.35652
10  0.9  1.76403
10  1.0  1.31168
10  1.1  0.971494
10  1.3  0.532943
10  1.2  0.716913
10  1.4  0.392346
10  1.5  0.291278
10  1.6  0.214723
10  1.7  0.160348
10  1.8  0.12046
10  2.0  0.0681817
10  1.9  0.0900317
0  11.5  8.34235e-08
10  2.5  0.0181841
10  3.5  0.00158183
10  3.0  0.00502234
0  12.0  5.87506e-08
10  6.0  1.81824e-05
10  4.5  0.000207608
10  6.5  9.24756e-06
10  4.0  0.000549976
10  5.0  8.70529e-05
10  5.5  3.87889e-05
10  7.0  4.9796e-06
10  7.5  2.77137e-06
10  8.5  9.46539e-07
10  10.5  1.60512e-07
10  8.0  1.60069e-06
12  0.2  9.58064
10  9.0  5.9274e-07
12  0.3  7.91771
10  11.5  7.53213e-08
12  0.4  6.41918
10  9.5  3.75464e-07
10  11.0  1.08665e-07
12  0.5  5.08248
12  0.6  3.94923
10  10.0  2.44482e-07
12  0.7  3.01597
12  0.8  2.27471
12  0.9  1.70095
12  1.0  1.26257
12  1.1  0.935122
12  1.2  0.691451
12  1.3  0.511698
12  1.4  0.379471
12  1.5  0.278609
12  1.6  0.206975
12  1.7  0.153027
12  1.8  0.115629
12  1.9  0.0862981
12  2.0  0.0657341
12  2.5  0.0166483
12  3.0  0.00478674
12  3.5  0.00150688
10  12.0  5.30914e-08
12  6.0  1.73184e-05
12  6.5  8.7097e-06
12  4.5  0.000197852
12  5.0  8.1843e-05
12  4.0  0.000523966
12  7.0  4.71811e-06
12  5.5  3.69828e-05
12  8.5  9.01442e-07
12  7.5  2.6399e-06
12  10.5  1.52948e-07
12  9.5  3.53987e-07
12  8.0  1.52538e-06
14  0.2  9.23638
14  0.3  7.61954
12  9.0  5.64801e-07
12  11.5  7.15969e-08
14  0.4  6.1673
14  0.5  4.88442
14  0.6  3.79052
14  0.7  2.89285
12  11.0  1.03616e-07
14  0.8  2.17621
14  0.9  1.62451
12  10.0  2.31969e-07
14  1.0  1.20692
14  1.1  0.887275
14  1.2  0.65873
14  1.3  0.482572
14  1.4  0.359882
14  1.5  0.264621
14  1.6  0.19604
14  1.7  0.145514
14  1.8  0.108391
14  1.9  0.0821459
14  2.0  0.0615569
14  2.5  0.0164342
14  3.5  0.00141769
14  3.0  0.00448971
12  12.0  5.06026e-08
14  4.5  0.000185904
14  5.0  7.69818e-05
14  6.0  1.64088e-05
14  4.0  0.00049273
14  5.5  3.48075e-05
14  6.5  8.39094e-06
14  7.0  4.46538e-06
14  9.0  5.27206e-07
14  8.5  8.48845e-07
14  7.5  2.48482e-06
14  10.0  2.17843e-07
14  10.5  1.43992e-07
16  0.2  8.81644
14  8.0  1.43539e-06
14  11.5  6.7649e-08
16  0.3  7.27332
16  0.4  5.87773
14  9.5  3.3716e-07
16  0.5  4.64515
16  0.6  3.60012
16  0.7  2.7402
16  0.8  2.05921
16  0.9  1.53752
16  1.0  1.13629
16  1.1  0.837406
16  1.2  0.616819
16  1.3  0.453382
16  1.4  0.334257
14  11.0  9.87839e-08
16  1.5  0.246223
16  1.6  0.186227
16  1.8  0.102301
16  1.7  0.135682
16  1.9  0.0775261
16  2.0  0.0577081
16  2.5  0.0148689
16  3.0  0.0041637
16  3.5  0.00131445
14  12.0  4.76884e-08
16  6.0  1.51054e-05
16  4.5  0.000172404
16  5.0  7.13879e-05
16  4.0  0.000456222
16  5.5  3.22602e-05
16  6.5  7.73144e-06
16  7.0  4.13641e-06
16  9.0  4.89079e-07
16  7.5  2.30422e-06
16  10.5  1.33625e-07
16  8.5  7.87362e-07
16  8.0  1.3315e-06
18  0.2  8.31811
16  11.5  6.27299e-08
18  0.3  6.85276
18  0.4  5.52925
18  0.5  4.36096
16  9.5  3.0686e-07
18  0.6  3.3746
18  0.7  2.5619
16  10.0  2.03658e-07
18  0.8  1.92121
18  0.9  1.42944
18  1.0  1.05754
18  1.1  0.777179
18  1.2  0.573131
18  1.3  0.41896
18  1.4  0.311722
18  1.5  0.228003
16  11.0  9.16914e-08
18  1.6  0.17022
18  1.7  0.124144
18  1.8  0.0947791
18  1.9  0.0705585
18  2.0  0.0533059
18  2.5  0.013884
18  3.0  0.00379757
18  3.5  0.00119639
16  12.0  4.42171e-08
18  6.0  1.37466e-05
18  6.5  6.91691e-06
18  4.0  0.000411893
18  4.5  0.000156845
18  5.0  6.57779e-05
18  5.5  2.9326e-05
18  7.0  3.76519e-06
18  9.0  4.45624e-07
18  10.0  1.8411e-07
18  8.5  7.17293e-07
18  7.5  2.09786e-06
18  10.5  1.21675e-07
2  0.2  10.4699
18  8.0  1.21262e-06
2  0.3  8.67246
2  0.4  7.04392
2  0.5  5.59614
18  11.0  8.25439e-08
18  9.5  2.84936e-07
2  0.6  4.36161
2  0.7  3.34107
2  0.8  2.52771
2  0.9  1.89631
2  1.0  1.4116
2  1.1  1.04808
2  1.3  0.578775
2  1.2  0.775456
2  1.4  0.42623
2  1.5  0.315964
2  1.6  0.235071
2  1.7  0.174613
2  1.8  0.132075
2  1.9  0.100257
2  2.0  0.0760402
2  2.5  0.0196409
2  3.0  0.00554004
18  11.5  5.72515e-08
2  3.5  0.00174491
18  12.0  4.03063e-08
2  6.0  2.00596e-05
2  4.5  0.0002293
2  5.0  9.48358e-05
2  4.0  0.000606951
2  5.5  4.27672e-05
2  6.5  1.03339e-05
2  7.0  5.48075e-06
2  7.5  3.00528e-06
2  9.5  4.12161e-07
2  10.5  1.76774e-07
2  8.0  1.76537e-06
2  8.5  1.05817e-06
20  0.2  7.72474
2  9.0  6.53218e-07
20  0.3  6.3573
20  0.4  5.11857
2  11.0  1.19828e-07
20  0.5  4.02753
20  0.6  3.10479
2  10.0  2.69602e-07
20  0.7  2.35577
20  0.8  1.76121
20  0.9  1.30707
20  1.0  0.963722
20  1.1  0.706916
20  1.3  0.382754
20  1.2  0.518324
20  1.4  0.280473
20  1.5  0.206548
20  1.6  0.151124
20  1.7  0.111791
20  1.8  0.0862565
20  1.9  0.0626448
20  2.5  0.0126619
2  11.5  8.31192e-08
20  2.0  0.0474204
20  3.0  0.0033954
20  3.5  0.00106434
2  12.0  5.85433e-08
20  6.0  1.22284e-05
20  4.5  0.000139414
20  4.0  0.000370033
20  5.0  5.852e-05
20  5.5  2.61142e-05
20  6.5  6.3081e-06
20  7.0  3.3537e-06
20  7.5  1.83138e-06
20  9.0  3.95984e-07
20  10.0  1.63883e-07
20  8.5  6.38674e-07
20  10.5  1.0839e-07
20  8.0  1.07898e-06
22  0.2  7.02399
22  0.3  5.77064
22  0.4  4.6295
20  9.5  2.5339e-07
22  0.5  3.63825
22  0.6  2.79706
22  0.7  2.11462
22  0.8  1.57395
22  0.9  1.16682
22  1.0  0.856905
22  1.1  0.627327
22  1.2  0.457748
22  1.3  0.334415
22  1.4  0.244727
22  1.5  0.179726
22  1.6  0.132917
20  11.0  7.43879e-08
22  1.7  0.0975916
22  1.8  0.0742498
22  1.9  0.0561467
22  2.0  0.0421075
22  2.5  0.0101849
20  11.5  5.09795e-08
22  3.0  0.00293025
22  3.5  0.000918605
20  12.0  3.58738e-08
22  6.0  1.0533e-05
22  4.5  0.000120067
22  5.0  4.97752e-05
22  4.0  0.000318386
22  5.5  2.25143e-05
22  6.5  5.41514e-06
22  7.0  2.88342e-06
22  7.5  1.58162e-06
22  9.0  3.41343e-07
22  8.5  5.50404e-07
22  10.0  1.41325e-07
22  10.5  9.34883e-08
24  0.2  6.19875
22  8.0  9.30255e-07
24  0.3  5.07323
24  0.4  4.06388
24  0.5  3.18071
24  0.6  2.43455
22  9.5  2.18665e-07
24  0.7  1.83237
24  0.8  1.35961
24  0.9  1.00167
24  1.0  0.734187
24  1.1  0.534403
24  1.2  0.38981
24  1.3  0.286289
24  1.4  0.208241
22  12.0  3.06059e-08
24  1.5  0.152734
24  1.6  0.112289
24  1.7  0.0823832
22  11.0  6.42012e-08
24  1.8  0.0629656
24  1.9  0.0464291
24  2.0  0.0354182
22  11.5  4.42243e-08
24  2.5  0.00804649
24  3.0  0.00242266
24  3.5  0.000757274
24  6.0  8.68069e-06
24  4.5  9.89183e-05
24  4.0  0.000262362
24  5.0  4.15102e-05
24  5.5  1.85308e-05
24  6.5  4.45557e-06
24  7.0  2.37297e-06
24  9.0  2.8163e-07
24  8.5  4.53544e-07
24  10.0  1.16596e-07
24  7.5  1.32594e-06
24  10.5  7.71402e-08
24  8.0  7.66689e-07
26  0.2  5.22065
26  0.3  4.26117
26  0.4  3.39557
26  0.5  2.64469
24  9.5  1.80276e-07
26  0.6  2.01177
26  0.7  1.50944
26  0.8  1.11515
26  1.0  0.596332
26  0.9  0.816594
26  1.1  0.431695
26  1.2  0.312781
26  1.3  0.226632
26  1.4  0.164955
26  1.5  0.121361
24  11.0  5.28587e-08
26  1.6  0.0883081
26  1.7  0.0652525
26  1.8  0.0487746
26  1.9  0.0360008
26  2.0  0.0276347
24  11.5  3.64398e-08
26  2.5  0.00681744
26  3.0  0.00187865
26  3.5  0.000586227
24  12.0  2.5553e-08
26  6.0  6.69724e-06
26  6.5  3.35071e-06
26  4.0  0.000203037
26  4.5  7.73813e-05
26  5.0  3.20028e-05
26  5.5  1.43002e-05
26  7.0  1.83437e-06
26  9.0  2.17622e-07
26  7.5  1.0232e-06
26  8.5  3.51057e-07
26  10.5  5.97063e-08
26  8.0  5.92069e-07
26  10.0  8.98054e-08
28  0.2  4.10066
28  0.3  3.32973
28  0.4  2.64114
28  0.5  2.04437
28  0.6  1.54534
26  9.5  1.39597e-07
28  0.7  1.15018
28  0.8  0.844494
28  0.9  0.613964
28  1.0  0.446031
28  1.1  0.321535
28  1.2  0.231836
28  1.3  0.168078
28  1.4  0.122246
28  1.5  0.0885205
28  1.7  0.0476298
28  1.6  0.0638592
26  11.0  4.0879e-08
28  1.8  0.0351331
28  1.9  0.0261078
28  2.0  0.0198305
26  11.5  2.81603e-08
28  2.5  0.00489613
28  3.0  0.00132662
28  3.5  0.000412567
26  12.0  1.973e-08
28  5.5  9.83687e-06
28  4.5  5.35625e-05
28  6.5  2.38193e-06
28  4.0  0.000142449
28  5.0  2.24469e-05
28  6.0  4.78973e-06
28  7.0  1.28557e-06
28  7.5  7.06299e-07
28  9.0  1.52736e-07
28  10.5  4.1905e-08
28  11.0  2.84091e-08
28  8.0  4.15402e-07
28  10.0  6.30043e-08
28  8.5  2.49492e-07
30  0.2  2.89833
30  0.3  2.34104
30  0.4  1.84257
30  0.5  1.41327
28  9.5  9.78945e-08
30  0.6  1.06178
30  0.7  0.782103
30  0.8  0.567978
30  0.9  0.410273
30  1.0  0.295033
30  1.1  0.210902
30  1.2  0.150782
30  1.3  0.108031
30  1.4  0.0792613
30  1.5  0.0566025
30  1.6  0.0416391
30  1.7  0.0300572
30  1.8  0.0221923
30  1.9  0.0164406
30  2.0  0.0124597
28  11.5  1.98098e-08
30  2.5  0.00308886
30  3.0  0.000819742
30  3.5  0.000252596
28  12.0  1.38849e-08
30  4.5  3.27901e-05
30  5.0  1.35895e-05
30  4.0  8.69132e-05
30  5.5  6.12247e-06
30  6.0  2.92284e-06
30  6.5  1.47663e-06
30  7.0  7.84064e-07
30  9.0  9.33021e-08
30  7.5  4.38103e-07
30  10.5  2.56022e-08
30  8.0  2.53721e-07
30  11.0  1.7348e-08
30  8.5  1.52171e-07
30  10.0  3.85658e-08
32  0.2  1.7722
32  0.3  1.41994
32  0.4  1.10632
32  0.5  0.841755
30  9.5  5.98446e-08
32  0.6  0.624047
30  12.0  8.40884e-09
32  0.7  0.454565
32  0.8  0.327081
32  0.9  0.233966
32  1.0  0.165975
32  1.1  0.117603
32  1.2  0.0836338
32  1.3  0.0602303
32  1.5  0.0309061
32  1.4  0.0426654
32  1.6  0.0222575
32  1.7  0.0159959
32  1.8  0.0120185
32  1.9  0.00884714
32  2.0  0.00658398
32  2.5  0.00151234
32  3.0  0.0004249
32  3.5  0.000130153
30  11.5  1.21127e-08
32  4.5  1.67633e-05
32  4.0  4.47515e-05
32  5.0  6.97765e-06
32  6.0  1.48796e-06
32  5.5  3.11124e-06
32  6.5  7.50624e-07
32  7.5  2.19968e-07
32  7.0  3.99872e-07
32  9.0  4.7508e-08
32  10.0  1.9641e-08
32  11.0  8.84155e-09
32  8.0  1.2893e-07
32  9.5  2.99811e-08
4  0.2  10.3967
32  8.5  7.74659e-08
4  0.3  8.61251
32  10.5  1.29763e-08
4  0.4  6.98966
4  0.5  5.54544
4  0.6  4.31871
4  0.7  3.31453
4  0.8  2.50699
4  0.9  1.8801
4  1.0  1.402
4  1.1  1.03775
4  1.2  0.768308
4  1.3  0.568918
4  1.4  0.419981
4  1.5  0.314106
4  1.6  0.231967
4  1.7  0.172367
4  1.8  0.130558
4  1.9  0.0997399
4  2.0  0.0753325
4  2.5  0.0194137
32  11.5  6.16981e-09
4  3.0  0.00547589
4  3.5  0.00172404
32  12.0  4.25625e-09
4  6.0  1.98344e-05
4  4.5  0.000226583
4  5.0  9.3723e-05
4  6.5  1.00599e-05
4  4.0  0.000599866
4  5.5  4.22364e-05
4  7.5  2.96987e-06
4  7.0  5.41528e-06
4  9.0  6.40254e-07
4  9.5  4.07273e-07
4  8.5  1.03163e-06
4  10.5  1.7477e-07
4  8.0  1.74439e-06
6  0.2  10.2731
6  0.3  8.50667
6  0.4  6.91169
6  0.5  5.48424
4  11.0  1.18391e-07
6  0.6  4.27073
4  10.0  2.66605e-07
6  0.7  3.27227
6  0.8  2.47149
6  0.9  1.85316
6  1.0  1.38067
6  1.1  1.02341
6  1.2  0.75533
6  1.3  0.559086
6  1.4  0.415621
6  1.5  0.305649
6  1.6  0.229094
6  1.7  0.169987
6  1.8  0.126941
6  1.9  0.096301
4  11.5  8.21647e-08
6  2.0  0.0723798
6  3.0  0.00536857
6  2.5  0.019361
6  3.5  0.00169061
4  12.0  5.78944e-08
6  6.0  1.94431e-05
6  4.5  0.000222072
6  4.0  0.000588018
6  5.0  9.30786e-05
6  5.5  4.15351e-05
6  6.5  1.00133e-05
6  7.0  5.30823e-06
6  9.5  3.99273e-07
6  7.5  2.95893e-06
6  10.5  1.71401e-07
6  8.0  1.71035e-06
8  0.2  10.0984
6  8.5  1.02391e-06
6  9.0  6.3257e-07
8  0.3  8.35924
8  0.4  6.7794
8  0.5  5.38534
6  11.0  1.16173e-07
8  0.6  4.18896
8  0.7  3.20374
6  10.0  2.61114e-07
8  0.8  2.42024
8  0.9  1.81331
8  1.0  1.35038
8  1.1  0.999415
8  1.2  0.7386
8  1.3  0.545646
8  1.4  0.405057
8  1.5  0.298842
8  1.6  0.221968
8  1.7  0.165971
8  1.8  0.124812
8  1.9  0.0951132
8  2.0  0.0715692
8  2.5  0.0190346
6  11.5  8.06489e-08
8  3.0  0.00521857
8  3.5  0.0016394
6  12.0  5.67004e-08
8  6.0  1.8895e-05
8  4.5  0.000215699
8  4.0  0.000571371
8  5.0  9.04561e-05
8  5.5  3.98622e-05
8  6.5  9.73615e-06
8  7.0  5.17767e-06
8  8.0  1.63842e-06
8  7.5  2.87847e-06
8  8.5  9.83473e-07
8  10.5  1.66577e-07
8  9.5  3.8609e-07
8  11.5  7.81486e-08
8  9.0  6.14707e-07
8  11.0  1.12871e-07
8  10.0  2.54211e-07
8  12.0  5.51361e-08
