# diffractive D0 cross section, Pb target, HymnD fragmentation, An0n channel
# generated      : 2026-08-20 11:05:20 EEST
# calls          : 1e5 (VEGAS calls per point, see CALLS_EXCL/CALLS_EXCL_FACTORIZED/CALLS_DIFF)
# dipole samples : data/Pb/bk_posterior/member_0076/glauber_mve_<b>
# pD0 sweep      : 0.2 0.3 0.4 0.5 0.6 0.7 0.8 0.9 1.0 1.1 1.2 1.3 1.4 1.5 1.6 1.7 1.8 1.9 2.0 2.5 3.0 3.5 4.0 4.5 5.0 5.5 6.0 6.5 7.0 7.5 8.0 8.5 9.0 9.5 10.0 10.5 11.0 11.5 12.0
# fixed rapidity y : 3.0
# ============================================================
# b  pD0  dsigma_dyd2pD0
0  0.5  0.11222
0  0.2  0.060391
0  0.3  0.0888322
0  0.4  0.106229
0  0.6  0.107052
0  0.7  0.0938438
0  0.9  0.0624354
0  0.8  0.0784121
0  1.0  0.049164
0  1.1  0.038066
0  1.2  0.0290797
0  1.4  0.0167611
0  1.3  0.0219824
0  1.6  0.00958722
0  1.5  0.0126711
0  1.7  0.00727756
0  1.8  0.00551977
0  1.9  0.00421334
0  2.0  0.00322185
0  3.0  0.000274754
0  2.5  0.000895565
0  3.5  9.23856e-05
0  4.0  3.25018e-05
0  4.5  1.33925e-05
0  5.0  5.53344e-06
0  5.5  2.34279e-06
0  7.5  1.15445e-07
0  6.0  1.05929e-06
0  7.0  2.40808e-07
0  6.5  4.8554e-07
0  8.0  5.82172e-08
0  8.5  3.02246e-08
0  10.0  4.54777e-09
0  9.0  1.56627e-08
0  9.5  8.47872e-09
10  0.2  0.0599274
10  0.3  0.0877372
10  0.4  0.105279
10  0.5  0.110804
0  10.5  2.45764e-09
10  0.6  0.105092
10  0.7  0.0908299
10  0.9  0.0600395
10  0.8  0.0755556
10  1.0  0.0470967
10  1.1  0.0360985
10  1.2  0.0278311
10  1.3  0.0209506
10  1.4  0.0159445
0  11.0  1.37614e-09
10  1.5  0.0121704
10  1.7  0.00701496
10  1.6  0.00918997
10  1.8  0.00540319
10  1.9  0.00402771
0  11.5  7.94029e-10
10  2.5  0.000848795
10  2.0  0.00307692
10  3.0  0.000260257
10  3.5  8.80255e-05
0  12.0  4.44371e-10
10  4.0  3.23023e-05
10  4.5  1.21621e-05
10  5.0  5.14941e-06
10  5.5  2.21264e-06
10  6.0  9.8838e-07
10  8.0  5.68942e-08
10  6.5  4.53088e-07
10  7.0  2.23187e-07
10  7.5  1.06164e-07
10  9.0  1.49852e-08
10  10.0  4.26466e-09
10  8.5  2.85077e-08
10  9.5  7.85733e-09
12  0.2  0.0596878
12  0.3  0.0874498
12  0.4  0.10594
12  0.5  0.108788
12  0.6  0.100294
10  10.5  2.34685e-09
12  0.7  0.0889999
12  0.8  0.0751756
12  0.9  0.058809
12  1.0  0.0461418
12  1.1  0.0361363
10  11.5  7.5236e-10
12  1.3  0.0209544
12  1.2  0.0273937
12  1.4  0.0158689
12  1.5  0.0119027
10  11.0  1.29764e-09
12  1.6  0.00899363
12  1.7  0.00681407
12  1.9  0.00390072
12  1.8  0.00527403
12  2.0  0.00299296
12  2.5  0.000815014
12  3.0  0.000252909
12  3.5  8.57121e-05
10  12.0  4.32998e-10
12  4.0  3.19517e-05
12  4.5  1.18991e-05
12  5.0  5.11818e-06
12  5.5  2.17866e-06
12  6.0  9.31687e-07
12  6.5  4.38101e-07
12  7.0  2.08257e-07
12  7.5  1.03419e-07
12  9.0  1.44167e-08
12  8.0  5.17874e-08
12  8.5  2.75797e-08
12  10.0  4.19304e-09
12  9.5  7.76757e-09
14  0.2  0.0594054
14  0.3  0.0872113
14  0.4  0.103539
14  0.5  0.106624
14  0.6  0.102248
12  10.5  2.26603e-09
14  0.7  0.0892405
14  0.8  0.07327
14  0.9  0.0588418
14  1.0  0.0457347
14  1.1  0.0353172
14  1.2  0.026726
14  1.3  0.0202124
14  1.4  0.0153539
14  1.5  0.0115836
12  11.0  1.27934e-09
14  1.7  0.00673663
14  1.6  0.00892767
14  1.9  0.00383877
14  1.8  0.00510399
14  2.0  0.00292258
14  2.5  0.000797979
14  3.0  0.000247601
14  3.5  8.40976e-05
12  12.0  4.16855e-10
12  11.5  7.29777e-10
14  4.0  3.11846e-05
14  4.5  1.21002e-05
14  5.0  4.8971e-06
14  5.5  2.05399e-06
14  7.0  2.04789e-07
14  6.0  9.3046e-07
14  6.5  4.41539e-07
14  7.5  1.05576e-07
14  9.0  1.43154e-08
14  8.0  5.23049e-08
14  9.5  7.54768e-09
14  10.0  4.01843e-09
14  8.5  2.67832e-08
16  0.2  0.0583544
14  11.5  7.10806e-10
16  0.3  0.0865206
16  0.4  0.102864
16  0.5  0.107646
16  0.6  0.0992569
16  0.7  0.0864477
16  0.8  0.0723315
16  0.9  0.0566688
14  10.5  2.2196e-09
16  1.0  0.0447199
16  1.1  0.0340374
16  1.2  0.0262179
16  1.3  0.0198019
16  1.4  0.014844
16  1.5  0.0112883
16  1.6  0.00847942
16  1.7  0.00651267
14  11.0  1.23093e-09
16  1.8  0.00486069
16  1.9  0.00375908
16  2.0  0.0028685
16  2.5  0.000782719
16  3.0  0.00024153
16  3.5  8.04447e-05
16  4.0  2.90859e-05
16  5.0  4.71646e-06
14  12.0  3.98119e-10
16  4.5  1.11964e-05
16  5.5  1.94399e-06
16  6.0  9.17448e-07
16  7.5  1.01432e-07
16  6.5  4.27516e-07
16  7.0  2.08006e-07
16  9.0  1.38425e-08
16  8.0  4.843e-08
16  8.5  2.61602e-08
16  10.0  3.8132e-09
16  9.5  7.28323e-09
16  11.0  1.2169e-09
16  11.5  6.8274e-10
18  0.2  0.058256
18  0.3  0.0849765
18  0.4  0.100368
18  0.5  0.104952
18  0.6  0.0969391
18  0.7  0.0848036
18  0.8  0.0698376
16  10.5  2.17118e-09
18  0.9  0.0554052
18  1.0  0.043016
18  1.2  0.0251609
18  1.1  0.0331152
18  1.3  0.0193869
18  1.4  0.0142465
18  1.5  0.010733
18  1.7  0.00623413
18  1.6  0.00823727
18  1.8  0.00471243
18  1.9  0.00356012
18  2.0  0.00268571
18  2.5  0.000726855
18  3.0  0.000232758
18  3.5  7.73256e-05
16  12.0  3.88136e-10
18  4.0  2.8751e-05
18  4.5  1.11114e-05
18  5.0  4.50259e-06
18  5.5  1.9182e-06
18  7.0  1.96227e-07
18  6.0  8.79034e-07
18  7.5  9.65565e-08
18  6.5  3.81539e-07
18  9.0  1.29938e-08
18  8.0  4.87155e-08
18  8.5  2.47411e-08
18  10.0  3.74396e-09
18  9.5  6.73163e-09
2  0.2  0.0599946
2  0.3  0.0883889
2  0.4  0.107557
2  0.5  0.113296
18  10.5  2.09198e-09
2  0.6  0.106447
2  0.7  0.0934611
2  0.8  0.0784056
2  0.9  0.0622337
2  1.0  0.0483735
2  1.2  0.0288275
2  1.1  0.0372484
2  1.4  0.0165863
2  1.3  0.0220862
2  1.5  0.0126603
18  11.0  1.1652e-09
2  1.7  0.00741562
2  1.6  0.00956961
2  1.8  0.005481
2  1.9  0.00428927
2  2.0  0.00326464
2  2.5  0.000885447
2  3.0  0.00027182
2  3.5  9.10075e-05
18  11.5  6.48942e-10
18  12.0  3.64069e-10
2  4.0  3.4162e-05
2  4.5  1.27822e-05
2  5.0  5.54587e-06
2  5.5  2.37756e-06
2  6.0  1.00761e-06
2  7.0  2.35224e-07
2  6.5  4.85557e-07
2  7.5  1.15133e-07
2  8.0  5.70303e-08
2  8.5  2.99203e-08
2  10.0  4.5295e-09
2  9.0  1.53305e-08
2  9.5  8.17951e-09
20  0.2  0.0577293
20  0.3  0.0844315
20  0.4  0.0990696
20  0.5  0.103026
20  0.6  0.0959827
20  0.7  0.0818466
20  0.8  0.0671679
20  0.9  0.0534442
20  1.0  0.0413726
20  1.1  0.0315718
20  1.2  0.0237509
2  10.5  2.4649e-09
20  1.3  0.0181644
20  1.4  0.013659
20  1.5  0.0103811
20  1.6  0.00768824
20  1.7  0.00592315
20  1.8  0.00448395
2  11.0  1.36706e-09
20  1.9  0.00336492
20  2.5  0.000714878
20  2.0  0.00257979
20  3.5  7.38841e-05
20  3.0  0.000217534
2  11.5  7.85268e-10
2  12.0  4.43789e-10
20  4.5  1.03424e-05
20  4.0  2.67497e-05
20  5.0  4.02924e-06
20  5.5  1.77229e-06
20  6.0  8.30944e-07
20  6.5  3.90252e-07
20  7.0  1.85235e-07
20  7.5  9.07302e-08
20  8.5  2.3591e-08
20  9.0  1.19519e-08
20  8.0  4.53303e-08
20  10.0  3.48704e-09
20  9.5  6.52441e-09
22  0.2  0.0574275
22  0.3  0.0825426
22  0.4  0.0972836
22  0.5  0.100033
22  0.6  0.0916871
22  0.7  0.0794953
22  0.8  0.064362
22  0.9  0.0506842
20  10.5  1.95558e-09
22  1.0  0.038902
22  1.1  0.0300692
22  1.2  0.0227352
22  1.3  0.0168806
22  1.4  0.0128611
22  1.5  0.00954732
20  11.0  1.07453e-09
22  1.6  0.00733922
22  1.7  0.00547542
22  1.9  0.00314056
22  1.8  0.004129
22  2.0  0.00239952
22  2.5  0.000668372
22  3.0  0.000201889
22  3.5  6.77324e-05
20  11.5  6.14941e-10
20  12.0  3.54074e-10
22  4.0  2.50031e-05
22  4.5  9.31131e-06
22  5.0  3.91017e-06
22  5.5  1.66697e-06
22  6.0  7.69233e-07
22  6.5  3.58317e-07
22  7.0  1.71072e-07
22  7.5  8.53189e-08
22  9.5  5.94236e-09
22  8.0  4.25104e-08
22  8.5  2.10241e-08
22  9.0  1.12456e-08
24  0.2  0.0562439
22  10.0  3.22962e-09
24  0.3  0.0796406
24  0.4  0.093553
24  0.5  0.0948982
24  0.6  0.0877408
24  0.7  0.0735071
24  0.8  0.060384
24  0.9  0.0471033
22  10.5  1.81654e-09
24  1.0  0.0362855
24  1.1  0.0274535
24  1.2  0.0208861
24  1.3  0.0158342
24  1.4  0.0118843
24  1.5  0.00880583
24  1.6  0.00666583
24  1.8  0.00388263
24  1.7  0.00499165
22  11.0  1.00816e-09
24  1.9  0.00291191
24  2.0  0.00216055
24  2.5  0.000591931
24  3.0  0.000187228
24  3.5  6.05804e-05
22  12.0  3.30778e-10
22  11.5  5.69203e-10
24  4.0  2.17989e-05
24  4.5  8.91198e-06
24  5.0  3.53064e-06
24  6.0  6.82187e-07
24  5.5  1.56394e-06
24  7.5  7.54539e-08
24  6.5  3.24598e-07
24  7.0  1.54983e-07
24  8.0  3.85877e-08
24  10.0  2.93678e-09
24  8.5  1.93684e-08
24  9.0  1.03703e-08
24  9.5  5.65004e-09
26  0.2  0.054167
26  0.3  0.0772155
26  0.4  0.0908127
26  0.5  0.0899567
26  0.6  0.0809529
26  0.7  0.0682684
26  0.8  0.0551404
26  0.9  0.0430165
24  10.5  1.62776e-09
26  1.0  0.0327377
26  1.1  0.0251748
26  1.2  0.0189719
26  1.3  0.0140465
26  1.4  0.0107654
24  11.0  9.25141e-10
26  1.5  0.00782436
26  1.6  0.00586184
26  1.7  0.00446353
26  1.8  0.00345175
26  1.9  0.00264019
26  2.0  0.0018796
26  2.5  0.000536657
26  3.0  0.00016258
24  11.5  5.29952e-10
26  3.5  5.48877e-05
24  12.0  2.9519e-10
26  4.0  1.96059e-05
26  4.5  7.74188e-06
26  5.0  3.17584e-06
26  5.5  1.40717e-06
26  7.5  6.90177e-08
26  6.0  6.15749e-07
26  6.5  2.84507e-07
26  7.0  1.38364e-07
26  8.0  3.37716e-08
26  10.0  2.61665e-09
26  9.0  9.25691e-09
26  8.5  1.71934e-08
26  9.5  4.70388e-09
28  0.2  0.0519172
28  0.3  0.0736858
28  0.4  0.083432
26  11.5  4.61375e-10
28  0.5  0.0814411
28  0.6  0.0723185
28  0.7  0.0600003
28  0.8  0.0484195
28  0.9  0.0378476
28  1.0  0.0284488
28  1.2  0.016336
26  10.5  1.43337e-09
28  1.1  0.0212681
28  1.3  0.0119246
28  1.4  0.00908532
28  1.5  0.00681878
28  1.6  0.00489928
28  1.7  0.00368513
28  1.8  0.00282753
26  11.0  8.00728e-10
28  1.9  0.00216855
28  2.0  0.00165952
28  3.5  4.51698e-05
28  2.5  0.000458737
28  3.0  0.000134459
26  12.0  2.66314e-10
28  4.0  1.58885e-05
28  4.5  6.66655e-06
28  5.0  2.5488e-06
28  6.0  5.14081e-07
28  5.5  1.15148e-06
28  6.5  2.40483e-07
28  7.0  1.10532e-07
28  7.5  5.64618e-08
28  8.0  2.86883e-08
28  9.5  4.14668e-09
28  8.5  1.46512e-08
28  9.0  7.7348e-09
28  10.0  2.16865e-09
30  0.2  0.0486497
28  10.5  1.20342e-09
30  0.3  0.0675048
30  0.4  0.0736297
30  0.5  0.071174
30  0.6  0.0625009
30  0.8  0.0398131
28  11.0  6.86453e-10
30  0.7  0.0510039
30  0.9  0.031164
30  1.0  0.0233174
30  1.1  0.0176046
30  1.2  0.0132653
30  1.3  0.00973173
30  1.4  0.00735153
30  1.5  0.00529386
30  1.7  0.00297422
30  1.6  0.00393922
30  1.8  0.00225064
30  1.9  0.00167258
30  2.0  0.00130082
30  2.5  0.000352618
30  3.0  0.000107284
30  3.5  3.56896e-05
28  11.5  3.90326e-10
28  12.0  2.16579e-10
30  4.0  1.26871e-05
30  4.5  5.03076e-06
30  5.0  2.01872e-06
30  5.5  9.00618e-07
30  6.0  3.889e-07
30  6.5  1.8825e-07
30  8.0  2.27242e-08
30  7.0  8.69895e-08
30  7.5  4.28795e-08
30  10.0  1.75972e-09
30  8.5  1.1681e-08
30  9.0  6.03639e-09
30  9.5  3.17339e-09
32  0.2  0.0436397
32  0.3  0.0589022
32  0.4  0.0628891
30  12.0  1.7118e-10
32  0.5  0.0572924
32  0.6  0.0485691
32  0.7  0.0388492
32  0.8  0.0299882
32  0.9  0.0229566
30  10.5  9.58737e-10
32  1.0  0.0176106
32  1.1  0.0129415
32  1.2  0.00945225
32  1.3  0.00702958
32  1.4  0.00527841
30  11.0  5.41542e-10
32  1.5  0.00390743
32  1.6  0.00296089
32  1.7  0.00218702
30  11.5  3.0146e-10
32  1.8  0.00164284
32  2.0  0.000938592
32  1.9  0.00122706
32  2.5  0.000260113
32  3.5  2.57032e-05
32  3.0  7.90099e-05
32  4.5  3.40737e-06
32  4.0  9.37196e-06
32  5.0  1.4552e-06
32  5.5  6.46512e-07
32  7.5  3.10741e-08
32  6.0  2.90017e-07
32  6.5  1.33297e-07
32  7.0  6.46574e-08
32  8.5  8.18955e-09
32  8.0  1.60481e-08
32  10.0  1.23385e-09
32  9.0  4.35158e-09
32  10.5  6.93056e-10
32  9.5  2.28844e-09
34  0.2  0.0378299
34  0.3  0.0466897
34  0.4  0.0469079
34  0.5  0.0412944
34  0.6  0.0339391
34  0.7  0.02701
34  0.8  0.0205264
34  0.9  0.0152812
34  1.0  0.0115235
34  1.1  0.00860555
34  1.2  0.00623624
34  1.3  0.00463342
34  1.4  0.00345198
34  1.5  0.00249738
32  11.0  3.85324e-10
34  1.6  0.00190179
34  1.7  0.00142445
34  1.8  0.00107535
34  1.9  0.000812526
34  2.0  0.000646446
34  2.5  0.000161631
34  3.0  4.73424e-05
34  3.5  1.65794e-05
32  11.5  2.20306e-10
32  12.0  1.25094e-10
34  4.0  5.89402e-06
34  4.5  2.37069e-06
34  5.0  9.35793e-07
34  5.5  4.06784e-07
34  7.0  4.08256e-08
34  7.5  2.03038e-08
34  6.0  1.82421e-07
34  8.0  1.04595e-08
34  6.5  8.56713e-08
34  9.0  2.70939e-09
34  8.5  5.31698e-09
34  9.5  1.46555e-09
34  10.0  7.97748e-10
4  0.2  0.0611268
4  0.3  0.0886539
4  0.5  0.111317
4  0.4  0.106028
34  10.5  4.43555e-10
4  0.6  0.105558
4  0.7  0.0939182
4  0.8  0.0779327
4  0.9  0.0621959
4  1.0  0.047899
4  1.1  0.0381613
4  1.2  0.0286982
4  1.3  0.021938
4  1.4  0.0166477
4  1.5  0.0125645
4  1.7  0.007207
34  11.5  1.40771e-10
4  1.6  0.00953151
4  1.8  0.00549811
4  1.9  0.00425788
4  2.0  0.00322792
34  11.0  2.47007e-10
4  2.5  0.000884906
4  3.0  0.000262234
4  3.5  9.24268e-05
34  12.0  7.8709e-11
4  4.0  3.35855e-05
4  4.5  1.26071e-05
4  5.0  5.25372e-06
4  5.5  2.27611e-06
4  6.0  1.02337e-06
4  7.5  1.10433e-07
4  6.5  4.8004e-07
4  7.0  2.27269e-07
4  8.0  5.84787e-08
4  8.5  2.92476e-08
4  9.0  1.51401e-08
4  9.5  8.37224e-09
4  10.0  4.35628e-09
6  0.2  0.0601427
6  0.3  0.0890085
6  0.4  0.106034
6  0.5  0.112024
6  0.6  0.105355
6  0.7  0.0937016
6  0.8  0.0773885
6  0.9  0.0615908
4  10.5  2.48672e-09
6  1.0  0.048716
6  1.1  0.0373512
6  1.2  0.0285963
6  1.3  0.021768
6  1.4  0.0165192
6  1.5  0.0125361
6  1.6  0.00941203
6  1.7  0.00719707
6  1.8  0.00549503
4  11.0  1.37088e-09
6  1.9  0.00416994
6  2.5  0.000881891
6  2.0  0.00319186
6  3.0  0.000275442
4  11.5  7.50622e-10
6  3.5  9.02155e-05
4  12.0  4.41525e-10
6  4.0  3.3365e-05
6  4.5  1.32486e-05
6  5.0  5.39843e-06
6  5.5  2.29787e-06
6  7.0  2.26511e-07
6  7.5  1.13734e-07
6  6.0  1.0312e-06
6  6.5  4.76835e-07
6  9.5  8.20158e-09
6  8.0  5.84596e-08
6  8.5  2.93212e-08
6  9.0  1.54368e-08
8  0.2  0.0594859
6  10.0  4.45878e-09
8  0.3  0.0881438
8  0.4  0.105095
8  0.5  0.110651
8  0.6  0.105336
8  0.7  0.0925909
8  0.8  0.0762115
8  0.9  0.0612337
6  10.5  2.50957e-09
8  1.0  0.0480085
8  1.1  0.0367197
8  1.2  0.02857
8  1.3  0.0214435
8  1.4  0.0163085
8  1.5  0.0124091
8  1.6  0.00939724
8  1.7  0.00709342
6  11.0  1.34882e-09
8  1.8  0.00536488
8  1.9  0.00410939
8  2.0  0.00314893
8  3.0  0.000261366
8  2.5  0.000867881
8  3.5  8.85853e-05
6  11.5  7.75376e-10
6  12.0  4.37196e-10
8  4.0  3.27744e-05
8  4.5  1.30544e-05
8  5.0  4.99501e-06
8  5.5  2.28116e-06
8  6.0  9.95303e-07
8  6.5  4.98345e-07
8  7.0  2.19629e-07
8  7.5  1.0879e-07
8  8.0  5.73407e-08
8  9.0  1.50901e-08
8  8.5  2.80655e-08
8  10.0  4.42964e-09
8  9.5  8.00976e-09
8  10.5  2.40563e-09
8  11.0  1.35002e-09
8  11.5  7.64994e-10
8  12.0  4.38277e-10
