# diffractive D0 cross section, Pb target, HymnD fragmentation, An0n channel
# generated      : 2026-08-20 10:20:12 EEST
# calls          : 1e5 (VEGAS calls per point, see CALLS_EXCL/CALLS_EXCL_FACTORIZED/CALLS_DIFF)
# dipole samples : data/Pb/mve/glauber_mve_<b>
# pD0 sweep      : 0.2 0.3 0.4 0.5 0.6 0.7 0.8 0.9 1.0 1.1 1.2 1.3 1.4 1.5 1.6 1.7 1.8 1.9 2.0 2.5 3.0 3.5 4.0 4.5 5.0 5.5 6.0 6.5 7.0 7.5 8.0 8.5 9.0 9.5 10.0 10.5 11.0 11.5 12.0
# fixed rapidity y : -1.0
# ============================================================
# b  pD0  dsigma_dyd2pD0
0  0.5  0.936389
0  0.2  0.432512
0  0.3  0.637774
0  0.4  0.823321
0  0.7  0.940987
0  0.6  0.979712
0  0.8  0.877701
0  0.9  0.768142
0  1.2  0.469568
0  1.0  0.663941
0  1.1  0.561609
0  1.4  0.322425
0  1.3  0.393075
0  1.5  0.268978
0  1.9  0.126374
0  1.6  0.222484
0  1.7  0.184287
0  2.0  0.104984
0  1.8  0.153137
0  3.0  0.02125
0  2.5  0.0455844
0  3.5  0.0107565
0  4.5  0.00331365
0  6.5  0.000527294
0  4.0  0.00576561
0  5.0  0.00199547
0  5.5  0.00123618
0  7.5  0.000255057
0  6.0  0.000794021
0  7.0  0.000363641
0  8.0  0.000178316
0  8.5  0.000126591
0  9.5  6.83086e-05
0  10.5  3.88485e-05
0  9.0  9.22725e-05
0  10.0  5.15797e-05
10  0.2  0.417948
10  0.3  0.632814
10  0.4  0.80808
0  12.0  1.76215e-05
10  0.5  0.926686
10  0.6  0.95597
10  0.7  0.913692
10  0.8  0.83984
0  11.5  2.28708e-05
10  0.9  0.740958
10  1.0  0.639464
10  1.1  0.539743
10  1.2  0.453372
10  1.3  0.379332
10  1.4  0.312786
10  1.5  0.256413
10  1.6  0.213692
0  11.0  2.9685e-05
10  1.7  0.176334
10  1.8  0.147242
10  1.9  0.122741
10  2.5  0.0436603
10  2.0  0.102026
10  3.0  0.0201259
10  3.5  0.0102164
10  5.5  0.0012165
10  4.0  0.00547654
10  4.5  0.00321315
10  5.0  0.00191695
10  6.5  0.000508443
10  6.0  0.000768574
10  7.5  0.000234837
10  8.5  0.000121083
10  7.0  0.000340685
10  9.5  6.47885e-05
10  8.0  0.000167023
10  10.5  3.73528e-05
10  10.0  4.91706e-05
10  9.0  8.80987e-05
12  0.2  0.427687
12  0.3  0.628972
10  12.0  1.67066e-05
12  0.4  0.804964
12  0.5  0.910852
12  0.6  0.930183
12  0.7  0.906822
12  0.8  0.822898
12  0.9  0.73359
12  1.0  0.631443
12  1.1  0.532696
12  1.2  0.447483
12  1.3  0.369873
10  11.0  2.81621e-05
12  1.4  0.30632
12  1.5  0.2534
12  1.7  0.170881
12  1.6  0.209456
12  1.8  0.144083
12  1.9  0.119615
12  2.5  0.0421892
12  2.0  0.0996341
12  3.0  0.0199624
10  11.5  2.16338e-05
12  3.5  0.00990611
12  5.5  0.00114953
12  4.0  0.0054844
12  4.5  0.00310373
12  5.0  0.00187282
12  6.5  0.000498565
12  7.5  0.000230768
12  6.0  0.000738342
12  7.0  0.000326278
12  8.5  0.000117753
12  9.0  8.6365e-05
12  9.5  6.30935e-05
12  8.0  0.000163595
12  10.5  3.59959e-05
12  10.0  4.80546e-05
14  0.2  0.416143
12  12.0  1.64758e-05
14  0.3  0.626538
14  0.4  0.796849
14  0.5  0.898831
14  0.6  0.935964
14  0.7  0.893524
14  0.8  0.808554
12  11.0  2.74605e-05
14  0.9  0.718632
14  1.0  0.616436
14  1.1  0.517158
14  1.2  0.434212
14  1.3  0.360065
14  1.4  0.299863
14  1.5  0.246929
14  1.7  0.169045
12  11.5  2.13196e-05
14  1.6  0.2027
14  1.8  0.136623
14  1.9  0.116057
14  2.0  0.09745
14  2.5  0.0415605
14  3.0  0.0191694
14  3.5  0.00967253
14  4.5  0.0030227
14  5.5  0.00111131
14  4.0  0.00518869
14  5.0  0.00177877
14  6.0  0.000717258
14  6.5  0.000486273
14  8.5  0.000115822
14  7.0  0.000322104
14  7.5  0.000222305
14  8.0  0.000160807
14  9.5  6.25863e-05
14  10.5  3.44918e-05
14  9.0  8.33195e-05
14  10.0  4.63077e-05
16  0.2  0.417236
14  12.0  1.59038e-05
16  0.3  0.618755
16  0.4  0.782967
16  0.5  0.895263
16  0.6  0.920663
16  0.7  0.867326
16  0.8  0.799996
16  0.9  0.697823
14  11.0  2.6574e-05
16  1.0  0.599427
16  1.1  0.504319
16  1.2  0.419766
16  1.3  0.350836
16  1.5  0.240268
16  1.4  0.288798
16  1.6  0.194749
16  1.7  0.163478
16  1.9  0.112686
14  11.5  2.04415e-05
16  1.8  0.135761
16  2.0  0.0951012
16  3.0  0.018468
16  2.5  0.0395907
16  3.5  0.00930227
16  5.0  0.00171059
16  5.5  0.00108109
16  6.0  0.000698073
16  4.0  0.00498585
16  4.5  0.00289229
16  7.5  0.000220021
16  8.5  0.000111759
16  6.5  0.000463797
16  7.0  0.000310543
16  9.0  8.03787e-05
16  9.5  5.95019e-05
16  8.0  0.000154311
16  10.5  3.39202e-05
16  10.0  4.31021e-05
18  0.2  0.414927
18  0.3  0.611602
16  12.0  1.53853e-05
18  0.4  0.776483
18  0.5  0.878088
18  0.6  0.897895
18  0.7  0.850723
16  11.0  2.53776e-05
18  0.8  0.771651
18  0.9  0.671368
18  1.0  0.575982
18  1.1  0.490629
18  1.2  0.409547
18  1.3  0.33922
18  1.4  0.279129
18  1.5  0.229651
18  1.6  0.191381
18  1.7  0.156943
18  1.8  0.129811
18  1.9  0.108136
18  2.0  0.0903069
18  3.0  0.0178071
16  11.5  2.00762e-05
18  2.5  0.038239
18  3.5  0.00894367
18  5.0  0.00165975
18  5.5  0.00102796
18  6.0  0.000665398
18  4.0  0.00483537
18  4.5  0.002806
18  6.5  0.000443609
18  7.0  0.000291965
18  8.5  0.00010519
18  7.5  0.000205427
18  8.0  0.000142554
18  9.5  5.6612e-05
18  10.0  4.33081e-05
18  9.0  7.68327e-05
18  10.5  3.21219e-05
2  0.2  0.437217
18  12.0  1.45825e-05
2  0.3  0.638834
2  0.4  0.821636
2  0.5  0.941585
2  0.6  0.977791
2  0.7  0.944796
2  0.8  0.871494
2  0.9  0.767018
2  1.0  0.66489
2  1.1  0.561506
2  1.2  0.471317
18  11.0  2.45071e-05
2  1.3  0.391547
2  1.4  0.325047
2  1.5  0.264334
2  1.6  0.222132
18  11.5  1.88738e-05
2  1.7  0.184693
2  1.9  0.126662
2  1.8  0.153358
2  2.0  0.106639
2  2.5  0.0457841
2  3.5  0.0108006
2  3.0  0.0211047
2  4.5  0.0033011
2  4.0  0.00572003
2  6.5  0.000527483
2  5.0  0.00197066
2  5.5  0.00123516
2  6.0  0.000791856
2  7.5  0.000253761
2  8.5  0.000125988
2  7.0  0.000355966
2  8.0  0.000175368
2  9.5  6.91083e-05
2  10.5  3.93808e-05
2  9.0  9.2577e-05
2  10.0  5.11157e-05
20  0.2  0.405274
20  0.3  0.603397
2  12.0  1.7399e-05
20  0.4  0.763173
20  0.5  0.851533
2  11.5  2.26916e-05
20  0.6  0.875121
20  0.7  0.827784
20  0.8  0.749639
20  0.9  0.653985
20  1.0  0.558709
2  11.0  2.98219e-05
20  1.1  0.469078
20  1.3  0.318968
20  1.2  0.387511
20  1.4  0.264132
20  1.5  0.218817
20  1.6  0.18169
20  1.7  0.148783
20  1.8  0.123688
20  1.9  0.101965
20  2.0  0.0861955
20  3.5  0.00846809
20  2.5  0.0361635
20  3.0  0.0167367
20  4.5  0.0026115
20  5.0  0.00154583
20  6.0  0.000633748
20  4.0  0.00452978
20  5.5  0.000981176
20  6.5  0.000413648
20  7.0  0.000286708
20  7.5  0.00019458
20  8.0  0.000137796
20  9.5  5.44458e-05
20  8.5  9.94275e-05
20  9.0  7.2232e-05
20  10.5  3.03788e-05
20  10.0  3.99351e-05
22  0.2  0.395679
20  12.0  1.3875e-05
22  0.3  0.588947
22  0.4  0.739941
22  0.5  0.834905
22  0.6  0.843793
22  0.7  0.788431
22  0.8  0.713977
20  11.0  2.34618e-05
22  0.9  0.621123
22  1.0  0.525455
22  1.2  0.365471
22  1.1  0.43619
22  1.4  0.248065
22  1.3  0.302958
22  1.5  0.20454
22  1.6  0.167514
20  11.5  1.79051e-05
22  1.7  0.139051
22  1.8  0.114665
22  1.9  0.0961872
22  2.0  0.0788179
22  2.5  0.0334705
22  3.5  0.00784005
22  3.0  0.0158143
22  5.0  0.00144626
22  4.5  0.00245819
22  4.0  0.00431416
22  5.5  0.000898863
22  6.0  0.000587138
22  6.5  0.000383652
22  7.0  0.000262045
22  7.5  0.00018137
22  9.0  6.7892e-05
22  8.0  0.000127491
22  8.5  9.20569e-05
22  9.5  5.02453e-05
22  10.5  2.80878e-05
22  10.0  3.62768e-05
22  11.0  2.18233e-05
24  0.2  0.382745
24  0.3  0.574831
24  0.4  0.716164
24  0.5  0.790169
24  0.6  0.796447
22  12.0  1.30329e-05
24  0.7  0.739354
24  0.9  0.581447
24  0.8  0.668829
24  1.0  0.491438
24  1.1  0.408747
24  1.2  0.336456
24  1.3  0.279323
24  1.4  0.22937
24  1.5  0.188566
24  1.6  0.151517
24  1.7  0.127869
24  1.8  0.103904
24  1.9  0.0856691
24  2.0  0.0725426
22  11.5  1.63314e-05
24  2.5  0.0306133
24  3.0  0.0142267
24  3.5  0.00708234
24  5.5  0.000810018
24  4.0  0.00385627
24  4.5  0.00222119
24  5.0  0.00130958
24  6.5  0.000353207
24  6.0  0.000535893
24  7.0  0.000237005
24  7.5  0.000165946
24  8.0  0.000116297
24  8.5  8.44902e-05
24  9.5  4.51988e-05
24  10.0  3.37381e-05
24  9.0  6.08749e-05
24  10.5  2.59179e-05
26  0.2  0.37341
24  11.0  1.95422e-05
24  12.0  1.16425e-05
26  0.3  0.551724
26  0.4  0.684079
26  0.5  0.74696
26  0.6  0.739587
26  0.7  0.68996
26  0.8  0.612992
26  0.9  0.527043
26  1.0  0.441661
26  1.1  0.368225
26  1.2  0.304998
26  1.3  0.248968
26  1.4  0.205336
26  1.5  0.166981
26  1.6  0.13805
26  1.7  0.113552
26  1.8  0.0939717
26  1.9  0.0776935
26  2.5  0.0274252
24  11.5  1.5279e-05
26  2.0  0.0646055
26  3.0  0.0125955
26  3.5  0.00636918
26  5.0  0.0011626
26  5.5  0.0007219
26  4.0  0.00342159
26  4.5  0.00192251
26  6.0  0.000462599
26  8.0  0.000101883
26  6.5  0.000307211
26  7.5  0.000144594
26  7.0  0.000212227
26  9.0  5.4667e-05
26  10.0  2.96775e-05
26  8.5  7.34342e-05
26  9.5  4.02092e-05
26  10.5  2.28511e-05
28  0.2  0.347034
28  0.3  0.517056
26  12.0  1.04078e-05
26  11.5  1.32196e-05
28  0.4  0.638429
28  0.5  0.684818
28  0.6  0.669867
28  0.7  0.610898
28  0.8  0.536495
26  11.0  1.71226e-05
28  0.9  0.453485
28  1.0  0.385129
28  1.1  0.317897
28  1.2  0.261282
28  1.3  0.213202
28  1.5  0.141842
28  1.4  0.17474
28  1.6  0.116861
28  1.7  0.096763
28  1.8  0.0795141
28  1.9  0.0656829
28  2.0  0.0542421
28  2.5  0.0226494
28  3.0  0.010513
28  3.5  0.00533026
28  5.5  0.000602957
28  4.0  0.00289472
28  4.5  0.00165774
28  5.0  0.000967824
28  6.0  0.000388292
28  6.5  0.000261862
28  8.5  6.24036e-05
28  7.0  0.000173724
28  7.5  0.00012149
28  9.0  4.48201e-05
28  8.0  8.55366e-05
28  10.0  2.48271e-05
28  9.5  3.35752e-05
28  10.5  1.87874e-05
30  0.2  0.331046
30  0.3  0.47144
28  12.0  8.63533e-06
30  0.4  0.571908
30  0.5  0.599813
28  11.5  1.10628e-05
30  0.6  0.566725
30  0.8  0.443454
30  0.7  0.511869
28  11.0  1.459e-05
30  0.9  0.376304
30  1.0  0.311827
30  1.1  0.255772
30  1.2  0.209783
30  1.3  0.171539
30  1.4  0.139258
30  1.5  0.113967
30  1.6  0.0932149
30  1.7  0.0757892
30  1.8  0.0625879
30  1.9  0.0516238
30  2.5  0.0177685
30  2.0  0.0428113
30  3.0  0.00823581
30  3.5  0.00412062
30  4.0  0.00223058
30  4.5  0.00125987
30  5.0  0.000769686
30  5.5  0.000468591
30  6.0  0.000303046
30  6.5  0.00020045
30  7.0  0.000140599
30  7.5  9.6677e-05
30  8.0  6.69947e-05
30  8.5  4.8433e-05
30  9.0  3.57521e-05
30  10.0  1.97109e-05
30  11.0  1.11775e-05
30  9.5  2.56861e-05
30  10.5  1.46286e-05
32  0.2  0.297107
30  11.5  8.64545e-06
32  0.3  0.415095
32  0.5  0.477955
32  0.4  0.475781
32  0.6  0.444855
30  12.0  6.73678e-06
32  0.7  0.391911
32  0.8  0.335872
32  0.9  0.281829
32  1.0  0.231901
32  1.1  0.188717
32  1.2  0.152986
32  1.3  0.124344
32  1.4  0.100545
32  1.6  0.0677811
32  1.5  0.0818619
32  1.7  0.0539641
32  1.8  0.0463833
32  1.9  0.0375922
32  2.0  0.0306384
32  2.5  0.0130195
32  3.5  0.00297872
32  3.0  0.0058761
32  4.0  0.00158999
32  4.5  0.000911468
32  5.0  0.000543353
32  5.5  0.000345059
32  6.0  0.000216927
32  6.5  0.00014744
32  8.5  3.42008e-05
32  7.0  9.97577e-05
32  8.0  4.78334e-05
32  7.5  6.90452e-05
32  9.5  1.86533e-05
32  9.0  2.49876e-05
32  10.0  1.37734e-05
32  11.0  7.97539e-06
32  10.5  1.05034e-05
4  0.2  0.432639
32  12.0  4.69773e-06
4  0.3  0.63555
4  0.4  0.823513
4  0.5  0.923735
4  0.6  0.969432
4  0.7  0.928855
4  0.8  0.86369
4  0.9  0.764977
4  1.0  0.656524
4  1.1  0.553464
4  1.2  0.468839
4  1.3  0.391297
4  1.4  0.320381
4  1.5  0.268183
4  1.6  0.221192
4  1.7  0.183801
4  1.8  0.152176
4  1.9  0.127595
4  2.0  0.105711
4  2.5  0.0433252
4  3.0  0.0209942
4  3.5  0.0106018
32  11.5  6.27622e-06
4  4.5  0.00329047
4  4.0  0.00571851
4  5.0  0.00197078
4  6.5  0.000531187
4  5.5  0.00122262
4  7.5  0.000248108
4  6.0  0.000788241
4  8.5  0.000124872
4  7.0  0.000354658
4  8.0  0.000174873
4  9.5  6.73447e-05
4  10.5  3.84479e-05
4  9.0  9.27384e-05
4  10.0  5.05783e-05
6  0.2  0.423774
6  0.3  0.639494
6  0.4  0.809305
4  12.0  1.76101e-05
6  0.5  0.937412
6  0.6  0.969997
6  0.7  0.919128
6  0.8  0.86056
6  0.9  0.749667
6  1.0  0.649411
6  1.2  0.460921
6  1.1  0.557337
6  1.3  0.381548
4  11.0  2.94052e-05
6  1.4  0.319977
6  1.5  0.263359
6  1.6  0.22014
6  1.7  0.181018
6  1.9  0.125363
6  1.8  0.151702
4  11.5  2.28178e-05
6  2.0  0.105546
6  2.5  0.0450137
6  3.0  0.0209497
6  3.5  0.0104872
6  4.0  0.00562758
6  4.5  0.00329937
6  5.0  0.00193985
6  5.5  0.00120414
6  6.0  0.000778831
6  7.5  0.000247088
6  6.5  0.000515124
6  8.5  0.000125491
6  7.0  0.000356107
6  9.5  6.75999e-05
6  8.0  0.000172258
6  10.5  3.7828e-05
6  9.0  9.0637e-05
6  10.0  4.92189e-05
8  0.2  0.432582
6  12.0  1.73434e-05
8  0.3  0.636855
8  0.4  0.806409
8  0.5  0.929498
8  0.6  0.95568
8  0.7  0.930008
8  0.8  0.842833
8  0.9  0.734432
6  11.0  2.90938e-05
8  1.0  0.649246
8  1.1  0.550543
8  1.2  0.459021
8  1.3  0.381998
8  1.4  0.317569
8  1.5  0.260145
8  1.6  0.214948
8  1.7  0.1798
8  1.9  0.123494
8  1.8  0.15031
6  11.5  2.18491e-05
8  2.0  0.103571
8  2.5  0.0440216
8  3.0  0.0204632
8  3.5  0.0104038
8  4.0  0.00558538
8  4.5  0.00319559
8  5.0  0.00195808
8  5.5  0.00120552
8  6.5  0.000509678
8  6.0  0.000767046
8  7.5  0.000243168
8  7.0  0.000349329
8  8.5  0.000123119
8  8.0  0.000171349
8  9.5  6.6162e-05
8  10.5  3.65591e-05
8  10.0  4.93775e-05
8  9.0  9.03187e-05
8  12.0  1.71048e-05
8  11.5  2.25036e-05
8  11.0  2.85549e-05
