# diffractive D0 cross section, Pb target, BCFY fragmentation, An0n channel
# generated      : 2026-10-04 12:42:18 EEST
# flux_model     : EFF (TARGET=AA)
# scale_factor   : 0.5 (fragmentation scale Q = SCALE_FACTOR * m_T)
# calls          : 1e5 (VEGAS calls per point, see CALLS_EXCL/CALLS_EXCL_FACTORIZED/CALLS_DIFF)
# dipole samples : data/Pb/mve/glauber_mve_<b>
# pD0 sweep      : 0.2 0.3 0.4 0.5 0.6 0.7 0.8 0.9 1.0 1.1 1.2 1.3 1.4 1.5 1.6 1.7 1.8 1.9 2.0 2.5 3.0 3.5 4.0 4.5 5.0 5.5 6.0 6.5 7.0 7.5 8.0 8.5 9.0 9.5 10.0 10.5 11.0 11.5 12.0
# fixed rapidity y : 2.5
# ============================================================
# b  pD0  dsigma_dyd2pD0
0  1.2  0.200899
0  1.0  0.275464
0  0.5  0.371818
0  0.2  0.198952
0  0.9  0.323761
0  0.6  0.388658
0  0.4  0.332535
0  0.8  0.359087
0  0.3  0.271605
0  1.1  0.239555
0  1.4  0.136823
0  0.7  0.378342
0  1.3  0.165548
0  1.6  0.0907632
0  1.7  0.0735508
0  1.5  0.111957
0  1.9  0.0490515
0  1.8  0.0602097
0  2.0  0.0400125
0  2.5  0.0149862
0  3.0  0.00568633
0  3.5  0.00231239
0  4.5  0.000483834
0  5.5  0.000120268
0  6.0  6.26833e-05
0  4.0  0.00101437
0  7.5  1.19454e-05
0  8.5  4.32252e-06
0  6.5  3.51451e-05
0  8.0  7.26684e-06
0  9.0  2.69758e-06
0  5.0  0.000229987
10  0.2  0.195624
10  0.3  0.265116
10  0.4  0.327734
10  0.5  0.366604
10  0.6  0.379995
10  0.7  0.371263
0  7.0  2.01457e-05
10  0.8  0.349375
10  1.0  0.272711
10  0.9  0.312768
10  1.1  0.230385
10  1.2  0.194132
0  9.5  1.73992e-06
10  1.4  0.130159
0  10.0  1.10312e-06
10  1.5  0.107814
10  1.3  0.159662
10  1.6  0.0880099
0  10.5  7.03897e-07
10  1.7  0.0707998
10  1.9  0.0469976
10  2.5  0.0140735
10  1.8  0.0579652
0  11.0  4.71256e-07
10  2.0  0.0380829
0  11.5  3.15262e-07
0  12.0  2.17443e-07
10  3.5  0.00222315
10  4.0  0.000979895
10  4.5  0.000445592
10  5.0  0.000229051
10  3.0  0.0054201
10  6.0  6.20265e-05
10  6.5  3.34731e-05
10  7.0  1.94416e-05
10  7.5  1.15926e-05
10  5.5  0.000115825
12  0.2  0.199525
10  8.0  6.85119e-06
12  0.3  0.265499
10  8.5  4.1307e-06
12  0.4  0.324796
12  0.5  0.363083
12  0.6  0.374713
12  0.7  0.370571
10  9.0  2.65314e-06
12  1.0  0.265776
12  0.8  0.346555
10  9.5  1.66516e-06
12  0.9  0.308718
12  1.2  0.190792
12  1.3  0.157615
12  1.1  0.226707
10  10.0  1.06086e-06
12  1.4  0.127967
10  10.5  6.9027e-07
12  1.5  0.105139
12  1.7  0.0696133
12  1.6  0.0862082
12  1.8  0.0562107
10  11.0  4.46706e-07
12  1.9  0.0458794
12  2.0  0.0371655
12  2.5  0.0137775
10  11.5  3.11255e-07
10  12.0  2.04452e-07
12  3.0  0.00516083
12  4.0  0.000955195
12  4.5  0.000452934
12  5.0  0.000222465
12  6.0  5.91727e-05
12  6.5  3.28987e-05
12  3.5  0.00213617
12  5.5  0.000114681
12  7.5  1.11418e-05
14  0.2  0.19393
12  8.5  4.0043e-06
14  0.4  0.322987
12  9.0  2.5325e-06
12  8.0  6.57752e-06
14  0.3  0.263401
14  0.6  0.371538
12  9.5  1.58959e-06
14  0.7  0.36525
14  0.5  0.359878
12  7.0  1.87759e-05
14  1.0  0.263763
14  0.8  0.339696
12  10.0  1.03077e-06
14  1.2  0.18605
14  1.1  0.221658
14  1.3  0.154428
14  1.4  0.125521
12  10.5  6.73579e-07
14  0.9  0.302509
14  1.5  0.103071
14  1.7  0.0681724
14  1.8  0.0549142
14  1.6  0.0839894
14  1.9  0.0446857
14  2.0  0.0367383
14  2.5  0.0137039
12  11.5  2.97947e-07
12  12.0  2.03819e-07
12  11.0  4.50599e-07
14  4.5  0.000444134
14  3.5  0.00208193
14  4.0  0.000937205
14  6.0  5.83775e-05
14  3.0  0.00507717
14  6.5  3.13768e-05
14  7.5  1.07537e-05
14  5.0  0.000210318
14  5.5  0.000108771
16  0.2  0.191931
16  0.3  0.261576
14  7.0  1.80224e-05
16  0.5  0.357955
16  0.4  0.320313
14  8.5  3.90692e-06
16  0.6  0.370435
14  8.0  6.46606e-06
14  9.0  2.4453e-06
16  0.7  0.348853
16  0.8  0.332951
16  1.1  0.21843
16  0.9  0.297031
14  9.5  1.56718e-06
16  1.0  0.258201
14  12.0  1.9928e-07
16  1.2  0.181936
16  1.4  0.1224
16  1.3  0.149915
14  10.0  9.93618e-07
16  1.7  0.06536
16  1.6  0.0810749
16  1.9  0.0431
16  1.5  0.100127
16  2.0  0.035089
16  1.8  0.0535574
14  11.0  4.2614e-07
14  11.5  2.96958e-07
16  2.5  0.012935
14  10.5  6.62162e-07
16  4.5  0.000415709
16  3.5  0.0020274
16  4.0  0.000894496
16  6.5  3.07732e-05
16  6.0  5.62864e-05
16  5.0  0.00020933
16  5.5  0.000105779
16  3.0  0.00492876
18  0.2  0.190326
18  0.3  0.257723
16  8.5  3.87132e-06
16  7.5  1.02634e-05
16  7.0  1.75475e-05
18  0.4  0.318679
18  0.5  0.34974
16  9.0  2.367e-06
18  0.6  0.358754
18  0.7  0.351852
16  12.0  1.8846e-07
16  9.5  1.47847e-06
18  0.8  0.317597
18  1.0  0.250563
18  0.9  0.290045
16  8.0  6.15437e-06
18  1.2  0.176536
18  1.1  0.211046
18  1.3  0.145279
16  10.0  9.44906e-07
18  1.4  0.117979
18  1.5  0.0957069
16  10.5  6.27529e-07
18  1.6  0.0770404
18  1.7  0.0642849
18  1.8  0.0514078
18  1.9  0.0413303
18  2.0  0.0334095
18  2.5  0.0124398
16  11.5  2.81493e-07
16  11.0  4.16499e-07
18  4.5  0.000405918
18  5.0  0.000198798
18  5.5  0.000100959
18  3.0  0.00471799
18  6.0  5.24768e-05
18  3.5  0.0019313
18  4.0  0.000858178
18  7.0  1.66955e-05
2  0.2  0.197983
2  0.3  0.269268
18  6.5  2.96518e-05
18  8.5  3.55804e-06
2  0.4  0.33291
18  7.5  9.69861e-06
18  8.0  5.81704e-06
2  0.5  0.37232
18  9.0  2.27196e-06
2  0.7  0.378665
2  0.6  0.387367
2  0.9  0.323061
2  0.8  0.355713
2  1.0  0.280773
18  9.5  1.43893e-06
18  12.0  1.7884e-07
2  1.1  0.237428
2  1.2  0.19866
2  1.3  0.164898
2  1.4  0.137227
2  1.5  0.112274
18  10.0  9.11173e-07
2  1.8  0.0598874
2  1.9  0.0484138
2  1.6  0.0910713
2  1.7  0.0742759
2  2.0  0.0397354
18  10.5  5.94556e-07
2  2.5  0.0148837
18  11.0  4.01999e-07
18  11.5  2.72239e-07
2  3.0  0.00562532
2  3.5  0.00228509
2  4.5  0.00048503
2  5.0  0.000237223
2  5.5  0.000122058
2  6.0  6.34342e-05
2  6.5  3.5269e-05
2  7.0  1.99112e-05
2  4.0  0.0010073
2  7.5  1.18474e-05
2  8.0  7.12133e-06
20  0.2  0.188578
20  0.3  0.254414
20  0.4  0.309716
20  0.5  0.343908
2  8.5  4.34697e-06
20  0.6  0.356212
20  0.7  0.341424
2  9.0  2.74672e-06
20  0.8  0.315326
20  0.9  0.277931
20  1.1  0.200153
20  1.0  0.240994
20  1.2  0.168788
2  9.5  1.72383e-06
20  1.3  0.138684
20  1.5  0.0923746
20  1.4  0.112833
2  10.0  1.1164e-06
20  1.6  0.0741496
20  1.8  0.0485179
20  1.7  0.0597908
2  10.5  7.25807e-07
20  1.9  0.0395657
20  2.0  0.0319381
20  2.5  0.0116132
2  11.0  4.86613e-07
2  11.5  3.19172e-07
2  12.0  2.19013e-07
20  4.5  0.000370191
20  3.0  0.00446814
20  5.0  0.00018409
20  4.0  0.000801142
20  5.5  9.34262e-05
20  6.0  4.97654e-05
20  3.5  0.00183873
20  7.0  1.5687e-05
20  8.0  5.55734e-06
20  6.5  2.81644e-05
22  0.2  0.182989
22  0.3  0.249791
20  8.5  3.45859e-06
20  7.5  9.41406e-06
22  0.4  0.303587
22  0.5  0.334942
22  0.6  0.34577
22  0.7  0.329001
20  9.0  2.17761e-06
22  0.9  0.266402
22  0.8  0.30288
22  1.0  0.225262
20  12.0  1.74831e-07
22  1.1  0.192416
22  1.3  0.129207
22  1.2  0.157615
22  1.4  0.106752
20  9.5  1.33436e-06
20  10.0  8.64836e-07
22  1.5  0.0857077
22  1.6  0.0704249
22  1.7  0.0560743
22  1.8  0.0456387
20  10.5  5.83222e-07
22  1.9  0.0371643
22  2.0  0.029544
22  2.5  0.0109481
20  11.0  3.67811e-07
20  11.5  2.56122e-07
22  3.0  0.00417815
22  4.0  0.00073367
22  4.5  0.000351492
22  5.5  8.79121e-05
22  5.0  0.00017403
22  6.5  2.5259e-05
22  6.0  4.75156e-05
22  3.5  0.00172312
22  7.0  1.45437e-05
24  0.2  0.181944
22  8.0  5.03023e-06
24  0.3  0.24332
24  0.4  0.296602
22  8.5  3.17525e-06
24  0.5  0.322969
22  7.5  8.73815e-06
24  0.6  0.327143
24  0.7  0.313844
24  0.8  0.286164
24  0.9  0.247296
24  1.0  0.216001
24  1.1  0.177756
24  1.2  0.148757
22  9.0  1.94021e-06
22  9.5  1.26508e-06
24  1.3  0.120022
24  1.4  0.0976302
24  1.5  0.0790957
24  1.6  0.0638203
24  1.7  0.0515646
24  1.9  0.0338903
24  1.8  0.0417322
24  2.0  0.0272074
24  2.5  0.00974302
22  11.0  3.50909e-07
22  11.5  2.3198e-07
22  12.0  1.58917e-07
22  10.0  8.06075e-07
22  10.5  5.31909e-07
24  4.5  0.000309636
24  3.0  0.00382105
24  3.5  0.00158178
24  4.0  0.000680765
24  5.0  0.000150912
24  5.5  8.04078e-05
24  6.0  4.10678e-05
24  7.0  1.32324e-05
24  6.5  2.41727e-05
26  0.2  0.175024
26  0.3  0.233299
26  0.4  0.283619
24  7.5  8.05922e-06
26  0.5  0.30832
24  9.0  1.82617e-06
26  0.6  0.313135
26  0.7  0.291261
26  0.8  0.26405
24  9.5  1.12884e-06
26  0.9  0.231951
26  1.0  0.19623
24  8.0  4.71779e-06
26  1.1  0.164057
26  1.2  0.133391
26  1.3  0.109538
24  10.0  7.2502e-07
26  1.4  0.0882086
24  8.5  2.85803e-06
26  1.5  0.071375
26  1.6  0.0568143
26  1.7  0.046432
26  1.8  0.0372108
26  1.9  0.0299028
26  2.0  0.0243906
24  11.0  3.1398e-07
26  2.5  0.00884628
24  11.5  2.18683e-07
24  12.0  1.4484e-07
24  10.5  4.72494e-07
26  3.0  0.0034047
26  7.0  1.16286e-05
26  4.0  0.000593702
26  5.0  0.000133953
26  4.5  0.000280548
26  5.5  7.04485e-05
26  6.0  3.72118e-05
26  3.5  0.0013532
26  6.5  2.08531e-05
28  0.2  0.165654
26  8.5  2.55026e-06
28  0.3  0.222139
26  7.5  6.93639e-06
28  0.4  0.264304
28  0.5  0.286689
28  0.6  0.285856
26  9.0  1.58443e-06
28  0.7  0.263761
28  0.8  0.231488
26  9.5  1.01921e-06
28  1.0  0.170524
26  8.0  4.09848e-06
28  0.9  0.203154
28  1.2  0.115705
28  1.1  0.143563
28  1.3  0.0936727
26  10.0  6.58136e-07
28  1.4  0.0751934
28  1.5  0.0612903
28  1.7  0.038999
28  1.6  0.0491381
28  1.8  0.0312645
28  2.0  0.020667
28  1.9  0.0258072
26  11.0  2.81414e-07
28  2.5  0.00737582
26  11.5  1.84207e-07
26  12.0  1.2541e-07
26  10.5  4.16719e-07
28  4.5  0.000229542
28  3.0  0.00289523
28  6.0  3.2143e-05
28  3.5  0.00117664
28  7.0  9.76595e-06
28  8.5  2.08681e-06
28  4.0  0.000482611
28  5.0  0.000118805
28  7.5  5.83277e-06
28  5.5  5.70291e-05
30  0.2  0.154085
28  8.0  3.52549e-06
28  6.5  1.72339e-05
30  0.3  0.209215
30  0.4  0.243166
30  0.5  0.254235
30  0.7  0.221753
30  0.6  0.247262
30  0.8  0.198812
30  0.9  0.167901
30  1.0  0.140883
28  9.0  1.34805e-06
28  12.0  1.04674e-07
30  1.1  0.116134
30  1.3  0.0768624
30  1.2  0.0939183
30  1.5  0.0487968
30  1.4  0.0610486
30  1.6  0.0386158
30  1.8  0.0254986
28  10.0  5.50272e-07
30  1.7  0.0313377
30  1.9  0.0197609
30  2.0  0.016298
30  2.5  0.00594322
28  10.5  3.51939e-07
28  11.0  2.34522e-07
28  11.5  1.60863e-07
28  9.5  8.484e-07
30  3.5  0.000909902
30  4.0  0.000402867
30  4.5  0.000188401
30  3.0  0.00223997
30  6.0  2.4177e-05
30  6.5  1.39565e-05
30  7.0  7.65004e-06
30  5.0  9.17838e-05
30  7.5  4.67289e-06
30  5.5  4.5211e-05
32  0.2  0.136404
30  8.5  1.69763e-06
30  8.0  2.80887e-06
32  0.3  0.178462
32  0.4  0.206425
32  0.5  0.208982
32  0.7  0.175019
30  9.0  1.03459e-06
32  0.6  0.196709
32  0.9  0.12734
32  0.8  0.150222
30  9.5  6.73093e-07
32  1.0  0.102829
32  1.2  0.06918
32  1.1  0.0859109
30  10.0  4.3211e-07
32  1.3  0.0556528
32  1.4  0.0443619
30  10.5  2.84911e-07
32  1.5  0.0353321
32  1.6  0.0285566
32  1.7  0.0228866
32  1.8  0.0185419
32  1.9  0.014885
32  2.5  0.00426626
32  2.0  0.0120533
30  11.0  1.88092e-07
30  12.0  8.52603e-08
32  3.0  0.00158927
30  11.5  1.26818e-07
32  4.0  0.000282001
32  4.5  0.000133956
32  5.5  3.38321e-05
32  6.0  1.77681e-05
32  3.5  0.00066298
32  8.5  1.18966e-06
32  7.5  3.33378e-06
32  5.0  6.51057e-05
32  8.0  1.99594e-06
32  6.5  9.71918e-06
4  0.2  0.198764
32  7.0  5.53489e-06
4  0.3  0.270773
4  0.4  0.330829
4  0.5  0.369382
32  9.0  7.36648e-07
4  0.7  0.370497
4  0.6  0.388307
4  0.8  0.343495
32  9.5  4.7401e-07
4  0.9  0.322672
4  1.0  0.281665
4  1.1  0.237009
4  1.3  0.165623
4  1.2  0.197763
4  1.4  0.136668
4  1.5  0.111464
32  10.0  3.05772e-07
4  1.6  0.0906066
4  1.7  0.0740517
4  1.9  0.0492248
4  1.8  0.0600163
4  2.5  0.0146846
4  2.0  0.0394136
32  10.5  2.02402e-07
32  11.0  1.35827e-07
32  11.5  8.69874e-08
32  12.0  5.96764e-08
4  3.0  0.00562848
4  3.5  0.00229719
4  4.5  0.000480147
4  6.0  6.4711e-05
4  6.5  3.51805e-05
4  7.0  2.04441e-05
4  7.5  1.17752e-05
4  4.0  0.00100851
4  5.0  0.000234661
4  8.0  7.08587e-06
4  5.5  0.000121669
6  0.2  0.198448
6  0.3  0.269241
6  0.4  0.331824
6  0.5  0.369553
6  0.6  0.385474
6  0.7  0.367609
4  8.5  4.28391e-06
6  0.8  0.354083
6  0.9  0.318559
6  1.0  0.278451
4  9.0  2.75512e-06
6  1.1  0.236293
6  1.2  0.19803
6  1.3  0.164768
6  1.4  0.13469
4  10.0  1.09713e-06
6  1.5  0.110952
6  1.6  0.0891197
4  10.5  7.14616e-07
6  1.7  0.0732069
6  1.8  0.0593488
6  1.9  0.0483002
4  11.0  4.69607e-07
6  2.0  0.0388455
6  2.5  0.0146529
4  11.5  3.2135e-07
4  12.0  2.136e-07
4  9.5  1.69865e-06
6  3.5  0.00228314
6  3.0  0.00547515
6  4.0  0.00100657
6  4.5  0.000474661
6  5.0  0.000234626
6  6.0  6.37039e-05
6  6.5  3.59041e-05
6  7.0  2.01149e-05
6  7.5  1.18508e-05
6  5.5  0.000120481
6  8.0  6.98278e-06
8  0.2  0.197239
8  0.3  0.266671
6  8.5  4.30601e-06
8  0.4  0.329146
8  0.5  0.368773
8  0.6  0.38402
8  0.7  0.365482
6  9.0  2.71779e-06
8  0.8  0.352353
8  0.9  0.317457
6  9.5  1.6775e-06
8  1.1  0.234301
8  1.2  0.195461
8  1.0  0.275718
8  1.4  0.134093
6  10.0  1.07258e-06
8  1.3  0.162725
8  1.5  0.109659
8  1.7  0.0728018
8  1.6  0.0886489
6  10.5  7.20065e-07
8  1.8  0.0585288
8  1.9  0.0476511
8  2.0  0.0389253
8  2.5  0.0142309
6  11.0  4.74806e-07
6  11.5  3.13643e-07
6  12.0  2.15119e-07
8  3.5  0.00224588
8  4.0  0.000975227
8  4.5  0.000462446
8  5.0  0.000229854
8  6.0  6.11759e-05
8  3.0  0.00551361
8  6.5  3.47926e-05
8  7.0  1.92837e-05
8  7.5  1.15833e-05
8  5.5  0.000119198
8  8.0  6.79965e-06
8  9.5  1.64083e-06
8  8.5  4.26112e-06
8  9.0  2.64038e-06
8  12.0  2.09572e-07
8  10.0  1.06153e-06
8  11.5  3.10249e-07
8  10.5  7.0741e-07
8  11.0  4.63108e-07
