# exclusive D0 cross section, Pb target, BCFY fragmentation, An0n channel
# generated      : 2026-10-01 18:31:45 EEST
# flux_model     : EFF (TARGET=AA)
# calls         : 1e5 below 3.0 GeV, 2e3 above (see EXCL_PT_THRESHOLD) (VEGAS calls per point, see CALLS_EXCL/CALLS_EXCL_FACTORIZED/CALLS_DIFF)
# dipole samples : data/Pb/mve/glauber_mve_<b>
# pD0 sweep      : 0.2 0.3 0.4 0.5 0.6 0.7 0.8 0.9 1.0 1.1 1.2 1.3 1.4 1.5 1.6 1.7 1.8 1.9 2.0 2.5 3.0 3.5 4.0 4.5 5.0 5.5 6.0 6.5 7.0 7.5 8.0 8.5 9.0 9.5 10.0 10.5 11.0 11.5 12.0
# fixed rapidity y : -1.5
# ============================================================
# b  pD0  dsigma_dyd2pD0
0  0.5  5.5948
0  0.2  10.4578
0  0.8  2.58598
0  0.6  4.38626
0  0.4  7.03272
0  0.7  3.38682
0  0.3  8.66101
0  0.9  1.95089
0  1.1  1.10445
0  1.2  0.826387
0  1.0  1.46993
0  1.4  0.465133
0  1.5  0.35031
0  1.3  0.619229
0  1.6  0.265709
0  1.7  0.200824
0  1.8  0.154428
0  2.0  0.0887985
0  2.5  0.0250728
0  1.9  0.116255
0  3.0  0.00717329
0  3.5  0.00224545
0  4.0  0.000781921
0  4.5  0.000297329
0  5.0  0.000122661
0  5.5  5.45574e-05
0  6.0  2.58447e-05
0  6.5  1.30574e-05
0  7.5  3.74938e-06
0  9.5  5.03106e-07
0  7.0  6.89691e-06
0  8.0  2.17297e-06
0  9.0  7.99798e-07
0  8.5  1.30948e-06
10  0.2  9.84486
10  0.3  8.12922
10  0.4  6.59641
0  10.0  3.30865e-07
10  0.5  5.24369
10  0.6  4.09804
10  0.7  3.15486
10  0.8  2.4022
10  0.9  1.81304
10  1.0  1.36048
10  1.1  1.01818
10  1.2  0.76557
0  11.5  1.01073e-07
0  10.5  2.19861e-07
10  1.3  0.571065
10  1.4  0.429238
10  1.5  0.321035
0  12.0  7.05049e-08
10  1.6  0.242138
10  1.7  0.184752
0  11.0  1.48235e-07
10  1.8  0.138107
10  1.9  0.105983
10  2.0  0.0817091
10  2.5  0.0233624
10  3.5  0.00202009
10  3.0  0.00649184
10  4.0  0.000705504
10  4.5  0.00026854
10  5.0  0.000110751
10  5.5  4.92561e-05
10  6.0  2.33342e-05
10  6.5  1.17439e-05
10  9.5  4.54662e-07
10  7.5  3.38822e-06
10  8.0  1.96229e-06
10  7.0  6.22765e-06
10  9.0  7.21594e-07
10  8.5  1.18019e-06
10  10.0  2.9626e-07
12  0.2  9.55135
12  0.3  7.88993
12  0.4  6.3975
12  0.5  5.07976
12  0.6  3.96114
12  0.7  3.04549
12  0.8  2.31748
12  0.9  1.74924
12  1.0  1.3099
12  1.2  0.735005
10  11.5  9.14102e-08
12  1.3  0.54811
10  10.5  1.98683e-07
12  1.1  0.980594
12  1.4  0.409951
12  1.5  0.306999
12  1.6  0.233339
12  1.7  0.175575
12  1.8  0.134426
10  11.0  1.34106e-07
12  2.0  0.0794075
12  1.9  0.101119
12  2.5  0.0214397
10  12.0  6.45198e-08
12  3.5  0.0019253
12  3.0  0.00618259
12  4.0  0.000671868
12  4.5  0.000255308
12  5.0  0.000105527
12  5.5  4.68888e-05
12  6.0  2.22299e-05
12  7.5  3.2431e-06
12  9.5  4.33212e-07
12  6.5  1.11919e-05
12  9.0  6.87952e-07
12  8.0  1.86104e-06
12  7.0  5.92289e-06
12  10.0  2.82265e-07
14  0.2  9.20709
14  0.3  7.59794
14  0.4  6.15145
12  8.5  1.12544e-06
14  0.5  4.88195
14  0.6  3.80471
14  0.7  2.92185
14  0.8  2.21874
14  0.9  1.66779
14  1.0  1.25271
14  1.1  0.934782
14  1.2  0.699972
14  1.3  0.520385
14  1.4  0.391991
12  10.5  1.89348e-07
14  1.5  0.294571
12  11.5  8.7132e-08
14  1.6  0.222098
14  1.7  0.168008
12  12.0  6.0786e-08
12  11.0  1.27724e-07
14  1.9  0.0956314
14  1.8  0.126012
14  2.0  0.0722424
14  2.5  0.0212273
14  3.5  0.00181154
14  3.0  0.00582218
14  4.0  0.000631924
14  4.5  0.000240249
14  5.0  9.92759e-05
14  5.5  4.40791e-05
14  6.0  2.07688e-05
14  6.5  1.04821e-05
14  7.5  3.05179e-06
14  9.5  4.08067e-07
14  8.0  1.76284e-06
14  7.0  5.57681e-06
14  8.5  1.04877e-06
14  10.0  2.65781e-07
16  0.2  8.78654
14  9.0  6.5395e-07
16  0.3  7.24858
16  0.4  5.85838
16  0.5  4.64273
16  0.6  3.60723
16  0.7  2.76959
16  0.8  2.09994
16  0.9  1.57834
16  1.0  1.18083
16  1.1  0.880256
14  10.5  1.78163e-07
16  1.3  0.490317
16  1.2  0.655966
16  1.4  0.365325
16  1.5  0.273719
14  11.5  8.20291e-08
16  1.6  0.206297
16  1.7  0.155467
16  1.8  0.11783
16  1.9  0.0895777
14  11.0  1.20213e-07
16  2.0  0.068356
16  2.5  0.0191666
14  12.0  5.79007e-08
16  3.5  0.00168269
16  6.0  1.90442e-05
16  3.0  0.00540564
16  4.0  0.000586174
16  4.5  0.000223089
16  5.0  9.21527e-05
16  5.5  4.0915e-05
16  7.5  2.8311e-06
16  6.5  9.68968e-06
16  7.0  5.16115e-06
16  8.0  1.63471e-06
16  9.0  5.99871e-07
16  10.0  2.46683e-07
16  8.5  9.83985e-07
18  0.2  8.29406
16  10.5  1.63457e-07
16  9.5  3.83852e-07
18  0.5  4.35138
18  0.3  6.82815
18  0.7  2.58881
18  0.4  5.51273
18  0.9  1.47167
18  0.6  3.38781
18  1.0  1.09686
18  0.8  1.96046
18  1.1  0.816769
18  1.2  0.607801
18  1.3  0.452902
16  12.0  5.31529e-08
18  1.4  0.337396
18  1.5  0.252212
16  11.5  7.59525e-08
18  1.6  0.189829
16  11.0  1.11475e-07
18  1.7  0.143147
18  1.8  0.108323
18  1.9  0.0824955
18  2.0  0.0630685
18  2.5  0.0176613
18  3.0  0.00492915
18  3.5  0.00153568
18  4.0  0.000534648
18  5.0  8.36513e-05
18  4.5  0.000202596
18  5.5  3.71848e-05
18  6.0  1.76404e-05
18  7.5  2.57794e-06
18  9.0  5.46228e-07
18  6.5  8.88709e-06
18  8.0  1.48806e-06
18  8.5  8.86133e-07
18  7.0  4.70408e-06
18  9.5  3.46964e-07
18  10.0  2.24271e-07
2  0.2  10.4333
2  0.3  8.63701
2  0.4  7.01488
18  10.5  1.48921e-07
2  0.5  5.59044
2  0.6  4.37711
2  0.7  3.37939
2  0.8  2.57629
2  0.9  1.94576
2  1.1  1.10103
2  1.0  1.46541
18  11.5  6.9503e-08
2  1.2  0.823707
2  1.3  0.617657
2  1.4  0.463253
2  1.5  0.351593
2  1.6  0.264279
18  12.0  4.84344e-08
2  1.7  0.199749
2  1.8  0.153884
2  1.9  0.117393
18  11.0  1.0168e-07
2  2.0  0.0896111
2  2.5  0.0246804
2  3.0  0.00714278
2  3.5  0.00223671
2  4.0  0.000778861
2  4.5  0.000296192
2  5.0  0.000122182
2  5.5  5.43556e-05
2  6.0  2.57316e-05
2  6.5  1.29659e-05
2  7.5  3.73495e-06
2  9.5  5.01173e-07
2  8.0  2.1679e-06
2  7.0  6.86846e-06
2  9.0  7.96687e-07
20  0.2  7.70141
2  8.5  1.30445e-06
20  0.3  6.33094
20  0.4  5.10264
20  0.5  4.02809
2  10.5  2.16338e-07
20  0.6  3.12227
2  10.0  3.29591e-07
20  0.7  2.38091
20  0.8  1.79878
20  0.9  1.34429
20  1.0  1.00166
20  1.1  0.745953
2  11.5  1.00657e-07
20  1.2  0.552282
20  1.3  0.410387
20  1.4  0.305933
20  1.5  0.228069
2  12.0  7.02562e-08
20  1.7  0.128601
20  1.6  0.170636
20  1.9  0.0735456
20  1.8  0.0977369
2  11.0  1.47702e-07
20  2.0  0.0559791
20  2.5  0.015495
20  3.0  0.00439329
20  3.5  0.00137231
20  4.0  0.000475809
20  4.5  0.000180127
20  5.0  7.42541e-05
20  5.5  3.30577e-05
20  6.0  1.56924e-05
20  7.5  2.29275e-06
20  6.5  7.9009e-06
20  9.0  4.86003e-07
20  8.0  1.3232e-06
20  8.5  7.90232e-07
20  7.0  4.18412e-06
20  9.5  3.08698e-07
22  0.2  7.00342
22  0.3  5.74681
20  10.5  1.3258e-07
22  0.4  4.62093
22  0.5  3.63656
22  0.6  2.80744
22  0.7  2.13312
20  10.0  2.01908e-07
22  0.8  1.60791
20  11.5  6.16141e-08
22  0.9  1.1983
22  1.0  0.889639
22  1.1  0.660523
22  1.2  0.488072
22  1.3  0.362548
22  1.4  0.268614
22  1.5  0.20008
20  11.0  8.95658e-08
22  1.7  0.11466
22  1.6  0.14949
22  1.8  0.0866271
22  1.9  0.0646067
22  2.0  0.0490504
22  2.5  0.0133692
20  12.0  4.35364e-08
22  5.0  6.32959e-05
22  3.0  0.00379787
22  3.5  0.00118368
22  4.0  0.000409507
22  4.5  0.00015561
22  5.5  2.84924e-05
22  7.0  3.56737e-06
22  6.0  1.35191e-05
22  7.5  1.97569e-06
22  8.5  6.80475e-07
22  9.0  4.18502e-07
22  6.5  6.80181e-06
22  8.0  1.14044e-06
22  9.5  2.66026e-07
22  10.0  1.72419e-07
24  0.2  6.17734
22  11.5  5.27533e-08
24  0.3  5.05697
24  0.4  4.05133
24  0.5  3.1798
22  10.5  1.14333e-07
24  0.6  2.44636
24  0.7  1.85368
24  0.8  1.38903
24  0.9  1.03092
24  1.0  0.762655
24  1.1  0.563293
24  1.2  0.41571
24  1.3  0.306179
24  1.4  0.227071
24  1.6  0.127019
24  1.5  0.168851
24  1.7  0.0944446
22  11.0  7.80619e-08
24  1.8  0.0712643
24  1.9  0.0549247
24  2.0  0.0408877
24  2.5  0.0107351
22  12.0  3.76057e-08
24  5.0  5.21628e-05
24  3.0  0.00313914
24  3.5  0.000976115
24  4.0  0.000336739
24  4.5  0.000128189
24  5.5  2.34665e-05
24  6.0  1.11494e-05
24  7.5  1.62773e-06
24  8.5  5.60509e-07
24  6.5  5.61065e-06
24  9.0  3.45023e-07
24  9.5  2.18531e-07
24  8.0  9.38218e-07
24  7.0  2.97167e-06
24  10.0  1.42303e-07
26  0.2  5.20095
24  11.5  4.36901e-08
26  0.3  4.24317
26  0.4  3.38809
26  0.5  2.64567
26  0.6  2.02789
26  0.7  1.52757
26  0.8  1.13738
26  0.9  0.840867
26  1.0  0.618194
26  1.2  0.334414
26  1.1  0.455422
26  1.3  0.247543
26  1.4  0.180729
24  12.0  3.07017e-08
26  1.5  0.133621
24  10.5  9.4807e-08
26  1.6  0.100318
26  1.7  0.0748673
26  1.8  0.0570132
26  1.9  0.0422212
24  11.0  6.43929e-08
26  2.0  0.0319307
26  2.5  0.00880418
26  3.0  0.00243127
26  3.5  0.000755831
26  4.0  0.000260426
26  4.5  9.89872e-05
26  5.0  4.07647e-05
26  5.5  1.81232e-05
26  6.0  8.60146e-06
26  7.0  2.26463e-06
26  7.5  1.25713e-06
26  9.0  2.55675e-07
26  6.5  4.32685e-06
26  9.5  1.68951e-07
26  8.5  4.33858e-07
26  8.0  7.34422e-07
26  10.0  1.09984e-07
28  0.2  4.08241
28  0.3  3.32092
26  10.5  7.30221e-08
28  0.4  2.63565
28  0.5  2.04517
28  0.6  1.55434
28  0.7  1.16452
28  0.8  0.861663
28  0.9  0.632834
28  1.0  0.462368
28  1.1  0.337567
28  1.3  0.181314
28  1.2  0.246471
28  1.4  0.133834
28  1.5  0.0982867
28  1.6  0.0727284
28  1.7  0.0540871
28  1.8  0.0406523
26  11.0  4.90784e-08
28  1.9  0.0304566
28  2.0  0.0230114
28  2.5  0.00622428
26  11.5  3.42742e-08
26  12.0  2.3978e-08
28  6.0  5.93121e-06
28  3.0  0.00171452
28  3.5  0.000531944
28  4.0  0.000182874
28  4.5  6.94851e-05
28  5.0  2.85997e-05
28  5.5  1.26907e-05
28  7.0  1.58679e-06
28  6.5  3.00264e-06
28  7.5  8.81294e-07
28  8.0  5.07233e-07
28  8.5  3.03469e-07
28  9.0  1.86945e-07
28  9.5  1.1843e-07
30  0.2  2.88961
28  11.5  2.37053e-08
30  0.3  2.3348
30  0.4  1.83803
30  0.5  1.41634
30  0.6  1.06741
30  0.7  0.792681
28  10.0  7.79169e-08
30  0.8  0.581083
30  0.9  0.423066
30  1.0  0.306461
30  1.1  0.222347
28  10.5  5.17899e-08
30  1.2  0.161375
30  1.3  0.117688
30  1.4  0.0856517
30  1.5  0.0636291
30  1.6  0.0462931
28  11.0  3.49642e-08
30  1.7  0.0344763
30  1.8  0.0264055
30  2.0  0.0149029
30  1.9  0.0192973
30  2.5  0.00371477
28  12.0  1.68745e-08
30  5.5  7.67537e-06
30  3.0  0.00106004
30  3.5  0.000327514
30  4.0  0.00011235
30  4.5  4.24809e-05
30  5.0  1.74949e-05
30  6.0  3.67637e-06
30  7.0  9.69968e-07
30  8.5  1.85577e-07
30  6.5  1.85231e-06
30  7.5  5.35336e-07
30  8.0  3.10266e-07
30  10.0  4.70604e-08
30  9.0  1.14645e-07
32  0.2  1.76651
32  0.3  1.41403
30  9.5  7.34557e-08
30  11.5  1.45215e-08
32  0.4  1.10649
32  0.5  0.841871
32  0.6  0.628797
32  0.7  0.461513
32  0.8  0.334794
32  0.9  0.240767
32  1.0  0.17342
30  10.5  3.16518e-08
32  1.1  0.124482
32  1.2  0.0896485
32  1.3  0.0650826
32  1.4  0.0468237
32  1.5  0.0342241
32  1.6  0.0251625
30  11.0  2.13933e-08
32  1.7  0.0186956
32  1.8  0.0137404
32  1.9  0.0102995
32  2.0  0.00787428
32  2.5  0.00208707
30  12.0  1.0311e-08
32  3.5  0.000167127
32  3.0  0.000550489
32  4.0  5.76149e-05
32  4.5  2.17185e-05
32  5.0  8.88482e-06
32  5.5  3.94077e-06
32  6.0  1.86735e-06
32  8.5  9.43955e-08
32  6.5  9.41801e-07
32  9.0  5.8178e-08
32  7.5  2.71956e-07
32  8.0  1.57516e-07
32  7.0  4.99352e-07
32  9.5  3.70304e-08
4  0.2  10.36
32  10.0  2.39619e-08
4  0.3  8.5768
4  0.4  6.96522
4  0.5  5.54802
4  0.6  4.34239
4  0.7  3.34908
4  0.8  2.55405
4  0.9  1.92993
4  1.0  1.45246
4  1.1  1.09011
4  1.2  0.817053
32  10.5  1.61368e-08
4  1.3  0.611888
4  1.4  0.459203
4  1.5  0.346334
4  1.6  0.260977
4  1.7  0.197789
4  1.8  0.150606
32  11.0  1.09013e-08
4  2.0  0.0889124
4  1.9  0.114455
4  2.5  0.0244235
32  11.5  7.51348e-09
32  12.0  5.25067e-09
4  3.5  0.00220184
4  3.0  0.00706488
4  4.0  0.000769731
4  4.5  0.000292709
4  5.0  0.000120685
4  5.5  5.37096e-05
4  6.0  2.54384e-05
4  6.5  1.28128e-05
4  7.5  3.69147e-06
4  9.5  4.95226e-07
4  8.0  2.14172e-06
4  7.0  6.78995e-06
4  9.0  7.87511e-07
6  0.2  10.2363
4  8.5  1.28923e-06
4  10.0  3.22688e-07
6  0.3  8.47146
6  0.4  6.88172
6  0.6  4.2809
6  0.5  5.47713
6  0.7  3.29859
6  0.8  2.51409
6  0.9  1.90428
6  1.0  1.43033
6  1.1  1.07268
4  11.5  9.9562e-08
6  1.2  0.802934
6  1.3  0.60244
6  1.4  0.451435
4  10.5  2.16151e-07
6  1.5  0.339432
6  1.6  0.257907
6  1.7  0.193972
6  1.8  0.147679
4  11.0  1.45913e-07
6  2.0  0.0870809
6  1.9  0.112719
6  2.5  0.024144
4  12.0  7.03084e-08
6  3.5  0.00215854
6  3.0  0.00692534
6  4.0  0.000754427
6  4.5  0.000287005
6  5.0  0.000118376
6  5.5  5.26451e-05
6  6.0  2.48101e-05
6  6.5  1.2571e-05
6  9.5  4.85572e-07
6  7.5  3.61871e-06
6  8.0  2.09347e-06
6  7.0  6.65422e-06
6  9.0  7.72209e-07
8  0.2  10.0619
6  10.0  3.16308e-07
6  8.5  1.2656e-06
8  0.3  8.31826
8  0.4  6.75837
8  0.5  5.37471
8  0.6  4.20314
8  0.7  3.23748
8  0.8  2.46573
8  0.9  1.86386
8  1.0  1.40035
8  1.1  1.04979
8  1.2  0.785027
6  11.5  9.73873e-08
8  1.3  0.587851
8  1.4  0.440621
8  1.5  0.330548
6  10.5  2.12215e-07
6  12.0  6.8237e-08
8  1.6  0.249966
8  1.7  0.1899
8  1.8  0.146065
6  11.0  1.43115e-07
8  1.9  0.110761
8  2.0  0.0836645
8  2.5  0.0231904
8  3.5  0.00209823
8  3.0  0.00673608
8  4.0  0.000732857
8  4.5  0.000278927
8  5.0  0.000114995
8  5.5  5.11091e-05
8  6.0  2.42427e-05
8  7.5  3.53321e-06
8  6.5  1.22161e-05
8  9.5  4.72289e-07
8  8.0  2.03709e-06
8  7.0  6.46849e-06
8  8.5  1.22907e-06
8  10.0  3.06804e-07
8  9.0  7.5738e-07
8  10.5  2.03891e-07
8  11.5  9.49451e-08
8  12.0  6.62427e-08
8  11.0  1.39095e-07
