# exclusive D0 cross section, Pb target, BCFY fragmentation, An0n channel
# generated      : 2026-10-01 18:31:45 EEST
# flux_model     : EFF (TARGET=AA)
# calls         : 1e5 below 3.0 GeV, 2e3 above (see EXCL_PT_THRESHOLD) (VEGAS calls per point, see CALLS_EXCL/CALLS_EXCL_FACTORIZED/CALLS_DIFF)
# dipole samples : data/Pb/mve/glauber_mve_<b>
# pD0 sweep      : 0.2 0.3 0.4 0.5 0.6 0.7 0.8 0.9 1.0 1.1 1.2 1.3 1.4 1.5 1.6 1.7 1.8 1.9 2.0 2.5 3.0 3.5 4.0 4.5 5.0 5.5 6.0 6.5 7.0 7.5 8.0 8.5 9.0 9.5 10.0 10.5 11.0 11.5 12.0
# fixed rapidity y : 1.0
# ============================================================
# b  pD0  dsigma_dyd2pD0
0  0.7  1.90448
0  0.3  4.70805
0  0.6  2.44415
0  0.2  5.65881
0  0.4  3.85238
0  0.5  3.09442
0  0.8  1.47087
0  0.9  1.12585
0  1.2  0.492629
0  1.1  0.64913
0  1.3  0.372616
0  1.0  0.857098
0  1.4  0.283751
0  1.5  0.215891
0  1.6  0.163954
0  2.0  0.0584054
0  1.8  0.0968636
0  1.7  0.125847
0  1.9  0.0745207
0  2.5  0.0168069
0  3.5  0.00167637
0  4.0  0.000591139
0  4.5  0.000226308
0  3.0  0.00511542
0  5.0  9.24076e-05
0  6.0  1.80611e-05
0  5.5  3.9801e-05
0  6.5  8.56841e-06
0  9.0  3.62545e-07
0  7.0  4.26452e-06
0  9.5  2.09871e-07
0  7.5  2.1985e-06
0  8.0  1.17159e-06
0  8.5  6.43041e-07
10  0.2  5.38593
0  10.0  1.24447e-07
0  11.0  4.66906e-08
10  0.3  4.47696
10  0.4  3.65887
10  0.5  2.93624
0  10.5  7.53523e-08
10  0.6  2.31608
10  0.7  1.80294
10  0.8  1.38678
10  0.9  1.06033
10  1.0  0.80501
10  1.1  0.609611
10  1.2  0.460946
10  1.3  0.3486
10  1.4  0.264562
10  1.5  0.200713
10  1.6  0.152696
0  12.0  1.87849e-08
10  1.7  0.116737
10  1.8  0.0895462
10  2.0  0.0546681
10  1.9  0.0694845
10  2.5  0.0154751
0  11.5  2.9451e-08
10  4.0  0.000542607
10  4.5  0.000207274
10  3.0  0.00473812
10  5.5  3.6239e-05
10  3.5  0.00154663
10  5.0  8.44507e-05
10  6.0  1.64854e-05
10  9.0  3.30062e-07
10  8.0  1.06176e-06
10  6.5  7.85818e-06
10  7.0  3.89056e-06
10  7.5  2.00316e-06
10  9.5  1.90938e-07
10  8.5  5.85234e-07
12  0.2  5.2571
10  10.0  1.13184e-07
12  0.3  4.3697
12  0.4  3.56981
10  10.5  6.84795e-08
12  0.5  2.86225
12  0.6  2.2563
12  0.7  1.75444
12  0.8  1.35009
10  11.0  4.22562e-08
12  0.9  1.03041
12  1.0  0.78155
12  1.2  0.447763
12  1.1  0.590486
10  11.5  2.66142e-08
12  1.3  0.337776
12  1.4  0.255724
12  1.5  0.194147
12  1.6  0.147937
12  1.8  0.0866946
12  1.9  0.0671664
10  12.0  1.70505e-08
12  1.7  0.112869
12  2.0  0.0522488
12  2.5  0.0149654
12  4.0  0.000521038
12  4.5  0.000198643
12  3.0  0.00455598
12  3.5  0.00148585
12  5.0  8.09431e-05
12  5.5  3.48449e-05
12  6.0  1.57881e-05
12  6.5  7.52193e-06
12  8.0  1.01528e-06
12  7.0  3.72237e-06
12  9.0  3.15046e-07
12  7.5  1.91658e-06
12  9.5  1.82465e-07
12  8.5  5.59617e-07
12  10.0  1.08185e-07
14  0.2  5.10278
14  0.3  4.23839
14  0.4  3.46001
14  0.5  2.77146
14  0.6  2.1788
12  10.5  6.54293e-08
14  0.7  1.69535
14  0.8  1.30248
14  0.9  0.992899
14  1.0  0.753003
12  11.0  4.03794e-08
14  1.1  0.568813
14  1.2  0.429264
14  1.3  0.324412
12  11.5  2.54172e-08
14  1.4  0.245353
14  1.5  0.186005
14  1.6  0.141504
14  1.7  0.108396
14  1.8  0.0827228
14  1.9  0.0641173
14  2.0  0.0495147
14  2.5  0.0142735
12  12.0  1.6366e-08
14  4.0  0.00049504
14  3.0  0.00430941
14  4.5  0.000188359
14  3.5  0.00141189
14  5.0  7.67201e-05
14  5.5  3.30295e-05
14  6.0  1.4955e-05
14  6.5  7.12195e-06
14  8.0  9.60893e-07
14  7.0  3.52274e-06
14  9.0  2.97756e-07
14  7.5  1.81332e-06
14  9.5  1.72431e-07
14  8.5  5.29091e-07
16  0.2  4.91455
14  10.0  1.02197e-07
16  0.3  4.08074
16  0.4  3.32659
16  0.5  2.66177
16  0.6  2.09055
14  10.5  6.18048e-08
16  0.7  1.62481
16  0.8  1.24747
16  0.9  0.949379
16  1.0  0.718938
16  1.1  0.542418
14  11.0  3.81374e-08
16  1.3  0.309413
16  1.2  0.408785
16  1.4  0.233296
14  11.5  2.39929e-08
16  1.5  0.176872
16  1.6  0.134603
16  1.7  0.102435
16  1.8  0.0789978
16  1.9  0.0606906
16  2.0  0.0466667
16  2.5  0.0133189
14  12.0  1.55185e-08
16  4.0  0.000464327
16  4.5  0.000176717
16  3.0  0.00407829
16  3.5  0.0013256
16  5.0  7.18378e-05
16  5.5  3.08235e-05
16  6.0  1.39777e-05
16  7.0  3.27891e-06
16  6.5  6.65386e-06
16  8.0  8.96498e-07
16  7.5  1.69264e-06
16  9.0  2.77588e-07
16  10.0  9.52109e-08
16  11.0  3.5622e-08
16  8.5  4.93629e-07
18  0.3  3.89134
16  10.5  5.7573e-08
16  9.5  1.61288e-07
18  0.4  3.16888
18  0.2  4.69354
18  0.5  2.53196
18  0.6  1.98653
18  0.7  1.54112
18  0.8  1.18057
18  1.0  0.678294
18  0.9  0.896903
18  1.1  0.510997
18  1.2  0.384645
18  1.4  0.218565
18  1.5  0.166001
18  1.7  0.0958885
18  1.6  0.125815
18  1.8  0.0733684
18  1.3  0.290033
18  1.9  0.0566081
18  2.0  0.0432052
18  2.5  0.0124025
16  11.5  2.24604e-08
16  12.0  1.43092e-08
18  3.0  0.00375453
18  4.5  0.000162702
18  4.0  0.000430382
18  3.5  0.00122537
18  5.0  6.619e-05
18  5.5  2.8418e-05
18  6.0  1.28546e-05
18  7.0  3.01153e-06
18  8.0  8.22937e-07
18  6.5  6.11447e-06
18  9.0  2.54487e-07
18  7.5  1.55391e-06
18  9.5  1.47332e-07
18  8.5  4.52839e-07
2  0.2  5.64791
18  10.0  8.72073e-08
2  0.3  4.69978
2  0.4  3.84486
2  0.5  3.08913
2  0.6  2.43907
2  0.7  1.90005
18  10.5  5.27189e-08
2  0.8  1.46764
18  11.0  3.25048e-08
2  0.9  1.12307
2  1.0  0.854759
2  1.1  0.647829
2  1.2  0.491913
2  1.3  0.371793
2  1.4  0.282952
2  1.5  0.215081
2  1.6  0.163941
18  12.0  1.30933e-08
2  1.7  0.125632
2  1.8  0.0968652
2  2.0  0.0582454
2  1.9  0.0746441
2  2.5  0.0166062
18  11.5  2.05567e-08
2  3.5  0.00167094
2  4.0  0.0005892
2  4.5  0.000225548
2  3.0  0.00509932
2  5.0  9.20409e-05
2  5.5  3.96652e-05
2  6.0  1.79986e-05
2  6.5  8.53883e-06
2  9.0  3.61244e-07
2  8.0  1.16168e-06
2  7.0  4.24968e-06
2  7.5  2.19073e-06
2  9.5  2.09094e-07
20  0.2  4.42449
2  8.5  6.40741e-07
2  11.0  4.65213e-08
20  0.3  3.66343
2  10.0  1.23999e-07
20  0.4  2.98087
20  0.5  2.37658
2  10.5  7.50786e-08
20  0.6  1.8612
20  0.7  1.44107
20  0.8  1.10031
20  0.9  0.835135
20  1.0  0.630477
20  1.1  0.474207
20  1.2  0.356378
20  1.4  0.201464
20  1.3  0.267813
20  1.5  0.152613
20  1.6  0.115812
2  12.0  1.87154e-08
20  1.7  0.0879521
20  1.8  0.0674274
20  1.9  0.0516662
20  2.0  0.0401169
20  2.5  0.0112796
2  11.5  2.93433e-08
20  3.0  0.00341413
20  3.5  0.00110363
20  4.5  0.000146971
20  5.0  5.93722e-05
20  5.5  2.54918e-05
20  4.0  0.000389358
20  6.0  1.15824e-05
20  7.0  2.70665e-06
20  9.0  2.29067e-07
20  7.5  1.39052e-06
20  6.5  5.50126e-06
20  8.0  7.38779e-07
20  8.5  4.06456e-07
20  9.5  1.3194e-07
20  10.0  7.81466e-08
22  0.2  4.10075
22  0.3  3.39155
22  0.4  2.75188
22  0.5  2.19178
22  0.6  1.7112
20  10.5  4.72001e-08
22  0.7  1.32125
22  0.8  1.00723
20  11.0  2.91187e-08
22  0.9  0.763373
22  1.0  0.574543
22  1.2  0.32338
22  1.1  0.431198
22  1.3  0.242669
22  1.4  0.181911
22  1.6  0.1039
22  1.5  0.137464
22  1.7  0.078809
20  12.0  1.17113e-08
22  1.8  0.0605253
22  1.9  0.0462895
22  2.0  0.035964
22  2.5  0.0101018
20  11.5  1.84056e-08
22  4.5  0.000128974
22  3.0  0.00304066
22  5.0  5.20771e-05
22  5.5  2.23738e-05
22  3.5  0.00098066
22  4.0  0.000342836
22  6.0  1.01364e-05
22  9.0  1.9918e-07
22  7.0  2.36459e-06
22  6.5  4.80765e-06
22  7.5  1.2135e-06
22  8.0  6.43559e-07
22  8.5  3.5418e-07
22  9.5  1.14869e-07
24  0.2  3.71176
22  10.0  6.79411e-08
24  0.3  3.06278
24  0.4  2.48079
24  0.5  1.96854
24  0.6  1.53237
22  10.5  4.10467e-08
24  0.7  1.17877
22  11.0  2.5289e-08
24  0.8  0.896902
24  0.9  0.676648
24  1.0  0.507558
24  1.1  0.38003
24  1.2  0.283926
24  1.3  0.212264
24  1.4  0.159109
24  1.5  0.119954
24  1.6  0.0905248
22  12.0  1.01666e-08
24  1.7  0.0688508
24  1.8  0.0522962
24  1.9  0.0401719
24  2.0  0.0312422
24  2.5  0.00852747
22  11.5  1.59835e-08
24  4.0  0.000290109
24  4.5  0.000109071
24  3.0  0.00257867
24  5.5  1.88219e-05
24  3.5  0.000833289
24  5.0  4.42458e-05
24  6.0  8.5262e-06
24  6.5  4.03311e-06
24  8.0  5.38391e-07
24  8.5  2.94803e-07
24  7.0  1.9909e-06
24  9.0  1.65964e-07
24  7.5  1.02071e-06
24  9.5  9.58767e-08
24  10.5  3.42877e-08
26  0.2  3.23853
24  10.0  5.66029e-08
26  0.3  2.66612
26  0.4  2.1516
26  0.5  1.70202
26  0.6  1.31947
26  0.8  0.765467
26  0.7  1.01257
26  0.9  0.575816
24  11.0  2.10613e-08
26  1.0  0.430086
26  1.1  0.320261
26  1.2  0.2386
24  11.5  1.32312e-08
26  1.3  0.178209
26  1.4  0.133033
24  12.0  8.45528e-09
26  1.5  0.0997103
26  1.6  0.0749966
26  1.7  0.0571363
26  1.8  0.0434322
26  1.9  0.0329749
26  2.0  0.0256065
26  2.5  0.00704988
26  3.5  0.000667032
26  4.0  0.000231426
26  3.0  0.00208766
26  4.5  8.71207e-05
26  5.0  3.52567e-05
26  5.5  1.50444e-05
26  6.0  6.76042e-06
26  6.5  3.19387e-06
26  8.0  4.24699e-07
26  7.0  1.57354e-06
26  9.0  1.30452e-07
26  7.5  8.05296e-07
26  10.5  2.68473e-08
26  8.5  2.33166e-07
26  10.0  4.43743e-08
28  0.2  2.67722
28  0.3  2.19348
26  9.5  7.5562e-08
28  0.4  1.76401
28  0.5  1.38843
28  0.6  1.07262
28  0.7  0.817074
28  0.8  0.614951
28  0.9  0.459333
28  1.0  0.341263
28  1.1  0.253299
26  11.0  1.64973e-08
28  1.2  0.187185
28  1.3  0.13932
28  1.4  0.103591
28  1.5  0.0775108
28  1.7  0.04398
28  1.6  0.0580705
26  11.5  1.03521e-08
28  1.8  0.0330887
28  1.9  0.0252448
28  2.5  0.00521472
28  2.0  0.019219
28  4.0  0.00017163
26  12.0  6.63985e-09
28  3.5  0.000495434
28  4.5  6.40399e-05
28  3.0  0.00157157
28  5.0  2.58105e-05
28  5.5  1.08201e-05
28  6.0  4.89235e-06
28  6.5  2.319e-06
28  8.0  3.06255e-07
28  7.0  1.14002e-06
28  9.0  9.38011e-08
28  7.5  5.81845e-07
28  9.5  5.40431e-08
30  0.2  2.03746
28  10.0  3.17947e-08
28  8.5  1.67719e-07
30  0.3  1.66292
30  0.4  1.32945
30  0.5  1.03922
30  0.6  0.797731
30  0.7  0.601902
30  0.8  0.449839
30  0.9  0.333654
28  11.0  1.17918e-08
30  1.0  0.246133
30  1.1  0.181605
30  1.2  0.133795
30  1.3  0.0987724
30  1.4  0.0728968
28  10.5  1.92541e-08
28  11.5  7.38346e-09
30  1.5  0.0541736
30  1.6  0.0404897
30  1.7  0.0306403
30  1.9  0.0174125
30  1.8  0.0228752
30  2.0  0.0133322
30  2.5  0.00371961
28  12.0  4.73333e-09
30  3.5  0.000327687
30  3.0  0.00104872
30  4.0  0.000113126
30  4.5  4.20685e-05
30  5.0  1.67395e-05
30  5.5  7.08178e-06
30  6.0  3.16378e-06
30  6.5  1.48606e-06
30  7.5  3.68472e-07
30  10.0  1.99755e-08
30  7.0  7.27776e-07
30  9.0  5.91933e-08
30  9.5  3.40078e-08
30  8.0  1.95084e-07
30  8.5  1.06243e-07
32  0.2  1.3863
30  11.0  7.39726e-09
32  0.3  1.1253
32  0.4  0.892002
30  10.5  1.20322e-08
32  0.5  0.691538
32  0.6  0.524655
32  0.7  0.393284
32  0.8  0.29104
32  0.9  0.213771
32  1.0  0.156086
32  1.1  0.114043
32  1.2  0.0832065
32  1.3  0.0611389
32  1.4  0.0448992
30  11.5  4.61453e-09
32  1.5  0.0330302
32  1.7  0.0183421
32  1.6  0.0246935
30  12.0  2.94142e-09
32  1.9  0.0105791
32  1.8  0.0139392
32  2.0  0.00781166
32  2.5  0.00209481
32  3.0  0.000601265
32  3.5  0.000186007
32  4.0  6.32451e-05
32  4.5  2.32765e-05
32  5.0  9.2166e-06
32  5.5  3.89076e-06
32  6.0  1.72735e-06
32  6.5  8.074e-07
32  7.5  1.98133e-07
32  8.0  1.04213e-07
32  9.5  1.80498e-08
32  8.5  5.65624e-08
32  7.0  3.93599e-07
32  10.0  1.05921e-08
32  9.0  3.1543e-08
4  0.2  5.6157
32  11.0  3.89197e-09
4  0.3  4.67262
4  0.4  3.82053
32  10.5  6.35371e-09
4  0.5  3.07057
4  0.6  2.42524
4  0.7  1.88772
4  0.8  1.45651
4  0.9  1.11542
4  1.0  0.849003
4  1.1  0.642696
4  1.2  0.487683
4  1.3  0.369295
4  1.4  0.280435
32  11.5  2.42655e-09
4  1.5  0.21306
4  1.6  0.162377
4  1.7  0.124182
4  1.8  0.0952122
4  1.9  0.0737178
4  2.0  0.0577739
4  2.5  0.0166116
32  12.0  1.54833e-09
4  3.5  0.0016546
4  4.0  0.000583441
4  4.5  0.000223233
4  3.0  0.00505009
4  5.0  9.11056e-05
4  5.5  3.92564e-05
4  6.0  1.78108e-05
4  6.5  8.44972e-06
4  9.0  3.57321e-07
4  8.0  1.14925e-06
4  7.0  4.20504e-06
4  7.5  2.16773e-06
4  9.5  2.06782e-07
4  10.5  7.42797e-08
4  8.5  6.33825e-07
6  0.2  5.56296
4  11.0  4.60119e-08
6  0.3  4.62489
4  10.0  1.2265e-07
6  0.4  3.78271
6  0.5  3.03759
6  0.6  2.40119
6  0.7  1.8697
6  0.9  1.10273
6  0.8  1.4424
6  1.0  0.838508
6  1.1  0.635029
6  1.2  0.481104
6  1.3  0.364585
6  1.4  0.276314
6  1.5  0.210359
6  1.6  0.160083
6  1.7  0.122626
4  12.0  1.85081e-08
6  1.9  0.0723576
6  1.8  0.0937766
6  2.5  0.0161712
6  2.0  0.0558855
4  11.5  2.902e-08
6  3.5  0.00162818
6  4.0  0.00057373
6  4.5  0.000219506
6  3.0  0.00499921
6  5.0  8.95357e-05
6  5.5  3.85742e-05
6  6.5  8.299e-06
6  6.0  1.74972e-05
6  9.0  3.508e-07
6  8.0  1.12859e-06
6  7.0  4.13032e-06
6  7.5  2.12877e-06
6  9.5  2.03013e-07
6  10.5  7.29106e-08
6  8.5  6.22293e-07
8  0.2  5.48095
6  10.0  1.20399e-07
6  11.0  4.51645e-08
8  0.3  4.56229
8  0.4  3.72908
8  0.5  2.99289
8  0.6  2.36421
8  0.7  1.83909
8  0.8  1.41786
8  0.9  1.08411
8  1.0  0.824031
8  1.1  0.623987
8  1.2  0.472497
8  1.3  0.35766
8  1.4  0.270624
8  1.5  0.206386
8  1.6  0.157092
8  1.7  0.120163
6  12.0  1.81616e-08
8  1.8  0.0918345
8  2.0  0.0554675
8  1.9  0.0707953
8  2.5  0.0165812
6  11.5  2.84796e-08
8  3.5  0.00158503
8  4.5  0.000214058
8  3.0  0.00488617
8  4.0  0.000563391
8  5.0  8.73153e-05
8  5.5  3.76199e-05
8  6.0  1.70554e-05
8  6.5  8.08891e-06
8  9.0  3.41701e-07
8  8.0  1.09961e-06
8  7.0  4.02641e-06
8  7.5  2.07396e-06
8  9.5  1.97715e-07
8  8.5  6.06089e-07
8  10.0  1.17228e-07
8  11.0  4.39652e-08
8  10.5  7.0963e-08
8  12.0  1.76769e-08
8  11.5  2.77226e-08
