# exclusive D0 cross section, Pb target, LHAPDF fragmentation, An0n channel
# generated      : 2026-08-20 10:22:13 EEST
# calls          : 1e5 below 4.0 GeV, 2e3 above (see EXCL_PT_THRESHOLD) (VEGAS calls per point, see CALLS_EXCL/CALLS_EXCL_FACTORIZED/CALLS_DIFF)
# dipole samples : data/Pb/mve/glauber_mve_<b>
# pD0 sweep      : 0.2 0.3 0.4 0.5 0.6 0.7 0.8 0.9 1.0 1.1 1.2 1.3 1.4 1.5 1.6 1.7 1.8 1.9 2.0 2.5 3.0 3.5 4.0 4.5 5.0 5.5 6.0 6.5 7.0 7.5 8.0 8.5 9.0 9.5 10.0 10.5 11.0 11.5 12.0
# fixed rapidity y : 0.0
# ============================================================
# b  pD0  dsigma_dyd2pD0
0  0.3  2.41096
0  0.4  1.91762
0  0.5  1.47913
0  0.2  2.92991
0  0.8  0.604037
0  0.7  0.82294
0  0.6  1.1127
0  0.9  0.439829
0  1.1  0.232452
0  1.0  0.319468
0  1.3  0.123825
0  1.4  0.0914096
0  1.2  0.169466
0  1.5  0.0664146
0  1.6  0.0498443
0  1.7  0.0368844
0  1.8  0.0278923
0  1.9  0.0208092
0  2.0  0.0156138
0  3.0  0.00122224
0  2.5  0.00418768
0  3.5  0.000419193
0  5.0  2.16684e-05
0  4.0  0.000136138
0  4.5  5.25028e-05
0  5.5  9.48931e-06
0  6.0  4.39088e-06
0  7.5  5.7732e-07
0  6.5  2.1417e-06
0  8.0  3.15835e-07
0  7.0  1.08696e-06
0  8.5  1.77855e-07
0  9.0  1.0349e-07
0  9.5  6.18116e-08
0  10.0  3.79308e-08
10  0.2  2.77809
10  0.3  2.28176
10  0.4  1.81095
10  0.5  1.39328
10  0.6  1.047
0  12.0  6.60312e-09
0  10.5  2.38397e-08
10  0.7  0.77219
10  0.8  0.565115
10  0.9  0.411039
10  1.0  0.298105
10  1.1  0.216527
10  1.2  0.156866
0  11.0  1.52613e-08
10  1.3  0.114551
10  1.5  0.0626516
10  1.4  0.0837282
10  1.6  0.0451949
10  1.7  0.0338739
10  1.8  0.025655
10  1.9  0.0188561
10  2.0  0.0141788
10  2.5  0.00379016
10  3.0  0.000963634
10  3.5  0.000481241
0  11.5  9.97495e-09
10  4.5  4.7552e-05
10  5.5  8.54994e-06
10  5.0  1.97204e-05
10  4.0  0.000124131
10  6.0  3.98974e-06
10  7.0  1.00158e-06
10  6.5  1.94498e-06
10  7.5  5.22231e-07
10  8.0  2.8539e-07
10  8.5  1.61269e-07
10  9.0  9.39126e-08
10  10.5  2.1527e-08
10  9.5  5.67233e-08
10  10.0  3.43859e-08
12  0.2  2.70699
12  0.3  2.22396
12  0.4  1.76246
12  0.5  1.35459
12  0.6  1.01495
10  12.0  5.97921e-09
12  0.7  0.748774
12  0.8  0.547588
12  0.9  0.397532
12  1.0  0.288734
10  11.0  1.38314e-08
12  1.1  0.208458
12  1.2  0.151314
12  1.3  0.110492
12  1.4  0.0812979
12  1.5  0.0598295
12  1.6  0.0434898
12  1.7  0.0331945
12  1.8  0.0242523
12  1.9  0.0186903
12  2.0  0.0141343
12  3.0  0.00108749
12  2.5  0.00356659
12  3.5  0.000449012
10  11.5  9.03655e-09
12  4.5  4.54829e-05
12  5.5  8.1761e-06
12  4.0  0.000118759
12  5.0  1.88836e-05
12  6.0  3.81193e-06
12  8.0  2.71982e-07
12  6.5  1.85343e-06
12  7.0  9.41058e-07
12  7.5  4.97833e-07
12  8.5  1.53928e-07
12  10.5  2.05342e-08
12  9.0  8.95832e-08
12  9.5  5.36029e-08
12  10.0  3.28043e-08
14  0.2  2.62175
14  0.3  2.1514
14  0.4  1.70247
14  0.5  1.30553
14  0.6  0.980055
14  0.7  0.720646
12  12.0  5.70676e-09
14  0.8  0.526354
14  0.9  0.381887
14  1.0  0.276372
14  1.1  0.200139
14  1.2  0.145344
14  1.3  0.105622
14  1.4  0.0777825
12  11.0  1.31925e-08
14  1.5  0.0566704
14  1.6  0.0414602
14  1.7  0.0313252
14  1.8  0.0229873
14  2.0  0.0134649
14  1.9  0.017112
14  2.5  0.00349294
14  3.0  0.000800667
14  3.5  0.000300799
12  11.5  8.61475e-09
14  4.5  4.30258e-05
14  5.5  7.73025e-06
14  5.0  1.78202e-05
14  4.0  0.000112506
14  6.0  3.61566e-06
14  8.0  2.56625e-07
14  6.5  1.75046e-06
14  7.0  8.88032e-07
14  7.5  4.70261e-07
14  8.5  1.45145e-07
14  10.5  1.93198e-08
14  9.0  8.43276e-08
14  9.5  5.0479e-08
14  10.0  3.09302e-08
16  0.2  2.51762
16  0.3  2.06422
16  0.4  1.63149
16  0.5  1.24961
16  0.6  0.935293
16  0.7  0.687764
16  0.8  0.501021
16  0.9  0.362902
16  1.0  0.262422
16  1.1  0.190273
16  1.2  0.137865
16  1.3  0.100479
14  11.5  8.09907e-09
16  1.4  0.0724921
16  1.5  0.0532874
16  1.6  0.0390979
16  1.7  0.0289614
16  1.8  0.021622
16  1.9  0.0162219
16  2.0  0.0126231
14  11.0  1.24276e-08
16  2.5  0.0032419
16  3.0  0.000687803
16  3.5  0.000406734
14  12.0  5.41869e-09
16  4.5  4.01626e-05
16  4.0  0.000105505
16  5.0  1.6621e-05
16  5.5  7.25117e-06
16  6.0  3.35449e-06
16  6.5  1.63118e-06
16  7.0  8.26142e-07
16  7.5  4.37121e-07
16  8.0  2.39801e-07
16  8.5  1.35075e-07
16  10.5  1.79315e-08
16  9.0  7.85305e-08
16  9.5  4.69984e-08
18  0.2  2.3968
16  10.0  2.87533e-08
16  11.5  7.49436e-09
18  0.3  1.96102
18  0.4  1.54626
18  0.5  1.1838
18  0.6  0.883285
18  0.7  0.646358
18  0.8  0.471279
18  0.9  0.341341
18  1.0  0.246252
18  1.1  0.177647
18  1.2  0.127867
18  1.3  0.0932974
18  1.4  0.0676344
18  1.5  0.0493516
18  1.6  0.0368545
18  1.7  0.0273024
18  1.8  0.0201485
18  1.9  0.0154939
18  2.0  0.0116072
16  11.0  1.15506e-08
18  2.5  0.00304609
18  3.0  0.000762454
18  3.5  0.000342036
18  4.0  9.58809e-05
16  12.0  5.02824e-09
18  4.5  3.68668e-05
18  5.5  6.62548e-06
18  5.0  1.52507e-05
18  6.0  3.07235e-06
18  7.5  3.97107e-07
18  8.0  2.16822e-07
18  6.5  1.49398e-06
18  7.0  7.56284e-07
18  9.0  7.11136e-08
18  8.5  1.23511e-07
18  10.5  1.63426e-08
18  9.5  4.29564e-08
2  0.2  2.92572
18  10.0  2.6259e-08
2  0.3  2.40581
2  0.4  1.91428
2  0.5  1.47512
2  0.6  1.10771
2  0.7  0.822734
2  0.8  0.601905
2  0.9  0.438596
2  1.0  0.318939
2  1.1  0.231754
2  1.2  0.169012
2  1.3  0.124222
2  1.4  0.0907421
18  11.0  1.05452e-08
2  1.6  0.0496299
2  1.5  0.0667791
2  1.9  0.0208265
2  1.8  0.0278357
2  1.7  0.0364603
2  2.0  0.0160202
2  2.5  0.00424158
2  3.0  0.000974673
2  3.5  0.000498175
18  11.5  6.90022e-09
18  12.0  4.5968e-09
2  5.0  2.1591e-05
2  4.0  0.000135668
2  4.5  5.23152e-05
2  5.5  9.4556e-06
2  6.0  4.37492e-06
2  7.5  5.75197e-07
2  6.5  2.13388e-06
2  7.0  1.08291e-06
2  8.0  3.14681e-07
2  8.5  1.77193e-07
2  9.0  1.0311e-07
2  9.5  6.15671e-08
2  10.0  3.77876e-08
20  0.2  2.24614
20  0.3  1.83472
20  0.4  1.44575
2  10.5  2.36869e-08
20  0.5  1.10339
2  12.0  6.57866e-09
20  0.6  0.822005
20  0.7  0.601425
20  0.8  0.436166
20  0.9  0.314383
20  1.0  0.226222
20  1.1  0.163003
20  1.2  0.117617
20  1.4  0.062463
20  1.3  0.0850874
20  1.5  0.0452116
20  1.6  0.0334356
20  1.7  0.0254552
2  11.0  1.52038e-08
20  1.8  0.0187474
20  1.9  0.0137313
20  2.0  0.0106486
20  2.5  0.00276176
20  3.0  0.000593859
20  3.5  0.000268607
2  11.5  9.36417e-09
20  4.0  8.61227e-05
20  4.5  3.31062e-05
20  5.0  1.35989e-05
20  5.5  5.94141e-06
20  6.0  2.75308e-06
20  6.5  1.33794e-06
20  7.0  6.78134e-07
20  7.5  3.47993e-07
20  9.0  6.34838e-08
20  8.0  1.95852e-07
20  8.5  1.10355e-07
20  9.5  3.83703e-08
22  0.2  2.069
20  10.0  2.34766e-08
22  0.3  1.68776
22  0.4  1.32533
22  0.5  1.00808
22  0.6  0.747529
22  0.7  0.545871
22  0.8  0.394526
22  0.9  0.283465
20  10.5  1.46788e-08
22  1.0  0.204095
22  1.1  0.146517
22  1.2  0.105851
22  1.3  0.0761785
22  1.4  0.0551251
22  1.5  0.040192
22  1.6  0.0297823
20  11.0  9.4221e-09
22  1.7  0.0222501
22  1.8  0.0166899
22  1.9  0.0120216
22  2.0  0.00912217
22  2.5  0.00245376
22  3.0  0.000563634
22  3.5  0.000189653
20  11.5  6.14967e-09
22  4.5  2.89067e-05
20  12.0  4.10019e-09
22  5.0  1.18726e-05
22  4.0  7.58753e-05
22  5.5  5.19873e-06
22  6.0  2.39412e-06
22  7.5  3.10033e-07
22  6.5  1.16315e-06
22  7.0  5.88369e-07
22  8.0  1.69455e-07
22  8.5  9.55942e-08
22  9.0  5.55798e-08
22  10.5  1.26125e-08
22  9.5  3.31937e-08
22  10.0  2.03231e-08
24  0.2  1.85617
24  0.3  1.50888
24  0.4  1.18099
24  0.5  0.895189
24  0.6  0.662077
24  0.7  0.480909
24  0.8  0.346488
24  0.9  0.248304
24  1.0  0.177724
24  1.1  0.12736
22  11.5  5.25123e-09
24  1.3  0.0664134
24  1.2  0.0910598
24  1.5  0.0353554
24  1.4  0.0484153
24  1.6  0.0258694
22  11.0  8.14201e-09
24  1.7  0.0189036
24  1.9  0.0102486
24  1.8  0.0138267
24  2.5  0.00201184
24  2.0  0.00791859
24  3.0  0.000465541
24  3.5  0.000262459
22  12.0  3.53473e-09
24  4.5  2.42251e-05
24  5.0  9.92502e-06
24  4.0  6.37366e-05
24  5.5  4.33367e-06
24  6.0  1.99536e-06
24  6.5  9.67094e-07
24  7.0  4.88431e-07
24  7.5  2.57465e-07
24  8.0  1.39979e-07
24  8.5  7.93394e-08
24  9.0  4.61205e-08
24  9.5  2.74997e-08
26  0.2  1.60177
24  10.0  1.68379e-08
26  0.3  1.29738
26  0.4  1.01123
26  0.5  0.76243
24  10.5  1.05213e-08
26  0.6  0.560456
26  0.7  0.405304
26  0.8  0.290199
26  0.9  0.206948
26  1.0  0.147718
26  1.1  0.105296
26  1.2  0.0749648
24  11.0  6.75127e-09
26  1.3  0.0540621
26  1.4  0.039294
26  1.5  0.0284305
26  1.6  0.0207484
26  1.7  0.015736
26  1.8  0.0111881
26  1.9  0.00854657
26  2.0  0.0063338
26  2.5  0.00152472
26  3.0  0.000393092
26  3.5  0.00021471
24  11.5  4.394e-09
26  4.0  5.02311e-05
26  4.5  1.90839e-05
24  12.0  2.93505e-09
26  5.0  7.80136e-06
26  5.5  3.40334e-06
26  6.0  1.56476e-06
26  6.5  7.55955e-07
26  7.0  3.82809e-07
26  7.5  2.01247e-07
26  8.0  1.09171e-07
26  8.5  6.18176e-08
26  9.0  3.59194e-08
26  10.5  8.09379e-09
26  9.5  2.1442e-08
26  10.0  1.31e-08
28  0.2  1.30154
28  0.3  1.04965
28  0.4  0.812917
28  0.5  0.608676
28  0.6  0.443645
28  0.7  0.319144
28  0.8  0.227031
28  0.9  0.160928
28  1.0  0.113984
28  1.1  0.0811779
26  11.0  5.23113e-09
28  1.2  0.057752
28  1.3  0.0411676
28  1.4  0.0295278
28  1.5  0.021817
28  1.6  0.0154702
28  1.8  0.0082153
28  1.7  0.0114552
26  11.5  3.42173e-09
28  1.9  0.006234
28  2.0  0.0045764
28  2.5  0.00115294
28  3.0  0.000275833
28  3.5  0.000156106
26  12.0  2.27366e-09
28  4.5  1.37736e-05
28  5.0  5.62728e-06
28  5.5  2.42951e-06
28  4.0  3.65599e-05
28  6.0  1.12071e-06
28  6.5  5.44479e-07
28  7.0  2.73185e-07
28  7.5  1.43427e-07
28  8.0  7.8079e-08
28  8.5  4.38894e-08
28  9.0  2.5487e-08
28  9.5  1.51789e-08
28  11.0  3.67224e-09
30  0.2  0.968
28  10.0  9.26315e-09
30  0.3  0.775816
30  0.4  0.595829
30  0.5  0.441109
30  0.6  0.319637
28  10.5  5.78064e-09
30  0.7  0.227516
30  0.8  0.160456
30  0.9  0.112899
30  1.0  0.0792815
30  1.1  0.0561548
30  1.2  0.0396362
30  1.3  0.0281099
30  1.4  0.0200672
30  1.5  0.0144182
30  1.6  0.0106939
30  1.7  0.00793439
30  1.8  0.00569585
30  1.9  0.00418519
30  2.0  0.00309084
30  2.5  0.000710398
30  3.0  0.000178682
30  3.5  0.000110663
28  11.5  2.41649e-09
28  12.0  1.60402e-09
30  4.0  2.33476e-05
30  4.5  8.76253e-06
30  5.5  1.53092e-06
30  5.0  3.58576e-06
30  6.0  7.04991e-07
30  6.5  3.39362e-07
30  7.5  8.9698e-08
30  7.0  1.70809e-07
30  8.0  4.86212e-08
30  8.5  2.72892e-08
30  10.0  5.68748e-09
30  9.0  1.58037e-08
30  9.5  9.39218e-09
32  0.2  0.636884
32  0.3  0.505553
30  10.5  3.58898e-09
32  0.4  0.384067
32  0.5  0.281879
32  0.7  0.141787
32  0.6  0.201552
32  0.8  0.0990166
32  0.9  0.0688281
30  11.0  2.28283e-09
32  1.0  0.0480132
32  1.1  0.0335517
32  1.3  0.0169537
32  1.2  0.0235291
32  1.4  0.0120443
32  1.5  0.00858879
32  1.7  0.00452603
32  1.6  0.00608322
32  1.8  0.0032531
32  2.0  0.00179963
32  1.9  0.00247509
30  11.5  1.49321e-09
32  2.5  0.000427197
32  3.0  0.000113118
32  3.5  2.64829e-05
30  12.0  9.89982e-10
32  4.0  1.26396e-05
32  4.5  4.75853e-06
32  5.0  1.90859e-06
32  5.5  8.21651e-07
32  7.0  8.9258e-08
32  6.0  3.73839e-07
32  6.5  1.79247e-07
32  7.5  4.70129e-08
32  8.0  2.54023e-08
32  8.5  1.41997e-08
32  9.0  8.22553e-09
32  9.5  4.87454e-09
32  10.0  2.96592e-09
4  0.2  2.90674
4  0.3  2.39159
4  0.4  1.90091
32  10.5  1.84787e-09
4  0.5  1.46595
4  0.6  1.10246
32  12.0  5.03963e-10
4  0.7  0.815051
4  0.8  0.597316
4  1.0  0.316235
4  0.9  0.434915
4  1.1  0.230189
4  1.2  0.167167
4  1.3  0.122068
32  11.5  7.58966e-10
4  1.4  0.0897933
4  1.5  0.0666526
4  1.6  0.0490875
4  1.7  0.0365555
4  1.8  0.026865
4  1.9  0.0203246
4  2.0  0.0152379
4  3.0  0.00107751
4  2.5  0.00417835
32  11.0  1.17705e-09
4  3.5  0.000506336
4  4.0  0.000134977
4  5.0  2.13583e-05
4  4.5  5.17516e-05
4  6.0  4.43703e-06
4  5.5  9.35482e-06
4  6.5  2.1104e-06
4  7.5  5.68825e-07
4  7.0  1.07057e-06
4  8.0  3.11136e-07
4  8.5  1.75134e-07
4  9.0  1.01955e-07
4  9.5  6.09306e-08
4  10.0  3.73774e-08
6  0.2  2.87705
6  0.3  2.36548
6  0.4  1.87968
6  0.5  1.44838
6  0.6  1.08968
4  10.5  2.34324e-08
4  12.0  6.50298e-09
6  0.7  0.805681
6  0.8  0.590367
6  0.9  0.429111
6  1.0  0.312304
6  1.1  0.226946
6  1.2  0.165038
6  1.3  0.12009
6  1.4  0.0891053
6  1.5  0.0656571
6  1.6  0.0485502
4  11.0  1.50313e-08
6  1.7  0.0358842
6  1.9  0.0202879
6  1.8  0.0266485
6  2.0  0.0154038
6  2.5  0.00390917
6  3.0  0.00107209
6  3.5  0.000457468
4  11.5  9.82676e-09
6  4.0  0.000132549
6  4.5  5.07704e-05
6  5.0  2.09695e-05
6  5.5  9.18318e-06
6  6.0  4.24695e-06
6  6.5  2.07089e-06
6  7.0  1.04997e-06
6  8.0  3.05292e-07
6  7.5  5.56242e-07
6  8.5  1.71891e-07
6  9.0  1.00001e-07
6  9.5  5.97054e-08
6  10.0  3.68666e-08
8  0.2  2.8345
8  0.3  2.33057
6  11.5  9.57133e-09
8  0.4  1.8512
8  0.5  1.42377
8  0.6  1.07162
6  12.0  6.3796e-09
8  0.7  0.792721
6  10.5  2.29952e-08
8  0.8  0.579367
8  0.9  0.422553
8  1.0  0.30606
8  1.1  0.222204
8  1.2  0.161694
8  1.3  0.117646
8  1.4  0.0858603
8  1.5  0.063199
8  1.6  0.0478424
6  11.0  1.47436e-08
8  1.7  0.0357
8  1.8  0.0263708
8  1.9  0.0202021
8  2.0  0.0145792
8  2.5  0.00396568
8  3.0  0.00101519
8  3.5  0.000430459
8  4.5  4.92411e-05
8  5.0  2.04232e-05
8  4.0  0.000128527
8  5.5  8.94058e-06
8  6.0  4.14038e-06
8  6.5  2.01599e-06
8  7.5  5.43271e-07
8  7.0  1.02162e-06
8  8.0  2.96763e-07
8  8.5  1.67252e-07
8  9.0  9.73695e-08
8  9.5  5.84438e-08
8  10.0  3.56365e-08
8  10.5  2.23673e-08
8  12.0  6.20197e-09
8  11.0  1.43419e-08
8  11.5  9.37207e-09
