# exclusive D0 cross section, Pb target, LHAPDF fragmentation, An0n channel
# generated      : 2026-08-20 10:22:13 EEST
# calls          : 1e5 below 4.0 GeV, 2e3 above (see EXCL_PT_THRESHOLD) (VEGAS calls per point, see CALLS_EXCL/CALLS_EXCL_FACTORIZED/CALLS_DIFF)
# dipole samples : data/Pb/mve/glauber_mve_<b>
# pD0 sweep      : 0.2 0.3 0.4 0.5 0.6 0.7 0.8 0.9 1.0 1.1 1.2 1.3 1.4 1.5 1.6 1.7 1.8 1.9 2.0 2.5 3.0 3.5 4.0 4.5 5.0 5.5 6.0 6.5 7.0 7.5 8.0 8.5 9.0 9.5 10.0 10.5 11.0 11.5 12.0
# fixed rapidity y : 3.0
# ============================================================
# b  pD0  dsigma_dyd2pD0
0  0.4  0.304451
0  0.2  0.487565
0  0.3  0.393204
0  0.5  0.227462
0  0.6  0.165205
0  0.8  0.0826109
0  0.7  0.117771
0  0.9  0.0577273
0  1.0  0.0399952
0  1.1  0.0277403
0  1.2  0.0192788
0  1.4  0.00935126
0  1.3  0.0133315
0  1.6  0.00453126
0  1.5  0.00649033
0  1.7  0.00320732
0  1.8  0.00226881
0  1.9  0.00162019
0  2.0  0.00114794
0  2.5  0.00022889
0  3.0  4.87192e-05
0  3.5  1.29804e-05
0  4.5  9.2237e-07
0  4.0  3.21058e-06
0  5.0  2.80755e-07
0  5.5  9.1253e-08
0  6.0  3.12509e-08
0  6.5  1.12288e-08
0  7.0  4.21511e-09
0  8.5  2.75329e-10
0  7.5  1.63874e-09
0  8.0  6.6044e-10
0  10.0  2.31766e-11
0  9.0  1.17434e-10
0  9.5  5.15255e-11
10  0.2  0.467226
10  0.3  0.376382
10  0.4  0.291099
10  0.5  0.216782
10  0.6  0.157481
0  10.5  1.0646e-11
10  0.7  0.111962
10  0.8  0.0784663
10  0.9  0.0547242
10  1.0  0.0378998
10  1.1  0.0262639
10  1.2  0.0181182
10  1.3  0.0125605
10  1.4  0.00879663
10  1.5  0.00607984
10  1.6  0.00426749
10  1.7  0.00301367
0  11.0  4.98214e-12
10  1.8  0.00211543
10  1.9  0.00151908
10  2.0  0.00109437
10  2.5  0.000211028
10  3.0  4.65922e-05
10  3.5  1.08351e-05
0  11.5  2.37927e-12
0  12.0  1.15421e-12
10  4.5  8.51351e-07
10  5.0  2.58729e-07
10  4.0  2.96265e-06
10  5.5  8.37522e-08
10  7.0  3.86325e-09
10  6.0  2.86658e-08
10  6.5  1.02928e-08
10  7.5  1.5026e-09
10  8.5  2.51679e-10
10  8.0  6.0455e-10
10  9.0  1.07417e-10
10  9.5  4.71297e-11
10  10.0  2.11436e-11
12  0.2  0.457863
12  0.3  0.369092
10  10.5  9.7081e-12
12  0.4  0.284898
12  0.5  0.212288
12  0.6  0.153898
12  0.7  0.109272
12  0.8  0.0765695
12  0.9  0.0533135
12  1.1  0.0255621
12  1.0  0.0369001
12  1.2  0.017629
12  1.4  0.0085154
12  1.3  0.0121902
10  11.0  4.54918e-12
12  1.5  0.00592135
12  1.6  0.00413654
12  1.7  0.00292607
12  1.8  0.0020441
12  1.9  0.0014585
12  2.0  0.00106142
12  2.5  0.000205925
12  3.0  4.3449e-05
12  3.5  1.05646e-05
10  11.5  2.16847e-12
10  12.0  1.05086e-12
12  5.0  2.48649e-07
12  4.0  2.8527e-06
12  4.5  8.13193e-07
12  5.5  8.04727e-08
12  6.0  2.75244e-08
12  6.5  9.87983e-09
12  7.0  3.70174e-09
12  7.5  1.43891e-09
12  8.5  2.41145e-10
12  8.0  5.78761e-10
12  9.0  1.02985e-10
12  9.5  4.5137e-11
12  10.0  2.02116e-11
14  0.2  0.446639
14  0.3  0.359278
14  0.4  0.277376
14  0.5  0.20642
12  10.5  9.28524e-12
14  0.6  0.14944
14  0.7  0.106011
14  0.8  0.0742726
14  0.9  0.0516152
14  1.0  0.0356804
14  1.1  0.0247062
14  1.2  0.0170107
14  1.3  0.0118459
14  1.4  0.00819814
14  1.5  0.00570213
14  1.6  0.00398794
14  1.7  0.0028143
12  11.0  4.35357e-12
14  1.9  0.00141308
14  1.8  0.00196874
14  2.0  0.000998948
14  3.0  4.05865e-05
12  11.5  2.07376e-12
14  2.5  0.00019557
14  3.5  9.95935e-06
12  12.0  1.00616e-12
14  4.0  2.71931e-06
14  4.5  7.73957e-07
14  5.0  2.36271e-07
14  5.5  7.65003e-08
14  6.0  2.61549e-08
14  6.5  9.37915e-09
14  7.0  3.51242e-09
14  7.5  1.36377e-09
14  8.0  5.49233e-10
14  8.5  2.28058e-10
14  10.0  1.93197e-11
14  9.0  9.7534e-11
14  9.5  4.27422e-11
16  0.2  0.432557
16  0.3  0.347774
16  0.4  0.268423
16  0.5  0.199341
16  0.6  0.144015
16  0.7  0.102183
14  10.5  8.79873e-12
16  0.8  0.0714861
16  0.9  0.0495937
16  1.0  0.0342632
16  1.1  0.0236318
16  1.2  0.0163276
16  1.3  0.0112327
16  1.5  0.0054369
16  1.4  0.00781824
16  1.6  0.00379135
16  1.7  0.00268018
16  1.8  0.00187949
16  1.9  0.00133026
16  2.0  0.000963049
14  11.0  4.12107e-12
16  2.5  0.000183839
16  3.5  9.71595e-06
16  3.0  3.92912e-05
14  11.5  1.96576e-12
14  12.0  9.51876e-13
16  4.0  2.56508e-06
16  4.5  7.28417e-07
16  5.0  2.22247e-07
16  5.5  7.18989e-08
16  6.0  2.45562e-08
16  6.5  8.79915e-09
16  7.5  1.28096e-09
16  7.0  3.29608e-09
16  8.5  2.13845e-10
16  8.0  5.14214e-10
16  10.0  1.80567e-11
16  9.0  9.11932e-11
16  9.5  3.99652e-11
18  0.2  0.415624
18  0.3  0.33391
18  0.4  0.257007
18  0.6  0.137527
18  0.5  0.190772
18  0.7  0.0974299
18  0.8  0.0680725
18  0.9  0.047169
16  10.5  8.2248e-12
18  1.0  0.0325279
18  1.1  0.0224312
18  1.2  0.0154227
18  1.3  0.0106579
18  1.4  0.00741141
18  1.5  0.00512658
18  1.7  0.00251892
18  1.6  0.0035715
18  1.8  0.00176526
18  2.0  0.000893414
18  1.9  0.00125475
18  2.5  0.000173127
16  11.0  3.85018e-12
18  3.0  3.83819e-05
18  3.5  9.53628e-06
16  11.5  1.83384e-12
16  12.0  8.88464e-13
18  4.0  2.38741e-06
18  4.5  6.75541e-07
18  5.0  2.05795e-07
18  5.5  6.6496e-08
18  6.0  2.26988e-08
18  6.5  8.1236e-09
18  7.0  3.04393e-09
18  7.5  1.17849e-09
18  8.0  4.73551e-10
18  8.5  1.96355e-10
18  10.0  1.65632e-11
18  9.0  8.39123e-11
18  9.5  3.67544e-11
2  0.2  0.486876
2  0.3  0.392563
2  0.4  0.303935
2  0.5  0.22703
2  0.6  0.164926
18  10.5  7.55583e-12
2  0.7  0.117553
2  0.8  0.082475
2  0.9  0.0576143
2  1.0  0.0399754
2  1.1  0.0277396
2  1.2  0.0192433
2  1.3  0.0133007
2  1.4  0.00932476
18  11.0  3.536e-12
2  1.5  0.00647336
2  1.6  0.00452976
2  1.7  0.0032008
2  1.8  0.00226343
2  1.9  0.00160193
2  2.0  0.00114233
2  2.5  0.000230492
2  3.5  1.29925e-05
2  3.0  5.06217e-05
18  11.5  1.6848e-12
18  12.0  8.15579e-13
2  4.5  9.19578e-07
2  4.0  3.20089e-06
2  5.0  2.79898e-07
2  5.5  9.09709e-08
2  6.0  3.11506e-08
2  6.5  1.11923e-08
2  7.0  4.20194e-09
2  7.5  1.6511e-09
2  8.5  2.74645e-10
2  8.0  6.5819e-10
2  9.0  1.17002e-10
2  9.5  5.13489e-11
2  10.0  2.30742e-11
20  0.2  0.395247
20  0.3  0.317009
20  0.4  0.24377
20  0.6  0.129868
20  0.5  0.180368
2  10.5  1.0609e-11
20  0.7  0.0917649
20  0.8  0.0639111
20  0.9  0.0442713
20  1.0  0.0305143
20  1.1  0.020954
20  1.2  0.0144069
20  1.3  0.00997287
20  1.4  0.00686204
20  1.5  0.00475445
20  1.6  0.00334394
20  1.9  0.00117627
20  1.7  0.00233501
2  11.0  4.96458e-12
20  1.8  0.00163203
20  2.0  0.000833276
20  2.5  0.000163316
20  3.5  8.17593e-06
20  3.0  3.39289e-05
2  11.5  2.37022e-12
2  12.0  1.15013e-12
20  4.0  2.17805e-06
20  4.5  6.14572e-07
20  5.0  1.86851e-07
20  5.5  6.02657e-08
20  6.0  2.05669e-08
20  6.5  7.35093e-09
20  7.0  2.74886e-09
20  7.5  1.06489e-09
20  8.0  4.27622e-10
20  8.5  1.77357e-10
20  10.0  1.48852e-11
20  9.0  7.56971e-11
20  10.5  6.80138e-12
20  11.0  3.18621e-12
20  9.5  3.30855e-11
22  0.2  0.370401
22  0.3  0.296721
22  0.4  0.227466
22  0.5  0.168046
22  0.6  0.120653
22  0.7  0.0850491
22  0.8  0.0591636
22  0.9  0.0408117
22  1.0  0.0279887
22  1.1  0.0192322
22  1.2  0.0132014
22  1.3  0.00908699
22  1.5  0.00437734
22  1.4  0.00627295
22  1.6  0.00301147
22  1.7  0.00210976
22  1.8  0.00147602
22  1.9  0.00104391
22  2.0  0.000746416
22  2.5  0.00014394
22  3.0  3.10244e-05
22  3.5  7.32319e-06
20  11.5  1.50578e-12
20  12.0  7.32616e-13
22  5.5  5.33499e-08
22  4.0  1.92911e-06
22  4.5  5.45361e-07
22  5.0  1.65582e-07
22  6.0  1.81369e-08
22  6.5  6.47364e-09
22  7.0  2.41772e-09
22  7.5  9.36648e-10
22  8.0  3.75939e-10
22  8.5  1.55342e-10
22  9.0  6.6283e-11
22  10.5  5.93483e-12
22  9.5  2.89653e-11
24  0.2  0.340188
22  10.0  1.29748e-11
24  0.3  0.271769
24  0.4  0.207776
24  0.5  0.152998
24  0.6  0.109519
24  0.7  0.0769582
24  0.8  0.0532544
24  0.9  0.0366802
24  1.1  0.0172202
24  1.0  0.0250873
24  1.2  0.0118062
24  1.3  0.0080586
24  1.4  0.00554956
22  11.0  2.77758e-12
24  1.6  0.0026787
24  1.5  0.00383715
22  12.0  6.42293e-13
24  1.8  0.00130016
24  1.7  0.00186726
24  1.9  0.000932725
24  2.0  0.00066343
24  2.5  0.000124176
24  3.0  2.49417e-05
24  3.5  6.18196e-06
22  11.5  1.32328e-12
24  6.0  1.56533e-08
24  4.0  1.65655e-06
24  4.5  4.66504e-07
24  5.0  1.41247e-07
24  5.5  4.55291e-08
24  7.5  8.00477e-10
24  6.5  5.49498e-09
24  7.0  2.04416e-09
24  8.0  3.17006e-10
24  9.5  2.45685e-11
24  8.5  1.3113e-10
24  10.0  1.09456e-11
24  9.0  5.58228e-11
24  11.0  2.33362e-12
24  11.5  1.10978e-12
26  0.2  0.302719
26  0.3  0.241232
26  0.4  0.183659
26  0.6  0.0961347
26  0.5  0.134708
24  10.5  4.98181e-12
26  0.7  0.0671054
26  0.8  0.0463016
26  0.9  0.0317741
26  1.0  0.0216526
26  1.1  0.014736
26  1.2  0.0100466
26  1.3  0.00688346
26  1.4  0.00473857
26  1.6  0.00226946
26  1.5  0.00324722
26  1.7  0.00157314
26  1.8  0.00109461
26  1.9  0.000791148
26  2.0  0.000549766
26  2.5  0.000101534
26  3.0  2.15975e-05
26  3.5  5.75356e-06
26  4.0  1.38432e-06
24  12.0  5.35603e-13
26  5.5  3.66568e-08
26  4.5  3.7891e-07
26  5.0  1.14235e-07
26  6.0  1.23943e-08
26  7.0  1.643e-09
26  7.5  6.35453e-10
26  6.5  4.40743e-09
26  8.0  2.54449e-10
26  8.5  1.04326e-10
26  10.0  8.69523e-12
26  9.0  4.4656e-11
26  9.5  1.93336e-11
28  0.2  0.257097
28  0.3  0.203989
28  0.4  0.154686
26  10.5  3.94171e-12
28  0.5  0.112784
28  0.6  0.0799623
28  0.7  0.0555372
28  0.8  0.0381123
28  0.9  0.0259459
26  11.0  1.84036e-12
28  1.0  0.0176019
28  1.1  0.0119563
28  1.2  0.00810103
28  1.4  0.0037941
28  1.3  0.00552126
28  1.5  0.00258853
28  1.6  0.00180692
28  1.7  0.00124247
28  1.8  0.000862957
26  12.0  4.23743e-13
28  1.9  0.000621543
26  11.5  8.74833e-13
28  2.0  0.000424667
28  2.5  7.97574e-05
28  3.0  1.6827e-05
28  3.5  3.85182e-06
28  4.0  1.01877e-06
28  4.5  2.8436e-07
28  5.0  8.53012e-08
28  5.5  2.72344e-08
28  7.5  4.68215e-10
28  6.0  9.19027e-09
28  8.0  1.86137e-10
28  6.5  3.2605e-09
28  7.0  1.20685e-09
28  9.5  1.4088e-11
28  8.5  7.6222e-11
28  9.0  3.23422e-11
28  10.5  2.9705e-12
28  10.0  6.27647e-12
30  0.2  0.203637
30  0.3  0.160776
30  0.4  0.120953
28  11.5  6.39578e-13
30  0.5  0.0874869
30  0.6  0.0615554
30  0.7  0.0424314
30  0.8  0.0288888
30  0.9  0.0195363
30  1.0  0.0131477
30  1.1  0.0088553
30  1.2  0.00599231
30  1.3  0.00404901
30  1.5  0.00189528
28  11.0  1.33462e-12
30  1.4  0.00275418
30  1.6  0.0012982
30  1.7  0.000896065
30  1.8  0.000619793
30  1.9  0.000439509
30  2.0  0.000308281
30  2.5  5.41471e-05
30  3.0  1.17272e-05
30  3.5  2.54638e-06
28  12.0  3.05022e-13
30  4.0  6.89548e-07
30  4.5  1.90957e-07
30  5.0  5.69157e-08
30  5.5  1.80609e-08
30  6.0  6.06958e-09
30  6.5  2.13718e-09
30  7.0  7.88994e-10
30  7.5  3.02512e-10
30  8.0  1.20408e-10
30  9.5  9.02163e-12
30  8.5  4.93714e-11
30  10.0  4.02518e-12
30  9.0  2.0876e-11
32  0.2  0.146449
32  0.3  0.114729
30  10.5  1.8338e-12
32  0.4  0.0855528
32  0.5  0.06129
32  0.6  0.0426324
32  0.7  0.0290993
32  0.8  0.0196004
30  11.0  8.50117e-13
32  0.9  0.0131124
32  1.0  0.00875864
32  1.2  0.00392604
32  1.1  0.00585432
32  1.3  0.0026359
32  1.5  0.00121949
32  1.4  0.00177893
32  1.7  0.00057539
32  1.6  0.00082419
32  1.8  0.000401796
30  11.5  4.02623e-13
32  2.0  0.00019219
32  1.9  0.000270668
32  2.5  3.3632e-05
32  3.0  7.06773e-06
32  3.5  1.6512e-06
30  12.0  1.93776e-13
32  5.0  3.28116e-08
32  4.0  4.04823e-07
32  4.5  1.10618e-07
32  5.5  1.02874e-08
32  7.0  4.41402e-10
32  7.5  1.68854e-10
32  6.0  3.43231e-09
32  8.0  6.7175e-11
32  6.5  1.20247e-09
32  8.5  2.74328e-11
32  9.5  4.95869e-12
32  9.0  1.14448e-11
32  10.5  9.97926e-13
32  10.0  2.19232e-12
32  11.0  4.64393e-13
4  0.2  0.484366
4  0.3  0.390695
32  11.5  2.18652e-13
4  0.4  0.302373
4  0.5  0.225775
4  0.6  0.164007
4  0.7  0.116752
4  0.8  0.0821839
4  0.9  0.057202
4  1.0  0.0397177
4  1.1  0.0275572
4  1.2  0.0190368
4  1.3  0.0132039
4  1.4  0.00925759
4  1.5  0.00643398
4  1.6  0.00450162
4  1.7  0.00318146
4  1.8  0.00224669
4  1.9  0.00158281
4  2.0  0.00113349
4  2.5  0.000225658
4  3.0  4.91749e-05
4  3.5  1.24499e-05
32  12.0  1.04305e-13
4  4.0  3.17134e-06
4  4.5  9.05487e-07
4  5.0  2.77193e-07
4  5.5  9.00494e-08
4  6.0  3.08447e-08
4  6.5  1.10755e-08
4  7.0  4.15522e-09
4  7.5  1.61751e-09
4  8.0  6.51616e-10
4  8.5  2.70713e-10
4  9.0  1.15803e-10
4  10.5  1.05309e-11
4  9.5  5.08398e-11
6  0.2  0.48036
4  10.0  2.28266e-11
6  0.3  0.387412
6  0.4  0.299786
6  0.5  0.223588
6  0.6  0.162484
6  0.7  0.115603
6  0.8  0.0811238
6  0.9  0.056614
6  1.0  0.0392674
6  1.1  0.0271658
6  1.2  0.0188052
6  1.3  0.0130334
6  1.4  0.00909046
6  1.5  0.0063644
6  1.6  0.00443881
6  1.7  0.00313817
6  1.8  0.00221522
4  11.0  4.91244e-12
6  1.9  0.00156769
6  2.0  0.00111804
6  2.5  0.000223129
6  3.0  4.96657e-05
6  3.5  1.24665e-05
4  11.5  2.34792e-12
4  12.0  1.13715e-12
6  5.0  2.73062e-07
6  4.0  3.12305e-06
6  4.5  8.90901e-07
6  5.5  8.8447e-08
6  6.0  3.0327e-08
6  6.5  1.08885e-08
6  7.0  4.08814e-09
6  7.5  1.58941e-09
6  8.0  6.40641e-10
6  8.5  2.66061e-10
6  10.0  2.24291e-11
6  9.0  1.13771e-10
6  9.5  4.99676e-11
8  0.2  0.474964
8  0.3  0.382777
8  0.4  0.296025
8  0.5  0.220641
8  0.6  0.1603
8  0.7  0.114145
8  0.8  0.0801514
8  0.9  0.0557964
6  10.5  1.02948e-11
8  1.0  0.0386827
8  1.1  0.0267381
8  1.2  0.0185211
8  1.3  0.0128177
8  1.4  0.00894004
8  1.5  0.00624128
8  1.6  0.0043722
8  1.7  0.00308799
6  11.0  4.82461e-12
8  1.8  0.00217277
8  1.9  0.00155571
8  2.0  0.00110297
8  2.5  0.000216407
8  3.0  4.78643e-05
8  3.5  1.24394e-05
6  11.5  2.30453e-12
6  12.0  1.11743e-12
8  4.5  8.77811e-07
8  5.0  2.66755e-07
8  4.0  3.05622e-06
8  5.5  8.64276e-08
8  6.0  2.95953e-08
8  6.5  1.06315e-08
8  7.0  3.98373e-09
8  7.5  1.55121e-09
8  9.5  4.86495e-11
8  8.0  6.24891e-10
8  8.5  2.59426e-10
8  9.0  1.10894e-10
8  10.0  2.18846e-11
8  10.5  1.00393e-11
8  11.0  4.70067e-12
8  11.5  2.24478e-12
8  12.0  1.08882e-12
