# exclusive D0 cross section, Pb target, HymnD fragmentation, An0n channel
# generated      : 2026-08-20 10:21:45 EEST
# calls          : 1e5 below 4.0 GeV, 2e3 above (see EXCL_PT_THRESHOLD) (VEGAS calls per point, see CALLS_EXCL/CALLS_EXCL_FACTORIZED/CALLS_DIFF)
# dipole samples : data/Pb/mve/glauber_mve_<b>
# pD0 sweep      : 0.2 0.3 0.4 0.5 0.6 0.7 0.8 0.9 1.0 1.1 1.2 1.3 1.4 1.5 1.6 1.7 1.8 1.9 2.0 2.5 3.0 3.5 4.0 4.5 5.0 5.5 6.0 6.5 7.0 7.5 8.0 8.5 9.0 9.5 10.0 10.5 11.0 11.5 12.0
# fixed rapidity y : 3.0
# ============================================================
# b  pD0  dsigma_dyd2pD0
0  0.4  0.321241
0  0.3  0.4157
0  0.2  0.515875
0  0.5  0.239392
0  0.6  0.173564
0  0.8  0.0864662
0  0.7  0.1234
0  1.1  0.0288187
0  0.9  0.0601866
0  1.0  0.041569
0  1.2  0.0199128
0  1.3  0.0137753
0  1.4  0.00963802
0  1.5  0.00666659
0  1.7  0.00331686
0  1.6  0.00465882
0  1.8  0.00234213
0  2.0  0.00117071
0  1.9  0.00163504
0  3.0  4.95754e-05
0  2.5  0.000229488
0  3.5  1.26284e-05
0  5.0  2.79292e-07
0  4.0  3.18834e-06
0  4.5  9.06654e-07
0  5.5  8.95583e-08
0  7.0  4.15098e-09
0  6.0  3.05901e-08
0  8.0  6.47974e-10
0  6.5  1.09709e-08
0  7.5  1.59498e-09
0  9.5  5.02133e-11
0  8.5  2.66083e-10
0  10.0  2.2334e-11
0  9.0  1.13566e-10
0  10.5  1.02703e-11
0  11.0  4.83558e-12
0  11.5  2.29289e-12
10  0.2  0.494472
10  0.3  0.398005
10  0.4  0.307025
10  0.5  0.228435
10  0.6  0.165306
10  0.7  0.11726
10  0.8  0.0820546
10  0.9  0.0570363
10  1.0  0.0394592
10  1.2  0.0187611
10  1.1  0.0271983
10  1.3  0.0129722
10  1.4  0.00906325
10  1.5  0.00627201
10  1.6  0.00435344
10  1.7  0.00311258
10  1.8  0.00218923
10  1.9  0.00153039
10  2.5  0.000213512
10  2.0  0.0010924
10  3.0  4.55843e-05
10  3.5  1.17043e-05
0  12.0  1.10555e-12
10  5.0  2.56293e-07
10  4.0  2.94276e-06
10  4.5  8.35648e-07
10  5.5  8.22561e-08
10  6.0  2.79056e-08
10  6.5  1.00563e-08
10  8.0  5.94789e-10
10  7.0  3.75874e-09
10  7.5  1.45987e-09
10  9.5  4.59467e-11
10  8.5  2.4328e-10
10  10.0  2.04199e-11
10  9.0  1.03873e-10
10  10.5  9.3695e-12
10  11.5  2.08787e-12
12  0.2  0.484673
12  0.3  0.38978
12  0.4  0.300493
12  0.5  0.223437
12  0.6  0.161552
12  0.7  0.114471
12  0.8  0.0800349
12  0.9  0.0555813
12  1.0  0.0384114
12  1.1  0.0264645
12  1.2  0.0182376
12  1.3  0.012636
12  1.4  0.00873452
10  11.0  4.36975e-12
12  1.5  0.00606624
12  1.6  0.00423707
12  1.7  0.00301533
12  1.8  0.00209325
12  2.0  0.00107678
12  1.9  0.00148132
12  2.5  0.000208037
12  3.0  4.54147e-05
12  3.5  1.08756e-05
10  12.0  1.00676e-12
12  5.0  2.46213e-07
12  4.0  2.83308e-06
12  4.5  8.03618e-07
12  5.5  7.90009e-08
12  7.0  3.61752e-09
12  6.0  2.69501e-08
12  6.5  9.65158e-09
12  7.5  1.40004e-09
12  8.0  5.62021e-10
12  10.0  1.94802e-11
12  8.5  2.33221e-10
12  9.0  9.92955e-11
12  9.5  4.35341e-11
14  0.2  0.47235
14  0.3  0.379688
14  0.4  0.292476
14  0.5  0.21705
14  0.6  0.157031
14  0.7  0.111023
14  0.8  0.0775584
14  0.9  0.0537505
12  10.5  8.95053e-12
14  1.0  0.0371845
14  1.2  0.0177033
14  1.1  0.0255609
14  1.3  0.0122007
14  1.4  0.00847651
14  1.5  0.00585112
12  11.0  4.1853e-12
14  1.7  0.00289962
14  1.6  0.00411353
14  1.8  0.00202008
14  1.9  0.00144572
14  2.0  0.00103639
14  2.5  0.000196401
14  3.0  4.17185e-05
12  11.5  1.99574e-12
14  3.5  9.54308e-06
12  12.0  9.63605e-13
14  4.0  2.70191e-06
14  4.5  7.65315e-07
14  5.0  2.32845e-07
14  5.5  7.50847e-08
14  7.0  3.43793e-09
14  6.0  2.56273e-08
14  6.5  9.16558e-09
14  7.5  1.32769e-09
14  8.0  5.3268e-10
14  9.5  4.12715e-11
14  9.0  9.46988e-11
14  8.5  2.21191e-10
14  10.0  1.84851e-11
16  0.2  0.457575
16  0.3  0.367905
14  10.5  8.48556e-12
16  0.4  0.282756
16  0.5  0.209742
16  0.7  0.106926
16  0.6  0.151281
16  0.8  0.0745807
16  0.9  0.0516995
16  1.0  0.035618
16  1.2  0.0169533
14  11.0  3.96467e-12
16  1.1  0.0244876
16  1.3  0.0116176
16  1.4  0.00805208
16  1.5  0.0055889
16  1.7  0.00276565
16  1.6  0.00388801
16  1.8  0.00191463
16  1.9  0.00138811
16  2.0  0.000969973
14  11.5  1.88541e-12
16  2.5  0.000187595
16  3.0  3.97122e-05
16  3.5  9.30077e-06
16  5.0  2.19215e-07
14  12.0  9.11154e-13
16  4.5  7.19013e-07
16  4.0  2.54617e-06
16  5.5  7.04999e-08
16  6.0  2.40541e-08
16  6.5  8.59714e-09
16  7.0  3.21024e-09
16  7.5  1.2452e-09
16  9.0  8.88372e-11
16  8.0  4.98776e-10
16  8.5  2.06801e-10
16  10.0  1.72649e-11
16  11.0  3.71453e-12
16  9.5  3.82224e-11
18  0.2  0.439718
18  0.3  0.352646
18  0.4  0.271074
18  0.5  0.200809
18  0.6  0.144649
18  0.7  0.102091
18  0.8  0.0710078
18  0.9  0.0491029
18  1.0  0.0338602
16  10.5  7.9252e-12
18  1.1  0.0232405
18  1.2  0.0160582
18  1.3  0.0109732
18  1.4  0.0075879
18  1.6  0.00369071
18  1.5  0.00526642
18  1.7  0.00260046
18  1.8  0.00180977
18  2.0  0.000920609
18  1.9  0.00127264
18  2.5  0.000174077
18  3.5  9.33166e-06
16  11.5  1.74797e-12
18  3.0  3.69991e-05
16  12.0  8.50923e-13
18  4.0  2.37172e-06
18  4.5  6.67931e-07
18  5.0  2.02763e-07
18  5.5  6.53359e-08
18  7.0  2.97655e-09
18  6.0  2.22364e-08
18  8.0  4.65472e-10
18  6.5  7.9408e-09
18  8.5  1.91546e-10
18  7.5  1.14698e-09
18  10.0  1.58752e-11
18  9.0  8.10873e-11
18  9.5  3.54924e-11
18  11.0  3.40504e-12
2  0.2  0.515017
2  0.3  0.41503
2  0.4  0.320644
2  0.5  0.238981
2  0.6  0.173258
2  0.7  0.123174
2  0.8  0.0862931
2  0.9  0.0600644
18  10.5  7.28063e-12
2  1.0  0.0415645
2  1.1  0.0287608
2  1.2  0.0198621
2  1.3  0.0137407
2  1.4  0.00961278
2  1.5  0.00664987
2  1.7  0.00330877
2  1.6  0.00465136
2  1.8  0.00233609
2  1.9  0.00163261
2  2.0  0.00116689
2  2.5  0.000230866
2  3.0  4.96264e-05
2  3.5  1.2827e-05
18  11.5  1.6168e-12
18  12.0  7.81067e-13
2  5.0  2.78395e-07
2  4.0  3.17843e-06
2  4.5  9.03832e-07
2  5.5  8.92624e-08
2  7.0  4.13933e-09
2  6.0  3.04893e-08
2  6.5  1.09347e-08
2  7.5  1.58638e-09
2  8.0  6.393e-10
2  8.5  2.65322e-10
2  9.5  5.01632e-11
2  10.0  2.22493e-11
2  9.0  1.13176e-10
2  10.5  1.02343e-11
20  0.2  0.418284
20  0.3  0.334866
20  0.4  0.256955
20  0.5  0.189866
20  0.6  0.136582
20  0.7  0.0961458
20  0.8  0.0668409
20  0.9  0.0461536
20  1.0  0.0317089
20  1.1  0.0217095
20  1.2  0.0149149
20  1.3  0.0102297
2  11.0  4.77581e-12
20  1.5  0.00489846
20  1.4  0.00706611
20  1.6  0.00340753
20  1.7  0.00240782
20  1.8  0.00166851
20  1.9  0.00120559
20  2.0  0.000850583
20  2.5  0.000161491
2  11.5  2.27729e-12
20  3.0  3.47281e-05
20  3.5  8.28066e-06
2  12.0  1.1015e-12
20  4.5  6.12876e-07
20  4.0  2.1534e-06
20  5.0  1.84121e-07
20  5.5  5.92242e-08
20  6.0  2.01666e-08
20  7.5  1.03946e-09
20  8.0  4.2041e-10
20  6.5  7.18981e-09
20  8.5  1.73085e-10
20  7.0  2.68035e-09
20  9.0  7.30657e-11
20  9.5  3.19787e-11
20  10.0  1.43423e-11
22  0.2  0.39192
22  0.3  0.313314
22  0.4  0.239835
22  0.5  0.176865
22  0.6  0.126848
20  10.5  6.54896e-12
22  0.8  0.0617694
22  0.7  0.0891201
22  1.0  0.029131
22  0.9  0.042565
20  11.0  3.05073e-12
22  1.1  0.0199263
22  1.2  0.0137111
22  1.3  0.00940991
22  1.4  0.00644312
22  1.5  0.00445645
22  1.7  0.00218659
22  1.6  0.00310894
22  1.8  0.00154015
22  1.9  0.00108467
22  2.0  0.000771843
22  2.5  0.000142765
20  11.5  1.45448e-12
22  3.0  3.19037e-05
22  3.5  7.3279e-06
20  12.0  7.02468e-13
22  4.0  1.91662e-06
22  4.5  5.39024e-07
22  5.0  1.62965e-07
22  5.5  5.23525e-08
22  7.5  9.11183e-10
22  6.0  1.77601e-08
22  6.5  6.32977e-09
22  8.0  3.69126e-10
22  7.0  2.35583e-09
22  8.5  1.5084e-10
22  9.0  6.40414e-11
22  9.5  2.79536e-11
22  10.0  1.24873e-11
24  0.2  0.359792
24  0.3  0.287055
24  0.4  0.21914
24  0.5  0.161022
24  0.6  0.115037
22  10.5  5.71556e-12
24  0.7  0.0806006
24  0.8  0.0557125
22  11.0  2.66799e-12
24  0.9  0.0382296
24  1.0  0.0260642
24  1.1  0.0178035
24  1.2  0.0121588
24  1.3  0.00829816
24  1.4  0.00572286
24  1.6  0.0027532
24  1.5  0.00393526
24  1.7  0.00190732
24  1.8  0.00134187
24  1.9  0.000936108
24  2.0  0.000677285
24  3.0  2.76319e-05
24  2.5  0.000125951
24  3.5  5.9664e-06
22  11.5  1.26716e-12
22  12.0  6.10144e-13
24  4.0  1.64926e-06
24  4.5  4.61095e-07
24  5.0  1.39002e-07
24  6.0  1.517e-08
24  5.5  4.45492e-08
24  6.5  5.36533e-09
24  7.0  1.99233e-09
24  7.5  7.70303e-10
24  8.0  3.07469e-10
24  9.0  5.3957e-11
24  8.5  1.27061e-10
24  9.5  2.3559e-11
24  10.0  1.05013e-11
26  0.2  0.320254
26  0.3  0.254662
24  10.5  4.79995e-12
26  0.4  0.19366
26  0.5  0.14173
26  0.6  0.10086
26  0.7  0.0703311
26  0.8  0.048419
26  0.9  0.0330419
26  1.0  0.0224878
26  1.1  0.0152827
26  1.2  0.0103952
24  11.0  2.23545e-12
26  1.3  0.00708766
26  1.4  0.00485571
26  1.5  0.00338712
26  1.6  0.00232587
26  1.7  0.00162826
26  1.8  0.00113899
26  1.9  0.000799996
26  2.0  0.000555752
26  2.5  0.000103934
26  3.0  2.12846e-05
24  12.0  5.16303e-13
26  3.5  4.97692e-06
24  11.5  1.06363e-12
26  4.0  1.34031e-06
26  4.5  3.74368e-07
26  5.0  1.12402e-07
26  5.5  3.59346e-08
26  6.0  1.21366e-08
26  6.5  4.30528e-09
26  7.0  1.59526e-09
26  7.5  6.14177e-10
26  8.0  2.45293e-10
26  8.5  1.01079e-10
26  9.0  4.2939e-11
26  9.5  1.86736e-11
26  11.0  1.77162e-12
26  10.0  8.32179e-12
28  0.2  0.27199
28  0.3  0.21547
28  0.4  0.163048
28  0.5  0.118673
26  10.5  3.79715e-12
28  0.6  0.0839052
28  0.7  0.0581455
26  12.0  4.08042e-13
28  0.8  0.039752
28  0.9  0.0270108
28  1.0  0.0182979
28  1.1  0.0123669
28  1.2  0.00837875
28  1.3  0.00569925
28  1.4  0.00388387
28  1.5  0.00268373
28  1.6  0.0018548
28  1.7  0.00126936
28  1.9  0.00062759
28  1.8  0.000885024
28  2.0  0.000439353
28  2.5  8.12308e-05
28  3.0  1.74177e-05
28  3.5  3.82007e-06
26  11.5  8.3979e-13
28  4.0  1.01184e-06
28  4.5  2.8099e-07
28  5.0  8.40268e-08
28  5.5  2.67305e-08
28  6.0  9.00895e-09
28  6.5  3.17867e-09
28  7.0  1.17526e-09
28  7.5  4.51797e-10
28  8.0  1.79724e-10
28  8.5  7.39789e-11
28  9.0  3.13094e-11
28  10.5  2.78415e-12
28  9.5  1.35951e-11
28  10.0  6.04823e-12
30  0.2  0.215454
30  0.3  0.169705
28  11.5  6.07422e-13
30  0.4  0.127581
30  0.5  0.092067
30  0.6  0.064545
30  0.8  0.0300655
30  0.7  0.0444201
30  0.9  0.020324
30  1.0  0.0136831
30  1.1  0.00917567
30  1.2  0.00616807
30  1.3  0.00417868
30  1.5  0.00194644
30  1.4  0.002832
30  1.6  0.00132377
30  1.7  0.000912438
30  1.8  0.000630483
30  1.9  0.00044822
28  11.0  1.28013e-12
30  2.0  0.000310542
30  2.5  5.55784e-05
30  3.0  1.06812e-05
30  3.5  2.65787e-06
28  12.0  2.9184e-13
30  4.5  1.89147e-07
30  4.0  6.84312e-07
30  5.0  5.60337e-08
30  5.5  1.77325e-08
30  6.0  5.93285e-09
30  6.5  2.0879e-09
30  7.0  7.68686e-10
30  7.5  2.94048e-10
30  8.0  1.16666e-10
30  9.5  8.8081e-12
30  8.5  4.78247e-11
30  9.0  2.01566e-11
30  10.5  1.76104e-12
32  0.2  0.154931
30  10.0  3.88113e-12
32  0.3  0.121203
32  0.4  0.0901534
32  0.5  0.0644442
32  0.6  0.0447198
32  0.7  0.0304321
32  0.8  0.0204354
32  1.0  0.00912427
32  0.9  0.0136588
32  1.1  0.00606704
32  1.2  0.00404009
30  11.5  3.87674e-13
32  1.3  0.00271218
32  1.4  0.00183379
32  1.5  0.00123435
32  1.6  0.000847802
32  1.7  0.000576737
30  11.0  8.17007e-13
32  1.8  0.000398515
32  1.9  0.000277046
32  2.0  0.000194916
32  2.5  3.40552e-05
32  3.0  7.68776e-06
32  3.5  1.82048e-06
30  12.0  1.85584e-13
32  4.0  4.00271e-07
32  4.5  1.09197e-07
32  5.0  3.21377e-08
32  6.0  3.40367e-09
32  5.5  1.01104e-08
32  7.0  4.31292e-10
32  6.5  1.17323e-09
32  7.5  1.63721e-10
32  8.5  2.64127e-11
32  8.0  6.45391e-11
32  10.0  2.12662e-12
32  9.0  1.10728e-11
32  9.5  4.77364e-12
32  11.0  4.43869e-13
4  0.2  0.512524
4  0.3  0.41272
4  0.4  0.318951
4  0.5  0.237678
4  0.6  0.172237
4  0.8  0.0857711
32  12.0  1.00228e-13
4  0.7  0.122453
32  10.5  9.5626e-13
4  0.9  0.0597074
4  1.0  0.0412993
4  1.1  0.0285322
4  1.2  0.0197331
4  1.4  0.00954556
4  1.3  0.0136406
4  1.5  0.0065989
4  1.6  0.0046007
4  1.8  0.00232421
4  1.7  0.00328471
4  2.5  0.000226705
4  1.9  0.0016241
4  2.0  0.00115939
4  3.0  4.92718e-05
4  3.5  1.16699e-05
32  11.5  2.07444e-13
4  5.0  2.75781e-07
4  4.0  3.14937e-06
4  4.5  8.9544e-07
4  5.5  8.84309e-08
4  6.0  3.01981e-08
4  6.5  1.08247e-08
4  7.0  4.04675e-09
4  7.5  1.57402e-09
4  8.0  6.33129e-10
4  9.5  4.9717e-11
4  8.5  2.62628e-10
4  10.0  2.19876e-11
4  9.0  1.11875e-10
4  11.5  2.25769e-12
6  0.2  0.508322
6  0.3  0.409377
6  0.4  0.316223
6  0.5  0.235516
6  0.6  0.170676
4  10.5  1.01063e-11
6  0.7  0.121267
6  0.8  0.0848998
6  0.9  0.0590777
6  1.0  0.0408996
6  1.1  0.0282347
6  1.2  0.0194789
6  1.4  0.00943203
6  1.3  0.013482
6  1.5  0.00651885
4  11.0  4.73035e-12
6  1.6  0.00457548
6  1.7  0.00324432
6  1.8  0.00229667
6  1.9  0.0016053
6  2.0  0.00114382
6  2.5  0.00022223
6  3.0  4.74474e-05
6  3.5  1.2004e-05
6  4.0  3.10353e-06
4  12.0  1.08897e-12
6  5.0  2.71315e-07
6  4.5  8.81576e-07
6  5.5  8.69232e-08
6  6.0  2.9685e-08
6  6.5  1.06451e-08
6  7.0  3.97733e-09
6  7.5  1.54661e-09
6  8.0  6.2164e-10
6  9.5  4.87661e-11
6  8.5  2.58027e-10
6  10.0  2.16109e-11
6  9.0  1.09973e-10
6  10.5  9.94625e-12
8  0.2  0.502342
8  0.3  0.404597
8  0.4  0.312379
8  0.5  0.232385
8  0.6  0.168448
8  0.7  0.119534
8  0.8  0.0836717
8  0.9  0.0582871
8  1.0  0.040193
8  1.1  0.0277725
8  1.3  0.0132801
8  1.2  0.019156
6  11.0  4.64387e-12
8  1.4  0.00927522
8  1.5  0.00640663
8  1.6  0.00447182
8  1.7  0.00318729
6  11.5  2.21422e-12
8  1.8  0.00225399
8  1.9  0.0015744
8  2.0  0.00113228
8  2.5  0.000219689
8  3.0  4.66116e-05
8  3.5  1.23715e-05
6  12.0  1.06974e-12
8  4.0  3.03616e-06
8  5.0  2.6491e-07
8  4.5  8.6142e-07
8  5.5  8.48796e-08
8  6.0  2.89823e-08
8  7.5  1.52574e-09
8  6.5  1.03897e-08
8  7.0  3.88594e-09
8  9.0  1.0765e-10
8  8.0  6.06108e-10
8  9.5  4.74319e-11
8  8.5  2.51212e-10
8  10.0  2.11162e-11
8  10.5  9.69447e-12
8  11.0  4.52197e-12
8  11.5  2.15748e-12
8  12.0  1.04223e-12
