# diffractive D0 cross section, Pb target, HymnD fragmentation, An0n channel
# generated      : 2026-08-20 10:20:13 EEST
# calls          : 1e5 (VEGAS calls per point, see CALLS_EXCL/CALLS_EXCL_FACTORIZED/CALLS_DIFF)
# dipole samples : data/Pb/mve/glauber_mve_<b>
# pD0 sweep      : 0.2 0.3 0.4 0.5 0.6 0.7 0.8 0.9 1.0 1.1 1.2 1.3 1.4 1.5 1.6 1.7 1.8 1.9 2.0 2.5 3.0 3.5 4.0 4.5 5.0 5.5 6.0 6.5 7.0 7.5 8.0 8.5 9.0 9.5 10.0 10.5 11.0 11.5 12.0
# fixed rapidity y : 2.0
# ============================================================
# b  pD0  dsigma_dyd2pD0
0  0.3  0.287568
0  0.2  0.195149
0  0.4  0.362655
0  0.5  0.404428
0  0.7  0.369942
0  0.8  0.330611
0  0.6  0.402427
0  1.0  0.226448
0  0.9  0.278331
0  1.1  0.185234
0  1.2  0.147398
0  1.3  0.118816
0  1.5  0.0739243
0  1.4  0.0929568
0  1.8  0.035732
0  1.9  0.0287235
0  1.6  0.0589035
0  1.7  0.0459912
0  2.5  0.00813214
0  2.0  0.0232854
0  3.5  0.00129707
0  3.0  0.00307053
0  5.0  0.000148784
0  4.0  0.000591729
0  4.5  0.000277683
0  5.5  7.764e-05
0  6.0  4.21918e-05
0  7.0  1.41231e-05
0  6.5  2.42427e-05
0  7.5  8.77684e-06
0  8.5  3.45295e-06
0  9.0  2.18206e-06
0  8.0  5.30827e-06
0  9.5  1.42121e-06
0  10.0  9.46737e-07
0  11.0  4.35822e-07
10  0.2  0.190072
10  0.3  0.284984
10  0.4  0.362979
0  10.5  6.12259e-07
10  0.5  0.396755
10  0.7  0.366537
10  0.6  0.394943
10  0.8  0.318078
10  0.9  0.267992
10  1.0  0.221168
10  1.1  0.177421
0  11.5  2.87682e-07
10  1.2  0.142082
10  1.3  0.11221
10  1.5  0.070832
10  1.4  0.0897314
10  1.6  0.0561285
10  1.7  0.0442922
10  1.8  0.0348705
10  1.9  0.0279176
10  2.0  0.0222309
10  2.5  0.00765133
10  3.0  0.00293553
10  3.5  0.00121894
10  5.0  0.000138762
0  12.0  2.02936e-07
10  4.0  0.000558093
10  4.5  0.000276583
10  5.5  7.47042e-05
10  6.0  4.13062e-05
10  7.0  1.38174e-05
10  6.5  2.37494e-05
10  8.5  3.23672e-06
10  9.0  2.08173e-06
10  7.5  8.38141e-06
10  8.0  5.19185e-06
10  10.5  5.94741e-07
10  9.5  1.31773e-06
10  10.0  8.88864e-07
12  0.2  0.189812
12  0.3  0.282651
12  0.4  0.356535
12  0.5  0.395041
12  0.6  0.386501
12  0.7  0.360215
12  0.8  0.316017
12  0.9  0.267157
10  11.0  3.97578e-07
12  1.0  0.21737
12  1.2  0.1407
12  1.1  0.175821
12  1.4  0.0878615
12  1.3  0.11263
12  1.5  0.0690569
12  1.6  0.0545104
12  1.7  0.0424666
12  1.9  0.0272376
12  1.8  0.0343369
12  2.5  0.00755098
12  2.0  0.0217925
12  3.0  0.00284246
12  3.5  0.00120722
10  11.5  2.76951e-07
10  12.0  1.93942e-07
12  4.0  0.000546489
12  4.5  0.000267057
12  5.0  0.000130093
12  5.5  7.19183e-05
12  6.0  3.97329e-05
12  6.5  2.25913e-05
12  7.0  1.32007e-05
12  8.5  3.03024e-06
12  7.5  8.11558e-06
12  9.0  1.98083e-06
12  8.0  5.05607e-06
12  10.5  5.88559e-07
12  9.5  1.32562e-06
12  11.0  3.88694e-07
12  10.0  8.73418e-07
14  0.2  0.188338
14  0.3  0.279199
14  0.4  0.353235
14  0.5  0.391932
14  0.6  0.386297
14  0.7  0.358599
14  0.8  0.311256
14  0.9  0.260268
14  1.0  0.212771
14  1.2  0.136291
14  1.1  0.172022
14  1.4  0.0853222
14  1.3  0.10799
14  1.5  0.0674034
14  1.6  0.0521528
14  1.8  0.0337493
14  1.7  0.0420704
14  1.9  0.0264736
14  2.5  0.00749495
14  2.0  0.0212976
14  3.0  0.00282578
14  3.5  0.00119741
12  11.5  2.70828e-07
12  12.0  1.89071e-07
14  4.0  0.000532233
14  4.5  0.000259105
14  5.0  0.000130974
14  5.5  7.1199e-05
14  6.5  2.23007e-05
14  6.0  3.85263e-05
14  7.0  1.31582e-05
14  7.5  7.8037e-06
14  9.0  1.98955e-06
14  8.0  4.86132e-06
14  8.5  2.99844e-06
14  10.5  5.71532e-07
14  11.0  3.82127e-07
14  9.5  1.26476e-06
14  10.0  8.49294e-07
16  0.2  0.188799
16  0.3  0.277315
16  0.4  0.354809
16  0.5  0.385335
16  0.6  0.379351
16  0.7  0.35029
16  0.8  0.303473
16  0.9  0.253671
16  1.0  0.206719
16  1.1  0.166951
16  1.2  0.13271
16  1.3  0.104716
16  1.4  0.081868
16  1.5  0.0647061
16  1.6  0.0514338
16  1.7  0.0408478
16  1.8  0.0322836
16  1.9  0.02581
16  2.0  0.0205203
16  2.5  0.00718586
16  3.0  0.00265523
16  3.5  0.00113481
14  11.5  2.6512e-07
14  12.0  1.78297e-07
16  4.0  0.000519505
16  4.5  0.000249721
16  5.0  0.00012472
16  6.0  3.67858e-05
16  5.5  6.72085e-05
16  6.5  2.12218e-05
16  7.0  1.25746e-05
16  7.5  7.5526e-06
16  8.0  4.66867e-06
16  8.5  2.92085e-06
16  9.0  1.88628e-06
16  9.5  1.23518e-06
16  10.0  8.17657e-07
18  0.2  0.184679
18  0.3  0.276921
18  0.4  0.351279
18  0.5  0.376546
18  0.6  0.372811
18  0.7  0.340685
18  0.8  0.296159
16  10.5  5.3696e-07
18  0.9  0.246609
18  1.0  0.200651
18  1.2  0.129125
18  1.1  0.161153
18  1.3  0.101405
18  1.4  0.0797055
16  11.0  3.71917e-07
18  1.5  0.062921
18  1.6  0.0496529
18  1.7  0.0392072
18  1.8  0.0306652
18  2.0  0.0198441
18  1.9  0.0247431
18  3.0  0.00260852
18  2.5  0.00676887
18  3.5  0.00107576
16  11.5  2.55932e-07
16  12.0  1.74543e-07
18  4.5  0.000238298
18  4.0  0.000489582
18  5.0  0.000120535
18  6.0  3.47681e-05
18  6.5  2.02908e-05
18  5.5  6.42629e-05
18  7.0  1.21038e-05
18  7.5  7.29154e-06
18  8.0  4.48952e-06
18  9.5  1.16564e-06
18  8.5  2.80926e-06
18  9.0  1.83333e-06
18  10.0  7.71471e-07
2  0.2  0.191435
2  0.3  0.289085
18  10.5  5.12498e-07
2  0.4  0.362772
2  0.5  0.408081
2  0.6  0.405473
2  0.7  0.376002
2  0.8  0.330205
2  0.9  0.277461
2  1.0  0.226971
2  1.1  0.184224
2  1.2  0.148043
2  1.5  0.0730357
2  1.3  0.117158
2  1.4  0.0934498
18  11.0  3.58297e-07
2  1.6  0.0585024
2  1.8  0.0360322
2  1.7  0.046493
2  1.9  0.0289523
2  2.0  0.0235067
2  2.5  0.00802577
2  3.0  0.00316581
2  3.5  0.00129673
18  11.5  2.39968e-07
2  5.0  0.000148061
18  12.0  1.65952e-07
2  4.0  0.000595874
2  4.5  0.000286697
2  5.5  7.75226e-05
2  6.0  4.21235e-05
2  7.0  1.47298e-05
2  6.5  2.42635e-05
2  8.5  3.41523e-06
2  7.5  8.79135e-06
2  9.0  2.17937e-06
2  8.0  5.39845e-06
2  9.5  1.38838e-06
2  10.5  6.26796e-07
2  10.0  9.43772e-07
2  11.0  4.2759e-07
20  0.2  0.183347
20  0.3  0.270343
20  0.4  0.339413
20  0.5  0.365315
20  0.6  0.362097
20  0.7  0.327856
20  0.8  0.285266
20  0.9  0.23614
20  1.0  0.19127
20  1.2  0.120497
2  11.5  2.90591e-07
20  1.1  0.154746
20  1.3  0.09503
20  1.4  0.0748698
20  1.5  0.0598112
20  1.6  0.0466092
20  1.7  0.037334
20  1.8  0.0294416
20  1.9  0.0233934
20  2.0  0.0184911
20  2.5  0.00649612
20  3.5  0.00103516
20  3.0  0.00240729
2  12.0  2.00787e-07
20  4.0  0.00047376
20  6.0  3.30608e-05
20  4.5  0.000225389
20  5.0  0.000114255
20  6.5  1.93237e-05
20  5.5  6.00434e-05
20  7.0  1.14595e-05
20  7.5  6.83419e-06
20  8.5  2.67658e-06
20  8.0  4.2338e-06
20  9.0  1.67237e-06
20  10.5  4.76671e-07
20  9.5  1.1317e-06
20  10.0  7.31427e-07
22  0.2  0.179464
22  0.3  0.268084
22  0.4  0.332901
22  0.5  0.361021
22  0.6  0.351651
22  0.7  0.317626
20  12.0  1.56428e-07
22  0.8  0.273098
22  0.9  0.227777
22  1.0  0.182425
22  1.1  0.145498
22  1.2  0.115558
22  1.3  0.0902054
22  1.4  0.0705648
22  1.5  0.0564061
22  1.7  0.0337975
22  1.6  0.0451543
22  1.8  0.0272901
22  1.9  0.022346
20  11.0  3.32146e-07
22  2.5  0.00602972
22  2.0  0.017157
22  3.0  0.00228395
20  11.5  2.26605e-07
22  3.5  0.000961823
22  4.0  0.00043491
22  4.5  0.00020535
22  6.0  3.09628e-05
22  5.0  0.000105109
22  5.5  5.62943e-05
22  7.0  1.05204e-05
22  6.5  1.76452e-05
22  8.5  2.46636e-06
22  7.5  6.31855e-06
22  8.0  3.91212e-06
22  9.0  1.60322e-06
22  9.5  1.03266e-06
22  10.0  6.80705e-07
24  0.2  0.179549
24  0.3  0.259538
22  10.5  4.53775e-07
24  0.4  0.322499
24  0.6  0.332383
24  0.5  0.345075
22  12.0  1.46803e-07
24  0.7  0.30037
24  0.8  0.254327
24  0.9  0.210575
24  1.0  0.169231
24  1.1  0.134339
24  1.2  0.106775
24  1.3  0.0836266
24  1.4  0.0643686
22  11.0  3.05719e-07
24  1.5  0.051402
24  1.6  0.0403562
24  1.7  0.0318204
24  1.8  0.0252452
24  1.9  0.0198231
24  2.0  0.0159544
24  2.5  0.00536574
24  3.0  0.00207377
24  3.5  0.000861226
22  11.5  2.11066e-07
24  4.0  0.000396153
24  4.5  0.000188613
24  5.0  9.42195e-05
24  5.5  5.1207e-05
24  6.0  2.814e-05
24  8.0  3.27535e-06
24  6.5  1.61119e-05
24  7.0  9.6818e-06
24  7.5  5.76755e-06
24  8.5  2.24254e-06
24  9.0  1.42786e-06
24  9.5  9.50897e-07
24  10.0  6.19183e-07
26  0.2  0.174264
26  0.3  0.248239
26  0.4  0.307964
26  0.5  0.322995
24  10.5  4.00145e-07
26  0.6  0.309341
26  0.7  0.273585
26  0.8  0.233149
26  0.9  0.190877
26  1.0  0.155146
26  1.1  0.121839
26  1.2  0.0961977
26  1.3  0.074382
26  1.4  0.0595529
24  11.0  2.79404e-07
26  1.5  0.0466183
26  1.6  0.0363613
26  1.7  0.028082
26  1.8  0.0220103
26  1.9  0.0179686
26  2.0  0.0138729
26  2.5  0.00477759
26  3.0  0.00186348
24  12.0  1.33586e-07
24  11.5  1.9043e-07
26  3.5  0.000762837
26  4.5  0.000164484
26  4.0  0.000343229
26  5.0  8.3429e-05
26  5.5  4.55094e-05
26  6.0  2.50286e-05
26  8.0  3.0644e-06
26  6.5  1.43367e-05
26  7.0  8.26062e-06
26  7.5  5.02421e-06
26  9.0  1.27503e-06
26  8.5  1.9823e-06
26  10.5  3.64656e-07
26  9.5  8.20649e-07
26  10.0  5.49577e-07
28  0.2  0.164455
28  0.3  0.237782
28  0.4  0.286773
28  0.5  0.296571
26  11.0  2.48368e-07
28  0.6  0.277274
28  0.7  0.241508
28  0.8  0.204126
28  0.9  0.165974
28  1.0  0.132532
28  1.1  0.104627
28  1.2  0.0814766
28  1.3  0.064095
28  1.4  0.0501693
28  1.5  0.0393718
28  1.7  0.0241701
28  1.6  0.031052
28  1.8  0.0185021
28  1.9  0.0148511
28  2.5  0.00403204
28  2.0  0.0117161
28  3.0  0.00155131
28  3.5  0.000636138
26  11.5  1.6936e-07
26  12.0  1.16973e-07
28  4.5  0.000138465
28  5.0  6.85366e-05
28  4.0  0.000285559
28  6.0  2.137e-05
28  5.5  3.82021e-05
28  6.5  1.21833e-05
28  7.0  7.08855e-06
28  8.5  1.59347e-06
28  7.5  4.26322e-06
28  9.0  1.06064e-06
28  8.0  2.69525e-06
28  9.5  6.73865e-07
28  10.0  4.61769e-07
30  0.2  0.154302
30  0.3  0.216027
28  10.5  3.09741e-07
30  0.4  0.256595
30  0.5  0.260887
30  0.6  0.234542
30  0.7  0.202842
30  0.8  0.169136
30  0.9  0.135004
28  11.0  2.0887e-07
30  1.0  0.107981
30  1.1  0.0844766
30  1.3  0.0506844
30  1.2  0.0664709
30  1.4  0.0404545
30  1.5  0.0306659
30  1.6  0.0249618
30  1.7  0.0186524
30  1.9  0.0121426
30  1.8  0.0149756
30  2.5  0.00317407
30  2.0  0.00924397
28  11.5  1.42575e-07
30  3.0  0.00120666
30  3.5  0.000495181
28  12.0  9.76649e-08
30  4.0  0.000223115
30  5.5  3.00042e-05
30  4.5  0.000110023
30  5.0  5.67665e-05
30  6.0  1.64032e-05
30  6.5  9.68457e-06
30  7.0  5.59666e-06
30  7.5  3.33402e-06
30  9.0  8.41817e-07
30  8.0  2.04839e-06
30  8.5  1.30615e-06
30  9.5  5.44665e-07
30  10.0  3.49642e-07
32  0.2  0.139435
32  0.3  0.189217
32  0.4  0.214422
30  10.5  2.39374e-07
32  0.5  0.206429
32  0.6  0.186279
32  0.7  0.154575
32  0.8  0.126627
32  0.9  0.10135
32  1.0  0.0793914
30  12.0  7.73017e-08
32  1.1  0.0614113
32  1.2  0.0474133
32  1.3  0.0366878
32  1.4  0.0292146
32  1.5  0.0221045
30  11.0  1.64278e-07
32  1.7  0.0138779
32  1.8  0.0109432
32  1.6  0.0175813
32  1.9  0.00869478
32  2.0  0.00680243
32  2.5  0.00230706
32  3.0  0.000873549
32  3.5  0.000368106
30  11.5  1.11071e-07
32  4.5  7.65812e-05
32  4.0  0.000166064
32  5.0  4.05769e-05
32  5.5  2.07343e-05
32  7.0  4.07112e-06
32  6.0  1.22152e-05
32  6.5  6.84139e-06
32  7.5  2.44603e-06
32  9.0  5.7068e-07
32  8.0  1.46166e-06
32  8.5  9.4532e-07
32  9.5  3.92966e-07
32  11.0  1.15522e-07
32  10.0  2.60306e-07
4  0.2  0.191502
4  0.3  0.288095
4  0.4  0.362634
4  0.5  0.404315
4  0.6  0.402765
4  0.7  0.376338
32  10.5  1.72942e-07
4  0.8  0.328089
4  0.9  0.272793
4  1.0  0.226393
4  1.2  0.146461
4  1.1  0.181873
4  1.3  0.116492
4  1.4  0.0912291
4  1.5  0.0744137
4  1.6  0.0568942
4  1.8  0.0363036
4  1.7  0.0461594
4  1.9  0.0289529
4  2.5  0.00795369
4  2.0  0.023379
4  3.0  0.0031627
4  3.5  0.00126435
32  11.5  8.0173e-08
32  12.0  5.25361e-08
4  5.0  0.000145939
4  4.0  0.000588016
4  4.5  0.000284034
4  5.5  7.74773e-05
4  6.0  4.30947e-05
4  6.5  2.4632e-05
4  7.0  1.4343e-05
4  8.5  3.38401e-06
4  7.5  8.60301e-06
4  9.0  2.13928e-06
4  8.0  5.40388e-06
4  10.5  6.15076e-07
4  9.5  1.41871e-06
4  10.0  9.37311e-07
6  0.2  0.191304
6  0.3  0.285409
6  0.4  0.361666
6  0.5  0.4026
6  0.6  0.399412
6  0.7  0.372533
6  0.8  0.326866
6  0.9  0.276043
6  1.0  0.22431
6  1.2  0.148381
4  11.5  2.8817e-07
6  1.1  0.181791
4  11.0  4.26228e-07
6  1.5  0.0716579
6  1.4  0.0920294
6  1.3  0.116071
6  1.6  0.0568089
6  1.8  0.036347
6  1.7  0.0457684
6  1.9  0.029188
6  2.0  0.0227829
6  3.0  0.00312981
6  2.5  0.00794715
6  3.5  0.00126564
6  5.0  0.00014464
4  12.0  1.97729e-07
6  4.0  0.000578468
6  4.5  0.000282688
6  5.5  7.56662e-05
6  6.0  4.18211e-05
6  6.5  2.43481e-05
6  7.0  1.42908e-05
6  7.5  8.69641e-06
6  9.0  2.15149e-06
6  8.0  5.30334e-06
6  9.5  1.41251e-06
6  8.5  3.35541e-06
6  10.5  6.17279e-07
6  10.0  9.00811e-07
8  0.2  0.190865
8  0.3  0.286468
8  0.4  0.36413
8  0.5  0.402376
8  0.6  0.398281
6  11.5  2.83405e-07
8  0.7  0.368743
8  0.8  0.32587
8  0.9  0.270197
8  1.0  0.22333
8  1.1  0.1806
8  1.2  0.144651
6  11.0  4.15709e-07
8  1.3  0.114196
8  1.5  0.0713939
8  1.4  0.0897473
8  1.6  0.0566652
8  1.7  0.0448838
8  1.8  0.0357288
8  1.9  0.0284668
8  2.0  0.0225176
8  2.5  0.00777774
8  3.0  0.00299014
8  3.5  0.0012413
8  5.0  0.000140674
6  12.0  2.00134e-07
8  4.0  0.000576212
8  4.5  0.000277885
8  5.5  7.57353e-05
8  6.0  4.15522e-05
8  6.5  2.35849e-05
8  7.0  1.40377e-05
8  8.5  3.31561e-06
8  7.5  8.51371e-06
8  9.0  2.14522e-06
8  8.0  5.27666e-06
8  9.5  1.36479e-06
8  10.5  6.23137e-07
8  10.0  9.17267e-07
8  11.5  2.73741e-07
8  11.0  4.1541e-07
8  12.0  1.93729e-07
