# diffractive D0 cross section, Pb target, LHAPDF fragmentation, An0n channel
# generated      : 2026-08-20 10:20:15 EEST
# calls          : 1e5 (VEGAS calls per point, see CALLS_EXCL/CALLS_EXCL_FACTORIZED/CALLS_DIFF)
# dipole samples : data/Pb/mve/glauber_mve_<b>
# pD0 sweep      : 0.2 0.3 0.4 0.5 0.6 0.7 0.8 0.9 1.0 1.1 1.2 1.3 1.4 1.5 1.6 1.7 1.8 1.9 2.0 2.5 3.0 3.5 4.0 4.5 5.0 5.5 6.0 6.5 7.0 7.5 8.0 8.5 9.0 9.5 10.0 10.5 11.0 11.5 12.0
# fixed rapidity y : 0.0
# ============================================================
# b  pD0  dsigma_dyd2pD0
0  0.3  0.725401
0  0.4  0.932627
0  0.5  1.0763
0  0.2  0.4924
0  0.6  1.11059
0  0.7  1.0832
0  0.8  0.98832
0  0.9  0.866245
0  1.0  0.751866
0  1.1  0.626717
0  1.2  0.524144
0  1.3  0.430701
0  1.6  0.238116
0  1.5  0.293388
0  1.4  0.359741
0  1.7  0.198981
0  1.9  0.134136
0  1.8  0.162635
0  2.0  0.111658
0  2.5  0.0462083
0  3.0  0.0207899
0  3.5  0.0102513
0  4.0  0.00542914
0  4.5  0.00305749
0  5.0  0.00177907
0  5.5  0.00109071
0  6.0  0.000697263
0  6.5  0.000454228
0  7.0  0.000302458
0  7.5  0.000206359
0  8.0  0.000144273
0  8.5  0.000105362
0  9.0  7.41389e-05
0  9.5  5.57937e-05
0  10.0  4.13114e-05
10  0.2  0.491219
10  0.3  0.715763
10  0.4  0.922455
10  0.5  1.06567
10  0.6  1.10238
10  0.7  1.05353
0  10.5  2.98995e-05
0  12.0  1.38283e-05
10  0.8  0.968515
10  1.0  0.720923
10  0.9  0.847635
10  1.1  0.607047
10  1.3  0.417548
10  1.2  0.506324
0  11.0  2.33796e-05
10  1.5  0.280449
10  1.4  0.340296
10  1.6  0.232004
10  1.7  0.190976
10  1.8  0.157162
10  2.0  0.106051
10  1.9  0.128278
10  2.5  0.0447862
10  3.0  0.0197794
10  3.5  0.0098413
0  11.5  1.7627e-05
10  4.0  0.00526917
10  4.5  0.00289946
10  6.0  0.000673095
10  5.0  0.00171081
10  5.5  0.0010479
10  7.5  0.000197916
10  8.0  0.00013866
10  6.5  0.000432082
10  8.5  9.75837e-05
10  7.0  0.000289657
10  9.0  7.06443e-05
10  9.5  5.32715e-05
10  10.0  3.9433e-05
12  0.2  0.482537
12  0.3  0.701205
12  0.4  0.923833
12  0.5  1.0555
10  10.5  2.86694e-05
12  0.6  1.09195
12  0.7  1.03798
12  0.8  0.947404
12  0.9  0.827983
12  1.0  0.708597
12  1.1  0.591992
12  1.2  0.498427
12  1.3  0.409409
12  1.4  0.333934
12  1.5  0.272268
12  1.6  0.226192
12  1.7  0.186317
10  11.0  2.2177e-05
12  1.8  0.152759
12  1.9  0.128607
12  2.0  0.102615
12  2.5  0.0436276
12  3.0  0.0196724
12  3.5  0.00953088
10  11.5  1.65949e-05
12  4.5  0.00282288
10  12.0  1.2763e-05
12  4.0  0.00504555
12  5.0  0.00168442
12  6.0  0.000647308
12  5.5  0.00102258
12  7.0  0.000280861
12  8.0  0.000134722
12  6.5  0.000420701
12  7.5  0.000192459
12  8.5  9.6957e-05
12  9.0  6.90327e-05
12  9.5  5.05525e-05
12  10.0  3.70882e-05
14  0.2  0.47683
12  10.5  2.81835e-05
14  0.3  0.703619
14  0.4  0.909624
14  0.5  1.04558
14  0.6  1.04859
14  0.7  1.03109
14  0.8  0.934335
14  0.9  0.820052
14  1.0  0.693308
14  1.1  0.583691
14  1.2  0.483797
14  1.3  0.401346
14  1.4  0.330508
14  1.5  0.267626
14  1.6  0.218799
14  1.7  0.179668
12  11.0  2.17942e-05
14  1.8  0.149241
14  1.9  0.123281
14  2.0  0.102535
14  2.5  0.0418568
14  3.0  0.0189843
14  3.5  0.00933812
12  11.5  1.62748e-05
12  12.0  1.28627e-05
14  4.5  0.00274719
14  4.0  0.00492523
14  5.0  0.00163006
14  5.5  0.000991767
14  6.0  0.00062457
14  8.0  0.000131365
14  6.5  0.000405793
14  7.0  0.000271461
14  7.5  0.000186515
14  8.5  9.47879e-05
14  9.0  6.67062e-05
14  9.5  4.86836e-05
14  10.0  3.59662e-05
16  0.2  0.475625
16  0.3  0.699334
14  10.5  2.71841e-05
16  0.4  0.893961
16  0.5  1.02965
16  0.6  1.0463
16  0.7  1.00636
16  0.8  0.90547
16  0.9  0.807697
16  1.0  0.679771
16  1.1  0.563678
16  1.2  0.469138
16  1.3  0.38729
16  1.4  0.318807
16  1.5  0.259765
16  1.6  0.208988
16  1.7  0.172791
14  11.0  2.0496e-05
16  1.9  0.118153
16  1.8  0.143904
16  2.0  0.0981568
16  2.5  0.0400102
16  3.0  0.0183453
16  3.5  0.00902549
14  11.5  1.56937e-05
14  12.0  1.21708e-05
16  4.5  0.00267338
16  4.0  0.00474231
16  5.0  0.00156224
16  6.0  0.000605369
16  6.5  0.000395338
16  5.5  0.000958947
16  7.0  0.000268681
16  7.5  0.000179918
16  9.0  6.39937e-05
16  8.0  0.000129503
16  8.5  8.96622e-05
16  9.5  4.73178e-05
18  0.2  0.474212
18  0.3  0.694255
16  10.0  3.53115e-05
18  0.4  0.879199
18  0.5  1.00277
16  12.0  1.17658e-05
18  0.6  1.03075
18  0.7  0.976971
16  10.5  2.6097e-05
18  0.8  0.889118
18  0.9  0.777538
18  1.0  0.658393
18  1.1  0.546838
16  11.0  2.03527e-05
18  1.2  0.45503
18  1.4  0.304478
18  1.3  0.374351
18  1.6  0.202869
18  1.5  0.2517
18  1.7  0.168012
18  1.8  0.138537
18  1.9  0.112419
18  2.0  0.0944758
18  2.5  0.0385874
18  3.0  0.0172642
18  3.5  0.00864193
16  11.5  1.55917e-05
18  4.5  0.00253146
18  4.0  0.0045179
18  5.0  0.00149516
18  6.5  0.000373711
18  5.5  0.00093412
18  6.0  0.000574855
18  7.5  0.000173268
18  7.0  0.000250345
18  8.0  0.000118741
18  8.5  8.53413e-05
18  9.0  6.15333e-05
18  9.5  4.49719e-05
18  10.0  3.38889e-05
2  0.2  0.488893
2  0.3  0.721165
2  0.4  0.945356
18  10.5  2.50007e-05
2  0.5  1.08158
2  0.6  1.10999
2  0.7  1.07844
2  0.8  1.00154
2  0.9  0.872928
2  1.0  0.748602
2  1.1  0.627713
18  11.0  1.94992e-05
2  1.2  0.520733
2  1.3  0.429127
2  1.4  0.352963
2  1.5  0.288891
2  1.6  0.239574
2  1.7  0.19784
2  1.8  0.162084
2  2.0  0.109526
2  1.9  0.134997
2  2.5  0.0457836
2  3.0  0.0207063
2  3.5  0.0103516
18  11.5  1.48333e-05
2  4.0  0.0054337
18  12.0  1.129e-05
2  4.5  0.00303352
2  5.0  0.00179107
2  5.5  0.00108172
2  6.0  0.000697947
2  6.5  0.000450129
2  7.0  0.000303903
2  7.5  0.000206238
2  8.0  0.000144984
2  8.5  0.000102739
2  9.0  7.43192e-05
2  9.5  5.47957e-05
2  10.0  4.13301e-05
20  0.2  0.460941
20  0.3  0.684236
20  0.4  0.878658
2  12.0  1.32733e-05
20  0.5  0.978232
20  0.6  1.00093
20  0.7  0.943038
2  10.5  3.02229e-05
20  0.8  0.852301
20  0.9  0.741136
20  1.0  0.630695
20  1.1  0.524624
20  1.2  0.431092
2  11.0  2.33482e-05
20  1.3  0.357107
20  1.4  0.291977
20  1.5  0.240008
20  1.7  0.161066
20  1.6  0.196213
20  1.8  0.131636
20  2.0  0.0883929
20  1.9  0.107534
20  3.0  0.0165449
20  2.5  0.0362578
20  3.5  0.00812041
2  11.5  1.72657e-05
20  4.5  0.00238695
20  4.0  0.0042805
20  5.0  0.00140788
20  6.5  0.00035348
20  5.5  0.000860543
20  6.0  0.000538778
20  8.0  0.000116816
20  7.0  0.00024307
20  7.5  0.00016238
20  9.0  5.81985e-05
20  8.5  8.10152e-05
20  9.5  4.21788e-05
20  10.0  3.14009e-05
22  0.2  0.456699
22  0.3  0.667943
22  0.4  0.840071
22  0.5  0.942221
20  10.5  2.39063e-05
22  0.6  0.973431
22  0.7  0.91133
22  0.8  0.819389
22  0.9  0.711285
22  1.0  0.592247
22  1.1  0.499826
22  1.2  0.404967
22  1.3  0.331035
22  1.4  0.26983
20  11.0  1.78513e-05
22  1.5  0.224514
22  1.6  0.182621
22  1.7  0.147973
22  1.9  0.100095
22  1.8  0.122584
22  2.0  0.0819388
22  2.5  0.0339277
22  3.0  0.0151699
22  3.5  0.00749685
20  11.5  1.3626e-05
20  12.0  1.05332e-05
22  4.0  0.00391631
22  4.5  0.00224754
22  6.0  0.000516632
22  5.0  0.00130462
22  5.5  0.000802351
22  7.5  0.000151934
22  6.5  0.00033858
22  8.0  0.000105182
22  7.0  0.000221216
22  9.0  5.38679e-05
22  8.5  7.57338e-05
22  9.5  3.90624e-05
22  10.0  2.91643e-05
24  0.2  0.441916
24  0.3  0.654482
24  0.4  0.83173
24  0.5  0.908436
24  0.6  0.915603
22  10.5  2.18725e-05
24  0.7  0.859095
24  0.8  0.771844
24  0.9  0.657952
24  1.0  0.559736
24  1.2  0.376623
24  1.1  0.459105
24  1.3  0.30595
22  11.0  1.65427e-05
24  1.4  0.250155
24  1.6  0.167334
24  1.5  0.205452
24  1.8  0.112721
24  1.7  0.136352
24  1.9  0.0919871
24  2.0  0.0763407
24  2.5  0.0312236
24  3.0  0.0140186
24  3.5  0.00682437
22  11.5  1.30258e-05
24  4.5  0.00203231
24  5.0  0.00119185
22  12.0  9.75431e-06
24  4.0  0.00358829
24  6.0  0.000470775
24  5.5  0.000748877
24  7.5  0.000137637
24  6.5  0.000298554
24  8.0  9.85267e-05
24  7.0  0.000200355
24  8.5  6.98771e-05
24  10.0  2.63477e-05
24  9.0  4.84795e-05
24  9.5  3.66343e-05
26  0.2  0.420139
24  10.5  1.99371e-05
26  0.3  0.631685
24  11.0  1.51008e-05
26  0.4  0.788765
26  0.5  0.851095
26  0.6  0.855693
26  0.8  0.701444
26  0.7  0.787159
26  0.9  0.595453
26  1.0  0.500506
26  1.1  0.416424
26  1.2  0.335499
26  1.3  0.275288
26  1.4  0.225885
26  1.5  0.183359
26  1.6  0.148527
26  1.7  0.120332
26  1.9  0.0809973
26  1.8  0.0988991
26  2.0  0.0672057
26  2.5  0.0273951
26  3.0  0.0124874
26  3.5  0.00603824
24  11.5  1.16092e-05
26  4.0  0.00323828
24  12.0  8.80232e-06
26  4.5  0.00179306
26  5.0  0.00106922
26  6.5  0.000265066
26  5.5  0.000649235
26  6.0  0.000404829
26  7.0  0.000175595
26  7.5  0.000120572
26  8.0  8.61062e-05
26  9.0  4.31134e-05
26  8.5  5.90927e-05
26  10.5  1.72211e-05
26  9.5  3.16258e-05
28  0.2  0.404263
26  10.0  2.3594e-05
28  0.3  0.591832
28  0.4  0.725829
28  0.5  0.790459
28  0.6  0.765835
28  0.7  0.701176
28  0.8  0.617981
28  0.9  0.516163
28  1.0  0.437278
28  1.1  0.357685
28  1.2  0.291097
28  1.3  0.238251
28  1.4  0.190001
28  1.5  0.153538
28  1.6  0.127036
28  1.7  0.103195
28  1.8  0.0850825
26  11.0  1.35704e-05
28  1.9  0.0690458
28  2.0  0.056644
28  3.0  0.0103011
28  3.5  0.005187
28  2.5  0.0229986
26  11.5  1.03657e-05
26  12.0  7.80502e-06
28  4.5  0.00151712
28  4.0  0.00263354
28  5.0  0.00089695
28  5.5  0.000532838
28  6.0  0.000351481
28  7.5  0.000100483
28  6.5  0.000222229
28  7.0  0.000149563
28  8.5  5.00961e-05
28  8.0  7.04219e-05
28  9.0  3.58356e-05
28  10.5  1.5071e-05
28  10.0  1.94946e-05
28  9.5  2.69615e-05
30  0.2  0.372172
30  0.3  0.542299
30  0.4  0.656369
30  0.5  0.67973
30  0.6  0.660024
30  0.7  0.591259
30  0.8  0.501346
30  0.9  0.427721
30  1.0  0.350602
30  1.1  0.288517
30  1.2  0.233224
30  1.3  0.189671
30  1.4  0.152133
30  1.5  0.122501
28  11.0  1.09719e-05
30  1.6  0.0999127
30  1.7  0.0813293
30  1.8  0.0659937
30  1.9  0.0546834
30  2.0  0.0443
30  2.5  0.0181923
30  3.0  0.00823501
28  11.5  8.39236e-06
30  3.5  0.00401359
28  12.0  6.51941e-06
30  4.0  0.00209102
30  4.5  0.00118793
30  5.0  0.000688014
30  5.5  0.000415374
30  6.0  0.000271537
30  6.5  0.000173535
30  8.0  5.6521e-05
30  7.0  0.000117585
30  7.5  8.11401e-05
30  8.5  3.90256e-05
30  9.0  2.81502e-05
30  9.5  2.08051e-05
30  10.0  1.50424e-05
32  0.2  0.339289
32  0.3  0.471309
32  0.4  0.547089
32  0.5  0.553792
32  0.6  0.51204
32  0.7  0.456377
32  0.8  0.384299
32  0.9  0.320101
32  1.0  0.261234
30  10.5  1.14547e-05
32  1.1  0.213975
32  1.2  0.167843
32  1.3  0.136211
30  11.0  8.84399e-06
32  1.5  0.0885108
32  1.4  0.111875
32  1.6  0.073132
32  1.7  0.0579719
32  1.8  0.0471361
32  1.9  0.0394598
32  2.0  0.0323405
32  2.5  0.0130035
32  3.5  0.00284949
32  3.0  0.00587991
30  11.5  6.65791e-06
30  12.0  5.07747e-06
32  4.0  0.00149832
32  5.0  0.000493834
32  5.5  0.000298806
32  4.5  0.000858605
32  6.5  0.000123015
32  6.0  0.000188958
32  7.5  5.62976e-05
32  7.0  8.26914e-05
32  8.0  3.90077e-05
32  8.5  2.77196e-05
32  9.0  2.04483e-05
32  9.5  1.47698e-05
32  11.5  4.64843e-06
32  10.0  1.08854e-05
4  0.2  0.491563
4  0.3  0.727287
4  0.4  0.945145
4  0.6  1.11373
4  0.5  1.07595
32  10.5  8.24314e-06
4  0.7  1.08333
4  0.8  0.982
4  0.9  0.863226
4  1.0  0.749393
4  1.1  0.624047
4  1.2  0.524832
4  1.3  0.433553
4  1.4  0.355113
32  11.0  6.19068e-06
4  1.5  0.292556
4  1.6  0.240074
4  1.7  0.194586
4  1.8  0.162909
4  1.9  0.133799
4  2.5  0.0461437
4  2.0  0.111388
4  3.0  0.020556
4  3.5  0.0102082
4  4.0  0.00537367
32  12.0  3.6574e-06
4  4.5  0.00303527
4  5.0  0.00179041
4  5.5  0.00107779
4  6.0  0.00068991
4  6.5  0.00045196
4  7.0  0.000299816
4  7.5  0.000206897
4  8.0  0.000142854
4  9.0  7.3601e-05
4  8.5  0.000101793
4  9.5  5.4568e-05
4  10.0  4.0132e-05
6  0.2  0.489569
6  0.3  0.719108
4  10.5  3.03992e-05
6  0.4  0.941358
6  0.5  1.05991
6  0.6  1.11223
6  0.7  1.07336
6  0.8  0.97294
6  0.9  0.860008
4  11.0  2.26796e-05
6  1.0  0.740418
6  1.1  0.629006
6  1.2  0.519128
6  1.4  0.353531
6  1.3  0.421417
6  1.5  0.288983
6  1.6  0.235788
6  1.7  0.192822
6  1.8  0.160351
6  2.0  0.111105
6  1.9  0.132264
6  2.5  0.0453653
6  3.0  0.0205554
6  3.5  0.0102
4  11.5  1.7571e-05
4  12.0  1.33173e-05
6  4.5  0.00298795
6  4.0  0.00549166
6  5.0  0.00176502
6  5.5  0.00108339
6  6.0  0.000689772
6  6.5  0.000453476
6  8.0  0.000141171
6  7.0  0.0002983
6  7.5  0.000202872
6  8.5  0.000101755
6  9.0  7.46787e-05
6  9.5  5.33993e-05
6  10.0  3.91179e-05
8  0.2  0.485626
8  0.3  0.716017
8  0.4  0.922438
6  10.5  3.01855e-05
8  0.5  1.07074
8  0.6  1.10961
8  0.7  1.07306
8  0.8  0.96595
8  0.9  0.856834
8  1.0  0.732339
8  1.1  0.619827
8  1.2  0.50757
8  1.3  0.423573
8  1.4  0.355748
8  1.5  0.284646
8  1.6  0.231799
6  11.0  2.31131e-05
8  1.7  0.193603
8  1.8  0.157792
8  1.9  0.131399
8  2.0  0.108783
8  2.5  0.044873
8  3.0  0.0201647
8  3.5  0.01012
6  11.5  1.7553e-05
6  12.0  1.36245e-05
8  4.5  0.00299034
8  4.0  0.00521607
8  5.0  0.00175255
8  5.5  0.00105751
8  7.5  0.000206228
8  6.0  0.000677865
8  8.0  0.000140847
8  6.5  0.00043973
8  7.0  0.000294865
8  8.5  0.000100085
8  9.0  7.20175e-05
8  9.5  5.25705e-05
8  10.0  3.91192e-05
8  10.5  2.92125e-05
8  11.0  2.21081e-05
8  11.5  1.68959e-05
8  12.0  1.30107e-05
