# diffractive D0 cross section, Pb target, LHAPDF fragmentation, An0n channel
# generated      : 2026-08-20 10:20:12 EEST
# calls          : 1e5 (VEGAS calls per point, see CALLS_EXCL/CALLS_EXCL_FACTORIZED/CALLS_DIFF)
# dipole samples : data/Pb/mve/glauber_mve_<b>
# pD0 sweep      : 0.2 0.3 0.4 0.5 0.6 0.7 0.8 0.9 1.0 1.1 1.2 1.3 1.4 1.5 1.6 1.7 1.8 1.9 2.0 2.5 3.0 3.5 4.0 4.5 5.0 5.5 6.0 6.5 7.0 7.5 8.0 8.5 9.0 9.5 10.0 10.5 11.0 11.5 12.0
# fixed rapidity y : 2.0
# ============================================================
# b  pD0  dsigma_dyd2pD0
0  0.5  0.451384
0  0.2  0.211616
0  0.3  0.316311
0  0.4  0.3992
0  0.6  0.445493
0  0.7  0.416146
0  0.9  0.308124
0  0.8  0.363607
0  1.1  0.201396
0  1.0  0.252324
0  1.2  0.160995
0  1.4  0.0998871
0  1.3  0.127697
0  1.6  0.0621581
0  1.5  0.0792161
0  1.8  0.0389756
0  1.7  0.048761
0  1.9  0.0306751
0  2.0  0.0246056
0  2.5  0.00835889
0  3.0  0.00311949
0  3.5  0.00131177
0  4.0  0.000601057
0  4.5  0.000279892
0  5.0  0.00014519
0  5.5  7.6711e-05
0  6.0  4.19216e-05
0  6.5  2.39863e-05
0  7.0  1.41125e-05
0  7.5  8.4986e-06
0  8.0  5.07174e-06
0  8.5  3.30026e-06
0  9.0  2.0927e-06
0  9.5  1.38633e-06
0  10.0  9.00915e-07
0  11.5  2.65523e-07
10  0.2  0.207665
10  0.3  0.310847
0  10.5  5.99358e-07
10  0.4  0.394218
10  0.5  0.440215
10  0.6  0.438162
10  0.7  0.405345
10  0.8  0.35682
0  12.0  1.87562e-07
10  0.9  0.297183
10  1.0  0.244008
10  1.1  0.19442
10  1.2  0.155054
10  1.3  0.122473
10  1.4  0.0963191
10  1.5  0.0769549
10  1.6  0.0586865
0  11.0  4.04533e-07
10  1.7  0.0472027
10  1.8  0.0368849
10  1.9  0.0293079
10  2.5  0.00799715
10  2.0  0.0234828
10  3.0  0.00307889
10  3.5  0.0012512
10  4.5  0.000273399
10  4.0  0.000566959
10  5.0  0.000138191
10  5.5  7.27809e-05
10  6.0  4.01745e-05
10  6.5  2.26883e-05
10  7.0  1.33054e-05
10  7.5  8.07147e-06
10  8.0  4.95345e-06
10  8.5  3.12933e-06
10  9.0  1.953e-06
10  9.5  1.29615e-06
10  10.0  8.56773e-07
12  0.2  0.207378
12  0.3  0.310065
12  0.4  0.394597
10  10.5  5.6574e-07
12  0.5  0.434658
12  0.6  0.434518
12  0.7  0.397657
12  0.8  0.351587
12  0.9  0.292287
12  1.0  0.2387
12  1.1  0.190501
10  11.0  3.70881e-07
12  1.2  0.151751
12  1.3  0.121028
12  1.4  0.0948353
12  1.5  0.0747676
12  1.6  0.0581444
12  1.7  0.0453935
12  1.8  0.0364115
12  1.9  0.0290535
12  2.0  0.0230826
12  3.0  0.00295371
12  2.5  0.00766697
12  3.5  0.00121999
10  11.5  2.57763e-07
10  12.0  1.78584e-07
12  4.5  0.000263809
12  5.5  7.10919e-05
12  4.0  0.000553117
12  5.0  0.000127072
12  6.0  3.8903e-05
12  6.5  2.22452e-05
12  7.0  1.27259e-05
12  7.5  7.79556e-06
12  8.0  4.89038e-06
12  8.5  3.06695e-06
12  9.0  1.95469e-06
12  9.5  1.28409e-06
12  10.0  8.26388e-07
12  11.5  2.48567e-07
14  0.2  0.205402
14  0.3  0.30729
12  10.5  5.57699e-07
14  0.4  0.387224
14  0.5  0.431449
14  0.6  0.429785
14  0.7  0.394184
14  0.8  0.345126
14  0.9  0.289329
14  1.0  0.233164
14  1.1  0.186324
12  11.0  3.54377e-07
14  1.2  0.146311
14  1.3  0.117113
14  1.4  0.091642
14  1.6  0.0562024
14  1.5  0.0717669
14  1.8  0.0353374
14  1.7  0.0447461
14  1.9  0.0280679
14  2.5  0.00758425
14  2.0  0.0221796
14  3.0  0.00283608
14  3.5  0.00118898
12  12.0  1.75192e-07
14  4.0  0.000543298
14  4.5  0.000254927
14  6.0  3.79509e-05
14  5.0  0.000131658
14  5.5  6.88549e-05
14  6.5  2.12463e-05
14  8.5  3.01883e-06
14  7.0  1.27762e-05
14  7.5  7.37013e-06
14  8.0  4.72298e-06
14  9.0  1.86083e-06
14  9.5  1.23805e-06
16  0.2  0.203652
14  10.0  8.10494e-07
16  0.3  0.30521
16  0.4  0.388019
16  0.5  0.425575
16  0.6  0.421701
14  10.5  5.3815e-07
16  0.7  0.387397
16  0.8  0.333732
16  0.9  0.281148
16  1.0  0.227481
16  1.1  0.180607
16  1.2  0.144441
14  11.0  3.60845e-07
16  1.3  0.114
16  1.4  0.0893407
16  1.5  0.0694951
16  1.6  0.0538384
16  1.7  0.0434171
16  1.9  0.0272763
16  1.8  0.0341815
16  2.0  0.0213636
16  3.0  0.00276473
16  2.5  0.00729248
16  3.5  0.00115143
14  11.5  2.43926e-07
14  12.0  1.67045e-07
16  5.5  6.7345e-05
16  4.0  0.00051287
16  4.5  0.000249025
16  5.0  0.000128414
16  6.0  3.62453e-05
16  6.5  2.09423e-05
16  7.0  1.20515e-05
16  7.5  7.40581e-06
16  8.0  4.51166e-06
16  8.5  2.84417e-06
16  9.0  1.82585e-06
16  9.5  1.15438e-06
16  10.0  7.8247e-07
18  0.2  0.201707
18  0.3  0.300893
18  0.4  0.379963
18  0.5  0.420363
16  10.5  5.11945e-07
18  0.6  0.41348
18  0.8  0.329426
18  0.7  0.377338
18  0.9  0.271605
18  1.0  0.219241
18  1.1  0.175623
16  11.5  2.33468e-07
18  1.2  0.138841
18  1.3  0.109698
18  1.4  0.0855636
18  1.5  0.0671057
18  1.6  0.0518525
18  1.8  0.0327445
16  11.0  3.30113e-07
18  1.7  0.0417899
18  1.9  0.0255186
18  3.0  0.00265027
18  2.0  0.0209975
18  2.5  0.00696794
18  3.5  0.00112684
16  12.0  1.55103e-07
18  4.0  0.000503256
18  4.5  0.000234878
18  5.0  0.000119348
18  6.0  3.4977e-05
18  5.5  6.3336e-05
18  6.5  2.00816e-05
18  7.0  1.18801e-05
18  7.5  7.01424e-06
18  8.0  4.35115e-06
18  8.5  2.71991e-06
18  9.0  1.69054e-06
18  9.5  1.13102e-06
18  10.0  7.37656e-07
2  0.2  0.20897
2  0.3  0.312753
18  11.5  2.26358e-07
2  0.4  0.400467
2  0.5  0.448327
18  10.5  5.00224e-07
2  0.6  0.448075
2  0.7  0.416479
2  0.8  0.366891
2  0.9  0.307168
2  1.0  0.252014
2  1.1  0.201557
2  1.2  0.160615
2  1.4  0.0992124
2  1.3  0.127822
2  1.6  0.0619514
2  1.5  0.0792393
2  1.7  0.0502623
2  1.8  0.0393833
2  1.9  0.0306812
2  2.0  0.0248033
2  2.5  0.00837268
2  3.0  0.00321832
18  11.0  3.36368e-07
2  3.5  0.00130877
18  12.0  1.5495e-07
2  4.0  0.000591018
2  4.5  0.000286639
2  5.0  0.000142038
2  5.5  7.67749e-05
2  6.0  4.22746e-05
2  6.5  2.39241e-05
2  7.0  1.37116e-05
2  7.5  8.56193e-06
2  8.0  5.1913e-06
2  8.5  3.22702e-06
2  9.0  2.13121e-06
2  9.5  1.30315e-06
2  10.0  8.89947e-07
2  11.5  2.72246e-07
20  0.2  0.200917
20  0.3  0.295603
20  0.5  0.40301
20  0.4  0.37406
2  10.5  5.99214e-07
20  0.6  0.400509
20  0.7  0.365455
20  0.8  0.316956
2  12.0  1.85228e-07
20  0.9  0.260884
20  1.0  0.211201
20  1.1  0.168614
20  1.2  0.131945
20  1.3  0.10505
20  1.4  0.0819943
20  1.5  0.0632663
2  11.0  3.89314e-07
20  1.6  0.050081
20  1.7  0.0393844
20  1.8  0.0309385
20  1.9  0.0243713
20  3.0  0.00259894
20  2.0  0.01958
20  2.5  0.0065049
20  3.5  0.00103626
20  4.5  0.000221156
20  5.5  5.97201e-05
20  4.0  0.00048047
20  5.0  0.000110927
20  6.0  3.33949e-05
20  6.5  1.86902e-05
20  7.0  1.09783e-05
20  7.5  6.63641e-06
20  8.0  4.14391e-06
20  8.5  2.50891e-06
20  9.0  1.65201e-06
20  9.5  1.0698e-06
20  10.0  7.08577e-07
20  11.0  3.19424e-07
22  0.2  0.19782
22  0.3  0.291822
22  0.4  0.371892
22  0.5  0.398717
22  0.6  0.38525
20  10.5  4.69382e-07
22  0.7  0.348558
22  0.9  0.245885
22  0.8  0.301014
22  1.0  0.199542
20  11.5  2.11297e-07
22  1.1  0.15916
22  1.2  0.12536
22  1.3  0.0980185
22  1.4  0.0760533
22  1.5  0.0596935
22  1.6  0.0466624
22  1.7  0.0366875
22  1.8  0.0290256
22  2.0  0.0181561
22  1.9  0.0227674
22  2.5  0.00611786
22  3.0  0.00232849
22  3.5  0.000970267
20  12.0  1.49347e-07
22  4.0  0.000437093
22  5.0  0.000105025
22  4.5  0.000206867
22  5.5  5.58976e-05
22  6.0  2.9757e-05
22  7.5  6.06698e-06
22  6.5  1.71615e-05
22  7.0  1.02894e-05
22  8.0  3.71619e-06
22  8.5  2.33731e-06
22  9.0  1.5342e-06
22  9.5  1.00884e-06
22  11.0  2.86854e-07
22  10.0  6.42381e-07
24  0.2  0.193323
24  0.3  0.282504
24  0.4  0.352677
24  0.5  0.382898
24  0.6  0.366935
22  10.5  4.27329e-07
24  0.7  0.327783
24  0.8  0.282369
24  0.9  0.231171
24  1.0  0.185391
24  1.1  0.147556
24  1.2  0.115897
24  1.3  0.0896455
24  1.4  0.06972
22  11.5  1.9648e-07
24  1.5  0.0550489
24  1.6  0.0435713
24  1.7  0.0340453
24  1.8  0.0262906
24  1.9  0.021224
24  2.0  0.0165413
24  2.5  0.00556866
24  3.0  0.00212881
24  3.5  0.000872915
24  5.0  9.45768e-05
22  12.0  1.33981e-07
24  4.0  0.000389566
24  4.5  0.000190843
24  5.5  5.06185e-05
24  6.0  2.84827e-05
24  6.5  1.57668e-05
24  8.0  3.42953e-06
24  7.0  9.33827e-06
24  7.5  5.56476e-06
24  8.5  2.17684e-06
24  9.0  1.37815e-06
24  9.5  8.89276e-07
24  10.0  5.87809e-07
26  0.2  0.187634
26  0.3  0.274622
24  11.0  2.62642e-07
24  10.5  3.91019e-07
26  0.4  0.34143
26  0.5  0.357312
26  0.6  0.343072
26  0.7  0.30441
26  0.8  0.253502
26  0.9  0.206362
26  1.0  0.165448
24  12.0  1.23958e-07
26  1.1  0.133089
26  1.3  0.0811016
26  1.2  0.104175
26  1.4  0.0624474
26  1.6  0.0383609
26  1.5  0.048803
26  1.7  0.0301087
26  1.8  0.0234293
26  1.9  0.0182721
26  2.0  0.0146801
26  2.5  0.00492817
24  11.5  1.82315e-07
26  3.0  0.00190185
26  3.5  0.000777279
26  4.5  0.00016405
26  4.0  0.000346211
26  5.0  8.30362e-05
26  5.5  4.39076e-05
26  6.0  2.43777e-05
26  6.5  1.41661e-05
26  8.0  3.07127e-06
26  7.0  8.09649e-06
26  7.5  4.93971e-06
26  8.5  1.91446e-06
26  9.0  1.22399e-06
26  9.5  7.91554e-07
26  10.0  5.18561e-07
26  11.0  2.38949e-07
28  0.2  0.177052
28  0.3  0.261982
28  0.4  0.322308
28  0.5  0.32734
28  0.6  0.306051
26  10.5  3.44891e-07
28  0.7  0.270074
28  0.8  0.224375
28  0.9  0.183178
28  1.0  0.145052
28  1.2  0.0896385
28  1.1  0.114382
28  1.3  0.0668511
28  1.5  0.0411998
28  1.4  0.0544576
28  1.6  0.0324572
28  1.7  0.025198
28  1.8  0.0201831
28  1.9  0.0154035
28  2.0  0.0124432
28  2.5  0.00412467
28  3.0  0.00156735
28  3.5  0.000645827
26  11.5  1.52199e-07
26  12.0  1.10451e-07
28  4.0  0.000289932
28  4.5  0.000138049
28  5.0  7.14962e-05
28  5.5  3.76114e-05
28  6.5  1.16887e-05
28  6.0  2.01967e-05
28  7.0  6.8142e-06
28  7.5  4.11677e-06
28  8.0  2.52987e-06
28  10.0  4.26584e-07
28  8.5  1.59499e-06
28  9.0  1.01979e-06
28  9.5  6.6182e-07
30  0.2  0.16443
30  0.3  0.238817
30  0.4  0.28241
30  0.5  0.286236
28  10.5  2.91156e-07
30  0.6  0.262114
30  0.7  0.226132
28  11.0  1.91669e-07
30  0.8  0.185237
30  0.9  0.148419
30  1.0  0.118194
30  1.1  0.0921913
30  1.2  0.0712582
30  1.3  0.0547214
30  1.4  0.042879
30  1.5  0.0332313
30  1.7  0.0197717
30  1.6  0.025969
30  1.9  0.0124282
30  1.8  0.0159126
30  2.0  0.00980079
30  2.5  0.00332763
30  3.0  0.00123738
28  11.5  1.33028e-07
30  3.5  0.000515968
28  12.0  9.05087e-08
30  4.5  0.000109604
30  5.0  5.54625e-05
30  4.0  0.000232448
30  5.5  2.9636e-05
30  6.0  1.56824e-05
30  6.5  9.33539e-06
30  7.0  5.48333e-06
30  7.5  3.27813e-06
30  8.0  1.87706e-06
30  8.5  1.2561e-06
30  10.5  2.28644e-07
30  9.0  8.05782e-07
30  9.5  5.11688e-07
30  10.0  3.42345e-07
32  0.2  0.15088
32  0.3  0.206904
32  0.4  0.238661
32  0.5  0.228076
32  0.6  0.205704
32  0.7  0.173364
32  0.8  0.140605
32  0.9  0.111098
32  1.0  0.0873156
32  1.1  0.0664046
32  1.2  0.0529641
32  1.3  0.0393834
30  11.0  1.54185e-07
32  1.4  0.0306178
32  1.6  0.0189466
32  1.5  0.0238824
32  1.7  0.014688
32  1.8  0.0115078
32  2.0  0.00716006
32  1.9  0.00888023
30  11.5  1.04146e-07
32  2.5  0.00235556
32  3.5  0.000360572
32  3.0  0.00090784
30  12.0  7.23033e-08
32  4.5  8.00746e-05
32  4.0  0.000168815
32  5.0  3.99811e-05
32  6.5  6.74246e-06
32  5.5  2.15194e-05
32  6.0  1.1891e-05
32  7.5  2.32131e-06
32  7.0  3.80657e-06
32  8.0  1.45475e-06
32  8.5  8.69709e-07
32  9.0  5.79908e-07
32  9.5  3.76723e-07
32  10.0  2.46011e-07
4  0.2  0.20915
32  11.5  7.46472e-08
4  0.3  0.314995
4  0.4  0.396396
4  0.5  0.446304
4  0.6  0.444313
4  0.7  0.416124
32  10.5  1.61937e-07
4  0.8  0.365618
4  0.9  0.304587
4  1.0  0.248584
4  1.1  0.200927
4  1.2  0.160972
4  1.3  0.126769
4  1.4  0.0996528
4  1.5  0.0771928
4  1.6  0.0615956
4  1.8  0.038506
4  1.7  0.0488045
4  1.9  0.0304633
4  2.0  0.0242266
4  3.0  0.00319803
4  2.5  0.00825687
4  3.5  0.00128542
32  11.0  1.09866e-07
4  4.0  0.000585662
32  12.0  5.08696e-08
4  4.5  0.000275771
4  5.0  0.000141079
4  5.5  7.71657e-05
4  6.0  4.21322e-05
4  6.5  2.38521e-05
4  7.0  1.38538e-05
4  7.5  8.37982e-06
4  8.0  5.1872e-06
4  8.5  3.27039e-06
4  9.0  2.07084e-06
4  9.5  1.35633e-06
4  11.5  2.68148e-07
6  0.2  0.21224
4  10.0  8.9179e-07
6  0.3  0.310522
4  10.5  5.73741e-07
6  0.4  0.3978
6  0.5  0.447408
6  0.6  0.442901
6  0.8  0.359716
6  0.7  0.406908
6  0.9  0.303971
6  1.0  0.24721
6  1.2  0.158131
6  1.1  0.198715
4  11.0  3.98309e-07
6  1.4  0.0989049
6  1.3  0.125803
6  1.5  0.0777824
6  1.6  0.0615
6  1.7  0.0481012
6  1.8  0.0383026
6  1.9  0.0303141
6  2.5  0.00833251
6  3.0  0.00322036
6  2.0  0.0243353
6  3.5  0.00128607
6  4.0  0.000586555
4  12.0  1.86031e-07
6  4.5  0.000286631
6  5.0  0.000143122
6  5.5  7.54093e-05
6  6.0  4.12001e-05
6  6.5  2.38899e-05
6  7.0  1.37856e-05
6  7.5  8.27825e-06
6  8.0  5.15537e-06
6  8.5  3.22035e-06
6  9.0  2.05061e-06
6  9.5  1.32911e-06
6  10.0  8.72072e-07
8  0.2  0.208539
8  0.3  0.311915
8  0.4  0.39694
8  0.5  0.443372
6  10.5  5.81752e-07
8  0.6  0.437146
8  0.7  0.411657
8  0.8  0.359192
8  0.9  0.298982
8  1.0  0.244576
8  1.1  0.196745
8  1.2  0.158282
8  1.4  0.098466
8  1.3  0.124514
6  11.0  3.83143e-07
8  1.5  0.0771715
8  1.7  0.0475679
8  1.6  0.060564
8  1.8  0.0376178
8  2.0  0.0238268
8  1.9  0.0298674
8  2.5  0.00814942
8  3.0  0.00301609
8  3.5  0.00126904
6  11.5  2.73082e-07
6  12.0  1.84276e-07
8  4.0  0.000571381
8  4.5  0.000282055
8  5.0  0.000141971
8  5.5  7.50875e-05
8  6.0  4.05236e-05
8  6.5  2.27461e-05
8  7.0  1.3796e-05
8  7.5  8.28882e-06
8  8.0  5.04905e-06
8  9.0  2.02875e-06
8  8.5  3.16801e-06
8  9.5  1.31748e-06
8  10.0  8.68874e-07
8  10.5  5.68021e-07
8  11.0  3.87813e-07
8  11.5  2.62736e-07
8  12.0  1.79581e-07
