# diffractive D0 cross section, Pb target, BCFY fragmentation, An0n channel
# generated      : 2026-10-04 20:52:05 EEST
# flux_model     : STARLIGHT (TARGET=AA)
# scale_factor   : 2.0 (fragmentation scale Q = SCALE_FACTOR * m_T)
# calls          : 1e5 (VEGAS calls per point, see CALLS_EXCL/CALLS_EXCL_FACTORIZED/CALLS_DIFF)
# dipole samples : data/Pb/mve/glauber_mve_<b_d>
# pD0 sweep      : 0.2 0.3 0.4 0.5 0.6 0.7 0.8 0.9 1.0 1.1 1.2 1.3 1.4 1.5 1.6 1.7 1.8 1.9 2.0 2.5 3.0 3.5 4.0 4.5 5.0 5.5 6.0 6.5 7.0 7.5 8.0 8.5 9.0 9.5 10.0 10.5 11.0 11.5 12.0
# fixed rapidity y : -3.0
# ============================================================
# b_d  pD0  dsigma_dyd2pD0
0  0.3  3.52597
0  0.4  3.62466
0  0.5  3.56695
0  0.6  3.42562
0  0.2  3.73634
0  0.7  3.16028
0  0.8  2.85842
0  1.0  2.1165
0  0.9  2.49067
0  1.1  1.78358
0  1.4  0.999344
0  1.3  1.22924
0  1.2  1.50767
0  1.6  0.686506
0  1.5  0.837828
0  1.7  0.557805
0  1.9  0.373338
0  1.8  0.456424
0  2.0  0.305948
0  2.5  0.1177
0  3.5  0.0219315
0  4.5  0.0052936
0  4.0  0.0104981
0  5.0  0.00279729
0  3.0  0.048716
0  5.5  0.00152744
0  6.0  0.000867871
0  6.5  0.000499138
0  7.0  0.000296351
0  7.5  0.000177863
0  8.0  0.000108483
0  8.5  6.70312e-05
0  9.0  4.17373e-05
0  10.0  1.65181e-05
0  9.5  2.63906e-05
0  11.5  4.18699e-06
10  0.2  3.5607
10  0.3  3.43485
10  0.4  3.53724
10  0.5  3.4837
0  10.5  1.05593e-05
10  0.6  3.3601
10  0.7  3.05575
10  0.8  2.77519
10  0.9  2.42106
10  1.0  2.06828
10  1.1  1.73274
10  1.2  1.45082
10  1.4  0.966717
10  1.3  1.19864
0  11.0  6.70414e-06
10  1.6  0.653298
10  1.5  0.807551
10  1.7  0.534524
0  12.0  2.68129e-06
10  1.9  0.346201
10  1.8  0.436521
10  2.0  0.291338
10  2.5  0.110124
10  3.5  0.0209585
10  4.5  0.00504518
10  5.0  0.00265731
10  4.0  0.0100249
10  3.0  0.0466416
10  5.5  0.00143699
10  6.0  0.000821136
10  6.5  0.000473905
10  8.5  6.37926e-05
10  7.0  0.000281376
10  9.0  3.98062e-05
10  7.5  0.000168734
10  8.0  0.000103449
10  9.5  2.49235e-05
12  0.2  3.61978
10  10.0  1.58647e-05
12  0.3  3.49389
12  0.4  3.52103
12  0.5  3.48234
10  10.5  1.00138e-05
12  0.6  3.29532
12  0.7  3.05091
12  0.8  2.73118
12  0.9  2.39668
12  1.0  2.0434
12  1.1  1.72177
10  11.0  6.25674e-06
12  1.2  1.43061
12  1.3  1.17473
12  1.4  0.929428
12  1.5  0.792403
12  1.6  0.631131
12  1.7  0.526393
12  1.8  0.423661
10  11.5  4.06653e-06
12  1.9  0.349118
12  2.0  0.285559
12  2.5  0.109466
10  12.0  2.55424e-06
12  3.0  0.0456463
12  3.5  0.0204455
12  4.5  0.00493843
12  5.0  0.00260058
12  4.0  0.00976736
12  5.5  0.00142358
12  6.0  0.000787146
12  6.5  0.000463906
12  8.5  6.23353e-05
12  9.0  3.90349e-05
12  7.0  0.000275301
12  7.5  0.000165313
12  8.0  0.000100664
12  11.0  6.21748e-06
12  9.5  2.39115e-05
14  0.2  3.59137
12  11.5  3.89203e-06
14  0.3  3.49388
12  10.0  1.53846e-05
14  0.4  3.46062
14  0.5  3.30947
14  0.6  3.25697
14  0.7  2.99095
14  0.8  2.64264
12  10.5  9.62303e-06
14  0.9  2.33868
14  1.0  1.97861
14  1.1  1.68804
14  1.2  1.40113
14  1.4  0.926645
14  1.3  1.15173
14  1.6  0.618081
12  12.0  2.54672e-06
14  1.5  0.768529
14  1.7  0.508709
14  1.8  0.417647
14  1.9  0.339391
14  2.0  0.278578
14  2.5  0.106795
14  3.0  0.0443916
14  3.5  0.0198992
14  4.5  0.00478277
14  4.0  0.00943322
14  5.0  0.0025264
14  5.5  0.00137925
14  6.0  0.000778487
14  6.5  0.000451193
14  7.0  0.000267259
14  7.5  0.000160679
14  8.0  9.80129e-05
14  9.0  3.78156e-05
14  8.5  6.0451e-05
14  9.5  2.37192e-05
16  0.2  3.52919
14  11.5  3.8326e-06
16  0.3  3.32671
14  10.0  1.49916e-05
16  0.4  3.35964
16  0.5  3.36241
14  12.0  2.44394e-06
16  0.6  3.19249
16  0.7  2.872
16  0.8  2.63451
16  0.9  2.29261
14  10.5  9.47263e-06
16  1.0  1.94096
16  1.1  1.63841
16  1.2  1.35964
16  1.3  1.10518
16  1.4  0.910311
14  11.0  6.03844e-06
16  1.6  0.601549
16  1.5  0.747607
16  1.7  0.490091
16  1.9  0.328846
16  1.8  0.40166
16  2.0  0.266271
16  2.5  0.103324
16  3.5  0.0191684
16  4.5  0.00461302
16  4.0  0.00914073
16  3.0  0.0427958
16  5.0  0.00243726
16  5.5  0.00133715
16  6.0  0.000751868
16  6.5  0.000436464
16  7.0  0.000251877
16  9.0  3.63348e-05
16  7.5  0.000155469
16  9.5  2.28351e-05
16  8.5  5.85075e-05
16  8.0  9.24204e-05
18  0.2  3.44579
16  10.5  9.16455e-06
16  11.5  3.71143e-06
18  0.3  3.35034
16  10.0  1.43965e-05
18  0.4  3.36491
16  12.0  2.34831e-06
18  0.5  3.27475
18  0.6  3.08125
18  0.7  2.87217
18  0.8  2.56469
18  0.9  2.1744
18  1.0  1.88981
18  1.1  1.5639
18  1.2  1.30979
18  1.3  1.07858
18  1.4  0.878971
16  11.0  5.80776e-06
18  1.5  0.718507
18  1.6  0.584517
18  1.7  0.475034
18  1.8  0.379207
18  1.9  0.316068
18  2.0  0.255586
18  2.5  0.0989486
18  3.5  0.0183631
18  4.5  0.0043779
18  4.0  0.00875442
18  3.0  0.0409638
18  5.0  0.00229087
18  5.5  0.00127365
18  6.0  0.000715367
18  6.5  0.000416232
18  7.0  0.000244097
18  7.5  0.000147412
18  8.0  9.01119e-05
18  8.5  5.47525e-05
18  9.0  3.45596e-05
18  9.5  2.18123e-05
2  0.2  3.785
18  11.5  3.49667e-06
18  10.0  1.37706e-05
2  0.3  3.61018
2  0.4  3.61848
2  0.6  3.41024
2  0.5  3.59569
2  0.7  3.06085
2  0.8  2.83941
2  0.9  2.48802
18  10.5  8.71082e-06
2  1.0  2.14846
2  1.1  1.77586
2  1.2  1.46948
2  1.4  1.01634
2  1.3  1.24506
2  1.6  0.685929
2  1.5  0.832391
2  1.7  0.549093
2  1.8  0.449862
18  11.0  5.55207e-06
2  1.9  0.373447
2  2.0  0.304729
2  2.5  0.117581
18  12.0  2.24441e-06
2  3.5  0.0218709
2  3.0  0.0478531
2  4.0  0.0104744
2  5.0  0.00278013
2  4.5  0.00527922
2  5.5  0.00148152
2  6.0  0.000863498
2  6.5  0.000500143
2  7.0  0.000294006
2  7.5  0.000177762
2  8.0  0.000108091
2  8.5  6.70057e-05
2  9.0  4.16759e-05
2  9.5  2.62342e-05
20  0.2  3.36499
2  11.5  4.253e-06
2  10.0  1.65731e-05
20  0.3  3.25948
20  0.4  3.20351
20  0.5  3.11397
20  0.6  3.01058
20  0.7  2.78494
20  0.8  2.47223
2  10.5  1.05008e-05
20  0.9  2.13539
20  1.0  1.74023
20  1.1  1.48939
20  1.2  1.25405
20  1.3  1.02687
20  1.5  0.671403
2  11.0  6.67306e-06
20  1.4  0.840636
20  1.6  0.559021
20  1.7  0.452094
20  1.8  0.368669
20  1.9  0.290534
20  2.0  0.241203
20  2.5  0.0914677
2  12.0  2.67628e-06
20  4.5  0.00415884
20  3.0  0.0385727
20  3.5  0.0172864
20  4.0  0.00824722
20  5.0  0.00219568
20  5.5  0.00120286
20  6.0  0.000678366
20  6.5  0.000392746
20  7.0  0.000232534
20  9.0  3.26982e-05
20  7.5  0.000138965
20  8.0  8.49979e-05
20  8.5  5.25243e-05
20  9.5  2.06023e-05
22  0.2  3.27913
20  10.0  1.30331e-05
22  0.3  3.15462
20  11.0  5.23347e-06
22  0.4  3.18452
22  0.5  3.1017
22  0.6  2.92547
20  10.5  8.22548e-06
22  0.7  2.66809
22  0.8  2.36726
22  0.9  2.04731
22  1.0  1.71435
22  1.1  1.4096
22  1.2  1.16687
22  1.3  0.973184
22  1.4  0.78985
22  1.6  0.515235
22  1.5  0.634017
22  1.7  0.424371
22  1.8  0.344847
22  2.0  0.227219
22  1.9  0.280616
20  11.5  3.33183e-06
22  2.5  0.0873049
20  12.0  2.11697e-06
22  3.0  0.035625
22  4.5  0.00390854
22  3.5  0.0161014
22  4.0  0.00752866
22  5.0  0.00203888
22  5.5  0.00109209
22  6.0  0.000624895
22  6.5  0.000363814
22  7.0  0.000209769
22  9.0  3.04669e-05
22  7.5  0.000129825
22  8.0  7.90372e-05
22  8.5  4.82119e-05
22  9.5  1.90867e-05
24  0.2  3.07186
22  10.0  1.18729e-05
24  0.3  3.03384
24  0.4  2.96346
22  12.0  1.96088e-06
24  0.5  2.96824
24  0.6  2.78691
24  0.7  2.51881
22  10.5  7.63667e-06
24  0.9  1.86246
24  0.8  2.23052
24  1.0  1.58543
24  1.1  1.33421
24  1.3  0.888729
24  1.2  1.10096
22  11.0  4.79774e-06
24  1.5  0.581653
24  1.4  0.731549
24  1.6  0.480588
24  1.7  0.381079
24  1.8  0.31807
24  1.9  0.258246
24  2.0  0.206962
24  2.5  0.0762597
22  11.5  3.06253e-06
24  3.0  0.03268
24  4.5  0.00351293
24  3.5  0.0145888
24  4.0  0.00699315
24  5.0  0.00185135
24  5.5  0.000995334
24  6.0  0.000572507
24  6.5  0.000330703
24  9.0  2.77003e-05
24  7.0  0.00019641
24  7.5  0.000117638
24  9.5  1.73604e-05
24  8.0  7.1785e-05
24  8.5  4.441e-05
26  0.2  2.95611
24  10.0  1.10016e-05
26  0.3  2.87343
24  12.0  1.77747e-06
26  0.4  2.85654
26  0.5  2.77794
26  0.6  2.59571
24  10.5  6.97641e-06
26  0.7  2.31976
24  11.5  2.80487e-06
26  0.8  2.00375
26  0.9  1.70997
26  1.0  1.45889
26  1.1  1.18595
24  11.0  4.42507e-06
26  1.2  0.988146
26  1.3  0.80549
26  1.4  0.654882
26  1.5  0.507842
26  1.6  0.428413
26  1.7  0.347296
26  1.9  0.227834
26  1.8  0.281512
26  2.5  0.0705389
26  2.0  0.18702
26  5.0  0.00163638
26  4.5  0.00311804
26  3.0  0.0291164
26  3.5  0.0129778
26  4.0  0.00617798
26  5.5  0.000879417
26  6.0  0.00050328
26  6.5  0.000291077
26  8.5  3.89079e-05
26  7.0  0.000173025
26  7.5  0.000103371
26  8.0  6.29997e-05
26  9.0  2.43215e-05
26  11.0  3.85283e-06
26  9.5  1.52927e-05
26  10.5  6.11759e-06
28  0.2  2.70735
26  10.0  9.6537e-06
28  0.3  2.64997
28  0.4  2.62413
28  0.5  2.51826
28  0.6  2.28978
28  0.7  2.08031
28  0.8  1.76761
28  0.9  1.50215
28  1.0  1.27237
28  1.1  1.04555
28  1.2  0.852417
28  1.3  0.684694
28  1.4  0.561789
26  12.0  1.56381e-06
28  1.5  0.454813
28  1.6  0.367044
28  1.8  0.238149
28  1.7  0.295567
28  1.9  0.189318
28  2.0  0.158116
28  2.5  0.0596537
26  11.5  2.46203e-06
28  3.5  0.0109046
28  4.5  0.00261052
28  3.0  0.0244663
28  4.0  0.00518805
28  5.0  0.00135958
28  5.5  0.000748361
28  6.0  0.000421819
28  6.5  0.000244642
28  8.5  3.26888e-05
28  7.0  0.000143854
28  7.5  8.65222e-05
28  9.5  1.28205e-05
28  8.0  5.29735e-05
28  9.0  2.04586e-05
30  0.2  2.28918
28  10.0  8.09129e-06
30  0.3  2.32477
30  0.4  2.22591
30  0.5  2.13194
30  0.6  1.99037
28  10.5  5.12688e-06
30  0.7  1.75066
30  0.8  1.48782
30  0.9  1.25607
30  1.0  1.04641
30  1.1  0.845458
30  1.2  0.691862
28  11.0  3.25207e-06
28  12.0  1.31261e-06
30  1.3  0.55473
30  1.4  0.450752
30  1.5  0.360639
30  1.7  0.231061
30  1.6  0.291156
30  1.9  0.153603
30  1.8  0.189666
30  2.0  0.125733
28  11.5  2.07105e-06
30  2.5  0.0469989
30  4.0  0.00406547
30  5.0  0.00107179
30  4.5  0.00204183
30  3.0  0.019074
30  3.5  0.00856041
30  5.5  0.000585879
30  7.5  6.64707e-05
30  6.0  0.000328732
30  6.5  0.000191344
30  7.0  0.000110003
30  9.0  1.58922e-05
30  9.5  1.00121e-05
30  8.0  4.13055e-05
30  8.5  2.55517e-05
30  11.0  2.54231e-06
32  0.2  2.01284
32  0.3  1.88129
30  10.0  6.26381e-06
32  0.4  1.83222
32  0.5  1.74391
30  10.5  3.92732e-06
32  0.6  1.56518
32  0.7  1.35542
32  0.8  1.14719
30  11.5  1.62345e-06
32  0.9  0.955514
32  1.0  0.778865
32  1.2  0.502215
32  1.1  0.632449
32  1.3  0.410972
32  1.4  0.329207
32  1.5  0.264984
32  1.6  0.213086
32  1.8  0.135636
32  1.7  0.170923
32  1.9  0.111463
32  2.0  0.09076
32  2.5  0.0338627
30  12.0  1.0291e-06
32  4.0  0.00286903
32  4.5  0.00142894
32  3.0  0.0138352
32  3.5  0.00610901
32  5.0  0.000751634
32  5.5  0.00041862
32  7.5  4.80199e-05
32  6.0  0.000232313
32  6.5  0.000132657
32  8.5  1.81984e-05
32  7.0  8.09285e-05
32  9.0  1.13447e-05
32  9.5  7.12629e-06
32  8.0  2.95186e-05
32  11.5  1.15184e-06
4  0.2  3.83115
32  10.0  4.51642e-06
32  11.0  1.75077e-06
4  0.3  3.49883
4  0.4  3.61223
4  0.5  3.57673
4  0.6  3.33678
4  0.7  3.1596
4  0.8  2.82406
32  10.5  2.84055e-06
4  0.9  2.4877
4  1.0  2.13469
4  1.1  1.79437
4  1.2  1.50119
4  1.3  1.23567
4  1.4  0.980019
4  1.5  0.832692
4  1.6  0.680439
4  1.8  0.451813
4  1.7  0.554569
4  1.9  0.37097
4  2.5  0.1162
4  2.0  0.302868
32  12.0  7.32064e-07
4  3.5  0.0214354
4  4.5  0.00526842
4  3.0  0.0486173
4  4.0  0.0104157
4  5.0  0.00273831
4  5.5  0.00151893
4  6.0  0.0008603
4  6.5  0.000495831
4  7.0  0.000294055
4  7.5  0.000176914
4  8.0  0.000107748
4  8.5  6.69023e-05
4  9.0  4.17182e-05
4  10.0  1.6177e-05
4  9.5  2.60756e-05
4  11.5  4.21974e-06
6  0.2  3.66397
6  0.3  3.58925
6  0.4  3.60461
6  0.5  3.56183
6  0.6  3.28706
6  0.7  3.04506
6  0.8  2.81876
4  10.5  1.04545e-05
6  0.9  2.46728
6  1.0  2.11794
6  1.1  1.79057
6  1.3  1.23189
6  1.4  0.977917
6  1.2  1.49025
4  11.0  6.53119e-06
6  1.5  0.823388
6  1.6  0.662171
6  1.7  0.541466
6  1.8  0.448199
6  1.9  0.367017
6  2.5  0.114675
6  2.0  0.300496
4  12.0  2.68633e-06
6  3.5  0.0215306
6  4.5  0.00521769
6  3.0  0.0482751
6  4.0  0.0103008
6  5.0  0.00274421
6  5.5  0.00150833
6  6.0  0.000849858
6  6.5  0.000491425
6  9.0  4.12282e-05
6  7.0  0.000290571
6  7.5  0.000175283
6  8.0  0.000106764
6  8.5  6.57836e-05
6  10.0  1.62468e-05
6  9.5  2.58571e-05
8  0.2  3.6971
8  0.3  3.5439
8  0.4  3.58262
8  0.5  3.54196
6  10.5  1.02134e-05
8  0.6  3.28971
8  0.7  3.12961
8  0.8  2.73912
8  0.9  2.45339
8  1.0  2.06859
8  1.1  1.73997
8  1.2  1.47653
8  1.3  1.21418
6  11.0  6.58163e-06
8  1.4  0.998514
6  12.0  2.66845e-06
8  1.5  0.817091
8  1.6  0.665331
8  1.7  0.545877
8  1.8  0.433928
8  1.9  0.361518
6  11.5  4.1828e-06
8  2.0  0.296739
8  2.5  0.113856
8  3.5  0.0209035
8  4.5  0.00512148
8  5.0  0.0026802
8  4.0  0.0101968
8  3.0  0.0476923
8  5.5  0.00148332
8  6.0  0.000838934
8  6.5  0.000476007
8  7.0  0.000286221
8  8.5  6.48654e-05
8  7.5  0.000172235
8  8.0  0.000104277
8  9.0  4.03598e-05
8  9.5  2.54095e-05
8  11.5  4.12278e-06
8  10.0  1.61491e-05
8  10.5  1.0181e-05
8  11.0  6.48759e-06
8  12.0  2.62248e-06
