# exclusive D0 cross section, Pb target, BCFY fragmentation, An0n channel
# generated      : 2026-10-04 20:52:05 EEST
# flux_model     : STARLIGHT (TARGET=AA)
# scale_factor   : 2.0 (fragmentation scale Q = SCALE_FACTOR * m_T)
# calls          : 1e5 below 3.0 GeV, 2e3 above (see EXCL_PT_THRESHOLD) (VEGAS calls per point, see CALLS_EXCL/CALLS_EXCL_FACTORIZED/CALLS_DIFF)
# dipole samples : data/Pb/mve/glauber_mve_<b_d>
# pD0 sweep      : 0.2 0.3 0.4 0.5 0.6 0.7 0.8 0.9 1.0 1.1 1.2 1.3 1.4 1.5 1.6 1.7 1.8 1.9 2.0 2.5 3.0 3.5 4.0 4.5 5.0 5.5 6.0 6.5 7.0 7.5 8.0 8.5 9.0 9.5 10.0 10.5 11.0 11.5 12.0
# fixed rapidity y : 3.0
# ============================================================
# b_d  pD0  dsigma_dyd2pD0
0  0.4  0.670798
0  0.2  1.19623
0  0.5  0.504939
0  0.3  0.889707
0  0.6  0.376028
0  0.7  0.277259
0  1.1  0.0764803
0  0.8  0.20278
0  1.0  0.106384
0  0.9  0.147068
0  1.2  0.0549854
0  1.3  0.0395002
0  1.5  0.0205067
0  1.6  0.0148243
0  1.4  0.0284459
0  1.7  0.010713
0  2.0  0.00414388
0  1.8  0.00779482
0  1.9  0.0056722
0  2.5  0.000924258
0  3.5  5.81553e-05
0  4.0  1.66361e-05
0  5.0  1.69326e-06
0  4.5  5.12882e-06
0  3.0  0.000221609
0  5.5  5.93472e-07
0  6.0  2.19671e-07
0  6.5  8.5419e-08
0  7.0  3.47037e-08
0  7.5  1.467e-08
0  8.0  6.43139e-09
0  8.5  2.9135e-09
0  9.0  1.36064e-09
0  9.5  6.51927e-10
0  10.0  3.20623e-10
10  0.2  1.14636
10  0.3  0.851717
10  0.4  0.642065
10  0.5  0.482055
10  0.6  0.358331
10  0.7  0.263925
10  0.8  0.192501
10  1.1  0.0723504
10  0.9  0.13965
10  1.0  0.100716
10  1.3  0.0372983
10  1.2  0.0520232
10  1.4  0.0268192
10  1.5  0.0192908
0  10.5  1.62085e-10
10  1.6  0.0139245
0  11.5  4.36502e-11
10  1.9  0.00532669
10  1.7  0.010055
10  2.0  0.00388416
10  1.8  0.00729669
10  2.5  0.000847192
0  11.0  8.34826e-11
0  12.0  2.3329e-11
10  3.5  5.3828e-05
10  4.0  1.53677e-05
10  4.5  4.72899e-06
10  3.0  0.000205675
10  5.5  5.45779e-07
10  5.0  1.56398e-06
10  6.0  2.01736e-07
10  6.5  7.8216e-08
10  7.0  3.18099e-08
10  7.5  1.34401e-08
10  8.0  5.88886e-09
10  9.5  5.97417e-10
10  8.5  2.66546e-09
10  9.0  1.24367e-09
12  0.2  1.12281
12  0.3  0.8344
12  0.4  0.628326
12  0.5  0.47159
10  10.0  2.94575e-10
12  0.6  0.350413
12  0.8  0.187895
12  0.7  0.257965
12  0.9  0.136158
12  1.0  0.0981201
12  1.2  0.0505609
12  1.1  0.070586
12  1.3  0.0362525
10  10.5  1.47988e-10
12  1.5  0.0187145
12  1.4  0.0260446
10  11.5  3.98066e-11
12  1.6  0.0134798
12  1.7  0.00975431
12  1.8  0.00705693
12  1.9  0.00517093
12  2.0  0.00377148
10  11.0  7.61797e-11
12  2.5  0.000828269
10  12.0  2.1266e-11
12  3.0  0.000197495
12  3.5  5.18668e-05
12  4.0  1.4796e-05
12  4.5  4.54902e-06
12  5.0  1.50319e-06
12  6.0  1.93744e-07
12  5.5  5.26495e-07
12  6.5  7.50965e-08
12  7.0  3.05231e-08
12  7.5  1.28873e-08
12  8.0  5.6444e-09
12  8.5  2.55481e-09
12  9.0  1.19197e-09
12  9.5  5.70605e-10
12  10.0  2.80438e-10
14  0.2  1.09408
14  0.3  0.812372
14  0.4  0.610796
14  0.5  0.458211
14  0.6  0.340398
14  0.7  0.250412
14  0.8  0.182519
14  0.9  0.132034
12  11.0  7.25745e-11
14  1.0  0.0949719
14  1.1  0.0684071
14  1.3  0.0351419
14  1.2  0.0488798
14  1.4  0.0251668
14  1.5  0.0180705
12  10.5  1.41664e-10
14  1.6  0.0130267
12  11.5  3.80977e-11
14  1.7  0.0093983
14  1.8  0.00681289
14  1.9  0.00494451
14  2.5  0.00080581
14  2.0  0.00360281
12  12.0  2.03513e-11
14  3.0  0.000188917
14  3.5  4.9516e-05
14  4.0  1.41062e-05
14  4.5  4.33329e-06
14  5.0  1.42509e-06
14  6.0  1.84149e-07
14  5.5  5.00228e-07
14  6.5  7.13475e-08
14  7.0  2.89802e-08
14  7.5  1.223e-08
14  8.0  5.35426e-09
14  8.5  2.42265e-09
14  9.0  1.12983e-09
14  9.5  5.4065e-10
14  10.0  2.65517e-10
16  0.2  1.05934
16  0.3  0.785434
16  0.4  0.591383
16  0.5  0.443144
16  0.6  0.32845
16  0.7  0.241142
16  0.8  0.175599
16  0.9  0.126895
16  1.0  0.0912817
16  1.2  0.0469216
16  1.1  0.0654225
16  1.3  0.0334847
16  1.5  0.0172476
16  1.4  0.0240389
16  1.6  0.0123945
14  10.5  1.34154e-10
16  1.7  0.0089608
16  1.8  0.00646898
16  1.9  0.00471384
14  11.5  3.60583e-11
16  2.0  0.00342372
16  2.5  0.000759157
14  11.0  6.90251e-11
14  12.0  1.92575e-11
16  3.0  0.000178734
16  3.5  4.67471e-05
16  4.0  1.32951e-05
16  4.5  4.08528e-06
16  5.0  1.34544e-06
16  5.5  4.70349e-07
16  6.5  6.69428e-08
16  6.0  1.73109e-07
16  7.5  1.1461e-08
16  7.0  2.7237e-08
16  8.0  5.01478e-09
16  8.5  2.26791e-09
16  9.0  1.05721e-09
16  10.0  2.49367e-10
16  9.5  5.05661e-10
18  0.2  1.01708
18  0.3  0.753857
18  0.5  0.424341
18  0.4  0.56672
18  0.6  0.314137
18  0.7  0.230336
18  0.9  0.120631
18  0.8  0.167599
18  1.0  0.0868449
18  1.1  0.0621066
18  1.2  0.0443499
18  1.3  0.0317297
18  1.4  0.0226756
18  1.5  0.0162786
18  1.6  0.011761
16  10.5  1.25383e-10
18  1.7  0.00843338
18  1.8  0.00610755
16  11.5  3.36774e-11
18  1.9  0.00442206
18  2.0  0.00325044
18  2.5  0.000707015
16  12.0  1.79807e-11
16  11.0  6.44879e-11
18  3.0  0.000166771
18  3.5  4.35265e-05
18  4.0  1.23542e-05
18  4.5  3.78416e-06
18  5.0  1.24644e-06
18  5.5  4.35329e-07
18  6.5  6.18411e-08
18  6.0  1.60556e-07
18  7.0  2.50826e-08
18  8.0  4.63986e-09
18  7.5  1.05728e-08
18  8.5  2.08964e-09
18  9.0  9.73486e-10
18  9.5  4.65348e-10
18  10.0  2.28256e-10
2  0.2  1.19495
2  0.3  0.888327
2  0.4  0.669647
2  0.5  0.503858
2  0.7  0.276514
2  0.6  0.375342
2  0.8  0.202355
2  0.9  0.146863
2  1.0  0.105999
2  1.1  0.0763224
2  1.2  0.0548596
2  1.3  0.0394866
2  1.4  0.0283943
2  1.5  0.0204503
2  1.6  0.0147782
2  1.7  0.0106897
2  1.8  0.00777785
18  11.5  3.09391e-11
18  10.5  1.15286e-10
2  2.0  0.0041429
2  1.9  0.00564023
2  2.5  0.00090874
18  12.0  1.65116e-11
18  11.0  5.92658e-11
2  3.5  5.79853e-05
2  4.0  1.65858e-05
2  5.0  1.68803e-06
2  3.0  0.000220978
2  4.5  5.1118e-06
2  5.5  5.91605e-07
2  6.0  2.18961e-07
2  6.5  8.51262e-08
2  7.0  3.45892e-08
2  7.5  1.46212e-08
2  8.0  6.4098e-09
2  8.5  2.90365e-09
2  9.0  1.35602e-09
2  9.5  6.49693e-10
2  10.0  3.19518e-10
20  0.2  0.965699
2  10.5  1.61324e-10
20  0.3  0.715249
20  0.4  0.53725
20  0.5  0.401461
20  0.6  0.296926
20  0.7  0.217441
20  0.8  0.157747
20  0.9  0.113609
20  1.0  0.0814402
20  1.1  0.0582728
20  1.3  0.0296778
20  1.2  0.0415712
20  1.5  0.0152033
20  1.4  0.0211751
2  11.5  4.34975e-11
20  1.6  0.0108955
20  1.7  0.00781734
20  1.9  0.00409167
20  1.8  0.00566204
20  2.0  0.00301034
20  2.5  0.000653814
2  12.0  2.3247e-11
2  11.0  8.3192e-11
20  3.0  0.000153309
20  3.5  3.98169e-05
20  4.0  1.12699e-05
20  4.5  3.45768e-06
20  5.5  3.93689e-07
20  5.0  1.13291e-06
20  6.5  5.60117e-08
20  6.0  1.45557e-07
20  7.0  2.26925e-08
20  7.5  9.55657e-09
20  8.0  4.17519e-09
20  8.5  1.88587e-09
20  9.0  8.77926e-10
20  10.0  2.0664e-10
20  9.5  4.19393e-10
22  0.2  0.90411
22  0.3  0.668934
22  0.4  0.501628
22  0.5  0.374058
22  0.6  0.276094
22  0.7  0.201655
22  0.8  0.14601
22  0.9  0.104833
22  1.0  0.0751158
22  1.2  0.0381244
22  1.1  0.0535673
20  10.5  1.03784e-10
22  1.3  0.0272339
20  11.5  2.78227e-11
22  1.6  0.00991439
22  1.5  0.0138347
22  1.4  0.019377
22  1.7  0.00711924
22  1.8  0.00514582
22  2.0  0.00272136
22  2.5  0.000593638
22  1.9  0.00371601
20  12.0  1.48406e-11
20  11.0  5.33179e-11
22  3.0  0.000136974
22  4.0  1.00269e-05
22  3.5  3.57087e-05
22  5.0  1.00047e-06
22  4.5  3.06854e-06
22  5.5  3.49466e-07
22  6.5  4.94032e-08
22  6.0  1.28474e-07
22  7.0  1.99807e-08
22  7.5  8.40387e-09
22  8.0  3.66768e-09
22  8.5  1.65513e-09
22  9.0  7.69772e-10
22  10.0  1.80982e-10
22  9.5  3.67413e-10
24  0.2  0.828854
24  0.3  0.612262
24  0.4  0.45827
24  0.5  0.341017
24  0.6  0.250902
24  0.7  0.182888
24  0.8  0.131916
24  1.0  0.0673792
24  0.9  0.0945352
24  1.1  0.0480287
24  1.2  0.0340413
24  1.4  0.0172355
24  1.3  0.0242226
24  1.5  0.0122772
22  10.5  9.07995e-11
24  1.6  0.00877732
24  1.8  0.00459655
24  1.7  0.00629252
22  11.5  2.43063e-11
24  1.9  0.00327726
24  2.0  0.00238932
24  2.5  0.000506367
22  12.0  1.29582e-11
22  11.0  4.66065e-11
24  3.0  0.00011861
24  4.0  8.61342e-06
24  3.5  3.07662e-05
24  5.5  2.99292e-07
24  5.0  8.54528e-07
24  4.5  2.63589e-06
24  6.0  1.08792e-07
24  6.5  4.19508e-08
24  7.0  1.69266e-08
24  8.0  3.10665e-09
24  7.5  7.08197e-09
24  8.5  1.39649e-09
24  9.0  6.48741e-10
24  10.0  1.52258e-10
24  9.5  3.09309e-10
24  11.0  3.91071e-11
26  0.2  0.736263
26  0.3  0.542732
26  0.4  0.404409
26  0.5  0.300474
26  0.6  0.220489
26  0.7  0.159863
26  0.9  0.0820692
26  0.8  0.115092
26  1.0  0.0583761
26  1.3  0.0207988
26  1.1  0.0413586
26  1.4  0.014706
26  1.2  0.0292672
24  10.5  7.63027e-11
24  11.5  2.03862e-11
26  1.5  0.0104428
26  1.6  0.00744213
26  1.7  0.00537912
26  1.8  0.00382531
26  1.9  0.00280504
26  2.0  0.00199527
26  2.5  0.000418655
24  12.0  1.08605e-11
26  3.0  9.78904e-05
26  4.0  7.02782e-06
26  4.5  2.12839e-06
26  3.5  2.52287e-05
26  5.0  6.94297e-07
26  5.5  2.40309e-07
26  6.5  3.3672e-08
26  7.0  1.35647e-08
26  6.0  8.79195e-08
26  8.0  2.47745e-09
26  7.5  5.68568e-09
26  8.5  1.11285e-09
26  9.0  5.16144e-10
26  10.0  1.20794e-10
26  9.5  2.45814e-10
28  0.2  0.623674
28  0.3  0.45875
28  0.4  0.341102
28  0.5  0.251749
28  0.6  0.183883
28  0.7  0.132668
28  0.8  0.0949707
28  0.9  0.0674857
28  1.0  0.0476873
26  12.0  8.61706e-12
26  11.0  3.08179e-11
28  1.1  0.0336488
28  1.2  0.023734
28  1.3  0.0166756
28  1.4  0.0117811
26  10.5  6.0465e-11
26  11.5  1.61159e-11
28  1.5  0.00834987
28  1.6  0.00592159
28  1.9  0.00220864
28  1.7  0.00421881
28  1.8  0.00301922
28  2.0  0.00157744
28  2.5  0.000327162
28  3.0  7.51724e-05
28  4.5  1.60102e-06
28  4.0  5.31749e-06
28  3.5  1.91965e-05
28  5.0  5.17272e-07
28  6.0  6.50428e-08
28  5.5  1.79041e-07
28  6.5  2.49241e-08
28  7.0  1.00024e-08
28  8.0  1.81859e-09
28  7.5  4.18334e-09
28  8.5  8.14683e-10
28  9.0  3.77102e-10
28  10.0  8.78871e-11
28  9.5  1.79257e-10
28  11.0  2.24575e-11
30  0.2  0.492575
30  0.4  0.266401
30  0.3  0.36064
30  0.5  0.195835
30  0.6  0.142183
30  0.8  0.0722958
30  0.7  0.101958
28  12.0  6.23103e-12
30  1.0  0.0358803
30  0.9  0.0510881
30  1.1  0.025123
28  10.5  4.40417e-11
30  1.2  0.0175919
30  1.3  0.012324
30  1.4  0.0086637
30  1.6  0.00430452
30  1.5  0.00608726
30  1.7  0.00306495
30  1.8  0.00218258
30  1.9  0.00159377
30  2.0  0.00111753
30  2.5  0.000234214
28  11.5  1.17118e-11
30  4.5  1.07821e-06
30  3.5  1.30865e-05
30  4.0  3.60298e-06
30  3.0  5.2291e-05
30  5.5  1.18519e-07
30  5.0  3.47038e-07
30  6.5  1.63999e-08
30  6.0  4.31313e-08
30  7.5  2.7308e-09
30  7.0  6.59433e-09
30  8.0  1.18087e-09
30  8.5  5.28441e-10
30  9.0  2.43765e-10
30  10.0  5.65352e-11
30  9.5  1.1547e-10
30  11.0  1.43957e-11
32  0.2  0.352508
32  0.3  0.256837
30  10.5  2.80504e-11
32  0.4  0.188618
32  0.5  0.13756
32  0.6  0.0989992
32  0.7  0.0703673
30  12.0  3.97037e-12
32  0.9  0.0346083
32  0.8  0.049576
32  1.0  0.0241044
32  1.1  0.0167609
32  1.2  0.0116099
32  1.3  0.00806829
32  1.4  0.0056303
32  1.5  0.00393813
32  1.6  0.00276071
32  1.8  0.00139311
32  1.7  0.00195244
32  1.9  0.000991901
32  2.0  0.000726081
30  11.5  7.45719e-12
32  2.5  0.000139827
32  4.5  6.26581e-07
32  3.5  7.77756e-06
32  4.0  2.11698e-06
32  3.0  3.15448e-05
32  5.0  1.99281e-07
32  6.0  2.43933e-08
32  5.5  6.79521e-08
32  6.5  9.24413e-09
32  7.0  3.67623e-09
32  7.5  1.52271e-09
32  8.0  6.55489e-10
32  9.5  6.35232e-11
32  8.5  2.91984e-10
32  9.0  1.34089e-10
32  10.0  3.0751e-11
4  0.2  1.18885
32  10.5  1.52709e-11
4  0.3  0.884124
4  0.4  0.667062
4  0.5  0.501311
4  0.6  0.373247
4  0.7  0.275181
4  0.8  0.201195
4  0.9  0.145861
4  1.0  0.105482
4  1.1  0.0758505
32  11.0  7.76795e-12
4  1.2  0.0545439
4  1.4  0.028181
4  1.3  0.0392036
4  1.6  0.0146951
4  1.5  0.0203126
4  1.7  0.0106021
4  1.8  0.00773033
4  1.9  0.0056143
4  2.0  0.00409279
32  11.5  4.03241e-12
4  2.5  0.000911734
32  12.0  2.12961e-12
4  3.5  5.74682e-05
4  4.0  1.64332e-05
4  5.0  1.67244e-06
4  3.0  0.000219078
4  4.5  5.08175e-06
4  5.5  5.86099e-07
4  6.0  2.16807e-07
4  6.5  8.42691e-08
4  7.0  3.42414e-08
4  7.5  1.44768e-08
4  8.0  6.34647e-09
4  8.5  2.87412e-09
4  9.0  1.34176e-09
4  10.0  3.15439e-10
4  9.5  6.42882e-10
6  0.2  1.17918
6  0.3  0.876691
6  0.4  0.661412
6  0.5  0.496868
6  0.6  0.369794
6  0.7  0.272413
6  0.8  0.199254
6  0.9  0.144477
6  1.0  0.104416
6  1.1  0.0750391
6  1.2  0.0539452
6  1.3  0.0388383
4  10.5  1.5987e-10
6  1.4  0.0278987
6  1.5  0.0200444
6  1.6  0.0144829
6  1.8  0.00762521
6  1.7  0.0104769
6  1.9  0.00554435
6  2.0  0.0040706
6  2.5  0.000897358
4  12.0  2.29993e-11
4  11.0  8.23303e-11
4  11.5  4.31817e-11
6  3.5  5.66175e-05
6  4.0  1.61821e-05
6  4.5  4.98519e-06
6  3.0  0.000215925
6  5.0  1.64227e-06
6  5.5  5.76537e-07
6  6.0  2.13265e-07
6  6.5  8.28646e-08
6  7.0  3.36698e-08
6  7.5  1.42323e-08
6  8.0  6.23676e-09
6  8.5  2.82468e-09
6  9.0  1.31887e-09
6  9.5  6.31776e-10
6  10.0  3.10659e-10
8  0.2  1.16467
8  0.3  0.865478
8  0.4  0.653049
8  0.5  0.490407
8  0.6  0.36493
8  0.7  0.268826
8  0.8  0.196234
8  0.9  0.142253
8  1.1  0.0738258
8  1.0  0.102762
8  1.2  0.0531027
8  1.3  0.0381972
6  10.5  1.57026e-10
8  1.5  0.0197529
8  1.4  0.0274277
6  11.5  4.2273e-11
8  1.7  0.010297
8  1.6  0.0142151
8  1.8  0.00747256
8  1.9  0.00543479
8  2.0  0.00399915
8  2.5  0.000872434
6  12.0  2.25901e-11
6  11.0  8.08634e-11
8  3.5  5.54088e-05
8  4.0  1.58235e-05
8  4.5  4.87358e-06
8  3.0  0.000211469
8  5.0  1.60574e-06
8  5.5  5.63188e-07
8  6.0  2.08253e-07
8  6.5  8.08744e-08
8  7.5  1.38839e-08
8  7.0  3.29975e-08
8  8.0  6.08431e-09
8  8.5  2.75522e-09
8  9.0  1.28623e-09
8  9.5  6.16035e-10
8  10.0  3.02869e-10
8  10.5  1.53068e-10
8  11.5  4.11978e-11
8  11.0  7.88146e-11
8  12.0  2.20131e-11
