# diffractive D0 cross section, Pb target, LHAPDF fragmentation, An0n channel
# generated      : 2026-08-20 10:22:12 EEST
# calls          : 1e5 (VEGAS calls per point, see CALLS_EXCL/CALLS_EXCL_FACTORIZED/CALLS_DIFF)
# dipole samples : data/Pb/mve/glauber_mve_<b>
# pD0 sweep      : 0.2 0.3 0.4 0.5 0.6 0.7 0.8 0.9 1.0 1.1 1.2 1.3 1.4 1.5 1.6 1.7 1.8 1.9 2.0 2.5 3.0 3.5 4.0 4.5 5.0 5.5 6.0 6.5 7.0 7.5 8.0 8.5 9.0 9.5 10.0 10.5 11.0 11.5 12.0
# fixed rapidity y : 1.0
# ============================================================
# b  pD0  dsigma_dyd2pD0
0  0.3  0.585341
0  0.5  0.829718
0  0.4  0.749908
0  0.2  0.396201
0  0.7  0.792319
0  0.6  0.834641
0  0.9  0.608334
0  0.8  0.706866
0  1.0  0.513119
0  1.2  0.347957
0  1.1  0.42367
0  1.5  0.187095
0  1.3  0.284348
0  1.4  0.233098
0  1.6  0.151929
0  1.7  0.125039
0  1.8  0.0997712
0  1.9  0.0827454
0  2.0  0.0687301
0  2.5  0.026229
0  3.0  0.0115466
0  3.5  0.00534106
0  4.0  0.00275756
0  4.5  0.00145316
0  5.0  0.000826069
0  5.5  0.000487552
0  6.5  0.000187324
0  6.0  0.000298003
0  8.5  3.49377e-05
0  7.0  0.000118404
0  7.5  7.62585e-05
0  8.0  5.22807e-05
0  9.0  2.60076e-05
0  9.5  1.79283e-05
0  10.5  9.1639e-06
0  10.0  1.27449e-05
0  11.0  6.80704e-06
10  0.2  0.392483
10  0.3  0.578482
10  0.4  0.733917
10  0.5  0.814364
10  0.6  0.822117
10  0.7  0.772934
10  0.8  0.686865
10  0.9  0.591883
10  1.0  0.49301
10  1.1  0.410702
10  1.2  0.335975
10  1.3  0.271716
10  1.4  0.222191
10  1.5  0.18119
10  1.7  0.119043
10  1.6  0.145291
10  1.8  0.0975067
10  1.9  0.079043
10  2.0  0.064397
10  2.5  0.025175
10  3.0  0.0109908
0  11.5  5.18095e-06
10  3.5  0.00512414
0  12.0  3.8052e-06
10  4.0  0.0025693
10  4.5  0.00139202
10  5.0  0.000773744
10  5.5  0.000449517
10  6.0  0.000284072
10  6.5  0.00017698
10  7.0  0.000111967
10  8.0  4.98234e-05
10  7.5  7.3165e-05
10  9.5  1.70326e-05
10  9.0  2.40119e-05
10  8.5  3.43537e-05
10  10.5  8.8943e-06
10  10.0  1.21908e-05
12  0.2  0.394183
12  0.3  0.572819
12  0.4  0.729717
12  0.5  0.803454
12  0.6  0.808213
12  0.7  0.750287
12  0.8  0.680973
12  0.9  0.582125
10  11.0  6.60139e-06
12  1.0  0.484228
12  1.1  0.400855
12  1.2  0.329743
12  1.4  0.217899
12  1.3  0.268611
12  1.5  0.177239
12  1.6  0.14356
12  1.7  0.117428
12  1.8  0.0948628
12  1.9  0.0769857
12  2.0  0.0632464
12  2.5  0.0246525
10  11.5  4.8919e-06
12  3.0  0.0108427
12  3.5  0.00496702
10  12.0  3.63669e-06
12  4.0  0.00255938
12  5.5  0.000437711
12  4.5  0.00135554
12  5.0  0.000767317
12  6.5  0.000170325
12  6.0  0.000277271
12  7.0  0.000108588
12  7.5  7.29644e-05
12  9.5  1.66896e-05
12  8.0  4.86332e-05
12  9.0  2.31801e-05
12  8.5  3.31245e-05
12  10.5  8.51063e-06
12  10.0  1.20857e-05
14  0.2  0.386288
14  0.3  0.57036
14  0.4  0.724154
14  0.5  0.792074
14  0.6  0.796159
14  0.7  0.742944
14  0.8  0.672099
12  11.0  6.37591e-06
14  0.9  0.567654
14  1.0  0.479231
14  1.1  0.394075
14  1.2  0.318645
14  1.3  0.262822
14  1.4  0.21382
14  1.5  0.171736
14  1.6  0.139939
14  1.7  0.113233
14  1.8  0.0918798
14  1.9  0.075511
14  2.0  0.0615896
12  11.5  4.7836e-06
14  3.0  0.010478
14  2.5  0.0239371
14  3.5  0.00482557
12  12.0  3.61022e-06
14  4.0  0.00245168
14  4.5  0.00132184
14  5.0  0.000748963
14  5.5  0.000437913
14  6.0  0.000260953
14  6.5  0.00016752
14  7.0  0.000106362
14  8.0  4.63937e-05
14  7.5  6.96139e-05
14  9.5  1.60854e-05
14  9.0  2.32752e-05
14  8.5  3.28038e-05
14  10.5  8.40403e-06
14  10.0  1.17042e-05
16  0.2  0.385948
16  0.3  0.56203
16  0.4  0.706758
16  0.5  0.790581
16  0.6  0.77848
16  0.7  0.729562
16  0.8  0.648218
16  0.9  0.551472
16  1.0  0.473482
16  1.1  0.383497
16  1.2  0.31368
16  1.3  0.254351
14  11.0  6.14674e-06
16  1.5  0.164858
16  1.4  0.20462
16  1.6  0.135008
16  1.7  0.109163
16  1.8  0.0894771
16  1.9  0.0723536
16  2.0  0.0599079
16  2.5  0.0233631
16  3.0  0.00998194
14  11.5  4.68914e-06
16  3.5  0.00469148
14  12.0  3.41771e-06
16  4.0  0.00237536
16  5.5  0.000426061
16  4.5  0.00125031
16  5.0  0.000725437
16  6.0  0.000255643
16  6.5  0.000161281
16  7.0  0.000103732
16  7.5  6.95938e-05
16  8.0  4.62286e-05
16  9.0  2.21402e-05
16  8.5  3.12449e-05
16  9.5  1.54627e-05
16  10.5  8.01574e-06
16  10.0  1.09599e-05
18  0.2  0.386987
18  0.3  0.562928
18  0.4  0.706227
18  0.5  0.776107
18  0.6  0.763764
18  0.7  0.714694
18  0.8  0.629943
18  0.9  0.541389
18  1.0  0.446378
18  1.1  0.368353
18  1.2  0.297455
16  11.0  5.9327e-06
18  1.3  0.245764
18  1.4  0.197067
18  1.5  0.160234
18  1.6  0.129353
18  1.8  0.0850393
18  1.7  0.105961
18  1.9  0.0712849
18  2.0  0.0569782
18  2.5  0.022294
18  3.5  0.00445493
18  3.0  0.00947967
16  11.5  4.39808e-06
16  12.0  3.30671e-06
18  4.0  0.00228169
18  4.5  0.00122017
18  5.0  0.000695728
18  5.5  0.000408846
18  6.0  0.000239184
18  6.5  0.000155383
18  7.0  9.90197e-05
18  7.5  6.61053e-05
18  8.0  4.34271e-05
18  9.0  2.11532e-05
18  8.5  3.0105e-05
18  9.5  1.49639e-05
18  10.5  7.90987e-06
18  10.0  1.06065e-05
2  0.2  0.401435
2  0.3  0.584926
2  0.4  0.747156
2  0.5  0.824521
2  0.6  0.834625
2  0.7  0.77618
2  0.8  0.707082
2  0.9  0.606845
2  1.0  0.509627
18  11.0  5.80073e-06
18  11.5  4.3167e-06
2  1.2  0.351809
2  1.1  0.424653
2  1.3  0.284618
2  1.5  0.187286
2  1.4  0.230456
2  1.6  0.154851
2  1.7  0.125309
2  1.8  0.101387
2  1.9  0.0825647
2  2.5  0.0267439
2  2.0  0.067678
2  3.0  0.0114731
2  3.5  0.00538151
18  12.0  3.16194e-06
2  4.0  0.0027195
2  4.5  0.0014525
2  5.0  0.000815667
2  5.5  0.000485386
2  6.5  0.000182141
2  6.0  0.000300199
2  7.0  0.000120855
2  7.5  7.79861e-05
2  8.5  3.61491e-05
2  8.0  5.26535e-05
2  9.0  2.52499e-05
2  9.5  1.74125e-05
2  10.5  9.57836e-06
2  10.0  1.25464e-05
2  11.0  6.86369e-06
20  0.2  0.372617
20  0.3  0.548636
20  0.4  0.68895
20  0.5  0.748971
20  0.6  0.745753
20  0.7  0.692675
20  0.8  0.608542
20  0.9  0.524565
20  1.0  0.426283
20  1.1  0.352862
20  1.2  0.288393
20  1.3  0.232228
20  1.4  0.187139
20  1.5  0.153593
20  1.6  0.12358
20  1.7  0.100438
20  1.8  0.0805741
20  1.9  0.0665663
20  2.0  0.0544133
20  2.5  0.0209253
20  3.0  0.00912918
20  3.5  0.00414976
2  11.5  5.08446e-06
2  12.0  3.8416e-06
20  4.0  0.00216127
20  4.5  0.00114424
20  5.0  0.000649495
20  5.5  0.000376367
20  7.0  9.05416e-05
20  6.5  0.000142364
20  6.0  0.000229658
20  8.0  4.16226e-05
20  7.5  6.2029e-05
20  9.0  1.97724e-05
20  8.5  2.85751e-05
20  9.5  1.37221e-05
20  10.0  1.0078e-05
22  0.2  0.372147
22  0.3  0.543854
22  0.4  0.670464
22  0.5  0.722294
20  10.5  7.30161e-06
22  0.6  0.716968
22  0.7  0.654034
22  0.8  0.586017
22  0.9  0.489571
22  1.0  0.40704
22  1.1  0.331067
20  11.0  5.34602e-06
22  1.2  0.269916
22  1.3  0.218981
22  1.4  0.17956
22  1.5  0.143139
22  1.6  0.115934
22  1.7  0.0932173
22  1.8  0.0758311
22  1.9  0.0620618
22  2.0  0.0501052
22  2.5  0.0196231
22  3.0  0.00840685
22  3.5  0.00394122
20  11.5  4.07832e-06
20  12.0  3.02367e-06
22  4.0  0.00200775
22  4.5  0.00106831
22  5.0  0.000606636
22  5.5  0.000355526
22  6.5  0.000129412
22  6.0  0.00020948
22  8.0  3.84759e-05
22  7.0  8.65753e-05
22  7.5  5.74057e-05
22  8.5  2.63845e-05
22  9.5  1.3133e-05
22  9.0  1.84473e-05
22  10.0  9.31764e-06
24  0.2  0.358046
22  10.5  6.86759e-06
24  0.3  0.527342
24  0.4  0.647229
24  0.5  0.700445
24  0.6  0.680271
24  0.7  0.621722
24  0.8  0.535411
22  11.5  3.68725e-06
24  0.9  0.456627
22  11.0  4.9619e-06
24  1.0  0.377868
24  1.1  0.311155
24  1.2  0.250083
24  1.3  0.202408
24  1.4  0.163455
24  1.5  0.13128
22  12.0  2.78926e-06
24  1.6  0.105984
24  1.7  0.0855323
24  1.8  0.0690079
24  1.9  0.0566382
24  2.5  0.0185338
24  2.0  0.0460546
24  3.0  0.00768152
24  3.5  0.00357886
24  4.0  0.00183198
24  4.5  0.000977855
24  5.0  0.000552564
24  5.5  0.0003241
24  6.0  0.000189169
24  6.5  0.000123958
24  8.0  3.50379e-05
24  7.0  7.65619e-05
24  7.5  5.21745e-05
24  8.5  2.41771e-05
24  9.5  1.17783e-05
24  9.0  1.67283e-05
24  10.0  8.44191e-06
26  0.2  0.344421
26  0.3  0.505944
26  0.4  0.615532
26  0.5  0.656619
24  10.5  6.11439e-06
26  0.6  0.636226
26  0.7  0.574094
26  0.8  0.492385
26  0.9  0.414534
24  11.5  3.39662e-06
26  1.0  0.343131
26  1.1  0.276203
26  1.2  0.221879
26  1.3  0.182207
26  1.4  0.145966
26  1.5  0.116851
24  11.0  4.51373e-06
26  1.7  0.0743519
26  1.6  0.0929463
26  1.8  0.0612667
26  1.9  0.0508419
26  2.0  0.0412269
26  2.5  0.0155675
26  3.0  0.00696604
26  3.5  0.00314521
24  12.0  2.51065e-06
26  4.0  0.00164691
26  4.5  0.000874782
26  5.0  0.000487709
26  5.5  0.00028234
26  6.0  0.000171659
26  7.0  6.91582e-05
26  6.5  0.000105938
26  8.0  3.09297e-05
26  7.5  4.56284e-05
26  8.5  2.10436e-05
26  9.5  1.02226e-05
26  9.0  1.47014e-05
26  10.0  7.47995e-06
28  0.2  0.328762
28  0.3  0.477086
28  0.4  0.576961
28  0.5  0.605277
26  10.5  5.41688e-06
28  0.6  0.572347
28  0.7  0.507415
28  0.9  0.36553
28  0.8  0.434613
28  1.0  0.299331
28  1.1  0.241479
28  1.2  0.192301
28  1.3  0.155012
28  1.4  0.124933
28  1.5  0.0993752
26  11.0  3.9657e-06
28  1.6  0.0798385
28  1.8  0.05215
28  1.7  0.0646302
28  1.9  0.0420069
28  2.0  0.0345997
28  2.5  0.0130992
28  3.0  0.00581604
28  3.5  0.00271432
26  11.5  2.94329e-06
26  12.0  2.18166e-06
28  4.0  0.00136615
28  4.5  0.000723608
28  5.0  0.000406194
28  5.5  0.000239563
28  7.0  5.56174e-05
28  6.0  0.000142862
28  6.5  9.01249e-05
28  8.0  2.59601e-05
28  7.5  3.78645e-05
28  9.0  1.23397e-05
28  8.5  1.77253e-05
28  9.5  8.60137e-06
28  10.0  6.18982e-06
28  10.5  4.5061e-06
30  0.2  0.311069
30  0.3  0.438674
30  0.4  0.509555
30  0.5  0.522251
30  0.6  0.483103
30  0.7  0.426497
30  0.8  0.360413
30  0.9  0.293138
30  1.0  0.238317
30  1.1  0.19334
30  1.2  0.15507
30  1.3  0.124645
28  11.0  3.37746e-06
30  1.4  0.0992877
30  1.5  0.0788206
28  12.0  1.89253e-06
30  1.6  0.0631466
30  1.8  0.0412269
30  1.7  0.0505208
30  1.9  0.033118
30  3.0  0.00439813
30  2.0  0.026826
30  2.5  0.0104454
28  11.5  2.49373e-06
30  3.5  0.00209381
30  5.0  0.000318693
30  4.0  0.00107266
30  4.5  0.000571925
30  6.0  0.000112883
30  5.5  0.000186643
30  6.5  6.99767e-05
30  7.0  4.48608e-05
30  9.0  9.46049e-06
30  7.5  2.99147e-05
30  8.5  1.3484e-05
30  8.0  1.98884e-05
30  9.5  6.78596e-06
30  10.0  4.85582e-06
32  0.2  0.270833
32  0.3  0.376901
32  0.4  0.421977
32  0.5  0.417488
32  0.6  0.381654
32  0.7  0.321509
30  11.5  1.914e-06
30  10.5  3.52875e-06
32  0.8  0.270515
32  0.9  0.219499
32  1.1  0.14464
32  1.0  0.178357
32  1.2  0.113803
32  1.3  0.0898286
32  1.4  0.071612
30  11.0  2.61315e-06
32  1.5  0.0566495
32  1.6  0.0452482
32  1.7  0.0365526
32  1.8  0.0298388
32  1.9  0.0240473
30  12.0  1.44974e-06
32  2.0  0.01968
32  3.0  0.00318064
32  3.5  0.00148039
32  2.5  0.00759708
32  4.5  0.000405554
32  5.0  0.000228512
32  4.0  0.000737869
32  6.0  8.05848e-05
32  5.5  0.000132806
32  6.5  5.0038e-05
32  7.0  3.23002e-05
32  7.5  2.10801e-05
32  8.0  1.41592e-05
32  9.0  6.93459e-06
32  8.5  9.76937e-06
32  9.5  4.81293e-06
32  10.5  2.5102e-06
32  10.0  3.45372e-06
4  0.2  0.397365
4  0.3  0.584194
4  0.4  0.741031
4  0.5  0.82513
4  0.6  0.832739
4  0.7  0.785769
4  0.8  0.701228
4  0.9  0.602832
4  1.0  0.512181
4  1.1  0.425744
4  1.2  0.348866
32  11.0  1.84573e-06
4  1.3  0.280932
4  1.4  0.230105
4  1.5  0.187274
4  1.6  0.151502
4  1.7  0.123591
4  1.8  0.100643
4  1.9  0.0833737
4  2.5  0.0265606
4  2.0  0.0668251
4  3.0  0.0112407
4  3.5  0.00531413
32  12.0  1.02076e-06
32  11.5  1.40064e-06
4  4.0  0.00265977
4  4.5  0.00143319
4  5.0  0.000811454
4  5.5  0.000472761
4  6.5  0.000185653
4  6.0  0.000292187
4  7.0  0.00011581
4  8.0  5.25164e-05
4  7.5  7.75726e-05
4  8.5  3.5826e-05
4  9.0  2.46279e-05
4  9.5  1.77907e-05
4  10.5  9.28319e-06
4  10.0  1.27389e-05
6  0.2  0.398686
4  11.0  6.78206e-06
6  0.3  0.582888
6  0.4  0.738322
6  0.5  0.819094
6  0.6  0.836981
6  0.7  0.778807
6  0.8  0.694794
6  0.9  0.600765
6  1.0  0.50866
6  1.2  0.344064
6  1.1  0.420042
6  1.4  0.229369
6  1.3  0.280261
6  1.5  0.185757
6  1.6  0.150362
6  1.7  0.121876
6  1.8  0.0982471
6  1.9  0.0818802
6  2.0  0.0662979
6  2.5  0.0263332
6  3.5  0.00537809
6  3.0  0.0113033
4  11.5  5.03083e-06
4  12.0  3.88815e-06
6  4.0  0.00265865
6  4.5  0.0014358
6  5.0  0.000806421
6  5.5  0.000477782
6  6.5  0.000178699
6  6.0  0.000282351
6  7.0  0.000117465
6  8.0  5.05559e-05
6  7.5  7.6944e-05
6  8.5  3.57063e-05
6  9.0  2.54989e-05
6  9.5  1.73042e-05
6  10.5  9.13639e-06
6  10.0  1.24872e-05
6  11.0  6.7154e-06
8  0.2  0.399255
8  0.3  0.581201
8  0.4  0.734617
8  0.5  0.822946
8  0.6  0.822809
8  0.7  0.77299
8  0.8  0.692933
8  0.9  0.595094
8  1.0  0.502472
8  1.1  0.416927
8  1.2  0.343432
8  1.3  0.278768
8  1.4  0.226199
8  1.5  0.184431
8  1.7  0.121624
8  1.6  0.147672
8  1.8  0.0980033
8  2.0  0.0652909
8  1.9  0.0807324
8  3.0  0.0111599
8  2.5  0.0256968
8  3.5  0.00525809
6  11.5  5.13728e-06
6  12.0  3.82771e-06
8  4.0  0.0025974
8  4.5  0.00139324
8  5.0  0.000807647
8  5.5  0.000471487
8  6.5  0.000173602
8  6.0  0.000287695
8  7.0  0.000115961
8  7.5  7.55983e-05
8  8.0  5.09388e-05
8  9.5  1.73252e-05
8  9.0  2.44622e-05
8  8.5  3.58929e-05
8  10.5  9.00736e-06
8  10.0  1.23343e-05
8  11.0  6.64932e-06
8  11.5  5.04913e-06
8  12.0  3.66172e-06
