# diffractive D0 cross section, Pb target, LHAPDF fragmentation, An0n channel
# generated      : 2026-08-20 10:22:12 EEST
# calls          : 1e5 (VEGAS calls per point, see CALLS_EXCL/CALLS_EXCL_FACTORIZED/CALLS_DIFF)
# dipole samples : data/Pb/mve/glauber_mve_<b>
# pD0 sweep      : 0.2 0.3 0.4 0.5 0.6 0.7 0.8 0.9 1.0 1.1 1.2 1.3 1.4 1.5 1.6 1.7 1.8 1.9 2.0 2.5 3.0 3.5 4.0 4.5 5.0 5.5 6.0 6.5 7.0 7.5 8.0 8.5 9.0 9.5 10.0 10.5 11.0 11.5 12.0
# fixed rapidity y : 3.0
# ============================================================
# b  pD0  dsigma_dyd2pD0
0  0.4  0.10103
0  0.2  0.0560139
0  0.3  0.0828255
0  0.5  0.107594
0  0.6  0.101749
0  0.7  0.0908527
0  0.8  0.0756402
0  1.2  0.0288971
0  0.9  0.0610363
0  1.0  0.0480497
0  1.4  0.0167147
0  1.1  0.0373933
0  1.3  0.0218601
0  1.5  0.0127351
0  1.6  0.00954944
0  1.7  0.00730872
0  1.9  0.00435434
0  1.8  0.00562228
0  2.5  0.000935871
0  2.0  0.00330556
0  3.5  9.77472e-05
0  3.0  0.000286811
0  5.0  6.12957e-06
0  4.0  3.69768e-05
0  4.5  1.44273e-05
0  5.5  2.62617e-06
0  6.0  1.18958e-06
0  6.5  5.47317e-07
0  7.0  2.69027e-07
0  7.5  1.3186e-07
0  8.0  6.84611e-08
0  8.5  3.5505e-08
0  9.0  1.8497e-08
0  9.5  9.75552e-09
0  10.5  3.04507e-09
0  10.0  5.44451e-09
10  0.2  0.0559557
10  0.3  0.0825389
10  0.4  0.0999903
10  0.5  0.106103
10  0.6  0.100169
10  0.7  0.0888384
10  0.8  0.0735805
10  0.9  0.0591969
10  1.0  0.0463291
10  1.1  0.0357941
10  1.2  0.0277521
10  1.3  0.0208837
10  1.4  0.0160519
0  11.0  1.69175e-09
10  1.5  0.0121723
10  1.6  0.00921813
10  1.7  0.00706961
10  1.8  0.00537893
10  1.9  0.00412179
10  2.0  0.00314655
10  2.5  0.000889227
0  11.5  9.47936e-10
10  3.0  0.000279501
10  3.5  9.46716e-05
0  12.0  5.45796e-10
10  4.0  3.39577e-05
10  4.5  1.37072e-05
10  5.0  5.73699e-06
10  5.5  2.50605e-06
10  6.0  1.07245e-06
10  6.5  5.22581e-07
10  7.0  2.45913e-07
10  7.5  1.28498e-07
10  8.0  6.23958e-08
10  9.5  9.4556e-09
10  8.5  3.32761e-08
10  9.0  1.72781e-08
10  10.5  2.85712e-09
10  10.0  5.17752e-09
12  0.2  0.0553254
10  11.0  1.61346e-09
12  0.3  0.0816371
12  0.4  0.0997307
12  0.5  0.104292
12  0.6  0.0990326
12  0.7  0.0877747
10  11.5  9.16683e-10
12  0.8  0.072603
12  0.9  0.058179
12  1.0  0.0452128
12  1.2  0.026735
12  1.1  0.0352297
12  1.3  0.0206203
12  1.4  0.0155446
12  1.6  0.0090403
12  1.5  0.0118626
12  1.7  0.00693502
12  1.8  0.00526881
12  2.0  0.00306908
12  1.9  0.00407911
12  2.5  0.000872067
12  3.5  9.22342e-05
12  3.0  0.000269367
10  12.0  5.1593e-10
12  4.0  3.44872e-05
12  4.5  1.37937e-05
12  5.0  5.4821e-06
12  5.5  2.40854e-06
12  6.0  1.08146e-06
12  7.5  1.23551e-07
12  6.5  5.22265e-07
12  7.0  2.36915e-07
12  8.0  6.3141e-08
12  8.5  3.11805e-08
12  10.0  5.03937e-09
12  9.0  1.70771e-08
12  11.0  1.52002e-09
12  9.5  9.18246e-09
12  10.5  2.77228e-09
14  0.2  0.0547529
14  0.3  0.0808125
14  0.4  0.0988411
14  0.5  0.104197
14  0.6  0.0983525
14  0.7  0.0854681
12  12.0  5.12184e-10
14  0.8  0.0712716
14  0.9  0.056821
14  1.0  0.0449021
14  1.1  0.0349303
14  1.2  0.0262039
14  1.3  0.0201146
14  1.4  0.0153545
14  1.5  0.0116465
14  1.6  0.00878132
14  1.7  0.00673513
14  1.8  0.00508664
12  11.5  8.77115e-10
14  1.9  0.00401051
14  2.5  0.000871159
14  2.0  0.00304708
14  3.5  8.88141e-05
14  3.0  0.000263778
14  5.0  5.54524e-06
14  4.0  3.23712e-05
14  4.5  1.32542e-05
14  6.0  1.0652e-06
14  5.5  2.19167e-06
14  7.0  2.34274e-07
14  7.5  1.20602e-07
14  8.0  6.13516e-08
14  6.5  4.92052e-07
14  8.5  3.05095e-08
14  10.0  4.74361e-09
14  9.0  1.67039e-08
14  9.5  8.64608e-09
14  10.5  2.6728e-09
16  0.2  0.0546951
14  11.0  1.52188e-09
16  0.3  0.0804141
16  0.4  0.0980825
16  0.5  0.101671
16  0.6  0.0964508
16  0.7  0.0844761
16  0.8  0.0702123
16  0.9  0.0557175
16  1.0  0.0435592
16  1.1  0.0339159
16  1.2  0.0254381
16  1.3  0.0193822
16  1.5  0.0112992
16  1.4  0.0148312
16  1.6  0.0085737
16  1.7  0.00652584
16  1.8  0.0049279
16  1.9  0.00378844
16  2.0  0.00293682
16  2.5  0.000824397
14  11.5  8.64383e-10
16  3.0  0.000254872
16  3.5  8.54154e-05
14  12.0  4.91642e-10
16  4.0  3.19581e-05
16  4.5  1.29846e-05
16  5.0  5.25885e-06
16  5.5  2.26401e-06
16  6.0  1.02071e-06
16  6.5  4.78262e-07
16  7.0  2.3573e-07
16  7.5  1.14797e-07
16  8.0  5.96099e-08
16  8.5  3.00945e-08
16  9.0  1.59034e-08
16  9.5  8.34705e-09
16  11.0  1.42654e-09
16  10.5  2.56914e-09
16  10.0  4.71207e-09
18  0.2  0.0537507
18  0.3  0.0798167
18  0.4  0.0965695
18  0.5  0.100621
18  0.6  0.0946948
18  0.7  0.0821151
18  0.9  0.0540794
18  0.8  0.0676059
18  1.0  0.0415691
18  1.1  0.0322126
18  1.2  0.0245846
18  1.3  0.0189636
18  1.4  0.0142803
18  1.5  0.0108775
18  1.6  0.00819236
18  1.8  0.00473872
18  1.7  0.0062551
18  1.9  0.00363969
18  2.5  0.000776905
18  2.0  0.00275568
16  11.5  8.33588e-10
18  3.0  0.000237793
18  3.5  8.27518e-05
16  12.0  4.74825e-10
18  4.0  3.05232e-05
18  4.5  1.19493e-05
18  5.0  5.03029e-06
18  5.5  2.23806e-06
18  7.0  2.27222e-07
18  6.0  9.3965e-07
18  6.5  4.5814e-07
18  7.5  1.05807e-07
18  8.0  5.61656e-08
18  8.5  2.91291e-08
18  9.0  1.53692e-08
18  10.5  2.43024e-09
18  9.5  8.09175e-09
18  10.0  4.53853e-09
2  0.2  0.0561426
2  0.3  0.0834066
2  0.4  0.102779
2  0.5  0.107854
2  0.6  0.101959
2  0.7  0.0909181
2  0.8  0.0749926
2  0.9  0.0607675
2  1.0  0.0479559
18  11.5  7.94139e-10
18  11.0  1.41498e-09
2  1.1  0.037555
2  1.2  0.0286366
2  1.4  0.0167353
2  1.3  0.0220336
2  1.5  0.0126424
2  1.6  0.00963423
2  1.7  0.00733563
2  1.9  0.00423244
2  1.8  0.00561777
2  2.0  0.00334894
2  2.5  0.000930228
2  3.0  0.000285539
2  3.5  9.81787e-05
18  12.0  4.60926e-10
2  5.0  6.10236e-06
2  4.0  3.67595e-05
2  4.5  1.44462e-05
2  5.5  2.61812e-06
2  6.0  1.17907e-06
2  6.5  5.38057e-07
2  7.0  2.65926e-07
2  7.5  1.29723e-07
2  8.0  6.5229e-08
2  8.5  3.48397e-08
2  9.0  1.8539e-08
2  9.5  9.95092e-09
2  10.5  2.92752e-09
2  10.0  5.18675e-09
20  0.2  0.0534651
20  0.3  0.0789286
20  0.4  0.0950864
20  0.5  0.0980417
20  0.6  0.0916107
20  0.7  0.0792736
20  0.8  0.065064
20  0.9  0.0519839
20  1.0  0.0403571
20  1.1  0.0309177
20  1.2  0.0240695
20  1.3  0.0178398
2  11.0  1.68747e-09
20  1.4  0.0136439
20  1.5  0.0103124
20  1.6  0.00786412
20  1.7  0.00595879
20  1.8  0.00452729
20  1.9  0.00344378
20  2.0  0.00268694
20  2.5  0.000746708
20  3.0  0.000228713
20  3.5  8.02798e-05
2  11.5  9.49014e-10
2  12.0  5.43423e-10
20  4.0  2.92414e-05
20  4.5  1.14229e-05
20  5.0  4.61966e-06
20  6.0  9.37455e-07
20  5.5  1.99561e-06
20  6.5  4.40154e-07
20  7.0  2.11909e-07
20  7.5  1.0439e-07
20  8.5  2.74346e-08
20  8.0  5.28784e-08
20  9.0  1.44933e-08
20  9.5  7.75288e-09
20  10.0  4.23526e-09
22  0.2  0.0527235
22  0.3  0.0773584
20  10.5  2.31199e-09
22  0.4  0.0915846
22  0.5  0.0950433
22  0.6  0.0884439
22  0.7  0.0760724
22  0.8  0.0623856
22  0.9  0.0493755
22  1.0  0.038044
22  1.1  0.02921
22  1.2  0.0222377
20  11.0  1.3202e-09
22  1.3  0.0168787
22  1.4  0.012765
22  1.6  0.00742211
22  1.5  0.00961485
22  1.8  0.00427441
22  1.7  0.00555094
22  1.9  0.00322708
22  2.0  0.00247376
22  2.5  0.000697457
20  11.5  7.36275e-10
22  3.0  0.000214639
22  3.5  7.4948e-05
20  12.0  4.39549e-10
22  4.0  2.66427e-05
22  5.5  1.95884e-06
22  4.5  1.0711e-05
22  5.0  4.22921e-06
22  6.5  4.05583e-07
22  7.0  1.97169e-07
22  6.0  8.74904e-07
22  8.0  4.98313e-08
22  7.5  9.90493e-08
22  8.5  2.54532e-08
22  9.0  1.35674e-08
22  9.5  7.15393e-09
22  10.0  3.87063e-09
24  0.2  0.0519167
24  0.3  0.0747804
22  10.5  2.14255e-09
24  0.4  0.0892534
24  0.5  0.0913029
24  0.6  0.0842835
24  0.7  0.071743
24  0.8  0.058218
24  0.9  0.046318
24  1.0  0.0357477
24  1.1  0.0271672
24  1.2  0.0204887
24  1.3  0.015644
24  1.4  0.0117703
24  1.5  0.00901215
22  11.0  1.23335e-09
24  1.6  0.00677871
24  1.7  0.0050946
24  1.8  0.00385731
24  1.9  0.00296059
24  2.5  0.000621823
22  11.5  7.00862e-10
24  2.0  0.00221615
24  3.5  6.7352e-05
24  3.0  0.000186699
22  12.0  3.97389e-10
24  4.0  2.46471e-05
24  4.5  9.67637e-06
24  5.0  4.0264e-06
24  5.5  1.69242e-06
24  6.0  8.02319e-07
24  6.5  3.74049e-07
24  7.0  1.76941e-07
24  7.5  8.536e-08
24  8.0  4.49664e-08
24  8.5  2.26921e-08
24  9.0  1.2015e-08
24  9.5  6.4931e-09
24  10.5  1.93754e-09
24  10.0  3.65857e-09
26  0.2  0.0500071
26  0.3  0.0732912
26  0.4  0.0852305
26  0.5  0.0859733
26  0.6  0.0772092
26  0.7  0.0662911
26  0.8  0.0536458
26  0.9  0.0420638
26  1.0  0.032263
26  1.1  0.0244972
26  1.2  0.0186133
24  11.0  1.10869e-09
26  1.3  0.0139892
26  1.4  0.0105071
26  1.5  0.00800107
26  1.6  0.00609103
26  1.7  0.00458056
26  1.8  0.00340257
24  11.5  6.39637e-10
26  1.9  0.00258662
26  2.0  0.00193358
26  2.5  0.000560587
26  3.5  6.00202e-05
26  3.0  0.000170426
24  12.0  3.71051e-10
26  4.0  2.16501e-05
26  4.5  8.56972e-06
26  5.0  3.58744e-06
26  5.5  1.57302e-06
26  7.0  1.62956e-07
26  6.0  6.90393e-07
26  6.5  3.27387e-07
26  7.5  7.83634e-08
26  8.0  3.93623e-08
26  8.5  1.9904e-08
26  10.5  1.71417e-09
26  9.0  1.09015e-08
26  9.5  5.85271e-09
26  10.0  3.09607e-09
26  11.0  1.00046e-09
28  0.2  0.0485165
28  0.3  0.0684461
28  0.4  0.0800053
28  0.5  0.0787972
28  0.6  0.0695798
28  0.7  0.0577349
28  0.8  0.0473417
28  0.9  0.0367736
28  1.0  0.0278527
28  1.1  0.0212473
28  1.2  0.0162198
28  1.3  0.0119439
28  1.4  0.0090255
28  1.5  0.00676945
28  1.6  0.00501402
28  1.7  0.00379468
28  1.9  0.00222918
28  1.8  0.00289403
28  2.0  0.00168901
28  2.5  0.000466559
28  3.0  0.000146666
28  3.5  4.89375e-05
26  11.5  5.46991e-10
26  12.0  3.28076e-10
28  4.5  6.95146e-06
28  4.0  1.83427e-05
28  5.0  3.00419e-06
28  5.5  1.22737e-06
28  6.0  5.79049e-07
28  6.5  2.76999e-07
28  7.0  1.3394e-07
28  7.5  6.3189e-08
28  8.0  3.34269e-08
28  8.5  1.74178e-08
28  9.0  8.81333e-09
28  9.5  4.80449e-09
28  10.0  2.59791e-09
30  0.2  0.0455309
30  0.3  0.0636985
28  10.5  1.47721e-09
30  0.4  0.0703996
30  0.5  0.0685353
30  0.6  0.0588747
28  11.5  4.63394e-10
30  0.7  0.0488264
30  0.8  0.0389326
30  0.9  0.0305154
30  1.0  0.0230287
30  1.1  0.0174976
28  11.0  8.29448e-10
30  1.2  0.0129525
30  1.3  0.00966833
30  1.5  0.00528744
30  1.4  0.00715471
30  1.6  0.00400426
30  1.7  0.00304126
30  1.8  0.00230676
30  2.0  0.00131675
30  1.9  0.00178283
30  2.5  0.000363382
30  3.5  3.62895e-05
30  3.0  0.000113681
28  12.0  2.73838e-10
30  4.5  5.55005e-06
30  5.5  1.00285e-06
30  4.0  1.42303e-05
30  5.0  2.2613e-06
30  6.5  2.05846e-07
30  7.5  4.9573e-08
30  6.0  4.5632e-07
30  7.0  1.02978e-07
30  9.0  7.10558e-09
30  8.0  2.59944e-08
30  8.5  1.33939e-08
30  10.0  2.0732e-09
30  10.5  1.15617e-09
30  11.0  6.54266e-10
30  9.5  3.77065e-09
32  0.2  0.0402493
32  0.3  0.0559843
32  0.4  0.0590685
32  0.5  0.0546981
32  0.6  0.0458463
32  0.8  0.0295204
32  0.7  0.0376658
32  0.9  0.0226609
32  1.0  0.0171753
32  1.1  0.0127476
32  1.2  0.00943548
32  1.3  0.00698297
32  1.4  0.00511917
32  1.5  0.00390716
32  1.6  0.00294844
32  1.7  0.00228341
32  1.8  0.00166746
32  1.9  0.0012826
30  11.5  3.73145e-10
32  2.0  0.000966744
32  2.5  0.000275803
32  3.0  8.36227e-05
32  3.5  2.83e-05
30  12.0  2.1284e-10
32  4.0  1.01992e-05
32  4.5  3.91223e-06
32  5.5  7.03259e-07
32  5.0  1.61376e-06
32  6.0  3.20646e-07
32  6.5  1.50055e-07
32  7.5  3.64895e-08
32  7.0  7.40387e-08
32  8.5  9.52092e-09
32  8.0  1.87046e-08
32  9.5  2.7156e-09
32  9.0  4.99417e-09
32  11.0  4.54274e-10
32  10.0  1.48723e-09
4  0.2  0.0558891
4  0.3  0.0835028
4  0.4  0.10236
32  10.5  8.27122e-10
4  0.5  0.10806
4  0.6  0.102396
4  0.7  0.0907908
4  0.8  0.0752162
4  0.9  0.0605839
4  1.1  0.0369253
4  1.0  0.0473444
4  1.2  0.0283587
4  1.4  0.0165415
4  1.3  0.0218851
4  1.5  0.0127493
4  1.6  0.00963168
4  1.7  0.00734458
4  1.9  0.00422713
4  1.8  0.00558056
4  2.0  0.00330308
4  2.5  0.000914976
4  3.0  0.00028148
4  3.5  9.67702e-05
32  12.0  1.53808e-10
32  11.5  2.67086e-10
4  4.0  3.57329e-05
4  4.5  1.39235e-05
4  5.0  5.87667e-06
4  5.5  2.52434e-06
4  6.0  1.13697e-06
4  6.5  5.24511e-07
4  7.0  2.62359e-07
4  7.5  1.33144e-07
4  8.0  6.46534e-08
4  8.5  3.37347e-08
4  9.0  1.84704e-08
4  9.5  9.63319e-09
4  10.0  5.36047e-09
6  0.2  0.0560681
6  0.3  0.0829123
6  0.4  0.101104
4  10.5  3.00059e-09
6  0.5  0.107155
6  0.6  0.0998522
6  0.7  0.0903669
6  0.8  0.0753026
6  0.9  0.0594894
4  11.0  1.67307e-09
6  1.0  0.0473573
6  1.1  0.0369752
6  1.2  0.0282077
6  1.3  0.0217274
6  1.4  0.0163933
6  1.5  0.0124656
6  1.6  0.0096318
6  1.7  0.00726372
6  1.9  0.00423779
6  1.8  0.00553511
6  2.5  0.000915828
6  2.0  0.00325963
6  3.5  9.61846e-05
6  3.0  0.00028121
4  11.5  9.48493e-10
4  12.0  5.49612e-10
6  5.0  5.81333e-06
6  4.0  3.58899e-05
6  4.5  1.44573e-05
6  5.5  2.61807e-06
6  7.0  2.60405e-07
6  6.0  1.16148e-06
6  6.5  5.4125e-07
6  7.5  1.30836e-07
6  8.0  6.53564e-08
6  9.5  9.7838e-09
6  8.5  3.33398e-08
6  9.0  1.82769e-08
6  10.0  5.15469e-09
6  11.5  9.23911e-10
8  0.2  0.0560013
8  0.3  0.082621
8  0.4  0.100429
6  10.5  2.9759e-09
8  0.5  0.106648
8  0.6  0.101497
8  0.7  0.089415
8  0.8  0.0747438
8  0.9  0.0597534
8  1.0  0.0474333
6  11.0  1.65061e-09
8  1.2  0.0281368
8  1.1  0.0365581
8  1.3  0.0215929
8  1.4  0.0162773
8  1.5  0.0124123
8  1.7  0.00723537
8  1.6  0.00942108
8  1.8  0.00547537
8  1.9  0.00418603
8  2.0  0.00320923
8  2.5  0.000900424
8  3.0  0.000273303
8  3.5  9.63319e-05
6  12.0  5.44094e-10
8  5.0  5.69292e-06
8  4.0  3.59292e-05
8  5.5  2.43895e-06
8  4.5  1.43022e-05
8  7.0  2.50115e-07
8  6.0  1.10418e-06
8  6.5  5.19169e-07
8  7.5  1.29156e-07
8  8.0  6.34231e-08
8  9.5  9.44723e-09
8  8.5  3.40058e-08
8  10.0  5.09873e-09
8  9.0  1.79446e-08
8  10.5  2.89117e-09
8  11.0  1.63491e-09
8  11.5  9.0365e-10
8  12.0  5.42153e-10
