# diffractive D0 cross section, Pb target, HymnD fragmentation, An0n channel
# generated      : 2026-08-20 11:00:51 EEST
# calls          : 1e5 (VEGAS calls per point, see CALLS_EXCL/CALLS_EXCL_FACTORIZED/CALLS_DIFF)
# dipole samples : data/Pb/bk_posterior/member_0010/glauber_mve_<b>
# pD0 sweep      : 0.2 0.3 0.4 0.5 0.6 0.7 0.8 0.9 1.0 1.1 1.2 1.3 1.4 1.5 1.6 1.7 1.8 1.9 2.0 2.5 3.0 3.5 4.0 4.5 5.0 5.5 6.0 6.5 7.0 7.5 8.0 8.5 9.0 9.5 10.0 10.5 11.0 11.5 12.0
# fixed rapidity y : 0.0
# ============================================================
# b  pD0  dsigma_dyd2pD0
0  0.5  1.15473
0  0.4  1.02884
0  0.2  0.562561
0  0.3  0.813308
0  0.6  1.1516
0  0.7  1.08742
0  0.8  0.997685
0  0.9  0.858793
0  1.0  0.731808
0  1.1  0.620622
0  1.2  0.509295
0  1.4  0.341844
0  1.3  0.423305
0  1.8  0.156966
0  1.6  0.233891
0  1.5  0.281901
0  1.7  0.189083
0  2.0  0.106724
0  1.9  0.129475
0  3.0  0.0201469
0  2.5  0.0439786
0  3.5  0.0101497
0  4.0  0.00537295
0  4.5  0.00295682
0  5.0  0.00174909
0  5.5  0.00105718
0  6.0  0.000674358
0  6.5  0.000457011
0  7.0  0.00029557
0  7.5  0.000206673
0  8.0  0.000142114
0  8.5  0.000101584
0  9.0  7.25389e-05
0  9.5  5.2842e-05
0  10.0  4.06069e-05
0  11.5  1.73718e-05
10  0.2  0.55518
0  10.5  2.94951e-05
10  0.3  0.803948
10  0.4  1.02414
10  0.5  1.11453
10  0.6  1.1234
10  0.7  1.07658
10  0.8  0.963864
10  0.9  0.834857
10  1.0  0.705165
10  1.1  0.589405
10  1.2  0.491106
10  1.3  0.400705
10  1.4  0.328543
10  1.5  0.270437
10  1.6  0.225012
10  1.7  0.182328
10  1.8  0.151875
10  1.9  0.123695
0  11.0  2.29478e-05
10  2.0  0.102886
10  2.5  0.0421903
10  3.0  0.019667
10  3.5  0.00948742
0  12.0  1.36041e-05
10  4.0  0.0050294
10  4.5  0.00280415
10  5.5  0.00104267
10  5.0  0.00168739
10  7.0  0.000280278
10  6.0  0.000638271
10  6.5  0.000428499
10  8.0  0.00013424
10  7.5  0.00019293
10  8.5  9.58136e-05
10  9.0  6.94085e-05
10  9.5  5.07373e-05
10  10.0  3.69827e-05
10  11.5  1.65436e-05
12  0.2  0.552346
12  0.3  0.790961
12  0.4  1.0039
10  10.5  2.83558e-05
12  0.5  1.10889
12  0.6  1.11396
12  0.7  1.04667
12  0.8  0.949795
12  0.9  0.824318
12  1.0  0.698821
12  1.2  0.480228
12  1.1  0.579179
12  1.3  0.394502
12  1.4  0.327527
12  1.5  0.265161
12  1.6  0.217864
12  1.8  0.148617
12  1.7  0.180107
10  11.0  2.13728e-05
12  1.9  0.122475
12  2.0  0.101285
12  2.5  0.0415514
12  3.0  0.0188199
12  3.5  0.009325
10  12.0  1.25849e-05
12  4.5  0.00281941
12  5.5  0.000995034
12  5.0  0.00162934
12  4.0  0.0048991
12  6.0  0.000632626
12  6.5  0.000415219
12  7.0  0.00027499
12  7.5  0.000193553
12  8.0  0.000134175
12  8.5  9.371e-05
12  9.0  6.73235e-05
12  9.5  4.94896e-05
12  10.0  3.75532e-05
12  11.5  1.59769e-05
14  0.2  0.548963
14  0.3  0.794464
14  0.4  0.99594
12  10.5  2.74485e-05
14  0.5  1.10292
14  0.6  1.12041
14  0.7  1.04635
14  0.8  0.927697
14  0.9  0.80154
14  1.0  0.681907
14  1.1  0.567481
14  1.2  0.466364
14  1.4  0.317088
14  1.3  0.386633
12  11.0  2.12926e-05
14  1.6  0.205931
14  1.5  0.261139
14  1.7  0.171325
14  1.8  0.144764
14  1.9  0.11732
14  2.0  0.0982218
14  3.0  0.0185371
14  2.5  0.0400602
14  3.5  0.00913646
14  4.5  0.00268547
12  12.0  1.25307e-05
14  5.5  0.000974481
14  4.0  0.00478328
14  5.0  0.00161318
14  7.5  0.000184147
14  6.0  0.000620401
14  7.0  0.000267275
14  6.5  0.000403362
14  8.0  0.000131867
14  8.5  9.10798e-05
14  9.0  6.71726e-05
14  9.5  4.93355e-05
14  10.0  3.55454e-05
14  11.5  1.58529e-05
16  0.2  0.543943
16  0.3  0.786931
16  0.4  0.978653
16  0.5  1.07621
16  0.6  1.09472
16  0.7  1.01983
14  10.5  2.69977e-05
16  0.8  0.906743
16  0.9  0.789724
16  1.0  0.663759
16  1.2  0.456503
16  1.1  0.557536
16  1.4  0.303207
16  1.3  0.371885
16  1.6  0.207836
16  1.5  0.245385
14  12.0  1.20501e-05
16  1.7  0.16827
16  1.8  0.13882
16  1.9  0.114905
16  2.0  0.0945298
16  2.5  0.0390528
14  11.0  2.0299e-05
16  3.0  0.0176614
16  3.5  0.00868836
16  5.5  0.000925779
16  4.0  0.00461634
16  4.5  0.00258261
16  5.0  0.00155267
16  6.0  0.000600061
16  7.0  0.000257406
16  6.5  0.000390402
16  7.5  0.000177938
16  8.0  0.000127029
16  8.5  8.74165e-05
16  9.0  6.42786e-05
16  9.5  4.70612e-05
16  10.0  3.51485e-05
18  0.2  0.536043
18  0.3  0.776344
18  0.4  0.96393
16  10.5  2.56364e-05
18  0.5  1.07111
18  0.6  1.05044
18  0.7  0.995174
18  0.8  0.885531
18  0.9  0.756009
18  1.0  0.642426
18  1.1  0.53232
18  1.2  0.440617
18  1.3  0.358942
18  1.4  0.298494
18  1.6  0.194925
18  1.5  0.242641
16  11.0  1.96688e-05
18  1.7  0.16322
18  1.8  0.132787
18  1.9  0.109268
18  2.0  0.0902371
18  2.5  0.0366365
18  3.0  0.0168408
18  3.5  0.00834028
16  11.5  1.52549e-05
16  12.0  1.14608e-05
18  5.0  0.00144986
18  4.0  0.00438139
18  5.5  0.000905248
18  4.5  0.00245999
18  7.0  0.000246062
18  6.0  0.000561802
18  6.5  0.00036744
18  7.5  0.000168082
18  8.0  0.000119706
18  8.5  8.4031e-05
18  9.0  6.10921e-05
18  9.5  4.47391e-05
18  10.0  3.31851e-05
2  0.2  0.562098
18  10.5  2.5086e-05
2  0.3  0.815892
2  0.4  1.03524
2  0.5  1.15158
2  0.6  1.17078
2  0.7  1.0883
2  0.8  0.987608
18  11.0  1.91124e-05
2  0.9  0.85837
2  1.0  0.729402
2  1.1  0.609403
2  1.2  0.500126
2  1.3  0.420289
2  1.4  0.346132
2  1.5  0.283987
2  1.6  0.233166
2  1.8  0.156026
2  1.7  0.188832
2  2.0  0.107018
2  1.9  0.129122
18  11.5  1.42552e-05
18  12.0  1.12521e-05
2  2.5  0.0438112
2  3.0  0.0200924
2  3.5  0.0101145
2  4.5  0.00296758
2  4.0  0.00525604
2  5.0  0.00175267
2  5.5  0.00107684
2  6.0  0.000691654
2  6.5  0.000444854
2  7.0  0.000294338
2  7.5  0.000202373
2  8.0  0.0001407
2  8.5  0.000100575
2  9.0  7.31729e-05
2  9.5  5.47401e-05
2  10.0  3.94039e-05
2  11.5  1.71219e-05
20  0.2  0.529466
20  0.3  0.766822
20  0.4  0.956662
20  0.5  1.03818
20  0.6  1.0384
20  0.7  0.964925
20  0.8  0.848494
20  0.9  0.734761
2  10.5  2.95095e-05
20  1.0  0.613136
20  1.1  0.510115
20  1.2  0.421557
20  1.3  0.344208
20  1.4  0.284428
20  1.6  0.186
20  1.5  0.230619
20  1.7  0.153066
20  1.8  0.126246
20  1.9  0.104247
20  2.0  0.0862433
2  11.0  2.29799e-05
20  2.5  0.0353746
20  3.0  0.0159759
20  3.5  0.00795991
2  12.0  1.34844e-05
20  4.0  0.00418262
20  4.5  0.00233363
20  5.0  0.00135663
20  5.5  0.000834714
20  6.0  0.000528852
20  7.0  0.000232061
20  8.0  0.000110952
20  6.5  0.000347509
20  7.5  0.000159225
20  9.0  5.84953e-05
20  8.5  8.06693e-05
20  9.5  4.17774e-05
20  10.0  3.12227e-05
22  0.2  0.515598
20  10.5  2.31717e-05
22  0.3  0.752749
22  0.4  0.928177
22  0.5  1.0121
22  0.6  0.998291
22  0.7  0.92112
20  11.0  1.78499e-05
22  0.8  0.810401
22  0.9  0.697602
22  1.0  0.583442
22  1.1  0.483089
22  1.2  0.393888
22  1.3  0.3244
22  1.4  0.26548
22  1.5  0.21509
22  1.6  0.177417
22  1.7  0.143905
20  11.5  1.36038e-05
22  1.8  0.117614
22  1.9  0.0968177
22  2.0  0.0807693
22  2.5  0.0327572
22  3.0  0.0149569
22  3.5  0.00731962
20  12.0  1.03373e-05
22  4.0  0.00378033
22  4.5  0.00217032
22  5.0  0.00127879
22  5.5  0.000777154
22  6.0  0.0004922
22  7.0  0.000222186
22  6.5  0.000323808
22  7.5  0.000147668
22  8.0  0.000106779
22  9.0  5.22152e-05
22  8.5  7.58042e-05
22  9.5  3.87919e-05
22  10.0  2.89174e-05
22  11.5  1.2266e-05
24  0.2  0.505348
22  10.5  2.15094e-05
24  0.3  0.73276
24  0.4  0.896293
24  0.6  0.938605
24  0.5  0.963882
24  0.7  0.871033
22  11.0  1.68089e-05
24  0.8  0.766644
24  0.9  0.648236
24  1.0  0.537798
24  1.1  0.442765
24  1.2  0.353696
24  1.4  0.240674
24  1.3  0.294459
24  1.5  0.198587
24  1.7  0.131727
24  1.6  0.162039
24  1.8  0.108634
24  2.0  0.0732059
24  1.9  0.0880138
24  2.5  0.0301231
24  3.0  0.0135597
24  3.5  0.00663333
22  12.0  9.66487e-06
24  4.0  0.00357359
24  4.5  0.00196335
24  5.0  0.00115647
24  5.5  0.0007284
24  6.0  0.00046139
24  7.5  0.000135326
24  6.5  0.000294614
24  7.0  0.000202126
24  8.0  9.51378e-05
24  9.0  4.82404e-05
24  8.5  6.84098e-05
24  9.5  3.52492e-05
24  10.0  2.6729e-05
26  0.2  0.486469
26  0.3  0.698402
26  0.4  0.84731
24  10.5  1.96352e-05
26  0.5  0.894386
26  0.6  0.876298
26  0.7  0.800582
26  0.8  0.691028
26  0.9  0.59126
24  11.0  1.47716e-05
26  1.0  0.485257
26  1.1  0.399557
26  1.2  0.32286
26  1.3  0.269017
26  1.6  0.142606
26  1.4  0.216541
24  11.5  1.14291e-05
26  1.5  0.176527
26  1.8  0.0952571
26  1.7  0.116999
26  1.9  0.0788309
26  2.0  0.064496
26  2.5  0.0265009
26  3.0  0.0119934
26  3.5  0.00588315
24  12.0  8.74029e-06
26  5.0  0.00101893
26  4.0  0.00315602
26  4.5  0.00175486
26  5.5  0.000638601
26  6.0  0.000399376
26  6.5  0.000264782
26  7.0  0.00017428
26  7.5  0.000120631
26  8.0  8.28626e-05
26  8.5  5.84861e-05
26  9.0  4.24878e-05
26  9.5  3.10546e-05
26  11.0  1.30246e-05
26  10.0  2.31905e-05
28  0.2  0.462338
26  10.5  1.73324e-05
28  0.3  0.648441
28  0.4  0.789694
28  0.5  0.816269
28  0.6  0.7921
28  0.7  0.71397
28  0.8  0.610092
28  0.9  0.516729
28  1.0  0.425406
28  1.1  0.341461
28  1.2  0.282677
28  1.3  0.231979
28  1.4  0.184753
28  1.5  0.149891
28  1.6  0.12284
28  1.7  0.0986698
28  1.8  0.0824217
28  2.5  0.0222991
28  1.9  0.0667364
28  2.0  0.0552055
26  11.5  1.02655e-05
28  3.5  0.00507598
28  3.0  0.0101144
26  12.0  7.88521e-06
28  4.0  0.00259806
28  4.5  0.00145273
28  5.0  0.000860103
28  5.5  0.00052388
28  6.0  0.000331153
28  6.5  0.000221523
28  7.0  0.000144517
28  7.5  0.000102191
28  8.0  6.96041e-05
28  9.5  2.67651e-05
28  8.5  5.02515e-05
28  9.0  3.66396e-05
28  10.0  1.9424e-05
30  0.2  0.435172
30  0.3  0.607308
30  0.4  0.706753
28  10.5  1.42392e-05
30  0.5  0.711911
30  0.6  0.667678
30  0.7  0.594302
30  0.8  0.503044
30  0.9  0.421377
30  1.0  0.346256
30  1.1  0.280354
30  1.2  0.227514
30  1.3  0.18241
30  1.4  0.146312
30  1.5  0.1188
30  1.6  0.0960921
30  1.7  0.080074
28  11.0  1.09278e-05
30  1.8  0.0650232
30  1.9  0.0519088
30  2.0  0.0438775
30  2.5  0.0175441
30  3.0  0.00797639
30  3.5  0.00392747
28  11.5  8.28138e-06
28  12.0  6.42584e-06
30  4.5  0.00115012
30  4.0  0.00201541
30  5.0  0.00068657
30  5.5  0.000409089
30  6.0  0.000265047
30  6.5  0.000174792
30  8.0  5.39617e-05
30  7.0  0.000115734
30  7.5  7.69336e-05
30  8.5  3.8797e-05
30  9.0  2.7447e-05
30  9.5  2.03401e-05
30  10.0  1.52065e-05
32  0.2  0.386066
32  0.3  0.521843
32  0.4  0.578465
30  10.5  1.13924e-05
32  0.5  0.576789
32  0.6  0.524315
32  0.7  0.452831
32  0.8  0.384024
32  0.9  0.314926
32  1.0  0.25605
32  1.1  0.206975
32  1.2  0.165634
32  1.3  0.134138
30  12.0  5.09201e-06
32  1.4  0.108266
32  1.6  0.0712478
30  11.0  8.4825e-06
32  1.5  0.0871772
32  1.8  0.0476339
32  1.7  0.0577035
32  1.9  0.038319
32  2.5  0.0127381
32  2.0  0.0313373
32  3.0  0.00567388
32  3.5  0.00279122
30  11.5  6.56175e-06
32  4.5  0.000835919
32  6.0  0.000185494
32  4.0  0.0014539
32  5.0  0.000487988
32  5.5  0.00029446
32  8.0  3.85742e-05
32  6.5  0.000121349
32  7.0  8.11144e-05
32  7.5  5.54609e-05
32  10.0  1.08208e-05
32  8.5  2.73041e-05
32  9.0  1.99305e-05
32  9.5  1.44467e-05
32  11.0  6.12808e-06
34  0.2  0.321601
34  0.3  0.414714
34  0.4  0.436647
34  0.5  0.4138
34  0.6  0.367892
34  0.7  0.312573
34  0.9  0.213277
34  0.8  0.257552
34  1.0  0.166814
32  10.5  8.06783e-06
34  1.2  0.109322
34  1.1  0.13382
34  1.4  0.0713883
34  1.3  0.0880822
34  1.5  0.0564384
34  1.6  0.0454977
34  1.7  0.037039
34  1.9  0.024523
34  1.8  0.0301072
34  2.0  0.0203105
34  3.0  0.00367398
34  2.5  0.00821861
34  3.5  0.00180893
32  11.5  4.62544e-06
34  4.5  0.000531581
32  12.0  3.58027e-06
34  4.0  0.00095285
34  5.5  0.000190886
34  5.0  0.000308592
34  6.0  0.000122153
34  7.5  3.60433e-05
34  6.5  7.71907e-05
34  7.0  5.29468e-05
34  8.0  2.46455e-05
34  8.5  1.77266e-05
34  10.5  5.27982e-06
34  9.0  1.27404e-05
34  9.5  9.41157e-06
34  10.0  6.83229e-06
4  0.2  0.561525
4  0.3  0.816994
4  0.4  1.0205
4  0.5  1.14192
4  0.6  1.16843
34  12.0  2.36449e-06
4  0.7  1.09637
4  0.8  0.980512
4  0.9  0.854499
4  1.0  0.730812
4  1.1  0.610707
4  1.2  0.50785
4  1.3  0.415098
4  1.4  0.340823
34  11.0  3.93854e-06
4  1.5  0.282952
4  1.6  0.230848
4  1.7  0.190685
4  1.8  0.155642
4  2.0  0.106817
4  1.9  0.129941
4  2.5  0.0436254
4  3.5  0.0099912
4  3.0  0.0199104
34  11.5  2.9759e-06
4  4.5  0.00295214
4  4.0  0.00529145
4  5.0  0.00172964
4  5.5  0.00106395
4  6.0  0.000666204
4  7.5  0.000205774
4  6.5  0.000437419
4  8.0  0.000144236
4  7.0  0.000291964
4  8.5  9.97744e-05
4  9.0  7.2242e-05
4  9.5  5.41582e-05
4  10.5  2.99812e-05
4  10.0  4.02447e-05
6  0.2  0.560974
6  0.3  0.808614
6  0.4  1.01683
6  0.5  1.13212
6  0.6  1.15077
6  0.7  1.09583
6  0.8  0.974456
6  0.9  0.845738
6  1.0  0.723393
4  12.0  1.31834e-05
6  1.1  0.608158
6  1.2  0.500137
6  1.3  0.415825
4  11.0  2.2115e-05
6  1.5  0.277173
6  1.4  0.3399
6  1.6  0.229413
6  1.7  0.19035
6  1.8  0.15396
6  2.0  0.105421
6  1.9  0.127449
4  11.5  1.70655e-05
6  2.5  0.0438187
6  3.0  0.0201126
6  3.5  0.00976064
6  4.0  0.00520701
6  4.5  0.00291361
6  5.0  0.00171466
6  5.5  0.00104032
6  6.0  0.000670441
6  6.5  0.000433246
6  8.0  0.000139333
6  7.0  0.00029086
6  7.5  0.000201648
6  8.5  0.000100289
6  9.0  7.33763e-05
6  9.5  5.38796e-05
6  10.0  3.90818e-05
8  0.2  0.559086
8  0.3  0.805036
6  10.5  2.89792e-05
8  0.4  1.02925
8  0.5  1.12831
8  0.6  1.13097
8  0.7  1.08276
8  0.8  0.971876
8  0.9  0.846967
6  11.0  2.22191e-05
8  1.0  0.714701
8  1.1  0.599416
8  1.2  0.498229
8  1.3  0.408017
6  12.0  1.30184e-05
8  1.4  0.337214
8  1.5  0.275117
8  1.7  0.184516
8  1.6  0.225031
6  11.5  1.73118e-05
8  1.9  0.124595
8  1.8  0.152761
8  2.0  0.104223
8  2.5  0.0434803
8  3.0  0.0197475
8  3.5  0.00973341
8  4.5  0.00287013
8  5.0  0.00169331
8  4.0  0.00510979
8  5.5  0.00103714
8  6.0  0.000670275
8  6.5  0.000426936
8  8.0  0.000137705
8  7.0  0.000287136
8  7.5  0.000197088
8  8.5  0.000100319
8  9.0  7.1968e-05
8  10.5  2.94313e-05
8  9.5  5.31929e-05
8  10.0  3.92476e-05
8  12.0  1.27886e-05
8  11.0  2.19106e-05
8  11.5  1.6574e-05
