# exclusive D0 cross section, Pb target, LHAPDF fragmentation, An0n channel
# generated      : 2026-08-20 11:00:51 EEST
# calls          : 1e5 below 4.0 GeV, 2e3 above (see EXCL_PT_THRESHOLD) (VEGAS calls per point, see CALLS_EXCL/CALLS_EXCL_FACTORIZED/CALLS_DIFF)
# dipole samples : data/Pb/bk_posterior/member_0010/glauber_mve_<b>
# pD0 sweep      : 0.2 0.3 0.4 0.5 0.6 0.7 0.8 0.9 1.0 1.1 1.2 1.3 1.4 1.5 1.6 1.7 1.8 1.9 2.0 2.5 3.0 3.5 4.0 4.5 5.0 5.5 6.0 6.5 7.0 7.5 8.0 8.5 9.0 9.5 10.0 10.5 11.0 11.5 12.0
# fixed rapidity y : -1.0
# ============================================================
# b  pD0  dsigma_dyd2pD0
0  0.4  1.99291
0  0.3  2.55085
0  0.5  1.51132
0  0.2  3.15241
0  0.6  1.12068
0  0.8  0.593625
0  0.7  0.818834
0  1.0  0.308751
0  0.9  0.428566
0  1.1  0.221867
0  1.2  0.159893
0  1.3  0.115385
0  1.4  0.0834627
0  1.5  0.0621676
0  1.6  0.0467265
0  1.7  0.034274
0  1.8  0.0248754
0  2.0  0.0136694
0  2.5  0.00392705
0  1.9  0.0188687
0  3.0  0.00110454
0  3.5  0.000165613
0  4.0  0.000108689
0  5.0  1.67754e-05
0  4.5  4.09846e-05
0  5.5  7.33483e-06
0  7.0  8.58268e-07
0  6.0  3.43383e-06
0  6.5  1.67805e-06
0  8.0  2.57198e-07
0  7.5  4.65812e-07
0  9.0  8.90706e-08
0  9.5  5.43563e-08
0  8.5  1.50073e-07
0  10.0  3.5057e-08
0  11.5  9.90187e-09
0  10.5  2.25548e-08
10  0.2  2.97663
0  12.0  6.80236e-09
10  0.3  2.40515
10  0.4  1.87477
10  0.5  1.41832
10  0.6  1.04996
10  0.7  0.764671
10  0.8  0.553522
10  0.9  0.398093
10  1.0  0.286788
10  1.1  0.20509
10  1.2  0.147737
10  1.3  0.106216
10  1.4  0.0782724
0  11.0  1.49414e-08
10  1.5  0.0563116
10  1.6  0.041302
10  1.7  0.0306187
10  1.8  0.0229363
10  1.9  0.0169783
10  2.0  0.0131066
10  2.5  0.0030077
10  3.0  0.000867009
10  3.5  0.000387584
10  5.5  6.5854e-06
10  5.0  1.5173e-05
10  4.0  9.88494e-05
10  4.5  3.71202e-05
10  7.0  7.77426e-07
10  6.0  3.10998e-06
10  6.5  1.51944e-06
10  8.0  2.3396e-07
10  7.5  4.16447e-07
10  9.0  8.05072e-08
10  8.5  1.36e-07
10  10.0  3.12089e-08
10  10.5  2.00175e-08
10  9.5  4.99654e-08
12  0.2  2.89577
12  0.3  2.33766
10  12.0  6.15836e-09
12  0.4  1.81988
12  0.5  1.37489
10  11.5  9.02248e-09
12  0.6  1.01645
12  0.7  0.739211
12  0.8  0.534627
12  0.9  0.383859
12  1.1  0.198969
12  1.0  0.276082
12  1.2  0.142061
12  1.3  0.102194
12  1.4  0.0760197
10  11.0  1.35314e-08
12  1.5  0.055165
12  1.6  0.0402387
12  1.8  0.0216179
12  1.7  0.0297253
12  1.9  0.0165718
12  2.0  0.0127396
12  2.5  0.00292762
12  3.5  0.000104013
12  3.0  0.000904061
12  5.5  6.28491e-06
12  4.0  9.41735e-05
12  4.5  3.53624e-05
12  5.0  1.44843e-05
12  7.0  7.417e-07
12  6.0  2.96544e-06
12  6.5  1.44822e-06
12  7.5  3.96917e-07
12  8.0  2.21808e-07
12  9.0  7.67333e-08
12  9.5  4.67734e-08
12  8.5  1.29743e-07
12  10.0  2.97703e-08
14  0.2  2.79752
12  10.5  1.95208e-08
14  0.3  2.25604
14  0.4  1.75303
14  0.5  1.32272
12  12.0  5.90509e-09
14  0.6  0.977006
12  11.5  8.60613e-09
14  0.7  0.710351
14  0.8  0.512021
12  11.0  1.28895e-08
14  0.9  0.367902
14  1.1  0.189766
14  1.2  0.136587
14  1.0  0.263501
14  1.3  0.0985037
14  1.4  0.0704704
14  1.5  0.0513538
14  1.6  0.0373672
14  1.7  0.0284962
14  1.8  0.0211272
14  1.9  0.0159799
14  2.5  0.00319103
14  2.0  0.0118206
14  3.0  0.000883492
14  3.5  0.000214306
14  4.0  8.85195e-05
14  4.5  3.33056e-05
14  5.0  1.36509e-05
14  5.5  5.98413e-06
14  6.0  2.79325e-06
14  6.5  1.36384e-06
14  7.0  7.01754e-07
14  7.5  3.78316e-07
14  9.0  7.23906e-08
14  8.0  2.10832e-07
14  8.5  1.22015e-07
14  10.5  1.80077e-08
14  9.5  4.48918e-08
14  10.0  2.84133e-08
16  0.2  2.67875
16  0.3  2.15614
14  11.0  1.2018e-08
14  12.0  5.53555e-09
16  0.4  1.67504
16  0.5  1.26192
16  0.6  0.929347
16  0.7  0.674893
16  0.8  0.485493
16  0.9  0.348751
16  1.0  0.249253
16  1.1  0.178806
16  1.2  0.128842
16  1.3  0.0917808
16  1.4  0.0674513
16  1.5  0.048428
16  1.6  0.0352737
16  1.8  0.0198209
16  1.7  0.0262259
16  1.9  0.0148107
16  2.0  0.0113217
16  2.5  0.0025371
16  3.0  0.000553954
16  3.5  0.00014337
14  11.5  8.11566e-09
16  5.5  5.54525e-06
16  4.0  8.25283e-05
16  4.5  3.11743e-05
16  5.0  1.26873e-05
16  7.0  6.4681e-07
16  6.0  2.59077e-06
16  7.5  3.47668e-07
16  6.5  1.26685e-06
16  8.0  1.94581e-07
16  9.0  6.71469e-08
16  8.5  1.13169e-07
16  9.5  4.1283e-08
16  10.5  1.68106e-08
16  10.0  2.63107e-08
18  0.2  2.53722
18  0.3  2.03916
18  0.4  1.58054
18  0.5  1.18884
18  0.6  0.87356
16  11.5  7.49088e-09
18  0.7  0.632437
18  0.8  0.454223
18  0.9  0.326439
16  11.0  1.12622e-08
18  1.0  0.231916
18  1.1  0.166003
18  1.3  0.0858381
18  1.2  0.118839
18  1.4  0.0627142
18  1.5  0.0446937
18  1.6  0.0334571
18  1.7  0.0242655
18  1.8  0.0181438
18  1.9  0.0136997
18  2.0  0.0103263
18  2.5  0.0023274
18  3.5  4.81011e-05
18  3.0  0.000565742
16  12.0  5.20042e-09
18  5.5  5.06436e-06
18  4.0  7.54788e-05
18  4.5  2.8458e-05
18  5.0  1.15818e-05
18  7.0  5.9183e-07
18  6.0  2.36439e-06
18  6.5  1.15551e-06
18  7.5  3.15675e-07
18  8.0  1.76743e-07
18  9.0  6.12669e-08
18  8.5  1.03075e-07
18  9.5  3.74492e-08
18  10.0  2.36926e-08
18  10.5  1.54984e-08
2  0.2  3.1461
2  0.3  2.54655
2  0.4  1.98737
2  0.5  1.50772
18  11.5  6.85639e-09
18  11.0  1.02648e-08
2  0.6  1.11856
2  0.7  0.817382
2  0.8  0.591561
2  0.9  0.427013
2  1.0  0.307734
2  1.1  0.221339
2  1.2  0.159182
18  12.0  4.69258e-09
2  1.3  0.11475
2  1.4  0.0832987
2  1.5  0.0604799
2  1.6  0.0447207
2  1.7  0.034006
2  1.8  0.0250999
2  1.9  0.0189139
2  2.0  0.0143248
2  2.5  0.00342339
2  3.0  0.000977009
2  3.5  3.89448e-05
2  4.0  0.000108267
2  5.0  1.67114e-05
2  4.5  4.08311e-05
2  5.5  7.30684e-06
2  6.0  3.42433e-06
2  6.5  1.67161e-06
2  7.0  8.65936e-07
2  7.5  4.64051e-07
2  9.0  8.8726e-08
2  8.0  2.58939e-07
2  9.5  5.41414e-08
2  8.5  1.49536e-07
2  10.5  2.22283e-08
2  10.0  3.47801e-08
20  0.2  2.36908
2  11.5  9.85947e-09
20  0.3  1.90039
20  0.4  1.46974
20  0.5  1.10087
20  0.6  0.806537
20  0.7  0.583223
20  0.8  0.418484
20  0.9  0.298532
20  1.0  0.212564
20  1.1  0.151526
20  1.2  0.107622
20  1.3  0.0781851
20  1.4  0.0567321
20  1.5  0.0401085
20  1.6  0.029785
2  12.0  6.81616e-09
20  1.7  0.0226792
2  11.0  1.48776e-08
20  1.8  0.0164542
20  1.9  0.0118589
20  2.5  0.00213183
20  2.0  0.00935126
20  3.0  0.000436403
20  3.5  -3.22487e-05
20  5.5  4.5192e-06
20  4.0  6.71097e-05
20  4.5  2.53422e-05
20  5.0  1.03285e-05
20  7.5  2.81049e-07
20  6.0  2.10843e-06
20  6.5  1.02749e-06
20  7.0  5.31728e-07
20  9.0  5.45002e-08
20  8.0  1.5887e-07
20  8.5  9.17625e-08
20  10.0  2.10599e-08
20  9.5  3.3409e-08
20  10.5  1.3651e-08
22  0.2  2.16848
22  0.3  1.73487
20  11.5  6.09863e-09
22  0.4  1.33799
22  0.5  0.999149
22  0.6  0.729925
20  11.0  9.12497e-09
22  0.7  0.526185
22  0.8  0.375295
22  0.9  0.266326
22  1.1  0.134869
22  1.0  0.189799
22  1.2  0.0967343
22  1.4  0.0501128
22  1.3  0.0687941
22  1.6  0.0264955
22  1.5  0.0355219
22  1.7  0.0195244
22  1.9  0.0108168
22  1.8  0.0143574
22  2.0  0.00828667
22  2.5  0.00176713
22  3.0  0.000515305
22  3.5  0.000198568
20  12.0  4.20531e-09
22  5.5  3.90883e-06
22  4.0  5.82619e-05
22  4.5  2.17608e-05
22  5.0  8.93999e-06
22  6.0  1.82026e-06
22  7.0  4.53984e-07
22  7.5  2.43538e-07
22  6.5  8.85862e-07
22  8.0  1.37762e-07
22  9.0  4.70693e-08
22  8.5  7.91646e-08
22  9.5  2.93232e-08
22  10.5  1.17807e-08
22  10.0  1.85154e-08
24  0.2  1.92914
24  0.3  1.53812
22  11.0  7.86675e-09
24  0.4  1.18178
24  0.5  0.87766
22  12.0  3.56322e-09
24  0.6  0.639799
24  0.7  0.458165
24  0.8  0.326043
24  0.9  0.230457
24  1.0  0.163962
24  1.1  0.115791
24  1.2  0.0821662
24  1.3  0.0598364
24  1.4  0.0431226
24  1.5  0.0311153
24  1.6  0.0225855
24  1.7  0.0163974
22  11.5  5.29416e-09
24  1.8  0.0122624
24  2.0  0.00643353
24  1.9  0.00904763
24  3.0  0.000363672
24  2.5  0.00148374
24  3.5  1.54738e-05
24  5.5  3.23678e-06
24  4.5  1.81736e-05
24  4.0  4.8051e-05
24  5.0  7.4053e-06
24  7.0  3.74154e-07
24  6.0  1.50595e-06
24  6.5  7.36371e-07
24  7.5  2.01117e-07
24  8.0  1.12225e-07
24  9.5  2.38877e-08
24  10.0  1.50063e-08
24  8.5  6.54031e-08
24  9.0  3.92096e-08
24  10.5  9.77303e-09
24  11.0  6.44193e-09
26  0.2  1.64757
26  0.3  1.30694
26  0.4  0.998637
26  0.5  0.738332
26  0.6  0.533947
26  0.7  0.380332
26  0.8  0.269152
26  0.9  0.18961
24  12.0  2.97682e-09
26  1.0  0.133821
26  1.1  0.0943156
26  1.2  0.0665626
26  1.3  0.0482982
26  1.4  0.0346989
24  11.5  4.3717e-09
26  1.5  0.0240809
26  1.7  0.0129823
26  1.6  0.0182486
26  1.8  0.00988734
26  2.0  0.00556477
26  1.9  0.00719671
26  2.5  0.00121451
26  3.5  0.000190384
26  3.0  0.000272063
26  5.5  2.52143e-06
26  4.0  3.77358e-05
26  4.5  1.40832e-05
26  5.0  5.72798e-06
26  6.0  1.16759e-06
26  7.0  2.90263e-07
26  7.5  1.55631e-07
26  8.0  8.65031e-08
26  6.5  5.69427e-07
26  9.5  1.83039e-08
26  8.5  5.0166e-08
26  9.0  3.00028e-08
26  10.0  1.17889e-08
26  11.0  4.9614e-09
26  10.5  7.63999e-09
28  0.2  1.31662
28  0.3  1.03988
28  0.4  0.788817
28  0.5  0.578768
28  0.6  0.415386
28  0.7  0.293897
28  0.8  0.206486
28  0.9  0.14486
28  1.0  0.101434
28  1.1  0.0709579
28  1.2  0.049914
28  1.3  0.0360763
28  1.4  0.0250683
28  1.5  0.0178958
28  1.6  0.0131298
28  1.8  0.00710089
28  1.7  0.00959856
28  1.9  0.00523163
28  2.0  0.00408621
26  11.5  3.38141e-09
28  2.5  0.000805056
28  3.0  0.00017392
28  3.5  9.0591e-05
26  12.0  2.30996e-09
28  5.5  1.78042e-06
28  4.5  1.00407e-05
28  4.0  2.68884e-05
28  5.0  4.06978e-06
28  6.5  3.98064e-07
28  6.0  8.23756e-07
28  8.0  6.11809e-08
28  7.0  2.05726e-07
28  7.5  1.10307e-07
28  9.0  2.10341e-08
28  8.5  3.53136e-08
28  9.5  1.31291e-08
28  10.5  5.27723e-09
28  10.0  8.29372e-09
28  11.5  2.36764e-09
30  0.2  0.95756
30  0.3  0.750554
30  0.4  0.56379
30  0.5  0.410246
30  0.6  0.291329
30  0.7  0.204013
30  0.8  0.142075
30  0.9  0.0987255
30  1.0  0.0686138
30  1.1  0.0476836
30  1.2  0.0333758
30  1.3  0.0233529
30  1.4  0.0166373
28  11.0  3.5128e-09
30  1.5  0.0121565
30  1.6  0.00849702
30  1.7  0.00627189
30  1.8  0.0046399
30  2.0  0.00251864
30  1.9  0.00349194
30  2.5  0.000531263
30  3.0  0.000178043
30  3.5  1.67017e-05
28  12.0  1.62605e-09
30  5.5  1.0981e-06
30  4.0  1.67053e-05
30  4.5  6.20852e-06
30  5.0  2.51833e-06
30  6.0  5.06962e-07
30  8.0  3.74654e-08
30  7.5  6.73232e-08
30  6.5  2.47309e-07
30  7.0  1.27082e-07
30  9.0  1.2989e-08
30  8.5  2.1894e-08
30  10.0  5.00481e-09
30  10.5  3.24113e-09
30  9.5  8.02452e-09
30  11.0  2.13107e-09
32  0.2  0.611416
32  0.3  0.474214
32  0.4  0.352181
32  0.5  0.252966
32  0.6  0.177469
32  0.7  0.122768
32  0.8  0.0843036
32  0.9  0.0582182
32  1.0  0.0399789
32  1.1  0.0275145
32  1.2  0.0191034
32  1.3  0.0135593
30  12.0  9.91208e-10
32  1.4  0.00955986
32  1.5  0.0067511
32  1.6  0.00497835
32  1.7  0.00347073
32  1.8  0.00257967
32  1.9  0.00180798
32  2.5  0.000342761
32  2.0  0.00138914
32  3.0  8.49093e-05
32  3.5  4.57482e-05
30  11.5  1.45401e-09
32  4.0  8.74588e-06
32  4.5  3.26218e-06
32  5.0  1.31499e-06
32  5.5  5.67915e-07
32  6.0  2.61319e-07
32  7.5  3.45023e-08
32  6.5  1.2652e-07
32  7.0  6.4683e-08
32  8.0  1.94032e-08
32  10.0  2.55737e-09
32  9.5  4.05188e-09
32  10.5  1.64283e-09
32  8.5  1.11666e-08
32  9.0  6.68453e-09
34  0.2  0.335434
32  11.5  7.30931e-10
34  0.3  0.257269
34  0.4  0.188304
34  0.5  0.133196
32  11.0  1.08912e-09
34  0.6  0.0920855
34  0.7  0.0629051
34  0.8  0.042727
34  0.9  0.0289849
34  1.0  0.0197332
34  1.1  0.013494
34  1.2  0.00926909
34  1.3  0.00644369
34  1.4  0.00454822
34  1.5  0.00324354
34  1.6  0.00231859
34  1.7  0.00161996
34  1.8  0.00120608
34  1.9  0.000884156
34  2.0  0.000656943
34  2.5  0.000120097
34  3.0  2.55354e-05
34  3.5  1.51312e-05
32  12.0  5.09979e-10
34  5.0  5.59285e-07
34  4.0  3.79107e-06
34  4.5  1.39652e-06
34  7.0  2.6878e-08
34  5.5  2.38299e-07
34  6.0  1.10287e-07
34  6.5  5.32485e-08
34  8.0  7.96397e-09
34  7.5  1.43797e-08
34  8.5  4.60066e-09
34  10.0  1.05466e-09
34  9.0  2.77248e-09
34  9.5  1.70404e-09
34  11.0  4.51415e-10
34  10.5  6.85191e-10
4  0.2  3.12534
4  0.3  2.52852
4  0.4  1.97451
34  12.0  2.09224e-10
4  0.5  1.49718
4  0.6  1.1102
4  0.7  0.810676
4  0.8  0.587567
4  0.9  0.423288
4  1.0  0.304848
4  1.1  0.219103
4  1.2  0.157873
34  11.5  3.06436e-10
4  1.3  0.114004
4  1.4  0.0823693
4  1.5  0.060105
4  1.7  0.0337686
4  1.6  0.0442448
4  1.9  0.0187392
4  1.8  0.0243745
4  2.0  0.0143676
4  2.5  0.00352632
4  3.0  0.00108986
4  3.5  0.000432617
4  4.0  0.000106835
4  5.0  1.65188e-05
4  4.5  4.03739e-05
4  5.5  7.2229e-06
4  6.0  3.38529e-06
4  7.0  8.45951e-07
4  6.5  1.65274e-06
4  7.5  4.5415e-07
4  8.5  1.46071e-07
4  9.5  5.34946e-08
4  8.0  2.55685e-07
4  9.0  8.86279e-08
4  10.0  3.43285e-08
6  0.2  3.09083
4  12.0  6.68518e-09
6  0.3  2.49943
6  0.4  1.94908
6  0.5  1.47649
4  10.5  2.21752e-08
6  0.6  1.09629
6  0.7  0.800464
6  0.8  0.578975
6  0.9  0.417207
4  11.0  1.47262e-08
6  1.0  0.301137
6  1.1  0.216458
6  1.2  0.155663
6  1.3  0.112015
6  1.4  0.0832178
6  1.5  0.0590743
6  1.6  0.0449343
6  1.7  0.0327325
4  11.5  9.92216e-09
6  1.9  0.0182688
6  1.8  0.0246563
6  2.0  0.0139964
6  2.5  0.00342016
6  3.0  0.000922886
6  3.5  0.000218683
6  5.5  7.02628e-06
6  4.0  0.000104821
6  5.0  1.62078e-05
6  4.5  3.96118e-05
6  6.0  3.31837e-06
6  7.0  8.29086e-07
6  6.5  1.62118e-06
6  7.5  4.44006e-07
6  8.5  1.43434e-07
6  9.0  8.59787e-08
6  8.0  2.51404e-07
6  9.5  5.23222e-08
6  10.0  3.3723e-08
6  10.5  2.15304e-08
8  0.2  3.04168
8  0.3  2.45808
8  0.4  1.91407
6  11.5  9.62731e-09
8  0.5  1.45223
8  0.6  1.07215
8  0.7  0.784756
8  0.8  0.566718
6  11.0  1.44369e-08
8  0.9  0.40852
8  1.0  0.294711
8  1.1  0.211236
8  1.2  0.152241
8  1.3  0.109529
8  1.4  0.0792903
8  1.5  0.0580413
8  1.6  0.0422377
8  1.7  0.0318621
8  1.8  0.0239089
8  1.9  0.0182742
8  2.0  0.0136221
8  2.5  0.00350115
8  3.0  0.000815506
8  3.5  0.000186217
6  12.0  6.66172e-09
8  5.5  6.83482e-06
8  4.0  0.000101923
8  5.0  1.57507e-05
8  4.5  3.86055e-05
8  6.0  3.22462e-06
8  8.0  2.42302e-07
8  6.5  1.58005e-06
8  7.5  4.32676e-07
8  7.0  8.13836e-07
8  9.0  8.35491e-08
8  9.5  5.08685e-08
8  8.5  1.41023e-07
8  10.5  2.08535e-08
8  10.0  3.28878e-08
8  11.5  9.30692e-09
8  12.0  6.43008e-09
8  11.0  1.40431e-08
