# diffractive D0 cross section, Pb target, LHAPDF fragmentation, An0n channel
# generated      : 2026-08-20 11:08:54 EEST
# calls          : 1e5 (VEGAS calls per point, see CALLS_EXCL/CALLS_EXCL_FACTORIZED/CALLS_DIFF)
# dipole samples : data/Pb/bk_posterior/member_0095/glauber_mve_<b>
# pD0 sweep      : 0.2 0.3 0.4 0.5 0.6 0.7 0.8 0.9 1.0 1.1 1.2 1.3 1.4 1.5 1.6 1.7 1.8 1.9 2.0 2.5 3.0 3.5 4.0 4.5 5.0 5.5 6.0 6.5 7.0 7.5 8.0 8.5 9.0 9.5 10.0 10.5 11.0 11.5 12.0
# fixed rapidity y : -1.0
# ============================================================
# b  pD0  dsigma_dyd2pD0
0  0.3  0.856792
0  0.4  1.07569
0  0.5  1.18178
0  0.2  0.588132
0  0.6  1.1942
0  0.9  0.885385
0  0.8  1.01555
0  0.7  1.13758
0  1.0  0.759786
0  1.1  0.636917
0  1.2  0.529498
0  1.3  0.430961
0  1.5  0.297641
0  1.4  0.361597
0  1.6  0.242269
0  1.7  0.200924
0  1.8  0.163083
0  1.9  0.139439
0  2.0  0.114622
0  2.5  0.0477717
0  3.0  0.0225743
0  3.5  0.0112372
0  4.0  0.00606384
0  4.5  0.00350669
0  5.0  0.00205545
0  5.5  0.00130066
0  6.0  0.000821808
0  6.5  0.000550052
0  7.0  0.000369866
0  7.5  0.000257874
0  8.0  0.000181385
0  8.5  0.000130286
0  10.0  5.22353e-05
0  9.0  9.6051e-05
0  9.5  6.99611e-05
0  11.5  2.35178e-05
10  0.2  0.580845
10  0.3  0.837202
10  0.4  1.05089
10  0.5  1.16835
0  10.5  3.91474e-05
10  0.6  1.15866
10  0.7  1.09803
10  0.8  0.971272
10  0.9  0.863688
10  1.0  0.733836
10  1.1  0.615369
10  1.2  0.51051
10  1.3  0.417811
10  1.4  0.344439
10  1.5  0.283259
0  11.0  3.00896e-05
10  1.6  0.230959
10  1.7  0.192901
10  1.8  0.159509
10  1.9  0.132923
10  2.0  0.107067
10  3.0  0.0212988
10  2.5  0.0465374
10  3.5  0.0108454
0  12.0  1.81337e-05
10  4.0  0.00583205
10  4.5  0.00328403
10  5.0  0.00200238
10  5.5  0.00121884
10  6.0  0.000793303
10  6.5  0.000525264
10  7.0  0.000351735
10  7.5  0.000243127
10  8.0  0.000171692
10  10.0  5.03136e-05
10  8.5  0.000123802
10  10.5  3.6878e-05
10  9.0  9.1696e-05
10  9.5  6.80559e-05
12  0.2  0.576321
12  0.3  0.836513
12  0.4  1.02991
10  12.0  1.69862e-05
12  0.5  1.15771
12  0.6  1.16061
12  0.7  1.09376
12  0.8  0.978385
12  0.9  0.842319
10  11.0  2.87959e-05
12  1.0  0.716769
12  1.1  0.602889
12  1.2  0.501198
12  1.3  0.410797
12  1.5  0.27564
12  1.4  0.340768
12  1.6  0.227486
12  1.7  0.188032
12  1.9  0.129955
12  1.8  0.156835
12  2.0  0.106906
10  11.5  2.21317e-05
12  2.5  0.0451096
12  3.0  0.0208806
12  3.5  0.0104691
12  4.0  0.00575723
12  4.5  0.00321032
12  5.0  0.00191226
12  5.5  0.00119632
12  6.0  0.000785389
12  6.5  0.000512945
12  7.0  0.000343353
12  7.5  0.000238761
12  8.0  0.000169623
12  8.5  0.000120755
12  9.5  6.49503e-05
12  9.0  8.91839e-05
12  11.0  2.78452e-05
12  11.5  2.16098e-05
14  0.2  0.56199
12  10.0  4.86323e-05
14  0.3  0.824254
14  0.4  1.03359
14  0.5  1.12638
14  0.6  1.13947
14  0.7  1.06737
14  0.8  0.961193
12  10.5  3.66843e-05
14  0.9  0.830858
14  1.0  0.707261
14  1.1  0.58914
14  1.2  0.487382
14  1.3  0.403411
14  1.4  0.3258
14  1.5  0.273731
14  1.6  0.221439
14  1.7  0.181482
14  1.8  0.152608
14  1.9  0.126148
14  2.0  0.104661
14  2.5  0.0441403
14  3.0  0.0203332
14  3.5  0.0101787
12  12.0  1.67778e-05
14  4.0  0.00552726
14  4.5  0.00318679
14  5.0  0.00186521
14  5.5  0.00115183
14  7.0  0.000332709
14  6.0  0.000754951
14  6.5  0.000483053
14  7.5  0.000234128
14  8.0  0.000163275
14  8.5  0.000116195
14  9.0  8.55201e-05
14  10.0  4.72967e-05
14  9.5  6.31771e-05
14  11.5  2.10187e-05
16  0.2  0.568035
16  0.3  0.816441
14  10.5  3.57286e-05
14  11.0  2.7638e-05
16  0.4  1.01631
16  0.5  1.12086
16  0.6  1.12277
16  0.7  1.04699
16  0.8  0.932672
16  0.9  0.813606
16  1.0  0.686423
16  1.1  0.57414
16  1.2  0.472027
16  1.3  0.3888
16  1.4  0.319237
16  1.5  0.258849
16  1.6  0.215424
16  1.8  0.146761
16  1.7  0.178424
16  1.9  0.121407
16  2.0  0.101173
16  2.5  0.0425322
16  3.0  0.0195887
16  3.5  0.00986394
14  12.0  1.63464e-05
16  4.0  0.00524204
16  5.0  0.00181994
16  4.5  0.00301681
16  5.5  0.00112692
16  6.0  0.00073307
16  6.5  0.000473342
16  7.0  0.000326226
16  7.5  0.000226743
16  8.0  0.000157679
16  8.5  0.000113193
16  10.0  4.58651e-05
16  9.0  8.25401e-05
16  9.5  6.0849e-05
16  10.5  3.41553e-05
18  0.2  0.562325
18  0.3  0.813927
18  0.4  1.0016
16  11.0  2.65695e-05
18  0.5  1.09928
18  0.6  1.09663
18  0.7  1.0064
18  0.8  0.912546
18  0.9  0.775999
18  1.0  0.664705
18  1.1  0.554148
18  1.2  0.457682
18  1.3  0.371546
18  1.4  0.305539
18  1.5  0.25305
18  1.6  0.206385
18  1.7  0.169888
18  1.8  0.141791
18  1.9  0.115295
16  11.5  2.01403e-05
18  2.0  0.0975482
18  2.5  0.040211
18  3.5  0.00943672
18  3.0  0.0187902
16  12.0  1.59328e-05
18  5.0  0.00170519
18  4.0  0.00503748
18  4.5  0.0028629
18  5.5  0.00106293
18  6.0  0.000682272
18  6.5  0.000453175
18  7.0  0.000318205
18  7.5  0.000216608
18  8.0  0.000149121
18  8.5  0.000109478
18  10.0  4.36064e-05
18  9.0  7.87917e-05
18  9.5  5.60956e-05
18  10.5  3.30787e-05
18  11.0  2.45462e-05
2  0.2  0.587725
2  0.3  0.855691
18  12.0  1.49553e-05
2  0.4  1.05087
2  0.5  1.191
2  0.6  1.20892
2  0.7  1.12135
2  0.8  1.01002
2  0.9  0.892134
2  1.0  0.758928
2  1.1  0.631548
2  1.2  0.525572
2  1.3  0.429497
2  1.4  0.354393
2  1.5  0.296417
2  1.6  0.242098
2  1.7  0.201647
2  1.8  0.167064
2  1.9  0.138196
2  2.0  0.115018
18  11.5  1.94243e-05
2  3.0  0.0223368
2  2.5  0.0488063
2  3.5  0.0112552
2  4.0  0.00604449
2  4.5  0.00350355
2  5.0  0.00203415
2  5.5  0.00127375
2  6.0  0.000831924
2  6.5  0.000537808
2  7.0  0.000374473
2  7.5  0.000255726
2  8.0  0.000182199
2  8.5  0.000129936
2  10.0  5.10924e-05
2  9.5  7.01471e-05
2  9.0  9.41479e-05
2  11.5  2.32618e-05
20  0.2  0.552278
2  11.0  3.00147e-05
20  0.3  0.79078
20  0.4  0.98206
2  10.5  3.93296e-05
20  0.5  1.07185
20  0.6  1.05678
20  0.7  0.987373
20  0.8  0.877699
20  0.9  0.755119
20  1.0  0.637879
20  1.1  0.528962
20  1.2  0.43827
20  1.3  0.358837
20  1.4  0.292063
20  1.5  0.240152
20  1.6  0.198188
20  1.7  0.159891
20  1.8  0.132327
20  2.0  0.0906314
20  1.9  0.111272
20  2.5  0.0384246
20  3.0  0.0177351
20  3.5  0.0089418
2  12.0  1.80412e-05
20  4.0  0.00480599
20  4.5  0.00270547
20  5.0  0.00161676
20  5.5  0.00102677
20  6.0  0.00064912
20  7.0  0.000289555
20  6.5  0.000429846
20  7.5  0.00020143
20  8.0  0.000144253
20  8.5  0.000102146
20  9.5  5.53141e-05
20  10.0  4.06654e-05
20  9.0  7.51748e-05
20  11.0  2.34473e-05
20  10.5  3.10214e-05
22  0.2  0.548066
22  0.3  0.782095
22  0.4  0.959385
22  0.5  1.02993
22  0.6  0.995942
22  0.7  0.947522
20  11.5  1.82271e-05
22  0.8  0.834361
22  0.9  0.716856
22  1.0  0.603357
22  1.1  0.500025
22  1.2  0.411236
22  1.3  0.337113
22  1.4  0.276567
22  1.5  0.226096
20  12.0  1.37613e-05
22  1.6  0.185436
22  1.7  0.152295
22  1.8  0.123183
22  1.9  0.103158
22  2.0  0.0861658
22  2.5  0.0363067
22  3.0  0.0164126
22  3.5  0.00825262
22  5.5  0.000931766
22  4.0  0.00443469
22  4.5  0.00252799
22  5.0  0.00153777
22  6.0  0.000607359
22  7.0  0.000270153
22  8.0  0.000131921
22  6.5  0.000397088
22  7.5  0.000189884
22  9.0  6.90691e-05
22  10.0  3.84504e-05
22  8.5  9.49782e-05
22  9.5  5.17889e-05
22  11.0  2.22067e-05
22  10.5  2.92401e-05
22  11.5  1.64758e-05
24  0.2  0.526787
24  0.3  0.757371
24  0.4  0.921088
24  0.5  0.997997
24  0.6  0.970534
24  0.7  0.890279
24  0.8  0.782697
24  0.9  0.663851
24  1.0  0.55666
24  1.1  0.461667
24  1.2  0.375035
24  1.3  0.308785
24  1.4  0.253865
22  12.0  1.30514e-05
24  1.5  0.206931
24  1.7  0.137515
24  1.6  0.170139
24  1.8  0.114499
24  1.9  0.0939452
24  2.0  0.0785859
24  2.5  0.0325332
24  3.0  0.014893
24  3.5  0.00748876
24  4.0  0.00402093
24  4.5  0.00227735
24  5.0  0.00139214
24  6.0  0.000551423
24  5.5  0.000854117
24  6.5  0.000365454
24  7.0  0.000245676
24  7.5  0.000170041
24  8.0  0.000120258
24  9.0  6.27977e-05
24  8.5  8.52679e-05
24  9.5  4.64521e-05
24  10.5  2.61025e-05
24  10.0  3.44943e-05
24  11.5  1.51444e-05
26  0.2  0.509947
26  0.3  0.721316
26  0.4  0.876894
26  0.5  0.935073
26  0.6  0.901238
26  0.7  0.818315
26  0.8  0.716912
26  0.9  0.603696
24  11.0  2.01642e-05
26  1.0  0.504735
26  1.1  0.416587
26  1.2  0.340103
26  1.3  0.277492
26  1.4  0.224442
24  12.0  1.18362e-05
26  1.5  0.185538
26  1.7  0.124105
26  1.6  0.150945
26  1.8  0.100833
26  1.9  0.0828235
26  2.5  0.0293254
26  2.0  0.0695971
26  3.0  0.0132313
26  3.5  0.00661916
26  5.5  0.000749287
26  4.5  0.00204535
26  4.0  0.00358423
26  5.0  0.00120077
26  7.0  0.000220823
26  6.0  0.000496947
26  6.5  0.000317474
26  7.5  0.000149348
26  8.0  0.000106228
26  8.5  7.682e-05
26  9.5  4.13632e-05
26  10.0  3.02829e-05
26  9.0  5.63314e-05
26  11.0  1.77475e-05
28  0.2  0.479804
28  0.3  0.684554
26  10.5  2.29174e-05
28  0.4  0.813936
28  0.5  0.844432
28  0.6  0.807315
28  0.7  0.725478
28  0.8  0.627502
28  0.9  0.524804
28  1.0  0.436223
28  1.1  0.355786
28  1.2  0.291388
26  12.0  1.04718e-05
28  1.3  0.236967
28  1.4  0.193049
28  1.5  0.157978
28  1.7  0.104659
28  1.6  0.128439
28  1.8  0.0862543
28  1.9  0.071491
28  2.0  0.0592032
28  3.0  0.0113285
28  2.5  0.0246189
26  11.5  1.34997e-05
28  3.5  0.00552865
28  4.0  0.00304166
28  4.5  0.00169597
28  5.0  0.00103667
28  5.5  0.000642278
28  7.0  0.000181666
28  6.0  0.000411564
28  6.5  0.000272842
28  7.5  0.00012742
28  8.0  8.82427e-05
28  9.0  4.63624e-05
28  8.5  6.4584e-05
28  9.5  3.46813e-05
28  11.0  1.47228e-05
28  10.5  1.92755e-05
28  10.0  2.60656e-05
30  0.2  0.446148
30  0.3  0.625913
30  0.4  0.723475
30  0.5  0.735419
30  0.6  0.681694
30  0.7  0.60406
30  0.9  0.427917
30  0.8  0.515796
30  1.0  0.353427
30  1.1  0.288616
30  1.2  0.235241
30  1.3  0.191763
30  1.4  0.152739
30  1.5  0.124295
30  1.6  0.101035
30  1.7  0.0838849
30  1.8  0.0674208
30  2.0  0.0469517
28  12.0  8.74449e-06
30  1.9  0.0556638
30  3.0  0.00887372
30  2.5  0.0193563
30  3.5  0.00442
28  11.5  1.13732e-05
30  4.0  0.00238093
30  4.5  0.0013319
30  5.0  0.000793722
30  5.5  0.000494958
30  6.0  0.000325137
30  6.5  0.000209925
30  7.0  0.000144427
30  7.5  9.81249e-05
30  8.0  7.03896e-05
30  10.0  2.03235e-05
30  8.5  4.93695e-05
30  10.5  1.53863e-05
30  9.0  3.61795e-05
30  9.5  2.73093e-05
30  11.0  1.14254e-05
32  0.2  0.397926
32  0.3  0.529173
32  0.4  0.595302
32  0.5  0.585016
32  0.6  0.53219
32  0.7  0.462408
32  0.8  0.387735
32  0.9  0.32162
32  1.0  0.262988
32  1.1  0.212601
32  1.2  0.170938
32  1.3  0.139097
32  1.4  0.111372
32  1.5  0.0899367
32  1.6  0.0724826
32  1.7  0.0592587
32  1.8  0.0493159
32  1.9  0.0398018
32  2.0  0.0331111
32  2.5  0.0138754
32  3.0  0.00639708
32  3.5  0.00310452
30  11.5  8.78593e-06
30  12.0  6.81205e-06
32  5.5  0.000352696
32  4.0  0.0016738
32  4.5  0.000977137
32  5.0  0.000582576
32  6.0  0.000226504
32  7.5  6.98101e-05
32  6.5  0.000153818
32  7.0  0.000101498
32  8.0  4.92593e-05
32  8.5  3.61209e-05
32  9.5  1.94897e-05
32  9.0  2.64192e-05
32  10.0  1.41693e-05
32  10.5  1.07271e-05
34  0.2  0.332382
34  0.3  0.422974
32  11.0  8.20158e-06
34  0.4  0.441033
34  0.5  0.420896
34  0.6  0.371674
34  0.7  0.314298
34  0.8  0.263704
34  0.9  0.214133
34  1.0  0.175215
34  1.1  0.141653
32  12.0  4.87197e-06
34  1.3  0.0914354
34  1.2  0.1115
34  1.4  0.0720459
34  1.5  0.0605217
34  1.6  0.0480924
34  1.8  0.032603
34  1.7  0.038894
34  1.9  0.0259494
34  2.0  0.0220454
34  2.5  0.00899713
34  3.0  0.00401437
34  3.5  0.00200033
32  11.5  6.31566e-06
34  4.5  0.000631214
34  6.0  0.000145265
34  4.0  0.00111079
34  5.0  0.000364896
34  5.5  0.000229787
34  7.0  6.43115e-05
34  6.5  9.55337e-05
34  7.5  4.48388e-05
34  8.0  3.16972e-05
34  8.5  2.2886e-05
34  9.0  1.66257e-05
34  10.0  9.37634e-06
34  9.5  1.22069e-05
34  11.0  5.35291e-06
4  0.2  0.58722
4  0.3  0.846971
4  0.4  1.05288
34  10.5  6.91952e-06
4  0.5  1.189
4  0.6  1.1957
34  11.5  3.97748e-06
4  0.7  1.12553
4  0.8  1.0081
4  0.9  0.884231
4  1.0  0.752587
4  1.1  0.628445
4  1.2  0.526166
4  1.3  0.433272
4  1.4  0.35282
4  1.5  0.294924
4  1.6  0.240538
4  1.7  0.198879
4  1.8  0.165081
4  1.9  0.137728
4  2.0  0.114686
4  2.5  0.0483855
4  3.0  0.0224591
4  3.5  0.0111726
34  12.0  3.12178e-06
4  4.0  0.00615419
4  4.5  0.00349348
4  5.0  0.00206392
4  5.5  0.00127486
4  6.0  0.000828104
4  6.5  0.000550615
4  7.0  0.000367175
4  7.5  0.000253985
4  8.0  0.0001789
4  8.5  0.000129501
4  10.0  5.04909e-05
4  9.5  6.97439e-05
4  9.0  9.39113e-05
4  10.5  3.9155e-05
6  0.2  0.584212
4  11.0  2.99284e-05
4  11.5  2.27218e-05
6  0.3  0.849162
6  0.4  1.06078
6  0.5  1.17241
6  0.6  1.17056
6  0.7  1.11721
6  0.8  1.01291
6  0.9  0.880179
6  1.0  0.750425
6  1.1  0.628195
6  1.2  0.513767
6  1.3  0.427634
6  1.4  0.353074
6  1.5  0.288923
6  1.6  0.240792
6  1.7  0.198885
6  1.8  0.164847
6  1.9  0.13574
6  2.0  0.113549
6  3.0  0.0218433
6  2.5  0.0475786
6  3.5  0.0111051
4  12.0  1.80503e-05
6  4.0  0.00605058
6  4.5  0.00338656
6  5.0  0.00203688
6  5.5  0.00126103
6  6.0  0.000809237
6  6.5  0.000537124
6  7.0  0.000366334
6  7.5  0.000252334
6  8.0  0.000180159
6  8.5  0.000129952
6  9.5  6.80481e-05
6  10.0  5.12716e-05
6  9.0  9.26793e-05
6  10.5  3.84607e-05
6  11.0  2.98224e-05
8  0.2  0.569658
8  0.3  0.848303
8  0.4  1.05922
8  0.5  1.17385
8  0.6  1.16867
8  0.7  1.11788
8  0.8  1.00149
8  0.9  0.858699
8  1.0  0.744165
8  1.2  0.517885
8  1.1  0.622153
8  1.3  0.427511
8  1.4  0.351351
6  11.5  2.29306e-05
8  1.5  0.289664
8  1.6  0.239282
8  1.7  0.194507
8  1.8  0.162345
8  2.0  0.110834
8  1.9  0.134199
8  2.5  0.0466821
6  12.0  1.76585e-05
8  3.0  0.0217327
8  3.5  0.010864
8  4.0  0.00583846
8  4.5  0.00343194
8  5.0  0.00200307
8  5.5  0.00124237
8  6.0  0.000813842
8  6.5  0.000529537
8  7.0  0.000360859
8  7.5  0.000250381
8  8.0  0.000178416
8  8.5  0.000128367
8  10.0  5.05327e-05
8  9.0  9.17636e-05
8  9.5  6.74826e-05
8  10.5  3.86169e-05
8  11.0  2.90849e-05
8  12.0  1.73168e-05
8  11.5  2.24921e-05
