# diffractive D0 cross section, Pb target, LHAPDF fragmentation, An0n channel
# generated      : 2026-08-19 15:30:54 EEST
# calls          : 1e5 (VEGAS calls per point, see CALLS_EXCL/CALLS_EXCL_FACTORIZED/CALLS_DIFF)
# dipole samples : data/Pb/bk_posterior/member_0095/glauber_mve_<b>
# pD0 sweep      : 0.2 0.3 0.4 0.5 0.6 0.7 0.8 0.9 1.0 1.1 1.2 1.3 1.4 1.5 1.6 1.7 1.8 1.9 2.0 2.5 3.0 3.5 4.0 4.5 5.0 5.5 6.0 6.5 7.0 7.5 8.0 8.5 9.0 9.5 10.0 10.5 11.0 11.5 12.0
# fixed rapidity y : 0.0
# ============================================================
# b  pD0  dsigma_dyd2pD0
0  0.4  0.992344
0  0.2  0.550352
0  0.3  0.787087
0  0.5  1.11277
0  0.6  1.13493
0  0.7  1.0675
0  0.8  0.970685
0  0.9  0.860648
0  1.0  0.736104
0  1.1  0.620389
0  1.2  0.521893
0  1.3  0.435967
0  1.4  0.363759
0  1.5  0.299307
0  1.6  0.247927
0  1.7  0.20802
0  1.8  0.17158
0  1.9  0.145454
0  2.5  0.0540944
0  2.0  0.1215
0  3.0  0.0258142
0  3.5  0.0131796
0  4.0  0.00717179
0  6.0  0.00105203
0  4.5  0.00433874
0  5.0  0.0025668
0  5.5  0.00161236
0  7.0  0.000478286
0  6.5  0.000700888
0  7.5  0.000340269
0  8.0  0.000242073
0  8.5  0.000176137
0  9.0  0.000130938
0  9.5  9.46063e-05
0  10.0  7.3543e-05
10  0.2  0.540485
10  0.3  0.779193
10  0.4  0.979873
10  0.5  1.08336
0  12.0  2.59274e-05
10  0.7  1.03554
10  0.6  1.11033
10  0.8  0.946305
0  10.5  5.64349e-05
10  0.9  0.822072
10  1.0  0.708306
10  1.1  0.602542
10  1.2  0.497615
10  1.4  0.343683
10  1.3  0.416922
10  1.5  0.286234
10  1.6  0.240335
10  1.7  0.198592
0  11.0  4.36571e-05
10  1.8  0.163167
10  1.9  0.138403
10  2.0  0.116081
10  2.5  0.0507661
10  3.0  0.0242112
10  3.5  0.0127862
0  11.5  3.27335e-05
10  5.5  0.00154044
10  4.0  0.00684468
10  4.5  0.00403373
10  5.0  0.0024386
10  6.0  0.00100324
10  6.5  0.000683252
10  7.0  0.000461758
10  7.5  0.000327933
10  8.0  0.000229805
10  8.5  0.000170093
10  10.5  5.35715e-05
10  9.0  0.000121893
10  9.5  9.19996e-05
10  10.0  6.89053e-05
12  0.2  0.537246
12  0.3  0.773232
12  0.4  0.977067
12  0.5  1.08118
12  0.6  1.0842
12  0.7  1.03105
12  0.8  0.927376
12  0.9  0.817254
10  11.0  4.0499e-05
12  1.0  0.703955
12  1.1  0.588907
12  1.2  0.491145
12  1.3  0.409089
12  1.4  0.3408
12  1.5  0.284022
12  1.6  0.235913
12  1.7  0.191087
12  1.9  0.135495
12  1.8  0.163731
12  2.0  0.114527
12  2.5  0.0498986
12  3.0  0.0237015
10  11.5  3.13263e-05
12  3.5  0.0123417
10  12.0  2.45778e-05
12  6.0  0.000971478
12  5.5  0.00148891
12  4.0  0.0067432
12  4.5  0.00391237
12  5.0  0.00241241
12  7.5  0.000313147
12  6.5  0.000652848
12  7.0  0.000445555
12  8.5  0.000164473
12  8.0  0.000223179
12  9.0  0.000123187
12  10.5  5.13272e-05
12  9.5  9.14423e-05
12  10.0  6.9249e-05
14  0.2  0.532772
14  0.3  0.765453
14  0.4  0.968057
14  0.5  1.07072
14  0.6  1.07438
14  0.7  1.01623
14  0.8  0.914173
14  0.9  0.804173
14  1.0  0.681795
14  1.1  0.572581
14  1.2  0.48393
14  1.3  0.402938
12  11.0  4.05012e-05
14  1.4  0.336164
14  1.5  0.275729
14  1.6  0.226391
14  1.7  0.19011
14  1.8  0.159493
14  1.9  0.132091
14  2.0  0.110849
14  2.5  0.0484543
12  11.5  3.08329e-05
14  3.0  0.0225486
14  3.5  0.0119259
12  12.0  2.42476e-05
14  5.5  0.00145415
14  4.0  0.00665582
14  4.5  0.00377606
14  6.0  0.000943287
14  5.0  0.00234201
14  7.5  0.000305071
14  8.0  0.000221048
14  6.5  0.000636867
14  7.0  0.000435588
14  8.5  0.000161654
14  10.5  5.03796e-05
14  9.0  0.000115539
14  9.5  8.74239e-05
14  10.0  6.43456e-05
16  0.2  0.526093
14  11.5  2.97918e-05
16  0.3  0.758867
16  0.4  0.950657
16  0.5  1.04891
16  0.6  1.05137
16  0.7  1.00425
14  12.0  2.32984e-05
16  0.8  0.895307
16  0.9  0.776119
16  1.0  0.664495
16  1.1  0.558994
16  1.2  0.46418
16  1.3  0.386417
16  1.4  0.318357
16  1.5  0.265696
16  1.6  0.22159
14  11.0  3.83532e-05
16  1.7  0.184138
16  1.8  0.152541
16  1.9  0.128407
16  2.0  0.104741
16  2.5  0.0470678
16  3.0  0.0225117
16  3.5  0.0115044
16  4.0  0.00635191
16  5.5  0.00139734
16  4.5  0.00365055
16  5.0  0.00220928
16  6.0  0.000907443
16  6.5  0.000613809
16  7.0  0.000417753
16  7.5  0.000303562
16  8.0  0.000208594
16  8.5  0.000152316
16  10.5  4.81349e-05
16  9.0  0.000111449
16  10.0  6.26897e-05
16  9.5  8.33168e-05
18  0.2  0.522169
18  0.3  0.75179
18  0.4  0.93794
18  0.5  1.0156
18  0.6  1.04385
18  0.7  0.967581
18  0.8  0.864191
18  0.9  0.754005
18  1.0  0.643379
18  1.1  0.543604
18  1.2  0.449121
18  1.3  0.368799
18  1.4  0.306684
16  11.0  3.76131e-05
18  1.5  0.254808
18  1.6  0.212009
18  1.7  0.177159
18  1.8  0.146789
18  2.0  0.100966
18  1.9  0.123172
18  2.5  0.0447307
18  3.0  0.021332
18  3.5  0.0110956
16  11.5  2.8591e-05
16  12.0  2.25553e-05
18  5.0  0.00217435
18  4.0  0.00605198
18  5.5  0.00135555
18  4.5  0.00348062
18  7.0  0.00040184
18  6.5  0.000580708
18  6.0  0.00088063
18  7.5  0.000279019
18  8.0  0.000199627
18  8.5  0.000149094
18  9.0  0.000108436
18  10.0  6.15053e-05
18  9.5  8.15238e-05
2  0.2  0.535415
2  0.3  0.788368
2  0.4  0.998147
2  0.5  1.11547
2  0.6  1.13409
2  0.7  1.07899
2  0.8  0.964512
18  10.5  4.56889e-05
2  0.9  0.857987
2  1.0  0.731273
2  1.1  0.619079
2  1.2  0.518035
2  1.3  0.43868
2  1.4  0.3587
2  1.5  0.296844
2  1.6  0.24894
2  1.7  0.204613
18  11.0  3.63286e-05
2  1.8  0.173719
2  2.0  0.120608
2  1.9  0.14527
2  3.0  0.0258067
2  2.5  0.0534597
18  11.5  2.79946e-05
2  3.5  0.0130945
18  12.0  2.12643e-05
2  4.0  0.00745977
2  4.5  0.0042226
2  5.0  0.00257419
2  6.0  0.00104837
2  5.5  0.00163954
2  7.0  0.000478481
2  6.5  0.000704447
2  7.5  0.000338241
2  8.0  0.000243897
2  8.5  0.000178719
2  9.0  0.000127177
2  9.5  9.54716e-05
2  10.0  7.26469e-05
20  0.2  0.513124
20  0.3  0.746492
20  0.4  0.917344
2  10.5  5.68297e-05
2  12.0  2.54233e-05
20  0.5  1.0154
20  0.6  0.998669
20  0.7  0.943078
20  0.8  0.842155
20  0.9  0.727396
20  1.0  0.620066
20  1.1  0.518646
20  1.2  0.431888
20  1.3  0.351303
20  1.4  0.29436
20  1.5  0.243164
20  1.6  0.201785
20  1.7  0.168336
20  1.8  0.138317
2  11.0  4.25283e-05
20  2.0  0.0971739
20  1.9  0.116336
20  2.5  0.0427272
20  3.0  0.0203419
20  3.5  0.0103845
2  11.5  3.30241e-05
20  4.0  0.00572962
20  5.5  0.00130724
20  4.5  0.00330091
20  5.0  0.00199679
20  7.5  0.000270329
20  6.0  0.000817035
20  6.5  0.000554924
20  7.0  0.000376105
20  8.0  0.000189276
20  8.5  0.000141573
20  9.0  0.000100693
20  9.5  7.51372e-05
20  10.0  5.69057e-05
22  0.2  0.504251
22  0.3  0.72158
22  0.4  0.900695
20  10.5  4.27713e-05
22  0.5  0.97101
20  12.0  2.08586e-05
22  0.7  0.893496
22  0.6  0.973585
22  0.8  0.804205
20  11.0  3.29051e-05
22  0.9  0.6895
22  1.0  0.587035
22  1.1  0.488078
22  1.2  0.407794
22  1.3  0.33452
22  1.4  0.273128
22  1.5  0.226744
22  1.6  0.187344
22  1.7  0.154326
22  1.9  0.109833
22  1.8  0.129558
22  2.0  0.0912622
22  2.5  0.0400525
22  3.0  0.0188765
22  3.5  0.00970665
20  11.5  2.59126e-05
22  4.0  0.00535607
22  4.5  0.00305023
22  5.0  0.00191126
22  5.5  0.00117421
22  6.0  0.000778756
22  7.5  0.000247977
22  6.5  0.00051073
22  7.0  0.000351163
22  9.5  7.12566e-05
22  8.0  0.000175413
22  8.5  0.000130652
22  9.0  9.65297e-05
22  10.0  5.21265e-05
24  0.2  0.489398
24  0.3  0.710932
24  0.4  0.868256
24  0.5  0.924533
24  0.6  0.9145
24  0.7  0.855185
24  0.8  0.751575
22  10.5  4.02995e-05
24  0.9  0.644605
24  1.0  0.542166
24  1.1  0.443031
24  1.2  0.376912
24  1.3  0.309298
24  1.4  0.255695
24  1.5  0.209939
24  1.6  0.174426
24  1.7  0.141417
24  1.9  0.0996529
24  1.8  0.119735
22  11.0  3.07732e-05
24  2.0  0.0823816
24  3.0  0.01698
24  2.5  0.0359304
24  3.5  0.00878695
22  11.5  2.38669e-05
22  12.0  1.92734e-05
24  5.5  0.0010616
24  4.0  0.00480278
24  4.5  0.00283429
24  5.0  0.00173349
24  6.0  0.000698759
24  7.5  0.000224224
24  6.5  0.000467199
24  7.0  0.000317723
24  8.0  0.000161837
24  8.5  0.000116445
24  9.0  8.74567e-05
24  9.5  6.36495e-05
24  10.0  4.90396e-05
26  0.2  0.47335
26  0.3  0.679746
26  0.4  0.814105
24  10.5  3.69108e-05
26  0.5  0.88755
26  0.6  0.850619
26  0.7  0.777733
26  0.8  0.690836
26  0.9  0.583768
26  1.0  0.493619
26  1.1  0.409151
26  1.2  0.334712
24  11.0  2.87063e-05
26  1.3  0.276974
26  1.4  0.228488
26  1.5  0.187815
26  1.6  0.15398
26  1.7  0.128078
26  1.8  0.10706
26  1.9  0.0884517
26  2.0  0.0734752
26  2.5  0.0318759
26  3.5  0.00797596
26  3.0  0.0150431
24  11.5  2.18162e-05
24  12.0  1.75198e-05
26  4.5  0.00247968
26  6.0  0.000622671
26  4.0  0.00424588
26  5.0  0.00149183
26  5.5  0.000946244
26  7.0  0.000285723
26  6.5  0.000412676
26  7.5  0.000202562
26  8.0  0.000141794
26  8.5  0.000104055
26  9.0  7.69507e-05
26  9.5  5.69625e-05
26  10.0  4.32028e-05
28  0.2  0.453619
28  0.3  0.644195
28  0.4  0.763335
26  10.5  3.20148e-05
28  0.5  0.79674
28  0.6  0.772794
26  12.0  1.49848e-05
28  0.7  0.691598
28  0.8  0.600457
28  0.9  0.517368
26  11.0  2.54129e-05
28  1.0  0.424464
28  1.1  0.347593
28  1.2  0.287555
28  1.3  0.236215
28  1.4  0.196388
28  1.5  0.159258
28  1.6  0.130245
28  1.7  0.10837
28  1.8  0.0904493
28  1.9  0.0749575
28  2.0  0.0620686
28  2.5  0.0268748
28  3.0  0.0126544
28  3.5  0.00662398
26  11.5  1.97419e-05
28  4.0  0.00358132
28  6.0  0.000529429
28  4.5  0.00212001
28  5.0  0.0012848
28  5.5  0.000812443
28  7.5  0.000169338
28  6.5  0.00034246
28  8.5  8.54983e-05
28  7.0  0.000243831
28  8.0  0.000119223
28  9.0  6.29772e-05
28  11.0  2.07189e-05
28  9.5  4.61983e-05
28  10.0  3.48457e-05
28  11.5  1.60903e-05
30  0.2  0.426279
30  0.3  0.583808
30  0.4  0.672357
30  0.5  0.697666
30  0.6  0.651326
30  0.7  0.584595
30  0.8  0.496752
30  0.9  0.410852
28  10.5  2.68395e-05
30  1.0  0.34111
30  1.1  0.28396
30  1.2  0.236136
30  1.4  0.151823
30  1.3  0.191348
30  1.5  0.127156
30  1.6  0.103661
30  1.8  0.0715337
30  1.7  0.0863478
30  1.9  0.0596271
30  2.0  0.049465
30  2.5  0.0211006
30  3.0  0.0100592
30  3.5  0.00511928
28  12.0  1.26354e-05
30  4.0  0.00287786
30  4.5  0.00163742
30  5.0  0.000985045
30  6.0  0.000412867
30  5.5  0.000637455
30  7.0  0.000190412
30  6.5  0.000277524
30  8.5  6.82066e-05
30  7.5  0.000128409
30  8.0  9.06361e-05
30  9.5  3.76367e-05
30  9.0  4.95601e-05
30  10.5  2.10381e-05
32  0.2  0.3728
30  10.0  2.74207e-05
32  0.3  0.508118
32  0.4  0.559018
32  0.5  0.557719
32  0.6  0.515031
32  0.7  0.445352
32  0.8  0.375396
32  0.9  0.314258
32  1.0  0.257764
32  1.1  0.209269
32  1.2  0.170448
32  1.3  0.138595
32  1.4  0.112162
32  1.5  0.0927513
32  1.6  0.0750629
32  1.7  0.0627457
32  1.8  0.0516279
32  2.0  0.0363496
32  1.9  0.0426421
30  11.0  1.60391e-05
32  2.5  0.015374
32  3.0  0.00721307
32  3.5  0.00361585
30  11.5  1.27259e-05
30  12.0  9.58958e-06
32  4.0  0.00199178
32  4.5  0.00117136
32  5.0  0.000707782
32  6.5  0.00019674
32  5.5  0.000445299
32  7.0  0.000135035
32  6.0  0.00029206
32  7.5  9.12941e-05
32  8.0  6.62881e-05
32  8.5  4.78083e-05
32  9.0  3.53544e-05
32  9.5  2.62855e-05
32  10.0  1.98596e-05
34  0.2  0.312883
34  0.3  0.402929
34  0.4  0.420863
34  0.5  0.399505
34  0.6  0.355435
32  10.5  1.50796e-05
34  0.7  0.305766
34  0.8  0.252691
34  0.9  0.20857
34  1.0  0.168189
34  1.1  0.14037
34  1.2  0.111475
34  1.3  0.091191
34  1.4  0.0742843
32  11.0  1.15009e-05
34  1.5  0.060261
34  1.6  0.0497522
34  1.7  0.040375
34  1.8  0.0333618
34  1.9  0.027636
34  2.0  0.0231804
34  2.5  0.0100855
34  3.0  0.00466569
34  3.5  0.00237959
32  11.5  8.96321e-06
32  12.0  7.01011e-06
34  5.0  0.000454857
34  4.5  0.000757758
34  5.5  0.000285887
34  6.0  0.000189723
34  4.0  0.00130191
34  6.5  0.00012388
34  7.5  5.94009e-05
34  7.0  8.49233e-05
34  8.0  4.21587e-05
34  9.5  1.67834e-05
34  10.0  1.30229e-05
34  8.5  3.11036e-05
34  9.0  2.25635e-05
4  0.2  0.541964
4  0.3  0.782724
4  0.4  0.991614
4  0.5  1.09941
34  10.5  9.54678e-06
4  0.6  1.13086
4  0.7  1.06614
4  0.8  0.966014
4  0.9  0.851861
4  1.0  0.736227
4  1.1  0.617251
4  1.3  0.431379
4  1.2  0.521405
4  1.4  0.359738
34  11.0  7.3464e-06
4  1.5  0.299271
4  1.6  0.248838
4  1.8  0.17228
4  1.7  0.207506
4  1.9  0.143592
4  2.0  0.120992
4  2.5  0.0531224
4  3.5  0.0131411
4  3.0  0.0252195
34  11.5  5.76314e-06
34  12.0  4.51901e-06
4  4.0  0.00723359
4  4.5  0.00418282
4  5.0  0.00258841
4  6.0  0.00103573
4  5.5  0.00163587
4  6.5  0.000697422
4  7.0  0.000480056
4  7.5  0.000345544
4  8.0  0.000238613
4  8.5  0.000172884
4  9.0  0.000127293
4  9.5  9.73458e-05
4  10.0  7.0914e-05
4  10.5  5.59448e-05
6  0.2  0.545482
6  0.3  0.784231
6  0.4  0.984828
6  0.5  1.1122
4  12.0  2.634e-05
6  0.6  1.11008
6  0.7  1.05794
6  0.8  0.958763
6  0.9  0.839245
6  1.0  0.726761
6  1.1  0.615694
6  1.2  0.50997
4  11.0  4.22969e-05
6  1.3  0.430284
6  1.4  0.354844
6  1.5  0.295888
6  1.6  0.245132
6  1.7  0.201841
6  1.9  0.141151
6  1.8  0.171782
6  2.0  0.117995
6  3.0  0.0247065
6  2.5  0.0525609
6  3.5  0.0130849
4  11.5  3.33414e-05
6  4.0  0.00719804
6  4.5  0.00414375
6  5.0  0.00250481
6  5.5  0.00158589
6  7.0  0.000472997
6  6.5  0.000709345
6  6.0  0.00103266
6  7.5  0.000328049
6  8.0  0.000236277
6  8.5  0.000173442
6  9.0  0.000130655
6  9.5  9.67079e-05
6  11.5  3.28023e-05
6  10.0  7.09084e-05
8  0.2  0.538564
6  10.5  5.40942e-05
8  0.3  0.783769
8  0.4  0.986888
8  0.5  1.10714
6  12.0  2.62108e-05
8  0.7  1.05704
8  0.6  1.12176
8  0.8  0.961022
8  0.9  0.849702
6  11.0  4.26566e-05
8  1.0  0.716647
8  1.1  0.606545
8  1.2  0.506879
8  1.4  0.351349
8  1.3  0.422374
8  1.5  0.289731
8  1.6  0.241387
8  1.7  0.201526
8  1.8  0.16768
8  1.9  0.140364
8  2.0  0.117956
8  2.5  0.0517682
8  3.0  0.025082
8  3.5  0.0128188
8  4.0  0.00708492
8  5.5  0.00155535
8  4.5  0.0040935
8  5.0  0.00249524
8  6.0  0.00103358
8  7.0  0.000473996
8  6.5  0.000683216
8  7.5  0.000335991
8  8.5  0.000174019
8  8.0  0.000235774
8  9.0  0.00012765
8  9.5  9.33178e-05
8  10.0  7.0477e-05
8  12.0  2.56193e-05
8  10.5  5.48072e-05
8  11.0  4.24317e-05
8  11.5  3.1874e-05
