# exclusive D0 cross section, Pb target, LHAPDF fragmentation, An0n channel
# generated      : 2026-08-19 15:30:54 EEST
# calls          : 1e5 below 4.0 GeV, 2e3 above (see EXCL_PT_THRESHOLD) (VEGAS calls per point, see CALLS_EXCL/CALLS_EXCL_FACTORIZED/CALLS_DIFF)
# dipole samples : data/Pb/bk_posterior/member_0095/glauber_mve_<b>
# pD0 sweep      : 0.2 0.3 0.4 0.5 0.6 0.7 0.8 0.9 1.0 1.1 1.2 1.3 1.4 1.5 1.6 1.7 1.8 1.9 2.0 2.5 3.0 3.5 4.0 4.5 5.0 5.5 6.0 6.5 7.0 7.5 8.0 8.5 9.0 9.5 10.0 10.5 11.0 11.5 12.0
# fixed rapidity y : 3.0
# ============================================================
# b  pD0  dsigma_dyd2pD0
0  0.4  0.323668
0  0.3  0.424153
0  0.5  0.239616
0  0.2  0.534197
0  0.6  0.173269
0  0.7  0.123459
0  0.9  0.061241
0  0.8  0.0872015
0  1.1  0.0300167
0  1.0  0.0428753
0  1.2  0.0210541
0  1.3  0.0148262
0  1.5  0.00740688
0  1.4  0.0104936
0  1.6  0.00529364
0  1.9  0.00198094
0  1.8  0.0027206
0  1.7  0.00378157
0  3.0  6.9452e-05
0  2.5  0.000309023
0  2.0  0.00142813
0  3.5  1.85575e-05
0  5.0  5.15338e-07
0  4.0  5.28581e-06
0  4.5  1.59052e-06
0  5.5  1.73099e-07
0  6.5  2.29845e-08
0  6.0  6.16699e-08
0  7.5  3.5775e-09
0  8.5  6.30515e-10
0  7.0  8.89941e-09
0  9.0  2.7833e-10
0  9.5  1.24167e-10
0  8.0  1.47736e-09
0  10.5  2.67792e-11
0  11.0  1.27417e-11
10  0.2  0.512135
0  10.0  5.67389e-11
10  0.3  0.405929
10  0.4  0.309391
10  0.5  0.228684
10  0.6  0.165173
10  0.7  0.11753
10  0.8  0.0828119
10  0.9  0.0580283
10  1.0  0.040609
10  1.1  0.0283763
10  1.2  0.0198738
10  1.3  0.0139691
10  1.4  0.0098584
10  1.6  0.00500652
10  1.5  0.00696697
10  1.7  0.00355411
10  1.8  0.00255737
10  1.9  0.00183274
10  2.0  0.00133402
10  3.0  6.36703e-05
10  2.5  0.000285675
10  3.5  1.70729e-05
0  11.5  6.15054e-12
0  12.0  3.03103e-12
10  4.5  1.47162e-06
10  4.0  4.8842e-06
10  5.0  4.70364e-07
10  6.0  5.6596e-08
10  5.5  1.59238e-07
10  6.5  2.11071e-08
10  8.0  1.36258e-09
10  7.0  8.14899e-09
10  8.5  5.83085e-10
10  7.5  3.27359e-09
10  9.5  1.13462e-10
10  10.5  2.44699e-11
10  9.0  2.52414e-10
12  0.2  0.501961
10  10.0  5.18345e-11
12  0.3  0.397648
12  0.4  0.303075
12  0.5  0.223667
12  0.6  0.161425
12  0.7  0.114562
12  0.9  0.0565174
12  0.8  0.0807876
12  1.0  0.039445
12  1.1  0.0276252
12  1.2  0.0193349
12  1.3  0.0135789
12  1.4  0.009638
12  1.5  0.0067812
12  1.6  0.00485009
12  1.7  0.00347387
10  11.0  1.15608e-11
12  1.8  0.00246856
12  1.9  0.00178876
12  2.0  0.00129909
12  2.5  0.000274644
12  3.0  6.17765e-05
12  3.5  1.638e-05
10  11.5  5.60999e-12
10  12.0  2.75209e-12
12  5.0  4.56521e-07
12  4.5  1.4159e-06
12  4.0  4.70431e-06
12  5.5  1.53356e-07
12  6.0  5.4418e-08
12  6.5  2.02155e-08
12  7.0  7.81468e-09
12  7.5  3.13152e-09
12  8.0  1.29574e-09
12  8.5  5.52245e-10
12  9.0  2.41838e-10
12  9.5  1.0841e-10
14  0.2  0.489434
12  10.0  4.98063e-11
14  0.3  0.387413
14  0.4  0.294942
14  0.5  0.217489
14  0.6  0.156813
14  0.7  0.111286
14  0.8  0.078308
14  0.9  0.0547552
14  1.0  0.0382326
12  10.5  2.32048e-11
14  1.1  0.026667
14  1.2  0.0186748
14  1.4  0.00929285
14  1.3  0.0131029
12  11.0  1.10711e-11
14  1.5  0.00659737
14  1.6  0.00466805
14  1.8  0.00240324
14  1.7  0.00330696
14  1.9  0.00172595
14  2.0  0.00124186
14  2.5  0.000263173
12  11.5  5.36896e-12
14  3.0  5.8818e-05
14  3.5  1.72128e-05
12  12.0  2.64836e-12
14  4.5  1.349e-06
14  4.0  4.48023e-06
14  5.0  4.30322e-07
14  6.5  1.93271e-08
14  5.5  1.45456e-07
14  6.0  5.17597e-08
14  7.0  7.42442e-09
14  8.5  5.30312e-10
14  9.0  2.31316e-10
14  7.5  2.97623e-09
14  8.0  1.23153e-09
14  10.0  4.72181e-11
14  9.5  1.02714e-10
16  0.2  0.474184
16  0.3  0.375019
16  0.4  0.285293
16  0.5  0.210031
16  0.6  0.151243
14  10.5  2.19982e-11
16  0.7  0.107254
16  0.8  0.0753059
16  0.9  0.0526431
16  1.0  0.0367449
16  1.2  0.0178717
16  1.1  0.0255925
16  1.4  0.00887912
16  1.3  0.0125342
16  1.6  0.00441881
16  1.5  0.00621867
16  1.7  0.00318838
16  1.8  0.00227662
14  11.0  1.04932e-11
16  1.9  0.00164487
16  2.0  0.0011927
16  3.0  5.62024e-05
16  2.5  0.00024888
16  3.5  1.53729e-05
14  11.5  5.0867e-12
14  12.0  2.50673e-12
16  4.5  1.27028e-06
16  4.0  4.22277e-06
16  5.0  4.04868e-07
16  5.5  1.36869e-07
16  6.5  1.80664e-08
16  6.0  4.86042e-08
16  7.0  6.95981e-09
16  8.5  4.96061e-10
16  7.5  2.78725e-09
16  9.0  2.15982e-10
16  8.0  1.15291e-09
16  10.0  4.41611e-11
16  9.5  9.61042e-11
16  10.5  2.0616e-11
18  0.2  0.455787
18  0.3  0.359886
18  0.4  0.27338
18  0.5  0.201065
18  0.6  0.14456
18  0.7  0.102314
18  0.8  0.0716767
18  0.9  0.0501149
18  1.0  0.0348619
18  1.1  0.0242611
18  1.2  0.016932
18  1.3  0.0118597
18  1.4  0.00838994
18  1.5  0.00589233
18  1.6  0.00416904
18  1.7  0.00299551
16  11.0  9.79522e-12
18  1.8  0.00213091
18  1.9  0.00153734
18  2.0  0.00110647
18  2.5  0.000233441
18  3.0  5.30268e-05
18  3.5  1.36013e-05
16  11.5  4.75378e-12
16  12.0  2.32656e-12
18  4.5  1.17886e-06
18  5.5  1.26763e-07
18  4.0  3.92509e-06
18  5.0  3.7546e-07
18  6.5  1.67045e-08
18  6.0  4.49232e-08
18  7.0  6.43533e-09
18  7.5  2.57299e-09
18  8.0  1.06282e-09
18  8.5  4.53193e-10
18  10.0  4.07978e-11
18  9.0  1.97694e-10
18  9.5  8.85012e-11
18  11.0  9.00863e-12
2  0.2  0.53303
2  0.3  0.423404
18  10.5  1.89642e-11
2  0.4  0.323157
2  0.5  0.239196
2  0.6  0.172954
2  0.7  0.123226
2  0.8  0.0870256
2  0.9  0.0611028
2  1.0  0.0427856
2  1.1  0.0300099
2  1.2  0.0210037
2  1.3  0.0147932
2  1.4  0.010441
2  1.5  0.0073895
2  1.6  0.00528476
2  1.7  0.00379532
2  1.8  0.00271381
2  1.9  0.00197734
2  2.0  0.00142419
2  3.0  6.91749e-05
2  2.5  0.000308837
2  3.5  1.85277e-05
18  11.5  4.3676e-12
18  12.0  2.15109e-12
2  4.0  5.26982e-06
2  4.5  1.58569e-06
2  5.0  5.09093e-07
2  5.5  1.72556e-07
2  6.5  2.29137e-08
2  6.0  6.14669e-08
2  7.0  8.85873e-09
2  8.5  6.28058e-10
2  7.5  3.55207e-09
2  9.0  2.77386e-10
2  9.5  1.23746e-10
2  8.0  1.47215e-09
2  10.5  2.67082e-11
2  11.0  1.26954e-11
2  10.0  5.64987e-11
20  0.2  0.433456
20  0.3  0.342266
20  0.4  0.259286
20  0.5  0.19027
20  0.6  0.136542
20  0.7  0.096471
20  0.8  0.0674151
20  0.9  0.0469546
20  1.1  0.0227104
20  1.0  0.0326821
20  1.2  0.0158304
20  1.3  0.0110603
20  1.4  0.00783508
20  1.5  0.00550383
20  1.6  0.00389836
20  1.7  0.00275522
20  1.8  0.00197473
20  1.9  0.00143018
20  2.0  0.00102332
20  2.5  0.000215548
20  3.0  4.80038e-05
20  3.5  1.30438e-05
2  11.5  6.12994e-12
2  12.0  3.01926e-12
20  4.5  1.07428e-06
20  4.0  3.58821e-06
20  5.0  3.41476e-07
20  5.5  1.15788e-07
20  7.0  5.85588e-09
20  6.5  1.51315e-08
20  6.0  4.07788e-08
20  8.0  9.64172e-10
20  7.5  2.32601e-09
20  9.0  1.78846e-10
20  8.5  4.09182e-10
20  9.5  8.00483e-11
20  11.0  8.11468e-12
22  0.2  0.406346
20  10.0  3.64754e-11
22  0.3  0.320194
22  0.4  0.242164
20  10.5  1.70508e-11
22  0.6  0.126879
22  0.5  0.177405
22  0.8  0.0623534
22  0.7  0.0894476
22  0.9  0.0433867
22  1.0  0.0300787
22  1.1  0.0208525
22  1.2  0.0145088
22  1.3  0.0101172
22  1.4  0.0070913
22  1.5  0.00504365
22  1.6  0.00353364
22  1.7  0.00251226
22  1.8  0.00178998
20  11.5  3.9403e-12
22  1.9  0.00129635
22  2.0  0.000924334
22  2.5  0.000195608
22  3.0  4.36499e-05
22  3.5  1.10991e-05
22  4.5  9.54784e-07
20  12.0  1.93396e-12
22  4.0  3.18837e-06
22  5.0  3.0263e-07
22  5.5  1.02161e-07
22  6.0  3.59903e-08
22  6.5  1.33183e-08
22  7.0  5.13206e-09
22  7.5  2.04812e-09
22  9.0  1.57266e-10
22  8.0  8.44983e-10
22  8.5  3.59161e-10
22  9.5  6.93815e-11
22  10.0  3.20723e-11
22  11.0  7.14671e-12
24  0.2  0.373355
24  0.3  0.293379
24  0.4  0.221349
24  0.5  0.161573
24  0.6  0.115157
24  0.7  0.0809363
24  0.8  0.0562985
24  0.9  0.0389717
24  1.0  0.0270086
24  1.1  0.0186406
24  1.2  0.0129353
22  10.5  1.49273e-11
24  1.3  0.00900303
22  11.5  3.43678e-12
24  1.4  0.00629251
24  1.5  0.00442896
24  1.6  0.00311334
24  1.7  0.00222381
24  1.8  0.00158377
24  1.9  0.00114201
24  2.0  0.000821216
24  2.5  0.000172022
24  3.0  3.78326e-05
24  3.5  9.71064e-06
22  12.0  1.68946e-12
24  4.5  8.17581e-07
24  4.0  2.74827e-06
24  5.0  2.58495e-07
24  5.5  8.68017e-08
24  7.0  4.38484e-09
24  6.5  1.13338e-08
24  7.5  1.75608e-09
24  6.0  3.06253e-08
24  8.0  7.23823e-10
24  9.0  1.32903e-10
24  8.5  3.03097e-10
24  10.5  1.25773e-11
24  9.5  5.89965e-11
26  0.2  0.332599
24  10.0  2.6924e-11
26  0.3  0.260671
26  0.5  0.142373
26  0.4  0.195844
26  0.6  0.101037
26  0.7  0.0706666
26  0.8  0.0489266
26  0.9  0.0337774
26  1.0  0.0232789
26  1.1  0.0160728
26  1.2  0.011092
24  11.0  5.9557e-12
26  1.3  0.00769234
26  1.4  0.00535839
26  1.5  0.00378712
26  1.6  0.00264484
26  1.9  0.000969542
26  1.7  0.00187387
26  1.8  0.00134047
26  2.0  0.000686229
26  2.5  0.000140615
26  3.0  3.10724e-05
26  3.5  8.20316e-06
24  11.5  2.87687e-12
24  12.0  1.41699e-12
26  4.5  6.64299e-07
26  4.0  2.24263e-06
26  5.0  2.09646e-07
26  5.5  7.01225e-08
26  6.0  2.4679e-08
26  7.0  3.49586e-09
26  6.5  9.10625e-09
26  8.5  2.4375e-10
26  7.5  1.38935e-09
26  8.0  5.71092e-10
26  9.0  1.05162e-10
26  9.5  4.69359e-11
26  11.0  4.74671e-12
28  0.2  0.282949
26  11.5  2.26986e-12
26  10.0  2.13771e-11
28  0.3  0.220745
28  0.4  0.165289
28  0.5  0.119341
28  0.6  0.0842477
28  0.7  0.0585881
26  10.5  9.95571e-12
28  0.8  0.0403544
28  0.9  0.0277115
28  1.0  0.0189594
28  1.1  0.013024
28  1.2  0.00894849
28  1.3  0.00619369
28  1.4  0.00430918
28  1.5  0.00302018
28  1.7  0.00148667
28  1.6  0.00210082
28  1.8  0.0010476
28  2.0  0.000538653
28  1.9  0.000761139
28  3.0  2.37731e-05
28  2.5  0.000109385
28  3.5  6.91039e-06
28  4.0  1.71463e-06
26  12.0  1.11356e-12
28  5.5  5.25986e-08
28  4.5  4.99262e-07
28  5.0  1.57055e-07
28  7.0  2.61673e-09
28  6.5  6.75061e-09
28  6.0  1.83704e-08
28  7.5  1.0242e-09
28  9.0  7.78505e-11
28  8.0  4.19726e-10
28  8.5  1.77169e-10
28  9.5  3.42973e-11
30  0.2  0.224666
30  0.3  0.17431
28  10.0  1.56017e-11
30  0.4  0.129405
30  0.5  0.092776
30  0.6  0.0650153
30  0.7  0.0447872
30  0.8  0.0306557
30  0.9  0.0208652
28  10.5  7.24695e-12
30  1.1  0.00970546
30  1.0  0.0142196
30  1.2  0.00662685
30  1.4  0.00316201
30  1.3  0.00455654
30  1.5  0.00217946
28  11.0  3.43554e-12
30  1.6  0.00151978
30  1.7  0.00107096
30  1.8  0.00075515
30  1.9  0.000537897
30  3.0  1.54035e-05
30  2.0  0.000384648
30  2.5  7.66304e-05
30  3.5  4.48409e-06
28  11.5  1.65361e-12
30  4.0  1.15046e-06
28  12.0  8.12126e-13
30  4.5  3.37141e-07
30  5.5  3.49403e-08
30  5.0  1.05233e-07
30  6.0  1.22911e-08
30  7.5  6.76858e-10
30  6.5  4.45078e-09
30  7.0  1.69183e-09
30  8.0  2.73676e-10
30  8.5  1.15455e-10
30  10.0  1.00809e-11
30  9.0  4.99089e-11
30  9.5  2.19055e-11
32  0.2  0.162197
32  0.3  0.124786
30  11.5  1.06377e-12
32  0.4  0.0917719
32  0.5  0.0652085
32  0.6  0.0451887
32  0.7  0.03087
30  11.0  2.20385e-12
32  0.8  0.0209168
30  10.5  4.66397e-12
32  0.9  0.0141089
32  1.0  0.00951739
32  1.1  0.00643153
32  1.3  0.00298514
32  1.2  0.00436519
32  1.4  0.00203974
32  1.5  0.00141
32  1.6  0.000975182
32  1.8  0.000479123
32  1.7  0.000683075
32  1.9  0.000345413
32  2.0  0.000242091
32  2.5  4.75714e-05
32  3.0  1.00102e-05
32  3.5  2.61417e-06
30  12.0  5.18228e-13
32  4.0  6.79615e-07
32  4.5  1.96266e-07
32  5.0  6.08111e-08
32  5.5  1.99906e-08
32  6.5  2.54621e-09
32  6.0  6.92165e-09
32  7.0  9.53403e-10
32  8.0  1.52526e-10
32  7.5  3.75134e-10
32  8.5  6.39939e-11
32  9.0  2.75628e-11
32  9.5  1.21939e-11
32  10.5  2.5557e-12
34  0.2  0.104861
32  10.0  5.51395e-12
34  0.3  0.0799307
34  0.4  0.0580611
34  0.5  0.0407438
32  11.0  1.20212e-12
34  0.6  0.027856
34  0.7  0.018799
34  0.8  0.0125871
34  0.9  0.00840839
32  12.0  2.82619e-13
34  1.0  0.00561005
34  1.1  0.00374947
34  1.2  0.0025203
34  1.3  0.00170427
34  1.4  0.00116225
34  1.6  0.000552007
34  1.5  0.000792613
34  1.7  0.00037945
34  1.8  0.000265142
34  1.9  0.000186317
34  2.0  0.000132446
34  2.5  2.49122e-05
34  3.0  5.24248e-06
34  3.5  1.18764e-06
32  11.5  5.75624e-13
34  5.0  2.97276e-08
34  4.5  9.77578e-08
34  4.0  3.41323e-07
34  5.5  9.69696e-09
34  6.5  1.20325e-09
34  6.0  3.33062e-09
34  7.0  4.5132e-10
34  7.5  1.76157e-10
34  8.0  7.12319e-11
34  9.5  5.68157e-12
34  8.5  2.9691e-11
34  10.0  2.50615e-12
34  9.0  1.27275e-11
34  11.5  2.60984e-13
4  0.2  0.530657
4  0.3  0.421115
4  0.4  0.321379
4  0.5  0.23793
4  0.6  0.172004
4  0.7  0.122518
34  10.5  1.15923e-12
4  0.8  0.0864438
4  0.9  0.0607489
4  1.0  0.0425185
4  1.1  0.0297694
4  1.3  0.0146937
4  1.2  0.0209067
4  1.4  0.0103791
34  11.0  5.43614e-13
4  1.5  0.00733741
4  1.6  0.00523916
4  1.7  0.00378528
4  1.8  0.00270209
4  1.9  0.00196304
4  2.5  0.000304288
4  2.0  0.00141122
4  3.0  6.85116e-05
4  3.5  1.8401e-05
34  12.0  1.26132e-13
4  4.0  5.2215e-06
4  4.5  1.57114e-06
4  5.0  5.04167e-07
4  5.5  1.70928e-07
4  6.0  6.08873e-08
4  6.5  2.25648e-08
4  7.0  8.76818e-09
4  7.5  3.51897e-09
4  9.0  2.75018e-10
4  8.5  6.24047e-10
4  8.0  1.45653e-09
4  9.5  1.22461e-10
4  11.0  1.25491e-11
4  10.0  5.59698e-11
6  0.2  0.526344
4  10.5  2.61697e-11
6  0.3  0.417841
6  0.4  0.318632
6  0.5  0.235799
6  0.6  0.170412
6  0.7  0.121308
6  0.8  0.0856433
6  0.9  0.0600774
6  1.0  0.0420466
6  1.1  0.0294818
6  1.2  0.0206475
6  1.3  0.0145243
6  1.4  0.0102723
6  1.5  0.00724966
6  1.6  0.00516847
6  1.7  0.0037355
6  1.8  0.00266983
6  1.9  0.00191327
6  2.0  0.00139226
6  2.5  0.000298688
6  3.0  6.73337e-05
6  3.5  1.80862e-05
4  11.5  6.06736e-12
4  12.0  2.98779e-12
6  4.0  5.14156e-06
6  4.5  1.54641e-06
6  5.0  4.95972e-07
6  5.5  1.68176e-07
6  6.0  5.98985e-08
6  6.5  2.22679e-08
6  7.0  8.61882e-09
6  7.5  3.46147e-09
6  8.5  6.13534e-10
6  8.0  1.43212e-09
6  9.5  1.21551e-10
6  9.0  2.67441e-10
6  10.0  5.49301e-11
8  0.2  0.520218
8  0.3  0.412713
8  0.4  0.314614
6  10.5  2.57214e-11
8  0.5  0.232675
8  0.6  0.168158
8  0.7  0.119577
8  0.8  0.0844147
8  0.9  0.0592124
8  1.0  0.0413024
6  11.0  1.22311e-11
8  1.1  0.0289718
8  1.2  0.0203005
8  1.3  0.0142824
8  1.4  0.0100902
8  1.5  0.00721668
8  1.6  0.00510009
8  1.7  0.00367355
8  1.8  0.00262758
8  1.9  0.00189627
8  2.0  0.00136811
8  2.5  0.000292897
8  3.0  6.57311e-05
8  3.5  1.87862e-05
6  11.5  5.95809e-12
8  5.0  4.89631e-07
6  12.0  2.93567e-12
8  4.0  5.02989e-06
8  4.5  1.51154e-06
8  5.5  1.64281e-07
8  6.5  2.17752e-08
8  6.0  5.84753e-08
8  7.0  8.41211e-09
8  7.5  3.37393e-09
8  8.0  1.3973e-09
8  9.5  1.17381e-10
8  8.5  5.95507e-10
8  9.0  2.60813e-10
8  10.5  2.53099e-11
8  11.0  1.19879e-11
8  10.0  5.36392e-11
8  11.5  5.80718e-12
8  12.0  2.86217e-12
