# diffractive D0 cross section, Pb target, HymnD fragmentation, An0n channel
# generated      : 2026-10-01 18:31:46 EEST
# flux_model     : EFF (TARGET=AA)
# calls         : 1e5 (VEGAS calls per point, see CALLS_EXCL/CALLS_EXCL_FACTORIZED/CALLS_DIFF)
# dipole samples : data/Pb/mve/glauber_mve_<b>
# pD0 sweep      : 0.2 0.3 0.4 0.5 0.6 0.7 0.8 0.9 1.0 1.1 1.2 1.3 1.4 1.5 1.6 1.7 1.8 1.9 2.0 2.5 3.0 3.5 4.0 4.5 5.0 5.5 6.0 6.5 7.0 7.5 8.0 8.5 9.0 9.5 10.0 10.5 11.0 11.5 12.0
# fixed rapidity y : 0.0
# ============================================================
# b  pD0  dsigma_dyd2pD0
0  0.2  2.2339
0  0.3  2.18028
0  0.4  2.12601
0  0.5  2.05152
0  0.6  1.86067
0  0.7  1.64362
0  0.8  1.38863
0  1.2  0.620715
0  0.9  1.15287
0  1.0  0.939982
0  1.4  0.399457
0  1.1  0.770046
0  1.3  0.499421
0  1.5  0.324347
0  1.6  0.262424
0  1.8  0.169489
0  1.7  0.21114
0  2.0  0.113524
0  1.9  0.14073
0  2.5  0.0453181
0  5.0  0.00162532
0  4.0  0.00502179
0  4.5  0.00279146
0  5.5  0.00101575
0  3.0  0.0200941
0  3.5  0.00970332
0  6.0  0.000617085
0  7.5  0.000189601
0  7.0  0.000276699
0  6.5  0.000399214
0  9.5  4.72145e-05
0  8.5  9.35441e-05
0  9.0  6.52717e-05
0  8.0  0.000131874
10  0.2  2.13288
10  0.3  2.13414
10  0.4  2.12566
10  0.5  2.00661
10  0.6  1.82881
10  0.7  1.5963
10  0.8  1.34555
10  0.9  1.1183
0  10.0  3.55474e-05
10  1.0  0.905713
10  1.1  0.734004
10  1.2  0.593581
10  1.3  0.478772
10  1.4  0.385725
0  10.5  2.66658e-05
10  1.5  0.309698
10  1.6  0.245215
10  1.8  0.161823
10  1.7  0.203143
0  11.0  2.026e-05
10  1.9  0.132312
10  2.0  0.108148
10  2.5  0.0437356
0  11.5  1.54407e-05
10  3.0  0.0193135
0  12.0  1.20923e-05
10  4.0  0.00476963
10  4.5  0.00265542
10  5.0  0.00157933
10  3.5  0.00915791
10  5.5  0.00094233
10  7.5  0.000173928
10  6.0  0.000598856
10  7.0  0.000255105
10  6.5  0.000381702
10  8.5  8.86777e-05
10  9.0  6.18544e-05
10  8.0  0.000122373
12  0.2  2.17671
12  0.3  2.11849
12  0.4  2.12125
12  0.5  1.99813
12  0.6  1.79696
10  9.5  4.73157e-05
12  0.7  1.57891
12  0.8  1.30848
10  10.0  3.38209e-05
12  0.9  1.08539
12  1.0  0.897504
12  1.1  0.72078
12  1.2  0.576163
12  1.3  0.46486
12  1.4  0.374033
12  1.5  0.303087
12  1.6  0.24458
12  1.7  0.198795
10  10.5  2.50817e-05
12  1.8  0.160895
12  1.9  0.130803
12  2.5  0.0431773
12  2.0  0.107307
10  11.0  1.9164e-05
10  12.0  1.13606e-05
10  11.5  1.45134e-05
12  4.0  0.00475631
12  4.5  0.00258461
12  3.0  0.0184082
12  5.0  0.00152285
12  3.5  0.00903672
12  5.5  0.000909846
12  6.0  0.000590154
12  7.0  0.000248003
12  6.5  0.000376492
12  8.5  8.33641e-05
12  9.0  6.26491e-05
12  7.5  0.000176122
12  8.0  0.000121909
14  0.2  2.10144
14  0.3  2.0664
12  11.5  1.43477e-05
14  0.4  2.0962
14  0.5  1.97432
12  9.5  4.50454e-05
14  0.6  1.77347
14  0.7  1.54425
14  0.8  1.29742
14  0.9  1.06618
12  10.0  3.32132e-05
14  1.0  0.879089
14  1.1  0.716929
14  1.2  0.564066
14  1.3  0.458565
12  10.5  2.47999e-05
14  1.4  0.368449
14  1.5  0.29604
14  1.6  0.23818
14  1.7  0.19218
14  1.8  0.15496
12  11.0  1.92982e-05
14  1.9  0.127171
14  2.0  0.103494
14  2.5  0.0416267
12  12.0  1.11624e-05
14  4.5  0.00256228
14  4.0  0.00461873
14  5.0  0.00145454
14  3.0  0.0181403
14  3.5  0.00878608
14  5.5  0.000894574
14  6.0  0.000558905
14  7.0  0.000241788
14  8.5  8.25467e-05
14  6.5  0.000362292
14  7.5  0.000170792
14  9.0  6.06818e-05
14  8.0  0.000115795
16  0.2  2.05917
14  10.5  2.38883e-05
16  0.3  2.06462
16  0.4  2.03417
16  0.5  1.93454
16  0.6  1.73701
16  0.7  1.50253
14  11.5  1.38746e-05
16  0.8  1.24932
14  9.5  4.45702e-05
16  0.9  1.04822
16  1.0  0.844837
14  10.0  3.22699e-05
16  1.1  0.683357
16  1.2  0.549605
16  1.3  0.443766
16  1.4  0.355482
16  1.5  0.286089
16  1.6  0.231832
16  1.7  0.185891
16  1.8  0.149662
16  1.9  0.12352
16  2.0  0.100418
16  2.5  0.0398996
14  11.0  1.79266e-05
14  12.0  1.068e-05
16  4.0  0.0044018
16  4.5  0.0024671
16  5.0  0.00142123
16  5.5  0.000876983
16  3.0  0.0175612
16  3.5  0.00846712
16  6.5  0.000351865
16  7.5  0.000164272
16  6.0  0.000539538
16  7.0  0.000235911
16  8.0  0.000114524
16  10.5  2.31841e-05
18  0.2  2.02901
16  8.5  7.86363e-05
16  11.0  1.7562e-05
16  9.0  5.86741e-05
18  0.3  2.01467
18  0.4  2.00467
18  0.5  1.90561
18  0.6  1.6977
18  0.7  1.45918
16  9.5  4.19256e-05
18  0.8  1.22556
18  0.9  1.01335
16  10.0  3.17013e-05
18  1.0  0.826399
18  1.1  0.666983
18  1.2  0.537153
18  1.3  0.426961
18  1.4  0.343519
18  1.5  0.276506
18  1.6  0.221691
18  1.7  0.178495
18  1.8  0.146062
18  1.9  0.117472
18  2.5  0.0383047
18  2.0  0.0973182
16  11.5  1.30671e-05
16  12.0  1.04219e-05
18  4.0  0.00432845
18  4.5  0.00232856
18  5.0  0.00134815
18  5.5  0.0008149
18  3.0  0.0164508
18  3.5  0.00807593
18  7.5  0.000153745
18  6.5  0.000337141
18  6.0  0.000511167
18  7.0  0.000224527
18  10.5  2.27575e-05
18  8.0  0.000108974
2  0.2  2.20398
18  8.5  7.51901e-05
18  11.0  1.66745e-05
18  9.0  5.62997e-05
2  0.3  2.1896
2  0.4  2.16141
2  0.5  2.06585
2  0.6  1.87659
18  9.5  3.95468e-05
2  0.7  1.64077
2  0.8  1.39457
2  0.9  1.1606
2  1.0  0.950416
2  1.1  0.764004
18  10.0  3.03403e-05
2  1.2  0.623222
2  1.3  0.498579
2  1.4  0.40082
2  1.5  0.324709
2  1.6  0.260827
2  1.7  0.212479
2  1.8  0.171221
2  1.9  0.139662
2  2.0  0.115588
2  2.5  0.045277
18  11.5  1.31303e-05
2  5.0  0.0016244
18  12.0  9.90354e-06
2  4.0  0.00501351
2  4.5  0.0027949
2  3.0  0.0200722
2  5.5  0.000979082
2  3.5  0.00962919
2  6.0  0.000620334
2  7.5  0.000182629
2  7.0  0.000270113
2  6.5  0.000401733
2  9.5  4.94074e-05
2  8.5  9.31176e-05
2  9.0  6.73181e-05
2  8.0  0.000128084
20  0.2  1.98273
20  0.3  1.9687
20  0.4  1.9446
20  0.5  1.84497
20  0.6  1.63155
20  0.7  1.4085
20  0.8  1.18903
20  0.9  0.987953
2  10.0  3.66024e-05
20  1.0  0.786499
20  1.1  0.627767
20  1.2  0.509564
20  1.3  0.408231
20  1.4  0.324567
20  1.5  0.25572
2  10.5  2.75107e-05
20  1.6  0.206255
20  1.7  0.170172
20  1.8  0.137332
2  11.0  2.04878e-05
20  1.9  0.111339
20  2.0  0.0914168
20  2.5  0.0364311
2  11.5  1.59263e-05
2  12.0  1.23147e-05
20  4.0  0.00396531
20  5.0  0.00126734
20  4.5  0.00217078
20  3.0  0.0158185
20  3.5  0.00765631
20  5.5  0.000791209
20  7.0  0.000217787
20  6.5  0.000317924
20  8.0  0.000101811
20  6.0  0.000498872
20  7.5  0.000145157
20  10.5  2.09233e-05
22  0.2  1.95258
20  11.0  1.62681e-05
22  0.3  1.90866
20  9.0  5.25371e-05
22  0.4  1.87107
22  0.5  1.77667
20  8.5  7.31085e-05
20  9.5  3.87862e-05
22  0.6  1.57953
22  0.7  1.34944
22  0.8  1.13455
22  0.9  0.924211
20  10.0  2.78483e-05
22  1.0  0.738161
22  1.1  0.598817
22  1.2  0.478772
22  1.3  0.381008
22  1.4  0.303706
22  1.5  0.24474
22  1.6  0.197184
22  1.7  0.159332
22  1.8  0.127732
22  2.0  0.084464
22  1.9  0.104728
22  2.5  0.0334551
20  11.5  1.21903e-05
20  12.0  9.26206e-06
22  5.0  0.00119015
22  3.0  0.0148104
22  5.5  0.000738142
22  3.5  0.00707083
22  4.0  0.00367452
22  4.5  0.00204289
22  7.0  0.000200723
22  6.0  0.000466632
22  6.5  0.000299218
22  7.5  0.000137646
22  8.0  9.2739e-05
24  0.2  1.81547
22  8.5  6.83166e-05
22  11.0  1.51362e-05
22  9.0  4.90824e-05
24  0.3  1.8316
24  0.4  1.80455
24  0.5  1.67838
24  0.6  1.49526
22  9.5  3.59194e-05
24  0.7  1.24675
24  0.8  1.0408
24  0.9  0.859612
24  1.0  0.690644
22  10.0  2.59856e-05
24  1.1  0.548315
24  1.2  0.432429
24  1.3  0.351006
22  10.5  1.90255e-05
24  1.4  0.280008
24  1.5  0.225514
24  1.6  0.180069
24  1.7  0.145975
24  1.8  0.11761
24  2.0  0.0782492
24  1.9  0.0960869
24  2.5  0.0305296
22  11.5  1.10503e-05
22  12.0  8.7112e-06
24  5.0  0.00107533
24  4.5  0.00185847
24  3.0  0.0133591
24  5.5  0.000657931
24  4.0  0.0033757
24  3.5  0.00645178
24  6.5  0.000268843
24  6.0  0.000421579
24  7.0  0.000177695
24  8.0  8.69916e-05
24  7.5  0.0001225
24  8.5  5.99955e-05
26  0.2  1.70932
24  9.0  4.31603e-05
26  0.3  1.72323
26  0.4  1.67778
26  0.5  1.55723
26  0.6  1.38102
24  9.5  3.14873e-05
26  0.8  0.961969
26  0.7  1.17365
26  0.9  0.779887
24  10.0  2.34698e-05
26  1.0  0.629498
26  1.1  0.496792
26  1.2  0.396655
26  1.3  0.314715
24  10.5  1.76811e-05
26  1.4  0.249398
26  1.5  0.199187
26  1.6  0.161018
26  1.7  0.129565
26  1.8  0.103243
26  1.9  0.0846814
26  2.0  0.0689906
26  2.5  0.0271875
24  11.0  1.37699e-05
24  11.5  1.04816e-05
24  12.0  7.88585e-06
26  4.5  0.00156632
26  5.0  0.000958868
26  3.0  0.0119566
26  5.5  0.000585412
26  3.5  0.00568268
26  4.0  0.00294246
26  7.0  0.000155721
26  6.0  0.000363706
26  9.0  3.74901e-05
26  6.5  0.000231527
26  8.5  5.23787e-05
26  7.5  0.000105532
26  8.0  7.62707e-05
28  0.2  1.58343
28  0.3  1.57716
28  0.4  1.54324
28  0.5  1.40666
28  0.6  1.20552
26  9.5  2.76913e-05
28  0.7  1.02308
28  0.8  0.84128
28  0.9  0.671089
28  1.1  0.42524
28  1.0  0.540746
28  1.2  0.337575
28  1.3  0.26577
26  10.0  2.05264e-05
28  1.4  0.211968
28  1.5  0.169201
28  1.6  0.134168
26  10.5  1.58972e-05
28  1.7  0.108088
28  1.8  0.0884585
28  1.9  0.0711343
26  11.0  1.15924e-05
28  2.0  0.0592784
28  2.5  0.0229511
26  11.5  8.95304e-06
26  12.0  7.1465e-06
28  4.0  0.00244882
28  4.5  0.00137728
28  5.0  0.000791467
28  5.5  0.000482816
28  3.5  0.00484928
28  3.0  0.00971998
28  7.0  0.000129916
28  6.0  0.00030512
28  6.5  0.000196411
28  8.5  4.41329e-05
28  8.0  6.43174e-05
28  7.5  9.22493e-05
28  11.0  9.88382e-06
30  0.2  1.3949
30  0.3  1.37841
28  9.0  3.27975e-05
28  11.5  7.49156e-06
30  0.4  1.33437
30  0.5  1.18908
30  0.6  1.02554
28  9.5  2.34302e-05
30  0.7  0.852005
30  0.8  0.686092
30  1.0  0.433798
30  0.9  0.553378
30  1.1  0.342971
28  10.0  1.72555e-05
30  1.2  0.267837
30  1.3  0.213918
30  1.4  0.167426
28  10.5  1.28269e-05
30  1.5  0.135934
30  1.6  0.108407
30  1.7  0.0870186
30  1.8  0.0702632
30  1.9  0.0569294
30  2.0  0.0457781
30  2.5  0.0179758
28  12.0  5.77088e-06
30  4.0  0.00197607
30  5.0  0.000629176
30  4.5  0.0010882
30  3.0  0.00781822
30  3.5  0.00376719
30  6.0  0.000236167
30  5.5  0.000379393
30  7.5  7.19551e-05
30  6.5  0.000158247
30  7.0  0.000105954
30  8.5  3.55383e-05
30  11.0  7.66334e-06
32  0.2  1.17096
30  8.0  4.89111e-05
32  0.3  1.13202
30  9.0  2.51774e-05
32  0.4  1.07728
32  0.5  0.951531
30  11.5  5.84721e-06
32  0.6  0.783866
30  9.5  1.83049e-05
30  12.0  4.66384e-06
32  0.8  0.510546
32  0.7  0.638416
32  0.9  0.407263
30  10.0  1.33733e-05
32  1.0  0.323369
32  1.1  0.249724
32  1.2  0.198344
32  1.3  0.155355
32  1.4  0.120443
32  1.5  0.0980962
32  1.6  0.0779845
30  10.5  9.99255e-06
32  1.7  0.0629634
32  1.8  0.0503467
32  1.9  0.040289
32  2.0  0.0320245
32  2.5  0.0129095
32  3.5  0.00267087
32  4.0  0.00139283
32  4.5  0.000780324
32  5.0  0.000454357
32  3.0  0.00567002
32  5.5  0.000274151
32  6.5  0.000112456
32  6.0  0.000168738
32  7.0  7.27158e-05
32  8.5  2.4533e-05
32  9.0  1.7722e-05
32  7.5  4.83587e-05
4  0.2  2.21888
32  8.0  3.45563e-05
4  0.3  2.18243
4  0.4  2.15828
4  0.5  2.07305
4  0.6  1.84925
32  11.5  4.17551e-06
4  0.7  1.61815
32  9.5  1.29344e-05
4  0.8  1.38307
4  0.9  1.15246
4  1.0  0.937463
32  10.0  9.50547e-06
4  1.1  0.759356
4  1.2  0.615145
4  1.3  0.491433
4  1.4  0.398272
4  1.5  0.320985
32  10.5  7.32761e-06
4  1.6  0.253487
4  1.7  0.211833
4  1.8  0.17048
4  1.9  0.138168
4  2.5  0.0449103
4  2.0  0.114103
32  11.0  5.45576e-06
32  12.0  3.23748e-06
4  5.0  0.00161011
4  4.0  0.00498275
4  4.5  0.00277192
4  5.5  0.000986208
4  3.0  0.0199815
4  3.5  0.00959825
4  6.0  0.000625154
4  7.5  0.000183234
4  7.0  0.00027145
4  6.5  0.00040613
4  9.5  4.92461e-05
4  8.0  0.000130431
4  8.5  8.99881e-05
6  0.2  2.18873
6  0.3  2.18405
6  0.4  2.13648
4  9.0  6.53502e-05
6  0.5  2.07032
6  0.6  1.83836
6  0.7  1.61997
6  0.8  1.38225
6  0.9  1.1431
6  1.0  0.938819
6  1.1  0.767121
4  10.0  3.55553e-05
6  1.2  0.612854
6  1.3  0.48638
4  10.5  2.66515e-05
6  1.4  0.391542
6  1.6  0.256298
6  1.5  0.319555
6  1.7  0.206842
6  1.8  0.168992
6  2.0  0.113275
6  1.9  0.137431
4  11.0  2.01431e-05
6  2.5  0.0457119
4  11.5  1.52489e-05
4  12.0  1.18816e-05
6  5.0  0.00159861
6  4.0  0.00500481
6  4.5  0.00273163
6  3.0  0.0198038
6  3.5  0.0096338
6  5.5  0.000961966
6  6.0  0.000605359
6  7.0  0.00026372
6  6.5  0.000393828
6  8.5  9.16878e-05
6  7.5  0.00017949
6  8.0  0.000127425
8  0.2  2.17454
6  9.0  6.65109e-05
8  0.3  2.1713
8  0.4  2.11099
8  0.5  2.01858
8  0.6  1.84061
8  0.7  1.6133
8  0.8  1.35476
6  9.5  4.74351e-05
6  10.0  3.48422e-05
8  0.9  1.13336
8  1.0  0.923521
8  1.1  0.754585
8  1.2  0.605185
8  1.3  0.482658
8  1.4  0.388278
8  1.5  0.311936
8  1.6  0.250204
8  1.7  0.206979
6  10.5  2.60708e-05
8  1.8  0.166309
8  2.0  0.11147
8  1.9  0.136926
8  2.5  0.0446439
6  11.0  1.97368e-05
8  3.0  0.0194989
6  11.5  1.52335e-05
6  12.0  1.2139e-05
8  4.0  0.00493174
8  4.5  0.00275399
8  5.0  0.00158243
8  3.5  0.00950363
8  5.5  0.000961504
8  6.0  0.00060264
8  7.0  0.000259775
8  6.5  0.000395096
8  8.5  9.11039e-05
8  7.5  0.000178873
8  8.0  0.000124334
8  9.0  6.3607e-05
8  9.5  4.63563e-05
8  10.0  3.541e-05
8  10.5  2.59745e-05
8  11.0  1.97304e-05
8  11.5  1.50116e-05
8  12.0  1.19377e-05
