# exclusive D0 cross section, Pb target, HymnD fragmentation, An0n channel
# generated      : 2026-10-01 18:31:45 EEST
# flux_model     : EFF (TARGET=AA)
# calls         : 1e5 below 3.0 GeV, 2e3 above (see EXCL_PT_THRESHOLD) (VEGAS calls per point, see CALLS_EXCL/CALLS_EXCL_FACTORIZED/CALLS_DIFF)
# dipole samples : data/Pb/mve/glauber_mve_<b>
# pD0 sweep      : 0.2 0.3 0.4 0.5 0.6 0.7 0.8 0.9 1.0 1.1 1.2 1.3 1.4 1.5 1.6 1.7 1.8 1.9 2.0 2.5 3.0 3.5 4.0 4.5 5.0 5.5 6.0 6.5 7.0 7.5 8.0 8.5 9.0 9.5 10.0 10.5 11.0 11.5 12.0
# fixed rapidity y : -0.5
# ============================================================
# b  pD0  dsigma_dyd2pD0
0  0.4  3.49159
0  0.3  4.88611
0  0.2  6.88339
0  0.5  2.48351
0  0.8  0.853533
0  0.7  1.22395
0  0.6  1.74671
0  0.9  0.599523
0  1.1  0.294393
0  1.0  0.41823
0  1.2  0.209299
0  1.3  0.147386
0  1.5  0.0783669
0  1.4  0.105963
0  1.6  0.0571055
0  1.9  0.0218129
0  1.7  0.0413267
0  1.8  0.0306659
0  2.5  0.00425587
0  2.0  0.0165806
0  3.0  0.00113883
0  5.0  1.89003e-05
0  4.5  4.62584e-05
0  6.5  1.8594e-06
0  3.5  0.000356275
0  4.0  0.000123196
0  5.5  8.25751e-06
0  6.0  3.81736e-06
0  7.0  9.54709e-07
0  7.5  5.08902e-07
0  8.0  2.8276e-07
10  0.2  6.48983
0  8.5  1.62542e-07
10  0.3  4.60308
0  9.0  9.63382e-08
10  0.4  3.28254
0  10.5  2.33058e-08
10  0.5  2.32805
0  9.5  5.8781e-08
10  0.6  1.63449
10  0.7  1.14399
10  0.8  0.795627
10  0.9  0.557942
0  10.0  3.67401e-08
10  1.0  0.389027
10  1.1  0.276575
10  1.2  0.192085
0  11.5  1.02195e-08
10  1.3  0.136298
10  1.4  0.0981193
10  1.5  0.0718071
0  12.0  6.95506e-09
10  1.6  0.0518986
10  1.7  0.0381256
10  1.8  0.0273507
0  11.0  1.5458e-08
10  1.9  0.0205125
10  2.0  0.0157254
10  2.5  0.00358028
10  3.5  0.000322787
10  3.0  0.00103475
10  5.0  1.71506e-05
10  6.5  1.68533e-06
10  4.0  0.000111848
10  4.5  4.21692e-05
10  5.5  7.47884e-06
10  6.0  3.46279e-06
10  8.0  2.5518e-07
10  8.5  1.46816e-07
10  7.0  8.64466e-07
10  7.5  4.60631e-07
12  0.2  6.30561
12  0.3  4.47634
12  0.4  3.18898
10  9.0  8.72642e-08
12  0.5  2.25333
12  0.6  1.58484
12  0.7  1.10888
10  9.5  5.3169e-08
12  0.8  0.771034
12  0.9  0.539423
12  1.0  0.375362
10  10.0  3.3227e-08
12  1.1  0.265155
12  1.2  0.188395
12  1.3  0.131533
12  1.4  0.0938258
10  10.5  2.13003e-08
12  1.5  0.0691936
12  1.6  0.0504263
10  11.5  9.24254e-09
12  1.7  0.0366547
12  1.8  0.0270543
12  1.9  0.0194773
10  12.0  6.28675e-09
12  2.0  0.0152051
12  2.5  0.00420367
10  11.0  1.39808e-08
12  3.5  0.0003084
12  3.0  0.000989277
12  4.0  0.000106481
12  5.0  1.63743e-05
12  4.5  4.0272e-05
12  5.5  7.15029e-06
12  6.0  3.30369e-06
12  8.0  2.43382e-07
12  7.5  4.34262e-07
12  6.5  1.61424e-06
12  7.0  8.24603e-07
12  10.5  2.01115e-08
12  11.0  1.32009e-08
12  8.5  1.40027e-07
14  0.2  6.09872
14  0.3  4.31554
12  9.0  8.31735e-08
14  0.4  3.06976
14  0.5  2.16788
14  0.6  1.52154
12  9.5  5.06882e-08
14  0.7  1.06144
14  0.8  0.738934
12  10.0  3.16868e-08
14  0.9  0.512706
14  1.0  0.358338
14  1.1  0.252808
14  1.2  0.176153
14  1.3  0.124619
14  1.4  0.0912105
14  1.5  0.0650799
14  1.6  0.0473819
14  1.7  0.0346998
14  1.9  0.0190336
14  1.8  0.0258262
14  2.0  0.01428
14  2.5  0.0034191
12  11.5  8.92707e-09
12  12.0  6.0734e-09
14  3.5  0.000291461
14  5.0  1.53637e-05
14  3.0  0.000935414
14  6.0  3.10553e-06
14  4.0  0.000100587
14  4.5  3.80099e-05
14  5.5  6.74263e-06
14  8.5  1.31805e-07
14  6.5  1.5209e-06
14  9.5  4.73704e-08
14  10.0  2.95954e-08
14  7.0  7.77408e-07
14  7.5  4.14579e-07
14  10.5  1.8951e-08
14  8.0  2.3022e-07
16  0.2  5.83755
16  0.3  4.12441
16  0.4  2.92952
14  9.0  7.83724e-08
16  0.5  2.06385
16  0.6  1.44698
16  0.7  1.00623
16  0.8  0.699824
16  0.9  0.48585
16  1.0  0.34117
14  11.0  1.23982e-08
16  1.1  0.236372
16  1.2  0.169426
16  1.3  0.11936
16  1.4  0.0842295
16  1.5  0.0618556
14  11.5  8.30328e-09
16  1.6  0.044636
16  1.7  0.0321286
16  1.8  0.0239226
16  1.9  0.0172987
16  2.0  0.0132134
16  2.5  0.00303553
14  12.0  5.64728e-09
16  3.0  0.000872663
16  6.0  2.88954e-06
16  3.5  0.000272553
16  4.0  9.38743e-05
16  4.5  3.53688e-05
16  5.5  6.26686e-06
16  5.0  1.43913e-05
16  8.5  1.22493e-07
16  8.0  2.13083e-07
16  6.5  1.41384e-06
16  9.5  4.39809e-08
16  10.0  2.74825e-08
16  7.0  7.22929e-07
16  7.5  3.85481e-07
16  10.5  1.75963e-08
18  0.2  5.51357
18  0.3  3.89737
16  11.0  1.15428e-08
16  9.0  7.27661e-08
18  0.4  2.77065
18  0.5  1.94367
18  0.7  0.944601
18  0.6  1.35957
18  0.8  0.654037
18  0.9  0.455278
18  1.0  0.31519
18  1.1  0.220912
18  1.2  0.154609
18  1.3  0.109595
18  1.5  0.0575414
18  1.4  0.0782356
18  1.6  0.0412241
18  1.7  0.0304549
18  1.8  0.0221424
18  1.9  0.016156
18  2.0  0.0115184
18  2.5  0.00320562
16  11.5  7.80839e-09
16  12.0  5.32629e-09
18  3.0  0.000799808
18  6.0  2.64428e-06
18  5.0  1.31338e-05
18  3.5  0.00024987
18  4.0  8.59582e-05
18  4.5  3.2355e-05
18  5.5  5.73384e-06
18  8.0  1.94479e-07
18  8.5  1.11711e-07
18  6.5  1.29153e-06
18  9.5  4.00986e-08
18  7.0  6.60251e-07
18  7.5  3.50251e-07
2  0.2  6.86847
2  0.3  4.87539
18  9.0  6.63747e-08
2  0.4  3.48779
2  0.5  2.47631
2  0.6  1.74308
2  0.7  1.22085
2  0.8  0.85216
2  0.9  0.598515
18  11.0  1.0494e-08
2  1.0  0.417764
18  10.0  2.52635e-08
2  1.1  0.293195
2  1.2  0.208699
2  1.3  0.147091
2  1.4  0.105477
2  1.5  0.0769854
2  1.6  0.0562243
18  10.5  1.62255e-08
2  1.7  0.0408038
2  1.8  0.0300841
2  1.9  0.0223818
2  2.0  0.0166295
2  2.5  0.0040765
18  11.5  7.12043e-09
2  3.0  0.00113442
18  12.0  4.85807e-09
2  4.5  4.6086e-05
2  5.0  1.88297e-05
2  6.5  1.85249e-06
2  3.5  0.000355301
2  4.0  0.000122745
2  5.5  8.22656e-06
2  6.0  3.80304e-06
2  7.0  9.5113e-07
2  7.5  5.06992e-07
2  8.5  1.61716e-07
20  0.2  5.15005
2  8.0  2.81912e-07
20  0.3  3.62933
20  0.4  2.57393
2  9.0  9.59612e-08
2  9.5  5.85578e-08
20  0.6  1.25724
20  0.5  1.80154
20  0.7  0.87143
20  0.8  0.601169
20  0.9  0.418917
20  1.0  0.288879
2  10.0  3.6599e-08
2  11.5  1.01769e-08
20  1.1  0.200922
20  1.2  0.142204
20  1.3  0.0993628
2  10.5  2.34533e-08
20  1.4  0.0713365
20  1.5  0.0513732
20  1.6  0.0376139
20  1.7  0.0271749
20  1.8  0.0192053
2  11.0  1.53988e-08
20  1.9  0.0136927
20  2.0  0.0102967
2  12.0  6.92844e-09
20  2.5  0.00253498
20  3.5  0.000223012
20  3.0  0.000718082
20  4.0  7.69272e-05
20  4.5  2.89607e-05
20  5.0  1.17698e-05
20  5.5  5.12032e-06
20  6.5  1.14617e-06
20  6.0  2.36274e-06
20  8.0  1.73525e-07
20  8.5  9.95752e-08
20  9.0  5.87268e-08
20  7.0  5.8924e-07
20  7.5  3.13733e-07
22  0.2  4.7086
20  11.0  9.38012e-09
22  0.3  3.31075
22  0.4  2.33619
22  0.5  1.63307
22  0.6  1.13768
20  9.5  3.60342e-08
22  0.7  0.786207
20  10.0  2.25467e-08
22  0.9  0.374781
22  0.8  0.540165
22  1.0  0.259239
22  1.1  0.179226
22  1.2  0.125527
22  1.3  0.0884483
22  1.4  0.0641673
20  10.5  1.44355e-08
22  1.5  0.0456719
22  1.6  0.0327312
22  1.7  0.0234002
22  1.8  0.0175968
22  1.9  0.0127999
22  2.0  0.00964908
22  2.5  0.00233493
20  11.5  6.34261e-09
20  12.0  4.32804e-09
22  3.5  0.000193797
22  4.5  2.51569e-05
22  3.0  0.00062603
22  4.0  6.69071e-05
22  5.0  1.02139e-05
22  5.5  4.43821e-06
22  8.0  1.50032e-07
22  8.5  8.60071e-08
22  6.0  2.04719e-06
22  9.0  5.08036e-08
22  6.5  9.97417e-07
22  7.0  5.09055e-07
22  7.5  2.71407e-07
22  11.0  8.10921e-09
24  0.2  4.18353
24  0.3  2.93717
24  0.4  2.06588
24  0.5  1.43682
22  9.5  3.11464e-08
24  0.6  0.995019
24  0.7  0.682495
24  0.8  0.46989
22  10.0  1.94716e-08
24  0.9  0.322703
24  1.0  0.223184
24  1.1  0.15379
24  1.2  0.10739
24  1.3  0.0756929
22  10.5  1.24689e-08
24  1.4  0.0538495
24  1.5  0.0386194
24  1.6  0.0282427
24  1.7  0.0199813
24  1.9  0.0110725
24  1.8  0.0149543
24  2.5  0.00177053
24  2.0  0.00817338
22  11.5  5.47563e-09
24  4.5  2.09245e-05
22  12.0  3.73549e-09
24  3.5  0.000162413
24  6.0  1.69806e-06
24  3.0  0.000526936
24  4.0  5.57537e-05
24  5.0  8.48619e-06
24  5.5  3.6193e-06
24  8.0  1.24042e-07
24  6.5  8.27035e-07
24  7.0  4.22592e-07
24  7.5  2.2463e-07
24  8.5  7.14418e-08
24  11.0  6.69998e-09
26  0.2  3.56252
24  10.0  1.59294e-08
26  0.3  2.4871
24  9.0  4.22745e-08
24  9.5  2.57512e-08
26  0.4  1.74365
26  0.5  1.20865
26  0.6  0.831093
26  0.7  0.568448
26  0.8  0.387933
26  0.9  0.265634
26  1.0  0.183066
26  1.1  0.126585
26  1.2  0.0885233
26  1.4  0.0443584
26  1.3  0.0625812
24  10.5  1.03025e-08
26  1.5  0.0316493
26  1.8  0.0117526
26  1.6  0.0223671
26  1.7  0.0161791
26  1.9  0.00837038
26  2.0  0.00638198
26  2.5  0.00144202
24  11.5  4.52194e-09
24  12.0  3.08526e-09
26  4.5  1.63548e-05
26  3.5  0.000127653
26  6.0  1.31781e-06
26  3.0  0.000415591
26  4.0  4.37283e-05
26  7.0  3.27051e-07
26  5.0  6.63299e-06
26  5.5  2.86943e-06
26  8.0  9.62409e-08
26  8.5  5.5107e-08
26  6.5  6.43899e-07
26  9.5  1.98212e-08
26  10.0  1.23382e-08
26  7.5  1.74471e-07
28  0.2  2.84434
26  11.0  5.19332e-09
28  0.3  1.97895
28  0.4  1.37268
26  9.0  3.27881e-08
28  0.5  0.944843
28  0.6  0.647272
28  0.7  0.438812
28  0.8  0.298346
28  0.9  0.202636
28  1.0  0.138732
28  1.1  0.0947234
28  1.2  0.065671
28  1.3  0.0459351
28  1.4  0.0325885
28  1.5  0.0236408
28  1.6  0.0165445
28  1.7  0.0122845
28  1.9  0.00625368
28  1.8  0.00867519
26  10.5  7.97476e-09
28  2.0  0.00471124
28  2.5  0.00105416
26  11.5  3.50081e-09
26  12.0  2.38636e-09
28  4.5  1.16848e-05
28  3.0  0.000300269
28  3.5  9.19939e-05
28  4.0  3.13385e-05
28  5.0  4.72562e-06
28  5.5  2.04091e-06
28  6.0  9.394e-07
28  6.5  4.56585e-07
28  9.5  1.39525e-08
28  7.0  2.32136e-07
28  7.5  1.23462e-07
28  8.0  6.82936e-08
30  0.2  2.0601
28  8.5  3.91413e-08
30  0.3  1.42059
28  9.0  2.3093e-08
30  0.4  0.979509
30  0.5  0.669547
30  0.6  0.453703
30  0.7  0.304776
30  0.8  0.206283
28  10.0  8.77932e-09
30  0.9  0.138624
30  1.0  0.0941849
30  1.1  0.0651758
28  11.0  3.63688e-09
28  10.5  5.61647e-09
30  1.3  0.030747
30  1.2  0.043871
30  1.4  0.0214834
30  1.5  0.0154311
30  1.6  0.0110682
30  1.8  0.0053226
30  1.9  0.00423774
30  1.7  0.00809933
30  2.0  0.00314715
30  2.5  0.000701461
28  11.5  2.46417e-09
28  12.0  1.67836e-09
30  3.0  0.000190507
30  3.5  5.80345e-05
30  4.5  7.26245e-06
30  4.0  1.97318e-05
30  5.0  2.95403e-06
30  5.5  1.27196e-06
30  6.0  5.83649e-07
30  6.5  2.83004e-07
30  7.0  1.43674e-07
30  7.5  7.6273e-08
30  9.5  8.53659e-09
30  8.0  4.21525e-08
32  0.2  1.30868
30  8.5  2.41152e-08
30  11.0  2.23416e-09
32  0.3  0.896146
30  9.0  1.41448e-08
32  0.4  0.610299
32  0.5  0.411743
32  0.6  0.275284
32  0.7  0.183654
32  0.8  0.122781
32  0.9  0.0821152
30  10.0  5.39461e-09
32  1.0  0.054874
32  1.1  0.037384
32  1.2  0.0252904
32  1.3  0.0175145
32  1.4  0.0122151
32  1.5  0.00885229
30  11.5  1.49233e-09
32  1.6  0.00608638
32  1.7  0.00434471
32  1.8  0.00322226
32  1.9  0.00230628
32  2.0  0.00172769
32  2.5  0.00045296
30  10.5  3.45211e-09
30  12.0  1.02884e-09
32  3.0  0.000102693
32  3.5  3.10137e-05
32  4.0  1.04551e-05
32  6.5  1.46316e-07
32  4.5  3.86923e-06
32  5.5  6.6624e-07
32  5.0  1.55138e-06
32  6.0  3.04326e-07
32  9.0  7.25031e-09
32  7.0  7.43982e-08
32  7.5  3.94002e-08
4  0.2  6.81644
32  8.5  1.23299e-08
4  0.3  4.84273
32  8.0  2.17399e-08
4  0.4  3.46142
4  0.5  2.45884
4  0.6  1.72745
4  0.7  1.21162
4  0.8  0.84655
32  9.5  4.43647e-09
4  0.9  0.593424
4  1.0  0.414367
32  10.0  2.76476e-09
4  1.1  0.289494
4  1.2  0.204821
4  1.3  0.145609
32  11.5  7.63752e-10
4  1.4  0.104906
4  1.5  0.0763508
4  1.6  0.055076
32  12.0  5.18276e-10
4  1.7  0.0406723
4  1.8  0.0300073
4  2.0  0.0167958
4  1.9  0.0220771
32  10.5  1.76702e-09
4  2.5  0.00385912
32  11.0  1.15446e-09
4  3.0  0.0011215
4  4.5  4.55709e-05
4  5.0  1.86238e-05
4  3.5  0.000351064
4  6.5  1.83154e-06
4  4.0  0.000121395
4  5.5  8.12804e-06
4  6.0  3.76104e-06
4  7.0  9.40374e-07
4  8.0  2.78556e-07
4  7.5  5.01238e-07
4  8.5  1.60088e-07
6  0.2  6.74096
4  9.0  9.49096e-08
6  0.3  4.79426
6  0.4  3.42532
4  9.5  5.78885e-08
6  0.5  2.42609
4  11.0  1.50195e-08
6  0.6  1.7077
6  0.7  1.19715
6  0.8  0.833312
6  0.9  0.586419
4  11.5  1.00635e-08
6  1.0  0.40768
6  1.1  0.286238
4  10.0  3.61627e-08
6  1.2  0.201755
4  10.5  2.31865e-08
6  1.3  0.143139
6  1.4  0.103196
4  12.0  6.84218e-09
6  1.5  0.0746587
6  1.6  0.0550443
6  1.7  0.0401764
6  1.8  0.0296951
6  2.0  0.0162835
6  1.9  0.021515
6  2.5  0.00377862
6  3.5  0.000343512
6  3.0  0.00109852
6  4.5  4.4729e-05
6  5.0  1.82779e-05
6  6.5  1.79683e-06
6  4.0  0.00011914
6  5.5  7.98247e-06
6  6.0  3.68867e-06
6  7.0  9.22197e-07
6  7.5  4.91648e-07
6  10.5  2.25084e-08
8  0.2  6.62955
6  8.5  1.56964e-07
6  8.0  2.73319e-07
8  0.3  4.70823
6  9.0  9.31262e-08
8  0.4  3.3637
8  0.5  2.38534
8  0.6  1.67399
8  0.7  1.17098
8  0.8  0.816925
6  9.5  5.6761e-08
8  0.9  0.573951
6  10.0  3.54656e-08
8  1.0  0.399283
8  1.2  0.200266
8  1.1  0.280232
8  1.3  0.142784
8  1.4  0.10141
8  1.5  0.073613
6  11.5  9.86903e-09
8  1.6  0.0533482
6  12.0  6.71029e-09
8  1.7  0.0393305
8  1.8  0.0285382
8  1.9  0.020317
6  11.0  1.4926e-08
8  2.0  0.0158535
8  2.5  0.00364543
8  3.5  0.000334434
8  3.0  0.00107105
8  4.5  4.35335e-05
8  5.0  1.77853e-05
8  6.5  1.74791e-06
8  4.0  0.000115682
8  5.5  7.76109e-06
8  6.0  3.59217e-06
8  8.0  2.64815e-07
8  8.5  1.52245e-07
8  7.0  8.96969e-07
8  7.5  4.78384e-07
8  9.0  9.05253e-08
8  9.5  5.51931e-08
8  10.0  3.44877e-08
8  11.5  9.59651e-09
8  10.5  2.21156e-08
8  11.0  1.45142e-08
8  12.0  6.632e-09
