# diffractive D0 cross section, Pb target, HymnD fragmentation, An0n channel
# generated      : 2026-08-20 11:06:21 EEST
# calls          : 1e5 (VEGAS calls per point, see CALLS_EXCL/CALLS_EXCL_FACTORIZED/CALLS_DIFF)
# dipole samples : data/Pb/bk_posterior/member_0088/glauber_mve_<b>
# pD0 sweep      : 0.2 0.3 0.4 0.5 0.6 0.7 0.8 0.9 1.0 1.1 1.2 1.3 1.4 1.5 1.6 1.7 1.8 1.9 2.0 2.5 3.0 3.5 4.0 4.5 5.0 5.5 6.0 6.5 7.0 7.5 8.0 8.5 9.0 9.5 10.0 10.5 11.0 11.5 12.0
# fixed rapidity y : 2.0
# ============================================================
# b  pD0  dsigma_dyd2pD0
0  0.2  0.223172
0  0.3  0.330479
0  0.5  0.440874
0  0.4  0.406186
0  0.6  0.436444
0  0.7  0.396457
0  0.8  0.345409
0  1.1  0.190749
0  0.9  0.287489
0  1.0  0.23579
0  1.2  0.151337
0  1.3  0.120769
0  1.4  0.095201
0  1.7  0.0469324
0  1.5  0.0751532
0  1.6  0.0588603
0  1.8  0.0370548
0  2.0  0.0233689
0  3.0  0.00312861
0  1.9  0.0298103
0  2.5  0.00814764
0  3.5  0.00129382
0  5.0  0.000147541
0  4.0  0.000602527
0  4.5  0.000285176
0  5.5  7.68358e-05
0  6.0  4.06997e-05
0  6.5  2.42649e-05
0  7.0  1.46357e-05
0  7.5  8.77212e-06
0  9.0  2.19571e-06
0  8.0  5.41454e-06
0  8.5  3.39691e-06
0  11.0  4.23215e-07
0  9.5  1.42196e-06
0  10.5  6.326e-07
10  0.2  0.22548
10  0.3  0.327122
10  0.4  0.403895
10  0.5  0.432273
0  10.0  9.39405e-07
10  0.6  0.417261
10  0.7  0.386401
10  0.8  0.334168
10  0.9  0.280153
10  1.0  0.227969
10  1.1  0.182079
10  1.2  0.144811
10  1.3  0.115996
10  1.4  0.0905507
10  1.5  0.0715935
10  1.6  0.0569775
10  1.7  0.0450332
10  1.8  0.034633
10  1.9  0.0280127
10  2.0  0.0226683
10  3.0  0.00291781
10  2.5  0.00777106
10  3.5  0.00122363
0  11.5  2.83535e-07
0  12.0  2.0385e-07
10  5.0  0.000139365
10  4.0  0.000564886
10  4.5  0.000274692
10  6.0  3.82167e-05
10  5.5  7.50299e-05
10  6.5  2.22568e-05
10  7.0  1.34621e-05
10  7.5  8.20927e-06
10  9.0  2.07608e-06
10  8.0  5.14567e-06
10  8.5  3.22681e-06
10  9.5  1.35979e-06
10  10.5  5.99891e-07
12  0.2  0.220419
12  0.3  0.325542
12  0.4  0.400614
10  10.0  8.97121e-07
12  0.5  0.429438
12  0.6  0.421278
12  0.7  0.381611
12  0.8  0.331374
12  0.9  0.27304
12  1.0  0.223938
12  1.1  0.178413
12  1.2  0.142968
12  1.3  0.112508
12  1.4  0.0898111
12  1.5  0.0697691
12  1.6  0.0553929
12  1.8  0.035143
12  1.7  0.0437139
10  11.0  4.04907e-07
12  1.9  0.0272241
12  2.0  0.0221525
12  2.5  0.00750351
12  3.0  0.00284443
12  3.5  0.00118474
10  11.5  2.7212e-07
10  12.0  1.89136e-07
12  4.5  0.000268191
12  5.0  0.000135927
12  6.0  3.95768e-05
12  4.0  0.000551941
12  5.5  7.1056e-05
12  6.5  2.29399e-05
12  8.0  5.03653e-06
12  7.0  1.34777e-05
12  9.0  2.04539e-06
12  7.5  8.09469e-06
12  8.5  3.19026e-06
12  9.5  1.32046e-06
14  0.2  0.221362
12  10.0  8.73732e-07
14  0.3  0.322474
14  0.4  0.393923
14  0.5  0.423517
14  0.6  0.405926
12  10.5  5.83397e-07
14  0.7  0.374743
14  0.8  0.321498
14  0.9  0.270837
14  1.0  0.217484
14  1.1  0.173767
14  1.2  0.139361
14  1.3  0.110385
14  1.4  0.0877214
14  1.6  0.0537776
14  1.5  0.0690867
12  11.0  3.81976e-07
14  1.7  0.0421697
14  1.8  0.0337045
14  2.0  0.0213209
14  1.9  0.0270105
14  2.5  0.00749061
14  3.0  0.00279623
14  3.5  0.00118068
12  11.5  2.7055e-07
14  4.5  0.000261637
12  12.0  1.89408e-07
14  5.0  0.000130967
14  4.0  0.000540241
14  6.0  3.88569e-05
14  5.5  6.80355e-05
14  8.0  4.84316e-06
14  6.5  2.2205e-05
14  7.0  1.30413e-05
14  7.5  7.93919e-06
14  9.0  1.98651e-06
14  8.5  2.99375e-06
14  9.5  1.29308e-06
14  10.0  8.55368e-07
16  0.2  0.219146
16  0.3  0.316782
16  0.4  0.387615
16  0.5  0.420332
16  0.6  0.406901
16  0.7  0.36921
16  0.8  0.316272
16  0.9  0.263906
14  10.5  5.7818e-07
16  1.1  0.168918
16  1.0  0.212592
16  1.2  0.135824
16  1.3  0.106273
16  1.4  0.0832097
16  1.6  0.0527866
16  1.5  0.0661737
16  1.7  0.0413731
16  1.8  0.0327281
14  11.0  3.76861e-07
16  1.9  0.025819
16  2.0  0.0207914
16  2.5  0.00724138
16  3.0  0.00266499
16  3.5  0.00112428
14  11.5  2.60393e-07
16  4.5  0.000253026
14  12.0  1.72319e-07
16  5.0  0.000127866
16  4.0  0.000525426
16  6.0  3.77814e-05
16  5.5  6.69652e-05
16  6.5  2.15145e-05
16  8.0  4.63557e-06
16  7.0  1.25547e-05
16  9.0  1.91302e-06
16  7.5  7.56345e-06
16  8.5  2.96671e-06
16  9.5  1.25128e-06
16  10.0  8.08003e-07
18  0.2  0.21428
18  0.3  0.314102
18  0.4  0.385292
18  0.5  0.409642
16  10.5  5.46875e-07
18  0.6  0.397169
18  0.7  0.35853
18  0.9  0.249673
18  0.8  0.307319
18  1.0  0.20523
18  1.1  0.165225
18  1.2  0.131528
18  1.3  0.102665
18  1.4  0.0810612
16  11.0  3.72439e-07
18  1.5  0.0638558
18  1.6  0.050845
18  1.7  0.0396364
18  1.8  0.0314367
18  1.9  0.0249352
18  2.0  0.0198438
18  2.5  0.00684659
18  3.0  0.00269596
18  3.5  0.00106892
16  11.5  2.50522e-07
16  12.0  1.72512e-07
18  5.0  0.000122385
18  4.0  0.000499658
18  4.5  0.000240572
18  6.0  3.53634e-05
18  5.5  6.39203e-05
18  6.5  2.05372e-05
18  7.0  1.19302e-05
18  8.5  2.84423e-06
18  9.0  1.77752e-06
18  7.5  7.28892e-06
18  8.0  4.42064e-06
18  9.5  1.17087e-06
18  10.0  7.91406e-07
2  0.2  0.223029
18  10.5  5.02333e-07
2  0.3  0.330223
2  0.4  0.415102
2  0.5  0.437008
2  0.6  0.425705
2  0.7  0.394469
2  0.8  0.344931
2  0.9  0.289316
2  1.0  0.237081
18  11.0  3.47437e-07
2  1.1  0.188665
2  1.2  0.149629
2  1.3  0.120143
2  1.4  0.0945467
2  1.5  0.0747342
2  1.6  0.0587925
2  1.7  0.0466526
2  1.8  0.0371331
2  2.0  0.0238776
2  1.9  0.0293956
2  2.5  0.00804542
2  3.0  0.00314741
2  3.5  0.00129157
18  11.5  2.42873e-07
18  12.0  1.64503e-07
2  5.0  0.000146113
2  4.0  0.000589971
2  4.5  0.000285915
2  5.5  7.75103e-05
2  6.0  4.321e-05
2  6.5  2.44215e-05
2  7.0  1.44394e-05
2  7.5  8.74759e-06
2  9.0  2.13836e-06
2  8.0  5.42352e-06
2  8.5  3.41442e-06
2  11.0  4.20174e-07
2  9.5  1.38674e-06
20  0.2  0.213639
20  0.3  0.305124
20  0.4  0.374629
2  10.0  9.41454e-07
20  0.5  0.400957
2  10.5  6.26357e-07
20  0.6  0.3831
20  0.7  0.347865
20  0.8  0.294148
20  0.9  0.246711
20  1.0  0.197686
20  1.1  0.157499
20  1.2  0.125017
20  1.3  0.0985031
20  1.4  0.0783859
20  1.5  0.06015
20  1.6  0.0481641
20  1.7  0.0375399
20  1.8  0.0302779
20  2.0  0.0190359
20  1.9  0.0238217
20  3.0  0.00250779
20  2.5  0.00642548
20  3.5  0.00103291
2  12.0  1.98625e-07
2  11.5  2.88172e-07
20  4.0  0.000472646
20  4.5  0.000225973
20  5.0  0.000113252
20  5.5  5.98696e-05
20  6.0  3.40079e-05
20  6.5  1.91482e-05
20  7.0  1.14565e-05
20  7.5  6.63922e-06
20  8.0  4.25177e-06
20  9.0  1.73155e-06
20  8.5  2.63195e-06
20  10.0  7.37642e-07
20  9.5  1.11543e-06
22  0.2  0.210587
22  0.3  0.304696
22  0.4  0.371362
22  0.5  0.38791
22  0.6  0.372201
22  0.7  0.33136
22  0.8  0.281234
20  10.5  4.86484e-07
22  0.9  0.232945
22  1.0  0.186901
22  1.1  0.147726
22  1.2  0.120637
22  1.3  0.0930116
22  1.4  0.0718563
22  1.6  0.0441799
22  1.5  0.0565728
20  11.0  3.25105e-07
22  1.7  0.0362403
22  1.8  0.0280033
22  1.9  0.0219824
22  2.0  0.0177411
22  2.5  0.0060951
22  3.0  0.00227784
20  11.5  2.21548e-07
22  3.5  0.000971562
22  4.5  0.000210378
20  12.0  1.52393e-07
22  4.0  0.00043753
22  5.0  0.000108573
22  6.0  3.11649e-05
22  5.5  5.68129e-05
22  6.5  1.80309e-05
22  7.0  1.04292e-05
22  7.5  6.45663e-06
22  9.0  1.59783e-06
22  8.0  3.9567e-06
22  8.5  2.4019e-06
22  9.5  1.03529e-06
24  0.2  0.202737
22  10.0  6.77494e-07
24  0.3  0.295496
24  0.4  0.359837
24  0.5  0.370917
24  0.6  0.354032
24  0.7  0.311809
24  0.8  0.264947
24  0.9  0.21629
22  10.5  4.61511e-07
24  1.0  0.173654
24  1.1  0.138071
24  1.3  0.0854225
24  1.2  0.108819
24  1.4  0.0679781
24  1.5  0.0525984
24  1.6  0.0405247
22  11.0  3.01538e-07
24  1.7  0.0321106
22  12.0  1.44407e-07
24  1.9  0.0202954
24  1.8  0.02559
24  2.0  0.0158342
24  2.5  0.0054185
24  3.0  0.00209113
24  3.5  0.00087247
22  11.5  2.12438e-07
24  4.0  0.00039527
24  4.5  0.000186876
24  5.0  9.6871e-05
24  6.0  2.83657e-05
24  5.5  5.1122e-05
24  6.5  1.61916e-05
24  7.0  9.63778e-06
24  7.5  5.83687e-06
24  9.0  1.43631e-06
24  8.0  3.60008e-06
24  9.5  9.54085e-07
24  10.5  4.00256e-07
24  8.5  2.24057e-06
24  10.0  6.12773e-07
26  0.2  0.198839
26  0.3  0.284139
26  0.4  0.338502
26  0.5  0.349261
26  0.6  0.326264
26  0.7  0.289046
26  0.8  0.2419
26  0.9  0.196561
26  1.0  0.159404
26  1.1  0.125286
26  1.2  0.098616
26  1.3  0.0758305
26  1.4  0.0605389
26  1.5  0.046331
26  1.6  0.0362883
26  1.7  0.0285269
24  12.0  1.31588e-07
24  11.0  2.81197e-07
26  1.8  0.0226002
26  1.9  0.0178793
26  2.0  0.0142819
26  3.0  0.00183582
26  2.5  0.0048011
26  3.5  0.000774459
24  11.5  1.92251e-07
26  4.5  0.000166603
26  5.0  8.43636e-05
26  6.0  2.46824e-05
26  5.5  4.53291e-05
26  4.0  0.000347868
26  6.5  1.43841e-05
26  7.0  8.5113e-06
26  7.5  5.06434e-06
26  8.0  2.96332e-06
26  8.5  1.97274e-06
26  10.5  3.64989e-07
26  9.0  1.26589e-06
26  10.0  5.32018e-07
26  9.5  8.29928e-07
28  0.2  0.187894
28  0.3  0.268412
28  0.4  0.315801
28  0.5  0.318544
28  0.6  0.291078
28  0.7  0.255765
28  0.8  0.212738
28  0.9  0.172406
28  1.0  0.137157
28  1.2  0.0842497
28  1.1  0.10799
28  1.3  0.065898
28  1.4  0.0508052
28  1.5  0.0395365
28  1.6  0.0311385
28  1.7  0.0248669
28  1.8  0.0187981
28  1.9  0.0150365
28  2.0  0.0116572
28  3.0  0.00157835
28  2.5  0.0041506
28  3.5  0.000637194
26  11.0  2.45523e-07
26  11.5  1.71036e-07
26  12.0  1.17054e-07
28  4.0  0.000288325
28  5.5  3.87326e-05
28  5.0  7.07474e-05
28  4.5  0.000139883
28  6.0  2.11559e-05
28  6.5  1.18858e-05
28  7.0  7.09106e-06
28  7.5  4.24467e-06
28  8.5  1.67843e-06
28  8.0  2.64027e-06
28  9.0  1.06872e-06
28  9.5  6.96997e-07
30  0.2  0.17733
30  0.3  0.247377
28  10.0  4.63281e-07
30  0.4  0.279485
30  0.5  0.277469
30  0.6  0.2501
30  0.7  0.211183
28  10.5  3.03606e-07
30  0.8  0.175133
30  0.9  0.142583
30  1.0  0.112707
30  1.1  0.08731
30  1.2  0.0670527
30  1.3  0.0525063
30  1.4  0.0401015
30  1.5  0.0322218
30  1.6  0.0246921
28  11.0  2.07563e-07
30  1.7  0.0193322
30  1.8  0.0151038
30  2.5  0.00322736
30  1.9  0.0118851
30  2.0  0.00954375
30  3.0  0.00120519
30  3.5  0.000506727
28  11.5  1.4239e-07
28  12.0  9.84097e-08
30  4.0  0.000233493
30  4.5  0.000111049
30  5.0  5.59865e-05
30  5.5  3.04779e-05
30  6.0  1.61569e-05
30  6.5  9.22504e-06
30  7.0  5.66416e-06
30  7.5  3.34029e-06
30  8.0  2.11375e-06
30  8.5  1.29908e-06
30  9.0  8.29001e-07
30  9.5  5.40578e-07
32  0.2  0.155997
32  0.3  0.209977
30  10.0  3.60966e-07
32  0.4  0.234392
32  0.5  0.219936
30  12.0  7.43552e-08
32  0.6  0.192971
32  0.7  0.16304
30  10.5  2.3497e-07
32  0.8  0.135856
32  0.9  0.104532
32  1.0  0.0817967
32  1.1  0.0648527
32  1.2  0.0493945
32  1.4  0.0297734
32  1.3  0.037644
30  11.0  1.63422e-07
32  1.5  0.0231914
32  1.6  0.0181458
32  1.7  0.0140687
32  1.8  0.0111731
32  2.0  0.00677758
32  1.9  0.00887947
32  2.5  0.00231816
32  3.0  0.000857396
30  11.5  1.11907e-07
32  3.5  0.000370911
32  4.5  7.79514e-05
32  4.0  0.000166621
32  5.5  2.11933e-05
32  5.0  4.10393e-05
32  6.0  1.20786e-05
32  6.5  6.77475e-06
32  7.0  4.01579e-06
32  7.5  2.45247e-06
32  8.0  1.50574e-06
32  8.5  9.42784e-07
32  9.5  3.90156e-07
32  9.0  6.13011e-07
32  10.0  2.60415e-07
34  0.2  0.13261
32  11.5  8.02888e-08
34  0.3  0.168167
34  0.4  0.174641
34  0.5  0.160018
34  0.6  0.136782
32  10.5  1.7304e-07
34  0.7  0.111087
34  0.8  0.0901022
34  0.9  0.0713027
34  1.0  0.052893
34  1.2  0.0336501
34  1.1  0.0412418
34  1.3  0.0254904
34  1.4  0.0195052
34  1.5  0.0154908
34  1.7  0.00924531
34  1.6  0.0116224
32  11.0  1.17021e-07
34  1.8  0.00704462
34  1.9  0.0056953
34  2.0  0.00453879
34  2.5  0.00153965
34  3.0  0.000575372
34  3.5  0.000229263
32  12.0  5.50976e-08
34  4.5  5.25973e-05
34  5.5  1.41491e-05
34  4.0  0.00010395
34  5.0  2.68813e-05
34  7.0  2.58341e-06
34  6.0  7.58781e-06
34  6.5  4.47134e-06
34  8.5  5.99697e-07
34  7.5  1.58938e-06
34  8.0  9.46066e-07
34  9.0  3.91459e-07
34  9.5  2.52803e-07
34  10.0  1.66151e-07
4  0.2  0.220384
4  0.3  0.328231
34  10.5  1.11246e-07
4  0.4  0.412063
4  0.5  0.43859
4  0.6  0.431634
4  0.7  0.392688
4  0.8  0.34188
4  0.9  0.288777
4  1.0  0.234451
4  1.1  0.188638
4  1.2  0.146692
34  11.5  5.13383e-08
34  11.0  7.4796e-08
4  1.3  0.118258
4  1.5  0.0740632
4  1.4  0.09482
4  1.6  0.0579858
4  1.7  0.0466327
4  1.8  0.0369686
4  2.0  0.023363
4  1.9  0.0294038
4  2.5  0.00802793
4  3.0  0.0030736
4  3.5  0.00128069
34  12.0  3.50529e-08
4  5.0  0.000147356
4  4.0  0.000592303
4  4.5  0.000278408
4  5.5  7.55662e-05
4  6.0  4.28839e-05
4  6.5  2.46527e-05
4  7.0  1.44348e-05
4  7.5  8.63265e-06
4  9.0  2.18224e-06
4  8.0  5.40168e-06
4  8.5  3.27158e-06
4  9.5  1.41228e-06
4  11.0  4.19411e-07
6  0.2  0.223508
4  10.0  8.91408e-07
6  0.3  0.32809
6  0.4  0.40172
6  0.5  0.441251
6  0.6  0.433037
4  10.5  6.26413e-07
6  0.8  0.339216
6  0.7  0.393103
6  0.9  0.285288
6  1.0  0.230721
6  1.1  0.186083
6  1.2  0.148096
6  1.3  0.117018
6  1.5  0.0735463
6  1.4  0.0934694
6  1.6  0.0583625
6  1.7  0.0461865
6  1.8  0.03669
6  1.9  0.0287221
6  2.0  0.0233413
6  3.0  0.00308849
6  2.5  0.00792702
6  3.5  0.00128257
4  11.5  2.95629e-07
4  12.0  1.97475e-07
6  5.0  0.000144957
6  4.0  0.000586677
6  4.5  0.00028498
6  6.0  4.23718e-05
6  5.5  7.75388e-05
6  6.5  2.39386e-05
6  8.5  3.36329e-06
6  7.0  1.41794e-05
6  7.5  8.61641e-06
6  9.0  2.15427e-06
6  8.0  5.37267e-06
6  9.5  1.40088e-06
6  11.0  4.1997e-07
8  0.2  0.219114
6  10.0  9.26673e-07
8  0.3  0.325388
8  0.4  0.402658
6  10.5  5.99462e-07
8  0.5  0.434941
8  0.6  0.42985
8  0.7  0.390326
8  0.8  0.336585
8  0.9  0.279068
8  1.0  0.229829
8  1.1  0.184575
8  1.2  0.147384
8  1.3  0.117122
8  1.4  0.0913386
8  1.5  0.0725401
8  1.6  0.0575239
8  1.7  0.0455691
8  1.8  0.0358944
8  1.9  0.0282626
8  2.5  0.00798675
8  2.0  0.0232543
8  3.0  0.00296496
8  3.5  0.00124863
6  11.5  2.86183e-07
6  12.0  1.98714e-07
8  5.0  0.000136883
8  4.0  0.000578934
8  4.5  0.000280694
8  6.0  4.1304e-05
8  5.5  7.64465e-05
8  6.5  2.38636e-05
8  8.5  3.234e-06
8  7.0  1.40612e-05
8  7.5  8.56753e-06
8  9.0  2.13579e-06
8  8.0  5.22164e-06
8  9.5  1.3987e-06
8  11.0  4.16463e-07
8  10.0  9.04098e-07
8  10.5  6.13477e-07
8  12.0  1.97008e-07
8  11.5  2.85983e-07
