# diffractive D0 cross section, Pb target, HymnD fragmentation, An0n channel
# generated      : 2026-08-20 10:21:42 EEST
# calls          : 1e5 (VEGAS calls per point, see CALLS_EXCL/CALLS_EXCL_FACTORIZED/CALLS_DIFF)
# dipole samples : data/Pb/mve/glauber_mve_<b>
# pD0 sweep      : 0.2 0.3 0.4 0.5 0.6 0.7 0.8 0.9 1.0 1.1 1.2 1.3 1.4 1.5 1.6 1.7 1.8 1.9 2.0 2.5 3.0 3.5 4.0 4.5 5.0 5.5 6.0 6.5 7.0 7.5 8.0 8.5 9.0 9.5 10.0 10.5 11.0 11.5 12.0
# fixed rapidity y : 0.0
# ============================================================
# b  pD0  dsigma_dyd2pD0
0  0.5  1.28929
0  0.2  0.630538
0  0.3  0.926363
0  0.4  1.16594
0  0.8  1.08199
0  0.6  1.31173
0  0.7  1.22934
0  0.9  0.946081
0  1.0  0.784075
0  1.2  0.544115
0  1.1  0.661452
0  1.4  0.364846
0  1.3  0.44416
0  1.6  0.240935
0  1.5  0.298474
0  1.8  0.163581
0  1.7  0.198121
0  1.9  0.133346
0  2.0  0.112154
0  3.0  0.020779
0  2.5  0.045624
0  3.5  0.0102247
0  5.5  0.00108447
0  4.0  0.00547474
0  4.5  0.00302836
0  5.0  0.00177234
0  6.0  0.000688697
0  7.0  0.000301029
0  6.5  0.000450445
0  8.0  0.0001434
0  7.5  0.000210211
0  8.5  0.000104839
0  10.0  4.01639e-05
0  9.0  7.63363e-05
0  9.5  5.41106e-05
10  0.2  0.622491
10  0.3  0.917484
10  0.4  1.14865
10  0.5  1.27733
0  10.5  3.06443e-05
10  0.6  1.26077
10  0.7  1.18959
10  0.8  1.06155
10  0.9  0.89823
10  1.0  0.761262
10  1.1  0.629698
10  1.2  0.526415
10  1.3  0.427795
10  1.4  0.34979
10  1.5  0.284358
0  11.0  2.24525e-05
10  1.7  0.189488
10  1.6  0.231848
10  1.8  0.156498
10  1.9  0.129667
10  2.0  0.10656
10  2.5  0.0431777
10  3.0  0.0198463
10  3.5  0.00977115
0  11.5  1.7836e-05
10  4.0  0.00508834
0  12.0  1.36378e-05
10  5.0  0.00168254
10  4.5  0.00291148
10  6.0  0.000650599
10  5.5  0.00106651
10  6.5  0.000424786
10  7.0  0.00028517
10  7.5  0.000196929
10  8.5  9.65039e-05
10  8.0  0.000137818
10  9.0  7.09306e-05
10  9.5  5.24163e-05
10  10.0  3.79405e-05
12  0.2  0.617504
12  0.3  0.897572
12  0.4  1.14138
12  0.6  1.24226
12  0.5  1.25378
12  0.7  1.16219
10  10.5  2.83842e-05
12  0.8  1.04858
12  0.9  0.891406
12  1.0  0.751292
12  1.1  0.618879
12  1.3  0.414762
12  1.2  0.509252
12  1.4  0.341537
12  1.5  0.275994
12  1.6  0.222236
12  1.7  0.185493
12  1.8  0.153319
12  1.9  0.126139
10  11.0  2.12308e-05
12  2.0  0.104055
12  3.0  0.0193111
12  2.5  0.0426072
12  3.5  0.00960285
10  11.5  1.66621e-05
12  4.0  0.00505692
10  12.0  1.27057e-05
12  5.0  0.00165322
12  4.5  0.0028173
12  5.5  0.00101129
12  6.0  0.000629717
12  6.5  0.000417838
12  7.0  0.000280865
12  8.5  9.68034e-05
12  7.5  0.000197111
12  8.0  0.000133534
12  9.0  7.03403e-05
12  9.5  5.00248e-05
12  10.0  3.82426e-05
14  0.2  0.61171
14  0.3  0.899373
14  0.4  1.13887
14  0.5  1.2353
14  0.6  1.23256
14  0.7  1.15056
12  10.5  2.83626e-05
14  0.8  1.01635
14  0.9  0.873172
14  1.0  0.737239
14  1.1  0.604015
14  1.2  0.495924
12  11.0  2.09776e-05
14  1.3  0.405603
14  1.4  0.331548
14  1.5  0.274284
14  1.6  0.222143
14  1.7  0.182185
14  1.8  0.149621
14  2.5  0.0420941
14  1.9  0.122922
14  2.0  0.101357
14  3.0  0.0188542
14  3.5  0.0092657
12  11.5  1.62245e-05
14  4.0  0.00491736
12  12.0  1.26936e-05
14  4.5  0.00271545
14  5.0  0.00160926
14  5.5  0.000983499
14  6.0  0.000623343
14  6.5  0.000412622
14  8.5  9.38871e-05
14  7.0  0.000271113
14  7.5  0.000185221
14  8.0  0.000132769
14  9.0  6.86702e-05
14  9.5  4.96048e-05
16  0.2  0.599855
14  10.0  3.65763e-05
16  0.3  0.890969
16  0.4  1.10814
16  0.5  1.23095
16  0.6  1.21126
14  10.5  2.69955e-05
16  0.7  1.12187
16  0.8  1.00072
16  0.9  0.85574
16  1.0  0.719205
16  1.1  0.593322
16  1.2  0.484347
14  11.0  2.06272e-05
16  1.3  0.393634
16  1.4  0.31958
16  1.5  0.260284
16  1.7  0.175131
16  1.6  0.214525
16  1.8  0.144167
16  1.9  0.116381
16  2.0  0.0980565
16  3.0  0.0180852
16  2.5  0.0400764
16  3.5  0.00877871
14  11.5  1.55996e-05
14  12.0  1.19566e-05
16  5.0  0.00153743
16  4.0  0.00482708
16  4.5  0.00263126
16  6.0  0.000601772
16  5.5  0.000962553
16  7.0  0.000261993
16  6.5  0.000385806
16  8.5  8.85739e-05
16  7.5  0.00018367
16  8.0  0.000127586
16  9.0  6.60102e-05
16  9.5  4.69377e-05
16  10.0  3.45581e-05
18  0.2  0.598329
18  0.3  0.892804
18  0.4  1.08989
16  10.5  2.67195e-05
18  0.5  1.20177
18  0.6  1.19923
18  0.8  0.963537
18  0.7  1.10649
18  0.9  0.825313
18  1.0  0.691906
18  1.1  0.574829
18  1.2  0.471526
18  1.3  0.379202
18  1.4  0.312068
18  1.5  0.250908
18  1.6  0.205367
18  1.7  0.168154
16  11.0  2.00768e-05
18  1.8  0.138323
18  1.9  0.113541
18  2.0  0.0938613
18  2.5  0.0382394
18  3.0  0.0173075
18  3.5  0.00854077
16  11.5  1.49806e-05
16  12.0  1.14796e-05
18  4.0  0.00452868
18  4.5  0.00250006
18  5.0  0.0014691
18  6.0  0.00057964
18  5.5  0.000918838
18  6.5  0.000369035
18  7.0  0.000249043
18  7.5  0.000171444
18  8.0  0.000118873
18  8.5  8.5051e-05
18  9.0  6.11205e-05
18  11.0  1.85628e-05
18  9.5  4.46387e-05
2  0.2  0.628382
2  0.3  0.921711
2  0.4  1.15913
18  10.0  3.25177e-05
2  0.5  1.30392
2  0.6  1.30007
2  0.7  1.21142
2  0.8  1.08431
2  0.9  0.935582
2  1.0  0.786057
18  10.5  2.54538e-05
2  1.1  0.657059
2  1.2  0.541682
2  1.4  0.357975
2  1.3  0.447958
2  1.5  0.297648
2  1.7  0.198492
2  1.6  0.243188
2  1.8  0.163067
2  1.9  0.135277
2  2.0  0.111158
2  2.5  0.04568
2  3.0  0.0206264
2  3.5  0.0103455
18  11.5  1.42846e-05
18  12.0  1.13249e-05
2  4.0  0.00536387
2  5.5  0.0011021
2  4.5  0.00306229
2  5.0  0.00178881
2  6.0  0.00068176
2  7.0  0.000300325
2  7.5  0.000206063
2  6.5  0.000458597
2  8.0  0.000144875
2  8.5  0.000102128
2  9.0  7.51633e-05
2  9.5  5.43218e-05
2  10.0  3.98282e-05
20  0.2  0.585899
20  0.3  0.866837
20  0.4  1.07654
2  10.5  3.07031e-05
20  0.5  1.17906
20  0.6  1.15565
20  0.7  1.0696
20  0.8  0.922768
20  0.9  0.790933
20  1.0  0.65804
20  1.1  0.543796
20  1.2  0.450254
20  1.3  0.367788
20  1.4  0.292783
20  1.5  0.24016
2  11.0  2.32584e-05
20  1.7  0.160149
20  1.6  0.197694
20  1.8  0.13085
20  1.9  0.108726
20  2.0  0.0886942
20  3.0  0.0165368
20  2.5  0.0362758
20  3.5  0.00809949
2  11.5  1.70924e-05
2  12.0  1.36308e-05
20  4.5  0.00236347
20  4.0  0.00432387
20  5.0  0.00139481
20  5.5  0.000873746
20  7.0  0.000239768
20  6.0  0.000539958
20  6.5  0.000352226
20  8.5  7.96549e-05
20  8.0  0.000111644
20  7.5  0.000160748
20  9.0  5.73404e-05
20  9.5  4.31738e-05
22  0.2  0.581219
22  0.3  0.84796
22  0.4  1.05071
20  10.0  3.03123e-05
22  0.5  1.1483
22  0.6  1.12328
22  0.7  1.01889
22  0.8  0.882244
20  10.5  2.33926e-05
22  0.9  0.755627
22  1.0  0.630809
22  1.1  0.513447
22  1.2  0.422219
22  1.3  0.339737
22  1.4  0.278952
22  1.5  0.224291
20  11.0  1.81282e-05
22  1.6  0.183124
22  1.8  0.121815
22  1.7  0.149197
22  1.9  0.101172
22  2.0  0.0835386
22  3.0  0.0153469
22  2.5  0.0337335
22  3.5  0.00752838
20  11.5  1.3971e-05
22  4.0  0.00392029
20  12.0  1.03344e-05
22  4.5  0.00222331
22  5.0  0.00128277
22  5.5  0.000790147
22  6.0  0.000507391
22  7.0  0.000220167
22  8.0  0.000104567
22  6.5  0.00032274
22  7.5  0.000149364
22  8.5  7.50259e-05
22  9.0  5.40808e-05
22  9.5  3.89753e-05
22  10.0  2.90387e-05
24  0.2  0.575883
24  0.3  0.823345
24  0.4  1.01232
24  0.5  1.09047
22  10.5  2.21097e-05
24  0.6  1.04884
24  0.7  0.950884
24  0.8  0.835761
24  0.9  0.700237
24  1.0  0.576175
24  1.1  0.473382
24  1.2  0.387824
24  1.3  0.317612
24  1.4  0.253345
24  1.6  0.163796
24  1.5  0.206814
22  11.0  1.64214e-05
24  1.7  0.136949
24  1.8  0.111611
24  1.9  0.0923678
24  2.0  0.0757259
24  2.5  0.0308269
24  3.0  0.0139738
24  3.5  0.0069005
22  11.5  1.24815e-05
22  12.0  9.95686e-06
24  4.0  0.00357377
24  4.5  0.00201016
24  5.0  0.00120244
24  5.5  0.000717946
24  6.0  0.000466661
24  6.5  0.000294476
24  7.0  0.000195205
24  7.5  0.00013639
24  8.0  9.4665e-05
24  10.0  2.65137e-05
24  8.5  6.58635e-05
24  9.0  4.85485e-05
24  9.5  3.64968e-05
26  0.2  0.543982
26  0.3  0.796285
26  0.4  0.968882
26  0.5  1.01274
26  0.6  0.965061
24  10.5  1.98198e-05
26  0.7  0.872781
26  0.8  0.761736
26  0.9  0.628071
26  1.0  0.52524
26  1.2  0.353106
26  1.1  0.427958
26  1.3  0.287602
26  1.4  0.227643
26  1.6  0.150023
24  11.0  1.47134e-05
26  1.5  0.183886
26  1.7  0.122153
26  1.8  0.0996246
26  2.0  0.0667044
26  1.9  0.0817962
24  11.5  1.14693e-05
26  2.5  0.0273359
26  3.0  0.0123105
26  3.5  0.00605024
24  12.0  8.99583e-06
26  5.5  0.000645201
26  4.0  0.00321199
26  5.0  0.00105673
26  4.5  0.00176853
26  6.0  0.000399067
26  6.5  0.000258892
26  7.0  0.000174505
26  7.5  0.000119595
26  8.0  8.51313e-05
26  8.5  5.9159e-05
26  9.5  3.09164e-05
26  9.0  4.3769e-05
28  0.2  0.517179
26  10.0  2.32547e-05
28  0.3  0.746264
28  0.4  0.889916
28  0.5  0.923076
28  0.6  0.86533
26  10.5  1.72212e-05
28  0.7  0.782456
28  0.8  0.666741
28  1.0  0.452426
28  0.9  0.553508
28  1.2  0.296448
28  1.1  0.370258
28  1.3  0.240291
26  11.0  1.31797e-05
28  1.4  0.190174
28  1.5  0.156062
28  1.6  0.127803
28  1.7  0.102289
28  1.8  0.0857611
28  1.9  0.0705085
28  2.0  0.0568981
28  2.5  0.0229508
28  3.0  0.0102349
28  3.5  0.00511887
26  11.5  9.94761e-06
26  12.0  7.92741e-06
28  4.0  0.00271879
28  4.5  0.00150288
28  5.0  0.000867884
28  6.0  0.000347068
28  5.5  0.000529996
28  6.5  0.000218771
28  7.0  0.000147043
28  7.5  0.000103121
28  8.0  6.92284e-05
28  8.5  5.00472e-05
28  10.5  1.44636e-05
28  9.0  3.60999e-05
28  9.5  2.60546e-05
30  0.2  0.48044
28  10.0  1.9087e-05
30  0.3  0.683399
30  0.4  0.7865
30  0.5  0.800522
30  0.6  0.737933
30  0.7  0.645672
30  0.8  0.549446
30  0.9  0.445419
30  1.0  0.368775
30  1.1  0.29762
30  1.2  0.238794
28  11.0  1.08455e-05
30  1.3  0.192387
30  1.4  0.154677
30  1.5  0.123766
30  1.6  0.100221
30  1.8  0.0654578
30  1.7  0.0822928
30  1.9  0.0551327
30  2.0  0.044541
30  2.5  0.0179797
30  3.0  0.00811076
30  3.5  0.00402578
28  11.5  8.44503e-06
28  12.0  6.43906e-06
30  5.5  0.000415976
30  4.0  0.0021307
30  4.5  0.00115859
30  5.0  0.00068296
30  6.0  0.000270861
30  6.5  0.000169684
30  8.0  5.59436e-05
30  7.0  0.00011485
30  7.5  7.75318e-05
30  8.5  3.94973e-05
30  9.0  2.82224e-05
30  9.5  2.0467e-05
32  0.2  0.433917
30  10.0  1.51625e-05
32  0.3  0.582508
30  10.5  1.16364e-05
32  0.4  0.647826
32  0.5  0.635707
32  0.6  0.572224
32  0.7  0.49546
32  0.8  0.413707
32  0.9  0.337981
32  1.0  0.271607
32  1.2  0.174077
32  1.1  0.219134
32  1.3  0.139822
32  1.5  0.0900982
32  1.4  0.113181
32  1.6  0.0738378
32  1.7  0.0594116
30  11.0  8.80177e-06
32  1.8  0.0477055
32  1.9  0.039578
32  2.0  0.0320428
32  2.5  0.0130244
32  3.0  0.00584434
32  3.5  0.00303073
30  11.5  6.6099e-06
30  12.0  5.19207e-06
32  4.0  0.00150741
32  4.5  0.000811691
32  5.0  0.000489278
32  5.5  0.000294046
32  6.5  0.000122127
32  6.0  0.0001872
32  7.5  5.58687e-05
32  7.0  8.02244e-05
32  8.0  3.89987e-05
32  8.5  2.76863e-05
32  9.0  1.99734e-05
32  9.5  1.45086e-05
32  10.0  1.07074e-05
4  0.2  0.632321
4  0.3  0.92128
32  10.5  8.02913e-06
4  0.4  1.16857
4  0.5  1.28176
4  0.6  1.29052
4  0.7  1.22021
4  0.8  1.08303
4  0.9  0.933122
32  11.0  6.09882e-06
4  1.0  0.786412
4  1.1  0.652703
4  1.2  0.538701
4  1.3  0.447156
4  1.4  0.357308
4  1.5  0.295322
4  1.6  0.239883
4  1.7  0.198365
4  1.9  0.134435
4  1.8  0.161855
4  2.0  0.11066
4  2.5  0.0456419
4  3.0  0.0206264
4  3.5  0.0102312
32  11.5  4.68363e-06
4  5.5  0.00109307
32  12.0  3.62428e-06
4  4.0  0.00542197
4  4.5  0.00301465
4  5.0  0.00176748
4  6.0  0.000672163
4  7.0  0.000299741
4  6.5  0.000455629
4  8.0  0.000141995
4  7.5  0.000203686
4  8.5  0.00010196
4  9.0  7.26758e-05
4  9.5  5.48461e-05
4  10.0  4.0831e-05
6  0.2  0.625503
6  0.3  0.912181
6  0.4  1.17103
6  0.5  1.28936
4  10.5  2.96386e-05
6  0.6  1.2945
6  0.7  1.19804
6  0.9  0.924284
6  0.8  1.07545
6  1.0  0.786614
6  1.1  0.64969
6  1.2  0.533089
6  1.3  0.440242
6  1.4  0.355245
6  1.5  0.292927
6  1.6  0.238709
6  1.7  0.194046
6  1.8  0.160999
6  1.9  0.131843
6  2.0  0.109334
4  11.0  2.30009e-05
6  3.0  0.0202881
6  2.5  0.0450844
6  3.5  0.0101209
4  11.5  1.72434e-05
4  12.0  1.31079e-05
6  5.5  0.00106271
6  4.0  0.00528818
6  4.5  0.00297954
6  5.0  0.00175305
6  6.0  0.000676777
6  6.5  0.00044429
6  7.0  0.000295015
6  7.5  0.000206381
6  8.0  0.000141749
6  8.5  0.00010286
6  9.5  5.40042e-05
6  9.0  7.40049e-05
8  0.2  0.621163
6  10.0  4.02339e-05
8  0.3  0.916272
8  0.4  1.1581
8  0.5  1.28133
8  0.6  1.28274
6  10.5  2.90033e-05
8  0.7  1.18897
8  0.9  0.917205
8  0.8  1.05919
8  1.0  0.774555
8  1.1  0.645762
8  1.2  0.526218
8  1.3  0.432297
8  1.5  0.289863
8  1.4  0.359022
8  1.7  0.194845
8  1.6  0.235324
8  1.8  0.159015
8  1.9  0.130785
8  2.0  0.108525
8  3.0  0.0202779
8  2.5  0.044586
6  11.0  2.19264e-05
8  3.5  0.0100104
6  11.5  1.74208e-05
6  12.0  1.32244e-05
8  4.0  0.00525362
8  4.5  0.00298404
8  5.0  0.0017209
8  6.0  0.000672116
8  5.5  0.00106027
8  6.5  0.000436132
8  7.0  0.0002897
8  7.5  0.000198298
8  8.0  0.000139404
8  8.5  0.000100798
8  9.0  7.07164e-05
8  9.5  5.17656e-05
8  10.0  3.8564e-05
8  10.5  2.89213e-05
8  11.0  2.18726e-05
8  11.5  1.66943e-05
8  12.0  1.30084e-05
