# diffractive D0 cross section, Pb target, LHAPDF fragmentation, An0n channel
# generated      : 2026-08-19 15:24:06 EEST
# calls          : 1e5 (VEGAS calls per point, see CALLS_EXCL/CALLS_EXCL_FACTORIZED/CALLS_DIFF)
# dipole samples : data/Pb/bk_posterior/member_0007/glauber_mve_<b>
# pD0 sweep      : 0.2 0.3 0.4 0.5 0.6 0.7 0.8 0.9 1.0 1.1 1.2 1.3 1.4 1.5 1.6 1.7 1.8 1.9 2.0 2.5 3.0 3.5 4.0 4.5 5.0 5.5 6.0 6.5 7.0 7.5 8.0 8.5 9.0 9.5 10.0 10.5 11.0 11.5 12.0
# fixed rapidity y : -1.0
# ============================================================
# b  pD0  dsigma_dyd2pD0
0  0.3  0.836287
0  0.4  1.03947
0  0.5  1.16364
0  0.6  1.16944
0  0.2  0.577149
0  0.7  1.13125
0  0.8  1.00817
0  0.9  0.889154
0  1.0  0.781908
0  1.1  0.656559
0  1.3  0.464069
0  1.2  0.556681
0  1.4  0.387986
0  1.5  0.326808
0  1.7  0.225858
0  1.8  0.188145
0  1.6  0.270726
0  2.0  0.132365
0  1.9  0.159818
0  2.5  0.059964
0  3.0  0.0293143
0  3.5  0.0151354
0  4.0  0.00856183
0  4.5  0.00506499
0  5.0  0.00313289
0  5.5  0.00200975
0  6.5  0.000905437
0  6.0  0.00130578
0  7.5  0.000447119
0  7.0  0.000616231
0  8.5  0.000231769
0  8.0  0.000320229
0  9.5  0.000128683
0  9.0  0.000172197
0  10.0  9.85002e-05
0  10.5  7.53614e-05
10  0.2  0.570061
10  0.3  0.815071
0  11.0  5.86914e-05
10  0.4  1.0168
10  0.5  1.14268
10  0.6  1.15845
10  0.7  1.103
10  0.8  0.989338
10  0.9  0.872012
10  1.0  0.751457
10  1.1  0.638263
10  1.2  0.53443
10  1.4  0.369549
10  1.3  0.446926
10  1.5  0.311362
10  1.6  0.258148
10  1.7  0.217521
10  1.8  0.181063
0  11.5  4.58212e-05
10  1.9  0.152445
10  2.0  0.128658
10  2.5  0.0578602
10  3.0  0.0277118
10  3.5  0.0146194
10  4.0  0.00828024
0  12.0  3.62768e-05
10  5.0  0.00299699
10  4.5  0.00479481
10  7.0  0.000596364
10  5.5  0.00192438
10  7.5  0.000423532
10  6.5  0.000848087
10  6.0  0.00125782
10  8.0  0.000299983
10  8.5  0.000218696
10  10.0  9.38457e-05
10  9.0  0.000163981
10  9.5  0.000123882
10  11.5  4.32272e-05
10  10.5  7.16225e-05
10  11.0  5.55694e-05
12  0.2  0.567275
12  0.3  0.808841
12  0.4  1.01567
12  0.5  1.12907
12  0.6  1.13732
12  0.7  1.08744
12  0.8  0.980413
12  0.9  0.860858
12  1.0  0.73882
12  1.1  0.623767
12  1.2  0.525038
12  1.3  0.440948
12  1.4  0.366294
12  1.5  0.301546
12  1.6  0.255114
12  1.7  0.211217
12  1.8  0.178295
12  1.9  0.149384
12  2.0  0.125643
12  2.5  0.0560269
12  3.0  0.0271485
12  3.5  0.0142406
10  12.0  3.45598e-05
12  4.5  0.0046257
12  5.0  0.00288945
12  4.0  0.00796943
12  5.5  0.00184064
12  7.0  0.000575532
12  6.5  0.000824999
12  7.5  0.000406942
12  6.0  0.0012175
12  8.0  0.00029382
12  8.5  0.000214882
12  9.0  0.000161669
12  10.5  6.92452e-05
12  9.5  0.000119501
12  11.0  5.50961e-05
12  10.0  9.14365e-05
14  0.2  0.560673
14  0.3  0.817108
14  0.4  1.01021
14  0.5  1.10812
14  0.6  1.11389
14  0.7  1.06983
14  0.8  0.964421
14  0.9  0.836095
14  1.0  0.719846
14  1.1  0.607057
14  1.2  0.515437
14  1.3  0.431492
14  1.4  0.357382
14  1.5  0.297732
14  1.6  0.248378
14  1.7  0.203997
14  1.8  0.173487
14  1.9  0.14593
14  2.0  0.122771
14  2.5  0.0539595
14  3.0  0.0263338
12  11.5  4.27286e-05
14  3.5  0.0137943
12  12.0  3.36172e-05
14  4.0  0.00775031
14  4.5  0.00462721
14  5.0  0.00280227
14  5.5  0.00181946
14  7.0  0.000556881
14  6.5  0.000803807
14  7.5  0.000393934
14  6.0  0.00119954
14  8.0  0.000271162
14  8.5  0.000208837
14  9.5  0.000116295
14  9.0  0.000153019
14  10.0  8.94888e-05
14  11.0  5.29451e-05
16  0.2  0.557654
14  10.5  6.93233e-05
16  0.3  0.803734
16  0.4  0.994144
16  0.5  1.10572
16  0.6  1.10355
14  11.5  4.19128e-05
16  0.7  1.04069
16  0.8  0.927717
16  0.9  0.824087
16  1.1  0.587178
16  1.0  0.704736
16  1.2  0.48947
16  1.3  0.418225
16  1.4  0.346128
16  1.5  0.287899
16  1.6  0.240837
16  1.7  0.197895
16  1.9  0.141406
16  1.8  0.168318
16  2.0  0.117957
16  2.5  0.0525669
16  3.0  0.0260289
16  3.5  0.0133714
14  12.0  3.2934e-05
16  4.0  0.00741188
16  4.5  0.00437283
16  5.0  0.002724
16  5.5  0.00175103
16  7.0  0.000535343
16  6.0  0.00116334
16  6.5  0.000787586
16  7.5  0.000387832
16  8.0  0.00027358
16  8.5  0.000200734
16  9.0  0.000149978
16  9.5  0.000111273
16  10.0  8.52084e-05
16  10.5  6.57318e-05
16  11.5  3.92926e-05
18  0.2  0.54786
16  12.0  3.12294e-05
18  0.3  0.789012
16  11.0  5.09669e-05
18  0.4  0.985613
18  0.5  1.07338
18  0.6  1.08955
18  0.7  1.01942
18  0.8  0.917183
18  0.9  0.800788
18  1.1  0.570986
18  1.0  0.685744
18  1.2  0.483023
18  1.4  0.332075
18  1.3  0.402718
18  1.5  0.278581
18  1.6  0.231443
18  1.7  0.192432
18  1.9  0.135189
18  1.8  0.161483
18  2.0  0.11303
18  3.0  0.024336
18  2.5  0.0504027
18  3.5  0.0126712
18  4.0  0.00711345
18  4.5  0.00423411
18  5.0  0.00259312
18  5.5  0.00165429
18  7.0  0.000513051
18  6.5  0.000738757
18  6.0  0.00109056
18  7.5  0.000360543
18  8.5  0.000193991
18  8.0  0.000263135
18  10.0  8.23646e-05
18  9.0  0.000144748
18  9.5  0.000106027
18  10.5  6.22404e-05
2  0.2  0.575371
18  12.0  3.03613e-05
2  0.3  0.831691
2  0.4  1.03646
2  0.5  1.15447
2  0.6  1.16676
2  0.7  1.12897
2  0.8  1.01482
2  0.9  0.898187
18  11.0  4.87675e-05
2  1.1  0.651741
2  1.0  0.778508
2  1.2  0.55239
2  1.3  0.468247
2  1.5  0.325714
18  11.5  3.84709e-05
2  1.4  0.388603
2  1.7  0.224861
2  1.6  0.271113
2  1.8  0.189382
2  2.0  0.134395
2  1.9  0.15866
2  3.0  0.0288045
2  3.5  0.01551
2  2.5  0.059971
2  4.0  0.00844411
2  4.5  0.00503347
2  5.0  0.00310168
2  5.5  0.00201579
2  6.0  0.00131682
2  6.5  0.00088753
2  7.5  0.000436809
2  7.0  0.000618746
2  8.5  0.000231119
2  9.5  0.000127679
2  8.0  0.000315911
2  9.0  0.000171444
2  11.0  5.87974e-05
2  10.0  9.76991e-05
2  10.5  7.67933e-05
20  0.2  0.540111
20  0.3  0.775858
2  11.5  4.62326e-05
20  0.4  0.93639
20  0.5  1.05785
20  0.6  1.05095
20  0.7  0.959169
20  0.8  0.884943
20  0.9  0.767267
20  1.0  0.652759
20  1.1  0.552786
20  1.2  0.463165
20  1.3  0.384172
20  1.4  0.314011
20  1.6  0.219988
20  1.5  0.264429
20  1.7  0.182724
20  1.8  0.154102
20  1.9  0.128301
20  2.0  0.108413
20  2.5  0.0477179
20  3.0  0.0230184
20  3.5  0.0121233
2  12.0  3.61665e-05
20  5.0  0.00244177
20  4.0  0.00671989
20  4.5  0.0039539
20  5.5  0.00156224
20  7.0  0.000485021
20  6.0  0.00103204
20  6.5  0.000704272
20  7.5  0.000344538
20  8.5  0.000182759
20  9.5  0.000100736
20  8.0  0.000249836
20  10.0  7.76088e-05
20  9.0  0.00013436
20  11.5  3.58044e-05
20  11.0  4.62708e-05
22  0.2  0.525001
22  0.3  0.767654
22  0.4  0.940608
20  10.5  5.93481e-05
22  0.5  1.0242
22  0.6  1.0168
22  0.7  0.94553
22  0.8  0.840778
22  0.9  0.72867
22  1.0  0.61968
22  1.2  0.424621
22  1.1  0.519589
22  1.3  0.358533
22  1.4  0.298679
22  1.6  0.20339
22  1.5  0.247376
22  1.7  0.170827
22  1.8  0.141931
22  1.9  0.119302
22  2.0  0.101108
22  2.5  0.0444347
22  3.0  0.0214363
22  3.5  0.0112087
20  12.0  2.82575e-05
22  4.0  0.00624829
22  4.5  0.00373182
22  5.0  0.00230452
22  5.5  0.0014438
22  6.0  0.000955779
22  7.0  0.000455959
22  6.5  0.000651618
22  7.5  0.000318815
22  8.5  0.000171675
22  8.0  0.000230918
22  9.0  0.000125036
22  9.5  9.44426e-05
22  11.0  4.30936e-05
22  10.0  7.17211e-05
24  0.2  0.515398
24  0.3  0.736692
24  0.4  0.904586
22  10.5  5.599e-05
24  0.5  0.966319
22  12.0  2.60352e-05
24  0.6  0.962793
24  0.8  0.789628
24  0.7  0.889689
24  0.9  0.684362
24  1.0  0.576287
24  1.1  0.484218
24  1.2  0.401078
24  1.3  0.332598
24  1.4  0.273053
24  1.5  0.227691
24  1.6  0.190032
24  1.8  0.129355
24  1.7  0.156767
24  1.9  0.109814
24  2.0  0.0919637
24  2.5  0.0403734
24  3.0  0.0194463
24  3.5  0.0103632
22  11.5  3.34484e-05
24  4.0  0.005698
24  4.5  0.00341905
24  5.0  0.00206227
24  5.5  0.00131895
24  6.5  0.000590334
24  6.0  0.000873115
24  7.5  0.000290765
24  8.5  0.000152978
24  7.0  0.000414873
24  8.0  0.000210781
24  9.0  0.000114343
24  10.0  6.44518e-05
24  9.5  8.55566e-05
24  10.5  4.98647e-05
26  0.2  0.497954
26  0.3  0.713598
26  0.4  0.864928
26  0.5  0.921258
26  0.6  0.899552
26  0.7  0.821989
26  0.8  0.719017
26  0.9  0.617931
24  11.0  3.86008e-05
26  1.0  0.518664
26  1.1  0.437086
26  1.3  0.295374
26  1.2  0.360686
26  1.4  0.244562
26  1.5  0.203971
26  1.6  0.168736
26  1.7  0.140279
26  1.9  0.0974941
26  1.8  0.116496
26  2.0  0.0814158
26  2.5  0.0362195
26  3.0  0.0173807
26  3.5  0.00909072
24  11.5  3.046e-05
24  12.0  2.3862e-05
26  4.5  0.00295655
26  5.0  0.0018149
26  6.0  0.000769259
26  4.0  0.00499495
26  6.5  0.000522039
26  5.5  0.00116178
26  7.5  0.000257155
26  8.0  0.000185062
26  7.0  0.000360506
26  10.0  5.521e-05
26  8.5  0.00013466
26  9.0  0.000100733
26  9.5  7.52488e-05
26  10.5  4.43511e-05
28  0.2  0.47275
26  11.5  2.71135e-05
28  0.3  0.670079
28  0.4  0.800958
28  0.5  0.843218
28  0.6  0.803864
28  0.7  0.725626
28  0.8  0.633317
28  0.9  0.544139
28  1.0  0.455007
28  1.1  0.377216
28  1.2  0.312149
28  1.3  0.255986
26  11.0  3.45099e-05
28  1.4  0.210359
28  1.5  0.172713
28  1.6  0.141364
28  1.7  0.118982
28  1.8  0.0987391
28  1.9  0.0819721
28  2.0  0.0704806
28  2.5  0.0299522
28  3.0  0.0146908
28  3.5  0.0076279
26  12.0  2.09673e-05
28  5.5  0.000977522
28  4.5  0.0024757
28  4.0  0.00423037
28  5.0  0.00154689
28  7.5  0.000217841
28  6.0  0.000639318
28  6.5  0.000437943
28  8.5  0.000112288
28  7.0  0.000301286
28  8.0  0.00015451
28  9.5  6.2773e-05
28  10.0  4.79782e-05
28  9.0  8.39678e-05
28  11.5  2.2323e-05
30  0.2  0.440059
30  0.3  0.610444
30  0.4  0.709803
30  0.5  0.726553
28  11.0  2.91645e-05
30  0.6  0.685129
30  0.7  0.608477
30  0.8  0.523858
28  10.5  3.6983e-05
30  0.9  0.442216
30  1.0  0.370006
30  1.1  0.303607
30  1.2  0.249964
30  1.3  0.205641
30  1.4  0.168075
30  1.5  0.137828
30  1.6  0.113574
28  12.0  1.74228e-05
30  1.7  0.0930314
30  1.8  0.0774268
30  1.9  0.0644006
30  2.0  0.0539785
30  3.0  0.0116648
30  2.5  0.0235534
30  3.5  0.00593403
30  4.5  0.00195719
30  4.0  0.00331335
30  5.0  0.00119685
30  6.0  0.000512135
30  5.5  0.000763766
30  7.5  0.000167939
30  8.0  0.00012346
30  6.5  0.000345179
30  7.0  0.000238847
30  9.0  6.64801e-05
30  10.0  3.83551e-05
30  8.5  9.03831e-05
30  10.5  2.92929e-05
30  9.5  4.87886e-05
30  11.0  2.22376e-05
30  11.5  1.74538e-05
32  0.2  0.39321
32  0.3  0.53012
32  0.4  0.589698
32  0.5  0.583488
30  12.0  1.40318e-05
32  0.6  0.536391
32  0.7  0.467618
32  0.8  0.396848
32  0.9  0.331218
32  1.0  0.272964
32  1.1  0.223456
32  1.2  0.182948
32  1.3  0.149163
32  1.4  0.121788
32  1.5  0.0993077
32  1.6  0.0816355
32  1.8  0.056961
32  1.7  0.0673029
32  1.9  0.0471595
32  2.0  0.0384998
32  2.5  0.0170512
32  3.0  0.00829966
32  3.5  0.00429297
32  4.0  0.0024075
32  6.0  0.000359971
32  4.5  0.00139009
32  5.0  0.000868061
32  5.5  0.000549569
32  6.5  0.000248425
32  7.0  0.000168531
32  7.5  0.000120016
32  9.0  4.70068e-05
32  8.5  6.31657e-05
32  8.0  8.81002e-05
32  10.5  2.08765e-05
32  9.5  3.51805e-05
32  11.0  1.62575e-05
32  10.0  2.67942e-05
32  11.5  1.24408e-05
34  0.2  0.330184
34  0.3  0.423685
34  0.4  0.446844
34  0.5  0.420631
34  0.6  0.371818
34  0.7  0.320308
34  0.9  0.222328
34  0.8  0.267089
34  1.0  0.181078
34  1.1  0.147365
34  1.2  0.119892
34  1.3  0.0985611
34  1.4  0.0793815
34  1.5  0.067229
34  1.6  0.0541418
32  12.0  9.85243e-06
34  1.7  0.0446743
34  1.8  0.0371392
34  1.9  0.0307469
34  2.0  0.0256695
34  2.5  0.0113289
34  3.0  0.00536866
34  3.5  0.00278976
34  4.0  0.00152971
34  6.0  0.000231447
34  4.5  0.000894769
34  5.0  0.000548734
34  5.5  0.000362501
34  7.0  0.000108817
34  7.5  7.64476e-05
34  6.5  0.000156504
34  8.5  4.02826e-05
34  9.5  2.2565e-05
34  8.0  5.50514e-05
34  9.0  3.01971e-05
34  11.5  8.02332e-06
34  10.0  1.712e-05
4  0.2  0.575187
4  0.3  0.822208
34  10.5  1.32583e-05
4  0.4  1.03529
4  0.5  1.14557
4  0.6  1.18145
4  0.7  1.1139
34  11.0  1.02381e-05
4  0.8  1.02155
4  0.9  0.892821
4  1.0  0.773202
4  1.2  0.552461
4  1.1  0.6588
4  1.3  0.463991
4  1.4  0.386591
4  1.5  0.322488
4  1.7  0.22437
4  1.6  0.26812
4  1.8  0.188691
4  1.9  0.158931
4  2.0  0.133337
4  2.5  0.0599339
34  12.0  6.31622e-06
4  3.0  0.0291447
4  3.5  0.0151367
4  4.0  0.00860365
4  4.5  0.00502131
4  5.0  0.00309514
4  5.5  0.00197238
4  6.5  0.000884515
4  7.5  0.000436257
4  6.0  0.00130519
4  7.0  0.000612751
4  8.5  0.000229885
4  9.5  0.000127652
4  8.0  0.000313944
4  9.0  0.000170686
4  10.0  9.73333e-05
6  0.2  0.573234
4  10.5  7.57257e-05
6  0.3  0.828586
6  0.4  1.01225
4  11.0  5.83027e-05
6  0.5  1.15469
6  0.6  1.17777
6  0.7  1.10447
6  0.8  1.01767
6  0.9  0.887652
6  1.0  0.763768
6  1.2  0.5439
6  1.1  0.652048
6  1.3  0.46126
6  1.4  0.382627
6  1.5  0.31696
4  11.5  4.55678e-05
6  1.6  0.266178
6  1.7  0.219901
6  1.8  0.187118
6  1.9  0.157477
6  2.0  0.132095
6  2.5  0.0596567
6  3.5  0.0149953
6  3.0  0.0286625
4  12.0  3.58872e-05
6  4.5  0.00498751
6  5.0  0.0030565
6  4.0  0.00841348
6  5.5  0.00194712
6  7.0  0.000616644
6  6.0  0.00129031
6  6.5  0.000872521
6  7.5  0.000428935
6  8.0  0.000308945
6  8.5  0.000228053
6  9.0  0.000168946
6  9.5  0.000127874
6  10.0  9.63451e-05
8  0.2  0.574753
6  11.0  5.75383e-05
8  0.3  0.818161
6  10.5  7.4512e-05
8  0.4  1.0293
8  0.5  1.1476
8  0.6  1.1598
8  0.7  1.11136
8  0.8  1.00906
8  0.9  0.877265
8  1.0  0.764067
8  1.1  0.638144
8  1.2  0.5443
8  1.3  0.456594
8  1.4  0.376726
8  1.5  0.31631
8  1.7  0.218295
8  1.6  0.263981
8  1.8  0.185641
6  11.5  4.41177e-05
8  1.9  0.155538
8  2.0  0.13173
8  3.0  0.0283131
8  2.5  0.0582114
8  3.5  0.0147723
6  12.0  3.56243e-05
8  4.5  0.00489691
8  5.0  0.00303037
8  4.0  0.00829463
8  7.0  0.000596571
8  5.5  0.0019257
8  7.5  0.000424773
8  6.5  0.000863281
8  6.0  0.00127168
8  8.0  0.000307262
8  10.0  9.50414e-05
8  8.5  0.000225119
8  9.0  0.000166608
8  9.5  0.000126142
8  10.5  7.34967e-05
8  11.5  4.47954e-05
8  11.0  5.6706e-05
8  12.0  3.53335e-05
