# exclusive D0 cross section, Pb target, LHAPDF fragmentation, An0n channel
# generated      : 2026-08-19 15:24:06 EEST
# calls          : 1e5 below 4.0 GeV, 2e3 above (see EXCL_PT_THRESHOLD) (VEGAS calls per point, see CALLS_EXCL/CALLS_EXCL_FACTORIZED/CALLS_DIFF)
# dipole samples : data/Pb/bk_posterior/member_0007/glauber_mve_<b>
# pD0 sweep      : 0.2 0.3 0.4 0.5 0.6 0.7 0.8 0.9 1.0 1.1 1.2 1.3 1.4 1.5 1.6 1.7 1.8 1.9 2.0 2.5 3.0 3.5 4.0 4.5 5.0 5.5 6.0 6.5 7.0 7.5 8.0 8.5 9.0 9.5 10.0 10.5 11.0 11.5 12.0
# fixed rapidity y : 0.0
# ============================================================
# b  pD0  dsigma_dyd2pD0
0  0.2  3.31711
0  0.3  2.68868
0  0.5  1.61665
0  0.4  2.11458
0  0.6  1.21431
0  0.7  0.898619
0  0.8  0.661093
0  0.9  0.485244
0  1.0  0.355705
0  1.1  0.26118
0  1.2  0.19254
0  1.3  0.141776
0  1.5  0.0794094
0  1.7  0.0455211
0  1.4  0.105947
0  1.6  0.0593412
0  1.8  0.0335762
0  1.9  0.0258416
0  2.5  0.00563282
0  2.0  0.0198083
0  3.0  0.00170852
0  3.5  0.000468522
0  5.5  1.67505e-05
0  4.0  0.000221661
0  4.5  8.86869e-05
0  5.0  3.77378e-05
0  6.5  3.99405e-06
0  6.0  8.06888e-06
0  7.5  1.11816e-06
0  7.0  2.06788e-06
0  8.0  6.09213e-07
0  9.5  1.2145e-07
0  8.5  3.48236e-07
0  9.0  2.03235e-07
0  10.0  7.47349e-08
0  10.5  4.67002e-08
10  0.2  3.14778
10  0.3  2.55077
10  0.4  1.99931
0  11.0  2.98485e-08
10  0.5  1.52681
10  0.6  1.14309
10  0.7  0.844839
0  12.0  1.28533e-08
10  0.8  0.619944
10  0.9  0.453933
10  1.0  0.332006
10  1.1  0.243377
10  1.2  0.178998
10  1.3  0.131803
10  1.4  0.0988886
10  1.5  0.0734492
10  1.7  0.042184
10  1.6  0.0549283
10  1.8  0.0319174
10  1.9  0.0242529
0  11.5  1.94736e-08
10  2.0  0.0182377
10  2.5  0.00505324
10  3.0  0.00150337
10  3.5  0.000568836
10  5.0  3.39674e-05
10  4.0  0.00020351
10  4.5  8.10194e-05
10  5.5  1.52513e-05
10  6.0  7.36216e-06
10  6.5  3.63503e-06
10  8.0  5.50604e-07
10  7.0  1.87889e-06
10  7.5  1.00343e-06
10  8.5  3.15453e-07
10  9.0  1.84344e-07
10  9.5  1.10449e-07
10  10.0  6.77912e-08
12  0.2  3.07156
12  0.3  2.48522
12  0.4  1.94719
12  0.5  1.48409
12  0.6  1.11089
12  0.7  0.818484
10  10.5  4.23292e-08
12  0.8  0.601717
10  12.0  1.16299e-08
12  0.9  0.43992
12  1.0  0.321497
12  1.1  0.235416
12  1.2  0.172897
12  1.4  0.0956985
12  1.3  0.127818
10  11.0  2.71964e-08
12  1.6  0.0534422
12  1.5  0.0710827
12  1.7  0.0405032
12  1.8  0.0299862
12  1.9  0.0229316
12  2.5  0.00464433
12  2.0  0.0175909
12  3.0  0.00162666
10  11.5  1.76655e-08
12  3.5  0.00059011
12  4.0  0.000194794
12  5.5  1.45815e-05
12  4.5  7.73434e-05
12  5.0  3.29087e-05
12  6.5  3.4245e-06
12  6.0  6.99262e-06
12  7.5  9.60578e-07
12  7.0  1.7932e-06
12  8.5  3.02873e-07
12  8.0  5.27459e-07
12  9.0  1.75967e-07
12  9.5  1.05919e-07
12  10.0  6.47028e-08
14  0.2  2.97569
14  0.3  2.40533
14  0.4  1.88214
12  10.5  4.05502e-08
14  0.5  1.4334
14  0.6  1.07094
14  0.7  0.789919
14  0.8  0.578445
14  0.9  0.422019
14  1.0  0.308073
12  11.0  2.58741e-08
14  1.1  0.225593
14  1.2  0.165071
14  1.3  0.122503
14  1.4  0.0907977
14  1.5  0.0674313
14  1.6  0.0512304
14  1.7  0.037657
14  1.8  0.0292067
14  1.9  0.0218955
14  2.0  0.0172477
14  2.5  0.00472129
14  3.5  0.000360891
14  3.0  0.00140753
12  11.5  1.68489e-08
12  12.0  1.10978e-08
14  5.5  1.37838e-05
14  4.0  0.000184441
14  6.0  6.64749e-06
14  5.0  3.11342e-05
14  4.5  7.31652e-05
14  6.5  3.26813e-06
14  7.5  9.13563e-07
14  7.0  1.69468e-06
14  8.0  5.03232e-07
14  8.5  2.85034e-07
14  9.0  1.6644e-07
14  9.5  9.98334e-08
14  10.0  6.10294e-08
16  0.2  2.85949
16  0.3  2.30959
16  0.4  1.80494
14  10.5  3.8168e-08
16  0.5  1.37256
16  0.6  1.02389
14  11.0  2.44097e-08
16  0.7  0.75347
14  12.0  1.04581e-08
16  0.8  0.55186
16  0.9  0.402445
16  1.0  0.292995
16  1.1  0.213733
16  1.2  0.156625
16  1.3  0.115197
16  1.4  0.0856781
16  1.6  0.0483235
16  1.5  0.0635686
16  1.7  0.0369724
16  1.8  0.0270618
16  1.9  0.0205099
16  2.0  0.0157838
16  2.5  0.0041955
16  3.0  0.00124174
14  11.5  1.58702e-08
16  3.5  0.000356999
16  4.0  0.000171353
16  4.5  6.83085e-05
16  5.0  2.90536e-05
16  6.0  6.18988e-06
16  7.0  1.58915e-06
16  5.5  1.31126e-05
16  7.5  8.49668e-07
16  6.5  3.04005e-06
16  8.0  4.66413e-07
16  8.5  2.65297e-07
16  9.0  1.54002e-07
16  9.5  9.24196e-08
16  10.5  3.51978e-08
16  10.0  5.67702e-08
18  0.2  2.7221
18  0.3  2.19693
18  0.4  1.71234
18  0.5  1.29969
18  0.6  0.967127
18  0.7  0.711121
18  0.8  0.519516
18  0.9  0.378739
16  11.5  1.48586e-08
18  1.0  0.274815
18  1.1  0.200376
18  1.2  0.147058
18  1.3  0.108532
18  1.4  0.0802375
18  1.5  0.0592888
16  11.0  2.27042e-08
18  1.6  0.0448019
18  1.7  0.0333453
18  1.8  0.0255927
18  1.9  0.0194334
18  2.0  0.0151052
18  2.5  0.00424868
18  3.0  0.00130754
18  3.5  0.000308128
16  12.0  9.71755e-09
18  4.0  0.000157522
18  4.5  6.26045e-05
18  5.0  2.66619e-05
18  6.5  2.79824e-06
18  5.5  1.19712e-05
18  6.0  5.63714e-06
18  7.0  1.45295e-06
18  7.5  7.71592e-07
18  8.0  4.23885e-07
18  8.5  2.42553e-07
18  9.0  1.40792e-07
18  9.5  8.46867e-08
18  10.0  5.18934e-08
2  0.2  3.30951
18  10.5  3.25822e-08
2  0.3  2.68305
2  0.4  2.10874
2  0.5  1.61211
2  0.6  1.21134
2  0.7  0.897151
2  0.8  0.659814
2  0.9  0.483785
2  1.0  0.355026
2  1.1  0.260274
18  11.0  2.06224e-08
2  1.2  0.192118
2  1.3  0.142514
2  1.4  0.105803
2  1.5  0.0793695
2  1.7  0.0452987
18  11.5  1.34772e-08
2  1.6  0.0592222
2  2.0  0.0202356
2  1.8  0.0335011
2  1.9  0.026225
2  2.5  0.00576771
2  3.0  0.00181584
2  3.5  0.000447371
18  12.0  8.91903e-09
2  5.5  1.66903e-05
2  4.0  0.000220893
2  4.5  8.83782e-05
2  5.0  3.75979e-05
2  6.5  3.97984e-06
2  6.0  8.01498e-06
2  7.0  2.0528e-06
2  7.5  1.10626e-06
2  9.5  1.20951e-07
2  8.0  6.0684e-07
2  8.5  3.46944e-07
2  9.0  2.02473e-07
2  10.0  7.44581e-08
2  10.5  4.65185e-08
20  0.2  2.55793
20  0.3  2.05999
20  0.4  1.60253
20  0.5  1.21375
20  0.6  0.901049
20  0.7  0.660705
20  0.8  0.481736
20  0.9  0.349483
20  1.0  0.253971
2  11.0  2.97386e-08
20  1.1  0.184884
20  1.2  0.135404
20  1.3  0.0993152
20  1.4  0.0733547
20  1.5  0.0542672
20  1.6  0.0407695
20  1.7  0.0309795
20  1.8  0.023503
20  1.9  0.0177798
2  11.5  1.94086e-08
20  2.0  0.0133942
20  2.5  0.00372939
20  3.0  0.00118056
20  3.5  0.000270347
2  12.0  1.28126e-08
20  4.0  0.00014156
20  4.5  5.6332e-05
20  5.0  2.39358e-05
20  6.0  5.07963e-06
20  5.5  1.07084e-05
20  6.5  2.50493e-06
20  7.0  1.2928e-06
20  7.5  6.91233e-07
20  8.0  3.80373e-07
20  8.5  2.15712e-07
20  9.5  7.60076e-08
20  9.0  1.25847e-07
20  10.0  4.63691e-08
22  0.2  2.36085
22  0.3  1.89656
22  0.4  1.47228
20  10.5  2.89291e-08
22  0.5  1.11227
22  0.6  0.822469
22  0.7  0.601245
22  0.8  0.436114
20  11.0  1.85131e-08
22  1.0  0.228933
22  0.9  0.316201
22  1.1  0.165993
22  1.2  0.121164
22  1.3  0.0889562
22  1.4  0.0655707
22  1.6  0.0369298
22  1.5  0.0490831
20  11.5  1.19754e-08
22  1.7  0.0273829
20  12.0  7.93961e-09
22  1.8  0.0203024
22  1.9  0.0158699
22  2.0  0.0117846
22  2.5  0.00325477
22  3.0  0.000858982
22  3.5  0.000247872
22  4.5  4.8681e-05
22  4.0  0.000123829
22  5.0  2.08762e-05
22  6.0  4.41318e-06
22  5.5  9.3243e-06
22  7.0  1.12494e-06
22  6.5  2.18636e-06
22  7.5  5.99549e-07
22  8.0  3.29462e-07
22  8.5  1.87472e-07
22  9.0  1.0938e-07
22  9.5  6.53839e-08
22  10.0  4.01644e-08
24  0.2  2.12412
22  11.5  1.03486e-08
24  0.3  1.70305
24  0.4  1.31661
22  10.5  2.50488e-08
24  0.5  0.989873
24  0.6  0.729514
22  12.0  6.89794e-09
24  0.7  0.531376
24  0.8  0.384184
24  0.9  0.27731
24  1.0  0.200026
24  1.1  0.144749
24  1.2  0.105392
24  1.3  0.0767252
24  1.5  0.0421506
24  1.4  0.0565118
24  1.6  0.0310051
24  1.7  0.0231023
24  1.8  0.0174278
22  11.0  1.60216e-08
24  2.0  0.0103696
24  1.9  0.0132488
24  3.0  0.000929476
24  2.5  0.00267423
24  3.5  0.000408939
24  4.0  0.000103808
24  4.5  4.08174e-05
24  5.0  1.7465e-05
24  6.5  1.81611e-06
24  6.0  3.68474e-06
24  5.5  7.82816e-06
24  7.0  9.36207e-07
24  8.5  1.55502e-07
24  7.5  4.99522e-07
24  8.0  2.7475e-07
24  9.0  9.00199e-08
24  10.5  2.05826e-08
24  11.0  1.32208e-08
24  9.5  5.44034e-08
26  0.2  1.84011
24  10.0  3.33521e-08
26  0.3  1.4685
24  11.5  8.5474e-09
26  0.4  1.13061
26  0.5  0.845899
26  0.6  0.620162
26  0.7  0.449218
26  0.8  0.323175
26  0.9  0.232317
26  1.0  0.166769
26  1.1  0.120185
26  1.2  0.0872524
26  1.3  0.0635811
26  1.5  0.0345562
26  1.4  0.0466002
26  1.6  0.0255863
26  1.7  0.0189452
26  1.8  0.0145104
26  1.9  0.0106694
26  2.0  0.00818801
26  2.5  0.00224767
26  3.0  0.000753442
26  3.5  0.00019332
24  12.0  5.70068e-09
26  6.0  2.88551e-06
26  4.0  8.28705e-05
26  4.5  3.25994e-05
26  5.0  1.37604e-05
26  5.5  6.14398e-06
26  7.0  7.32541e-07
26  6.5  1.42974e-06
26  8.5  1.20864e-07
26  7.5  3.91077e-07
26  8.0  2.13731e-07
26  9.0  7.09183e-08
26  9.5  4.24063e-08
26  11.0  1.02902e-08
26  10.0  2.59827e-08
28  0.2  1.50407
28  0.3  1.19466
28  0.4  0.914489
28  0.5  0.679503
26  10.5  1.62707e-08
28  0.6  0.49406
28  0.7  0.355857
28  0.8  0.254534
28  0.9  0.181592
28  1.0  0.130005
28  1.1  0.0931042
28  1.2  0.0671597
28  1.3  0.0488781
28  1.4  0.0357226
28  1.5  0.0263941
28  1.6  0.0195893
28  1.7  0.0146922
28  1.8  0.0106756
28  1.9  0.00803486
28  2.0  0.00639234
28  2.5  0.00166549
28  3.5  0.000268361
28  3.0  0.000469514
26  11.5  6.70258e-09
26  12.0  4.44418e-09
28  4.0  6.01399e-05
28  4.5  2.35913e-05
28  5.0  9.94849e-06
28  5.5  4.42008e-06
28  6.0  2.08181e-06
28  6.5  1.02469e-06
28  7.0  5.21108e-07
28  7.5  2.78371e-07
28  8.0  1.53294e-07
28  8.5  8.6765e-08
28  9.0  5.05176e-08
28  9.5  3.0105e-08
28  11.0  7.28486e-09
30  0.2  1.13004
28  10.0  1.84449e-08
30  0.3  0.89113
30  0.4  0.676008
30  0.5  0.497998
30  0.6  0.359282
28  10.5  1.14881e-08
30  0.7  0.255937
30  0.8  0.181573
30  0.9  0.128699
30  1.0  0.0911902
30  1.1  0.0648836
30  1.2  0.04677
30  1.4  0.0245311
30  1.3  0.0335339
30  1.5  0.0179053
30  1.6  0.0130542
30  1.7  0.00989045
30  1.8  0.00715595
30  1.9  0.00561061
30  2.0  0.00414664
30  2.5  0.00109032
30  3.0  0.00027702
30  3.5  8.09145e-05
28  11.5  4.74888e-09
28  12.0  3.12977e-09
30  4.0  3.84091e-05
30  4.5  1.50848e-05
30  5.0  6.33631e-06
30  6.5  6.4635e-07
30  5.5  2.81126e-06
30  7.5  1.73997e-07
30  6.0  1.31497e-06
30  8.0  9.48585e-08
30  7.0  3.29669e-07
30  8.5  5.4365e-08
30  9.0  3.14123e-08
30  10.5  7.04919e-09
30  9.5  1.87572e-08
32  0.2  0.756312
30  10.0  1.14319e-08
32  0.3  0.591022
32  0.4  0.443308
32  0.5  0.322454
32  0.6  0.229989
32  0.7  0.162356
32  0.8  0.113757
32  0.9  0.0797581
32  1.0  0.0560115
32  1.2  0.0282308
32  1.1  0.0395633
32  1.3  0.0200963
32  1.4  0.0145267
32  1.5  0.0105704
30  11.0  4.53267e-09
32  1.7  0.00588425
32  1.6  0.00770603
32  1.8  0.00439159
32  1.9  0.00320391
32  2.0  0.00240567
32  2.5  0.000638626
32  3.5  9.52692e-05
32  3.0  0.000165304
30  11.5  2.92958e-09
30  12.0  1.92767e-09
32  5.0  3.3798e-06
32  4.0  2.12268e-05
32  4.5  8.20964e-06
32  6.5  3.41459e-07
32  5.5  1.51099e-06
32  6.0  7.02236e-07
32  7.0  1.74057e-07
32  7.5  9.19702e-08
32  8.0  5.03043e-08
32  10.0  5.89206e-09
32  8.5  2.83852e-08
32  9.0  1.64432e-08
32  9.5  9.79295e-09
34  0.2  0.443731
34  0.3  0.342834
32  10.5  3.71068e-09
34  0.4  0.25386
34  0.5  0.181922
34  0.6  0.12799
34  0.7  0.0890646
34  0.8  0.0616582
34  0.9  0.042705
34  1.0  0.0296418
34  1.1  0.0207034
34  1.2  0.0146057
34  1.3  0.0104007
32  11.0  2.3418e-09
34  1.4  0.00745008
34  1.5  0.00534841
34  1.6  0.00388235
34  1.7  0.00288329
34  1.8  0.00216456
34  1.9  0.00161988
34  2.0  0.00118174
34  2.5  0.000303592
34  3.0  0.000103038
34  3.5  3.58159e-05
32  11.5  1.51911e-09
32  12.0  9.98689e-10
34  4.5  3.67683e-06
34  4.0  9.74152e-06
34  5.0  1.53855e-06
34  5.5  6.71225e-07
34  6.0  3.11401e-07
34  6.5  1.51172e-07
34  7.0  7.63209e-08
34  7.5  4.00199e-08
34  8.0  2.17656e-08
34  9.5  4.13453e-09
34  8.5  1.22122e-08
34  9.0  7.06298e-09
34  11.0  9.84431e-10
34  10.0  2.54392e-09
4  0.2  3.29001
4  0.3  2.6661
34  10.5  1.58089e-09
4  0.4  2.09588
4  0.6  1.20217
4  0.5  1.60282
4  0.7  0.889835
4  0.9  0.480095
4  0.8  0.654391
4  1.0  0.351696
4  1.1  0.258182
4  1.2  0.190545
4  1.3  0.139991
4  1.4  0.104801
4  1.5  0.0780023
4  1.7  0.0450167
4  1.6  0.058769
4  1.8  0.0335271
4  2.0  0.0193962
4  1.9  0.0254998
4  2.5  0.00556199
4  3.0  0.00167374
4  3.5  0.000776108
34  11.5  6.40559e-10
4  5.5  1.65112e-05
34  12.0  4.20882e-10
4  4.0  0.000218617
4  6.0  7.9313e-06
4  4.5  8.74501e-05
4  5.0  3.7182e-05
4  7.5  1.10259e-06
4  6.5  3.94724e-06
4  7.0  2.04036e-06
4  9.5  1.19551e-07
4  8.0  6.00089e-07
4  8.5  3.43079e-07
4  9.0  2.00195e-07
4  10.0  7.36264e-08
6  0.2  3.25779
4  10.5  4.60026e-08
6  0.3  2.63933
6  0.4  2.07526
4  12.0  1.26607e-08
6  0.5  1.5844
6  0.6  1.18818
6  0.7  0.879681
4  11.0  2.94006e-08
6  0.8  0.646413
6  0.9  0.473531
6  1.0  0.347626
6  1.2  0.187852
6  1.1  0.255014
6  1.3  0.138725
6  1.4  0.103312
6  1.5  0.0773215
6  1.6  0.058288
6  1.7  0.0440426
6  1.8  0.0335074
6  1.9  0.0259903
4  11.5  1.91967e-08
6  2.0  0.0193245
6  3.0  0.00183784
6  2.5  0.00554397
6  3.5  0.00051383
6  5.5  1.62132e-05
6  6.0  7.81113e-06
6  4.0  0.000214755
6  4.5  8.58889e-05
6  5.0  3.65477e-05
6  7.5  1.08225e-06
6  8.0  5.86759e-07
6  6.5  3.85365e-06
6  7.0  1.99922e-06
6  9.5  1.16972e-07
6  8.5  3.36643e-07
6  9.0  1.96928e-07
6  10.0  7.22388e-08
8  0.2  3.20996
8  0.3  2.60098
8  0.4  2.04131
6  10.5  4.51233e-08
6  12.0  1.24155e-08
8  0.5  1.55903
8  0.6  1.16892
8  0.7  0.864572
8  0.8  0.635117
8  0.9  0.465908
8  1.0  0.340459
8  1.1  0.249518
6  11.0  2.88538e-08
8  1.2  0.183806
8  1.3  0.135904
8  1.4  0.101029
8  1.5  0.0757358
8  1.6  0.0570234
8  1.7  0.0432874
8  1.8  0.0328553
8  1.9  0.0252571
8  2.0  0.0190585
8  2.5  0.00504924
6  11.5  1.87673e-08
8  3.0  0.00149094
8  3.5  0.000421753
8  5.0  3.51449e-05
8  5.5  1.57931e-05
8  6.0  7.59107e-06
8  4.0  0.000209425
8  4.5  8.3694e-05
8  7.0  1.94747e-06
8  8.0  5.70665e-07
8  6.5  3.7541e-06
8  7.5  1.04048e-06
8  8.5  3.2768e-07
8  9.0  1.91162e-07
8  9.5  1.14532e-07
8  10.0  7.03026e-08
8  10.5  4.39473e-08
8  12.0  1.20682e-08
8  11.0  2.80583e-08
8  11.5  1.82806e-08
