# diffractive D0 cross section, Pb target, LHAPDF fragmentation, An0n channel
# generated      : 2026-08-20 10:21:44 EEST
# calls          : 1e5 (VEGAS calls per point, see CALLS_EXCL/CALLS_EXCL_FACTORIZED/CALLS_DIFF)
# dipole samples : data/Pb/mve/glauber_mve_<b>
# pD0 sweep      : 0.2 0.3 0.4 0.5 0.6 0.7 0.8 0.9 1.0 1.1 1.2 1.3 1.4 1.5 1.6 1.7 1.8 1.9 2.0 2.5 3.0 3.5 4.0 4.5 5.0 5.5 6.0 6.5 7.0 7.5 8.0 8.5 9.0 9.5 10.0 10.5 11.0 11.5 12.0
# fixed rapidity y : 1.0
# ============================================================
# b  pD0  dsigma_dyd2pD0
0  0.2  0.56999
0  0.3  0.8116
0  0.5  1.00916
0  0.4  0.959642
0  0.6  0.969266
0  0.7  0.88092
0  0.9  0.65703
0  0.8  0.770562
0  1.0  0.548092
0  1.3  0.294737
0  1.2  0.364107
0  1.1  0.450538
0  1.4  0.242074
0  1.5  0.190712
0  1.6  0.154187
0  1.8  0.101331
0  1.7  0.125399
0  1.9  0.082379
0  2.0  0.0671528
0  3.0  0.0110584
0  2.5  0.0258265
0  3.5  0.00500473
0  5.0  0.0007685
0  4.0  0.00254179
0  4.5  0.0013637
0  6.0  0.000272262
0  5.5  0.000433882
0  7.5  7.09948e-05
0  6.5  0.000169835
0  7.0  0.00010709
0  8.0  4.70541e-05
0  8.5  3.26945e-05
0  9.0  2.26657e-05
0  9.5  1.58426e-05
0  10.0  1.18099e-05
10  0.2  0.564784
0  11.0  6.02342e-06
10  0.3  0.789041
10  0.4  0.946475
0  10.5  8.22225e-06
10  0.5  0.982219
10  0.6  0.947514
0  11.5  4.47551e-06
10  0.7  0.867494
10  0.8  0.755178
10  0.9  0.643323
10  1.0  0.531157
10  1.1  0.432104
10  1.2  0.349582
10  1.3  0.284457
10  1.4  0.227824
10  1.6  0.147815
10  1.7  0.120267
10  1.5  0.183576
10  1.8  0.0975339
10  1.9  0.0785714
10  2.0  0.0635804
10  2.5  0.0246916
10  3.0  0.01059
10  3.5  0.00484509
10  4.5  0.00127267
0  12.0  3.37728e-06
10  5.0  0.00073945
10  4.0  0.00241083
10  6.0  0.000258925
10  6.5  0.00016022
10  5.5  0.000427941
10  7.5  6.70606e-05
10  7.0  0.000101917
10  8.5  3.06722e-05
10  8.0  4.4622e-05
10  9.0  2.15625e-05
10  9.5  1.4745e-05
10  10.0  1.1054e-05
12  0.2  0.558678
10  11.0  5.84475e-06
10  10.5  8.03602e-06
12  0.3  0.798595
12  0.4  0.946207
12  0.5  0.97523
12  0.6  0.931439
12  0.7  0.84866
12  0.8  0.744994
12  0.9  0.620912
10  11.5  4.35538e-06
12  1.0  0.522352
12  1.1  0.423838
12  1.3  0.282084
12  1.2  0.342106
12  1.4  0.222949
12  1.5  0.181997
12  1.6  0.143823
12  1.8  0.0965979
12  1.7  0.116282
12  1.9  0.076876
12  2.0  0.0627147
12  3.0  0.0103578
12  2.5  0.0242048
10  12.0  3.07619e-06
12  3.5  0.00472871
12  4.5  0.00126705
12  4.0  0.00241609
12  5.0  0.000702349
12  6.0  0.000254194
12  5.5  0.000419273
12  7.5  6.73433e-05
12  6.5  0.000153759
12  7.0  0.000100304
12  8.0  4.40236e-05
12  9.0  2.10812e-05
12  8.5  3.02304e-05
12  9.5  1.50874e-05
12  10.0  1.07949e-05
14  0.2  0.557417
12  11.0  5.70329e-06
14  0.3  0.793909
14  0.4  0.924464
14  0.5  0.961769
14  0.6  0.934979
12  11.5  4.14203e-06
14  0.7  0.845529
12  10.5  7.60437e-06
14  0.8  0.730929
14  1.0  0.506798
14  0.9  0.617048
14  1.1  0.418387
14  1.2  0.337232
14  1.3  0.270543
14  1.4  0.21876
14  1.5  0.178394
14  1.7  0.115811
14  1.6  0.141974
14  1.8  0.094015
14  1.9  0.0750318
14  2.0  0.0606962
14  2.5  0.0236399
14  3.0  0.00987473
14  3.5  0.0045957
12  12.0  3.18682e-06
14  4.5  0.00122954
14  5.0  0.000701016
14  6.0  0.000240395
14  4.0  0.00231259
14  5.5  0.0004092
14  6.5  0.000152565
14  7.5  6.2613e-05
14  8.0  4.28222e-05
14  7.0  9.6388e-05
14  9.0  2.07755e-05
14  8.5  2.86727e-05
14  9.5  1.41094e-05
14  10.0  1.02933e-05
16  0.2  0.555724
14  11.0  5.54092e-06
16  0.3  0.780362
16  0.4  0.915152
16  0.5  0.948489
16  0.6  0.923726
14  10.5  7.39074e-06
16  0.7  0.820351
16  0.8  0.720311
16  0.9  0.605675
16  1.0  0.502113
16  1.1  0.404794
14  11.5  4.08945e-06
16  1.2  0.326089
16  1.3  0.262992
16  1.4  0.211849
16  1.5  0.16792
16  1.6  0.136305
16  1.7  0.110374
16  1.8  0.0891738
16  1.9  0.0727573
16  2.0  0.058564
16  2.5  0.0228962
16  3.0  0.00976949
16  3.5  0.00446173
14  12.0  2.98938e-06
16  4.5  0.00119477
16  5.0  0.000658526
16  4.0  0.00222553
16  5.5  0.000390558
16  6.0  0.000233527
16  6.5  0.000147091
16  7.5  6.23039e-05
16  7.0  9.43998e-05
16  8.0  4.13618e-05
16  10.0  9.82271e-06
16  8.5  2.82969e-05
16  9.0  1.95058e-05
16  9.5  1.36127e-05
18  0.2  0.545057
18  0.3  0.765731
16  11.0  5.22575e-06
18  0.4  0.900128
18  0.5  0.9314
18  0.6  0.89124
18  0.7  0.808504
18  0.8  0.690176
16  11.5  3.95569e-06
16  10.5  7.11033e-06
18  0.9  0.577905
18  1.0  0.480319
18  1.1  0.38801
18  1.2  0.314193
18  1.3  0.252958
18  1.5  0.165054
18  1.4  0.201252
18  1.6  0.132917
18  1.7  0.106017
18  1.8  0.0847772
18  1.9  0.0691861
18  2.0  0.0564295
18  2.5  0.021906
18  3.0  0.00937654
18  3.5  0.00425174
16  12.0  2.84413e-06
18  5.5  0.000375511
18  4.5  0.00113169
18  5.0  0.00063546
18  4.0  0.0021292
18  6.0  0.000226664
18  6.5  0.000138718
18  7.5  5.89263e-05
18  7.0  8.99708e-05
18  8.0  3.96741e-05
18  9.0  1.86796e-05
18  8.5  2.68792e-05
18  10.0  9.57339e-06
18  9.5  1.32072e-05
2  0.2  0.570631
2  0.3  0.818383
2  0.4  0.954266
2  0.5  1.00892
18  10.5  6.80716e-06
2  0.6  0.981426
2  0.7  0.887368
2  0.8  0.773742
2  0.9  0.658502
18  11.5  3.66226e-06
2  1.0  0.544278
2  1.1  0.448736
18  11.0  4.94665e-06
2  1.2  0.362759
2  1.3  0.293491
2  1.4  0.237791
2  1.6  0.153395
2  1.5  0.190628
2  1.7  0.126283
2  1.8  0.101088
2  1.9  0.0818356
2  2.0  0.0669322
2  2.5  0.0258017
2  3.0  0.0109917
2  3.5  0.00509257
18  12.0  2.83557e-06
2  5.0  0.00076922
2  4.0  0.0025342
2  4.5  0.00133611
2  6.0  0.000269269
2  5.5  0.000433623
2  7.5  7.19423e-05
2  6.5  0.000168728
2  7.0  0.00010751
2  8.0  4.73834e-05
2  8.5  3.25902e-05
2  9.0  2.24719e-05
2  9.5  1.58775e-05
2  10.0  1.13406e-05
2  11.0  6.14759e-06
20  0.2  0.542173
2  10.5  8.19815e-06
20  0.3  0.757028
20  0.4  0.882633
20  0.5  0.904572
20  0.6  0.858828
20  0.7  0.781604
20  0.8  0.669973
2  11.5  4.58697e-06
20  0.9  0.561067
20  1.0  0.45652
20  1.1  0.37427
20  1.2  0.299243
20  1.3  0.239409
20  1.4  0.193044
20  1.5  0.155115
20  1.6  0.124915
20  1.7  0.101472
20  1.9  0.0657387
20  1.8  0.0813708
20  2.0  0.0534378
20  2.5  0.0204534
2  12.0  3.2742e-06
20  3.0  0.00866623
20  3.5  0.00399918
20  4.0  0.00200184
20  4.5  0.00108732
20  5.5  0.000339039
20  5.0  0.000605902
20  6.0  0.00021261
20  7.5  5.57247e-05
20  6.5  0.000131619
20  7.0  8.48887e-05
20  8.0  3.71831e-05
20  9.0  1.76891e-05
20  8.5  2.52876e-05
20  9.5  1.24793e-05
20  10.5  6.53263e-06
22  0.2  0.52768
20  10.0  8.83886e-06
22  0.3  0.739288
22  0.4  0.850877
22  0.5  0.873955
22  0.6  0.819571
22  0.7  0.740543
22  0.8  0.633397
22  0.9  0.529235
22  1.0  0.436234
22  1.1  0.358888
22  1.2  0.283253
20  11.5  3.50955e-06
22  1.3  0.226706
22  1.4  0.180689
22  1.5  0.144608
22  1.6  0.117464
22  1.8  0.0755724
20  11.0  4.70579e-06
22  1.7  0.0938068
20  12.0  2.61755e-06
22  1.9  0.0610567
22  2.0  0.0499755
22  2.5  0.019058
22  3.0  0.00794339
22  3.5  0.00374234
22  4.0  0.00183201
22  4.5  0.0010041
22  5.0  0.000565314
22  6.0  0.000194358
22  5.5  0.000320692
22  7.0  7.90498e-05
22  6.5  0.000123255
22  7.5  5.1739e-05
22  8.0  3.47934e-05
22  8.5  2.36367e-05
22  9.0  1.64389e-05
22  10.0  8.35457e-06
22  10.5  5.98958e-06
22  9.5  1.15971e-05
24  0.2  0.510817
24  0.3  0.716992
24  0.4  0.822881
24  0.5  0.831828
24  0.6  0.794984
24  0.7  0.70501
22  11.0  4.37832e-06
24  0.8  0.593223
22  11.5  3.2405e-06
24  0.9  0.493591
24  1.0  0.405717
24  1.1  0.328484
24  1.2  0.260469
24  1.3  0.207109
24  1.4  0.16789
24  1.5  0.134084
24  1.6  0.105202
24  1.7  0.0865276
24  2.0  0.0455254
24  1.9  0.0569245
24  1.8  0.0691343
24  2.5  0.017351
24  3.5  0.00338813
24  3.0  0.00734074
22  12.0  2.40694e-06
24  5.0  0.000496668
24  4.5  0.000909039
24  4.0  0.00173615
24  5.5  0.000290532
24  6.0  0.000173139
24  7.0  7.01323e-05
24  6.5  0.00011164
24  7.5  4.70426e-05
24  8.0  3.12694e-05
24  9.0  1.49786e-05
24  8.5  2.13663e-05
24  10.0  7.54782e-06
24  9.5  1.05514e-05
26  0.2  0.493692
24  10.5  5.4265e-06
26  0.3  0.681407
26  0.4  0.779336
26  0.5  0.777816
26  0.6  0.727421
24  11.0  3.9936e-06
26  0.7  0.639602
26  0.8  0.543258
26  0.9  0.436145
26  1.0  0.361678
24  11.5  2.92243e-06
26  1.1  0.290725
26  1.2  0.232384
26  1.4  0.147838
26  1.3  0.185895
26  1.5  0.117997
26  1.6  0.0952957
26  1.7  0.0767311
26  1.8  0.0619649
26  1.9  0.0496934
26  2.0  0.0412418
26  2.5  0.0150676
26  3.0  0.00649974
26  3.5  0.00304008
24  12.0  2.19774e-06
26  4.5  0.000799068
26  4.0  0.00149351
26  5.0  0.000451227
26  5.5  0.00026098
26  6.0  0.000159297
26  6.5  9.89662e-05
26  7.5  4.14148e-05
26  7.0  6.22508e-05
26  8.0  2.77163e-05
26  8.5  1.88429e-05
26  9.0  1.30437e-05
26  9.5  9.19014e-06
26  10.0  6.61214e-06
26  10.5  4.57697e-06
28  0.2  0.471407
28  0.3  0.643443
26  11.0  3.51729e-06
28  0.4  0.717409
28  0.5  0.712564
28  0.6  0.653643
28  0.7  0.56398
28  0.8  0.47689
26  11.5  2.55582e-06
28  0.9  0.385793
28  1.0  0.314353
28  1.1  0.252015
28  1.2  0.197998
28  1.3  0.158615
28  1.4  0.126962
28  1.5  0.101202
28  1.6  0.0806938
28  1.7  0.0642862
28  1.8  0.0521455
28  1.9  0.041809
28  2.0  0.0340047
28  2.5  0.0128003
28  3.0  0.00545709
28  3.5  0.00255899
26  12.0  1.93449e-06
28  4.0  0.00125055
28  4.5  0.000646902
28  5.0  0.000380172
28  5.5  0.000219726
28  7.5  3.4577e-05
28  6.0  0.000129588
28  6.5  8.23169e-05
28  7.0  5.25943e-05
28  8.5  1.56522e-05
28  8.0  2.32125e-05
28  9.5  7.72808e-06
28  9.0  1.09959e-05
28  10.5  3.96406e-06
30  0.2  0.428645
30  0.3  0.570712
28  10.0  5.53122e-06
30  0.4  0.632551
30  0.5  0.615955
30  0.6  0.546589
28  11.0  2.95927e-06
30  0.7  0.469594
30  0.8  0.388684
28  11.5  2.18973e-06
30  0.9  0.312693
30  1.0  0.254327
30  1.1  0.201668
30  1.2  0.161593
30  1.3  0.127597
30  1.4  0.101606
30  1.5  0.0800805
30  1.6  0.0650701
28  12.0  1.62448e-06
30  1.7  0.050831
30  1.9  0.0338788
30  1.8  0.0409533
30  2.0  0.0272875
30  2.5  0.0101904
30  3.0  0.00419419
30  3.5  0.00192384
30  4.0  0.000995061
30  4.5  0.000521055
30  6.0  0.000103773
30  5.0  0.000296999
30  5.5  0.000166224
30  7.5  2.6888e-05
30  6.5  6.43823e-05
30  7.0  4.13762e-05
30  8.0  1.81417e-05
30  8.5  1.23618e-05
30  10.0  4.3306e-06
30  9.0  8.52699e-06
30  9.5  6.03664e-06
30  10.5  3.19934e-06
32  0.2  0.380851
30  11.5  1.72946e-06
30  11.0  2.33079e-06
32  0.3  0.491989
32  0.4  0.519154
32  0.5  0.487181
32  0.6  0.421258
32  0.7  0.357428
32  0.8  0.294718
32  0.9  0.230498
32  1.1  0.14942
32  1.0  0.188229
32  1.2  0.11784
32  1.3  0.0920878
32  1.4  0.0721091
32  1.6  0.0469127
32  1.5  0.0574632
32  1.7  0.0363433
32  1.8  0.0293031
32  1.9  0.0239118
32  2.0  0.0193688
32  2.5  0.00743702
32  3.0  0.00297138
32  3.5  0.0014002
30  12.0  1.28392e-06
32  4.0  0.000691774
32  4.5  0.000382198
32  5.0  0.000207888
32  5.5  0.000120826
32  6.5  4.57352e-05
32  6.0  7.35182e-05
32  7.5  1.91411e-05
32  7.0  2.96013e-05
32  8.0  1.27991e-05
32  9.0  6.05569e-06
32  9.5  4.40142e-06
32  8.5  8.71079e-06
32  10.0  3.06088e-06
32  11.0  1.66254e-06
4  0.2  0.573029
4  0.3  0.802917
4  0.4  0.96147
4  0.5  1.00511
4  0.6  0.96546
4  0.7  0.882314
4  0.8  0.775086
4  0.9  0.649817
32  10.5  2.29448e-06
4  1.0  0.544701
4  1.1  0.446899
4  1.2  0.367802
4  1.4  0.237925
4  1.3  0.293628
32  11.5  1.20651e-06
4  1.6  0.153626
4  1.5  0.191884
4  1.7  0.124464
4  1.8  0.100437
4  2.0  0.066146
4  1.9  0.0819212
4  2.5  0.0257258
4  3.0  0.0109444
4  3.5  0.00506129
4  5.0  0.000756062
32  12.0  9.1462e-07
4  4.0  0.00254562
4  4.5  0.00135653
4  6.0  0.000265502
4  5.5  0.000440925
4  6.5  0.00016538
4  7.0  0.000104418
4  7.5  6.92641e-05
4  8.0  4.73205e-05
4  8.5  3.31502e-05
4  9.5  1.57721e-05
4  9.0  2.23339e-05
4  10.0  1.14771e-05
4  11.0  6.17796e-06
6  0.2  0.571856
4  10.5  8.18789e-06
6  0.3  0.81048
6  0.4  0.95266
6  0.5  0.9978
4  11.5  4.4012e-06
6  0.6  0.967203
6  0.7  0.883405
6  0.8  0.775775
6  0.9  0.651339
6  1.0  0.544221
6  1.1  0.449233
6  1.2  0.360896
6  1.3  0.293134
6  1.4  0.232033
4  12.0  3.40644e-06
6  1.5  0.188152
6  1.6  0.151698
6  1.7  0.122804
6  1.8  0.099728
6  1.9  0.0802566
6  2.0  0.0660913
6  2.5  0.0253867
6  3.0  0.0108346
6  3.5  0.00497854
6  5.0  0.000748288
6  4.0  0.0024947
6  4.5  0.00133585
6  6.0  0.000265735
6  5.5  0.000442422
6  6.5  0.000166525
6  7.0  0.000105701
6  8.0  4.68596e-05
6  7.5  6.97359e-05
6  8.5  3.19455e-05
6  9.5  1.55932e-05
6  9.0  2.23346e-05
6  10.0  1.11189e-05
6  11.0  5.96534e-06
8  0.2  0.571341
8  0.3  0.804048
6  10.5  8.33206e-06
8  0.4  0.945175
8  0.5  0.99102
8  0.6  0.970304
8  0.7  0.865822
8  0.8  0.762145
8  0.9  0.642475
8  1.0  0.540192
8  1.1  0.440325
8  1.2  0.355736
8  1.3  0.285049
8  1.4  0.231659
8  1.6  0.151306
8  1.5  0.184921
8  1.7  0.121463
8  1.8  0.0983792
8  1.9  0.0800921
8  2.0  0.0653572
8  2.5  0.0253127
8  3.0  0.0110152
8  3.5  0.00497383
6  12.0  3.3625e-06
6  11.5  4.51123e-06
8  4.5  0.00131642
8  5.0  0.000740866
8  4.0  0.00245606
8  6.0  0.000265607
8  6.5  0.000161163
8  5.5  0.000440517
8  7.5  6.89241e-05
8  7.0  0.000104453
8  8.0  4.59108e-05
8  8.5  3.14819e-05
8  9.0  2.19191e-05
8  9.5  1.54978e-05
8  10.0  1.13665e-05
8  10.5  8.07379e-06
8  11.0  5.94893e-06
8  11.5  4.28601e-06
8  12.0  3.22063e-06
