# diffractive D0 cross section, Pb target, HymnD fragmentation, An0n channel
# generated      : 2026-08-20 10:20:15 EEST
# calls          : 1e5 (VEGAS calls per point, see CALLS_EXCL/CALLS_EXCL_FACTORIZED/CALLS_DIFF)
# dipole samples : data/Pb/mve/glauber_mve_<b>
# pD0 sweep      : 0.2 0.3 0.4 0.5 0.6 0.7 0.8 0.9 1.0 1.1 1.2 1.3 1.4 1.5 1.6 1.7 1.8 1.9 2.0 2.5 3.0 3.5 4.0 4.5 5.0 5.5 6.0 6.5 7.0 7.5 8.0 8.5 9.0 9.5 10.0 10.5 11.0 11.5 12.0
# fixed rapidity y : 1.0
# ============================================================
# b  pD0  dsigma_dyd2pD0
0  0.3  0.645926
0  0.4  0.823918
0  0.5  0.905623
0  0.2  0.43292
0  0.6  0.908503
0  0.7  0.848756
0  0.8  0.7496
0  0.9  0.643416
0  1.0  0.538298
0  1.1  0.440293
0  1.2  0.363662
0  1.3  0.2902
0  1.5  0.189152
0  1.4  0.234355
0  1.7  0.127316
0  1.6  0.153303
0  1.8  0.100394
0  2.0  0.0657998
0  1.9  0.0813205
0  3.0  0.0109979
0  2.5  0.0258259
0  3.5  0.00502819
0  5.5  0.000439701
0  4.0  0.00262039
0  4.5  0.00135297
0  5.0  0.000746292
0  6.0  0.000272259
0  6.5  0.000168
0  7.0  0.000108433
0  8.5  3.24024e-05
0  8.0  4.74221e-05
0  7.5  7.12983e-05
0  9.0  2.30886e-05
0  10.0  1.13042e-05
0  9.5  1.63124e-05
0  10.5  8.20444e-06
10  0.2  0.43483
0  11.0  5.98253e-06
10  0.3  0.638494
10  0.4  0.803587
10  0.5  0.884585
10  0.6  0.88226
0  11.5  4.5552e-06
10  0.8  0.726326
10  0.7  0.824956
10  0.9  0.628428
10  1.0  0.520619
10  1.1  0.426086
10  1.2  0.34633
10  1.3  0.279987
10  1.4  0.227429
10  1.6  0.148628
10  1.7  0.117753
10  1.5  0.182388
10  1.8  0.0963756
10  1.9  0.0786853
10  2.0  0.0629064
10  3.0  0.0106188
10  2.5  0.0245041
10  3.5  0.0048386
0  12.0  3.42539e-06
10  4.5  0.00127541
10  4.0  0.00244205
10  5.0  0.000709419
10  5.5  0.000411698
10  6.0  0.000247975
10  7.0  0.000101332
10  6.5  0.000160671
10  8.0  4.42658e-05
10  8.5  3.07926e-05
10  7.5  6.85243e-05
10  9.0  2.15276e-05
10  9.5  1.48977e-05
10  10.0  1.09324e-05
10  10.5  7.81909e-06
12  0.2  0.425564
12  0.3  0.635777
10  11.0  5.84062e-06
12  0.4  0.796226
12  0.5  0.875707
10  11.5  4.37706e-06
12  0.6  0.868548
12  0.7  0.806896
12  0.8  0.715084
12  0.9  0.610852
12  1.0  0.511579
10  12.0  3.17531e-06
12  1.1  0.420163
12  1.3  0.274138
12  1.2  0.337746
12  1.4  0.224624
12  1.5  0.177775
12  1.6  0.143498
12  1.7  0.115892
12  1.9  0.0757958
12  1.8  0.0941567
12  2.0  0.0625718
12  3.5  0.0046926
12  2.5  0.0239503
12  3.0  0.0101608
12  4.0  0.00234645
12  4.5  0.00127503
12  5.0  0.000713569
12  5.5  0.000420936
12  6.0  0.000241314
12  7.0  0.000100518
12  6.5  0.000154497
12  8.0  4.28256e-05
12  7.5  6.45803e-05
12  8.5  3.03193e-05
12  10.0  1.05529e-05
12  9.0  2.11132e-05
12  9.5  1.52598e-05
12  10.5  7.66782e-06
14  0.2  0.423171
14  0.3  0.628093
14  0.4  0.78691
12  11.0  5.75886e-06
14  0.5  0.86302
14  0.6  0.858904
14  0.7  0.797671
12  11.5  4.24986e-06
14  0.8  0.702994
14  0.9  0.598937
14  1.0  0.501094
14  1.2  0.335183
14  1.1  0.407396
14  1.3  0.267561
12  12.0  3.15951e-06
14  1.4  0.214081
14  1.5  0.174336
14  1.6  0.140048
14  1.7  0.111932
14  1.8  0.0921509
14  1.9  0.0737709
14  2.0  0.0602421
14  2.5  0.0231928
14  3.0  0.0100389
14  3.5  0.00454042
14  4.0  0.00226098
14  4.5  0.00121324
14  5.0  0.000662732
14  6.0  0.000248005
14  5.5  0.000408308
14  6.5  0.000149386
14  7.5  6.34275e-05
14  7.0  9.66382e-05
14  8.5  2.91873e-05
14  8.0  4.28324e-05
14  9.0  2.05802e-05
14  10.0  1.01805e-05
14  9.5  1.42948e-05
14  11.0  5.41526e-06
14  10.5  7.4299e-06
16  0.2  0.42686
16  0.3  0.628909
16  0.4  0.77765
16  0.5  0.862588
16  0.6  0.845373
16  0.7  0.792469
16  0.8  0.687308
16  0.9  0.582111
16  1.0  0.487558
16  1.1  0.397566
14  11.5  4.01844e-06
16  1.2  0.320519
16  1.3  0.261317
16  1.4  0.209553
16  1.5  0.169406
16  1.6  0.135063
16  1.7  0.109219
16  1.8  0.0873974
16  2.0  0.0581986
16  1.9  0.0712607
16  2.5  0.0225005
16  3.0  0.00947531
16  3.5  0.00435733
14  12.0  3.0848e-06
16  4.0  0.00219687
16  4.5  0.00117362
16  5.0  0.00066902
16  5.5  0.000374418
16  6.0  0.000229914
16  7.5  6.1657e-05
16  6.5  0.000145858
16  7.0  9.28725e-05
16  8.5  2.80042e-05
16  8.0  4.12612e-05
16  9.0  1.88677e-05
16  9.5  1.37821e-05
16  10.5  7.16854e-06
16  11.0  5.24028e-06
16  10.0  9.78357e-06
18  0.2  0.418859
18  0.3  0.619469
18  0.4  0.774382
18  0.5  0.836801
18  0.6  0.834515
18  0.7  0.765531
18  0.8  0.664753
18  0.9  0.564044
18  1.0  0.46933
18  1.1  0.38159
18  1.2  0.308313
18  1.3  0.248015
18  1.4  0.200136
18  1.5  0.161427
18  1.6  0.129243
18  1.7  0.104027
18  1.8  0.0847044
18  1.9  0.0682125
18  2.0  0.056033
18  2.5  0.0216887
18  3.0  0.00921189
16  11.5  3.87382e-06
18  3.5  0.00409942
16  12.0  2.90878e-06
18  5.0  0.000631495
18  4.0  0.00212188
18  4.5  0.00113193
18  5.5  0.000363923
18  6.0  0.000221301
18  6.5  0.000139386
18  7.0  8.94199e-05
18  7.5  5.88248e-05
18  8.0  3.90311e-05
18  9.0  1.88292e-05
18  8.5  2.64854e-05
18  10.0  9.37052e-06
18  9.5  1.35857e-05
18  11.0  5.00362e-06
2  0.2  0.434379
18  10.5  6.78773e-06
2  0.3  0.649133
2  0.4  0.820503
2  0.5  0.914105
2  0.6  0.900355
2  0.7  0.848031
2  0.8  0.750009
2  0.9  0.639787
2  1.0  0.536629
2  1.1  0.442559
2  1.2  0.360473
18  11.5  3.72038e-06
2  1.3  0.291304
2  1.4  0.234688
2  1.5  0.189593
2  1.7  0.12374
2  1.6  0.152114
2  1.8  0.101859
2  1.9  0.0825244
2  2.0  0.066553
2  2.5  0.0259158
18  12.0  2.74967e-06
2  3.0  0.0109757
2  3.5  0.00502604
2  5.5  0.000448766
2  4.0  0.0025674
2  4.5  0.00136405
2  5.0  0.000769708
2  6.0  0.000272818
2  7.5  6.90044e-05
2  6.5  0.000167659
2  7.0  0.000108487
2  8.5  3.25529e-05
2  8.0  4.7294e-05
2  9.0  2.23916e-05
2  10.0  1.14897e-05
2  9.5  1.63565e-05
2  10.5  8.19423e-06
20  0.2  0.411459
20  0.3  0.609682
2  11.0  6.2136e-06
20  0.4  0.763473
20  0.5  0.834916
20  0.6  0.805168
20  0.7  0.741006
20  0.8  0.641353
20  0.9  0.549837
2  11.5  4.43269e-06
20  1.0  0.450833
20  1.1  0.360284
20  1.2  0.295102
20  1.4  0.189635
20  1.3  0.238577
20  1.5  0.152423
20  1.6  0.123908
20  1.7  0.0988438
20  1.8  0.0797506
20  1.9  0.0653422
20  2.0  0.0531598
20  3.0  0.00875029
20  2.5  0.0203751
20  3.5  0.00392262
2  12.0  3.22235e-06
20  5.0  0.000594955
20  4.0  0.00202443
20  4.5  0.00107899
20  5.5  0.000354818
20  6.0  0.000211452
20  6.5  0.000131675
20  7.0  8.3078e-05
20  8.0  3.75257e-05
20  7.5  5.56064e-05
20  8.5  2.50128e-05
20  9.0  1.76783e-05
20  10.5  6.46663e-06
20  9.5  1.25066e-05
20  10.0  8.80915e-06
20  11.0  4.74198e-06
22  0.2  0.403666
22  0.3  0.596806
22  0.4  0.735116
22  0.5  0.790258
22  0.6  0.780432
22  0.7  0.701739
22  0.8  0.610147
22  0.9  0.514307
22  1.0  0.427095
22  1.1  0.346271
20  11.5  3.55161e-06
22  1.2  0.278282
22  1.3  0.225858
22  1.4  0.178013
22  1.5  0.143186
22  1.6  0.114579
22  1.7  0.0924615
22  1.9  0.0608683
22  1.8  0.0745603
22  2.0  0.04984
20  12.0  2.6581e-06
22  2.5  0.0189363
22  3.5  0.00372551
22  3.0  0.00797316
22  4.0  0.00184234
22  5.0  0.000563738
22  4.5  0.000998124
22  6.0  0.000195986
22  5.5  0.00032897
22  6.5  0.000122455
22  7.0  7.87362e-05
22  7.5  5.04337e-05
22  8.0  3.45497e-05
22  8.5  2.36797e-05
22  9.5  1.17465e-05
22  10.0  8.24956e-06
22  9.0  1.63294e-05
22  11.0  4.37494e-06
22  10.5  5.97824e-06
24  0.2  0.398986
24  0.3  0.585502
24  0.4  0.710863
24  0.5  0.755364
24  0.6  0.737485
24  0.7  0.65926
24  0.8  0.569379
24  0.9  0.482757
22  11.5  3.33544e-06
24  1.0  0.395641
24  1.1  0.325437
24  1.2  0.256859
24  1.3  0.205517
24  1.4  0.167185
24  1.5  0.133489
24  1.6  0.106348
24  1.7  0.0855976
24  1.9  0.0552956
24  1.8  0.0691403
24  2.0  0.0451901
24  2.5  0.0173259
24  3.0  0.00733695
24  3.5  0.00343178
22  12.0  2.40059e-06
24  4.0  0.00169394
24  4.5  0.000882298
24  5.5  0.000299206
24  5.0  0.000511818
24  6.5  0.000111761
24  7.0  7.22446e-05
24  6.0  0.000181022
24  7.5  4.62656e-05
24  8.0  3.16857e-05
24  8.5  2.12818e-05
24  9.0  1.47478e-05
24  9.5  1.04907e-05
24  10.0  7.5066e-06
26  0.2  0.382696
24  10.5  5.41279e-06
24  11.5  2.99015e-06
26  0.3  0.560837
26  0.4  0.679935
26  0.5  0.71456
26  0.7  0.609655
26  0.6  0.681442
24  11.0  4.0833e-06
26  0.8  0.524883
26  0.9  0.435471
26  1.0  0.360581
26  1.1  0.290414
26  1.2  0.23207
26  1.3  0.184833
26  1.5  0.116396
26  1.4  0.146203
26  1.6  0.0957146
26  1.7  0.075344
26  1.8  0.0599701
26  1.9  0.0497871
26  2.0  0.0407868
26  2.5  0.0152159
26  3.0  0.00643286
24  12.0  2.19632e-06
26  3.5  0.00300314
26  4.5  0.000797603
26  4.0  0.00152187
26  5.0  0.000446131
26  6.0  0.000153527
26  5.5  0.000253577
26  7.5  4.14387e-05
26  6.5  9.88678e-05
26  7.0  6.31036e-05
26  8.0  2.78964e-05
26  8.5  1.88967e-05
26  10.0  6.55708e-06
26  9.0  1.3052e-05
26  9.5  9.21495e-06
28  0.2  0.36832
28  0.3  0.522822
28  0.4  0.620659
28  0.5  0.650961
26  11.0  3.5037e-06
28  0.6  0.61559
26  10.5  4.75456e-06
28  0.8  0.458177
28  0.7  0.540982
28  1.0  0.308896
28  0.9  0.377056
28  1.1  0.246012
28  1.2  0.199171
26  11.5  2.58378e-06
28  1.3  0.156767
28  1.4  0.1246
28  1.5  0.0992245
28  1.6  0.0795077
28  1.7  0.0643884
26  12.0  1.94144e-06
28  1.8  0.0510697
28  1.9  0.0417678
28  2.0  0.0340242
28  2.5  0.0129056
28  3.0  0.0053693
28  3.5  0.00249086
28  5.0  0.000376173
28  4.0  0.00128195
28  4.5  0.000663314
28  5.5  0.000216762
28  6.5  8.33777e-05
28  6.0  0.000127021
28  7.0  5.29114e-05
28  7.5  3.44558e-05
28  8.5  1.57909e-05
28  8.0  2.31087e-05
28  10.0  5.53539e-06
28  9.0  1.10214e-05
28  9.5  7.76196e-06
28  10.5  4.01861e-06
30  0.2  0.339083
30  0.3  0.48648
30  0.4  0.560121
30  0.5  0.564043
30  0.6  0.519943
30  0.7  0.451762
28  11.0  2.93457e-06
30  0.8  0.381598
30  0.9  0.313795
28  11.5  2.19327e-06
30  1.0  0.247728
30  1.1  0.197953
30  1.2  0.157998
30  1.3  0.124979
30  1.4  0.0997172
30  1.6  0.0633534
30  1.5  0.0787892
30  1.7  0.0502342
30  1.8  0.0403581
30  1.9  0.0324219
30  2.0  0.0262296
30  2.5  0.0101539
30  3.0  0.00428634
30  3.5  0.00196018
28  12.0  1.63358e-06
30  5.5  0.000166788
30  5.0  0.000293307
30  4.0  0.000993413
30  4.5  0.000509075
30  6.0  0.000103068
30  6.5  6.44913e-05
30  7.5  2.70481e-05
30  7.0  4.08387e-05
30  8.0  1.80401e-05
30  8.5  1.22634e-05
30  9.0  8.56332e-06
30  9.5  6.03194e-06
30  10.0  4.30098e-06
30  11.0  2.32339e-06
32  0.2  0.299855
30  10.5  3.13607e-06
32  0.3  0.415703
32  0.4  0.46404
30  11.5  1.7195e-06
32  0.5  0.450723
32  0.6  0.407553
32  0.7  0.340903
32  0.8  0.282809
32  1.0  0.184668
32  0.9  0.228628
32  1.1  0.14632
32  1.2  0.113412
32  1.3  0.0919555
32  1.4  0.0721332
32  1.5  0.0589893
32  1.6  0.0448549
32  1.7  0.0360843
32  1.8  0.0289667
32  1.9  0.0234207
32  2.0  0.0192875
32  3.0  0.00303519
32  2.5  0.0072866
32  3.5  0.00142805
30  12.0  1.26736e-06
32  4.5  0.00036853
32  4.0  0.000689477
32  5.0  0.000209773
32  5.5  0.000122844
32  6.5  4.63795e-05
32  6.0  7.10607e-05
32  7.5  1.90041e-05
32  7.0  2.89784e-05
32  8.5  8.84712e-06
32  8.0  1.27113e-05
32  9.0  6.02913e-06
32  9.5  4.25004e-06
32  10.5  2.27804e-06
32  10.0  3.16517e-06
4  0.2  0.433579
4  0.3  0.646897
4  0.4  0.811599
4  0.5  0.913829
4  0.6  0.899619
4  0.7  0.847613
32  11.0  1.64817e-06
4  0.8  0.74339
4  0.9  0.63868
4  1.0  0.537222
4  1.1  0.447745
4  1.2  0.354381
4  1.3  0.291785
4  1.4  0.23311
4  1.5  0.189033
32  11.5  1.2122e-06
4  1.6  0.151865
4  1.7  0.123179
4  1.9  0.0809911
4  1.8  0.0997603
4  2.5  0.0255116
4  2.0  0.0655644
4  3.0  0.0108707
4  3.5  0.00506914
32  12.0  9.22901e-07
4  4.0  0.00246613
4  4.5  0.0013311
4  5.0  0.000755864
4  6.0  0.000269658
4  5.5  0.000441079
4  7.5  7.00479e-05
4  7.0  0.000105899
4  6.5  0.000168636
4  8.0  4.71305e-05
4  9.0  2.2536e-05
4  8.5  3.21713e-05
4  10.0  1.15394e-05
4  9.5  1.56501e-05
4  10.5  8.41457e-06
6  0.2  0.439614
6  0.3  0.644881
6  0.4  0.818887
6  0.5  0.901212
6  0.6  0.896124
4  11.0  5.99575e-06
6  0.7  0.836117
6  0.8  0.738191
4  11.5  4.47743e-06
6  0.9  0.632065
6  1.0  0.530802
6  1.1  0.435828
6  1.3  0.290469
6  1.2  0.350373
6  1.4  0.232156
6  1.5  0.186429
6  1.6  0.152063
6  1.8  0.0988967
6  1.7  0.121334
6  1.9  0.0806112
6  2.0  0.0648459
6  2.5  0.0252703
6  3.0  0.010904
6  3.5  0.00501922
4  12.0  3.39124e-06
6  4.0  0.00246214
6  4.5  0.00133888
6  5.0  0.000747858
6  5.5  0.000433261
6  6.0  0.000252954
6  7.5  7.05531e-05
6  6.5  0.000164566
6  7.0  0.000103695
6  8.0  4.58671e-05
6  8.5  3.19224e-05
6  9.0  2.18019e-05
6  10.0  1.11411e-05
6  9.5  1.56242e-05
6  10.5  8.11125e-06
8  0.2  0.438143
8  0.3  0.644238
8  0.4  0.804121
8  0.5  0.887933
8  0.6  0.89142
8  0.7  0.831145
8  0.8  0.736899
6  11.5  4.50776e-06
6  11.0  6.07067e-06
8  0.9  0.630021
8  1.0  0.52532
8  1.2  0.357969
8  1.1  0.432037
8  1.3  0.283804
8  1.4  0.227866
8  1.6  0.148562
8  1.5  0.187195
8  1.7  0.120476
8  1.8  0.0984452
8  1.9  0.0789009
8  2.0  0.0653027
8  2.5  0.0250786
8  3.0  0.0106888
8  3.5  0.00490235
6  12.0  3.26061e-06
8  4.0  0.00246274
8  4.5  0.00129954
8  5.0  0.00073872
8  6.0  0.00025861
8  5.5  0.000429271
8  6.5  0.000161804
8  7.0  0.000102932
8  8.5  3.14085e-05
8  7.5  6.76334e-05
8  8.0  4.61408e-05
8  9.0  2.19193e-05
8  10.0  1.13152e-05
8  9.5  1.57912e-05
8  10.5  7.85683e-06
8  11.0  6.02941e-06
8  11.5  4.35981e-06
8  12.0  3.20425e-06
