# diffractive D0 cross section, Pb target, HymnD fragmentation, An0n channel
# generated      : 2026-08-20 10:20:12 EEST
# calls          : 1e5 (VEGAS calls per point, see CALLS_EXCL/CALLS_EXCL_FACTORIZED/CALLS_DIFF)
# dipole samples : data/Pb/mve/glauber_mve_<b>
# pD0 sweep      : 0.2 0.3 0.4 0.5 0.6 0.7 0.8 0.9 1.0 1.1 1.2 1.3 1.4 1.5 1.6 1.7 1.8 1.9 2.0 2.5 3.0 3.5 4.0 4.5 5.0 5.5 6.0 6.5 7.0 7.5 8.0 8.5 9.0 9.5 10.0 10.5 11.0 11.5 12.0
# fixed rapidity y : 1.0
# ============================================================
# b  pD0  dsigma_dyd2pD0
0  0.5  0.857084
0  0.2  0.409915
0  0.3  0.599223
0  0.4  0.772014
0  0.6  0.864916
0  0.8  0.744743
0  0.7  0.820766
0  0.9  0.634257
0  1.0  0.531478
0  1.2  0.363675
0  1.1  0.442106
0  1.4  0.238696
0  1.3  0.293719
0  1.7  0.126012
0  1.5  0.193681
0  1.6  0.156606
0  1.8  0.103504
0  3.0  0.0116599
0  2.0  0.0693099
0  1.9  0.0836694
0  2.5  0.0269539
0  3.5  0.00529243
0  4.5  0.0014038
0  5.5  0.000472899
0  4.0  0.00269353
0  5.0  0.000795344
0  6.0  0.000286893
0  7.0  0.000114173
0  7.5  7.56431e-05
0  6.5  0.000174696
0  8.0  5.02462e-05
0  8.5  3.45965e-05
0  9.0  2.42602e-05
0  9.5  1.72535e-05
0  10.5  8.81745e-06
0  10.0  1.22025e-05
0  11.0  6.4943e-06
10  0.2  0.400483
10  0.3  0.59053
10  0.4  0.757178
10  0.5  0.836534
10  0.6  0.844687
10  0.7  0.795292
10  0.8  0.706055
0  11.5  4.95398e-06
10  0.9  0.613723
10  1.0  0.516607
10  1.1  0.425126
10  1.2  0.348463
10  1.4  0.229362
10  1.3  0.283151
10  1.5  0.186026
10  1.6  0.150704
10  1.7  0.122074
10  1.8  0.0982089
10  2.0  0.066042
10  1.9  0.0803099
10  2.5  0.0254215
10  3.0  0.0111623
10  3.5  0.00506775
0  12.0  3.66663e-06
10  5.0  0.000754219
10  4.0  0.00251753
10  4.5  0.00135484
10  6.0  0.000255441
10  5.5  0.000435245
10  6.5  0.000170083
10  7.5  7.1977e-05
10  7.0  0.000111465
10  9.5  1.63769e-05
10  8.0  4.83911e-05
10  8.5  3.30677e-05
10  9.0  2.29744e-05
10  10.5  8.42885e-06
10  10.0  1.1954e-05
10  11.0  6.16148e-06
12  0.2  0.397837
12  0.3  0.591658
12  0.4  0.743765
12  0.5  0.836168
10  11.5  4.58642e-06
12  0.6  0.853786
12  0.7  0.78818
12  0.8  0.701563
12  0.9  0.604577
12  1.0  0.513365
12  1.1  0.418023
12  1.2  0.342438
12  1.3  0.27681
12  1.4  0.226942
12  1.5  0.181934
12  1.6  0.146657
12  1.7  0.120262
12  1.8  0.0972023
10  12.0  3.46151e-06
12  1.9  0.0785844
12  2.0  0.0645464
12  3.0  0.0108542
12  3.5  0.0050231
12  2.5  0.0250342
12  5.0  0.00075073
12  4.0  0.00250611
12  4.5  0.00133343
12  5.5  0.000441743
12  6.5  0.000166665
12  6.0  0.000262041
12  7.0  0.000104848
12  7.5  7.03241e-05
12  8.0  4.71908e-05
12  8.5  3.20124e-05
12  9.0  2.2406e-05
12  9.5  1.58157e-05
12  10.5  8.22284e-06
12  10.0  1.13188e-05
14  0.2  0.395864
12  11.0  6.17555e-06
14  0.3  0.58366
14  0.4  0.747584
14  0.5  0.828072
14  0.6  0.826749
12  11.5  4.43777e-06
14  0.7  0.773719
14  0.8  0.682785
14  0.9  0.594527
14  1.0  0.497022
14  1.1  0.405698
14  1.3  0.270235
14  1.2  0.33368
14  1.4  0.221043
14  1.5  0.178707
14  1.6  0.142522
14  1.7  0.114294
14  1.8  0.0962312
14  1.9  0.0765765
14  2.0  0.0622814
14  2.5  0.0244581
14  3.0  0.0104999
14  3.5  0.00477249
12  12.0  3.32591e-06
14  5.0  0.000716096
14  4.0  0.0024098
14  4.5  0.00129932
14  6.5  0.0001584
14  6.0  0.000256057
14  5.5  0.000427265
14  7.0  0.00010263
14  7.5  6.83787e-05
14  8.0  4.62766e-05
14  8.5  3.10075e-05
14  9.5  1.56312e-05
14  9.0  2.21506e-05
14  10.5  8.21854e-06
14  10.0  1.06997e-05
14  11.0  5.81342e-06
16  0.2  0.399232
16  0.3  0.586086
16  0.4  0.731368
16  0.5  0.815997
14  11.5  4.31117e-06
16  0.6  0.813833
16  0.7  0.754719
16  0.8  0.679303
16  0.9  0.578902
16  1.0  0.486823
16  1.1  0.398026
16  1.3  0.266107
16  1.2  0.324525
16  1.4  0.211969
16  1.5  0.172174
16  1.7  0.112799
16  1.6  0.139291
16  1.8  0.0914184
16  1.9  0.0740217
16  2.5  0.0234374
16  2.0  0.0600874
16  3.0  0.0101259
16  3.5  0.00466902
16  5.0  0.000692892
14  12.0  3.31342e-06
16  4.0  0.00236424
16  4.5  0.00125726
16  6.0  0.000249039
16  5.5  0.000398849
16  7.0  9.98391e-05
16  6.5  0.000156316
16  7.5  6.56256e-05
16  8.0  4.38031e-05
16  8.5  3.02083e-05
16  9.0  2.08309e-05
16  9.5  1.47384e-05
16  10.5  7.70003e-06
16  10.0  1.0799e-05
18  0.2  0.392991
16  11.0  5.65185e-06
18  0.3  0.576293
18  0.4  0.716625
18  0.5  0.794241
18  0.6  0.792654
18  0.7  0.744321
18  0.8  0.657131
18  0.9  0.55994
18  1.0  0.465713
18  1.1  0.38645
18  1.2  0.312993
16  11.5  4.29076e-06
18  1.3  0.25171
18  1.4  0.204553
18  1.5  0.163211
18  1.6  0.133091
18  1.7  0.108502
18  1.8  0.0865729
18  1.9  0.071145
18  2.0  0.0576265
18  3.0  0.009463
18  2.5  0.0224262
18  3.5  0.00442538
16  12.0  3.11681e-06
18  4.0  0.00228167
18  4.5  0.00118059
18  5.0  0.000677762
18  5.5  0.000397531
18  6.5  0.000144484
18  7.5  6.32153e-05
18  6.0  0.000238315
18  7.0  9.50512e-05
18  8.0  4.21583e-05
18  8.5  2.87088e-05
18  9.0  2.00766e-05
18  9.5  1.433e-05
18  11.0  5.36059e-06
18  10.0  1.02625e-05
18  10.5  7.30785e-06
2  0.2  0.407677
2  0.3  0.602376
2  0.4  0.764764
2  0.5  0.847341
2  0.6  0.863977
2  0.7  0.828548
2  0.8  0.732527
2  0.9  0.633182
18  11.5  4.09497e-06
2  1.0  0.532402
2  1.1  0.441945
2  1.2  0.362556
2  1.3  0.295029
2  1.4  0.239149
2  1.5  0.194898
2  1.6  0.156946
2  1.7  0.126963
2  1.8  0.102225
2  1.9  0.0846157
2  2.0  0.0685779
2  2.5  0.0262153
2  3.0  0.0115121
2  3.5  0.00533457
18  12.0  2.9806e-06
2  4.5  0.00143369
2  5.5  0.000475399
2  4.0  0.00263662
2  5.0  0.000818481
2  6.5  0.000178362
2  6.0  0.000284198
2  7.0  0.000113534
2  7.5  7.55658e-05
2  8.0  5.0799e-05
2  8.5  3.47125e-05
2  9.0  2.39997e-05
2  9.5  1.69931e-05
2  10.5  8.83143e-06
2  10.0  1.16999e-05
2  11.0  6.51903e-06
20  0.2  0.387858
20  0.3  0.567088
20  0.4  0.712853
20  0.5  0.773015
20  0.6  0.774499
20  0.7  0.719419
2  11.5  4.79022e-06
20  0.8  0.633868
20  0.9  0.53911
20  1.0  0.448846
20  1.1  0.367182
20  1.3  0.242817
20  1.2  0.298377
20  1.5  0.159322
20  1.4  0.195096
20  1.6  0.125361
20  1.8  0.0830047
20  1.7  0.102139
20  1.9  0.066971
20  2.0  0.0547448
20  3.0  0.00904438
20  2.5  0.021227
20  3.5  0.00414766
2  12.0  3.67613e-06
20  4.0  0.00211011
20  5.5  0.000370981
20  5.0  0.000609981
20  4.5  0.00114033
20  6.0  0.000226081
20  6.5  0.000140691
20  7.5  5.96827e-05
20  7.0  9.08027e-05
20  8.0  4.07112e-05
20  8.5  2.72909e-05
20  9.0  1.89817e-05
20  10.0  9.50343e-06
20  9.5  1.36559e-05
20  10.5  6.90446e-06
22  0.2  0.382562
22  0.3  0.557035
22  0.4  0.700976
22  0.5  0.755196
22  0.6  0.743334
22  0.7  0.682292
20  11.0  5.10978e-06
22  0.8  0.597419
22  0.9  0.507307
22  1.0  0.427763
20  11.5  3.7553e-06
22  1.1  0.342107
22  1.2  0.279889
22  1.3  0.228151
22  1.4  0.185338
22  1.5  0.147273
22  1.6  0.117349
22  1.7  0.0956109
22  1.8  0.0762398
22  1.9  0.0632858
22  2.0  0.0512775
22  2.5  0.019619
22  3.5  0.00393954
22  3.0  0.00835226
20  12.0  2.80357e-06
22  5.5  0.000348169
22  5.0  0.000589416
22  4.0  0.00196763
22  4.5  0.00102193
22  6.0  0.000209161
22  6.5  0.000127728
22  7.0  8.17717e-05
22  7.5  5.54559e-05
22  8.5  2.54211e-05
22  8.0  3.72444e-05
22  9.5  1.27021e-05
22  9.0  1.77545e-05
22  10.5  6.43799e-06
22  10.0  8.95872e-06
22  11.0  4.71971e-06
24  0.2  0.368957
24  0.3  0.53762
24  0.4  0.665813
24  0.5  0.724475
24  0.6  0.708283
24  0.7  0.64968
24  0.8  0.563039
22  11.5  3.46104e-06
24  0.9  0.475467
24  1.0  0.395857
24  1.1  0.320666
24  1.2  0.260029
24  1.3  0.210812
24  1.4  0.167463
24  1.5  0.134031
24  1.6  0.108706
24  1.7  0.0877237
24  1.8  0.0720836
24  1.9  0.0581564
24  2.0  0.0466519
24  2.5  0.0180638
24  3.0  0.00756338
24  3.5  0.0035521
22  12.0  2.59462e-06
24  5.0  0.000545507
24  5.5  0.000316002
24  4.0  0.00179744
24  4.5  0.000949975
24  6.0  0.000188935
24  7.5  5.01079e-05
24  6.5  0.000116501
24  7.0  7.62303e-05
24  9.0  1.58959e-05
24  8.0  3.38842e-05
24  8.5  2.28537e-05
24  9.5  1.11457e-05
24  10.0  8.00003e-06
24  10.5  5.84319e-06
24  11.0  4.28097e-06
26  0.2  0.357109
24  12.0  2.38379e-06
26  0.3  0.520506
26  0.4  0.644597
26  0.5  0.680327
26  0.6  0.663636
26  0.7  0.587578
26  0.8  0.508928
24  11.5  3.16685e-06
26  0.9  0.433455
26  1.0  0.358638
26  1.1  0.288458
26  1.2  0.232989
26  1.3  0.187158
26  1.4  0.148654
26  1.5  0.120169
26  1.6  0.0967408
26  1.7  0.077176
26  1.9  0.0512561
26  1.8  0.0630256
26  2.5  0.0157698
26  2.0  0.0417705
26  3.0  0.00675559
26  3.5  0.00315436
26  4.0  0.00158712
26  4.5  0.000849528
26  5.0  0.00048015
26  5.5  0.000276777
26  7.0  6.69897e-05
26  6.0  0.000167388
26  7.5  4.37317e-05
26  8.0  2.96906e-05
26  6.5  0.000104874
26  8.5  2.00587e-05
26  9.0  1.40183e-05
26  9.5  9.88491e-06
26  10.0  7.11012e-06
26  10.5  5.12891e-06
28  0.2  0.338338
28  0.3  0.487174
26  11.0  3.76654e-06
28  0.4  0.600602
28  0.5  0.618904
28  0.6  0.591211
28  0.7  0.526789
28  0.8  0.453132
28  0.9  0.375438
26  11.5  2.8505e-06
28  1.0  0.302017
28  1.1  0.24635
28  1.3  0.159032
28  1.2  0.199187
28  1.4  0.126699
28  1.5  0.100928
26  12.0  2.08403e-06
28  1.6  0.0820025
28  1.7  0.0664261
28  1.8  0.0529888
28  1.9  0.0429835
28  2.0  0.0351012
28  2.5  0.0132407
28  3.0  0.00572475
28  3.5  0.00263417
28  4.0  0.00133749
28  4.5  0.000710469
28  5.0  0.00039689
28  6.0  0.000139097
28  5.5  0.000231292
28  7.5  3.67822e-05
28  6.5  8.83083e-05
28  7.0  5.60338e-05
28  8.0  2.47052e-05
28  8.5  1.68197e-05
28  10.0  5.92779e-06
28  9.0  1.17405e-05
28  9.5  8.22577e-06
28  10.5  4.28578e-06
28  11.5  2.38606e-06
30  0.2  0.316771
30  0.3  0.446
30  0.4  0.527153
28  11.0  3.21025e-06
30  0.5  0.539895
30  0.6  0.50498
30  0.7  0.444735
30  0.8  0.369293
30  0.9  0.303647
30  1.0  0.248446
30  1.1  0.199342
30  1.2  0.162836
30  1.3  0.128056
30  1.4  0.100753
30  1.5  0.0820027
30  1.6  0.0651904
30  1.7  0.0525503
30  1.8  0.0417997
28  12.0  1.79166e-06
30  1.9  0.0337692
30  2.0  0.0273295
30  2.5  0.010518
30  3.5  0.00207293
30  3.0  0.00444248
30  4.5  0.000552484
30  5.0  0.000311121
30  4.0  0.00100722
30  5.5  0.000175464
30  7.0  4.2275e-05
30  6.0  0.000110214
30  7.5  2.86416e-05
30  6.5  6.85215e-05
30  8.5  1.29749e-05
30  8.0  1.92079e-05
30  9.0  9.34849e-06
30  9.5  6.47407e-06
30  10.0  4.58455e-06
30  11.0  2.4781e-06
32  0.2  0.283568
32  0.3  0.392785
32  0.4  0.443491
32  0.5  0.437438
30  10.5  3.39927e-06
32  0.6  0.386992
32  0.7  0.338707
32  0.8  0.281199
32  0.9  0.228346
32  1.1  0.148544
32  1.0  0.184931
32  1.2  0.117204
32  1.3  0.0929224
32  1.5  0.0590855
32  1.4  0.0737339
32  1.6  0.046327
32  1.7  0.0378675
30  12.0  1.38316e-06
32  1.8  0.0300319
32  1.9  0.0246988
32  2.0  0.0200008
32  2.5  0.0076966
30  11.5  1.86694e-06
32  3.5  0.00150244
32  3.0  0.00323414
32  5.0  0.000224156
32  4.0  0.000732335
32  4.5  0.000404587
32  5.5  0.00012873
32  7.0  3.05063e-05
32  6.5  4.83316e-05
32  6.0  7.81272e-05
32  7.5  1.99555e-05
32  8.0  1.38415e-05
32  9.0  6.63686e-06
32  10.0  3.29673e-06
32  8.5  9.35258e-06
32  9.5  4.58462e-06
32  10.5  2.40558e-06
4  0.2  0.410943
4  0.3  0.60053
4  0.4  0.768759
4  0.5  0.87252
32  12.0  9.93185e-07
4  0.6  0.86054
4  0.7  0.814427
4  0.8  0.729126
4  0.9  0.6252
4  1.0  0.533579
4  1.1  0.435724
4  1.2  0.362719
4  1.3  0.294948
4  1.4  0.238136
32  11.0  1.7869e-06
4  1.6  0.15419
4  1.5  0.194231
4  1.7  0.126692
4  1.8  0.102997
4  2.5  0.0268396
4  1.9  0.0836831
4  2.0  0.068176
4  3.0  0.0113787
32  11.5  1.32387e-06
4  3.5  0.00525348
4  4.5  0.00141544
4  5.5  0.000468703
4  4.0  0.00264952
4  5.0  0.000796315
4  6.0  0.000282909
4  7.0  0.000113879
4  7.5  7.65728e-05
4  6.5  0.000177324
4  8.0  5.0298e-05
4  8.5  3.45162e-05
4  9.0  2.40936e-05
4  9.5  1.69518e-05
4  10.5  8.86357e-06
4  10.0  1.23886e-05
4  11.0  6.37229e-06
6  0.2  0.402504
6  0.3  0.596241
6  0.4  0.765633
6  0.5  0.846491
6  0.6  0.860118
6  0.7  0.817604
4  11.5  4.87152e-06
6  0.8  0.726169
6  0.9  0.631384
6  1.0  0.526171
6  1.1  0.435994
6  1.2  0.359299
6  1.3  0.28975
6  1.4  0.23479
6  1.5  0.192859
6  1.6  0.154201
6  1.7  0.125245
6  1.8  0.101364
6  1.9  0.0822724
6  2.0  0.0675822
6  2.5  0.0261158
6  3.0  0.0113412
6  3.5  0.00520731
4  12.0  3.55897e-06
6  4.0  0.00259656
6  4.5  0.00141728
6  5.5  0.000446608
6  5.0  0.000800109
6  6.0  0.000273601
6  7.0  0.000115394
6  6.5  0.00017259
6  7.5  7.41187e-05
6  8.0  4.98146e-05
6  8.5  3.41396e-05
6  9.0  2.36299e-05
6  9.5  1.65939e-05
6  10.5  8.55776e-06
6  10.0  1.20163e-05
6  11.0  6.58036e-06
8  0.2  0.408256
8  0.3  0.597783
8  0.5  0.858639
8  0.4  0.76374
8  0.6  0.855972
6  11.5  4.77906e-06
8  0.7  0.807239
8  0.8  0.711696
8  1.0  0.519254
8  0.9  0.620311
8  1.1  0.43469
8  1.2  0.35696
8  1.3  0.286749
8  1.4  0.233059
8  1.5  0.19106
8  1.6  0.153926
8  1.7  0.122744
8  1.9  0.0826288
8  1.8  0.0996109
8  2.0  0.0664333
8  2.5  0.0259274
8  3.5  0.00515132
8  3.0  0.0111849
6  12.0  3.51805e-06
8  4.0  0.0025824
8  4.5  0.00138566
8  5.5  0.000464133
8  5.0  0.000790984
8  6.0  0.000275335
8  6.5  0.000171858
8  7.5  7.28891e-05
8  7.0  0.000110713
8  8.0  4.94158e-05
8  8.5  3.35356e-05
8  9.0  2.3171e-05
8  9.5  1.68009e-05
8  10.5  8.60138e-06
8  10.0  1.20829e-05
8  11.0  6.46738e-06
8  11.5  4.78361e-06
8  12.0  3.57791e-06
