# diffractive D0 cross section, Pb target, HymnD fragmentation, An0n channel
# generated      : 2026-08-20 10:20:12 EEST
# calls          : 1e5 (VEGAS calls per point, see CALLS_EXCL/CALLS_EXCL_FACTORIZED/CALLS_DIFF)
# dipole samples : data/Pb/mve/glauber_mve_<b>
# pD0 sweep      : 0.2 0.3 0.4 0.5 0.6 0.7 0.8 0.9 1.0 1.1 1.2 1.3 1.4 1.5 1.6 1.7 1.8 1.9 2.0 2.5 3.0 3.5 4.0 4.5 5.0 5.5 6.0 6.5 7.0 7.5 8.0 8.5 9.0 9.5 10.0 10.5 11.0 11.5 12.0
# fixed rapidity y : -1.0
# ============================================================
# b  pD0  dsigma_dyd2pD0
0  0.3  0.651185
0  0.5  0.960492
0  0.4  0.838377
0  0.2  0.446686
0  0.6  0.992806
0  0.7  0.956456
0  0.8  0.87833
0  1.0  0.67325
0  0.9  0.7828
0  1.1  0.571993
0  1.3  0.401435
0  1.2  0.478609
0  1.5  0.274089
0  1.4  0.332546
0  1.6  0.228817
0  1.8  0.155553
0  1.7  0.187037
0  1.9  0.130933
0  2.0  0.107416
0  3.0  0.021987
0  2.5  0.0468596
0  3.5  0.0110678
0  4.0  0.0059833
0  4.5  0.00339621
0  5.0  0.00205942
0  5.5  0.00130552
0  6.0  0.000837128
0  6.5  0.000547126
0  7.5  0.000262419
0  8.5  0.000133672
0  7.0  0.000372504
0  8.0  0.000184885
0  9.5  7.24726e-05
0  9.0  9.59059e-05
0  10.5  4.10909e-05
0  10.0  5.36467e-05
0  11.5  2.41502e-05
10  0.2  0.445451
0  11.0  3.07796e-05
10  0.3  0.653826
10  0.4  0.838833
10  0.5  0.951485
10  0.6  0.977658
10  0.7  0.941022
10  0.8  0.854663
10  0.9  0.746587
10  1.0  0.645805
10  1.1  0.553084
10  1.2  0.460488
0  12.0  1.88965e-05
10  1.3  0.386065
10  1.4  0.317141
10  1.6  0.218503
10  1.5  0.264224
10  1.7  0.181144
10  1.8  0.150925
10  1.9  0.125677
10  2.0  0.104595
10  3.0  0.0208914
10  2.5  0.044763
10  3.5  0.0105079
10  4.5  0.0033123
10  5.5  0.00122179
10  4.0  0.00569612
10  5.0  0.00194374
10  6.0  0.000788234
10  7.5  0.000246229
10  6.5  0.000528346
10  7.0  0.000353252
10  8.5  0.000125628
10  8.0  0.000175258
10  9.5  6.88454e-05
10  9.0  9.18595e-05
10  10.5  3.79302e-05
10  10.0  5.04347e-05
10  11.5  2.26012e-05
12  0.2  0.437587
10  11.0  2.93926e-05
12  0.3  0.632683
12  0.4  0.826539
12  0.5  0.940617
12  0.6  0.965536
12  0.7  0.924561
12  0.8  0.846819
12  0.9  0.744309
12  1.0  0.641123
10  12.0  1.77063e-05
12  1.1  0.542974
12  1.2  0.453926
12  1.3  0.377898
12  1.4  0.310442
12  1.5  0.258139
12  1.7  0.175136
12  1.6  0.214544
12  1.8  0.147801
12  1.9  0.123014
12  2.0  0.101237
12  2.5  0.0440608
12  3.0  0.020435
12  3.5  0.0103083
12  5.0  0.00190071
12  4.0  0.00554355
12  4.5  0.0031728
12  5.5  0.00118848
12  6.5  0.000507127
12  6.0  0.00077234
12  7.5  0.000241453
12  8.5  0.00012295
12  7.0  0.000345451
12  9.5  6.72967e-05
12  8.0  0.00017027
12  10.5  3.79885e-05
12  9.0  8.99366e-05
12  10.0  4.95314e-05
12  11.5  2.23704e-05
12  11.0  2.89349e-05
14  0.2  0.438017
14  0.3  0.646096
14  0.4  0.818271
14  0.5  0.925912
14  0.6  0.939831
14  0.7  0.915391
14  0.8  0.82965
14  0.9  0.727349
14  1.0  0.62561
14  1.1  0.527948
14  1.2  0.441739
14  1.3  0.366466
14  1.4  0.306066
12  12.0  1.74607e-05
14  1.5  0.252436
14  1.6  0.206801
14  1.7  0.17102
14  1.8  0.144762
14  2.0  0.0985685
14  1.9  0.119727
14  2.5  0.0425903
14  3.0  0.019721
14  3.5  0.0099959
14  5.0  0.00184382
14  4.0  0.00537638
14  4.5  0.00306874
14  6.5  0.000504615
14  5.5  0.00115284
14  6.0  0.000738996
14  7.5  0.000233018
14  7.0  0.000336309
14  8.0  0.000167745
14  9.0  8.66291e-05
14  9.5  6.40925e-05
14  8.5  0.00012042
14  10.0  4.75928e-05
14  11.5  2.14628e-05
16  0.2  0.414204
14  10.5  3.69396e-05
16  0.3  0.63782
16  0.4  0.809266
16  0.5  0.912467
16  0.6  0.943308
14  11.0  2.78738e-05
16  0.7  0.89024
16  0.8  0.808295
16  0.9  0.712749
16  1.0  0.609973
16  1.1  0.511827
16  1.2  0.430148
16  1.3  0.354119
16  1.4  0.288825
16  1.5  0.23454
16  1.6  0.199454
16  1.7  0.167161
16  1.8  0.138668
16  2.0  0.0957348
16  1.9  0.115247
14  12.0  1.66623e-05
16  2.5  0.0410053
16  3.5  0.00984479
16  3.0  0.0191468
16  5.0  0.00177861
16  4.0  0.00516579
16  4.5  0.00301193
16  6.5  0.000474791
16  5.5  0.00112736
16  6.0  0.000733172
16  7.0  0.000329295
16  7.5  0.000225077
16  8.0  0.000159144
16  9.5  6.30637e-05
16  8.5  0.000114905
16  10.5  3.53886e-05
16  9.0  8.46713e-05
16  11.0  2.6492e-05
16  10.0  4.68646e-05
18  0.2  0.425996
16  11.5  2.06992e-05
18  0.3  0.619183
18  0.4  0.793889
18  0.5  0.907029
18  0.6  0.911041
18  0.7  0.858401
18  0.8  0.78833
18  0.9  0.69189
18  1.0  0.589414
18  1.1  0.498922
18  1.2  0.414079
18  1.3  0.341968
18  1.4  0.283982
18  1.5  0.235349
18  1.6  0.194441
16  12.0  1.62576e-05
18  1.7  0.160212
18  1.8  0.133109
18  1.9  0.11031
18  2.0  0.0918845
18  2.5  0.0396034
18  3.0  0.018211
18  3.5  0.00917224
18  5.5  0.00105619
18  4.0  0.00494638
18  4.5  0.00283408
18  5.0  0.00170016
18  6.0  0.000681538
18  7.0  0.000313424
18  6.5  0.000454168
18  7.5  0.000214796
18  8.0  0.000152217
18  10.0  4.42301e-05
18  9.0  7.9966e-05
18  9.5  5.89579e-05
18  8.5  0.000109247
18  10.5  3.39945e-05
18  11.0  2.58303e-05
2  0.2  0.44691
18  11.5  1.9708e-05
2  0.3  0.661737
2  0.4  0.84761
2  0.5  0.965705
2  0.6  0.993481
2  0.7  0.954449
2  0.8  0.885081
2  0.9  0.776746
2  1.0  0.674135
2  1.1  0.566646
2  1.2  0.479486
2  1.3  0.401555
2  1.4  0.32723
18  12.0  1.54213e-05
2  1.5  0.269698
2  1.6  0.222761
2  1.8  0.153568
2  1.7  0.188062
2  1.9  0.131027
2  2.0  0.109492
2  2.5  0.0470494
2  3.0  0.0218936
2  3.5  0.0110634
2  4.0  0.00603898
2  4.5  0.00340188
2  5.0  0.00205072
2  5.5  0.001306
2  6.0  0.000816534
2  6.5  0.000545007
2  8.5  0.000132242
2  7.0  0.000370776
2  7.5  0.000256787
2  9.5  7.12909e-05
2  8.0  0.000182342
2  9.0  9.72493e-05
2  10.5  4.00848e-05
2  10.0  5.27685e-05
2  11.5  2.3542e-05
20  0.2  0.421025
20  0.3  0.611833
2  11.0  3.13543e-05
20  0.4  0.78612
20  0.5  0.873587
20  0.6  0.897532
20  0.7  0.846028
20  0.8  0.759785
20  0.9  0.664942
20  1.0  0.566977
20  1.1  0.475105
20  1.2  0.393981
20  1.3  0.325934
20  1.4  0.270724
20  1.5  0.224092
20  1.6  0.184209
20  1.7  0.151643
20  1.8  0.126442
20  2.0  0.0861194
20  1.9  0.105259
20  3.0  0.0172158
20  2.5  0.0368361
20  3.5  0.00875627
2  12.0  1.85335e-05
20  5.5  0.00102909
20  4.0  0.00465963
20  4.5  0.00270661
20  5.0  0.00160856
20  6.0  0.000649432
20  7.0  0.000292465
20  6.5  0.000427394
20  8.0  0.000145756
20  7.5  0.000204838
20  9.0  7.49153e-05
20  8.5  0.000104209
20  10.0  4.21694e-05
20  10.5  3.12845e-05
20  9.5  5.55691e-05
20  11.0  2.40955e-05
22  0.2  0.423757
20  11.5  1.88244e-05
22  0.3  0.609006
22  0.4  0.764985
22  0.5  0.851282
22  0.6  0.864524
22  0.7  0.798363
22  0.8  0.72351
22  0.9  0.622935
22  1.0  0.537103
22  1.1  0.444398
22  1.2  0.3752
22  1.3  0.308269
22  1.5  0.209731
20  12.0  1.46511e-05
22  1.4  0.255186
22  1.7  0.139532
22  1.6  0.173084
22  1.8  0.118294
22  1.9  0.0980828
22  2.0  0.0818798
22  2.5  0.0342769
22  3.5  0.0080549
22  3.0  0.0159772
22  4.5  0.00249051
22  5.5  0.000930994
22  4.0  0.00441581
22  5.0  0.00153079
22  6.0  0.0005979
22  7.5  0.000189647
22  6.5  0.000405378
22  7.0  0.000271013
22  8.0  0.000133563
22  9.0  6.99058e-05
22  10.0  3.84967e-05
22  8.5  9.62839e-05
22  10.5  2.95006e-05
22  9.5  5.24851e-05
22  11.0  2.28299e-05
24  0.2  0.398859
24  0.3  0.591678
24  0.4  0.743323
24  0.5  0.810877
24  0.6  0.818302
24  0.7  0.752276
24  0.8  0.679971
24  0.9  0.58925
24  1.0  0.497822
24  1.1  0.417097
22  11.5  1.74121e-05
24  1.2  0.345959
24  1.3  0.284376
24  1.4  0.233555
24  1.5  0.193214
24  1.6  0.158617
22  12.0  1.36997e-05
24  1.7  0.130923
24  1.8  0.106396
24  1.9  0.0897074
24  2.5  0.0318063
24  2.0  0.0749182
24  3.5  0.00742996
24  3.0  0.0145291
24  5.0  0.00137161
24  5.5  0.00084704
24  4.0  0.00401237
24  4.5  0.00225967
24  6.0  0.000545749
24  6.5  0.000361991
24  7.0  0.000250136
24  7.5  0.000174561
24  9.0  6.14548e-05
24  8.0  0.000123407
24  10.0  3.49309e-05
24  8.5  8.69458e-05
24  9.5  4.73574e-05
24  10.5  2.6894e-05
24  11.0  2.07001e-05
24  11.5  1.58083e-05
26  0.2  0.384878
26  0.3  0.570219
26  0.4  0.708268
26  0.5  0.769182
26  0.6  0.763178
26  0.7  0.701389
26  0.8  0.622988
26  0.9  0.536179
26  1.0  0.448383
26  1.1  0.375314
26  1.2  0.309552
26  1.3  0.255384
26  1.4  0.208279
26  1.5  0.171584
26  1.6  0.141726
26  1.8  0.0956911
26  1.7  0.116777
26  1.9  0.0796105
26  2.0  0.0648172
26  2.5  0.0276836
26  3.5  0.00656552
26  3.0  0.0128763
24  12.0  1.22205e-05
26  5.0  0.00119479
26  5.5  0.00074709
26  4.0  0.00351656
26  4.5  0.00203778
26  6.0  0.000486008
26  8.5  7.68024e-05
26  6.5  0.000319269
26  7.0  0.000219597
26  7.5  0.000150449
26  8.0  0.000106752
26  9.0  5.56941e-05
26  10.5  2.33933e-05
26  9.5  4.12851e-05
26  11.0  1.81571e-05
26  10.0  3.08634e-05
26  11.5  1.39937e-05
28  0.2  0.368349
28  0.3  0.533667
28  0.4  0.646151
28  0.5  0.70206
28  0.6  0.680515
28  0.7  0.620634
28  0.8  0.546695
28  0.9  0.466678
28  1.1  0.324373
28  1.0  0.391016
28  1.2  0.26556
28  1.3  0.217311
28  1.5  0.145855
28  1.4  0.178247
28  1.7  0.0988455
28  1.6  0.12014
28  1.8  0.0812884
28  1.9  0.0680796
28  2.0  0.0553737
28  2.5  0.0235621
28  3.0  0.010816
28  3.5  0.00559738
26  12.0  1.07556e-05
28  4.5  0.00170448
28  5.5  0.00062259
28  6.0  0.000412246
28  4.0  0.00301011
28  5.0  0.00101191
28  6.5  0.000265961
28  8.5  6.52512e-05
28  7.0  0.000183567
28  8.0  8.89609e-05
28  7.5  0.000128459
28  9.0  4.79771e-05
28  10.5  1.97042e-05
28  10.0  2.58797e-05
28  11.0  1.52986e-05
28  9.5  3.44818e-05
30  0.2  0.338917
28  11.5  1.18153e-05
30  0.3  0.478297
30  0.4  0.581686
30  0.5  0.605059
30  0.6  0.5791
30  0.7  0.521977
30  0.8  0.450725
30  0.9  0.379377
30  1.0  0.315984
30  1.1  0.260527
30  1.2  0.214958
30  1.3  0.1728
30  1.4  0.143065
30  1.5  0.116049
30  1.6  0.0951823
30  1.7  0.0779572
30  1.8  0.0643565
30  1.9  0.0533304
30  2.0  0.0435804
30  2.5  0.0183543
30  3.5  0.00431299
30  3.0  0.00847206
28  12.0  8.97814e-06
30  4.0  0.0022789
30  4.5  0.00131175
30  5.0  0.000806925
30  5.5  0.000492414
30  6.0  0.000314749
30  6.5  0.000209
30  7.0  0.000145302
30  8.0  6.96432e-05
30  7.5  9.8565e-05
30  9.0  3.63482e-05
30  8.5  5.1453e-05
30  9.5  2.76005e-05
30  11.0  1.17216e-05
30  10.5  1.54511e-05
30  10.0  2.03736e-05
32  0.2  0.306055
30  11.5  9.20455e-06
32  0.3  0.423052
32  0.4  0.489391
32  0.5  0.48871
32  0.6  0.453773
32  0.7  0.402293
32  0.8  0.343224
32  0.9  0.286105
32  1.0  0.236517
32  1.1  0.193563
32  1.2  0.156528
32  1.3  0.127165
32  1.4  0.102756
32  1.5  0.0848898
32  1.6  0.0671347
32  1.7  0.0560894
32  1.8  0.0463991
32  2.0  0.0312577
32  1.9  0.0385863
32  2.5  0.0134745
32  3.5  0.00307789
32  3.0  0.00618756
30  12.0  7.01048e-06
32  4.0  0.00164229
32  5.0  0.000563724
32  4.5  0.000936049
32  5.5  0.000357666
32  6.0  0.000225268
32  6.5  0.00014851
32  7.0  0.000101048
32  8.5  3.55097e-05
32  7.5  6.98888e-05
32  9.0  2.58933e-05
32  9.5  1.97603e-05
32  8.0  4.93087e-05
32  10.0  1.43533e-05
32  10.5  1.09452e-05
32  11.0  8.36054e-06
4  0.2  0.45018
4  0.3  0.658622
4  0.4  0.841412
4  0.5  0.958866
4  0.6  0.98731
32  11.5  6.58869e-06
4  0.7  0.963926
4  0.8  0.868335
4  0.9  0.777438
4  1.0  0.669145
4  1.1  0.569841
4  1.2  0.478137
4  1.4  0.329272
4  1.3  0.398279
4  1.5  0.273401
32  12.0  5.02822e-06
4  1.6  0.224925
4  1.8  0.152996
4  1.7  0.186658
4  1.9  0.12899
4  2.5  0.0464495
4  2.0  0.108306
4  3.0  0.0216884
4  3.5  0.0109351
4  4.0  0.00591077
4  4.5  0.00342129
4  5.0  0.00204932
4  5.5  0.00129953
4  7.0  0.000368696
4  6.0  0.000799801
4  6.5  0.000543226
4  8.5  0.000131056
4  7.5  0.00026106
4  9.5  7.09694e-05
4  8.0  0.000184191
4  9.0  9.42874e-05
4  10.5  3.94154e-05
4  10.0  5.29526e-05
4  11.5  2.3597e-05
6  0.2  0.448172
6  0.3  0.659963
6  0.4  0.83765
6  0.5  0.937802
4  11.0  3.10057e-05
6  0.6  0.996956
6  0.7  0.94456
6  0.8  0.871208
6  0.9  0.776122
6  1.0  0.662802
6  1.1  0.561065
6  1.2  0.475732
6  1.3  0.396816
6  1.4  0.326342
6  1.5  0.272763
6  1.6  0.224582
4  12.0  1.84247e-05
6  1.7  0.184615
6  1.9  0.130384
6  1.8  0.154277
6  2.0  0.107292
6  2.5  0.0459476
6  3.5  0.0108034
6  3.0  0.0215471
6  5.0  0.00203813
6  4.0  0.00583566
6  4.5  0.00337092
6  5.5  0.0012526
6  7.0  0.000364476
6  6.0  0.000810539
6  6.5  0.00053563
6  8.5  0.000129228
6  7.5  0.000258036
6  8.0  0.000179505
6  9.0  9.53295e-05
6  9.5  6.97992e-05
6  10.5  4.02252e-05
6  11.5  2.33604e-05
6  10.0  5.24974e-05
8  0.2  0.444279
6  11.0  3.03492e-05
8  0.3  0.657559
8  0.4  0.838994
8  0.5  0.93966
8  0.6  0.988448
8  0.7  0.955512
8  0.8  0.868883
8  0.9  0.765815
8  1.0  0.653577
8  1.1  0.557448
8  1.2  0.464334
8  1.3  0.383376
8  1.4  0.321833
8  1.5  0.267808
8  1.6  0.221752
8  1.7  0.18152
8  1.8  0.151495
8  1.9  0.124816
8  2.0  0.106637
8  2.5  0.0457552
8  3.5  0.01087
6  12.0  1.8392e-05
8  3.0  0.0211589
8  5.5  0.00123969
8  4.0  0.00577853
8  4.5  0.00332084
8  5.0  0.00198226
8  7.0  0.000368024
8  6.0  0.000806928
8  6.5  0.000529452
8  8.5  0.000127945
8  7.5  0.000249573
8  8.0  0.000179852
8  9.5  6.89172e-05
8  9.0  9.32532e-05
8  10.5  3.92154e-05
8  10.0  5.25828e-05
8  11.5  2.29715e-05
8  11.0  3.00197e-05
8  12.0  1.79195e-05
