# diffractive D0 cross section, Pb target, HymnD fragmentation, An0n channel
# generated      : 2026-08-20 10:20:12 EEST
# calls          : 1e5 (VEGAS calls per point, see CALLS_EXCL/CALLS_EXCL_FACTORIZED/CALLS_DIFF)
# dipole samples : data/Pb/mve/glauber_mve_<b>
# pD0 sweep      : 0.2 0.3 0.4 0.5 0.6 0.7 0.8 0.9 1.0 1.1 1.2 1.3 1.4 1.5 1.6 1.7 1.8 1.9 2.0 2.5 3.0 3.5 4.0 4.5 5.0 5.5 6.0 6.5 7.0 7.5 8.0 8.5 9.0 9.5 10.0 10.5 11.0 11.5 12.0
# fixed rapidity y : 1.0
# ============================================================
# b  pD0  dsigma_dyd2pD0
0  0.5  0.823773
0  0.2  0.394252
0  0.3  0.589817
0  0.4  0.745717
0  0.6  0.838873
0  0.7  0.785107
0  0.8  0.696286
0  0.9  0.60416
0  1.0  0.51013
0  1.1  0.425994
0  1.2  0.346899
0  1.4  0.234226
0  1.3  0.280864
0  1.5  0.186815
0  1.8  0.100137
0  1.7  0.122367
0  1.6  0.15115
0  2.0  0.0668567
0  1.9  0.0809055
0  3.0  0.0111342
0  2.5  0.0262081
0  3.5  0.00533035
0  4.0  0.00267257
0  4.5  0.00139257
0  5.0  0.0008055
0  5.5  0.000449833
0  6.0  0.000288651
0  6.5  0.000180866
0  8.0  5.11659e-05
0  7.0  0.00011536
0  7.5  7.60881e-05
0  8.5  3.51495e-05
0  9.5  1.73746e-05
0  9.0  2.40272e-05
0  10.0  1.25515e-05
10  0.2  0.390119
10  0.3  0.583223
10  0.4  0.731864
10  0.5  0.817044
0  11.0  6.67956e-06
0  10.5  9.29904e-06
10  0.6  0.825283
10  0.7  0.762387
10  0.8  0.681683
10  0.9  0.584561
10  1.1  0.408428
10  1.0  0.484974
10  1.2  0.334731
10  1.4  0.221488
10  1.3  0.270863
10  1.5  0.178232
10  1.7  0.11789
10  1.6  0.143619
0  12.0  3.68961e-06
10  1.8  0.094394
10  2.0  0.0638105
10  1.9  0.0779373
10  2.5  0.0246097
10  3.0  0.0107485
10  3.5  0.00498289
0  11.5  4.97604e-06
10  4.0  0.00255508
10  4.5  0.00134732
10  5.0  0.000769104
10  5.5  0.000456879
10  6.0  0.000275856
10  6.5  0.000172781
10  7.0  0.000107704
10  7.5  7.31418e-05
10  8.0  5.00434e-05
10  8.5  3.2236e-05
10  9.5  1.70581e-05
10  9.0  2.26745e-05
10  10.0  1.2079e-05
10  11.0  6.33539e-06
12  0.2  0.392072
10  10.5  8.81245e-06
12  0.3  0.575351
12  0.4  0.73334
12  0.5  0.803826
12  0.6  0.802709
12  0.7  0.74745
12  0.8  0.667686
12  0.9  0.576201
12  1.0  0.485136
12  1.1  0.397666
12  1.2  0.321294
12  1.4  0.217501
12  1.3  0.264144
12  1.5  0.173539
12  1.6  0.140968
12  1.7  0.114451
12  1.9  0.0760916
10  11.5  4.8425e-06
12  1.8  0.0934406
12  2.0  0.0629627
12  2.5  0.0243205
12  3.0  0.0104203
12  3.5  0.00491236
10  12.0  3.5413e-06
12  4.0  0.00245898
12  4.5  0.00134119
12  5.0  0.000748352
12  5.5  0.000446138
12  6.0  0.000260408
12  6.5  0.000169462
12  7.0  0.000108107
12  7.5  7.08116e-05
12  8.0  4.78822e-05
12  8.5  3.21978e-05
12  9.5  1.62148e-05
12  9.0  2.28464e-05
12  10.0  1.13459e-05
14  0.2  0.38881
14  0.3  0.572796
12  10.5  8.38264e-06
14  0.4  0.715591
12  11.0  6.19593e-06
14  0.5  0.796731
14  0.6  0.794981
14  0.7  0.736566
14  0.8  0.652504
14  0.9  0.561888
14  1.0  0.464055
14  1.1  0.389654
14  1.2  0.316772
12  12.0  3.52257e-06
14  1.3  0.258567
14  1.4  0.210383
14  1.5  0.171033
14  1.6  0.137218
14  1.8  0.0903379
14  1.7  0.112019
14  1.9  0.0742683
14  2.0  0.0603809
12  11.5  4.63987e-06
14  2.5  0.0236732
14  3.0  0.0101116
14  3.5  0.00471244
14  4.0  0.00244989
14  4.5  0.00128171
14  5.0  0.000706247
14  5.5  0.000431641
14  6.0  0.000261145
14  6.5  0.000159087
14  7.0  0.000103226
14  7.5  6.8556e-05
14  8.0  4.63084e-05
14  8.5  3.23475e-05
14  9.0  2.14919e-05
14  9.5  1.51985e-05
14  10.0  1.1355e-05
16  0.2  0.3905
16  0.3  0.555359
14  11.0  5.9486e-06
16  0.4  0.709797
16  0.5  0.788951
14  10.5  8.39579e-06
16  0.6  0.774757
16  0.7  0.732138
16  0.8  0.636783
16  0.9  0.544146
16  1.0  0.456125
16  1.1  0.375893
16  1.2  0.312851
16  1.3  0.248526
16  1.4  0.205596
16  1.5  0.163399
16  1.6  0.133263
16  1.7  0.107713
16  1.8  0.0872226
14  11.5  4.46987e-06
16  1.9  0.0709755
16  2.0  0.0590832
16  3.5  0.0045944
16  3.0  0.00976917
16  2.5  0.0227499
14  12.0  3.32676e-06
16  4.5  0.00125052
16  4.0  0.00233144
16  5.0  0.000706637
16  5.5  0.000399095
16  6.0  0.000241329
16  6.5  0.000155202
16  7.0  9.86331e-05
16  7.5  6.64823e-05
16  8.0  4.4952e-05
16  9.0  2.16429e-05
16  9.5  1.48662e-05
16  8.5  3.06348e-05
16  10.5  7.82543e-06
16  10.0  1.08397e-05
18  0.2  0.381704
18  0.3  0.560167
18  0.4  0.70049
18  0.5  0.777451
18  0.6  0.765703
18  0.7  0.701918
18  0.8  0.615533
16  11.0  5.74333e-06
18  0.9  0.529384
18  1.0  0.445775
18  1.1  0.369516
18  1.2  0.296504
18  1.3  0.240206
18  1.4  0.193528
16  11.5  4.3344e-06
18  1.5  0.157634
18  1.6  0.128231
18  1.7  0.1037
18  1.9  0.0683093
18  1.8  0.0842676
18  2.0  0.0567447
18  2.5  0.0218886
18  3.0  0.00953544
18  3.5  0.00437768
16  12.0  3.2338e-06
18  4.0  0.00221364
18  4.5  0.00119262
18  5.0  0.000681643
18  5.5  0.000382111
18  6.0  0.000237723
18  6.5  0.000147292
18  7.0  9.44265e-05
18  8.5  2.92703e-05
18  7.5  6.34282e-05
18  9.0  2.09688e-05
18  8.0  4.26776e-05
18  9.5  1.41626e-05
18  10.5  7.52534e-06
18  10.0  1.03785e-05
2  0.2  0.400681
2  0.3  0.590177
2  0.4  0.741278
2  0.5  0.824556
2  0.6  0.84034
2  0.7  0.777813
2  0.8  0.691394
18  11.0  5.59894e-06
2  0.9  0.590332
2  1.0  0.501219
2  1.1  0.42227
2  1.2  0.344172
2  1.3  0.280903
2  1.4  0.227068
2  1.6  0.149558
2  1.5  0.183225
18  11.5  4.17588e-06
2  1.8  0.100261
2  1.7  0.121624
2  1.9  0.0813105
2  2.0  0.0665796
18  12.0  3.10668e-06
2  2.5  0.0262303
2  3.0  0.0112608
2  3.5  0.00519888
2  4.0  0.00266408
2  4.5  0.00143022
2  5.0  0.000796284
2  5.5  0.000472228
2  6.0  0.000288959
2  6.5  0.000182376
2  7.0  0.00011542
2  7.5  7.63379e-05
2  8.0  5.08178e-05
2  8.5  3.50637e-05
2  9.5  1.73655e-05
2  9.0  2.45882e-05
2  10.5  9.28262e-06
2  10.0  1.23949e-05
20  0.2  0.374627
20  0.3  0.554345
20  0.4  0.704827
20  0.5  0.759761
20  0.6  0.743502
2  11.0  6.8233e-06
20  0.7  0.680451
20  0.8  0.603946
20  0.9  0.509912
20  1.0  0.424976
20  1.1  0.348992
20  1.2  0.283719
20  1.3  0.232496
20  1.5  0.149775
20  1.4  0.187257
20  1.6  0.121136
20  1.7  0.0981293
20  1.8  0.079351
20  1.9  0.0649546
20  2.0  0.0532268
2  12.0  3.7917e-06
20  2.5  0.0208455
20  3.0  0.00895083
20  3.5  0.00412128
2  11.5  5.04053e-06
20  4.0  0.00210305
20  4.5  0.00111042
20  5.5  0.000361814
20  5.0  0.000632373
20  6.5  0.000142378
20  6.0  0.000221877
20  7.0  9.13876e-05
20  7.5  5.96076e-05
20  8.0  4.0258e-05
20  9.0  1.92619e-05
20  8.5  2.76541e-05
20  10.0  9.68189e-06
20  9.5  1.34242e-05
20  10.5  7.07194e-06
22  0.2  0.375078
22  0.3  0.545778
22  0.4  0.677386
22  0.5  0.725677
22  0.6  0.709505
22  0.7  0.653725
22  0.8  0.56808
22  0.9  0.487237
22  1.0  0.408008
22  1.1  0.332306
22  1.2  0.267416
20  11.0  5.25668e-06
22  1.3  0.214453
22  1.4  0.174241
22  1.5  0.139976
22  1.6  0.114129
20  12.0  2.89668e-06
22  1.8  0.0735062
22  1.7  0.091439
22  2.0  0.0502571
22  1.9  0.0606419
20  11.5  3.94396e-06
22  3.0  0.0083496
22  2.5  0.0191475
22  3.5  0.00382433
22  4.5  0.00106145
22  4.0  0.00196012
22  5.5  0.00034369
22  5.0  0.000593287
22  6.0  0.000207551
22  6.5  0.000131176
22  8.0  3.77022e-05
22  7.0  8.49965e-05
22  7.5  5.58676e-05
22  8.5  2.56441e-05
22  9.5  1.2718e-05
22  9.0  1.79896e-05
22  10.0  9.00221e-06
22  10.5  6.5881e-06
24  0.2  0.358863
24  0.3  0.520536
24  0.4  0.654509
24  0.5  0.695213
24  0.6  0.677844
24  0.7  0.615852
22  11.5  3.57344e-06
24  0.8  0.531095
24  0.9  0.453898
24  1.0  0.377261
24  1.1  0.307875
24  1.2  0.251989
24  1.3  0.200161
22  11.0  4.9525e-06
24  1.4  0.161033
24  1.6  0.103009
24  1.5  0.128902
24  1.7  0.0837416
24  1.9  0.0550276
24  1.8  0.0678939
24  2.0  0.0453348
24  2.5  0.0177425
24  3.0  0.0075292
24  3.5  0.00348364
22  12.0  2.74254e-06
24  4.5  0.000972161
24  4.0  0.00179231
24  5.0  0.000534537
24  5.5  0.00031844
24  6.0  0.000191478
24  6.5  0.000120203
24  7.0  7.70125e-05
24  8.5  2.34804e-05
24  8.0  3.43215e-05
24  7.5  5.0678e-05
24  9.0  1.60945e-05
24  9.5  1.14035e-05
24  10.5  5.96107e-06
24  10.0  8.20059e-06
26  0.2  0.350661
26  0.3  0.508408
26  0.4  0.619907
26  0.5  0.651568
26  0.6  0.630125
26  0.7  0.565094
26  0.8  0.493538
26  0.9  0.408952
26  1.0  0.340681
24  11.5  3.1279e-06
26  1.1  0.274775
26  1.2  0.223865
26  1.3  0.177242
24  11.0  4.38023e-06
26  1.4  0.143689
26  1.5  0.116147
26  1.6  0.0918261
26  1.7  0.0743184
26  1.8  0.0614709
26  1.9  0.0496328
26  2.0  0.0400939
26  2.5  0.0153178
26  3.0  0.00660108
26  3.5  0.00309344
26  4.5  0.000850046
24  12.0  2.52042e-06
26  4.0  0.00157373
26  5.0  0.000475004
26  5.5  0.000276683
26  6.0  0.000167236
26  6.5  0.000104269
26  7.0  6.68998e-05
26  8.0  2.97934e-05
26  7.5  4.4624e-05
26  9.0  1.42902e-05
26  9.5  9.94797e-06
26  8.5  2.05615e-05
26  10.5  5.13835e-06
26  10.0  7.13015e-06
28  0.2  0.328587
28  0.3  0.481223
28  0.4  0.568842
26  11.0  3.86219e-06
28  0.5  0.606672
28  0.6  0.569005
28  0.8  0.437914
28  0.7  0.503836
28  0.9  0.35713
26  11.5  2.86118e-06
28  1.0  0.290288
28  1.2  0.194075
28  1.1  0.236878
28  1.3  0.152621
28  1.4  0.122395
28  1.5  0.096811
28  1.6  0.0792933
28  1.8  0.0518113
28  1.7  0.0633573
28  1.9  0.0411466
28  2.0  0.0343031
28  2.5  0.0128819
28  3.0  0.00565742
28  3.5  0.0026502
28  4.5  0.000674726
26  12.0  2.17521e-06
28  4.0  0.00135449
28  5.0  0.000393078
28  5.5  0.000232803
28  7.0  5.50903e-05
28  6.0  0.000135628
28  6.5  8.56882e-05
28  8.0  2.50156e-05
28  7.5  3.74894e-05
28  8.5  1.7223e-05
28  9.0  1.21216e-05
28  9.5  8.55629e-06
28  11.0  3.22638e-06
28  10.5  4.40643e-06
30  0.2  0.308478
28  10.0  6.08401e-06
30  0.3  0.439216
30  0.4  0.513623
30  0.5  0.517096
30  0.6  0.481867
30  0.7  0.422941
30  0.8  0.354402
30  0.9  0.295219
30  1.0  0.234424
30  1.1  0.19106
30  1.2  0.152546
30  1.3  0.121946
30  1.4  0.0972082
30  1.5  0.0778849
30  1.7  0.0504023
30  1.6  0.061577
30  1.8  0.0405645
30  1.9  0.0330349
30  2.0  0.0263738
30  2.5  0.0103416
28  11.5  2.42153e-06
30  3.0  0.00445097
30  3.5  0.00204022
28  12.0  1.79853e-06
30  5.0  0.000310145
30  4.0  0.00105119
30  4.5  0.000541864
30  5.5  0.00017981
30  6.0  0.000110224
30  7.0  4.36599e-05
30  6.5  6.70293e-05
30  8.0  1.93303e-05
30  7.5  2.9219e-05
30  9.0  9.26527e-06
30  8.5  1.33263e-05
30  9.5  6.5769e-06
30  10.0  4.8132e-06
30  10.5  3.45174e-06
32  0.2  0.278096
32  0.3  0.376425
30  11.0  2.55412e-06
32  0.4  0.428221
32  0.5  0.413063
32  0.6  0.374809
32  0.7  0.323756
32  0.8  0.271624
32  0.9  0.216947
32  1.0  0.174169
32  1.1  0.140642
32  1.3  0.0899085
30  11.5  1.85457e-06
32  1.2  0.112966
32  1.4  0.070479
32  1.5  0.0574257
32  1.6  0.046204
32  1.7  0.0354027
32  1.8  0.0287243
32  1.9  0.0236396
32  2.0  0.0192032
32  2.5  0.00753789
32  3.0  0.00312337
32  3.5  0.00145276
32  4.0  0.000734108
30  12.0  1.41758e-06
32  4.5  0.000397182
32  5.0  0.000221677
32  5.5  0.000130882
32  6.0  7.91953e-05
32  7.5  2.08043e-05
32  6.5  4.87642e-05
32  7.0  3.09608e-05
32  8.0  1.397e-05
32  9.0  6.63782e-06
32  9.5  4.694e-06
32  8.5  9.45739e-06
32  10.0  3.36561e-06
32  10.5  2.5041e-06
4  0.2  0.400729
4  0.3  0.586177
4  0.4  0.74787
4  0.5  0.824222
4  0.6  0.8328
4  0.7  0.785964
4  0.8  0.694021
4  0.9  0.599876
4  1.0  0.508354
4  1.1  0.417151
4  1.2  0.343474
4  1.3  0.277772
4  1.4  0.225797
4  1.5  0.186132
4  1.6  0.147465
32  11.0  1.85049e-06
4  1.8  0.100848
4  1.7  0.121947
4  1.9  0.0804151
4  2.0  0.0655279
4  3.0  0.0112295
4  2.5  0.0256668
4  3.5  0.00519851
32  11.5  1.36727e-06
32  12.0  1.02439e-06
4  4.0  0.00262677
4  4.5  0.00141787
4  5.0  0.0007953
4  6.0  0.000278051
4  5.5  0.000469905
4  6.5  0.000179963
4  7.0  0.000116306
4  7.5  7.47728e-05
4  8.0  4.98853e-05
4  8.5  3.46034e-05
4  9.5  1.75864e-05
4  9.0  2.42953e-05
4  10.0  1.23209e-05
6  0.2  0.396052
6  0.3  0.584105
4  11.0  6.60301e-06
6  0.4  0.741494
6  0.5  0.819364
6  0.6  0.834223
4  10.5  9.25881e-06
6  0.8  0.688123
6  0.7  0.774698
6  0.9  0.599085
6  1.0  0.501852
6  1.1  0.416442
6  1.2  0.34024
6  1.4  0.225405
6  1.3  0.275733
6  1.5  0.182069
6  1.6  0.148235
6  1.7  0.120871
6  1.8  0.0975346
6  2.0  0.0651029
6  1.9  0.0801222
6  2.5  0.0258444
6  3.0  0.0110827
6  3.5  0.00515212
4  11.5  4.83932e-06
6  4.0  0.0026105
4  12.0  3.7634e-06
6  4.5  0.00140651
6  5.0  0.000796234
6  6.0  0.000279873
6  5.5  0.000464608
6  6.5  0.000177719
6  7.0  0.000116201
6  7.5  7.57122e-05
6  8.0  5.02825e-05
6  9.5  1.72041e-05
6  8.5  3.49e-05
6  9.0  2.47031e-05
6  10.0  1.19274e-05
8  0.2  0.397126
8  0.3  0.582994
6  10.5  8.83783e-06
8  0.4  0.742775
8  0.5  0.814334
8  0.6  0.821064
8  0.7  0.761774
6  11.0  6.5569e-06
8  0.8  0.683859
8  0.9  0.584658
8  1.0  0.493738
8  1.1  0.410727
8  1.2  0.338186
8  1.3  0.274931
8  1.4  0.221124
8  1.6  0.146814
8  1.5  0.179149
8  1.7  0.119143
8  1.8  0.0975719
8  1.9  0.0792442
8  2.0  0.0648899
8  2.5  0.0255174
8  3.5  0.00519598
8  3.0  0.0109594
6  11.5  4.84136e-06
8  4.0  0.00258832
6  12.0  3.73701e-06
8  4.5  0.00138399
8  5.0  0.000783666
8  6.0  0.000271994
8  5.5  0.000455365
8  6.5  0.000173206
8  7.0  0.0001132
8  8.0  4.96345e-05
8  7.5  7.61847e-05
8  8.5  3.42476e-05
8  9.5  1.68195e-05
8  9.0  2.37775e-05
8  10.0  1.21305e-05
8  11.0  6.49192e-06
8  10.5  9.03531e-06
8  11.5  4.91257e-06
8  12.0  3.6857e-06
