# diffractive D0 cross section, Pb target, HymnD fragmentation, An0n channel
# generated      : 2026-08-20 11:03:49 EEST
# calls          : 1e5 (VEGAS calls per point, see CALLS_EXCL/CALLS_EXCL_FACTORIZED/CALLS_DIFF)
# dipole samples : data/Pb/bk_posterior/member_0060/glauber_mve_<b>
# pD0 sweep      : 0.2 0.3 0.4 0.5 0.6 0.7 0.8 0.9 1.0 1.1 1.2 1.3 1.4 1.5 1.6 1.7 1.8 1.9 2.0 2.5 3.0 3.5 4.0 4.5 5.0 5.5 6.0 6.5 7.0 7.5 8.0 8.5 9.0 9.5 10.0 10.5 11.0 11.5 12.0
# fixed rapidity y : -1.0
# ============================================================
# b  pD0  dsigma_dyd2pD0
0  0.4  1.06408
0  0.5  1.18305
0  0.3  0.849137
0  0.2  0.592379
0  0.7  1.13365
0  0.9  0.887834
0  0.6  1.19177
0  0.8  1.01693
0  1.0  0.756561
0  1.1  0.637155
0  1.2  0.524209
0  1.4  0.358682
0  1.3  0.436362
0  1.5  0.288908
0  1.6  0.244783
0  1.8  0.159509
0  1.7  0.201946
0  1.9  0.138908
0  2.0  0.11534
0  3.5  0.0113435
0  2.5  0.0486163
0  3.0  0.0225656
0  5.0  0.00204623
0  4.0  0.00618435
0  4.5  0.00345182
0  5.5  0.00128972
0  6.0  0.000824948
0  6.5  0.000548351
0  8.0  0.0001826
0  7.0  0.000377133
0  7.5  0.000257792
0  8.5  0.000129497
0  9.5  6.98507e-05
0  9.0  9.43816e-05
0  10.0  5.20674e-05
0  11.5  2.29478e-05
10  0.2  0.578793
10  0.3  0.83979
10  0.4  1.04992
0  10.5  4.00264e-05
10  0.5  1.15986
10  0.6  1.17734
10  0.7  1.10957
10  0.8  0.982367
10  0.9  0.8593
10  1.1  0.611816
10  1.0  0.735304
10  1.2  0.508544
10  1.3  0.4187
10  1.4  0.347375
10  1.5  0.282365
0  11.0  3.05757e-05
10  1.6  0.234029
10  1.7  0.1936
10  1.8  0.159652
10  2.0  0.107668
10  1.9  0.132691
10  2.5  0.0454672
10  3.5  0.0108625
10  3.0  0.0215766
0  12.0  1.81343e-05
10  5.0  0.0019706
10  4.0  0.00576734
10  4.5  0.00329106
10  6.0  0.000783849
10  6.5  0.000518603
10  5.5  0.00122614
10  7.0  0.000353354
10  7.5  0.000243999
10  8.5  0.000126202
10  8.0  0.000171746
10  9.0  8.9915e-05
10  10.0  4.97817e-05
10  9.5  6.60199e-05
10  11.0  2.9128e-05
12  0.2  0.575005
10  11.5  2.24894e-05
12  0.3  0.82643
10  10.5  3.79854e-05
12  0.4  1.0467
12  0.5  1.15174
12  0.6  1.13899
12  0.7  1.08025
12  0.8  0.970712
12  0.9  0.841981
12  1.0  0.713278
12  1.1  0.590902
12  1.2  0.500401
12  1.3  0.412509
12  1.4  0.336844
12  1.5  0.277764
12  1.7  0.186176
12  1.6  0.228331
12  1.8  0.156573
12  1.9  0.129119
12  2.5  0.0449624
12  2.0  0.107985
12  3.0  0.0209865
12  3.5  0.0104494
10  12.0  1.71915e-05
12  5.0  0.00194328
12  6.5  0.000510205
12  4.0  0.00564463
12  4.5  0.00320668
12  6.0  0.000768748
12  5.5  0.00121643
12  7.5  0.000240415
12  7.0  0.000345184
12  8.0  0.000170666
12  8.5  0.000122848
12  9.5  6.59815e-05
12  9.0  8.76385e-05
12  10.0  4.84964e-05
12  10.5  3.67272e-05
12  11.5  2.14671e-05
14  0.2  0.572315
12  11.0  2.8082e-05
14  0.3  0.820352
14  0.4  1.03307
14  0.5  1.12627
14  0.6  1.12243
14  0.7  1.06368
14  0.8  0.950051
14  0.9  0.828926
14  1.0  0.706395
14  1.1  0.591218
14  1.2  0.488643
14  1.3  0.402397
14  1.4  0.331238
14  1.6  0.222668
14  1.5  0.271998
14  1.7  0.182879
14  1.8  0.151563
14  1.9  0.125323
14  2.0  0.105927
14  3.0  0.0202099
14  2.5  0.0442392
14  3.5  0.0102442
12  12.0  1.66216e-05
14  5.0  0.00188441
14  4.0  0.00554162
14  6.5  0.000492725
14  4.5  0.00312448
14  6.0  0.000743673
14  5.5  0.00116243
14  7.0  0.00033443
14  8.0  0.000163725
14  7.5  0.000231367
14  8.5  0.000119521
14  9.0  8.64983e-05
14  10.0  4.725e-05
14  11.0  2.73429e-05
14  9.5  6.25074e-05
14  10.5  3.55556e-05
16  0.2  0.570525
16  0.3  0.821432
16  0.4  1.01797
14  12.0  1.64764e-05
16  0.5  1.12122
16  0.6  1.11422
16  0.7  1.05394
16  0.8  0.934212
16  0.9  0.809966
16  1.1  0.570176
16  1.0  0.686485
14  11.5  2.02019e-05
16  1.3  0.392254
16  1.2  0.474391
16  1.5  0.261898
16  1.4  0.320816
16  1.6  0.215836
16  1.7  0.175514
16  1.8  0.142052
16  1.9  0.121682
16  2.5  0.0419858
16  2.0  0.1003
16  3.0  0.0195828
16  3.5  0.00974615
16  5.0  0.00179235
16  4.5  0.00300972
16  6.5  0.000486618
16  4.0  0.00527679
16  6.0  0.000716374
16  5.5  0.00112123
16  7.0  0.000323053
16  8.0  0.000157167
16  7.5  0.000221319
16  8.5  0.000113513
16  9.0  8.25611e-05
16  10.5  3.44001e-05
16  9.5  6.14838e-05
16  10.0  4.39535e-05
18  0.2  0.559845
16  11.0  2.62152e-05
18  0.3  0.795806
18  0.4  1.00818
18  0.5  1.09213
16  12.0  1.5813e-05
18  0.6  1.09491
18  0.7  1.02593
18  0.8  0.908417
18  0.9  0.772732
18  1.0  0.663152
18  1.1  0.553438
18  1.2  0.45179
18  1.3  0.375783
18  1.4  0.301736
18  1.5  0.251166
18  1.7  0.168711
18  1.6  0.207041
18  1.8  0.141399
18  2.0  0.0950794
18  1.9  0.116806
18  2.5  0.0408501
18  3.5  0.00933689
18  3.0  0.0189376
16  11.5  2.02866e-05
18  4.5  0.00287344
18  5.0  0.00171443
18  4.0  0.00505714
18  6.5  0.000455087
18  5.5  0.00107031
18  6.0  0.000698368
18  7.5  0.000213047
18  7.0  0.000301587
18  8.0  0.000152613
18  9.0  8.02217e-05
18  8.5  0.000108436
18  9.5  5.88781e-05
18  10.0  4.38194e-05
2  0.2  0.553527
2  0.3  0.854405
2  0.4  1.05702
18  10.5  3.32178e-05
2  0.5  1.17907
2  0.6  1.20232
2  0.7  1.12622
2  0.8  1.01603
2  0.9  0.887462
2  1.0  0.743318
2  1.1  0.635014
2  1.2  0.524741
18  11.0  2.54918e-05
2  1.4  0.360974
2  1.3  0.436566
2  1.5  0.294956
18  12.0  1.50841e-05
2  1.6  0.243453
2  1.7  0.201739
2  1.8  0.166637
2  1.9  0.137589
2  2.0  0.115081
2  3.0  0.0224582
2  2.5  0.0484106
2  3.5  0.0111761
18  11.5  1.92373e-05
2  5.0  0.00205765
2  4.0  0.00605768
2  4.5  0.00346222
2  5.5  0.00128736
2  6.0  0.000843239
2  7.0  0.000368825
2  6.5  0.000547876
2  8.0  0.000184857
2  7.5  0.000255743
2  8.5  0.000130529
2  9.5  7.06091e-05
2  9.0  9.46908e-05
2  10.5  3.96511e-05
2  10.0  5.27779e-05
20  0.2  0.551814
20  0.3  0.797305
20  0.4  0.983075
20  0.5  1.071
2  11.0  2.97182e-05
20  0.6  1.05706
20  0.7  0.97631
20  0.8  0.866395
20  0.9  0.75586
20  1.0  0.634904
20  1.1  0.530614
20  1.2  0.436401
20  1.3  0.357312
20  1.4  0.293911
20  1.5  0.23628
20  1.6  0.198496
20  1.7  0.162222
20  1.8  0.134753
20  1.9  0.111403
20  2.0  0.0915892
20  2.5  0.0385464
20  3.5  0.00891109
20  3.0  0.0176305
2  11.5  2.31558e-05
2  12.0  1.83679e-05
20  4.5  0.00271122
20  4.0  0.00481344
20  5.0  0.0016165
20  5.5  0.00102008
20  6.5  0.00043128
20  6.0  0.000658123
20  7.0  0.000291202
20  7.5  0.000202233
20  8.0  0.000144383
20  8.5  0.000102907
20  9.0  7.43244e-05
20  10.5  3.09706e-05
20  9.5  5.42688e-05
20  11.0  2.40311e-05
22  0.2  0.52271
20  11.5  1.82181e-05
20  10.0  4.10368e-05
22  0.3  0.781137
22  0.4  0.958037
22  0.5  1.03135
22  0.6  1.00455
22  0.7  0.946378
22  0.8  0.827759
22  0.9  0.707716
22  1.0  0.597642
22  1.1  0.498904
22  1.2  0.408508
22  1.3  0.33314
22  1.4  0.27186
22  1.5  0.224921
22  1.6  0.185051
22  1.7  0.151846
22  1.8  0.123994
22  1.9  0.103664
22  2.5  0.035939
22  2.0  0.0860023
22  3.0  0.0166186
22  3.5  0.00821674
20  12.0  1.4149e-05
22  4.0  0.00449551
22  4.5  0.00253832
22  5.0  0.00154427
22  6.5  0.000406651
22  5.5  0.000935401
22  7.5  0.000184023
22  6.0  0.000602155
22  7.0  0.000274162
22  8.0  0.000133953
22  9.0  6.68774e-05
22  8.5  9.34992e-05
22  10.0  3.80967e-05
22  9.5  5.03529e-05
24  0.2  0.525249
22  10.5  2.88123e-05
24  0.3  0.755481
24  0.4  0.909359
24  0.5  0.992475
24  0.6  0.971793
24  0.7  0.876152
24  0.8  0.77644
24  0.9  0.665664
24  1.0  0.558807
24  1.1  0.459181
24  1.2  0.374663
22  11.0  2.22737e-05
24  1.3  0.311178
24  1.4  0.253898
24  1.5  0.205269
24  1.6  0.168718
24  1.7  0.139916
22  11.5  1.67721e-05
24  1.8  0.114875
24  1.9  0.0950966
24  2.0  0.0785795
24  3.0  0.0154747
24  2.5  0.032724
24  3.5  0.00751687
22  12.0  1.30836e-05
24  4.0  0.00400303
24  4.5  0.00228811
24  5.0  0.0013644
24  5.5  0.000851997
24  6.0  0.000554345
24  6.5  0.00036066
24  7.5  0.000169875
24  7.0  0.000238219
24  8.0  0.000122472
24  9.5  4.69053e-05
24  10.0  3.53317e-05
24  8.5  8.73964e-05
24  9.0  6.24712e-05
24  10.5  2.60206e-05
26  0.2  0.505235
24  11.0  1.98696e-05
26  0.3  0.714936
26  0.4  0.874751
26  0.5  0.929062
24  11.5  1.54164e-05
26  0.6  0.903555
26  0.7  0.820202
26  0.8  0.716376
26  0.9  0.605674
26  1.0  0.505707
24  12.0  1.18154e-05
26  1.1  0.415935
26  1.2  0.339362
26  1.3  0.277906
26  1.4  0.226861
26  1.5  0.185222
26  1.6  0.150224
26  1.7  0.122592
26  1.9  0.0834972
26  1.8  0.101733
26  2.0  0.0692758
26  2.5  0.0289758
26  3.0  0.0131533
26  3.5  0.00661057
26  4.0  0.003603
26  4.5  0.00202287
26  5.0  0.00120784
26  5.5  0.000765699
26  7.0  0.000216081
26  6.0  0.000477382
26  6.5  0.000326002
26  8.0  0.000104907
26  7.5  0.000153788
26  8.5  7.70891e-05
26  9.0  5.48309e-05
26  9.5  4.13497e-05
26  10.0  3.06738e-05
26  11.0  1.74299e-05
26  11.5  1.36388e-05
28  0.2  0.480209
28  0.3  0.68309
28  0.4  0.812269
28  0.5  0.846566
28  0.6  0.806124
26  10.5  2.31263e-05
28  0.7  0.721977
28  0.8  0.623302
28  0.9  0.526936
28  1.0  0.440248
28  1.1  0.358728
28  1.2  0.29193
28  1.3  0.235922
28  1.4  0.192907
28  1.5  0.157699
28  1.6  0.128315
28  1.7  0.106086
28  1.8  0.0855638
28  1.9  0.07063
28  2.0  0.0591815
28  2.5  0.0241526
28  3.5  0.00567482
28  3.0  0.011158
26  12.0  1.04116e-05
28  4.0  0.00299834
28  4.5  0.00173073
28  5.0  0.00102994
28  5.5  0.000644513
28  6.0  0.000404881
28  7.0  0.000182353
28  6.5  0.000267621
28  7.5  0.000127677
28  8.0  8.83866e-05
28  9.0  4.58337e-05
28  8.5  6.47036e-05
28  9.5  3.42153e-05
28  10.0  2.58223e-05
28  11.5  1.15484e-05
28  10.5  1.92892e-05
30  0.2  0.446326
30  0.3  0.62556
30  0.4  0.718357
30  0.5  0.730614
30  0.6  0.682738
30  0.7  0.600035
30  0.8  0.512135
30  0.9  0.42943
30  1.0  0.353036
28  11.0  1.49188e-05
30  1.1  0.289835
30  1.2  0.231689
30  1.3  0.18931
28  12.0  8.89411e-06
30  1.4  0.154011
30  1.5  0.124674
30  1.6  0.101475
30  1.7  0.0833888
30  1.8  0.0676933
30  2.0  0.0466721
30  1.9  0.0557445
30  3.0  0.00887792
30  2.5  0.019005
30  3.5  0.00434758
30  4.5  0.00135439
30  4.0  0.00233903
30  5.0  0.000787359
30  5.5  0.000494832
30  6.0  0.000314474
30  7.5  9.81271e-05
30  6.5  0.000209342
30  7.0  0.00014175
30  9.0  3.62674e-05
30  8.0  6.88858e-05
30  10.0  1.98671e-05
30  8.5  4.95085e-05
30  10.5  1.50108e-05
30  9.5  2.71458e-05
30  11.5  8.99223e-06
32  0.2  0.397488
30  12.0  6.89424e-06
30  11.0  1.14462e-05
32  0.3  0.537597
32  0.4  0.596311
32  0.5  0.592043
32  0.6  0.532848
32  0.7  0.461245
32  0.8  0.387545
32  0.9  0.320299
32  1.0  0.264711
32  1.1  0.212077
32  1.2  0.170733
32  1.3  0.138186
32  1.4  0.112542
32  1.5  0.0895361
32  1.6  0.0727268
32  1.7  0.0599897
32  1.8  0.0492261
32  1.9  0.0407462
32  2.5  0.013913
32  2.0  0.0332287
32  3.0  0.0063778
32  3.5  0.00320272
32  5.5  0.000355577
32  4.0  0.00166829
32  4.5  0.000947432
32  5.0  0.000581167
32  6.0  0.00023199
32  8.0  4.93353e-05
32  6.5  0.000148746
32  7.5  6.99747e-05
32  7.0  0.000103997
32  8.5  3.61393e-05
32  9.0  2.59575e-05
32  10.0  1.44685e-05
32  9.5  1.90238e-05
34  0.2  0.332313
32  10.5  1.06667e-05
34  0.3  0.426892
34  0.4  0.442975
34  0.5  0.418884
34  0.6  0.37072
34  0.7  0.315708
34  0.8  0.26202
34  0.9  0.214149
34  1.0  0.173569
32  11.0  8.24277e-06
34  1.1  0.138561
34  1.2  0.113175
34  1.3  0.0915489
34  1.4  0.0732528
34  1.5  0.0593115
32  12.0  4.89779e-06
34  1.6  0.048227
34  1.8  0.0323276
34  1.7  0.0390436
32  11.5  6.41058e-06
34  1.9  0.0262251
34  2.0  0.022128
34  3.0  0.00412506
34  2.5  0.00878453
34  3.5  0.00201443
34  4.0  0.00107978
34  4.5  0.000615194
34  5.0  0.000363275
34  5.5  0.000225966
34  6.0  0.00014472
34  7.5  4.5295e-05
34  6.5  9.58188e-05
34  7.0  6.50953e-05
34  8.0  3.17828e-05
34  8.5  2.27956e-05
34  9.5  1.22456e-05
34  9.0  1.64803e-05
34  10.0  9.21028e-06
34  10.5  6.88893e-06
34  11.0  5.36711e-06
4  0.2  0.588108
4  0.3  0.853687
4  0.4  1.06095
4  0.5  1.17301
4  0.6  1.19823
4  0.7  1.13136
4  0.8  1.00397
34  11.5  4.04847e-06
4  0.9  0.87976
4  1.0  0.756384
4  1.1  0.633174
4  1.2  0.524283
4  1.3  0.435693
4  1.4  0.358557
4  1.5  0.290309
4  1.6  0.242523
4  1.7  0.200356
4  1.8  0.165735
4  1.9  0.138082
4  2.0  0.114206
4  2.5  0.0484366
4  3.0  0.0222151
4  3.5  0.0113871
34  12.0  3.14256e-06
4  4.0  0.00599545
4  4.5  0.00346141
4  5.0  0.00208279
4  6.0  0.000832623
4  5.5  0.00127294
4  6.5  0.000540239
4  7.0  0.00037098
4  8.0  0.00018029
4  7.5  0.000259122
4  8.5  0.000129586
4  9.0  9.40558e-05
4  9.5  6.97216e-05
4  10.5  3.92174e-05
4  11.0  3.04722e-05
4  10.0  5.16725e-05
6  0.2  0.58623
4  11.5  2.30991e-05
6  0.3  0.84541
6  0.4  1.06224
6  0.5  1.17131
6  0.7  1.10969
6  0.6  1.1835
6  0.8  0.991058
6  0.9  0.878385
6  1.0  0.749223
6  1.1  0.627246
6  1.2  0.516384
6  1.3  0.430712
6  1.4  0.355815
6  1.5  0.292632
6  1.6  0.240937
6  1.7  0.197787
6  1.8  0.164581
6  1.9  0.136595
6  2.0  0.113371
6  3.0  0.022274
6  2.5  0.0479802
6  3.5  0.0108872
4  12.0  1.79595e-05
6  4.0  0.00600247
6  4.5  0.00344132
6  5.0  0.00203851
6  6.0  0.000827501
6  5.5  0.00127806
6  6.5  0.000549189
6  7.0  0.000363817
6  8.0  0.000180554
6  7.5  0.000253848
6  8.5  0.000129981
6  9.0  9.26864e-05
6  9.5  6.8933e-05
6  10.5  3.89188e-05
6  10.0  5.12123e-05
6  11.5  2.292e-05
8  0.2  0.572806
8  0.3  0.849951
8  0.4  1.04419
6  12.0  1.75229e-05
6  11.0  3.01729e-05
8  0.5  1.16382
8  0.6  1.18755
8  0.7  1.11945
8  0.8  0.994656
8  0.9  0.87003
8  1.0  0.744187
8  1.1  0.617438
8  1.2  0.516468
8  1.3  0.421311
8  1.5  0.288185
8  1.4  0.353378
8  1.6  0.235885
8  1.7  0.196314
8  1.8  0.162652
8  1.9  0.133757
8  2.5  0.0467226
8  2.0  0.111954
8  3.0  0.0218117
8  3.5  0.010929
8  4.0  0.00597642
8  4.5  0.00334087
8  5.0  0.00202835
8  5.5  0.0012646
8  6.0  0.000799608
8  6.5  0.000530164
8  7.0  0.000358947
8  8.0  0.000175851
8  7.5  0.0002488
8  8.5  0.000127841
8  9.0  9.41272e-05
8  9.5  6.80405e-05
8  10.0  5.08685e-05
8  11.0  2.88371e-05
8  11.5  2.23947e-05
8  10.5  3.82676e-05
8  12.0  1.76562e-05
