# diffractive D0 cross section, Pb target, HymnD fragmentation, An0n channel
# generated      : 2026-08-20 11:03:49 EEST
# calls          : 1e5 (VEGAS calls per point, see CALLS_EXCL/CALLS_EXCL_FACTORIZED/CALLS_DIFF)
# dipole samples : data/Pb/bk_posterior/member_0060/glauber_mve_<b>
# pD0 sweep      : 0.2 0.3 0.4 0.5 0.6 0.7 0.8 0.9 1.0 1.1 1.2 1.3 1.4 1.5 1.6 1.7 1.8 1.9 2.0 2.5 3.0 3.5 4.0 4.5 5.0 5.5 6.0 6.5 7.0 7.5 8.0 8.5 9.0 9.5 10.0 10.5 11.0 11.5 12.0
# fixed rapidity y : 0.0
# ============================================================
# b  pD0  dsigma_dyd2pD0
0  0.3  0.80663
0  0.4  1.01637
0  0.5  1.13203
0  0.2  0.558403
0  0.8  0.981188
0  0.6  1.14347
0  0.7  1.07266
0  0.9  0.85206
0  1.1  0.606547
0  1.0  0.724719
0  1.2  0.4843
0  1.4  0.33657
0  1.3  0.41093
0  1.7  0.190156
0  1.5  0.279596
0  1.8  0.152066
0  1.6  0.227658
0  2.0  0.105811
0  1.9  0.127599
0  2.5  0.0436523
0  3.5  0.00975407
0  3.0  0.0197779
0  4.0  0.00516826
0  4.5  0.00291429
0  5.0  0.0017102
0  5.5  0.00105443
0  6.0  0.000668835
0  6.5  0.000444308
0  7.0  0.000291061
0  7.5  0.000192102
0  8.0  0.000139765
0  8.5  9.94227e-05
0  9.0  7.37441e-05
0  9.5  5.2214e-05
0  10.0  3.95687e-05
10  0.2  0.552259
10  0.3  0.800991
10  0.4  1.00256
0  10.5  2.90832e-05
10  0.5  1.10638
10  0.6  1.11633
10  0.7  1.06196
10  0.8  0.948239
10  0.9  0.815296
10  1.0  0.695293
10  1.1  0.583739
10  1.2  0.481762
10  1.4  0.324804
10  1.3  0.398139
10  1.5  0.260311
10  1.6  0.217662
10  1.7  0.179346
0  11.0  2.23211e-05
10  1.8  0.146826
10  2.0  0.100414
10  1.9  0.122163
10  3.0  0.0190946
10  2.5  0.0414104
10  3.5  0.00934866
0  11.5  1.69743e-05
10  4.0  0.00499366
0  12.0  1.29837e-05
10  4.5  0.00281621
10  5.0  0.00162975
10  6.5  0.000413339
10  5.5  0.000990111
10  6.0  0.000629477
10  7.0  0.000277196
10  7.5  0.000189064
10  8.0  0.00013233
10  8.5  9.44102e-05
10  9.0  6.80011e-05
10  9.5  5.12011e-05
10  10.0  3.78718e-05
12  0.2  0.548024
12  0.3  0.790638
12  0.4  0.998649
10  10.5  2.76874e-05
12  0.5  1.10188
12  0.6  1.09855
12  0.7  1.03003
12  0.8  0.937771
12  0.9  0.809203
12  1.0  0.685995
12  1.1  0.571079
12  1.2  0.475088
12  1.3  0.387786
12  1.4  0.319551
12  1.5  0.259273
12  1.6  0.211744
12  1.8  0.144649
12  1.7  0.174248
12  1.9  0.119515
10  11.0  2.13915e-05
12  2.0  0.0979174
12  2.5  0.0406454
12  3.0  0.0183992
12  3.5  0.00903004
10  11.5  1.5988e-05
12  4.5  0.00268896
12  5.0  0.00160235
10  12.0  1.26531e-05
12  4.0  0.00483906
12  6.5  0.000407695
12  5.5  0.000970736
12  6.0  0.000611292
12  7.0  0.00026745
12  9.0  6.6707e-05
12  7.5  0.000187538
12  8.0  0.000130442
12  8.5  9.4299e-05
12  9.5  4.88128e-05
12  11.5  1.53146e-05
12  10.0  3.71012e-05
14  0.2  0.543149
14  0.3  0.791835
14  0.4  0.997648
14  0.5  1.08547
14  0.6  1.10116
14  0.7  1.02759
14  0.8  0.913768
14  0.9  0.794309
12  10.5  2.77815e-05
14  1.0  0.665453
14  1.1  0.560445
14  1.2  0.459866
14  1.3  0.374144
14  1.4  0.309685
14  1.5  0.254227
14  1.6  0.20847
14  1.7  0.170602
14  1.8  0.140322
12  11.0  2.04498e-05
14  1.9  0.115749
14  3.0  0.018186
14  2.0  0.0964492
14  2.5  0.0395046
14  3.5  0.0088562
14  4.0  0.00470083
14  4.5  0.00263829
14  5.0  0.00154693
12  12.0  1.2306e-05
14  6.5  0.00039138
14  5.5  0.00094055
14  6.0  0.000600753
14  7.5  0.000179537
14  7.0  0.00026363
14  8.0  0.00012857
14  8.5  8.88957e-05
14  9.0  6.38373e-05
14  9.5  4.8392e-05
14  10.0  3.49272e-05
16  0.2  0.538781
16  0.3  0.784347
16  0.4  0.970761
16  0.5  1.0775
14  10.5  2.6451e-05
16  0.6  1.08844
16  0.7  1.01227
16  0.8  0.90533
16  0.9  0.782713
14  11.0  2.04058e-05
16  1.0  0.654407
16  1.1  0.540315
16  1.2  0.445587
16  1.3  0.372125
16  1.4  0.298514
16  1.5  0.246668
16  1.6  0.200533
16  1.7  0.166735
16  1.8  0.135931
16  1.9  0.112064
16  2.0  0.0928047
16  2.5  0.0382262
16  3.0  0.0171715
16  3.5  0.008405
14  11.5  1.55974e-05
14  12.0  1.20505e-05
16  4.0  0.00449106
16  4.5  0.00257959
16  5.0  0.00149325
16  6.5  0.000381915
16  5.5  0.000912638
16  6.0  0.000582816
16  7.5  0.000171926
16  7.0  0.000252248
16  8.0  0.000121152
16  8.5  8.57874e-05
16  10.5  2.56918e-05
16  9.0  6.35941e-05
16  9.5  4.68072e-05
16  10.0  3.3588e-05
18  0.2  0.533294
18  0.3  0.76849
18  0.4  0.959477
18  0.5  1.04581
18  0.6  1.061
18  0.7  0.987092
16  12.0  1.11226e-05
18  0.8  0.879739
18  0.9  0.750949
18  1.0  0.631606
16  11.0  1.9108e-05
18  1.1  0.526358
18  1.2  0.430288
18  1.3  0.350602
18  1.4  0.289908
18  1.5  0.235485
18  1.6  0.194292
18  1.7  0.15777
18  1.8  0.130714
18  1.9  0.107028
18  2.0  0.0889957
18  2.5  0.0365945
18  3.0  0.0168825
18  3.5  0.00822312
16  11.5  1.45744e-05
18  4.0  0.00440231
18  4.5  0.00244956
18  5.0  0.00142126
18  5.5  0.000866894
18  6.5  0.000358149
18  6.0  0.000553165
18  7.5  0.000164863
18  7.0  0.00024207
18  8.0  0.00011863
18  8.5  8.33932e-05
18  9.0  6.06984e-05
18  10.5  2.43888e-05
18  9.5  4.344e-05
18  11.5  1.42775e-05
2  0.2  0.558362
18  10.0  3.17493e-05
2  0.3  0.811979
2  0.4  1.02686
18  12.0  1.0691e-05
2  0.5  1.12944
2  0.6  1.13965
2  0.7  1.08806
2  0.8  0.971494
2  0.9  0.839102
2  1.0  0.71854
2  1.1  0.602998
2  1.2  0.501853
2  1.4  0.336137
2  1.3  0.411892
2  1.5  0.275245
18  11.0  1.82345e-05
2  1.6  0.229553
2  1.7  0.187945
2  1.8  0.154928
2  1.9  0.126862
2  2.0  0.107321
2  2.5  0.0443594
2  3.0  0.0198056
2  3.5  0.00980282
2  4.0  0.00528222
2  4.5  0.0029421
2  6.0  0.000670631
2  5.0  0.00174582
2  6.5  0.000445033
2  5.5  0.00105788
2  7.0  0.000291901
2  7.5  0.000209437
2  8.0  0.000141919
2  8.5  9.76957e-05
2  9.0  7.07314e-05
2  9.5  5.34865e-05
2  10.0  3.98167e-05
20  0.2  0.525967
20  0.3  0.756778
20  0.4  0.941882
2  11.5  1.69913e-05
2  10.5  2.97725e-05
20  0.5  1.03075
20  0.6  1.01027
20  0.7  0.944544
20  0.8  0.840123
20  0.9  0.725007
20  1.0  0.603319
20  1.1  0.498071
20  1.2  0.414518
20  1.3  0.340475
20  1.4  0.270464
20  1.5  0.225911
20  1.6  0.185075
20  1.7  0.151097
20  1.8  0.123783
20  2.0  0.0840597
20  1.9  0.101785
20  2.5  0.0347411
2  11.0  2.17591e-05
20  3.0  0.0155674
20  3.5  0.00771747
20  4.0  0.00415431
2  12.0  1.29166e-05
20  4.5  0.0022867
20  5.0  0.00133736
20  5.5  0.000817686
20  6.0  0.00051356
20  7.5  0.000155031
20  6.5  0.000337395
20  7.0  0.000226444
20  8.0  0.000109622
20  8.5  7.74081e-05
20  9.0  5.60742e-05
20  9.5  4.18421e-05
22  0.2  0.511634
20  10.0  3.01141e-05
22  0.3  0.746137
22  0.4  0.915141
22  0.5  1.00024
22  0.6  0.990279
22  0.7  0.915365
20  12.0  1.0212e-05
20  10.5  2.27355e-05
22  0.8  0.798133
22  0.9  0.680761
22  1.0  0.575082
22  1.1  0.473699
22  1.2  0.385613
22  1.3  0.317557
22  1.4  0.261278
22  1.5  0.210464
22  1.6  0.170888
22  1.7  0.141368
22  1.8  0.115914
22  1.9  0.0950941
20  11.0  1.73334e-05
22  2.5  0.0325374
22  2.0  0.0788097
22  3.0  0.01458
22  3.5  0.00726025
20  11.5  1.36042e-05
22  4.0  0.00378297
22  5.5  0.000780339
22  5.0  0.00124601
22  4.5  0.00214354
22  6.0  0.000483473
22  6.5  0.000314536
22  7.0  0.000211968
22  8.0  0.000104258
22  7.5  0.000145481
22  8.5  7.17477e-05
22  9.0  5.34555e-05
22  9.5  3.80907e-05
22  10.0  2.78716e-05
24  0.2  0.500872
24  0.3  0.729373
24  0.4  0.884997
24  0.5  0.958391
22  10.5  2.1156e-05
24  0.6  0.934355
24  0.7  0.847466
24  0.8  0.745018
24  0.9  0.637335
24  1.0  0.526597
24  1.1  0.435805
24  1.2  0.359589
24  1.3  0.291594
22  11.0  1.60677e-05
24  1.4  0.240948
24  1.5  0.192532
24  1.6  0.159289
24  1.7  0.130017
24  1.8  0.104936
24  1.9  0.086857
24  2.0  0.0705336
22  11.5  1.22281e-05
24  2.5  0.0294089
24  3.0  0.0133558
24  3.5  0.00649596
22  12.0  9.32748e-06
24  5.5  0.000693967
24  4.0  0.00344851
24  4.5  0.00192283
24  5.0  0.00113741
24  6.0  0.000439105
24  7.0  0.000196856
24  6.5  0.000291927
24  7.5  0.000131666
24  8.0  8.98888e-05
24  8.5  6.59739e-05
24  9.0  4.81614e-05
24  9.5  3.49548e-05
24  10.0  2.54543e-05
26  0.2  0.496146
26  0.3  0.700236
24  10.5  1.98079e-05
26  0.4  0.846978
26  0.5  0.901957
26  0.6  0.865841
26  0.7  0.79099
26  0.8  0.685368
26  0.9  0.574744
26  1.0  0.477572
24  11.0  1.46491e-05
26  1.1  0.391307
26  1.2  0.322936
26  1.3  0.263705
26  1.4  0.212912
26  1.5  0.171718
26  1.6  0.140209
26  1.9  0.0768671
26  1.8  0.0943522
26  1.7  0.114925
24  11.5  1.09944e-05
26  2.5  0.0269918
26  3.0  0.0116809
26  2.0  0.0642952
26  3.5  0.00579304
24  12.0  8.63646e-06
26  4.0  0.00302499
26  4.5  0.00173356
26  5.0  0.00100047
26  5.5  0.000618688
26  6.0  0.000387118
26  7.5  0.000118469
26  6.5  0.000254932
26  8.0  8.34539e-05
26  7.0  0.000168436
26  8.5  5.79356e-05
26  9.5  3.04688e-05
26  9.0  4.15548e-05
26  10.0  2.26228e-05
28  0.2  0.460638
28  0.3  0.660884
28  0.4  0.782344
28  0.5  0.809401
28  0.6  0.783958
28  0.7  0.695178
28  0.8  0.603992
28  0.9  0.504725
28  1.1  0.339732
28  1.0  0.414624
26  10.5  1.66969e-05
28  1.2  0.277837
28  1.3  0.226046
28  1.4  0.182036
28  1.5  0.147387
28  1.6  0.118491
28  1.7  0.0976068
26  11.0  1.30978e-05
28  1.9  0.0656825
28  1.8  0.0795404
28  2.0  0.0544726
28  2.5  0.022073
26  11.5  9.67416e-06
28  3.0  0.009838
28  3.5  0.00489095
26  12.0  7.58717e-06
28  4.0  0.00256334
28  4.5  0.00142142
28  5.0  0.00083862
28  5.5  0.000512074
28  6.5  0.000213876
28  6.0  0.00033337
28  8.0  6.76801e-05
28  7.0  0.000146356
28  7.5  9.98216e-05
28  8.5  4.77495e-05
28  9.0  3.57429e-05
28  9.5  2.54165e-05
28  10.0  1.92468e-05
28  10.5  1.42172e-05
30  0.2  0.424347
30  0.3  0.599513
30  0.4  0.697633
30  0.5  0.699572
30  0.6  0.65984
30  0.7  0.577338
30  0.8  0.485244
30  0.9  0.41442
30  1.0  0.339794
30  1.1  0.275853
30  1.2  0.218996
30  1.3  0.178403
28  11.0  1.06253e-05
30  1.4  0.143873
30  1.5  0.116568
30  1.6  0.093763
30  1.7  0.0772859
30  1.8  0.0632472
30  1.9  0.0520298
30  2.0  0.0424338
30  2.5  0.0172487
30  3.0  0.00775558
30  3.5  0.00389355
28  11.5  8.4713e-06
28  12.0  6.4898e-06
30  5.0  0.000659652
30  4.0  0.00201793
30  4.5  0.00112076
30  5.5  0.000399727
30  6.0  0.000260897
30  7.5  7.81243e-05
30  6.5  0.000167163
30  7.0  0.00011471
30  8.0  5.27304e-05
30  8.5  3.79945e-05
30  9.0  2.79392e-05
30  9.5  1.9931e-05
30  10.0  1.47802e-05
32  0.2  0.382341
32  0.3  0.519195
32  0.4  0.568212
32  0.5  0.559932
32  0.6  0.510671
32  0.7  0.44534
32  0.8  0.372834
32  0.9  0.308816
30  10.5  1.10824e-05
32  1.0  0.249657
32  1.1  0.2017
32  1.2  0.163663
32  1.3  0.127864
32  1.4  0.105777
32  1.5  0.0854074
32  1.6  0.0684942
30  11.0  8.57932e-06
32  1.7  0.0553978
32  1.8  0.0455452
32  2.0  0.0307226
32  1.9  0.0374148
32  2.5  0.0124717
32  3.0  0.00565588
32  3.5  0.00277689
30  11.5  6.39017e-06
30  12.0  4.96358e-06
32  4.5  0.000806146
32  4.0  0.00142457
32  5.0  0.000470334
32  5.5  0.00028584
32  7.0  7.93129e-05
32  6.0  0.000182251
32  6.5  0.000118767
32  7.5  5.42532e-05
32  8.0  3.8329e-05
32  9.5  1.45531e-05
32  8.5  2.70328e-05
32  9.0  1.95612e-05
32  10.0  1.0694e-05
34  0.2  0.320207
32  10.5  7.89423e-06
34  0.3  0.410898
34  0.4  0.429099
34  0.5  0.405258
34  0.6  0.356953
34  0.7  0.304136
34  0.8  0.249254
34  0.9  0.204038
34  1.0  0.165423
34  1.1  0.131629
34  1.2  0.104452
34  1.3  0.086353
34  1.4  0.0681454
32  11.0  5.92888e-06
34  1.6  0.0443429
34  1.5  0.0552362
34  1.7  0.0358037
34  1.8  0.0295587
34  1.9  0.0245213
34  2.0  0.0201268
32  11.5  4.54559e-06
34  2.5  0.00786158
34  3.0  0.0035848
34  3.5  0.0017482
32  12.0  3.5092e-06
34  4.5  0.000517013
34  5.5  0.000184041
34  4.0  0.000929286
34  5.0  0.000300627
34  6.0  0.000115376
34  7.5  3.4498e-05
34  6.5  7.68457e-05
34  7.0  5.15156e-05
34  8.0  2.43463e-05
34  8.5  1.72786e-05
34  9.0  1.24532e-05
34  9.5  9.10391e-06
34  11.0  3.83357e-06
34  10.0  6.76329e-06
4  0.2  0.556775
4  0.3  0.807742
4  0.4  1.0253
34  10.5  5.18853e-06
4  0.5  1.12494
4  0.6  1.15767
4  0.7  1.07442
4  0.8  0.971183
4  0.9  0.845369
4  1.0  0.72268
4  1.1  0.600385
4  1.2  0.495058
4  1.3  0.40593
4  1.4  0.337092
4  1.5  0.273622
4  1.6  0.227239
4  1.7  0.183867
4  1.8  0.153818
4  1.9  0.125889
4  2.0  0.105194
4  2.5  0.0429981
4  3.0  0.0196039
4  3.5  0.00960799
34  11.5  2.93169e-06
34  12.0  2.25267e-06
4  4.0  0.00512712
4  4.5  0.00289434
4  5.0  0.00165971
4  6.0  0.000656344
4  6.5  0.000430724
4  5.5  0.00101499
4  7.5  0.000196786
4  7.0  0.000287205
4  8.0  0.000140385
4  8.5  9.86491e-05
4  9.0  7.28386e-05
4  9.5  5.19311e-05
6  0.2  0.556699
4  10.0  3.85498e-05
6  0.3  0.809405
6  0.4  1.0225
6  0.5  1.12439
6  0.6  1.15045
6  0.7  1.06566
6  0.8  0.968709
4  10.5  2.88374e-05
6  0.9  0.835277
6  1.0  0.711799
6  1.1  0.595844
6  1.2  0.496083
6  1.3  0.405005
6  1.4  0.329758
6  1.5  0.272307
6  1.6  0.223251
4  11.0  2.20997e-05
6  1.8  0.15151
6  1.7  0.185867
6  2.0  0.103199
6  1.9  0.12459
6  2.5  0.0425144
6  3.0  0.0195857
6  3.5  0.00964285
4  11.5  1.66553e-05
6  4.5  0.00286298
4  12.0  1.32685e-05
6  4.0  0.00506857
6  5.0  0.00164373
6  6.0  0.000661775
6  6.5  0.000418821
6  5.5  0.0010354
6  8.0  0.000141046
6  7.0  0.000291326
6  7.5  0.000194829
6  8.5  9.69369e-05
6  9.0  7.2231e-05
6  9.5  5.28473e-05
6  11.5  1.69687e-05
8  0.2  0.554622
6  10.0  3.92042e-05
8  0.3  0.80416
8  0.4  1.01977
8  0.5  1.13014
8  0.6  1.14127
8  0.7  1.06315
8  0.8  0.958767
6  10.5  2.84792e-05
8  0.9  0.828612
8  1.0  0.711226
8  1.1  0.590072
8  1.2  0.490506
8  1.3  0.404469
8  1.4  0.329323
8  1.6  0.220707
8  1.5  0.271085
8  1.7  0.181364
8  1.8  0.149579
8  1.9  0.123251
8  2.0  0.103053
8  2.5  0.0421651
8  3.0  0.0192713
8  3.5  0.00951921
6  11.0  2.2304e-05
8  4.0  0.00504108
8  4.5  0.0028737
8  5.0  0.00166151
6  12.0  1.2801e-05
8  5.5  0.0010117
8  6.5  0.00041959
8  6.0  0.000644866
8  7.0  0.000280788
8  7.5  0.000192757
8  8.0  0.000134757
8  8.5  9.54642e-05
8  9.0  7.05863e-05
8  9.5  5.22343e-05
8  10.0  3.86549e-05
8  11.5  1.67868e-05
8  10.5  2.81534e-05
8  11.0  2.12588e-05
8  12.0  1.26183e-05
