# diffractive D0 cross section, Pb target, LHAPDF fragmentation, An0n channel
# generated      : 2026-08-20 11:03:49 EEST
# calls          : 1e5 (VEGAS calls per point, see CALLS_EXCL/CALLS_EXCL_FACTORIZED/CALLS_DIFF)
# dipole samples : data/Pb/bk_posterior/member_0060/glauber_mve_<b>
# pD0 sweep      : 0.2 0.3 0.4 0.5 0.6 0.7 0.8 0.9 1.0 1.1 1.2 1.3 1.4 1.5 1.6 1.7 1.8 1.9 2.0 2.5 3.0 3.5 4.0 4.5 5.0 5.5 6.0 6.5 7.0 7.5 8.0 8.5 9.0 9.5 10.0 10.5 11.0 11.5 12.0
# fixed rapidity y : 2.0
# ============================================================
# b  pD0  dsigma_dyd2pD0
0  0.3  0.328955
0  0.2  0.223823
0  0.4  0.404223
0  0.5  0.436864
0  0.6  0.432853
0  0.9  0.285606
0  0.7  0.396173
0  0.8  0.34611
0  1.1  0.188162
0  1.0  0.23488
0  1.3  0.116046
0  1.2  0.149218
0  1.5  0.0735348
0  1.4  0.0942612
0  1.7  0.0465169
0  1.8  0.0363537
0  1.6  0.0596621
0  1.9  0.0292964
0  3.0  0.00309538
0  2.0  0.0235598
0  2.5  0.00805935
0  3.5  0.00132027
0  5.0  0.000141866
0  4.0  0.000601475
0  4.5  0.000287274
0  5.5  7.60685e-05
0  6.0  4.23211e-05
0  6.5  2.44386e-05
0  7.0  1.45012e-05
0  7.5  8.74786e-06
0  8.0  5.36333e-06
0  8.5  3.39924e-06
0  9.0  2.16684e-06
0  9.5  1.40906e-06
0  10.0  9.4324e-07
0  11.0  4.17998e-07
10  0.2  0.221757
10  0.3  0.327427
10  0.4  0.398003
10  0.5  0.431063
10  0.6  0.426088
0  12.0  1.98429e-07
10  0.7  0.384939
10  0.8  0.330921
10  1.0  0.227345
10  0.9  0.277244
10  1.1  0.18073
10  1.2  0.143551
10  1.3  0.114499
0  10.5  6.21792e-07
10  1.5  0.0707366
10  1.4  0.0899102
10  1.6  0.0560737
10  1.7  0.04455
10  1.8  0.0353755
10  2.0  0.022683
10  1.9  0.028492
10  2.5  0.00788965
10  3.0  0.00295708
10  3.5  0.00124439
0  11.5  2.86119e-07
10  5.0  0.000134525
10  4.0  0.00056454
10  4.5  0.000271434
10  5.5  7.03816e-05
10  6.0  4.07003e-05
10  6.5  2.33828e-05
10  7.0  1.3558e-05
10  8.5  3.22847e-06
10  7.5  8.33526e-06
10  8.0  5.12895e-06
10  9.0  2.01843e-06
10  9.5  1.36816e-06
10  11.0  4.00203e-07
10  10.0  8.89693e-07
12  0.2  0.220944
12  0.3  0.323064
12  0.4  0.396183
12  0.5  0.428605
12  0.6  0.41956
10  10.5  5.96949e-07
12  0.7  0.380647
12  0.8  0.327177
10  12.0  1.88307e-07
12  0.9  0.275136
12  1.0  0.222632
12  1.2  0.14153
12  1.1  0.177853
12  1.3  0.112092
12  1.5  0.0704309
12  1.4  0.0886164
12  1.6  0.0550068
12  1.8  0.0351806
12  1.7  0.0445721
12  1.9  0.0274803
12  2.0  0.0220543
12  3.0  0.00293886
12  2.5  0.007476
12  3.5  0.0011922
10  11.5  2.74022e-07
12  4.5  0.000260635
12  5.0  0.000134286
12  6.0  3.94291e-05
12  4.0  0.000546637
12  7.0  1.33602e-05
12  5.5  7.05606e-05
12  8.5  3.16217e-06
12  6.5  2.27895e-05
12  7.5  8.12049e-06
12  8.0  4.9747e-06
12  9.0  2.02309e-06
12  9.5  1.3177e-06
12  11.0  3.99027e-07
14  0.2  0.220289
14  0.3  0.319919
14  0.4  0.389759
14  0.5  0.425637
14  0.6  0.414525
14  0.7  0.373458
12  10.0  8.78311e-07
14  0.8  0.323377
14  0.9  0.269693
14  1.0  0.218643
12  10.5  5.77775e-07
14  1.1  0.174453
14  1.2  0.138076
14  1.4  0.0876054
14  1.3  0.109388
14  1.5  0.0674951
14  1.6  0.0535996
14  1.7  0.0422284
14  1.8  0.0338099
14  1.9  0.0264578
14  2.5  0.00727983
14  2.0  0.0211456
14  3.0  0.00286369
14  3.5  0.00115408
12  12.0  1.82801e-07
12  11.5  2.69079e-07
14  4.5  0.0002521
14  5.0  0.00013048
14  6.0  3.83939e-05
14  4.0  0.000528317
14  5.5  6.95566e-05
14  6.5  2.20579e-05
14  7.0  1.2788e-05
14  7.5  7.96125e-06
14  9.0  1.93626e-06
14  8.0  4.82899e-06
14  8.5  3.01354e-06
14  9.5  1.27399e-06
14  11.0  3.85838e-07
16  0.2  0.216566
16  0.3  0.318632
16  0.4  0.388252
14  10.0  8.45751e-07
16  0.5  0.420765
16  0.6  0.402044
16  0.7  0.366856
14  10.5  5.59802e-07
16  0.8  0.316196
16  0.9  0.263091
16  1.1  0.169763
16  1.0  0.212506
16  1.2  0.135636
16  1.3  0.106133
16  1.4  0.0828976
16  1.5  0.0663472
16  1.6  0.052051
16  1.7  0.0410651
16  1.8  0.0326684
16  1.9  0.0257627
16  3.0  0.00270578
16  2.5  0.00702978
16  2.0  0.0209215
16  3.5  0.0011213
14  11.5  2.56513e-07
16  4.5  0.000247957
14  12.0  1.78459e-07
16  5.0  0.000125862
16  6.0  3.5311e-05
16  4.0  0.000515205
16  5.5  6.70551e-05
16  6.5  2.10449e-05
16  7.0  1.2549e-05
16  7.5  7.5324e-06
16  9.0  1.88503e-06
16  9.5  1.22688e-06
16  8.0  4.67509e-06
16  8.5  2.86112e-06
18  0.2  0.214648
18  0.3  0.31197
16  10.0  8.10096e-07
18  0.4  0.378541
18  0.5  0.40936
16  10.5  5.43633e-07
18  0.6  0.395272
18  0.7  0.353048
18  0.8  0.304414
18  1.0  0.20672
18  0.9  0.250595
18  1.2  0.130632
18  1.1  0.165052
18  1.3  0.102192
18  1.4  0.079861
18  1.5  0.0634161
18  1.6  0.0501617
16  11.0  3.66513e-07
18  1.7  0.038974
18  1.8  0.0316003
18  1.9  0.0245832
18  2.0  0.0195756
18  2.5  0.00690443
18  3.0  0.00254713
18  3.5  0.00110524
16  11.5  2.43257e-07
16  12.0  1.75034e-07
18  5.0  0.000121529
18  4.0  0.00049408
18  4.5  0.000238122
18  6.0  3.52729e-05
18  5.5  6.37914e-05
18  8.0  4.39804e-06
18  6.5  2.03102e-05
18  7.0  1.20949e-05
18  7.5  7.3256e-06
18  9.0  1.79598e-06
18  8.5  2.81067e-06
18  9.5  1.17335e-06
18  10.0  7.40244e-07
2  0.2  0.222938
2  0.3  0.329054
2  0.4  0.405567
2  0.5  0.440633
2  0.6  0.433618
2  0.7  0.395526
2  0.8  0.343778
2  0.9  0.281121
18  10.5  5.19684e-07
2  1.0  0.233355
2  1.1  0.188126
2  1.3  0.11635
2  1.2  0.15037
2  1.4  0.0939071
2  1.5  0.074169
2  1.6  0.0589951
2  1.7  0.046704
2  1.8  0.0367987
18  11.0  3.48854e-07
2  2.0  0.0229827
2  1.9  0.0293819
2  2.5  0.00814016
2  3.0  0.00304875
2  3.5  0.00128463
18  11.5  2.37085e-07
18  12.0  1.6635e-07
2  4.0  0.000596908
2  5.0  0.000147954
2  4.5  0.000285916
2  5.5  7.74554e-05
2  6.0  4.22835e-05
2  6.5  2.39895e-05
2  7.0  1.43786e-05
2  7.5  8.67721e-06
2  8.0  5.09185e-06
2  8.5  3.42864e-06
2  9.0  2.16423e-06
2  9.5  1.39837e-06
2  11.0  4.02786e-07
20  0.2  0.209898
20  0.3  0.307757
20  0.4  0.381624
2  10.0  9.28022e-07
20  0.5  0.400485
20  0.6  0.382121
20  0.7  0.343703
20  0.8  0.295845
20  0.9  0.243653
2  12.0  1.98529e-07
20  1.0  0.19683
20  1.1  0.155594
20  1.2  0.125515
20  1.3  0.0980466
2  10.5  6.21842e-07
20  1.4  0.0764383
20  1.5  0.0616141
20  1.6  0.0474351
20  1.7  0.0376621
20  1.8  0.0296272
20  1.9  0.023684
20  2.5  0.00635985
20  2.0  0.018588
20  3.0  0.00245181
20  3.5  0.00102102
2  11.5  2.84518e-07
20  5.0  0.000110991
20  4.0  0.000464247
20  4.5  0.00022685
20  5.5  5.98529e-05
20  6.0  3.31198e-05
20  6.5  1.92635e-05
20  7.0  1.1075e-05
20  8.5  2.70286e-06
20  7.5  6.46711e-06
20  9.0  1.69657e-06
20  8.0  4.20765e-06
20  9.5  1.08168e-06
22  0.2  0.207037
22  0.3  0.303003
22  0.4  0.365883
20  10.0  7.41585e-07
22  0.5  0.383555
22  0.6  0.369164
22  0.7  0.330475
22  0.9  0.228815
22  0.8  0.282354
22  1.0  0.185853
22  1.1  0.148124
22  1.2  0.116561
20  10.5  4.84042e-07
22  1.3  0.0917125
22  1.4  0.0720247
22  1.5  0.0568521
22  1.6  0.0439868
22  1.7  0.0346801
20  11.0  3.31183e-07
22  1.8  0.0278102
22  1.9  0.0218871
22  2.5  0.00590563
22  2.0  0.0172969
22  3.0  0.00224962
22  3.5  0.000939616
20  11.5  2.27595e-07
20  12.0  1.59439e-07
22  4.0  0.000434046
22  4.5  0.000206046
22  6.0  3.06755e-05
22  5.0  0.00010444
22  5.5  5.61271e-05
22  6.5  1.7844e-05
22  7.0  1.02266e-05
22  7.5  6.27823e-06
22  9.0  1.58866e-06
22  8.0  3.89328e-06
22  8.5  2.51078e-06
22  9.5  1.01739e-06
22  10.0  6.75065e-07
24  0.2  0.202486
24  0.3  0.297236
24  0.4  0.356328
24  0.5  0.370236
24  0.6  0.349804
24  0.7  0.305665
22  10.5  4.56997e-07
24  0.8  0.264484
24  0.9  0.21621
24  1.0  0.173436
24  1.1  0.138709
24  1.2  0.108423
24  1.3  0.0845799
22  11.0  2.9578e-07
24  1.5  0.0518446
24  1.4  0.066559
24  1.6  0.0408384
24  1.7  0.0324203
24  1.9  0.0204077
24  1.8  0.0254047
24  2.0  0.0162863
24  2.5  0.00538915
22  11.5  2.07443e-07
24  3.0  0.00206888
24  3.5  0.000872812
22  12.0  1.47662e-07
24  4.5  0.000185669
24  4.0  0.000388782
24  5.0  9.68155e-05
24  5.5  5.06323e-05
24  6.0  2.7891e-05
24  6.5  1.59437e-05
24  7.0  9.61441e-06
24  7.5  5.52345e-06
24  9.0  1.38956e-06
24  8.0  3.50373e-06
24  8.5  2.19731e-06
24  9.5  9.3645e-07
24  10.0  6.19859e-07
26  0.2  0.198611
26  0.3  0.287155
26  0.4  0.337594
26  0.5  0.348364
24  10.5  4.00988e-07
26  0.6  0.327041
26  0.7  0.288912
26  0.8  0.24131
26  0.9  0.19577
26  1.0  0.157073
26  1.1  0.123935
26  1.2  0.0965562
26  1.3  0.0754129
26  1.4  0.0590833
24  11.0  2.76046e-07
26  1.5  0.0464676
26  1.6  0.0363616
26  1.7  0.0286795
26  1.8  0.0224871
26  1.9  0.0175577
26  2.0  0.0144224
26  2.5  0.00479146
26  3.0  0.00185943
26  3.5  0.000766861
24  11.5  1.93574e-07
24  12.0  1.29879e-07
26  5.0  8.30459e-05
26  4.0  0.000346554
26  4.5  0.000163395
26  6.0  2.51543e-05
26  5.5  4.4431e-05
26  8.0  3.0774e-06
26  6.5  1.41899e-05
26  7.0  8.32195e-06
26  7.5  5.16773e-06
26  9.0  1.25397e-06
26  9.5  8.31432e-07
26  8.5  1.97536e-06
26  10.5  3.64591e-07
26  11.0  2.44131e-07
26  10.0  5.36353e-07
28  0.2  0.189008
28  0.3  0.266119
28  0.4  0.316366
28  0.5  0.317163
28  0.6  0.291408
28  0.7  0.253147
28  0.8  0.212065
28  0.9  0.170956
28  1.0  0.136098
28  1.1  0.107483
28  1.2  0.0834882
28  1.3  0.0645718
28  1.4  0.0510536
28  1.5  0.0393681
28  1.6  0.0308169
28  1.7  0.0239653
28  1.8  0.0193287
28  1.9  0.0146953
28  2.0  0.0116699
28  2.5  0.00399172
28  3.5  0.00062767
28  3.0  0.00156848
26  11.5  1.68179e-07
26  12.0  1.11067e-07
28  4.0  0.000287976
28  5.0  7.09327e-05
28  5.5  3.73586e-05
28  4.5  0.000137151
28  6.0  2.11535e-05
28  6.5  1.19271e-05
28  7.0  6.98495e-06
28  7.5  4.22377e-06
28  8.0  2.63839e-06
28  8.5  1.63563e-06
28  9.0  1.06237e-06
28  9.5  6.79507e-07
28  10.0  4.56446e-07
30  0.2  0.176607
30  0.3  0.245328
30  0.4  0.27802
30  0.5  0.274795
28  10.5  3.06057e-07
30  0.6  0.249321
30  0.7  0.210925
30  0.8  0.173322
30  0.9  0.140846
30  1.1  0.085339
30  1.0  0.109603
30  1.2  0.0670102
30  1.3  0.0522372
30  1.5  0.0314895
30  1.4  0.040663
30  1.6  0.0248706
28  11.0  2.00033e-07
30  1.8  0.0151686
30  1.7  0.0194939
30  1.9  0.0117893
30  2.0  0.00939668
30  2.5  0.00324502
30  3.0  0.00121398
30  3.5  0.000498846
28  11.5  1.42055e-07
28  12.0  9.73516e-08
30  4.5  0.000106753
30  5.0  5.58791e-05
30  4.0  0.000226978
30  5.5  3.03054e-05
30  6.0  1.60774e-05
30  6.5  9.46229e-06
30  7.0  5.44987e-06
30  7.5  3.24973e-06
30  8.0  2.08021e-06
30  8.5  1.2744e-06
30  9.0  8.33216e-07
30  9.5  5.43158e-07
32  0.2  0.157784
30  10.0  3.55849e-07
32  0.3  0.209833
32  0.4  0.231321
32  0.5  0.218517
32  0.6  0.191798
32  0.7  0.162698
32  0.8  0.130719
32  0.9  0.102778
32  1.0  0.0811578
32  1.1  0.0635609
30  10.5  2.4281e-07
32  1.2  0.0491746
32  1.3  0.0380952
32  1.4  0.0293453
32  1.5  0.0222015
32  1.6  0.0182045
30  11.0  1.57524e-07
32  1.7  0.0139351
32  1.8  0.0109057
32  2.0  0.00682122
32  1.9  0.00870535
32  2.5  0.0022946
32  3.0  0.000840944
32  3.5  0.000369689
30  11.5  1.11824e-07
30  12.0  7.74603e-08
32  4.5  7.70667e-05
32  5.0  3.9176e-05
32  4.0  0.000157704
32  6.0  1.1808e-05
32  5.5  2.16378e-05
32  6.5  6.87878e-06
32  7.0  3.9995e-06
32  7.5  2.3449e-06
32  8.0  1.47527e-06
32  8.5  9.26408e-07
32  10.0  2.50726e-07
32  9.0  5.85829e-07
32  9.5  3.89186e-07
32  11.0  1.14367e-07
34  0.2  0.133342
32  10.5  1.67726e-07
34  0.3  0.168513
34  0.4  0.176166
34  0.5  0.157192
34  0.7  0.110179
34  0.6  0.13509
34  0.8  0.0895553
34  0.9  0.068552
34  1.0  0.0525254
34  1.1  0.0423068
34  1.2  0.0330383
34  1.3  0.0253466
34  1.4  0.0194982
34  1.5  0.014981
34  1.6  0.0117109
34  1.7  0.00903466
34  1.8  0.00697772
34  1.9  0.00549914
34  2.0  0.00441959
32  11.5  7.86418e-08
34  2.5  0.00151715
34  3.0  0.000558074
34  3.5  0.000239138
32  12.0  5.472e-08
34  5.0  2.51206e-05
34  4.5  5.10226e-05
34  4.0  0.000102948
34  6.0  7.69701e-06
34  5.5  1.34319e-05
34  6.5  4.28775e-06
34  7.0  2.58597e-06
34  7.5  1.47656e-06
34  8.0  9.58777e-07
34  8.5  6.04831e-07
34  9.0  3.88078e-07
34  9.5  2.53324e-07
34  10.0  1.64481e-07
4  0.2  0.223582
4  0.3  0.3296
4  0.4  0.411417
4  0.5  0.438287
4  0.6  0.428797
4  0.7  0.393584
4  0.8  0.342082
34  10.5  1.1015e-07
4  0.9  0.287056
4  1.0  0.233169
4  1.1  0.186075
4  1.2  0.149705
4  1.3  0.119336
4  1.5  0.0734623
4  1.4  0.0936311
4  1.6  0.0574778
34  11.0  7.44676e-08
4  1.7  0.0453366
4  1.8  0.0371175
4  1.9  0.029109
4  2.0  0.023362
4  3.0  0.00307316
4  2.5  0.00809382
4  3.5  0.00127586
34  11.5  5.0696e-08
34  12.0  3.50975e-08
4  4.0  0.000581467
4  5.0  0.000145082
4  4.5  0.000284864
4  5.5  7.66584e-05
4  6.0  4.21455e-05
4  6.5  2.38551e-05
4  7.0  1.37635e-05
4  7.5  8.59786e-06
4  8.0  5.24257e-06
4  8.5  3.35043e-06
4  9.0  2.14884e-06
4  9.5  1.40385e-06
4  11.0  4.19057e-07
6  0.2  0.223315
6  0.3  0.326629
6  0.4  0.402407
6  0.5  0.436826
6  0.6  0.422613
4  10.0  9.32495e-07
6  0.7  0.392019
6  0.8  0.339922
6  0.9  0.28637
6  1.0  0.230854
6  1.1  0.186252
4  12.0  1.97398e-07
6  1.2  0.147806
6  1.3  0.117836
6  1.5  0.0720763
6  1.4  0.0925577
4  10.5  6.26801e-07
6  1.7  0.0455954
6  1.6  0.0579386
4  11.5  2.89195e-07
6  1.8  0.0364867
6  1.9  0.0293369
6  2.5  0.00795682
6  2.0  0.0233707
6  3.0  0.0029937
6  3.5  0.00126624
6  5.0  0.00013929
6  4.0  0.000580493
6  4.5  0.000277715
6  5.5  7.60394e-05
6  6.0  4.19376e-05
6  6.5  2.40584e-05
6  7.0  1.40797e-05
6  7.5  8.58199e-06
6  8.0  5.28477e-06
6  8.5  3.33081e-06
6  9.0  2.03427e-06
6  9.5  1.34272e-06
6  11.0  3.92763e-07
8  0.2  0.220286
6  11.5  2.82911e-07
8  0.3  0.325681
8  0.4  0.404836
8  0.5  0.431524
6  10.0  9.16451e-07
8  0.6  0.425675
8  0.7  0.388276
8  0.8  0.338195
8  0.9  0.282107
8  1.0  0.229129
6  12.0  1.92279e-07
6  10.5  6.19783e-07
8  1.1  0.183516
8  1.2  0.147051
8  1.3  0.116478
8  1.5  0.07229
8  1.4  0.0924644
8  1.7  0.0457776
8  1.6  0.0579553
8  1.8  0.0355009
8  2.5  0.00797675
8  1.9  0.0287343
8  3.0  0.00300544
8  2.0  0.023142
8  3.5  0.00123362
8  5.0  0.000140905
8  4.0  0.0005621
8  4.5  0.00027542
8  5.5  7.43061e-05
8  6.0  4.12834e-05
8  6.5  2.38815e-05
8  8.5  3.22042e-06
8  7.0  1.39363e-05
8  7.5  8.45831e-06
8  8.0  5.20602e-06
8  9.0  2.09731e-06
8  9.5  1.37486e-06
8  11.0  3.76252e-07
8  10.0  8.71221e-07
8  12.0  1.92918e-07
8  10.5  6.02642e-07
8  11.5  2.82807e-07
