# exclusive D0 cross section, Pb target, LHAPDF fragmentation, An0n channel
# generated      : 2026-08-19 15:25:12 EEST
# calls          : 1e5 below 4.0 GeV, 2e3 above (see EXCL_PT_THRESHOLD) (VEGAS calls per point, see CALLS_EXCL/CALLS_EXCL_FACTORIZED/CALLS_DIFF)
# dipole samples : data/Pb/bk_posterior/member_0060/glauber_mve_<b>
# pD0 sweep      : 0.2 0.3 0.4 0.5 0.6 0.7 0.8 0.9 1.0 1.1 1.2 1.3 1.4 1.5 1.6 1.7 1.8 1.9 2.0 2.5 3.0 3.5 4.0 4.5 5.0 5.5 6.0 6.5 7.0 7.5 8.0 8.5 9.0 9.5 10.0 10.5 11.0 11.5 12.0
# fixed rapidity y : 3.0
# ============================================================
# b  pD0  dsigma_dyd2pD0
0  0.4  0.329445
0  0.5  0.243868
0  0.2  0.542959
0  0.3  0.431068
0  0.6  0.17654
0  0.7  0.125877
0  0.9  0.0624781
0  0.8  0.088923
0  1.0  0.0438021
0  1.2  0.0216158
0  1.1  0.0306613
0  1.3  0.015157
0  1.5  0.00768137
0  1.6  0.00545392
0  1.4  0.0107323
0  1.7  0.00388732
0  1.8  0.00281043
0  1.9  0.00201922
0  2.5  0.000317067
0  3.0  7.25442e-05
0  2.0  0.00146385
0  3.5  1.9421e-05
0  4.5  1.66613e-06
0  5.5  1.82492e-07
0  4.0  5.5119e-06
0  5.0  5.34796e-07
0  6.0  6.50241e-08
0  6.5  2.42548e-08
0  7.0  9.42727e-09
0  7.5  3.80117e-09
0  8.0  1.57655e-09
0  9.0  2.96664e-10
0  8.5  6.75033e-10
0  9.5  1.33529e-10
0  10.5  2.89565e-11
0  10.0  6.1514e-11
10  0.2  0.520767
10  0.3  0.413189
10  0.4  0.315308
10  0.5  0.232912
10  0.6  0.168313
10  0.7  0.119888
10  0.8  0.0844382
10  0.9  0.0592899
10  1.0  0.0414762
10  1.1  0.0290523
10  1.2  0.0203576
10  1.3  0.0142965
10  1.4  0.010098
0  11.5  6.76425e-12
10  1.5  0.00713921
10  1.7  0.00364035
10  1.6  0.00511298
0  11.0  1.38373e-11
10  1.9  0.00190212
10  1.8  0.00261759
10  2.0  0.00137514
10  3.0  6.58918e-05
10  2.5  0.000296515
10  3.5  1.75121e-05
0  12.0  3.33995e-12
10  4.5  1.53776e-06
10  4.0  5.08429e-06
10  5.0  4.925e-07
10  5.5  1.67365e-07
10  6.0  5.97048e-08
10  7.0  8.65612e-09
10  6.5  2.22634e-08
10  8.5  6.19408e-10
10  7.5  3.47827e-09
10  8.0  1.44435e-09
10  9.0  2.71583e-10
10  9.5  1.22066e-10
10  11.0  1.25835e-11
12  0.2  0.510461
10  10.0  5.61665e-11
12  0.3  0.404588
10  11.5  6.12699e-12
12  0.4  0.308359
12  0.5  0.227831
12  0.6  0.16454
12  0.8  0.0823746
12  0.7  0.116997
12  0.9  0.057747
12  1.0  0.0404088
10  10.5  2.6364e-11
12  1.1  0.0282366
12  1.2  0.0198146
12  1.3  0.013904
12  1.4  0.00980339
12  1.5  0.00693323
12  1.6  0.00498415
12  1.7  0.00357424
12  1.8  0.00254009
12  1.9  0.0018434
12  2.0  0.0013281
12  2.5  0.000285122
12  3.0  6.34109e-05
12  3.5  1.65767e-05
10  12.0  3.04347e-12
12  5.0  4.78657e-07
12  4.5  1.47817e-06
12  4.0  4.89667e-06
12  5.5  1.60596e-07
12  6.0  5.73993e-08
12  7.5  3.33018e-09
12  6.5  2.13759e-08
12  7.0  8.29713e-09
12  9.0  2.63031e-10
12  8.0  1.38478e-09
12  10.0  5.36815e-11
12  8.5  5.91691e-10
12  9.5  1.16931e-10
12  10.5  2.53087e-11
14  0.2  0.497855
14  0.3  0.394261
14  0.4  0.300407
14  0.5  0.221597
14  0.6  0.159879
14  0.7  0.113673
14  0.8  0.0799473
14  0.9  0.0559224
14  1.0  0.0389815
14  1.1  0.0272947
14  1.2  0.0190922
14  1.3  0.0134157
14  1.4  0.00952527
12  11.0  1.21242e-11
14  1.6  0.00478964
14  1.5  0.00668551
14  1.7  0.00342755
14  1.8  0.00243865
14  1.9  0.00177044
14  2.0  0.00127645
14  2.5  0.000270717
14  3.5  1.78897e-05
14  3.0  6.14857e-05
12  11.5  5.88108e-12
12  12.0  2.91221e-12
14  5.0  4.56232e-07
14  4.5  1.40856e-06
14  4.0  4.67366e-06
14  5.5  1.53272e-07
14  7.5  3.16065e-09
14  6.0  5.45678e-08
14  8.0  1.32952e-09
14  6.5  2.03172e-08
14  7.0  7.87729e-09
14  8.5  5.62718e-10
14  10.0  5.09574e-11
14  9.0  2.46496e-10
14  9.5  1.10812e-10
14  11.0  1.14255e-11
16  0.2  0.482487
14  10.5  2.39724e-11
16  0.3  0.381874
16  0.4  0.290475
16  0.5  0.214062
16  0.6  0.154236
16  0.7  0.109449
16  0.8  0.076895
16  0.9  0.0538129
16  1.0  0.0375252
16  1.1  0.0261974
16  1.2  0.0183038
16  1.3  0.0128306
16  1.4  0.00910194
16  1.5  0.00646265
16  1.6  0.00456561
16  1.7  0.00326058
16  1.8  0.00232197
16  1.9  0.00167106
16  2.0  0.0012244
16  2.5  0.00025872
16  3.0  5.97695e-05
16  3.5  1.49772e-05
14  11.5  5.57459e-12
14  12.0  2.75523e-12
16  4.5  1.3266e-06
16  4.0  4.39842e-06
16  5.0  4.24143e-07
16  6.5  1.91824e-08
16  5.5  1.43747e-07
16  6.0  5.12023e-08
16  7.0  7.38196e-09
16  7.5  2.9669e-09
16  8.0  1.23036e-09
16  10.0  4.76467e-11
16  8.5  5.26172e-10
16  9.0  2.30779e-10
16  9.5  1.0241e-10
16  11.0  1.06834e-11
16  10.5  2.24138e-11
18  0.2  0.463895
18  0.3  0.366449
18  0.4  0.278696
18  0.5  0.204993
18  0.6  0.147466
18  0.7  0.104458
18  0.8  0.0732377
18  0.9  0.051211
18  1.0  0.035648
18  1.1  0.0248258
18  1.2  0.0173445
18  1.3  0.0121418
18  1.4  0.00860331
18  1.5  0.00603163
18  1.6  0.00430581
18  1.7  0.00307282
18  1.9  0.00158631
18  1.8  0.00219086
18  2.0  0.00114252
18  2.5  0.000241164
18  3.0  5.64446e-05
18  3.5  1.57213e-05
16  11.5  5.20421e-12
16  12.0  2.57202e-12
18  4.0  4.10754e-06
18  4.5  1.23146e-06
18  5.5  1.33281e-07
18  5.0  3.93093e-07
18  6.0  4.73296e-08
18  6.5  1.76229e-08
18  7.0  6.81209e-09
18  8.5  4.90341e-10
18  8.0  1.13835e-09
18  7.5  2.73573e-09
18  9.0  2.14233e-10
18  9.5  9.58327e-11
18  10.0  4.37406e-11
18  11.0  9.81769e-12
2  0.2  0.542114
2  0.3  0.43059
2  0.4  0.328887
2  0.5  0.243444
2  0.6  0.17622
2  0.7  0.125637
2  0.8  0.0887953
2  0.9  0.0623566
18  10.5  2.0578e-11
2  1.0  0.0437121
2  1.1  0.0306432
2  1.2  0.021567
2  1.4  0.0107018
2  1.3  0.0151228
2  1.5  0.00766571
2  1.6  0.00543843
2  1.7  0.00387514
2  1.8  0.0028055
2  1.9  0.00200848
2  2.0  0.00146016
2  2.5  0.000316712
2  3.0  7.15074e-05
2  3.5  1.93783e-05
18  11.5  4.78151e-12
18  12.0  2.36321e-12
2  4.5  1.66085e-06
2  4.0  5.48896e-06
2  5.5  1.8191e-07
2  5.0  5.33113e-07
2  6.0  6.48144e-08
2  7.5  3.79236e-09
2  6.5  2.41759e-08
2  7.0  9.39619e-09
2  8.0  1.57128e-09
2  8.5  6.72792e-10
2  9.0  2.95942e-10
2  9.5  1.33053e-10
2  11.0  1.37108e-11
20  0.2  0.441345
20  0.3  0.348222
20  0.4  0.264427
2  10.0  6.13077e-11
20  0.5  0.194051
20  0.6  0.139347
20  0.7  0.0985295
20  0.8  0.0688867
20  0.9  0.0480685
20  1.0  0.0334852
20  1.1  0.0232408
2  10.5  2.87748e-11
20  1.2  0.0162042
20  1.3  0.011329
20  1.4  0.00801646
20  1.5  0.00562601
20  1.6  0.00400561
20  1.7  0.00285753
2  11.5  6.73051e-12
20  1.8  0.00202583
20  1.9  0.00147009
20  2.0  0.00108012
20  3.0  5.01561e-05
20  2.5  0.000222086
20  3.5  1.46942e-05
2  12.0  3.32783e-12
20  4.5  1.12185e-06
20  4.0  3.72973e-06
20  5.0  3.57468e-07
20  5.5  1.20754e-07
20  6.5  1.5987e-08
20  6.0  4.29535e-08
20  7.0  6.17719e-09
20  8.5  4.41094e-10
20  7.5  2.47303e-09
20  9.5  8.6442e-11
20  8.0  1.02554e-09
20  10.5  1.86917e-11
20  9.0  1.9197e-10
20  11.0  8.83764e-12
22  0.2  0.414006
20  10.0  3.95167e-11
22  0.3  0.326406
22  0.4  0.247083
22  0.5  0.181029
22  0.6  0.129568
22  0.7  0.0913761
22  0.9  0.0443633
22  0.8  0.0637035
20  12.0  2.13424e-12
22  1.1  0.0213763
22  1.0  0.0307902
22  1.2  0.0148609
22  1.3  0.0103656
22  1.4  0.007344
22  1.5  0.00516928
22  1.6  0.00364637
22  1.7  0.00259676
22  1.8  0.00184749
22  1.9  0.00131871
22  2.0  0.000966091
22  2.5  0.0002012
22  3.5  1.17945e-05
22  3.0  4.4489e-05
20  11.5  4.30127e-12
22  4.5  9.96202e-07
22  4.0  3.3237e-06
22  5.0  3.17124e-07
22  6.0  3.81624e-08
22  5.5  1.07319e-07
22  6.5  1.40786e-08
22  7.0  5.43805e-09
22  7.5  2.1778e-09
22  8.0  9.01165e-10
22  9.0  1.68611e-10
22  8.5  3.8481e-10
22  10.0  3.45059e-11
22  10.5  1.61203e-11
22  9.5  7.54326e-11
22  11.0  7.73126e-12
24  0.2  0.380686
24  0.3  0.299202
24  0.4  0.225853
24  0.5  0.164903
24  0.6  0.117721
24  0.7  0.0827903
24  0.8  0.0576318
24  0.9  0.0398813
24  1.0  0.0276381
24  1.1  0.0191483
24  1.2  0.0132541
24  1.3  0.00924261
24  1.4  0.00645703
24  1.5  0.00454782
24  1.7  0.00229584
24  1.6  0.00319339
24  1.8  0.00164694
24  1.9  0.00117589
24  2.0  0.000836882
24  2.5  0.000177592
24  3.5  1.09647e-05
24  3.0  4.08923e-05
22  11.5  3.75647e-12
22  12.0  1.85539e-12
24  4.0  2.85617e-06
24  4.5  8.51308e-07
24  5.0  2.70882e-07
24  5.5  9.11413e-08
24  7.0  4.62256e-09
24  6.0  3.22565e-08
24  6.5  1.19509e-08
24  8.0  7.7101e-10
24  7.5  1.84307e-09
24  8.5  3.25317e-10
24  9.0  1.41853e-10
24  9.5  6.31097e-11
24  10.0  2.91191e-11
26  0.2  0.339602
26  0.3  0.266176
26  0.4  0.200058
24  10.5  1.34135e-11
26  0.5  0.145567
26  0.6  0.103348
26  0.7  0.0723683
26  0.8  0.0501278
26  0.9  0.0346065
26  1.1  0.0164853
26  1.0  0.0238666
26  1.2  0.011424
26  1.3  0.00789956
24  11.0  6.50067e-12
26  1.5  0.0038932
26  1.4  0.00550059
26  1.6  0.00274258
26  1.7  0.0019274
26  1.8  0.00137079
26  1.9  0.000997855
26  2.5  0.000145118
26  2.0  0.000707363
26  3.0  3.35805e-05
26  3.5  8.73149e-06
24  11.5  3.1502e-12
26  4.5  6.93331e-07
24  12.0  1.55523e-12
26  5.5  7.38256e-08
26  4.0  2.33719e-06
26  5.0  2.19998e-07
26  7.5  1.49366e-09
26  6.0  2.60223e-08
26  7.0  3.69991e-09
26  6.5  9.61885e-09
26  8.5  2.61921e-10
26  8.0  6.09078e-10
26  9.0  1.12927e-10
26  10.5  1.07579e-11
26  9.5  5.05953e-11
26  10.0  2.31284e-11
28  0.2  0.289183
28  0.3  0.225755
28  0.4  0.169023
28  0.5  0.122149
28  0.6  0.0862376
28  0.7  0.060033
28  0.8  0.0413739
28  0.9  0.0284076
28  1.0  0.0194891
28  1.1  0.0133907
28  1.2  0.00919667
28  1.3  0.00636275
26  11.5  2.50075e-12
28  1.4  0.00441595
28  1.5  0.0031088
28  1.6  0.00219758
28  1.9  0.000785496
28  1.7  0.00152738
28  1.8  0.00108405
28  2.0  0.000557057
28  3.0  2.45279e-05
28  2.5  0.00011305
28  3.5  6.86006e-06
26  11.0  5.14583e-12
26  12.0  1.2289e-12
28  4.5  5.22596e-07
28  4.0  1.76963e-06
28  5.0  1.64528e-07
28  5.5  5.50837e-08
28  6.5  7.12607e-09
28  6.0  1.93279e-08
28  7.0  2.72957e-09
28  7.5  1.08703e-09
28  8.5  1.89894e-10
28  8.0  4.47005e-10
28  9.0  8.25656e-11
28  9.5  3.6893e-11
30  0.2  0.230055
30  0.3  0.17861
28  10.0  1.68247e-11
28  11.5  1.79938e-12
30  0.4  0.132762
30  0.5  0.095232
28  11.0  3.74949e-12
30  0.6  0.066685
30  0.7  0.0461003
30  0.8  0.0315122
30  0.9  0.0215099
28  10.5  7.86155e-12
30  1.0  0.014647
30  1.1  0.00999221
30  1.2  0.00684402
30  1.4  0.00324019
30  1.3  0.0046898
30  1.5  0.00224977
30  1.6  0.00158445
30  1.8  0.000779828
30  1.7  0.00110737
30  1.9  0.000564326
30  2.0  0.000398053
30  2.5  7.78187e-05
30  3.0  1.68707e-05
30  3.5  4.42046e-06
30  4.0  1.20645e-06
28  12.0  8.88746e-13
30  4.5  3.52873e-07
30  5.0  1.10479e-07
30  6.0  1.29227e-08
30  5.5  3.66044e-08
30  6.5  4.69796e-09
30  7.0  1.791e-09
30  7.5  7.10276e-10
30  8.0  2.91432e-10
30  8.5  1.22996e-10
30  9.0  5.34531e-11
30  9.5  2.38301e-11
30  10.0  1.08548e-11
32  0.2  0.166957
32  0.3  0.128475
32  0.4  0.0945645
30  10.5  5.04764e-12
32  0.5  0.0671771
32  0.6  0.0465893
32  0.7  0.0318483
32  0.8  0.0215802
32  0.9  0.0145706
32  1.0  0.00980687
32  1.1  0.00664697
32  1.2  0.00450359
32  1.3  0.0030854
32  1.4  0.00211831
32  1.5  0.00145956
32  1.6  0.0010234
30  11.0  2.39297e-12
32  1.7  0.000707574
32  1.8  0.000495798
32  1.9  0.000353261
32  2.0  0.000249282
32  2.5  4.82252e-05
32  3.0  1.11549e-05
32  3.5  2.69692e-06
30  11.5  1.1533e-12
30  12.0  5.67395e-13
32  4.0  7.12586e-07
32  4.5  2.05167e-07
32  6.0  7.36547e-09
32  5.0  6.37723e-08
32  6.5  2.68249e-09
32  5.5  2.099e-08
32  8.0  1.62533e-10
32  7.0  1.00789e-09
32  7.5  3.98406e-10
32  8.5  6.82658e-11
32  9.0  2.94936e-11
32  9.5  1.31036e-11
34  0.2  0.108717
32  10.0  5.94249e-12
34  0.3  0.0828531
32  10.5  2.76185e-12
34  0.4  0.0602774
34  0.5  0.0422728
34  0.6  0.0289146
34  0.7  0.0195356
34  0.8  0.0130863
34  0.9  0.00874248
32  11.0  1.30402e-12
34  1.0  0.00583168
34  1.1  0.00391019
34  1.2  0.0026177
34  1.3  0.001779
34  1.4  0.00120917
34  1.6  0.000578056
34  1.5  0.000824843
34  1.7  0.000393749
34  1.8  0.000281526
34  1.9  0.000198003
34  2.0  0.000139546
34  3.0  5.98225e-06
34  2.5  2.59178e-05
34  3.5  1.37038e-06
32  11.5  6.2622e-13
32  12.0  3.0621e-13
34  4.5  1.02346e-07
34  5.0  3.13973e-08
34  4.0  3.57587e-07
34  6.0  3.55971e-09
34  5.5  1.02016e-08
34  6.5  1.26892e-09
34  7.0  4.77821e-10
34  7.5  1.86868e-10
34  8.0  7.57684e-11
34  8.5  3.16426e-11
34  10.0  2.743e-12
34  9.0  1.36224e-11
34  9.5  6.01126e-12
4  0.2  0.539323
4  0.3  0.428655
4  0.4  0.327224
4  0.5  0.242166
4  0.6  0.175256
4  0.7  0.124917
4  0.8  0.0881088
4  0.9  0.0619734
34  10.5  1.25026e-12
4  1.0  0.043443
4  1.2  0.0214243
4  1.1  0.030444
4  1.3  0.0150203
4  1.5  0.0076124
4  1.4  0.0106255
34  11.0  5.88691e-13
4  1.7  0.00385112
4  1.6  0.00537181
4  1.8  0.00276531
4  1.9  0.00200122
4  2.0  0.00145073
4  3.0  7.10586e-05
4  2.5  0.000314842
4  3.5  1.90559e-05
34  11.5  2.81703e-13
34  12.0  1.37314e-13
4  4.5  1.6468e-06
4  4.0  5.44505e-06
4  5.0  5.27944e-07
4  5.5  1.79558e-07
4  6.0  6.41834e-08
4  6.5  2.39394e-08
4  7.0  9.30285e-09
4  7.5  3.75003e-09
4  8.0  1.55314e-09
4  8.5  6.65947e-10
4  9.0  2.92897e-10
4  9.5  1.31636e-10
4  10.0  6.081e-11
4  11.0  1.35707e-11
6  0.2  0.535267
4  11.5  6.62024e-12
6  0.3  0.425002
6  0.4  0.32443
6  0.5  0.240013
6  0.6  0.173633
6  0.7  0.123756
6  0.8  0.0872796
6  0.9  0.0613705
6  1.0  0.0429909
6  1.1  0.030076
6  1.2  0.0211847
4  10.5  2.84637e-11
6  1.3  0.0148582
6  1.4  0.0105087
6  1.5  0.00752116
6  1.6  0.00532838
6  1.7  0.00380117
6  1.8  0.00273351
6  1.9  0.00197588
6  2.5  0.000312062
6  2.0  0.00143876
6  3.0  6.95258e-05
6  3.5  1.95284e-05
4  12.0  3.29434e-12
6  4.5  1.62141e-06
6  4.0  5.35865e-06
6  5.0  5.19858e-07
6  5.5  1.76739e-07
6  6.0  6.31217e-08
6  6.5  2.35437e-08
6  7.0  9.14753e-09
6  7.5  3.69539e-09
6  8.0  1.52907e-09
6  9.0  2.87117e-10
6  10.0  5.93876e-11
6  8.5  6.5459e-10
6  9.5  1.29302e-10
6  11.0  1.33356e-11
8  0.2  0.528982
6  11.5  6.50991e-12
8  0.3  0.419902
8  0.4  0.320379
8  0.5  0.23694
8  0.6  0.171319
8  0.7  0.122061
8  0.8  0.086049
8  0.9  0.0603707
8  1.1  0.0296729
8  1.0  0.0423423
8  1.2  0.0207793
8  1.3  0.0146148
6  10.5  2.79637e-11
8  1.4  0.0103176
8  1.5  0.00739236
8  1.6  0.00524841
8  1.8  0.00270483
8  1.7  0.00373205
8  1.9  0.00194003
8  2.5  0.00030341
8  2.0  0.00140687
8  3.0  6.76937e-05
8  3.5  1.78489e-05
6  12.0  3.23318e-12
8  4.5  1.58454e-06
8  4.0  5.23794e-06
8  5.0  5.07883e-07
8  5.5  1.72688e-07
8  6.0  6.16411e-08
8  6.5  2.29859e-08
8  7.0  8.92545e-09
8  7.5  3.59646e-09
8  8.0  1.49208e-09
8  8.5  6.37972e-10
8  9.0  2.82173e-10
8  10.0  5.78971e-11
8  9.5  1.26278e-10
8  11.0  1.30078e-11
8  10.5  2.72292e-11
8  11.5  6.3422e-12
8  12.0  3.16406e-12
