# exclusive D0 cross section, Pb target, LHAPDF fragmentation, An0n channel
# generated      : 2026-08-20 10:20:12 EEST
# calls          : 1e5 below 4.0 GeV, 2e3 above (see EXCL_PT_THRESHOLD) (VEGAS calls per point, see CALLS_EXCL/CALLS_EXCL_FACTORIZED/CALLS_DIFF)
# dipole samples : data/Pb/mve/glauber_mve_<b>
# pD0 sweep      : 0.2 0.3 0.4 0.5 0.6 0.7 0.8 0.9 1.0 1.1 1.2 1.3 1.4 1.5 1.6 1.7 1.8 1.9 2.0 2.5 3.0 3.5 4.0 4.5 5.0 5.5 6.0 6.5 7.0 7.5 8.0 8.5 9.0 9.5 10.0 10.5 11.0 11.5 12.0
# fixed rapidity y : 0.0
# ============================================================
# b  pD0  dsigma_dyd2pD0
0  0.3  2.81951
0  0.5  1.63914
0  0.4  2.17886
0  0.2  3.51672
0  0.6  1.2069
0  0.7  0.875566
0  0.8  0.633858
0  0.9  0.45728
0  1.0  0.330259
0  1.2  0.173168
0  1.1  0.238407
0  1.3  0.125356
0  1.4  0.0928434
0  1.5  0.0676933
0  1.6  0.0510016
0  1.8  0.0280374
0  1.7  0.0367703
0  1.9  0.0218553
0  3.0  0.00105984
0  2.0  0.0157274
0  3.5  0.000614832
0  2.5  0.00427978
0  4.0  0.000139706
0  4.5  5.3834e-05
0  5.0  2.23656e-05
0  5.5  9.83156e-06
0  6.0  4.57145e-06
0  6.5  2.22768e-06
0  7.0  1.13743e-06
0  7.5  6.02686e-07
0  8.0  3.28975e-07
0  8.5  1.861e-07
0  9.0  1.08956e-07
0  9.5  6.50605e-08
0  10.0  3.97595e-08
10  0.2  3.33585
10  0.3  2.66778
0  10.5  2.50042e-08
10  0.4  2.0589
10  0.5  1.54043
10  0.6  1.13347
10  0.7  0.822553
10  0.8  0.594271
10  0.9  0.426598
10  1.0  0.307615
0  11.0  1.60473e-08
10  1.2  0.161248
10  1.1  0.22194
10  1.3  0.11643
10  1.4  0.0847198
10  1.5  0.0620272
10  1.6  0.0468236
10  1.7  0.0337434
10  1.8  0.0261213
10  2.0  0.0138909
10  2.5  0.00380306
10  1.9  0.0191176
10  3.0  0.000902226
10  3.5  0.000397908
0  11.5  1.04678e-08
0  12.0  6.99668e-09
10  4.0  0.000128214
10  5.0  2.04202e-05
10  4.5  4.93448e-05
10  5.5  8.93e-06
10  7.0  1.03416e-06
10  6.0  4.15365e-06
10  6.5  2.02519e-06
10  9.0  9.80817e-08
10  7.5  5.4613e-07
10  8.0  2.98551e-07
10  8.5  1.68849e-07
10  9.5  5.88536e-08
10  10.0  3.60364e-08
12  0.2  3.24768
12  0.3  2.59719
12  0.4  2.00171
10  10.5  2.26464e-08
12  0.5  1.50007
12  0.6  1.09778
12  0.7  0.797656
12  0.8  0.574933
12  0.9  0.412988
10  11.0  1.45232e-08
12  1.0  0.297208
12  1.1  0.214955
12  1.2  0.154716
12  1.3  0.112252
12  1.4  0.0832539
12  1.5  0.0596063
12  1.6  0.0453231
12  1.7  0.0339667
12  1.8  0.0248562
12  1.9  0.0189137
10  11.5  9.47316e-09
12  2.0  0.0141425
12  2.5  0.00378097
12  3.0  0.000985503
12  3.5  0.00042212
12  4.0  0.000121842
10  12.0  6.29865e-09
12  4.5  4.69838e-05
12  5.0  1.93814e-05
12  5.5  8.56983e-06
12  6.5  1.92079e-06
12  6.0  3.96818e-06
12  7.0  9.85387e-07
12  7.5  5.21702e-07
12  8.0  2.84662e-07
12  8.5  1.61129e-07
12  9.0  9.4175e-08
12  9.5  5.62961e-08
12  10.0  3.44013e-08
14  0.2  3.14501
14  0.3  2.5122
12  10.5  2.15586e-08
14  0.4  1.93435
14  0.5  1.44465
14  0.6  1.06078
14  0.7  0.767189
14  0.8  0.552251
14  0.9  0.396871
14  1.0  0.285451
14  1.1  0.20525
14  1.2  0.148484
14  1.3  0.107277
14  1.4  0.077768
12  11.0  1.38288e-08
14  1.5  0.0567502
14  1.6  0.0418487
14  1.7  0.0317444
14  1.9  0.0168918
14  1.8  0.0237704
14  2.5  0.00333623
14  2.0  0.01354
14  3.0  0.000997944
12  11.5  9.0575e-09
14  3.5  0.000364251
12  12.0  6.01029e-09
14  4.0  0.000115172
14  5.0  1.84284e-05
14  4.5  4.4601e-05
14  5.5  8.10065e-06
14  7.0  9.31059e-07
14  6.0  3.74961e-06
14  6.5  1.82426e-06
14  7.5  4.9231e-07
14  9.0  8.84672e-08
14  8.0  2.68797e-07
14  8.5  1.51989e-07
14  9.5  5.28879e-08
14  10.0  3.24597e-08
16  0.2  3.02032
16  0.3  2.40957
16  0.4  1.85254
16  0.5  1.38437
14  10.5  2.03403e-08
16  0.6  1.01268
16  0.7  0.732619
16  0.8  0.525814
16  0.9  0.376861
16  1.0  0.270486
16  1.1  0.194507
16  1.2  0.140402
14  11.0  1.31163e-08
16  1.3  0.101396
16  1.4  0.0751611
16  1.6  0.0410994
16  1.5  0.053616
16  1.7  0.0305022
16  2.0  0.0122372
16  1.8  0.0224696
16  1.9  0.0165169
16  2.5  0.00336898
16  3.0  0.000795698
16  3.5  0.000198
14  11.5  8.52504e-09
16  4.0  0.000108533
14  12.0  5.66459e-09
16  5.0  1.71432e-05
16  4.5  4.16643e-05
16  6.5  1.68696e-06
16  5.5  7.50737e-06
16  6.0  3.49405e-06
16  7.5  4.5441e-07
16  7.0  8.6746e-07
16  8.0  2.4996e-07
16  8.5  1.41356e-07
16  9.0  8.2561e-08
16  9.5  4.91628e-08
16  10.0  3.01329e-08
18  0.2  2.87217
18  0.3  2.28685
16  10.5  1.89714e-08
18  0.4  1.75554
18  0.5  1.30678
18  0.6  0.955175
18  0.7  0.689107
18  0.8  0.494242
18  0.9  0.35346
16  11.0  1.21236e-08
18  1.0  0.253133
18  1.1  0.181988
18  1.2  0.131098
18  1.3  0.0945506
18  1.5  0.0507491
18  1.4  0.0690647
18  1.6  0.0367896
18  1.8  0.0204913
18  1.7  0.0273656
18  1.9  0.0154682
18  2.0  0.0113642
18  2.5  0.00314494
18  3.0  0.000796236
18  3.5  0.000266862
16  11.5  7.92405e-09
18  4.5  3.80444e-05
16  12.0  5.27327e-09
18  5.5  6.82362e-06
18  4.0  9.96127e-05
18  5.0  1.57589e-05
18  6.5  1.54422e-06
18  6.0  3.20304e-06
18  7.5  4.18911e-07
18  7.0  7.92689e-07
18  9.0  7.50261e-08
18  8.0  2.28576e-07
18  8.5  1.29254e-07
18  9.5  4.49559e-08
18  10.0  2.75105e-08
2  0.2  3.50964
18  10.5  1.73137e-08
2  0.3  2.81404
2  0.4  2.17417
2  0.5  1.635
2  0.6  1.203
2  0.7  0.875892
2  0.8  0.632168
2  0.9  0.455278
2  1.0  0.329117
2  1.2  0.172718
2  1.1  0.237661
18  11.5  7.22169e-09
2  1.3  0.124679
2  1.4  0.0929849
2  1.6  0.0506255
2  1.5  0.0668624
18  11.0  1.11235e-08
2  1.7  0.0367199
2  1.8  0.027478
2  1.9  0.0208359
2  2.0  0.0154924
2  2.5  0.00420974
2  3.0  0.00119452
2  3.5  0.000468216
2  4.0  0.000139148
2  4.5  5.36411e-05
18  12.0  4.81312e-09
2  5.0  2.22845e-05
2  5.5  9.79602e-06
2  6.0  4.55484e-06
2  6.5  2.20491e-06
2  7.0  1.1333e-06
2  7.5  6.00344e-07
2  8.0  3.27755e-07
2  8.5  1.85411e-07
2  9.0  1.08557e-07
2  9.5  6.46937e-08
2  10.0  3.96098e-08
20  0.2  2.69281
20  0.3  2.142
20  0.4  1.63885
2  10.5  2.46613e-08
20  0.5  1.21842
20  0.6  0.887607
20  0.7  0.638349
2  11.0  1.59872e-08
20  0.8  0.45729
20  0.9  0.326574
20  1.0  0.233505
20  1.1  0.167237
20  1.2  0.121125
20  1.4  0.0640097
20  1.3  0.0865767
20  1.5  0.0455002
20  1.6  0.0333967
20  1.7  0.0251471
20  1.8  0.0189769
20  1.9  0.0136007
20  2.0  0.0100931
20  2.5  0.00261051
2  11.5  1.04292e-08
20  3.0  0.000701711
20  3.5  0.00035708
2  12.0  6.97148e-09
20  4.5  3.41623e-05
20  5.5  6.1115e-06
20  5.0  1.41476e-05
20  4.0  8.94376e-05
20  6.0  2.87002e-06
20  6.5  1.39297e-06
20  7.5  3.74664e-07
20  7.0  7.06644e-07
20  9.0  6.74347e-08
20  8.0  2.04204e-07
20  8.5  1.15457e-07
20  9.5  4.01488e-08
20  10.0  2.4555e-08
22  0.2  2.47884
22  0.3  1.96784
20  10.5  1.52698e-08
22  0.4  1.5012
22  0.5  1.11236
22  0.6  0.808334
22  0.7  0.579822
22  0.8  0.413668
22  0.9  0.294672
22  1.0  0.210064
22  1.1  0.149961
22  1.2  0.108758
22  1.3  0.0784707
20  11.0  9.86081e-09
22  1.4  0.0560196
22  1.5  0.0406181
22  1.6  0.0298297
22  1.7  0.0220609
22  1.8  0.0163159
22  1.9  0.0123875
22  2.0  0.00972215
22  2.5  0.00252045
22  3.0  0.000691173
20  11.5  6.4662e-09
22  3.5  0.000188588
20  12.0  4.29209e-09
22  5.5  5.32374e-06
22  4.0  7.83784e-05
22  4.5  2.99484e-05
22  5.0  1.23178e-05
22  6.0  2.49297e-06
22  7.5  3.24513e-07
22  6.5  1.21466e-06
22  7.0  6.13249e-07
22  8.0  1.77324e-07
22  9.0  5.82919e-08
22  8.5  1.00038e-07
22  9.5  3.47488e-08
22  10.0  2.12678e-08
24  0.2  2.22359
22  10.5  1.33787e-08
24  0.3  1.75797
24  0.4  1.33754
22  11.5  5.57416e-09
24  0.5  0.987879
24  0.6  0.714061
22  11.0  8.52848e-09
24  0.7  0.510306
24  0.8  0.362675
24  0.9  0.256836
24  1.0  0.182926
24  1.1  0.130698
24  1.2  0.0939041
24  1.3  0.0667023
24  1.4  0.0494494
24  1.5  0.0349961
24  1.7  0.0191951
24  1.6  0.0255857
24  1.8  0.0144036
24  2.0  0.00782314
24  1.9  0.0106764
24  2.5  0.00202855
24  3.5  0.000175383
24  3.0  0.00059126
22  12.0  3.7186e-09
24  5.0  1.02458e-05
24  5.5  4.43947e-06
24  4.0  6.55302e-05
24  4.5  2.50439e-05
24  6.5  1.0107e-06
24  6.0  2.07645e-06
24  7.5  2.69926e-07
24  7.0  5.08566e-07
24  8.0  1.47294e-07
24  9.0  4.83121e-08
24  8.5  8.30879e-08
24  9.5  2.88085e-08
24  10.0  1.7622e-08
26  0.2  1.91691
26  0.3  1.51084
24  10.5  1.10501e-08
26  0.4  1.14243
26  0.5  0.837666
26  0.6  0.60301
26  0.7  0.428095
26  0.8  0.303468
26  0.9  0.214266
26  1.0  0.151706
26  1.1  0.108207
26  1.2  0.0765245
26  1.3  0.054743
26  1.4  0.0395189
24  11.0  7.06138e-09
26  1.5  0.0284574
26  1.6  0.0213444
26  1.8  0.0117992
26  1.7  0.0153632
26  1.9  0.00857683
26  2.0  0.00653027
26  2.5  0.00155228
26  3.0  0.0005226
26  3.5  0.000107713
24  11.5  4.6403e-09
24  12.0  3.07104e-09
26  5.0  8.07946e-06
26  4.0  5.19802e-05
26  4.5  1.97688e-05
26  5.5  3.53656e-06
26  7.5  2.08705e-07
26  6.0  1.62559e-06
26  6.5  7.88797e-07
26  7.0  3.98047e-07
26  9.0  3.75539e-08
26  8.0  1.15049e-07
26  8.5  6.46138e-08
26  9.5  2.24159e-08
26  10.0  1.37112e-08
26  11.5  3.56118e-09
28  0.2  1.5569
28  0.3  1.21948
26  10.5  8.54421e-09
28  0.4  0.916722
28  0.5  0.667556
28  0.6  0.477454
28  0.7  0.337162
28  0.8  0.236975
28  0.9  0.166569
28  1.1  0.0830914
28  1.0  0.116933
26  11.0  5.48727e-09
28  1.2  0.0593489
28  1.3  0.0424465
28  1.4  0.0303447
28  1.5  0.0217811
28  1.6  0.0161294
28  1.7  0.0119439
28  1.8  0.00859925
28  1.9  0.0065228
28  2.0  0.00480645
28  2.5  0.0011039
28  3.5  9.20063e-06
28  3.0  0.000382016
26  12.0  2.38946e-09
28  5.0  5.82624e-06
28  4.0  3.76613e-05
28  4.5  1.42602e-05
28  5.5  2.54238e-06
28  6.0  1.16476e-06
28  8.0  8.13297e-08
28  6.5  5.65748e-07
28  7.0  2.84261e-07
28  7.5  1.49854e-07
28  8.5  4.59815e-08
28  9.0  2.68046e-08
28  9.5  1.59003e-08
28  10.0  9.7138e-09
30  0.2  1.15685
30  0.3  0.89771
30  0.4  0.669724
30  0.5  0.483555
30  0.6  0.342558
28  10.5  6.07287e-09
30  0.7  0.240069
30  0.8  0.167108
30  0.9  0.116411
30  1.0  0.0812841
30  1.2  0.0404839
30  1.1  0.0571828
30  1.3  0.0287665
30  1.4  0.0207188
28  11.0  3.88388e-09
30  1.5  0.014627
30  1.6  0.0108591
30  1.7  0.00798422
30  1.8  0.00593647
30  1.9  0.00420598
30  2.0  0.00315257
30  2.5  0.000750513
30  3.0  0.000224382
30  3.5  7.66483e-05
28  11.5  2.53806e-09
28  12.0  1.68329e-09
30  4.5  9.16595e-06
30  4.0  2.41499e-05
30  5.0  3.69615e-06
30  5.5  1.5873e-06
30  6.0  7.35027e-07
30  6.5  3.54002e-07
30  7.0  1.78418e-07
30  7.5  9.35228e-08
30  8.0  5.09214e-08
30  8.5  2.85887e-08
30  9.0  1.66083e-08
30  9.5  9.86646e-09
30  10.0  6.00874e-09
30  11.5  1.55013e-09
32  0.2  0.759694
32  0.3  0.584817
32  0.4  0.430767
30  10.5  3.76087e-09
32  0.5  0.307293
32  0.7  0.148947
32  0.6  0.215336
32  0.8  0.102944
32  0.9  0.0711985
32  1.0  0.0492987
32  1.1  0.0342663
32  1.2  0.0239108
32  1.3  0.0172202
32  1.4  0.0119217
32  1.5  0.0087155
32  1.6  0.00633489
32  1.7  0.00456655
30  11.0  2.39525e-09
32  1.9  0.00236543
32  1.8  0.00331491
32  2.0  0.00185212
32  2.5  0.000384713
32  3.0  0.000126422
32  3.5  6.47103e-05
32  4.0  1.2924e-05
32  4.5  4.87424e-06
30  12.0  1.03787e-09
32  5.5  8.49817e-07
32  5.0  1.99319e-06
32  7.0  9.33532e-08
32  6.0  3.88598e-07
32  6.5  1.87018e-07
32  7.5  4.91449e-08
32  8.0  2.66094e-08
32  8.5  1.4999e-08
32  9.0  8.63089e-09
32  9.5  5.11419e-09
32  10.0  3.11823e-09
4  0.2  3.48777
4  0.3  2.79631
4  0.4  2.16017
4  0.5  1.62052
32  10.5  1.93946e-09
4  0.6  1.19571
4  0.7  0.868461
4  0.8  0.628705
4  0.9  0.452357
4  1.0  0.326206
32  11.0  1.23736e-09
4  1.1  0.236664
4  1.2  0.17093
4  1.3  0.124069
4  1.4  0.0903358
4  1.5  0.067383
4  1.6  0.0492894
4  1.7  0.0364472
4  1.8  0.0278214
4  1.9  0.0205258
4  2.0  0.0151544
4  2.5  0.00416263
4  3.0  0.00102913
4  3.5  0.000328266
32  11.5  8.04587e-10
4  4.5  5.32949e-05
32  12.0  5.32001e-10
4  5.0  2.20383e-05
4  4.0  0.000139323
4  5.5  9.68915e-06
4  6.0  4.50501e-06
4  7.5  5.91762e-07
4  6.5  2.19503e-06
4  7.0  1.12101e-06
4  8.0  3.24176e-07
4  8.5  1.83167e-07
4  9.5  6.30052e-08
4  9.0  1.07344e-07
4  11.0  1.56685e-08
4  10.0  3.91621e-08
6  0.2  3.45123
6  0.3  2.76569
6  0.4  2.137
6  0.5  1.60533
4  10.5  2.46164e-08
6  0.6  1.18137
6  0.7  0.858702
6  0.8  0.619443
6  0.9  0.446237
6  1.0  0.322286
6  1.1  0.232715
6  1.2  0.169053
6  1.4  0.0905867
6  1.3  0.122067
6  1.5  0.0662121
6  1.6  0.0482635
6  1.7  0.0368089
6  1.8  0.0272778
6  1.9  0.0205005
6  2.0  0.0154223
4  11.5  1.03096e-08
6  2.5  0.0041168
6  3.0  0.000997662
6  3.5  0.000417683
6  4.5  5.21022e-05
4  12.0  6.8855e-09
6  4.0  0.0001364
6  5.0  2.16907e-05
6  5.5  9.50972e-06
6  6.0  4.42164e-06
6  7.5  5.8051e-07
6  6.5  2.15418e-06
6  7.0  1.10017e-06
6  9.0  1.04607e-07
6  8.0  3.18072e-07
6  8.5  1.79882e-07
6  11.0  1.53634e-08
6  9.5  6.26071e-08
8  0.2  3.40006
6  10.0  3.84233e-08
8  0.3  2.72296
8  0.4  2.10261
8  0.5  1.57874
8  0.6  1.16089
8  0.7  0.842634
6  10.5  2.41436e-08
8  0.8  0.608609
8  0.9  0.439453
8  1.0  0.315727
8  1.1  0.228363
8  1.2  0.164774
8  1.3  0.119809
8  1.5  0.0648336
8  1.4  0.0869923
8  1.6  0.0470884
8  1.7  0.0349589
8  1.8  0.0266787
8  1.9  0.0195985
8  2.0  0.0150876
6  11.5  1.01048e-08
8  2.5  0.00378243
8  3.0  0.00109743
8  3.5  0.000513291
8  4.0  0.000132355
6  12.0  6.73334e-09
8  5.0  2.1142e-05
8  4.5  5.11257e-05
8  5.5  9.29209e-06
8  7.0  1.07196e-06
8  6.0  4.30495e-06
8  7.5  5.63458e-07
8  6.5  2.09759e-06
8  9.0  1.01787e-07
8  8.0  3.09617e-07
8  8.5  1.75088e-07
8  9.5  6.05595e-08
8  10.0  3.7385e-08
8  10.5  2.355e-08
8  11.0  1.50785e-08
8  11.5  9.83218e-09
8  12.0  6.54085e-09
