# diffractive D0 cross section, Pb target, LHAPDF fragmentation, An0n channel
# generated      : 2026-08-19 15:30:53 EEST
# calls          : 1e5 (VEGAS calls per point, see CALLS_EXCL/CALLS_EXCL_FACTORIZED/CALLS_DIFF)
# dipole samples : data/Pb/bk_posterior/member_0094/glauber_mve_<b>
# pD0 sweep      : 0.2 0.3 0.4 0.5 0.6 0.7 0.8 0.9 1.0 1.1 1.2 1.3 1.4 1.5 1.6 1.7 1.8 1.9 2.0 2.5 3.0 3.5 4.0 4.5 5.0 5.5 6.0 6.5 7.0 7.5 8.0 8.5 9.0 9.5 10.0 10.5 11.0 11.5 12.0
# fixed rapidity y : 0.0
# ============================================================
# b  pD0  dsigma_dyd2pD0
0  0.2  0.54365
0  0.4  0.989354
0  0.5  1.10796
0  0.3  0.787889
0  0.6  1.14127
0  0.7  1.07695
0  0.9  0.87225
0  0.8  0.98659
0  1.0  0.736323
0  1.1  0.62132
0  1.3  0.444085
0  1.2  0.527547
0  1.4  0.364772
0  1.6  0.250543
0  1.5  0.302079
0  1.7  0.210013
0  2.0  0.122596
0  1.8  0.176535
0  1.9  0.147011
0  2.5  0.0540853
0  3.0  0.0258069
0  3.5  0.013229
0  4.0  0.00736156
0  5.5  0.0016333
0  4.5  0.0042113
0  5.0  0.00261845
0  6.5  0.000714907
0  6.0  0.00108211
0  7.5  0.000342705
0  7.0  0.000486822
0  8.0  0.000244494
0  8.5  0.000178085
0  9.0  0.000130176
0  10.5  5.65365e-05
0  9.5  9.76567e-05
0  10.0  7.37614e-05
10  0.2  0.540163
10  0.3  0.783789
10  0.4  0.983816
10  0.5  1.09239
10  0.6  1.10313
10  0.7  1.05121
10  0.8  0.950776
10  0.9  0.831073
10  1.0  0.713718
10  1.1  0.607807
10  1.2  0.505738
10  1.3  0.425819
10  1.5  0.288479
10  1.4  0.351363
10  1.6  0.242005
10  1.7  0.201979
0  11.0  4.33795e-05
10  1.8  0.169875
10  1.9  0.140044
10  2.0  0.117082
10  2.5  0.051358
10  3.5  0.0127236
0  11.5  3.34451e-05
10  3.0  0.0247251
0  12.0  2.62995e-05
10  4.0  0.00685179
10  4.5  0.00407875
10  5.0  0.00250018
10  5.5  0.00154507
10  6.5  0.000679748
10  6.0  0.00101367
10  7.5  0.000325634
10  7.0  0.000462637
10  9.5  9.32922e-05
10  8.0  0.000232958
10  8.5  0.000173394
10  9.0  0.000126854
10  10.5  5.42132e-05
10  11.0  4.22009e-05
10  11.5  3.19819e-05
12  0.2  0.538007
12  0.3  0.777573
10  10.0  7.18426e-05
12  0.4  0.975939
12  0.5  1.08638
12  0.6  1.10198
12  0.7  1.04021
12  0.8  0.92825
12  0.9  0.819787
12  1.0  0.706124
12  1.1  0.592972
12  1.3  0.411579
12  1.2  0.493995
12  1.4  0.344832
12  1.5  0.284373
12  1.6  0.240573
12  1.7  0.197972
12  1.8  0.161521
12  1.9  0.13791
12  2.0  0.115761
12  2.5  0.0504802
12  3.0  0.0241244
10  12.0  2.50817e-05
12  3.5  0.0124669
12  4.5  0.00395608
12  4.0  0.00687991
12  5.0  0.00241407
12  5.5  0.00154541
12  7.5  0.000321687
12  6.0  0.00100328
12  6.5  0.000666061
12  7.0  0.000457014
12  8.0  0.000227376
12  10.5  5.34538e-05
12  8.5  0.000167507
12  9.0  0.000121284
12  11.0  3.98095e-05
12  9.5  9.29852e-05
14  0.2  0.533017
12  10.0  6.8336e-05
12  11.5  3.12033e-05
14  0.4  0.966469
14  0.3  0.769757
14  0.5  1.07448
14  0.6  1.07564
14  0.7  1.0208
14  0.8  0.923418
14  0.9  0.813408
14  1.0  0.679218
14  1.2  0.485362
14  1.1  0.583338
14  1.3  0.4052
14  1.4  0.336672
14  1.5  0.281248
14  1.6  0.22977
14  1.7  0.193709
14  1.8  0.160944
14  1.9  0.134133
14  2.0  0.110369
14  2.5  0.0484405
14  3.0  0.023653
14  3.5  0.0120473
12  12.0  2.44032e-05
14  4.0  0.00682971
14  4.5  0.00385931
14  5.0  0.00243278
14  6.0  0.000960332
14  5.5  0.00149449
14  6.5  0.000646853
14  7.0  0.000454725
14  7.5  0.000309113
14  8.0  0.000220135
14  8.5  0.000164752
14  10.5  5.06572e-05
14  9.0  0.000121605
14  9.5  8.92933e-05
14  11.0  4.02404e-05
14  10.0  6.56482e-05
16  0.2  0.530586
16  0.3  0.765335
16  0.4  0.954065
16  0.5  1.06059
16  0.6  1.0706
16  0.7  1.00509
16  0.8  0.894474
16  0.9  0.785225
16  1.0  0.672329
16  1.1  0.558506
16  1.2  0.474931
16  1.4  0.325668
16  1.3  0.394149
16  1.5  0.269131
16  1.6  0.221861
16  1.7  0.188033
16  1.8  0.154327
16  1.9  0.129211
16  2.0  0.108897
16  2.5  0.0473285
16  3.0  0.022941
16  3.5  0.0118173
14  11.5  3.0356e-05
14  12.0  2.3665e-05
16  4.0  0.00637444
16  5.0  0.00229086
16  4.5  0.00368093
16  7.0  0.000430865
16  5.5  0.00142688
16  6.0  0.000949587
16  6.5  0.000627137
16  7.5  0.000304013
16  8.0  0.000210145
16  8.5  0.000154294
16  10.5  4.99535e-05
16  9.0  0.000115974
16  9.5  8.53342e-05
16  11.0  3.77752e-05
16  10.0  6.52492e-05
18  0.2  0.521178
18  0.3  0.753096
18  0.4  0.935589
18  0.5  1.04558
18  0.6  1.03247
18  0.7  0.984372
18  0.8  0.880927
18  0.9  0.764297
18  1.0  0.651135
18  1.1  0.547864
18  1.2  0.460988
18  1.3  0.376256
18  1.4  0.313642
18  1.5  0.257743
18  1.6  0.213241
18  1.7  0.178693
18  1.8  0.150097
18  2.0  0.103332
18  1.9  0.124734
18  2.5  0.0443289
18  3.0  0.0214651
18  3.5  0.0114086
16  11.5  2.88712e-05
16  12.0  2.31482e-05
18  5.5  0.00134943
18  6.0  0.00088298
18  4.0  0.00616146
18  4.5  0.00358473
18  5.0  0.0021503
18  6.5  0.000589457
18  7.0  0.000404463
18  7.5  0.000283359
18  8.0  0.000203137
18  10.5  4.77417e-05
18  8.5  0.000147295
18  9.0  0.000110493
18  9.5  8.27815e-05
18  11.0  3.67967e-05
18  10.0  6.27558e-05
2  0.2  0.543402
2  0.3  0.793681
2  0.4  0.99241
2  0.5  1.10587
2  0.6  1.12766
2  0.7  1.08492
2  0.9  0.867439
2  0.8  0.971813
2  1.0  0.739973
2  1.1  0.626065
2  1.2  0.520944
2  1.3  0.435819
2  1.4  0.363936
2  1.5  0.30197
2  1.6  0.251453
2  1.7  0.211616
2  1.8  0.174657
2  1.9  0.146238
2  2.0  0.124497
2  3.0  0.0256682
2  2.5  0.0537461
2  3.5  0.0136092
18  11.5  2.80782e-05
2  4.0  0.00736413
2  4.5  0.00436046
18  12.0  2.24118e-05
2  5.5  0.00162922
2  5.0  0.00264942
2  6.5  0.000732723
2  6.0  0.0010682
2  7.5  0.000342797
2  7.0  0.000487756
2  8.0  0.000246795
2  8.5  0.000177417
2  9.0  0.000134377
2  10.5  5.73381e-05
2  9.5  0.00010075
20  0.2  0.514204
20  0.3  0.749466
2  10.0  7.31594e-05
20  0.4  0.922332
20  0.5  1.02183
20  0.6  1.00587
20  0.7  0.953155
20  0.8  0.850015
20  0.9  0.73126
20  1.0  0.623474
20  1.1  0.520631
20  1.2  0.430918
20  1.3  0.361434
20  1.4  0.296013
20  1.5  0.247809
20  1.6  0.204217
20  1.7  0.171451
20  1.8  0.140942
20  1.9  0.117938
20  2.0  0.0992868
2  11.0  4.39667e-05
20  2.5  0.0433915
20  3.5  0.0104182
20  3.0  0.0206294
2  11.5  3.36825e-05
2  12.0  2.6374e-05
20  4.0  0.00582977
20  4.5  0.00334076
20  5.0  0.00203555
20  5.5  0.00129217
20  6.0  0.00083292
20  6.5  0.000578668
20  7.0  0.000382954
20  7.5  0.000269982
20  8.0  0.000193225
20  8.5  0.000139498
20  9.0  0.000102975
20  9.5  7.63387e-05
20  10.0  5.76149e-05
22  0.2  0.496573
20  11.5  2.65145e-05
22  0.3  0.729089
22  0.4  0.895653
22  0.5  0.989682
20  10.5  4.51146e-05
22  0.6  0.971129
22  0.7  0.899817
22  0.8  0.810148
22  0.9  0.697815
22  1.0  0.590085
22  1.1  0.489224
22  1.2  0.41095
22  1.3  0.33926
22  1.4  0.280174
22  1.5  0.230063
20  11.0  3.34203e-05
22  1.6  0.189312
22  1.7  0.159176
22  1.9  0.109641
22  1.8  0.131888
22  2.0  0.0936547
22  2.5  0.0398681
22  3.5  0.00982848
22  3.0  0.0191476
20  12.0  2.04561e-05
22  5.5  0.00118986
22  5.0  0.00188897
22  6.0  0.00078809
22  4.0  0.00541547
22  4.5  0.00311427
22  6.5  0.000519059
22  7.0  0.000358386
22  7.5  0.000249901
22  8.0  0.000183589
22  10.5  4.07727e-05
22  8.5  0.00013212
22  9.0  9.59537e-05
22  9.5  7.25874e-05
24  0.2  0.490198
22  10.0  5.48016e-05
24  0.3  0.705553
24  0.4  0.869462
24  0.5  0.935814
24  0.6  0.929636
22  12.0  1.86434e-05
24  0.7  0.858881
24  0.8  0.754038
24  0.9  0.654073
24  1.0  0.548151
24  1.1  0.454761
24  1.2  0.3742
24  1.3  0.310991
24  1.4  0.257777
24  1.5  0.211876
24  1.6  0.174309
24  1.7  0.14589
24  1.8  0.121049
24  1.9  0.0996058
24  2.0  0.084221
24  2.5  0.0364535
24  3.0  0.017376
24  3.5  0.00889081
22  11.0  3.1635e-05
22  11.5  2.45985e-05
24  4.0  0.00491767
24  4.5  0.00288295
24  6.0  0.000703258
24  5.0  0.00173719
24  5.5  0.00108922
24  7.0  0.000326627
24  6.5  0.000480377
24  7.5  0.000227047
24  8.0  0.000161861
24  8.5  0.000117348
24  9.0  8.6897e-05
24  9.5  6.47691e-05
24  10.0  4.99654e-05
24  11.5  2.21979e-05
24  10.5  3.6401e-05
26  0.2  0.474287
26  0.3  0.686328
24  12.0  1.72197e-05
26  0.4  0.830806
26  0.5  0.874742
26  0.6  0.864213
26  0.7  0.79546
26  0.8  0.698251
26  0.9  0.599174
26  1.0  0.496209
26  1.1  0.404458
26  1.2  0.342874
26  1.3  0.278318
24  11.0  2.87761e-05
26  1.4  0.232423
26  1.5  0.188938
26  1.6  0.156601
26  1.7  0.131227
26  1.9  0.0893085
26  1.8  0.107493
26  2.0  0.0748885
26  3.5  0.00772409
26  2.5  0.0323055
26  3.0  0.0153898
26  4.0  0.00429544
26  4.5  0.00247768
26  5.0  0.00156066
26  5.5  0.000978394
26  6.0  0.000619958
26  7.0  0.000290429
26  8.0  0.0001424
26  6.5  0.000419094
26  7.5  0.00020035
26  8.5  0.000102476
26  9.0  7.62159e-05
26  9.5  5.68795e-05
26  10.0  4.25774e-05
28  0.2  0.451811
28  0.3  0.64423
28  0.4  0.76995
26  10.5  3.35408e-05
28  0.5  0.810079
28  0.6  0.772945
28  0.7  0.696692
28  0.8  0.607219
28  0.9  0.513597
28  1.0  0.42853
28  1.1  0.352425
28  1.2  0.295184
28  1.3  0.237603
28  1.4  0.197414
28  1.5  0.162115
26  11.0  2.51242e-05
28  1.6  0.133703
28  1.7  0.109495
28  1.9  0.0760675
28  1.8  0.0911297
28  2.0  0.0633132
28  2.5  0.0273647
28  3.0  0.0129038
28  3.5  0.00666028
26  11.5  1.93506e-05
26  12.0  1.52475e-05
28  6.0  0.000522634
28  4.0  0.00358884
28  4.5  0.00210989
28  5.0  0.00129629
28  6.5  0.000352454
28  5.5  0.000826109
28  7.5  0.00017266
28  7.0  0.000246968
28  8.5  8.60164e-05
28  8.0  0.000121378
28  9.0  6.50555e-05
28  9.5  4.71658e-05
28  10.0  3.68851e-05
28  11.5  1.63709e-05
30  0.2  0.416863
30  0.3  0.588318
30  0.4  0.686915
30  0.5  0.702939
30  0.6  0.658858
28  10.5  2.78126e-05
30  0.7  0.588153
30  0.8  0.504478
30  0.9  0.417906
30  1.0  0.351305
30  1.1  0.282439
30  1.2  0.232005
30  1.3  0.19216
30  1.4  0.158066
28  11.0  2.1016e-05
30  1.5  0.129261
30  1.6  0.105632
30  1.7  0.0871807
30  1.9  0.0589636
30  1.8  0.0718946
30  2.0  0.0499171
30  2.5  0.0212861
30  3.0  0.0102443
30  3.5  0.00525884
28  12.0  1.31617e-05
30  4.0  0.00287366
30  4.5  0.00164343
30  6.0  0.0004092
30  5.0  0.00100034
30  5.5  0.000627551
30  7.0  0.000192206
30  6.5  0.000274571
30  7.5  0.000131288
30  8.0  9.61796e-05
30  8.5  6.73965e-05
30  9.0  4.96967e-05
30  9.5  3.66501e-05
30  10.0  2.83958e-05
32  0.2  0.374925
30  10.5  2.10851e-05
32  0.3  0.511752
32  0.4  0.571494
32  0.5  0.561405
32  0.6  0.514209
32  0.7  0.449943
32  0.8  0.380672
32  0.9  0.310675
32  1.0  0.259709
32  1.1  0.214907
32  1.2  0.173191
30  11.0  1.64195e-05
32  1.3  0.141451
32  1.4  0.114817
32  1.5  0.093625
32  1.6  0.0776599
32  1.7  0.0636424
32  1.8  0.0527542
32  1.9  0.0431762
32  2.0  0.0367835
30  11.5  1.27753e-05
32  3.0  0.0073087
32  2.5  0.0154428
32  3.5  0.00373174
30  12.0  9.96839e-06
32  4.0  0.0020709
32  4.5  0.00117381
32  5.0  0.000721716
32  6.0  0.000298333
32  5.5  0.000464125
32  6.5  0.000193883
32  7.0  0.000136407
32  7.5  9.34804e-05
32  8.0  6.66075e-05
32  8.5  4.84601e-05
32  10.5  1.52164e-05
32  9.0  3.65065e-05
32  9.5  2.66056e-05
32  10.0  2.03464e-05
34  0.2  0.313804
34  0.3  0.406811
34  0.4  0.42457
34  0.5  0.404662
34  0.6  0.359232
34  0.7  0.307339
32  12.0  7.07736e-06
34  0.8  0.2567
34  0.9  0.212536
34  1.0  0.171038
34  1.1  0.139716
34  1.2  0.11246
34  1.3  0.0929259
34  1.4  0.0743702
34  1.5  0.0609986
34  1.6  0.0496598
34  1.7  0.0410973
34  1.8  0.0338708
34  1.9  0.0279975
32  11.0  1.17217e-05
34  2.0  0.0233517
34  3.0  0.0047391
34  2.5  0.010024
34  3.5  0.00241787
32  11.5  9.36403e-06
34  4.0  0.00131967
34  5.0  0.000461863
34  4.5  0.000767741
34  5.5  0.000287643
34  7.0  8.51881e-05
34  6.0  0.000189373
34  6.5  0.000125366
34  8.5  3.13112e-05
34  7.5  6.09955e-05
34  8.0  4.3483e-05
34  10.5  9.62859e-06
34  9.0  2.27542e-05
34  9.5  1.67195e-05
34  11.5  5.8389e-06
4  0.2  0.548428
34  10.0  1.28862e-05
4  0.3  0.786577
4  0.5  1.10306
4  0.4  0.998572
4  0.6  1.12323
4  0.7  1.07639
4  0.8  0.967953
4  0.9  0.857581
4  1.0  0.729983
34  12.0  4.56156e-06
4  1.1  0.625119
4  1.2  0.524056
4  1.3  0.438484
4  1.4  0.367482
4  1.5  0.300576
4  1.6  0.250615
4  1.7  0.207854
34  11.0  7.61331e-06
4  1.8  0.174315
4  1.9  0.146757
4  2.0  0.122478
4  2.5  0.0540365
4  3.0  0.0260209
4  3.5  0.0133261
4  4.5  0.00416046
4  5.5  0.00162096
4  4.0  0.00739771
4  5.0  0.00267855
4  6.0  0.00107956
4  6.5  0.000704999
4  7.0  0.000484995
4  7.5  0.000338881
4  8.0  0.000249297
4  8.5  0.000176362
4  9.0  0.000133446
4  10.5  5.55947e-05
4  9.5  9.66424e-05
4  10.0  7.45898e-05
6  0.2  0.542106
6  0.3  0.790379
6  0.4  0.995156
6  0.5  1.0992
6  0.6  1.13378
6  0.7  1.07505
6  0.9  0.851612
6  0.8  0.962701
6  1.1  0.625283
6  1.0  0.733728
6  1.2  0.519638
6  1.3  0.435642
6  1.4  0.360747
6  1.5  0.300018
6  1.6  0.24929
4  11.0  4.30118e-05
6  1.7  0.206792
6  1.8  0.173044
6  1.9  0.141319
6  2.0  0.121338
6  3.0  0.0252153
6  2.5  0.0534746
6  3.5  0.0131624
4  11.5  3.35379e-05
4  12.0  2.61833e-05
6  5.5  0.00162634
6  4.0  0.00725934
6  4.5  0.00430395
6  5.0  0.00256991
6  7.0  0.000487184
6  6.5  0.000701409
6  6.0  0.00104281
6  7.5  0.000338056
6  8.0  0.000242435
6  8.5  0.000177401
6  10.5  5.68556e-05
6  9.0  0.000128807
6  9.5  9.80394e-05
6  11.0  4.35432e-05
8  0.2  0.544215
6  11.5  3.38225e-05
6  10.0  7.41407e-05
8  0.3  0.789253
8  0.4  0.992316
8  0.5  1.0995
8  0.6  1.10341
8  0.7  1.07202
8  0.8  0.957758
8  0.9  0.839231
8  1.0  0.717004
8  1.1  0.613455
8  1.2  0.516501
8  1.3  0.431155
8  1.4  0.359496
8  1.5  0.294843
8  1.6  0.245332
8  1.7  0.204163
8  1.8  0.171201
8  1.9  0.142355
8  3.0  0.025348
8  2.0  0.118789
8  2.5  0.0523987
8  3.5  0.0130149
6  12.0  2.59115e-05
8  4.0  0.00713451
8  4.5  0.00417952
8  5.0  0.00253165
8  6.0  0.00106313
8  5.5  0.001599
8  6.5  0.000694892
8  7.0  0.000477717
8  7.5  0.000331682
8  9.5  9.67775e-05
8  8.0  0.000238163
8  8.5  0.000172159
8  10.5  5.48127e-05
8  9.0  0.000130833
8  11.5  3.32768e-05
8  10.0  7.17138e-05
8  11.0  4.18589e-05
8  12.0  2.62375e-05
