# diffractive D0 cross section, Pb target, LHAPDF fragmentation, An0n channel
# generated      : 2026-08-19 15:29:20 EEST
# calls          : 1e5 (VEGAS calls per point, see CALLS_EXCL/CALLS_EXCL_FACTORIZED/CALLS_DIFF)
# dipole samples : data/Pb/bk_posterior/member_0080/glauber_mve_<b>
# pD0 sweep      : 0.2 0.3 0.4 0.5 0.6 0.7 0.8 0.9 1.0 1.1 1.2 1.3 1.4 1.5 1.6 1.7 1.8 1.9 2.0 2.5 3.0 3.5 4.0 4.5 5.0 5.5 6.0 6.5 7.0 7.5 8.0 8.5 9.0 9.5 10.0 10.5 11.0 11.5 12.0
# fixed rapidity y : -1.0
# ============================================================
# b  pD0  dsigma_dyd2pD0
0  0.4  1.04018
0  0.5  1.15403
0  0.2  0.578876
0  0.3  0.831565
0  0.6  1.18003
0  0.7  1.11141
0  0.8  1.02138
0  0.9  0.895307
0  1.0  0.771428
0  1.1  0.656767
0  1.2  0.553257
0  1.3  0.464165
0  1.4  0.386518
0  1.5  0.322464
0  1.6  0.26601
0  1.8  0.185451
0  1.7  0.226592
0  1.9  0.156199
0  2.0  0.133798
0  2.5  0.0591987
0  3.5  0.0151924
0  3.0  0.0289699
0  4.5  0.0050003
0  4.0  0.00851537
0  5.0  0.00309349
0  5.5  0.00197283
0  6.0  0.0013056
0  8.0  0.000315818
0  6.5  0.000882156
0  7.0  0.000622519
0  7.5  0.000434809
0  8.5  0.000226835
0  9.0  0.000171215
0  10.5  7.51432e-05
0  9.5  0.000129459
0  11.0  5.76507e-05
0  10.0  9.86065e-05
10  0.2  0.56888
10  0.3  0.82326
10  0.4  1.00561
10  0.5  1.14037
10  0.6  1.15363
10  0.7  1.09048
10  0.8  0.980741
10  0.9  0.871403
10  1.1  0.628845
10  1.0  0.750419
10  1.2  0.531682
0  11.5  4.58748e-05
10  1.3  0.44563
10  1.5  0.308255
10  1.4  0.371245
10  1.6  0.259097
10  1.7  0.215408
10  1.8  0.180728
10  1.9  0.152024
10  2.0  0.127562
10  2.5  0.0570914
10  3.0  0.0275956
10  3.5  0.0145181
0  12.0  3.60589e-05
10  4.0  0.00809468
10  4.5  0.00482894
10  5.0  0.00293972
10  5.5  0.00187455
10  6.0  0.00126401
10  6.5  0.000842045
10  8.5  0.000219192
10  7.0  0.00058332
10  7.5  0.000413482
10  8.0  0.000299001
10  10.5  7.10669e-05
10  9.0  0.000163485
10  9.5  0.000122832
10  10.0  9.31247e-05
12  0.2  0.563851
12  0.3  0.8107
12  0.4  1.0245
12  0.5  1.12839
12  0.6  1.13829
12  0.7  1.08132
12  0.8  0.974706
12  0.9  0.840404
12  1.0  0.736136
12  1.1  0.622695
12  1.2  0.527276
12  1.3  0.436936
10  11.0  5.54096e-05
12  1.4  0.36157
12  1.6  0.250575
12  1.5  0.30253
12  1.7  0.211467
12  1.8  0.17668
10  12.0  3.44095e-05
12  1.9  0.145881
10  11.5  4.38855e-05
12  2.0  0.124893
12  2.5  0.0556406
12  3.0  0.0269904
12  3.5  0.0141566
12  4.0  0.00809049
12  4.5  0.00463104
12  5.0  0.00288348
12  5.5  0.00182963
12  6.0  0.00121312
12  6.5  0.000819947
12  8.5  0.000214435
12  7.0  0.00056872
12  7.5  0.00041108
12  8.0  0.000292361
12  9.0  0.000158744
12  9.5  0.000121112
12  10.0  9.07356e-05
14  0.2  0.561106
14  0.3  0.806055
14  0.4  1.00639
12  10.5  6.99876e-05
14  0.5  1.11421
12  12.0  3.34843e-05
14  0.6  1.10903
14  0.7  1.05184
14  0.8  0.951867
14  0.9  0.835942
14  1.0  0.714698
14  1.1  0.610362
12  11.5  4.21588e-05
14  1.2  0.511037
14  1.3  0.427228
14  1.4  0.353537
14  1.5  0.296382
14  1.6  0.244651
12  11.0  5.40409e-05
14  1.8  0.169827
14  1.7  0.204717
14  1.9  0.144642
14  2.0  0.121707
14  2.5  0.0546768
14  3.5  0.0137795
14  3.0  0.0263374
14  5.0  0.00281771
14  4.0  0.0076234
14  4.5  0.00452454
14  5.5  0.00178207
14  6.0  0.00120553
14  7.0  0.000552492
14  6.5  0.000789696
14  7.5  0.000391215
14  8.0  0.000283618
14  8.5  0.000208159
14  9.0  0.000154096
14  10.5  6.80126e-05
14  10.0  8.81061e-05
14  9.5  0.000115844
14  11.5  4.17163e-05
16  0.2  0.555089
16  0.3  0.802861
16  0.4  0.988713
14  11.0  5.24284e-05
16  0.5  1.0957
14  12.0  3.23167e-05
16  0.6  1.07212
16  0.7  1.01434
16  0.8  0.934208
16  0.9  0.813842
16  1.0  0.699699
16  1.1  0.591992
16  1.2  0.492087
16  1.3  0.414386
16  1.4  0.341131
16  1.5  0.285224
16  1.6  0.237245
16  1.7  0.200165
16  1.8  0.166801
16  1.9  0.138062
16  2.0  0.116373
16  2.5  0.0521998
16  3.0  0.0254113
16  3.5  0.013193
16  4.0  0.00741141
16  4.5  0.00433015
16  5.0  0.00268814
16  6.0  0.00112705
16  5.5  0.00171301
16  7.5  0.000382
16  6.5  0.000769425
16  7.0  0.000541063
16  9.0  0.000149009
16  8.0  0.000272273
16  8.5  0.000202139
16  9.5  0.000111999
16  10.0  8.56824e-05
18  0.2  0.547911
18  0.3  0.791868
18  0.4  0.961767
16  11.0  5.13191e-05
18  0.5  1.08184
16  12.0  3.13379e-05
18  0.6  1.0623
18  0.7  1.00894
18  0.8  0.897582
16  10.5  6.50477e-05
18  0.9  0.797694
18  1.0  0.678375
18  1.1  0.571503
18  1.2  0.475175
18  1.3  0.401761
18  1.4  0.331665
18  1.5  0.278095
18  1.6  0.229035
18  1.7  0.190938
18  1.8  0.159803
18  1.9  0.133788
18  2.0  0.113
18  3.0  0.0242858
18  2.5  0.0503058
18  3.5  0.0129696
16  11.5  3.95024e-05
18  5.0  0.00257081
18  6.0  0.0010956
18  4.0  0.00708016
18  4.5  0.00422497
18  5.5  0.00164014
18  6.5  0.000737277
18  7.5  0.000362762
18  7.0  0.00051361
18  8.5  0.000189785
18  8.0  0.000261668
18  9.5  0.000108043
18  9.0  0.000142881
18  10.5  6.23071e-05
18  10.0  8.10243e-05
2  0.2  0.57305
2  0.3  0.827896
2  0.4  1.03644
18  11.0  4.8572e-05
2  0.5  1.16007
2  0.6  1.17762
2  0.7  1.10573
18  12.0  2.97718e-05
2  0.8  1.00601
2  0.9  0.898832
2  1.0  0.771281
2  1.1  0.655085
2  1.2  0.543053
2  1.3  0.456582
2  1.4  0.385325
2  1.5  0.32099
2  1.6  0.26491
2  1.7  0.223754
2  1.8  0.187619
2  1.9  0.158242
2  2.0  0.133548
2  2.5  0.0594532
2  3.0  0.0289917
2  3.5  0.0152094
18  11.5  3.77428e-05
2  4.5  0.00496437
2  4.0  0.00849047
2  5.0  0.00306724
2  5.5  0.00197522
2  6.0  0.00130243
2  6.5  0.000897111
2  8.0  0.000313922
2  7.0  0.000617934
2  7.5  0.000437393
2  9.5  0.000128722
2  8.5  0.000229783
2  9.0  0.000170353
2  10.5  7.43825e-05
2  10.0  9.84999e-05
20  0.2  0.547276
20  0.3  0.780035
20  0.4  0.959937
20  0.5  1.05427
20  0.6  1.04515
20  0.7  0.978166
20  0.8  0.872211
20  0.9  0.763832
20  1.0  0.641911
20  1.1  0.547431
20  1.2  0.456663
20  1.3  0.378411
2  11.0  5.88365e-05
20  1.4  0.316073
20  1.5  0.261932
20  1.6  0.214194
20  1.7  0.181331
2  11.5  4.53812e-05
20  1.9  0.127593
20  1.8  0.151404
20  2.0  0.106935
20  2.5  0.0477245
20  3.0  0.0227867
20  3.5  0.0119418
2  12.0  3.572e-05
20  4.0  0.00665176
20  4.5  0.00396962
20  6.0  0.00103989
20  5.0  0.00242401
20  5.5  0.0015567
20  6.5  0.000694317
20  7.0  0.000481825
20  8.5  0.000180355
20  7.5  0.000340583
20  8.0  0.000246886
20  9.5  0.000100412
20  9.0  0.000133062
20  10.5  5.89948e-05
20  10.0  7.69834e-05
22  0.2  0.517448
22  0.3  0.760724
22  0.4  0.923391
22  0.5  1.00965
20  12.0  2.80226e-05
22  0.6  1.00203
20  11.5  3.5476e-05
22  0.7  0.93898
22  0.8  0.835295
22  0.9  0.724544
22  1.0  0.618549
22  1.1  0.51417
22  1.2  0.429158
22  1.3  0.360135
22  1.4  0.297659
20  11.0  4.52407e-05
22  1.5  0.246282
22  1.6  0.204341
22  1.8  0.141639
22  1.7  0.169826
22  1.9  0.117847
22  2.5  0.0467772
22  2.0  0.099829
22  3.0  0.0212332
22  3.5  0.0111769
22  4.0  0.00621887
22  5.5  0.00143609
22  4.5  0.00374331
22  5.0  0.00225263
22  6.0  0.000952247
22  7.0  0.000448039
22  6.5  0.000643838
22  8.5  0.000169333
22  7.5  0.000317028
22  9.0  0.000124863
22  8.0  0.000228333
22  9.5  9.48199e-05
22  10.0  7.20018e-05
22  10.5  5.37975e-05
24  0.2  0.515515
24  0.3  0.738594
24  0.4  0.895096
22  12.0  2.61129e-05
24  0.5  0.972498
24  0.6  0.950534
24  0.7  0.879659
24  0.8  0.78282
22  11.0  4.15326e-05
24  0.9  0.672492
24  1.0  0.575457
24  1.1  0.479757
24  1.2  0.39811
24  1.3  0.330207
24  1.4  0.273142
24  1.5  0.226367
24  1.6  0.185424
24  1.7  0.155486
24  1.8  0.130243
24  1.9  0.109468
24  2.0  0.089397
24  2.5  0.0397958
22  11.5  3.31709e-05
24  3.0  0.0193147
24  3.5  0.0100734
24  5.5  0.00130851
24  4.0  0.00562981
24  4.5  0.00331485
24  5.0  0.00204976
24  6.0  0.000882159
24  7.0  0.00040974
24  6.5  0.000599812
24  7.5  0.000293527
24  8.0  0.000207706
24  8.5  0.000153914
24  9.0  0.00011407
24  10.0  6.53908e-05
24  9.5  8.45568e-05
24  10.5  4.96619e-05
26  0.2  0.485638
26  0.3  0.71126
26  0.4  0.861109
26  0.5  0.916405
26  0.6  0.884739
24  12.0  2.3409e-05
26  0.7  0.815436
26  0.8  0.707319
26  0.9  0.613416
26  1.0  0.519707
26  1.1  0.429913
26  1.2  0.356097
26  1.3  0.296987
26  1.4  0.244794
26  1.5  0.201031
24  11.0  3.88227e-05
26  1.6  0.166722
26  1.7  0.138451
26  1.8  0.116021
26  1.9  0.096901
26  2.0  0.0814848
24  11.5  3.00099e-05
26  2.5  0.0354778
26  3.0  0.0173728
26  3.5  0.00904924
26  4.0  0.00494273
26  4.5  0.00294794
26  5.0  0.0018393
26  5.5  0.00114696
26  6.0  0.000762039
26  8.0  0.000186759
26  7.0  0.000358627
26  6.5  0.000516179
26  8.5  0.000134303
26  7.5  0.000253787
26  10.0  5.70358e-05
26  9.0  9.94738e-05
26  10.5  4.35681e-05
26  9.5  7.6303e-05
28  0.2  0.472268
26  11.5  2.65023e-05
28  0.3  0.672495
28  0.4  0.793851
28  0.5  0.828939
26  11.0  3.431e-05
28  0.6  0.798278
28  0.7  0.72335
28  0.8  0.629773
28  0.9  0.535832
28  1.0  0.440926
28  1.1  0.367628
28  1.2  0.308065
28  1.3  0.25242
28  1.4  0.20884
28  1.5  0.172564
28  1.6  0.142548
28  1.8  0.0966376
28  1.7  0.117539
28  1.9  0.0814229
28  2.0  0.0664949
28  2.5  0.029468
28  3.5  0.00755622
28  3.0  0.0142521
26  12.0  2.08782e-05
28  4.0  0.00426048
28  5.0  0.00154005
28  4.5  0.00245728
28  5.5  0.000964414
28  6.0  0.000644238
28  7.0  0.00030331
28  6.5  0.000430442
28  8.0  0.00015417
28  7.5  0.000212988
28  8.5  0.00011374
28  9.5  6.26521e-05
28  9.0  8.44314e-05
28  10.0  4.72232e-05
28  11.0  2.83175e-05
28  10.5  3.64297e-05
30  0.2  0.441505
30  0.3  0.612441
30  0.4  0.707114
30  0.5  0.720595
30  0.6  0.677242
30  0.7  0.602
30  0.8  0.518934
30  0.9  0.436774
30  1.0  0.36272
30  1.1  0.299896
30  1.2  0.248302
30  1.3  0.202717
30  1.4  0.16363
28  12.0  1.72874e-05
30  1.5  0.136425
30  1.6  0.112688
30  1.7  0.0932129
30  1.8  0.0773954
30  1.9  0.0640695
30  2.0  0.0533051
30  2.5  0.0233135
30  3.5  0.00601111
30  3.0  0.0111523
28  11.5  2.26502e-05
30  4.0  0.00334254
30  4.5  0.00196459
30  5.0  0.00121077
30  5.5  0.000750085
30  7.0  0.000236416
30  7.5  0.000166751
30  6.0  0.000499523
30  8.0  0.000122827
30  6.5  0.000343438
30  9.5  4.94892e-05
30  8.5  8.93404e-05
30  9.0  6.52631e-05
30  11.0  2.26908e-05
30  10.5  2.86192e-05
30  10.0  3.68098e-05
32  0.2  0.392063
32  0.3  0.531649
32  0.4  0.580627
30  12.0  1.38103e-05
32  0.5  0.576242
32  0.6  0.531845
32  0.7  0.4604
32  0.8  0.391521
32  0.9  0.324895
30  11.5  1.75929e-05
32  1.0  0.269091
32  1.1  0.220486
32  1.2  0.180921
32  1.3  0.147838
32  1.6  0.0817975
32  1.4  0.11957
32  1.5  0.0985416
32  1.7  0.0666391
32  2.0  0.0393152
32  1.9  0.0466431
32  1.8  0.0553084
32  3.5  0.00423663
32  3.0  0.00805636
32  2.5  0.0166863
32  5.5  0.000540946
32  6.0  0.000357052
32  4.0  0.00239598
32  4.5  0.00138051
32  5.0  0.000870203
32  6.5  0.000246088
32  8.5  6.38995e-05
32  8.0  8.55994e-05
32  7.0  0.000171146
32  7.5  0.000120184
32  10.0  2.69945e-05
32  9.0  4.64325e-05
32  10.5  2.03136e-05
32  9.5  3.48886e-05
32  11.0  1.61313e-05
34  0.2  0.327959
34  0.3  0.421697
34  0.4  0.43762
34  0.5  0.414177
34  0.6  0.368126
34  0.7  0.319348
34  0.8  0.266699
34  0.9  0.219551
34  1.0  0.178487
34  1.1  0.147108
32  12.0  9.90918e-06
34  1.2  0.120218
34  1.3  0.095505
34  1.4  0.0770989
34  1.5  0.066028
34  1.7  0.0438435
34  1.6  0.052783
34  1.8  0.0357716
34  1.9  0.0303123
34  2.5  0.0108983
34  2.0  0.0247581
34  3.0  0.005212
34  3.5  0.00277095
32  11.5  1.22655e-05
34  4.0  0.00155132
34  4.5  0.000892271
34  5.0  0.000546705
34  5.5  0.000345594
34  7.5  7.59392e-05
34  6.0  0.00023023
34  8.0  5.39932e-05
34  6.5  0.000154039
34  7.0  0.000108004
34  8.5  3.97911e-05
34  9.0  2.98183e-05
34  9.5  2.2873e-05
34  10.0  1.73124e-05
34  10.5  1.30471e-05
34  11.0  1.03398e-05
4  0.2  0.574261
4  0.3  0.828807
4  0.4  1.03884
4  0.5  1.15255
4  0.6  1.17443
34  11.5  7.80024e-06
4  0.7  1.11764
4  0.8  1.00729
4  0.9  0.887293
4  1.0  0.76738
4  1.1  0.640874
4  1.2  0.551452
4  1.3  0.460679
4  1.5  0.317315
4  1.4  0.383616
4  1.6  0.263741
4  1.7  0.223123
4  1.8  0.186127
4  2.5  0.0589034
4  1.9  0.15784
4  2.0  0.132742
4  3.0  0.0286195
4  3.5  0.0150919
34  12.0  6.23268e-06
4  4.5  0.00495571
4  4.0  0.0084201
4  5.0  0.00306172
4  5.5  0.00196115
4  6.0  0.00130891
4  6.5  0.000879889
4  7.0  0.000608421
4  7.5  0.000431419
4  8.0  0.000312318
4  8.5  0.00022823
4  9.5  0.000129162
4  9.0  0.000172268
4  10.5  7.57354e-05
4  10.0  9.70171e-05
6  0.2  0.571925
4  11.0  5.78999e-05
6  0.3  0.828896
6  0.4  1.03152
6  0.5  1.15328
6  0.6  1.16902
6  0.7  1.09022
6  0.8  0.992162
6  0.9  0.86782
6  1.0  0.75648
6  1.1  0.648543
6  1.2  0.54622
6  1.3  0.454625
6  1.4  0.378377
6  1.5  0.319159
6  1.6  0.266102
6  1.8  0.182971
6  1.7  0.222785
4  11.5  4.48404e-05
6  1.9  0.155991
6  2.0  0.128993
6  2.5  0.059475
6  3.0  0.0285986
6  3.5  0.0149438
4  12.0  3.55215e-05
6  4.5  0.00490272
6  4.0  0.00829656
6  5.0  0.00306833
6  5.5  0.00197212
6  6.0  0.00126036
6  6.5  0.000885774
6  7.0  0.000603634
6  7.5  0.000427355
6  8.0  0.000311156
6  9.5  0.000126549
6  8.5  0.000228204
6  10.5  7.37007e-05
6  10.0  9.64846e-05
6  9.0  0.000168905
8  0.2  0.572007
6  11.0  5.72758e-05
8  0.3  0.824268
8  0.4  1.02825
8  0.5  1.14059
8  0.6  1.16053
8  0.7  1.09954
8  0.8  0.998903
8  0.9  0.875424
8  1.0  0.755579
8  1.1  0.624029
8  1.2  0.542455
8  1.3  0.451859
8  1.4  0.371889
8  1.6  0.259754
8  1.5  0.3147
8  1.7  0.220023
6  12.0  3.55938e-05
8  1.8  0.183392
8  1.9  0.154558
8  2.0  0.129433
8  3.0  0.027997
8  2.5  0.058483
6  11.5  4.46728e-05
8  3.5  0.0148789
8  4.5  0.00491403
8  4.0  0.00819745
8  5.0  0.00299912
8  5.5  0.00193433
8  6.5  0.000857242
8  6.0  0.0012574
8  7.5  0.00042308
8  8.5  0.000223599
8  7.0  0.0006064
8  9.0  0.000167962
8  8.0  0.000303522
8  10.5  7.27633e-05
8  9.5  0.000126052
8  10.0  9.4677e-05
8  11.5  4.44294e-05
8  11.0  5.60995e-05
8  12.0  3.50006e-05
