# exclusive D0 cross section, Pb target, HymnD fragmentation, An0n channel
# generated      : 2026-08-20 10:20:14 EEST
# calls          : 1e5 below 4.0 GeV, 2e3 above (see EXCL_PT_THRESHOLD) (VEGAS calls per point, see CALLS_EXCL/CALLS_EXCL_FACTORIZED/CALLS_DIFF)
# dipole samples : data/Pb/mve/glauber_mve_<b>
# pD0 sweep      : 0.2 0.3 0.4 0.5 0.6 0.7 0.8 0.9 1.0 1.1 1.2 1.3 1.4 1.5 1.6 1.7 1.8 1.9 2.0 2.5 3.0 3.5 4.0 4.5 5.0 5.5 6.0 6.5 7.0 7.5 8.0 8.5 9.0 9.5 10.0 10.5 11.0 11.5 12.0
# fixed rapidity y : -1.0
# ============================================================
# b  pD0  dsigma_dyd2pD0
0  0.4  1.94698
0  0.3  2.4932
0  0.5  1.47401
0  0.2  3.0745
0  0.7  0.792047
0  0.6  1.08916
0  0.9  0.410487
0  0.8  0.57136
0  1.0  0.294372
0  1.1  0.21081
0  1.2  0.1515
0  1.4  0.0806092
0  1.3  0.109029
0  1.5  0.0584873
0  1.7  0.0318084
0  1.6  0.0422171
0  1.8  0.023688
0  1.9  0.0178784
0  2.0  0.013472
0  3.0  0.000798228
0  2.5  0.00328291
0  3.5  0.000431234
0  4.0  0.000103626
0  4.5  3.93852e-05
0  5.0  1.62651e-05
0  5.5  7.22786e-06
0  6.0  3.4414e-06
0  7.5  4.88815e-07
0  6.5  1.70852e-06
0  7.0  8.96824e-07
0  8.0  2.69591e-07
0  8.5  1.64297e-07
0  9.0  1.00504e-07
0  9.5  6.37027e-08
0  10.0  4.09858e-08
10  0.2  2.89988
0  12.0  8.75574e-09
10  0.3  2.34702
0  10.5  2.68831e-08
10  0.4  1.82857
10  0.5  1.38082
10  0.6  1.01792
10  0.7  0.738518
0  11.0  1.80814e-08
10  0.8  0.531146
10  0.9  0.38137
0  11.5  1.24434e-08
10  1.0  0.272486
10  1.1  0.195307
10  1.2  0.140353
10  1.3  0.101881
10  1.5  0.0537379
10  1.4  0.0725913
10  1.6  0.0394601
10  1.7  0.0287811
10  1.8  0.021205
10  1.9  0.016313
10  2.0  0.0125502
10  2.5  0.00307794
10  3.0  0.000707896
10  3.5  -1.40738e-05
10  4.0  9.36314e-05
10  4.5  3.59125e-05
10  5.0  1.47279e-05
10  5.5  6.59267e-06
10  6.0  3.11181e-06
10  6.5  1.55067e-06
10  7.0  8.10321e-07
10  8.5  1.47393e-07
10  7.5  4.46014e-07
10  8.0  2.54274e-07
10  9.0  9.17257e-08
10  9.5  5.75831e-08
10  10.0  3.6998e-08
10  11.5  1.12234e-08
12  0.2  2.82056
12  0.3  2.28043
10  10.5  2.42949e-08
12  0.4  1.77614
12  0.5  1.34028
12  0.6  0.986258
12  0.7  0.714266
12  0.8  0.513345
12  0.9  0.367665
12  1.0  0.262085
12  1.1  0.187583
12  1.2  0.133953
12  1.3  0.0972502
12  1.4  0.0716518
12  1.5  0.0513256
12  1.6  0.0375189
10  11.0  1.63442e-08
12  1.7  0.0275106
12  1.9  0.0153262
12  1.8  0.0203588
12  2.0  0.0112471
12  2.5  0.00272982
12  3.0  0.000928993
12  3.5  -1.55136e-05
10  12.0  7.95142e-09
12  4.0  8.93381e-05
12  4.5  3.41934e-05
12  5.0  1.40851e-05
12  5.5  6.25283e-06
12  6.0  2.96431e-06
12  6.5  1.47274e-06
12  7.0  7.71728e-07
12  9.0  8.63462e-08
12  7.5  4.25242e-07
12  8.5  1.41785e-07
12  8.0  2.42525e-07
12  9.5  5.48554e-08
12  10.0  3.48803e-08
14  0.2  2.72401
12  10.5  2.31425e-08
14  0.3  2.19945
12  11.5  1.07202e-08
14  0.4  1.71054
14  0.5  1.28809
14  0.6  0.946051
14  0.7  0.684516
14  0.8  0.491159
14  0.9  0.350806
14  1.0  0.251103
14  1.1  0.178724
12  11.0  1.55932e-08
14  1.2  0.128525
14  1.3  0.0939811
14  1.4  0.0675701
14  1.5  0.0492353
14  1.6  0.0352192
14  1.7  0.0259646
14  1.8  0.0197686
14  1.9  0.0149316
14  2.0  0.0111005
14  2.5  0.00269016
14  3.0  0.00105057
14  3.5  1.73803e-05
12  12.0  7.58209e-09
14  4.0  8.4203e-05
14  4.5  3.20776e-05
14  5.0  1.33548e-05
14  5.5  5.9045e-06
14  6.5  1.38692e-06
14  6.0  2.7917e-06
14  7.0  7.2757e-07
14  7.5  4.00243e-07
14  8.5  1.33691e-07
14  8.0  2.28387e-07
14  9.5  5.11982e-08
14  9.0  8.23585e-08
14  11.5  1.00708e-08
14  10.0  3.32857e-08
16  0.2  2.60487
16  0.3  2.10287
16  0.4  1.63192
14  10.5  2.17939e-08
16  0.5  1.22566
16  0.6  0.899781
16  0.7  0.650225
16  0.8  0.465096
16  0.9  0.33259
16  1.0  0.236496
16  1.1  0.168906
14  11.0  1.46762e-08
16  1.2  0.120442
16  1.3  0.0860943
16  1.4  0.0619262
16  1.5  0.0461391
16  1.6  0.0329747
16  1.7  0.0247071
16  1.8  0.017766
16  1.9  0.0140685
16  2.0  0.0104524
16  2.5  0.0025455
16  3.5  0.000207798
16  3.0  0.000665918
16  4.0  7.81997e-05
16  4.5  2.98798e-05
14  12.0  7.13518e-09
16  5.0  1.2396e-05
16  5.5  5.48749e-06
16  6.0  2.58812e-06
16  6.5  1.2929e-06
16  7.0  6.75301e-07
16  7.5  3.71634e-07
16  8.5  1.24091e-07
16  8.0  2.12051e-07
16  9.0  7.57611e-08
16  9.5  4.74888e-08
16  11.5  9.34919e-09
18  0.2  2.46458
16  10.0  3.09358e-08
18  0.3  1.98525
18  0.4  1.53922
16  10.5  2.01942e-08
18  0.5  1.15335
18  0.6  0.843958
18  0.7  0.608906
18  0.8  0.434781
18  0.9  0.309441
18  1.0  0.220653
18  1.1  0.156594
18  1.2  0.112972
18  1.4  0.0587822
18  1.3  0.0799757
16  11.0  1.36224e-08
18  1.6  0.0312376
18  1.5  0.041623
18  1.7  0.0224734
18  1.8  0.0168149
18  1.9  0.0124639
18  2.5  0.00256491
18  2.0  0.00959176
18  3.0  0.000639607
18  3.5  0.000223838
16  12.0  6.58856e-09
18  4.0  7.13571e-05
18  4.5  2.72358e-05
18  5.0  1.12692e-05
18  5.5  5.00486e-06
18  6.0  2.35957e-06
18  7.0  6.14629e-07
18  6.5  1.17968e-06
18  9.0  6.84751e-08
18  7.5  3.3881e-07
18  8.5  1.13079e-07
18  8.0  1.93029e-07
18  9.5  4.36769e-08
18  11.5  8.51767e-09
18  10.0  2.8118e-08
2  0.2  3.06828
2  0.3  2.48803
2  0.4  1.94365
18  10.5  1.8431e-08
2  0.5  1.46867
2  0.6  1.08698
2  0.7  0.789194
2  0.8  0.569951
2  0.9  0.408756
18  11.0  1.24127e-08
2  1.0  0.293171
2  1.1  0.210171
2  1.2  0.151272
2  1.3  0.108363
2  1.4  0.0783454
2  1.5  0.0570053
2  1.6  0.0422837
2  1.7  0.0314201
2  1.8  0.0232456
2  1.9  0.0173536
2  2.0  0.0132378
2  3.0  0.000916302
2  2.5  0.00311201
2  3.5  0.000123463
18  12.0  6.03736e-09
2  4.0  0.000103235
2  4.5  3.92411e-05
2  5.0  1.62025e-05
2  5.5  7.19858e-06
2  6.0  3.42788e-06
2  7.5  4.86925e-07
2  6.5  1.70197e-06
2  7.0  8.93381e-07
2  8.5  1.63747e-07
2  8.0  2.80207e-07
2  9.0  1.00068e-07
2  9.5  6.34559e-08
2  10.0  4.08199e-08
20  0.2  2.29794
2  10.5  2.6759e-08
2  12.0  8.72128e-09
20  0.3  1.84771
20  0.4  1.42838
20  0.5  1.06787
20  0.6  0.778625
20  0.7  0.560105
20  0.8  0.399432
20  0.9  0.283213
20  1.0  0.20169
2  11.0  1.80128e-08
20  1.1  0.14303
20  1.2  0.101696
20  1.3  0.0726945
20  1.4  0.052019
20  1.5  0.0375002
20  1.6  0.0273679
20  1.7  0.0207192
20  1.8  0.0152227
20  1.9  0.0115217
20  2.5  0.00213538
20  2.0  0.0087083
2  11.5  1.23726e-08
20  3.0  0.000421466
20  3.5  0.000293818
20  4.0  6.34858e-05
20  4.5  2.43428e-05
20  5.0  9.99511e-06
20  5.5  4.43537e-06
20  7.0  5.41464e-07
20  6.5  1.04634e-06
20  6.0  2.10043e-06
20  8.5  9.97133e-08
20  9.0  6.12071e-08
20  7.5  3.0158e-07
20  8.0  1.72697e-07
20  9.5  3.86072e-08
20  11.5  7.58287e-09
20  10.0  2.50077e-08
22  0.2  2.10033
22  0.3  1.6838
22  0.4  1.29771
22  0.5  0.966701
22  0.6  0.703387
20  10.5  1.64134e-08
22  0.7  0.503838
22  0.8  0.357652
22  0.9  0.253781
22  1.0  0.179719
20  11.0  1.10521e-08
22  1.1  0.126911
22  1.2  0.089968
22  1.3  0.0641225
22  1.4  0.0461497
22  1.5  0.034202
22  1.7  0.0186006
22  1.6  0.0243344
22  1.9  0.00967636
22  1.8  0.0131687
22  2.0  0.00751395
22  2.5  0.00204858
22  3.0  0.000418608
22  3.5  0.000199536
20  12.0  5.34721e-09
22  4.0  5.50664e-05
22  4.5  2.10535e-05
22  5.0  8.68349e-06
22  5.5  3.83201e-06
22  7.0  4.67773e-07
22  6.5  9.03301e-07
22  6.0  1.81043e-06
22  8.5  8.59751e-08
22  7.5  2.60417e-07
22  9.0  5.2694e-08
22  8.0  1.48699e-07
22  10.0  2.13873e-08
22  9.5  3.36147e-08
24  0.2  1.86446
24  0.3  1.48986
22  10.5  1.41656e-08
24  0.4  1.14345
24  0.5  0.847883
24  0.6  0.615057
24  0.7  0.437676
22  11.5  6.55795e-09
22  11.0  9.53847e-09
24  0.8  0.309862
24  0.9  0.218658
24  1.0  0.1542
24  1.1  0.109133
24  1.3  0.05549
24  1.2  0.0769932
24  1.5  0.0289015
24  1.4  0.0391017
24  1.6  0.0213156
24  1.7  0.015295
24  1.8  0.0112844
24  1.9  0.00830569
24  2.0  0.00600827
24  3.5  1.63108e-05
24  2.5  0.00140697
24  3.0  0.000397414
22  12.0  4.63989e-09
24  4.0  4.57245e-05
24  5.0  7.1804e-06
24  4.5  1.73778e-05
24  5.5  3.1722e-06
24  6.0  1.49643e-06
24  7.5  2.12314e-07
24  6.5  7.50187e-07
24  7.0  3.92439e-07
24  8.5  7.16751e-08
24  8.0  1.22787e-07
24  9.0  4.37496e-08
24  9.5  2.74498e-08
24  10.0  1.76395e-08
26  0.2  1.58625
26  0.3  1.26175
24  10.5  1.16782e-08
26  0.4  0.962756
26  0.5  0.709493
26  0.6  0.511099
24  11.5  5.41295e-09
26  0.7  0.362351
26  0.8  0.254875
26  0.9  0.179288
26  1.0  0.125788
24  11.0  7.87069e-09
26  1.1  0.0882599
26  1.2  0.0621181
26  1.3  0.0445369
26  1.4  0.0318483
26  1.5  0.0224118
26  1.6  0.0165673
26  1.7  0.0121455
26  1.8  0.00913713
26  1.9  0.00681977
26  2.0  0.0051335
26  2.5  0.00103643
26  3.0  0.000404819
26  3.5  0.000119436
24  12.0  3.81434e-09
26  4.0  3.549e-05
26  4.5  1.3496e-05
26  5.0  5.55209e-06
26  6.0  1.16159e-06
26  5.5  2.46898e-06
26  7.5  1.64797e-07
26  6.5  5.82097e-07
26  7.0  3.03777e-07
26  8.0  9.50079e-08
26  9.0  3.36051e-08
26  8.5  5.54238e-08
26  10.0  1.35104e-08
26  9.5  2.1202e-08
28  0.2  1.2616
26  10.5  9.04169e-09
28  0.3  0.998509
28  0.4  0.756584
28  0.5  0.553967
26  11.0  6.08518e-09
28  0.6  0.395505
28  0.7  0.278404
28  0.8  0.194511
28  0.9  0.135811
28  1.0  0.0947065
28  1.1  0.0662623
28  1.2  0.0463768
28  1.3  0.0333381
28  1.4  0.0232224
28  1.5  0.0169127
28  1.6  0.0124269
28  1.7  0.00889009
28  1.8  0.00662249
28  1.9  0.00471928
28  2.0  0.00363358
28  2.5  0.000760095
26  11.5  4.21391e-09
28  3.5  0.000129511
28  3.0  0.000276641
26  12.0  2.9564e-09
28  5.0  3.8885e-06
28  4.0  2.52028e-05
28  4.5  9.53983e-06
28  5.5  1.74139e-06
28  7.5  1.16168e-07
28  6.0  8.24529e-07
28  6.5  4.10149e-07
28  7.0  2.13705e-07
28  9.0  2.36584e-08
28  8.0  6.68867e-08
28  8.5  3.92774e-08
28  9.5  1.48872e-08
28  10.5  6.26685e-09
28  10.0  9.57343e-09
30  0.2  0.910315
28  12.0  2.06391e-09
30  0.3  0.714204
30  0.4  0.536716
30  0.5  0.388709
30  0.6  0.274743
30  0.7  0.191851
30  0.8  0.132713
30  0.9  0.091713
30  1.0  0.0637718
30  1.1  0.0441613
30  1.2  0.0307671
30  1.3  0.0219232
28  11.0  4.28133e-09
30  1.4  0.0154924
30  1.5  0.0107864
30  1.6  0.00784268
30  1.7  0.00583217
30  1.8  0.0041493
30  1.9  0.00316936
30  2.5  0.000465102
30  3.0  9.23014e-05
30  2.0  0.0023462
30  3.5  7.62301e-06
28  11.5  2.96051e-09
30  4.5  5.9512e-06
30  4.0  1.5791e-05
30  5.0  2.42593e-06
30  5.5  1.075e-06
30  6.0  5.04707e-07
30  7.0  1.30619e-07
30  6.5  2.52594e-07
30  7.5  7.18393e-08
30  8.0  4.0993e-08
30  9.5  9.0488e-09
30  8.5  2.40436e-08
30  10.5  3.84271e-09
30  9.0  1.46971e-08
30  10.0  5.85814e-09
32  0.2  0.572889
32  0.3  0.445149
32  0.4  0.330576
32  0.5  0.236343
32  0.6  0.165119
32  0.7  0.113914
32  0.8  0.0781114
30  11.0  2.63058e-09
32  0.9  0.0533822
32  1.0  0.0365689
32  1.1  0.0254128
32  1.2  0.0175092
32  1.4  0.00875767
32  1.3  0.012398
32  1.5  0.00623639
32  1.6  0.00449244
32  1.8  0.00232838
32  1.7  0.00319858
32  1.9  0.00174298
30  11.5  1.81229e-09
32  2.5  0.000284744
32  2.0  0.00126443
32  3.0  5.10343e-05
32  3.5  5.97137e-05
30  12.0  1.27292e-09
32  4.0  8.22638e-06
32  4.5  3.0884e-06
32  5.0  1.26125e-06
32  5.5  5.53411e-07
32  6.0  2.59651e-07
32  7.0  6.60798e-08
32  7.5  3.63028e-08
32  6.5  1.2938e-07
32  8.0  2.07228e-08
32  8.5  1.23098e-08
32  9.5  4.64605e-09
32  9.0  7.49883e-09
32  10.5  1.97655e-09
32  10.0  3.02917e-09
4  0.2  3.04708
4  0.3  2.47206
4  0.4  1.92961
4  0.5  1.45783
4  0.6  1.07616
4  0.7  0.783401
4  0.8  0.565464
4  0.9  0.405705
4  1.0  0.290973
4  1.1  0.20823
4  1.2  0.150386
32  11.0  1.33861e-09
4  1.3  0.107445
4  1.4  0.0779941
4  1.5  0.0565785
4  1.6  0.0416003
4  1.7  0.0315647
4  1.8  0.0237801
4  1.9  0.0175806
32  12.0  6.42335e-10
4  2.0  0.0135173
4  2.5  0.00317007
4  3.0  0.000932852
4  3.5  0.000303795
32  11.5  9.22042e-10
4  4.0  0.00010193
4  4.5  3.87924e-05
4  5.0  1.60202e-05
4  5.5  7.12903e-06
4  7.5  4.81295e-07
4  6.0  3.38759e-06
4  6.5  1.68231e-06
4  7.0  8.82887e-07
4  8.5  1.61859e-07
4  8.0  2.76958e-07
4  9.0  9.89445e-08
4  9.5  6.27366e-08
4  10.0  4.0361e-08
6  0.2  3.01123
4  12.0  8.62008e-09
4  10.5  2.64811e-08
6  0.3  2.4421
6  0.4  1.90647
6  0.5  1.44107
4  11.5  1.22547e-08
6  0.6  1.06361
6  0.7  0.773077
6  0.8  0.55688
6  0.9  0.399294
6  1.0  0.286561
6  1.2  0.148885
6  1.1  0.20503
4  11.0  1.78014e-08
6  1.3  0.105661
6  1.4  0.0781882
6  1.5  0.0568251
6  1.6  0.040768
6  1.7  0.0303973
6  1.9  0.0175147
6  1.8  0.0226067
6  2.0  0.0132678
6  2.5  0.00322097
6  3.5  0.00036945
6  3.0  0.000969661
6  4.0  0.00010018
6  4.5  3.80418e-05
6  5.0  1.57147e-05
6  5.5  7.04695e-06
6  6.0  3.3225e-06
6  6.5  1.65659e-06
6  7.0  8.65716e-07
6  7.5  4.81361e-07
6  8.0  2.69925e-07
6  9.0  9.70696e-08
6  8.5  1.60764e-07
6  9.5  6.14743e-08
6  10.0  3.95842e-08
6  11.5  1.19906e-08
8  0.2  2.96311
6  10.5  2.59586e-08
8  0.3  2.4023
6  12.0  8.45644e-09
8  0.4  1.87344
8  0.5  1.41519
8  0.6  1.0431
8  0.7  0.758007
8  0.8  0.546105
8  0.9  0.391894
8  1.0  0.280427
6  11.0  1.74567e-08
8  1.1  0.200926
8  1.2  0.144906
8  1.3  0.103302
8  1.4  0.0757881
8  1.5  0.0541837
8  1.6  0.0399536
8  1.7  0.0296805
8  1.8  0.0221915
8  1.9  0.017017
8  2.0  0.0126254
8  2.5  0.0029283
8  3.0  0.000964972
8  3.5  9.97528e-05
8  4.0  9.73159e-05
8  4.5  3.69417e-05
8  5.0  1.52807e-05
8  5.5  6.83641e-06
8  6.0  3.23058e-06
8  6.5  1.60417e-06
8  7.0  8.41602e-07
8  8.5  1.53034e-07
8  7.5  4.62526e-07
8  8.0  2.63939e-07
8  9.0  9.42027e-08
8  9.5  5.97959e-08
8  10.0  3.84928e-08
8  11.5  1.16563e-08
8  12.0  8.21882e-09
8  10.5  2.52354e-08
8  11.0  1.69817e-08
