# exclusive D0 cross section, Pb target, LHAPDF fragmentation, An0n channel
# generated      : 2026-08-20 10:20:43 EEST
# calls          : 1e5 below 4.0 GeV, 2e3 above (see EXCL_PT_THRESHOLD) (VEGAS calls per point, see CALLS_EXCL/CALLS_EXCL_FACTORIZED/CALLS_DIFF)
# dipole samples : data/Pb/mve/glauber_mve_<b>
# pD0 sweep      : 0.2 0.3 0.4 0.5 0.6 0.7 0.8 0.9 1.0 1.1 1.2 1.3 1.4 1.5 1.6 1.7 1.8 1.9 2.0 2.5 3.0 3.5 4.0 4.5 5.0 5.5 6.0 6.5 7.0 7.5 8.0 8.5 9.0 9.5 10.0 10.5 11.0 11.5 12.0
# fixed rapidity y : 0.0
# ============================================================
# b  pD0  dsigma_dyd2pD0
0  0.5  1.62195
0  0.2  3.216
0  0.3  2.65039
0  0.4  2.1062
0  0.8  0.657049
0  0.7  0.898682
0  0.6  1.21952
0  0.9  0.476267
0  1.0  0.344661
0  1.2  0.180714
0  1.1  0.24933
0  1.3  0.132155
0  1.4  0.0961908
0  1.6  0.0517767
0  1.5  0.0695308
0  1.9  0.0214308
0  1.8  0.0289589
0  1.7  0.0381134
0  2.0  0.0160217
0  2.5  0.00423718
0  3.0  0.000974024
0  3.5  0.000578344
0  5.0  2.07531e-05
0  5.5  9.0728e-06
0  4.0  0.000133027
0  4.5  5.04949e-05
0  6.5  2.03027e-06
0  6.0  4.17109e-06
0  7.0  1.02906e-06
0  7.5  5.40359e-07
0  8.0  2.97135e-07
0  8.5  1.67306e-07
0  9.0  9.69497e-08
0  9.5  5.78837e-08
0  10.0  3.55107e-08
10  0.2  3.04856
10  0.3  2.50731
10  0.4  1.98899
10  0.5  1.52999
10  0.6  1.14681
10  0.7  0.843692
10  0.8  0.614463
10  0.9  0.44501
0  10.5  2.22163e-08
10  1.0  0.321234
10  1.1  0.232362
10  1.2  0.166967
10  1.3  0.121247
10  1.4  0.0882616
0  11.0  1.42713e-08
10  1.5  0.0643087
10  1.6  0.0473562
10  1.7  0.0355689
10  1.8  0.0267146
10  1.9  0.0193623
10  2.0  0.0153679
10  3.0  0.00122506
10  2.5  0.00371141
10  3.5  0.00033615
0  11.5  9.3464e-09
0  12.0  6.1965e-09
10  4.0  0.000121048
10  5.0  1.88817e-05
10  4.5  4.59604e-05
10  5.5  8.22304e-06
10  6.5  1.84396e-06
10  6.0  3.78901e-06
10  7.0  9.34182e-07
10  8.0  2.69118e-07
10  7.5  4.90905e-07
10  8.5  1.52059e-07
10  9.0  8.81775e-08
10  9.5  5.24766e-08
10  10.0  3.22236e-08
12  0.2  2.97085
12  0.3  2.44222
10  10.5  2.01053e-08
12  0.4  1.93688
12  0.5  1.48731
12  0.6  1.11321
12  0.7  0.818382
12  0.8  0.595474
12  0.9  0.430203
12  1.0  0.310978
12  1.2  0.16232
12  1.1  0.223843
12  1.3  0.117307
10  11.0  1.28988e-08
12  1.5  0.0628727
12  1.4  0.0849351
12  1.6  0.0469827
12  1.7  0.0347742
12  1.8  0.0250778
12  1.9  0.0185683
12  2.0  0.0145645
12  2.5  0.00364152
12  3.0  0.000942811
10  11.5  8.47237e-09
12  3.5  0.000373028
10  12.0  5.62056e-09
12  4.0  0.000115643
12  5.0  1.80483e-05
12  4.5  4.39296e-05
12  5.5  7.85049e-06
12  6.0  3.6215e-06
12  7.0  8.92009e-07
12  7.5  4.63538e-07
12  6.5  1.76097e-06
12  8.0  2.56157e-07
12  8.5  1.4428e-07
12  9.0  8.38673e-08
12  9.5  5.00385e-08
12  11.5  8.03813e-09
12  10.0  3.07077e-08
14  0.2  2.87726
14  0.3  2.36248
14  0.4  1.8716
12  10.5  1.92227e-08
14  0.5  1.43485
14  0.6  1.07321
14  0.7  0.788231
14  0.8  0.572329
14  0.9  0.413341
14  1.0  0.296967
14  1.1  0.214076
14  1.2  0.154736
14  1.3  0.112028
14  1.4  0.0812922
12  11.0  1.2315e-08
14  1.5  0.0601869
14  1.7  0.032936
14  1.6  0.0436355
14  1.8  0.0241272
14  1.9  0.0182127
14  2.0  0.0138044
14  2.5  0.00348742
14  3.0  0.0007573
14  3.5  0.000336599
12  12.0  5.35515e-09
14  5.0  1.70552e-05
14  4.0  0.000109522
14  4.5  4.15335e-05
14  5.5  7.4125e-06
14  6.0  3.42041e-06
14  8.0  2.42312e-07
14  6.5  1.66294e-06
14  7.0  8.42842e-07
14  7.5  4.42168e-07
14  8.5  1.36511e-07
14  9.0  7.90969e-08
14  9.5  4.72302e-08
16  0.2  2.76326
14  10.0  2.89291e-08
14  11.5  7.57277e-09
16  0.3  2.26806
16  0.4  1.79235
16  0.5  1.37422
16  0.6  1.02426
16  0.7  0.7517
16  0.8  0.545492
16  0.9  0.393632
14  10.5  1.81037e-08
16  1.0  0.282318
16  1.1  0.203542
16  1.2  0.14622
16  1.3  0.105705
16  1.5  0.0567509
16  1.4  0.0766622
16  1.6  0.0408859
16  1.7  0.0308536
16  1.8  0.0226635
16  1.9  0.0166668
16  2.5  0.00327608
16  2.0  0.0127196
16  3.0  0.000982325
14  11.0  1.16031e-08
16  3.5  0.000329022
14  12.0  5.05531e-09
16  4.0  0.000102134
16  4.5  3.8721e-05
16  5.0  1.58745e-05
16  5.5  6.90756e-06
16  6.0  3.18624e-06
16  7.0  7.87117e-07
16  6.5  1.54842e-06
16  7.5  4.11772e-07
16  8.0  2.25574e-07
16  8.5  1.26818e-07
16  9.0  7.36024e-08
16  9.5  4.38711e-08
18  0.2  2.6269
16  10.0  2.68839e-08
18  0.3  2.15183
18  0.4  1.69732
18  0.5  1.29721
18  0.6  0.967353
18  0.8  0.512858
18  0.7  0.707624
18  0.9  0.368517
18  1.0  0.26442
16  10.5  1.68237e-08
18  1.1  0.190439
18  1.2  0.137268
18  1.4  0.0720482
18  1.3  0.0984768
18  1.5  0.0522828
16  11.0  1.07763e-08
18  1.6  0.0390736
18  1.7  0.0289795
18  1.8  0.0209723
18  1.9  0.0161225
18  2.5  0.00295687
18  2.0  0.0119388
18  3.0  0.00086252
18  3.5  0.000339854
16  11.5  7.07209e-09
16  12.0  4.6871e-09
18  4.5  3.48637e-05
18  4.0  9.37243e-05
18  5.0  1.45568e-05
18  5.5  6.3298e-06
18  6.0  2.91783e-06
18  6.5  1.41812e-06
18  7.0  7.1783e-07
18  7.5  3.76628e-07
18  8.0  2.06353e-07
18  8.5  1.15906e-07
18  9.0  6.73323e-08
18  9.5  4.00769e-08
2  0.2  3.2096
18  10.0  2.45447e-08
2  0.3  2.64435
18  11.5  6.4177e-09
2  0.4  2.10221
2  0.5  1.61882
18  10.5  1.53612e-08
2  0.6  1.21574
2  0.7  0.89639
18  12.0  4.26423e-09
2  0.8  0.655479
2  0.9  0.474824
2  1.0  0.343134
2  1.1  0.248212
2  1.2  0.180247
2  1.4  0.0959679
2  1.3  0.130453
2  1.6  0.0514646
2  1.5  0.0706895
2  1.7  0.0382831
2  1.8  0.0291482
2  1.9  0.021434
18  11.0  9.83604e-09
2  2.0  0.0159878
2  2.5  0.00426275
2  3.0  0.00116933
2  3.5  0.000338162
2  5.0  2.06787e-05
2  4.0  0.000132535
2  5.5  9.03965e-06
2  4.5  5.03109e-05
2  6.5  2.02286e-06
2  6.0  4.15586e-06
2  7.0  1.02576e-06
2  7.5  5.40371e-07
2  8.0  2.96025e-07
2  8.5  1.66707e-07
2  9.0  9.65795e-08
2  9.5  5.76714e-08
2  10.0  3.5536e-08
20  0.2  2.46433
20  0.3  2.0154
20  0.4  1.58718
20  0.5  1.21177
2  10.5  2.21051e-08
20  0.6  0.899037
20  0.7  0.656546
20  0.8  0.473235
20  0.9  0.340002
20  1.0  0.243999
20  1.1  0.174482
20  1.2  0.125792
20  1.3  0.0902782
2  11.0  1.4217e-08
20  1.4  0.065329
20  1.5  0.0478958
20  1.6  0.0360596
20  1.7  0.0262036
20  1.8  0.0192995
20  1.9  0.0140749
20  2.0  0.0106926
20  2.5  0.0027177
20  3.0  0.000698459
20  3.5  0.000332166
2  11.5  9.31402e-09
2  12.0  6.17246e-09
20  4.0  8.34223e-05
20  4.5  3.18547e-05
20  5.0  1.30656e-05
20  5.5  5.67297e-06
20  6.0  2.61686e-06
20  7.0  6.42171e-07
20  6.5  1.2652e-06
20  7.5  3.36879e-07
20  8.0  1.83668e-07
20  8.5  1.03489e-07
20  9.0  6.05052e-08
20  10.5  1.37115e-08
20  9.5  3.57827e-08
20  10.0  2.19025e-08
22  0.2  2.27137
20  11.5  5.71969e-09
22  0.3  1.8532
22  0.4  1.45556
22  0.5  1.1059
22  0.6  0.819351
22  0.7  0.595959
22  0.8  0.428945
22  0.9  0.306663
22  1.0  0.219457
22  1.1  0.157166
22  1.2  0.112023
22  1.3  0.080508
22  1.5  0.0424434
22  1.4  0.0584423
22  1.7  0.0236124
22  1.6  0.0316187
22  1.8  0.0170059
20  11.0  8.71369e-09
22  2.0  0.00913715
22  1.9  0.0125428
22  3.0  0.00065406
22  2.5  0.0024775
22  3.5  0.000271435
20  12.0  3.80809e-09
22  4.0  7.28527e-05
22  5.5  4.91506e-06
22  4.5  2.78042e-05
22  5.0  1.13978e-05
22  6.0  2.27553e-06
22  7.0  5.57401e-07
22  8.0  1.57631e-07
22  6.5  1.09888e-06
22  7.5  2.91825e-07
22  8.5  8.96471e-08
22  10.5  1.18694e-08
22  9.0  5.2078e-08
22  9.5  3.09571e-08
22  11.5  4.9434e-09
24  0.2  2.03687
22  10.0  1.89717e-08
24  0.3  1.65689
24  0.4  1.2977
24  0.5  0.982052
24  0.6  0.723205
24  0.7  0.523925
24  0.8  0.375847
24  0.9  0.268289
24  1.0  0.190272
24  1.1  0.136038
24  1.3  0.0705991
24  1.2  0.0970091
24  1.4  0.0508075
22  11.0  7.60715e-09
24  1.5  0.0366552
24  1.6  0.0265483
24  1.8  0.0145824
24  1.7  0.0193881
24  1.9  0.0107009
24  2.5  0.00203112
24  2.0  0.00797387
24  3.0  0.000533805
24  3.5  0.000280184
22  12.0  3.29499e-09
24  4.0  6.1186e-05
24  4.5  2.32634e-05
24  5.0  9.55011e-06
24  5.5  4.13559e-06
24  6.5  9.11e-07
24  6.0  1.89732e-06
24  7.0  4.63616e-07
24  7.5  2.42414e-07
24  8.0  1.32101e-07
24  8.5  7.44179e-08
24  9.0  4.33187e-08
24  9.5  2.56731e-08
24  10.0  1.56938e-08
26  0.2  1.75789
24  11.5  4.08769e-09
26  0.3  1.42545
26  0.4  1.11067
26  0.5  0.836765
26  0.6  0.613896
26  0.7  0.441252
26  0.8  0.314959
26  0.9  0.223476
26  1.0  0.158721
24  10.5  9.80908e-09
26  1.1  0.112426
26  1.2  0.0804927
26  1.3  0.0576935
26  1.5  0.0303088
26  1.4  0.041063
24  11.0  6.29367e-09
26  1.6  0.0214703
26  1.7  0.0161488
26  1.8  0.0119943
26  1.9  0.00862815
26  2.0  0.00637001
26  2.5  0.00154621
26  3.0  0.000420306
26  3.5  0.000206377
24  12.0  2.73816e-09
26  4.0  4.84716e-05
26  5.5  3.20832e-06
26  4.5  1.83129e-05
26  5.0  7.49518e-06
26  6.0  1.49088e-06
26  6.5  7.15184e-07
26  7.0  3.60831e-07
26  7.5  1.89384e-07
26  8.0  1.02942e-07
26  8.5  5.80317e-08
26  9.0  3.36611e-08
26  10.0  1.24631e-08
26  9.5  1.99591e-08
28  0.2  1.42831
28  0.3  1.15168
28  0.4  0.892456
26  10.5  7.67569e-09
28  0.5  0.667604
28  0.6  0.48612
28  0.7  0.347904
28  0.8  0.246496
28  0.9  0.173672
28  1.0  0.122501
28  1.1  0.0864327
28  1.2  0.0613458
28  1.3  0.0434724
28  1.4  0.0312138
28  1.5  0.022415
26  11.0  4.879e-09
28  1.6  0.0165575
28  1.7  0.0120902
28  1.8  0.00876639
28  1.9  0.00646513
28  2.0  0.00478716
28  2.5  0.00116222
28  3.0  0.000359011
28  3.5  0.000164706
26  11.5  3.19862e-09
26  12.0  2.12747e-09
28  5.5  2.30768e-06
28  4.5  1.33134e-05
28  4.0  3.54063e-05
28  5.0  5.41574e-06
28  6.5  5.10217e-07
28  6.0  1.06227e-06
28  7.0  2.57063e-07
28  7.5  1.34937e-07
28  8.0  7.33032e-08
28  8.5  4.11092e-08
28  9.0  2.38637e-08
28  9.5  1.41514e-08
30  0.2  1.06244
28  10.0  8.64194e-09
30  0.3  0.852278
30  0.4  0.654121
30  0.5  0.484035
30  0.6  0.349352
28  10.5  5.40418e-09
30  0.7  0.247809
30  0.8  0.173787
30  0.9  0.121613
30  1.0  0.0851915
30  1.1  0.0595996
30  1.3  0.0302465
30  1.2  0.0419675
30  1.4  0.0211078
28  11.0  3.44866e-09
30  1.6  0.0111871
30  1.5  0.0152647
30  1.7  0.007971
30  1.8  0.00587415
30  1.9  0.00443067
30  2.5  0.000799629
30  2.0  0.0032675
30  3.0  0.000227402
30  3.5  0.000119273
28  11.5  2.24691e-09
28  12.0  1.49404e-09
30  4.5  8.46279e-06
30  4.0  2.2605e-05
30  5.0  3.41762e-06
30  6.0  6.70934e-07
30  5.5  1.46822e-06
30  7.0  1.61587e-07
30  6.5  3.20379e-07
30  7.5  8.41821e-08
30  9.0  1.47215e-08
30  8.0  4.5549e-08
30  8.5  2.55679e-08
30  9.5  8.75323e-09
30  11.0  2.11098e-09
30  10.0  5.33332e-09
32  0.2  0.698906
32  0.3  0.555216
32  0.4  0.421932
30  10.5  3.33045e-09
32  0.5  0.308622
32  0.6  0.220107
32  0.7  0.154258
32  0.8  0.107095
32  0.9  0.0742218
32  1.0  0.051339
32  1.1  0.0356534
32  1.2  0.0251937
32  1.3  0.017451
32  1.4  0.0124217
32  1.5  0.00885475
32  1.6  0.00647472
32  1.7  0.00457141
32  1.8  0.0033749
32  1.9  0.0024779
32  2.0  0.00182943
32  2.5  0.000417077
32  3.5  5.90539e-05
32  3.0  0.000120916
30  11.5  1.3884e-09
32  4.0  1.21768e-05
32  4.5  4.50929e-06
32  5.0  1.82061e-06
30  12.0  9.2302e-10
32  6.0  3.54521e-07
32  5.5  7.80289e-07
32  7.0  8.3709e-08
32  7.5  4.42003e-08
32  6.5  1.68485e-07
32  8.0  2.38152e-08
32  8.5  1.33016e-08
32  9.0  7.68405e-09
32  9.5  4.5405e-09
32  10.0  2.75474e-09
4  0.2  3.18989
4  0.3  2.62594
32  10.5  1.71656e-09
4  0.4  2.08782
4  0.5  1.60646
4  0.6  1.20743
4  0.7  0.891691
4  0.8  0.650312
4  0.9  0.471624
4  1.0  0.340691
32  11.0  1.09493e-09
4  1.2  0.178732
4  1.1  0.246258
4  1.3  0.130725
4  1.4  0.0947953
4  1.6  0.0509476
4  1.5  0.0687446
4  1.7  0.0373974
4  1.8  0.0281932
4  1.9  0.0214512
4  2.0  0.0156625
4  3.0  0.00128537
4  2.5  0.004101
4  3.5  0.000373532
32  11.5  7.12737e-10
32  12.0  4.73882e-10
4  5.0  2.04549e-05
4  4.0  0.000131716
4  4.5  4.9769e-05
4  5.5  8.94009e-06
4  6.0  4.1102e-06
4  7.0  1.0144e-06
4  6.5  2.00107e-06
4  7.5  5.3247e-07
4  8.0  2.92783e-07
4  8.5  1.64626e-07
4  9.0  9.59612e-08
4  9.5  5.7033e-08
4  10.0  3.49513e-08
4  11.5  9.1561e-09
6  0.2  3.15638
6  0.3  2.5998
6  0.4  2.0645
6  0.5  1.59062
6  0.6  1.19347
4  10.5  2.18747e-08
6  0.7  0.879379
6  0.8  0.642022
6  0.9  0.463502
6  1.0  0.336481
6  1.1  0.243391
6  1.2  0.175221
6  1.3  0.129146
6  1.4  0.0932498
6  1.5  0.0688204
6  1.6  0.0502538
4  11.0  1.40541e-08
6  1.7  0.0367875
6  1.8  0.0276475
6  1.9  0.0203177
6  2.0  0.0160734
6  2.5  0.00413088
6  3.0  0.00112222
6  3.5  0.000421488
4  12.0  6.10178e-09
6  5.0  2.00813e-05
6  5.5  8.77381e-06
6  4.0  0.000129309
6  4.5  4.88688e-05
6  6.0  4.03404e-06
6  6.5  1.96354e-06
6  7.0  9.95029e-07
6  7.5  5.22953e-07
6  8.0  2.87196e-07
6  8.5  1.61547e-07
6  9.0  9.36969e-08
6  9.5  5.59495e-08
6  10.0  3.42901e-08
8  0.2  3.11008
6  10.5  2.14833e-08
8  0.3  2.5595
8  0.4  2.03247
8  0.5  1.5638
8  0.6  1.17172
8  0.7  0.864191
8  0.8  0.629388
8  0.9  0.456483
8  1.0  0.329743
6  11.0  1.37874e-08
8  1.2  0.172133
8  1.1  0.238511
8  1.3  0.125333
8  1.4  0.0909054
8  1.6  0.0504356
8  1.5  0.0665727
8  1.7  0.0369889
8  1.9  0.0201969
8  1.8  0.0269961
8  2.0  0.0151737
6  11.5  9.03202e-09
8  3.0  0.0009995
8  2.5  0.00430036
8  3.5  0.000416136
6  12.0  5.98456e-09
8  4.0  0.000124369
8  5.0  1.95561e-05
8  5.5  8.54105e-06
8  4.5  4.76334e-05
8  6.0  3.92699e-06
8  7.0  9.68448e-07
8  6.5  1.91122e-06
8  8.0  2.78898e-07
8  7.5  5.09254e-07
8  8.5  1.5718e-07
8  9.0  9.11508e-08
8  9.5  5.44315e-08
8  10.0  3.34149e-08
8  10.5  2.08405e-08
8  11.0  1.34037e-08
8  11.5  8.78832e-09
8  12.0  5.8351e-09
