# exclusive D0 cross section, Pb target, LHAPDF fragmentation, An0n channel
# generated      : 2026-08-19 15:28:16 EEST
# calls          : 1e5 below 4.0 GeV, 2e3 above (see EXCL_PT_THRESHOLD) (VEGAS calls per point, see CALLS_EXCL/CALLS_EXCL_FACTORIZED/CALLS_DIFF)
# dipole samples : data/Pb/bk_posterior/member_0066/glauber_mve_<b>
# pD0 sweep      : 0.2 0.3 0.4 0.5 0.6 0.7 0.8 0.9 1.0 1.1 1.2 1.3 1.4 1.5 1.6 1.7 1.8 1.9 2.0 2.5 3.0 3.5 4.0 4.5 5.0 5.5 6.0 6.5 7.0 7.5 8.0 8.5 9.0 9.5 10.0 10.5 11.0 11.5 12.0
# fixed rapidity y : 0.0
# ============================================================
# b  pD0  dsigma_dyd2pD0
0  0.3  2.64225
0  0.5  1.58559
0  0.2  3.25655
0  0.4  2.07339
0  0.7  0.880744
0  0.6  1.18932
0  0.9  0.474459
0  0.8  0.647054
0  1.0  0.347803
0  1.2  0.187404
0  1.1  0.254948
0  1.3  0.138389
0  1.4  0.104079
0  1.6  0.0587549
0  1.7  0.0443092
0  1.5  0.0774916
0  1.8  0.0338556
0  1.9  0.024988
0  2.0  0.01941
0  3.0  0.00166054
0  2.5  0.00552702
0  3.5  0.000515027
0  4.0  0.000219177
0  4.5  8.80564e-05
0  5.0  3.78034e-05
0  5.5  1.71493e-05
0  6.0  8.25186e-06
0  7.0  2.14683e-06
0  8.0  6.41822e-07
0  6.5  4.09366e-06
0  7.5  1.15875e-06
0  8.5  3.73876e-07
0  9.0  2.20158e-07
0  10.5  5.21673e-08
0  9.5  1.33605e-07
0  10.0  8.36178e-08
10  0.2  3.08778
0  11.5  2.26195e-08
10  0.3  2.50055
10  0.4  1.96031
10  0.5  1.49443
10  0.6  1.11861
10  0.7  0.825784
10  0.8  0.60619
10  0.9  0.443503
10  1.0  0.324272
10  1.1  0.237381
10  1.2  0.174953
10  1.3  0.129136
10  1.4  0.0958192
10  1.5  0.071802
10  1.6  0.0543555
10  1.7  0.0402113
0  11.0  3.40446e-08
10  1.8  0.0311306
10  1.9  0.0238154
10  2.0  0.0178344
10  2.5  0.00509818
10  3.0  0.00149793
10  3.5  0.000562077
0  12.0  1.50495e-08
10  4.0  0.00020003
10  6.0  7.52831e-06
10  4.5  8.03343e-05
10  5.0  3.44047e-05
10  5.5  1.56908e-05
10  7.5  1.04191e-06
10  6.5  3.73365e-06
10  8.0  5.82266e-07
10  7.0  1.94659e-06
10  9.5  1.19834e-07
10  8.5  3.38968e-07
10  10.0  7.48731e-08
10  9.0  1.99755e-07
10  11.5  2.04637e-08
12  0.2  3.01011
12  0.3  2.43358
12  0.4  1.9065
12  0.5  1.45361
12  0.6  1.08632
10  10.5  4.78634e-08
12  0.7  0.801673
12  0.8  0.587396
12  0.9  0.429345
12  1.0  0.313389
12  1.1  0.229563
12  1.2  0.168266
12  1.3  0.124163
12  1.4  0.0925749
12  1.5  0.0685344
10  11.0  3.08582e-08
12  1.6  0.0518736
12  1.7  0.0393219
12  1.8  0.0300746
12  2.0  0.0173734
12  1.9  0.022188
12  2.5  0.00495361
12  3.0  0.00145597
12  3.5  0.000362471
10  12.0  1.36444e-08
12  4.0  0.000192567
12  5.5  1.49415e-05
12  4.5  7.64353e-05
12  5.0  3.29082e-05
12  6.0  7.12736e-06
12  6.5  3.56856e-06
12  7.5  9.94332e-07
12  7.0  1.86357e-06
12  8.0  5.59946e-07
12  9.5  1.14133e-07
12  8.5  3.23303e-07
12  10.0  7.14717e-08
12  9.0  1.90672e-07
14  0.2  2.91637
14  0.3  2.35731
12  11.5  1.95405e-08
14  0.4  1.84278
14  0.5  1.4027
14  0.6  1.04672
14  0.7  0.771707
14  0.8  0.564492
12  10.5  4.566e-08
14  0.9  0.412384
14  1.0  0.300911
14  1.2  0.161206
14  1.1  0.219819
14  1.3  0.11982
14  1.4  0.088751
14  1.5  0.0662298
14  1.7  0.0378788
14  1.6  0.0490879
14  1.8  0.027587
14  1.9  0.0210494
14  2.0  0.0162326
14  2.5  0.00457486
12  11.0  2.94472e-08
14  3.0  0.00137951
14  3.5  0.000360279
12  12.0  1.29881e-08
14  4.0  0.000182297
14  4.5  7.26646e-05
14  5.0  3.11784e-05
14  5.5  1.4125e-05
14  6.0  6.75251e-06
14  6.5  3.37857e-06
14  7.5  9.38622e-07
14  7.0  1.75731e-06
14  8.0  5.29386e-07
14  10.0  6.74216e-08
14  8.5  3.06772e-07
14  9.5  1.09524e-07
14  9.0  1.76551e-07
16  0.2  2.80109
14  11.5  1.84248e-08
16  0.3  2.26128
16  0.4  1.76578
16  0.5  1.3414
16  0.7  0.73599
16  0.6  0.999849
16  0.8  0.538121
16  0.9  0.392195
16  1.0  0.285511
16  1.1  0.208614
14  10.5  4.30483e-08
16  1.2  0.15251
16  1.3  0.112663
16  1.4  0.0834183
16  1.5  0.0618132
16  1.6  0.0465411
16  1.7  0.0356562
14  11.0  2.77412e-08
16  1.8  0.0263329
16  1.9  0.0200612
16  2.0  0.0156224
16  2.5  0.00432114
16  3.0  0.00139101
16  3.5  0.000278591
14  12.0  1.22368e-08
16  4.0  0.000169955
16  4.5  6.77e-05
16  5.0  2.90754e-05
16  6.0  6.28714e-06
16  5.5  1.31932e-05
16  7.0  1.62985e-06
16  6.5  3.14069e-06
16  8.0  4.88274e-07
16  7.5  8.8402e-07
16  8.5  2.83397e-07
16  9.0  1.67323e-07
16  9.5  1.01912e-07
16  10.0  6.28912e-08
18  0.2  2.66484
18  0.3  2.14732
18  0.4  1.67441
18  0.5  1.26949
18  0.6  0.943959
18  0.7  0.692466
18  0.8  0.505439
18  0.9  0.367882
16  10.5  4.00448e-08
18  1.0  0.267658
18  1.1  0.194956
18  1.2  0.142558
18  1.3  0.104776
18  1.4  0.0777176
18  1.5  0.0583852
18  1.6  0.0429235
18  1.7  0.0323601
18  1.8  0.0241951
16  11.0  2.57492e-08
18  1.9  0.0183993
18  2.0  0.014253
18  3.5  0.000477201
18  2.5  0.00393683
18  3.0  0.00116008
16  11.5  1.69454e-08
16  12.0  1.13846e-08
18  4.0  0.000156474
18  4.5  6.22049e-05
18  5.0  2.67097e-05
18  5.5  1.20938e-05
18  6.5  2.8778e-06
18  6.0  5.7727e-06
18  7.0  1.49962e-06
18  7.5  8.0792e-07
18  8.0  4.51254e-07
18  8.5  2.59044e-07
18  10.5  3.61041e-08
18  9.0  1.52828e-07
18  9.5  9.30677e-08
18  10.0  5.75058e-08
2  0.2  3.25038
18  11.5  1.56224e-08
2  0.3  2.6369
2  0.4  2.06917
2  0.5  1.58313
2  0.6  1.18653
2  0.8  0.645641
2  0.7  0.878025
2  0.9  0.473148
2  1.0  0.346901
2  1.1  0.254068
2  1.2  0.187673
2  1.4  0.103876
2  1.3  0.137855
2  1.5  0.0771867
2  1.6  0.0584083
2  1.7  0.0440806
2  1.8  0.0337722
2  1.9  0.0247016
2  2.0  0.0193029
2  2.5  0.00546484
2  3.0  0.00165413
2  3.5  0.000380678
18  11.0  2.35029e-08
2  4.0  0.000218411
18  12.0  1.04147e-08
2  4.5  8.77462e-05
2  5.0  3.76697e-05
2  5.5  1.71377e-05
2  7.0  2.14816e-06
2  6.0  8.22362e-06
2  8.0  6.3944e-07
2  6.5  4.07911e-06
2  7.5  1.15381e-06
2  8.5  3.72492e-07
2  10.0  8.23612e-08
2  9.0  2.19593e-07
2  10.5  5.19707e-08
2  9.5  1.33194e-07
20  0.2  2.5002
2  11.5  2.25047e-08
20  0.3  2.01167
20  0.4  1.56444
20  0.5  1.18387
20  0.6  0.878331
20  0.7  0.643516
20  0.8  0.468586
20  0.9  0.33941
20  1.0  0.246633
20  1.1  0.179429
20  1.2  0.13134
20  1.3  0.0965182
20  1.4  0.071093
20  1.5  0.0526023
2  11.0  3.39166e-08
20  1.6  0.0391037
20  1.7  0.030316
20  1.8  0.0227203
20  2.0  0.0129231
20  1.9  0.0169475
20  2.5  0.00362362
20  3.0  0.00107568
20  3.5  0.000285062
2  12.0  1.49942e-08
20  4.0  0.000140688
20  5.5  1.0828e-05
20  4.5  5.59077e-05
20  5.0  2.39318e-05
20  6.5  2.58022e-06
20  6.0  5.1629e-06
20  7.0  1.34191e-06
20  7.5  7.23089e-07
20  8.0  4.01298e-07
20  8.5  2.30472e-07
20  9.0  1.36395e-07
20  9.5  8.26016e-08
20  10.0  5.11436e-08
22  0.2  2.30454
20  10.5  3.26275e-08
22  0.3  1.84926
22  0.4  1.43457
22  0.5  1.08231
22  0.6  0.800145
22  0.7  0.583554
22  0.8  0.424312
22  0.9  0.30701
22  1.0  0.221932
22  1.1  0.161613
20  11.0  2.09788e-08
22  1.2  0.11737
22  1.3  0.0861545
22  1.4  0.0636001
22  1.5  0.047184
22  1.6  0.0356733
22  1.7  0.0264776
22  1.9  0.0154383
22  1.8  0.0203617
22  2.0  0.0114196
22  2.5  0.00314141
22  3.0  0.00087127
20  11.5  1.3856e-08
22  3.5  0.000270515
20  12.0  9.29852e-09
22  4.0  0.000122949
22  4.5  4.8809e-05
22  5.0  2.08199e-05
22  6.5  2.24798e-06
22  5.5  9.44509e-06
22  7.5  6.34417e-07
22  6.0  4.48273e-06
22  7.0  1.16597e-06
22  8.0  3.48526e-07
22  8.5  2.006e-07
22  9.0  1.18238e-07
22  9.5  7.1527e-08
22  10.0  4.45492e-08
24  0.2  2.06688
22  10.5  2.80855e-08
24  0.3  1.65622
24  0.4  1.27885
24  0.5  0.960315
22  12.0  7.97358e-09
24  0.6  0.708129
24  0.7  0.515169
24  0.8  0.372351
24  0.9  0.268994
24  1.0  0.193313
24  1.1  0.140001
24  1.2  0.102039
24  1.3  0.0744407
24  1.4  0.0549556
22  11.0  1.82206e-08
24  1.5  0.0404266
24  1.6  0.0299759
24  1.7  0.0230706
24  1.8  0.0168981
24  1.9  0.013051
24  2.0  0.00996053
24  2.5  0.00267938
24  3.0  0.000804781
24  3.5  0.00022252
22  11.5  1.19743e-08
24  4.0  0.000103245
24  5.5  7.74454e-06
24  4.5  4.08732e-05
24  5.0  1.74038e-05
24  7.0  9.64523e-07
24  7.5  5.25772e-07
24  6.0  3.75327e-06
24  6.5  1.87104e-06
24  8.0  2.89462e-07
24  8.5  1.66779e-07
24  9.0  9.83469e-08
24  10.5  2.3138e-08
24  9.5  5.96883e-08
24  10.0  3.695e-08
26  0.2  1.78485
26  0.3  1.42344
26  0.4  1.09524
24  12.0  6.63045e-09
26  0.5  0.818689
26  0.6  0.599859
26  0.7  0.434187
26  0.8  0.312344
26  0.9  0.224206
26  1.0  0.161014
26  1.1  0.115902
26  1.2  0.0843826
26  1.3  0.0614334
26  1.4  0.0448365
26  1.6  0.0249899
26  1.5  0.0332485
24  11.0  1.50462e-08
26  1.7  0.0181944
26  1.8  0.0139499
26  1.9  0.0106072
26  2.0  0.00792711
26  2.5  0.00214325
24  11.5  9.90145e-09
26  3.0  0.000581656
26  3.5  0.00033489
26  6.0  2.93565e-06
26  4.0  8.13058e-05
26  4.5  3.22664e-05
26  5.0  1.37169e-05
26  5.5  6.225e-06
26  6.5  1.46323e-06
26  8.0  2.25285e-07
26  7.0  7.5985e-07
26  8.5  1.29807e-07
26  7.5  4.0865e-07
26  9.0  7.73396e-08
26  10.5  1.79633e-08
26  9.5  4.65928e-08
26  10.0  2.87646e-08
28  0.2  1.4516
28  0.3  1.15198
28  0.4  0.881083
28  0.5  0.654304
28  0.6  0.476157
28  0.7  0.342268
28  0.8  0.244419
26  12.0  5.14036e-09
28  0.9  0.174623
28  1.0  0.124709
28  1.1  0.0892622
28  1.2  0.0643406
28  1.3  0.0466852
28  1.4  0.0342743
28  1.5  0.0253314
26  11.0  1.17119e-08
28  1.6  0.0187616
28  1.7  0.0141375
28  1.9  0.00788371
28  1.8  0.0102825
28  2.0  0.00603946
28  2.5  0.00154653
28  3.0  0.0004403
28  3.5  0.000217327
26  11.5  7.73847e-09
28  4.0  5.89471e-05
28  4.5  2.33359e-05
28  5.0  9.90603e-06
28  5.5  4.4493e-06
28  6.5  1.04767e-06
28  6.0  2.11694e-06
28  7.0  5.4255e-07
28  7.5  2.91658e-07
28  8.0  1.61666e-07
28  8.5  9.26417e-08
28  9.0  5.44864e-08
28  9.5  3.2765e-08
28  10.0  2.03883e-08
30  0.2  1.08151
30  0.3  0.852272
30  0.4  0.645919
30  0.5  0.475143
30  0.6  0.343002
30  0.7  0.24424
30  0.8  0.173194
28  10.5  1.2894e-08
30  0.9  0.122566
30  1.0  0.0869589
30  1.1  0.0619587
30  1.2  0.0444458
30  1.3  0.0320408
30  1.4  0.0232598
28  11.0  8.28772e-09
30  1.5  0.017012
30  1.6  0.0124933
30  1.7  0.0091315
30  1.8  0.00688384
30  1.9  0.00522259
30  2.0  0.00391078
30  2.5  0.00111277
30  3.0  0.000266538
28  11.5  5.43755e-09
30  3.5  9.46861e-05
28  12.0  3.64175e-09
30  4.0  3.79805e-05
30  4.5  1.48796e-05
30  5.0  6.2934e-06
30  6.0  1.33462e-06
30  5.5  2.81052e-06
30  6.5  6.56946e-07
30  7.5  1.83866e-07
30  7.0  3.39288e-07
30  8.0  1.00356e-07
30  8.5  5.76575e-08
30  9.0  3.38959e-08
30  9.5  2.0411e-08
30  10.0  1.2681e-08
32  0.2  0.714043
32  0.3  0.556811
32  0.4  0.417966
30  10.5  7.96902e-09
32  0.5  0.30403
32  0.7  0.152701
32  0.6  0.216672
32  0.8  0.107213
32  0.9  0.0750569
32  1.0  0.052794
32  1.1  0.0372575
32  1.2  0.0265167
32  1.3  0.0189739
32  1.4  0.0137381
30  11.0  5.12647e-09
32  1.5  0.0101137
32  1.6  0.0073684
32  1.8  0.00398493
32  1.7  0.00530632
32  1.9  0.00309626
32  2.0  0.00220052
32  2.5  0.000536931
32  3.0  0.000218585
32  3.5  5.28775e-05
30  11.5  3.37385e-09
30  12.0  2.2523e-09
32  5.0  3.34152e-06
32  4.0  2.05953e-05
32  4.5  8.04164e-06
32  5.5  1.50707e-06
32  6.5  3.48216e-07
32  6.0  7.09245e-07
32  7.0  1.78435e-07
32  7.5  9.58132e-08
32  8.0  5.26801e-08
32  9.0  1.73733e-08
32  8.5  3.01144e-08
32  9.5  1.06008e-08
34  0.2  0.408629
32  10.0  6.54179e-09
34  0.3  0.315662
34  0.4  0.233683
34  0.5  0.167302
34  0.6  0.117803
34  0.7  0.0819493
32  10.5  4.11836e-09
34  0.8  0.0567654
34  1.0  0.0272967
34  0.9  0.039433
34  1.1  0.0191567
32  11.0  2.65117e-09
34  1.2  0.0135334
34  1.3  0.00970526
34  1.4  0.00692515
34  1.5  0.0050356
34  1.6  0.00370727
34  1.7  0.00264929
34  1.8  0.00199182
34  1.9  0.00148611
34  2.0  0.00110776
34  2.5  0.000286962
34  3.0  7.26036e-05
32  11.5  1.74176e-09
34  3.5  2.80374e-05
32  12.0  1.15549e-09
34  4.5  3.57261e-06
34  4.0  9.35936e-06
34  5.0  1.50549e-06
34  6.5  1.52206e-07
34  6.0  3.11022e-07
34  5.5  6.62659e-07
34  7.0  7.74304e-08
34  7.5  4.13284e-08
34  8.0  2.27221e-08
34  8.5  1.29308e-08
34  9.0  7.52578e-09
34  9.5  4.515e-09
34  10.0  2.78101e-09
34  11.5  7.27746e-10
4  0.2  3.23012
4  0.3  2.62041
4  0.4  2.05643
4  0.5  1.57051
4  0.6  1.17771
4  0.7  0.871895
34  10.5  1.73334e-09
4  0.9  0.469183
4  0.8  0.6406
4  1.1  0.252051
4  1.0  0.343885
4  1.3  0.137396
4  1.2  0.185922
4  1.4  0.102762
4  1.5  0.0765557
4  1.7  0.0438474
4  1.6  0.0578173
34  11.0  1.11647e-09
4  1.8  0.0326774
4  1.9  0.0245497
4  2.0  0.0195037
4  2.5  0.00544395
4  3.0  0.00155402
4  3.5  0.00064977
34  12.0  4.8785e-10
4  4.0  0.000216137
4  5.5  1.69765e-05
4  4.5  8.68096e-05
4  5.0  3.7268e-05
4  6.0  8.09643e-06
4  7.0  2.11534e-06
4  8.0  6.32356e-07
4  6.5  4.03393e-06
4  7.5  1.1382e-06
4  8.5  3.68335e-07
4  10.0  8.14265e-08
4  9.0  2.17796e-07
4  10.5  5.13833e-08
4  9.5  1.31509e-07
6  0.2  3.19778
4  11.5  2.22406e-08
6  0.3  2.59047
6  0.4  2.03366
6  0.5  1.55265
6  0.6  1.1638
6  0.7  0.860985
6  0.8  0.632271
6  0.9  0.463007
6  1.0  0.339296
4  11.0  3.35501e-08
6  1.1  0.248654
6  1.2  0.183273
6  1.3  0.136038
6  1.4  0.101036
6  1.5  0.0752776
6  1.7  0.0431678
6  1.6  0.0567355
6  1.8  0.0328219
6  2.0  0.019028
6  1.9  0.0243461
6  2.5  0.00536111
6  3.0  0.00160377
6  3.5  0.00061445
4  12.0  1.48279e-08
6  4.0  0.000212355
6  4.5  8.52616e-05
6  5.0  3.65967e-05
6  6.0  7.92771e-06
6  5.5  1.66293e-05
6  7.0  2.08737e-06
6  7.5  1.1078e-06
6  8.0  6.20433e-07
6  6.5  3.95864e-06
6  8.5  3.61403e-07
6  10.0  7.98536e-08
6  9.0  2.13244e-07
6  9.5  1.28856e-07
8  0.2  3.14909
6  11.5  2.18376e-08
8  0.3  2.55055
8  0.4  2.00154
6  10.5  5.10126e-08
8  0.5  1.52783
8  0.6  1.14397
8  0.7  0.846529
8  0.8  0.620676
8  0.9  0.454473
8  1.0  0.332406
8  1.2  0.179455
8  1.1  0.243588
8  1.3  0.132193
8  1.4  0.0988603
8  1.5  0.0731331
6  11.0  3.29183e-08
8  1.6  0.0555597
8  1.7  0.0419235
8  1.9  0.0245651
8  1.8  0.0315712
8  2.0  0.0183885
8  2.5  0.00509793
8  3.0  0.00159787
8  3.5  0.000422573
6  12.0  1.46181e-08
8  4.0  0.000207015
8  4.5  8.3102e-05
8  5.0  3.562e-05
8  6.0  7.74565e-06
8  5.5  1.62591e-05
8  7.0  2.03189e-06
8  7.5  1.07739e-06
8  8.0  6.03785e-07
8  6.5  3.8641e-06
8  8.5  3.51641e-07
8  10.0  7.76479e-08
8  9.0  2.0764e-07
8  9.5  1.25797e-07
8  10.5  4.96547e-08
8  11.0  3.20142e-08
8  11.5  2.10373e-08
8  12.0  1.41466e-08
