# diffractive D0 cross section, Pb target, LHAPDF fragmentation, An0n channel
# generated      : 2026-08-20 11:03:49 EEST
# calls          : 1e5 (VEGAS calls per point, see CALLS_EXCL/CALLS_EXCL_FACTORIZED/CALLS_DIFF)
# dipole samples : data/Pb/bk_posterior/member_0053/glauber_mve_<b>
# pD0 sweep      : 0.2 0.3 0.4 0.5 0.6 0.7 0.8 0.9 1.0 1.1 1.2 1.3 1.4 1.5 1.6 1.7 1.8 1.9 2.0 2.5 3.0 3.5 4.0 4.5 5.0 5.5 6.0 6.5 7.0 7.5 8.0 8.5 9.0 9.5 10.0 10.5 11.0 11.5 12.0
# fixed rapidity y : 1.0
# ============================================================
# b  pD0  dsigma_dyd2pD0
0  0.2  0.435191
0  0.4  0.794364
0  0.3  0.624738
0  0.5  0.864518
0  0.7  0.812676
0  0.9  0.621874
0  0.8  0.720663
0  0.6  0.866588
0  1.0  0.525437
0  1.1  0.428491
0  1.2  0.353599
0  1.5  0.187878
0  1.3  0.28637
0  1.7  0.12334
0  1.4  0.230654
0  1.6  0.153341
0  1.8  0.0994648
0  2.0  0.0670031
0  1.9  0.081341
0  2.5  0.0259185
0  3.0  0.0111129
0  3.5  0.00512413
0  4.5  0.00139958
0  4.0  0.00261749
0  5.0  0.000779854
0  5.5  0.000456353
0  6.0  0.000278841
0  8.0  4.80948e-05
0  6.5  0.000175876
0  7.0  0.000110248
0  7.5  7.35674e-05
0  8.5  3.38629e-05
0  9.0  2.2839e-05
0  9.5  1.66947e-05
0  10.5  8.7849e-06
10  0.2  0.420243
0  10.0  1.18122e-05
10  0.3  0.616842
10  0.4  0.778055
10  0.5  0.860358
10  0.6  0.859279
10  0.8  0.707226
10  0.7  0.793983
10  0.9  0.603984
10  1.0  0.513698
10  1.1  0.415968
10  1.2  0.340329
0  11.5  4.78308e-06
10  1.3  0.279252
10  1.4  0.222348
10  1.5  0.181187
10  1.6  0.144974
0  11.0  6.4778e-06
10  1.7  0.119323
10  1.8  0.0954909
10  1.9  0.0780785
10  2.0  0.063763
10  2.5  0.0246714
10  3.0  0.0105049
10  3.5  0.00490754
0  12.0  3.5178e-06
10  4.5  0.00131833
10  4.0  0.00246146
10  5.0  0.000743642
10  5.5  0.000438098
10  6.0  0.000265196
10  8.0  4.69796e-05
10  6.5  0.000166053
10  7.0  0.000103811
10  7.5  6.85749e-05
10  9.0  2.27506e-05
10  8.5  3.15232e-05
10  9.5  1.57701e-05
10  10.5  8.15702e-06
12  0.2  0.427205
10  10.0  1.13274e-05
12  0.3  0.615631
12  0.4  0.769036
12  0.5  0.842013
12  0.6  0.835907
12  0.7  0.780421
12  0.8  0.688185
12  0.9  0.596026
12  1.0  0.497259
12  1.1  0.410719
12  1.2  0.334101
12  1.3  0.270771
12  1.4  0.217173
10  11.0  6.11141e-06
12  1.5  0.178541
12  1.6  0.142405
12  1.7  0.116804
12  1.8  0.0936305
12  1.9  0.0753387
12  2.5  0.0238228
12  2.0  0.0626299
10  11.5  4.42439e-06
12  3.0  0.0103941
12  3.5  0.00476552
10  12.0  3.40835e-06
12  4.0  0.00240375
12  4.5  0.00130244
12  5.5  0.000425985
12  5.0  0.000735792
12  6.0  0.000253629
12  6.5  0.000160333
12  8.0  4.58531e-05
12  7.0  0.000103805
12  7.5  6.85669e-05
12  8.5  3.16266e-05
12  9.5  1.57695e-05
12  9.0  2.19439e-05
12  10.5  7.97886e-06
14  0.2  0.421074
14  0.3  0.616858
12  10.0  1.13743e-05
14  0.4  0.756843
14  0.5  0.829634
14  0.6  0.831441
14  0.7  0.762741
14  0.8  0.675632
14  0.9  0.583243
14  1.0  0.488907
14  1.2  0.327232
14  1.1  0.399292
14  1.3  0.266208
14  1.4  0.213711
14  1.5  0.171378
14  1.6  0.139266
14  1.7  0.112688
14  1.8  0.0915851
14  1.9  0.0744835
12  11.0  6.02124e-06
14  2.0  0.0605887
14  2.5  0.0235659
14  3.0  0.0100253
14  3.5  0.00470166
12  12.0  3.31741e-06
12  11.5  4.4555e-06
14  4.5  0.00125113
14  5.5  0.000414871
14  4.0  0.0023249
14  5.0  0.000700548
14  6.0  0.000244953
14  6.5  0.000157227
14  7.0  0.000100765
14  7.5  6.76029e-05
14  8.0  4.32961e-05
14  8.5  3.02119e-05
14  9.5  1.49526e-05
14  9.0  2.11856e-05
14  10.5  7.70179e-06
16  0.2  0.413179
14  10.0  1.08888e-05
16  0.3  0.604403
16  0.4  0.758796
16  0.5  0.821204
16  0.6  0.81902
16  0.7  0.756125
16  0.8  0.655827
16  0.9  0.557982
16  1.0  0.474392
16  1.1  0.391743
16  1.2  0.31667
16  1.3  0.255967
16  1.4  0.207191
14  11.0  5.67395e-06
16  1.5  0.166155
16  1.6  0.134934
14  12.0  3.16135e-06
16  1.7  0.107928
16  1.8  0.0876374
16  1.9  0.072379
14  11.5  4.16287e-06
16  2.0  0.0589254
16  3.0  0.00973196
16  2.5  0.0229968
16  3.5  0.00452054
16  4.5  0.00117996
16  4.0  0.00227429
16  5.0  0.000688017
16  5.5  0.000395947
16  7.0  9.68705e-05
16  6.0  0.000239609
16  8.0  4.37332e-05
16  6.5  0.000150517
16  7.5  6.3947e-05
16  8.5  2.92572e-05
16  9.5  1.42364e-05
16  9.0  2.03534e-05
16  10.0  1.04696e-05
16  10.5  7.64799e-06
18  0.2  0.409255
18  0.3  0.597204
16  11.0  5.44611e-06
18  0.4  0.749449
18  0.5  0.8039
18  0.6  0.792373
18  0.7  0.737885
18  0.8  0.647406
18  0.9  0.550421
16  11.5  4.09786e-06
18  1.1  0.382021
18  1.0  0.457148
18  1.2  0.305972
18  1.4  0.201284
18  1.3  0.245404
16  12.0  3.09248e-06
18  1.5  0.162328
18  1.6  0.131901
18  1.7  0.103695
18  1.8  0.0842259
18  2.0  0.0568662
18  1.9  0.0695964
18  2.5  0.0216233
18  3.0  0.00925636
18  3.5  0.00438171
18  4.5  0.0011519
18  5.0  0.000644041
18  6.0  0.000228385
18  4.0  0.00216881
18  5.5  0.000386233
18  7.0  9.25696e-05
18  8.0  4.03224e-05
18  6.5  0.000145187
18  7.5  6.12714e-05
18  8.5  2.81672e-05
18  9.5  1.37739e-05
18  9.0  1.98085e-05
18  10.0  9.72649e-06
18  10.5  7.16323e-06
2  0.2  0.436195
2  0.3  0.624789
18  11.0  5.35027e-06
2  0.4  0.789429
2  0.5  0.868113
2  0.6  0.877262
2  0.7  0.808786
2  0.8  0.716331
2  0.9  0.621851
2  1.0  0.522765
2  1.1  0.429353
2  1.2  0.352738
18  11.5  3.84644e-06
2  1.3  0.28732
2  1.4  0.233964
2  1.5  0.189214
2  1.6  0.151424
2  1.7  0.123618
2  1.8  0.100973
2  2.0  0.0671456
2  1.9  0.0807327
2  2.5  0.0259417
18  12.0  2.87544e-06
2  3.0  0.0111078
2  3.5  0.00517799
2  4.5  0.00140021
2  4.0  0.0026094
2  5.0  0.000764684
2  5.5  0.000456138
2  6.0  0.000273214
2  8.0  4.91292e-05
2  6.5  0.000172156
2  7.0  0.000112786
2  7.5  7.25601e-05
2  8.5  3.34032e-05
2  9.5  1.63047e-05
2  9.0  2.34224e-05
2  10.0  1.1769e-05
20  0.2  0.406312
20  0.3  0.586711
20  0.4  0.732379
2  10.5  8.82318e-06
20  0.5  0.786585
20  0.6  0.780462
20  0.7  0.705091
2  11.5  4.59637e-06
20  0.8  0.621069
20  0.9  0.52851
20  1.0  0.43864
20  1.1  0.358951
20  1.2  0.292011
20  1.3  0.234687
2  11.0  6.30044e-06
20  1.5  0.153477
20  1.4  0.190061
20  1.6  0.123487
20  1.7  0.0989134
20  1.8  0.0803799
20  2.0  0.0535079
20  1.9  0.0654818
20  2.5  0.0206899
20  3.0  0.00871388
20  3.5  0.00401331
2  12.0  3.44055e-06
20  4.5  0.001105
20  5.0  0.000617959
20  4.0  0.00202859
20  5.5  0.000363856
20  6.0  0.000220196
20  7.0  8.7318e-05
20  8.0  3.88995e-05
20  6.5  0.000136241
20  7.5  5.81093e-05
20  9.0  1.87519e-05
20  8.5  2.65322e-05
20  9.5  1.30164e-05
20  10.0  9.37997e-06
20  10.5  6.89818e-06
22  0.2  0.395087
22  0.3  0.574046
22  0.4  0.717023
22  0.5  0.758123
22  0.6  0.747306
22  0.7  0.67874
20  11.5  3.63592e-06
22  0.8  0.59232
22  0.9  0.499635
22  1.1  0.336393
22  1.0  0.414033
22  1.2  0.272539
20  11.0  5.04754e-06
22  1.3  0.220819
22  1.4  0.177737
20  12.0  2.725e-06
22  1.6  0.117024
22  1.5  0.142715
22  1.7  0.0927084
22  1.9  0.0603795
22  1.8  0.0747228
22  3.0  0.00827169
22  2.0  0.0499253
22  2.5  0.0191644
22  3.5  0.00381021
22  4.5  0.00104309
22  5.0  0.000579686
22  4.0  0.0018841
22  5.5  0.000341027
22  6.0  0.000200323
22  6.5  0.000127411
22  7.0  8.166e-05
22  7.5  5.20807e-05
22  8.0  3.58948e-05
22  9.0  1.68076e-05
22  8.5  2.48465e-05
22  10.0  8.59249e-06
22  9.5  1.20417e-05
24  0.2  0.387108
24  0.3  0.564035
24  0.4  0.683014
24  0.5  0.732967
24  0.6  0.707424
22  10.5  6.34166e-06
24  0.7  0.649255
24  0.8  0.553753
24  0.9  0.467559
24  1.0  0.386598
24  1.1  0.316403
22  11.5  3.44069e-06
24  1.2  0.25451
24  1.3  0.207281
24  1.4  0.161819
24  1.5  0.130932
24  1.7  0.0850101
24  1.6  0.105727
22  12.0  2.59947e-06
24  1.9  0.0553378
22  11.0  4.56263e-06
24  1.8  0.0684953
24  2.0  0.0457485
24  2.5  0.0176381
24  3.0  0.00754814
24  3.5  0.0034781
24  4.5  0.000954383
24  4.0  0.0017583
24  5.0  0.000519047
24  6.0  0.000187691
24  5.5  0.000307527
24  6.5  0.000116285
24  7.0  7.39602e-05
24  7.5  4.88402e-05
24  8.0  3.20702e-05
24  9.0  1.60802e-05
24  8.5  2.26923e-05
24  10.0  7.76768e-06
24  9.5  1.08173e-05
26  0.2  0.378338
24  11.0  4.16477e-06
24  10.5  5.66298e-06
26  0.3  0.533174
26  0.4  0.652165
26  0.5  0.685845
26  0.6  0.661925
26  0.7  0.593977
26  0.8  0.510073
26  0.9  0.422638
26  1.0  0.348171
26  1.1  0.286418
24  11.5  3.13207e-06
26  1.2  0.226299
26  1.3  0.180676
26  1.4  0.145815
26  1.5  0.11646
26  1.6  0.0937149
26  1.8  0.061085
26  1.7  0.0753834
24  12.0  2.30352e-06
26  1.9  0.0499181
26  2.0  0.0400637
26  2.5  0.0156176
26  3.0  0.00653641
26  3.5  0.00304456
26  5.0  0.000460561
26  4.5  0.000786116
26  4.0  0.00153956
26  6.0  0.000164276
26  5.5  0.000270222
26  6.5  0.000100074
26  7.0  6.50711e-05
26  7.5  4.27845e-05
26  8.0  2.8807e-05
26  9.0  1.3561e-05
26  8.5  1.93873e-05
26  9.5  9.52303e-06
26  10.5  5.00556e-06
26  10.0  6.9184e-06
26  11.0  3.66459e-06
28  0.2  0.35198
28  0.3  0.511245
28  0.4  0.605787
28  0.5  0.619844
28  0.6  0.593181
26  11.5  2.79717e-06
28  0.7  0.524578
28  0.8  0.44645
28  0.9  0.363131
28  1.0  0.303869
28  1.2  0.193286
28  1.1  0.23978
28  1.3  0.155825
28  1.4  0.123214
28  1.6  0.0807452
28  1.5  0.0995646
28  1.7  0.0660939
28  1.8  0.0519776
28  2.0  0.0348373
28  1.9  0.0418173
26  12.0  2.05539e-06
28  2.5  0.0129064
28  3.0  0.00554246
28  3.5  0.0026384
28  4.0  0.00129198
28  4.5  0.000684758
28  5.0  0.000372204
28  5.5  0.00022531
28  6.0  0.00013623
28  6.5  8.53933e-05
28  7.0  5.48458e-05
28  7.5  3.55046e-05
28  8.0  2.39827e-05
28  8.5  1.6514e-05
28  9.0  1.16516e-05
28  9.5  8.06702e-06
28  10.0  5.87231e-06
28  11.0  3.03126e-06
30  0.2  0.33513
28  10.5  4.20373e-06
30  0.3  0.461031
30  0.4  0.533448
30  0.5  0.542431
30  0.6  0.502519
30  0.7  0.440538
30  0.8  0.36815
30  0.9  0.304685
30  1.0  0.243163
30  1.1  0.196565
28  11.5  2.33512e-06
30  1.2  0.154861
30  1.3  0.124392
30  1.4  0.098807
30  1.6  0.0627857
30  1.5  0.0791894
30  1.7  0.0496994
30  1.8  0.0412961
30  2.0  0.0276284
30  1.9  0.0325316
30  2.5  0.0102002
30  3.0  0.00439635
30  3.5  0.00201224
28  12.0  1.73361e-06
30  4.0  0.00100549
30  4.5  0.000538991
30  5.0  0.000302377
30  6.0  0.000108092
30  5.5  0.000170158
30  7.0  4.26827e-05
30  6.5  6.70654e-05
30  8.0  1.87261e-05
30  9.0  8.84832e-06
30  7.5  2.80108e-05
30  8.5  1.30544e-05
30  9.5  6.30938e-06
30  10.0  4.52137e-06
32  0.2  0.291649
32  0.3  0.395491
32  0.4  0.450869
30  10.5  3.31654e-06
32  0.5  0.433386
30  11.0  2.45125e-06
32  0.6  0.393395
32  0.7  0.335817
32  0.8  0.275733
32  0.9  0.226983
32  1.0  0.180648
32  1.1  0.144136
32  1.2  0.116108
32  1.3  0.0898242
30  11.5  1.78344e-06
32  1.4  0.071652
32  1.5  0.058391
32  1.7  0.0359405
32  1.6  0.0449335
32  1.8  0.0300755
32  1.9  0.0238142
32  2.0  0.0192982
32  2.5  0.00747255
32  3.0  0.00313734
32  3.5  0.00141533
30  12.0  1.36379e-06
32  4.0  0.000737868
32  4.5  0.000394347
32  5.0  0.000218756
32  6.0  7.50626e-05
32  5.5  0.000126781
32  6.5  4.69266e-05
32  7.0  2.97831e-05
32  8.5  9.39641e-06
32  7.5  1.96138e-05
32  9.0  6.33579e-06
32  8.0  1.32684e-05
32  9.5  4.49442e-06
32  10.0  3.21858e-06
34  0.2  0.250529
32  10.5  2.33057e-06
34  0.3  0.315523
34  0.4  0.331498
34  0.5  0.313837
34  0.6  0.271397
34  0.7  0.231639
34  0.8  0.18652
34  0.9  0.151294
34  1.0  0.123859
34  1.1  0.0949983
34  1.2  0.0749747
34  1.3  0.05872
34  1.4  0.0471627
34  1.5  0.0380353
34  1.6  0.0309178
34  1.7  0.0244462
34  1.8  0.0198314
32  11.0  1.73965e-06
34  1.9  0.016048
34  2.0  0.0127641
34  2.5  0.00488889
34  3.0  0.00203259
34  3.5  0.000930674
32  11.5  1.29828e-06
32  12.0  9.65086e-07
34  5.0  0.000139869
34  4.0  0.000459511
34  4.5  0.000242977
34  6.5  3.06845e-05
34  5.5  7.87875e-05
34  6.0  4.90186e-05
34  7.0  1.97415e-05
34  8.5  5.83624e-06
34  8.0  8.53936e-06
34  7.5  1.28007e-05
34  9.0  4.05644e-06
34  9.5  2.87066e-06
34  10.0  2.12592e-06
4  0.2  0.43285
4  0.3  0.628007
34  11.0  1.12897e-06
4  0.4  0.802132
4  0.5  0.860877
34  10.5  1.51495e-06
4  0.6  0.870839
4  0.7  0.816756
34  11.5  8.36927e-07
4  0.8  0.723025
4  0.9  0.616503
4  1.1  0.435338
4  1.0  0.518965
4  1.2  0.352166
4  1.3  0.286916
4  1.4  0.231522
4  1.5  0.187447
4  1.6  0.153064
4  1.7  0.12205
4  1.8  0.0994623
4  1.9  0.0803285
4  2.0  0.0657894
4  2.5  0.0257292
4  3.0  0.0110307
4  3.5  0.00514438
34  12.0  6.30015e-07
4  4.5  0.00138029
4  4.0  0.00254173
4  5.0  0.000773003
4  5.5  0.000457689
4  6.0  0.000278029
4  6.5  0.000167051
4  8.0  4.87806e-05
4  7.0  0.000109832
4  7.5  7.11754e-05
4  9.5  1.63931e-05
4  8.5  3.32415e-05
4  9.0  2.37748e-05
4  10.5  8.69546e-06
4  10.0  1.19722e-05
6  0.2  0.422707
6  0.3  0.621968
6  0.4  0.788469
6  0.5  0.867609
6  0.6  0.852356
6  0.7  0.804363
6  0.8  0.719248
6  0.9  0.614555
6  1.0  0.516956
4  11.5  4.68414e-06
6  1.1  0.426693
6  1.2  0.350122
6  1.3  0.284863
6  1.4  0.230713
6  1.5  0.187496
4  11.0  6.25297e-06
6  1.6  0.15068
6  1.7  0.120826
6  1.8  0.0994777
6  2.0  0.0661174
6  1.9  0.0803298
6  3.0  0.0110264
6  2.5  0.0254673
6  3.5  0.00506711
4  12.0  3.59802e-06
6  4.5  0.00133954
6  4.0  0.00250661
6  5.0  0.000757603
6  5.5  0.000436929
6  6.0  0.000275093
6  8.0  4.81482e-05
6  6.5  0.000167062
6  7.0  0.000108136
6  7.5  7.3217e-05
6  9.5  1.62309e-05
6  8.5  3.31423e-05
6  9.0  2.32859e-05
6  10.0  1.16637e-05
6  10.5  8.42603e-06
8  0.2  0.429417
8  0.3  0.620504
8  0.4  0.785744
8  0.5  0.863371
8  0.6  0.865428
8  0.7  0.7906
8  0.8  0.704967
8  0.9  0.614399
8  1.0  0.511806
8  1.1  0.420384
8  1.2  0.348774
8  1.3  0.278389
8  1.4  0.229023
8  1.5  0.181848
6  11.0  6.18291e-06
8  1.6  0.147723
8  1.7  0.119108
8  1.8  0.0976366
8  1.9  0.0791837
8  2.0  0.0652197
6  11.5  4.64478e-06
8  3.0  0.0108296
8  2.5  0.0253287
8  3.5  0.00505054
6  12.0  3.51047e-06
8  4.0  0.00253228
8  4.5  0.00134528
8  5.0  0.000766735
8  5.5  0.000440423
8  6.0  0.000270889
8  8.0  4.70613e-05
8  6.5  0.000169421
8  8.5  3.2404e-05
8  7.0  0.000108452
8  7.5  7.06895e-05
8  9.0  2.32616e-05
8  9.5  1.60417e-05
8  10.5  8.48258e-06
8  10.0  1.15642e-05
8  11.0  6.21237e-06
8  11.5  4.60275e-06
8  12.0  3.46805e-06
