# diffractive D0 cross section, Pb target, LHAPDF fragmentation, An0n channel
# generated      : 2026-08-19 15:25:07 EEST
# calls          : 1e5 (VEGAS calls per point, see CALLS_EXCL/CALLS_EXCL_FACTORIZED/CALLS_DIFF)
# dipole samples : data/Pb/bk_posterior/member_0053/glauber_mve_<b>
# pD0 sweep      : 0.2 0.3 0.4 0.5 0.6 0.7 0.8 0.9 1.0 1.1 1.2 1.3 1.4 1.5 1.6 1.7 1.8 1.9 2.0 2.5 3.0 3.5 4.0 4.5 5.0 5.5 6.0 6.5 7.0 7.5 8.0 8.5 9.0 9.5 10.0 10.5 11.0 11.5 12.0
# fixed rapidity y : 2.0
# ============================================================
# b  pD0  dsigma_dyd2pD0
0  0.4  0.399895
0  0.3  0.317364
0  0.2  0.221365
0  0.5  0.4283
0  0.6  0.420886
0  0.8  0.342334
0  0.7  0.392679
0  0.9  0.294208
0  1.0  0.240849
0  1.1  0.195979
0  1.2  0.159263
0  1.3  0.128348
0  1.4  0.1033
0  1.5  0.080089
0  1.6  0.0663027
0  1.9  0.0348745
0  1.7  0.053258
0  1.8  0.0426583
0  2.0  0.0275395
0  2.5  0.0102658
0  3.0  0.00417145
0  3.5  0.00184357
0  4.5  0.000451053
0  4.0  0.000889253
0  5.0  0.000237873
0  5.5  0.000133816
0  6.0  7.5046e-05
0  7.0  2.61398e-05
0  6.5  4.39836e-05
0  7.5  1.7017e-05
0  8.0  1.07468e-05
0  8.5  6.85915e-06
0  9.0  4.57347e-06
0  9.5  3.04906e-06
0  10.0  2.05251e-06
10  0.2  0.215469
10  0.3  0.31212
10  0.4  0.389305
10  0.5  0.421843
10  0.6  0.411655
10  0.7  0.383802
10  0.8  0.335697
0  10.5  1.39694e-06
10  0.9  0.284699
10  1.0  0.233725
10  1.1  0.189241
10  1.2  0.152597
10  1.3  0.123499
10  1.4  0.0987602
10  1.5  0.0795053
10  1.6  0.0630429
10  1.7  0.0498308
0  11.0  9.50619e-07
0  11.5  6.76376e-07
10  1.9  0.0338248
10  1.8  0.0408107
10  2.0  0.0266272
10  2.5  0.00986483
10  3.0  0.00396057
10  3.5  0.00174059
0  12.0  4.77781e-07
10  4.0  0.00084893
10  4.5  0.000424568
10  5.0  0.000227715
10  5.5  0.000121337
10  6.0  7.18708e-05
10  6.5  4.30439e-05
10  7.0  2.52769e-05
10  7.5  1.61145e-05
10  8.0  1.00988e-05
10  8.5  6.58961e-06
10  9.0  4.34918e-06
10  9.5  2.83126e-06
12  0.2  0.211777
12  0.3  0.317353
12  0.4  0.392078
10  10.0  1.93703e-06
12  0.5  0.42435
12  0.6  0.411445
12  0.8  0.329632
12  0.7  0.378984
12  0.9  0.280445
12  1.0  0.228619
12  1.1  0.186922
12  1.2  0.150192
10  10.5  1.28767e-06
12  1.3  0.121517
12  1.4  0.0960213
12  1.5  0.0769173
12  1.6  0.0627211
12  1.8  0.0404923
12  1.7  0.0503755
12  1.9  0.0321721
12  2.0  0.0258095
10  11.0  9.22309e-07
12  2.5  0.00970853
12  3.0  0.00394115
12  3.5  0.00171743
10  11.5  6.46948e-07
10  12.0  4.51359e-07
12  4.0  0.00082351
12  5.0  0.000219044
12  4.5  0.000419843
12  6.0  6.89053e-05
12  5.5  0.000123506
12  7.0  2.50092e-05
12  6.5  4.15591e-05
12  7.5  1.58286e-05
12  8.0  1.02992e-05
12  8.5  6.44174e-06
12  9.0  4.2568e-06
12  9.5  2.69787e-06
14  0.2  0.214387
12  10.0  1.92912e-06
14  0.3  0.313053
14  0.4  0.382574
14  0.5  0.417318
14  0.6  0.405278
14  0.7  0.371738
14  0.8  0.326167
14  0.9  0.272353
12  10.5  1.26157e-06
14  1.1  0.184585
14  1.0  0.225308
14  1.2  0.147388
14  1.3  0.115874
14  1.4  0.0952535
14  1.5  0.0748807
14  1.6  0.0603114
14  1.7  0.0484163
12  11.0  8.7176e-07
14  1.8  0.0389465
14  1.9  0.0310716
14  2.0  0.0258201
14  2.5  0.0096018
14  3.5  0.00166011
14  3.0  0.0037833
12  11.5  6.25754e-07
12  12.0  4.53425e-07
14  4.0  0.000796074
14  4.5  0.000407056
14  5.0  0.000215858
14  5.5  0.000118308
14  6.0  6.71391e-05
14  7.0  2.3945e-05
14  6.5  3.98031e-05
14  7.5  1.51826e-05
14  8.0  9.60001e-06
14  8.5  6.25646e-06
14  9.0  4.14002e-06
14  9.5  2.66938e-06
16  0.2  0.215172
14  10.5  1.27347e-06
14  10.0  1.77964e-06
16  0.3  0.310522
16  0.4  0.378402
16  0.5  0.405906
16  0.6  0.397848
16  0.7  0.368067
16  0.8  0.317357
16  0.9  0.266489
16  1.0  0.217874
16  1.1  0.177712
16  1.2  0.142912
16  1.3  0.115017
16  1.4  0.0900522
16  1.6  0.0576835
16  1.5  0.0718414
16  1.8  0.0373264
16  1.7  0.0469658
16  1.9  0.0301869
14  11.0  8.85813e-07
16  2.0  0.0244222
16  2.5  0.00904382
16  3.0  0.00360718
16  3.5  0.00161882
14  11.5  5.90814e-07
16  4.0  0.000776961
14  12.0  4.11601e-07
16  4.5  0.000390342
16  5.0  0.000209301
16  5.5  0.000112365
16  6.0  6.59025e-05
16  7.0  2.36301e-05
16  6.5  3.82988e-05
16  7.5  1.48996e-05
16  8.0  9.3577e-06
16  8.5  5.97698e-06
16  9.0  3.83197e-06
16  9.5  2.6321e-06
16  11.0  8.42908e-07
16  11.5  5.80884e-07
18  0.2  0.210642
18  0.3  0.30919
18  0.4  0.374001
18  0.5  0.403036
16  10.0  1.78873e-06
18  0.6  0.385964
18  0.7  0.353237
18  0.8  0.309073
18  0.9  0.257638
18  1.0  0.212219
18  1.1  0.171229
18  1.2  0.136553
18  1.4  0.0872019
18  1.3  0.110689
16  10.5  1.21319e-06
18  1.5  0.0700123
18  1.6  0.0560076
18  1.7  0.0461898
18  1.8  0.0362487
18  1.9  0.0286652
18  2.0  0.0235627
18  3.0  0.00358805
18  2.5  0.00870607
18  3.5  0.00154138
16  12.0  4.13868e-07
18  4.0  0.000742027
18  4.5  0.000378119
18  5.0  0.000197854
18  5.5  0.000108403
18  6.0  6.13137e-05
18  7.0  2.22565e-05
18  6.5  3.7151e-05
18  7.5  1.42202e-05
18  8.5  5.74537e-06
18  9.5  2.53171e-06
18  8.0  8.90352e-06
18  9.0  3.74718e-06
18  10.0  1.70179e-06
18  11.5  5.54205e-07
2  0.2  0.217675
2  0.3  0.319388
2  0.4  0.400443
2  0.5  0.430079
2  0.6  0.420643
2  0.7  0.393941
2  0.8  0.341546
18  10.5  1.18034e-06
2  0.9  0.29072
2  1.0  0.2402
2  1.1  0.196304
2  1.3  0.125054
2  1.2  0.158162
2  1.5  0.0820498
2  1.4  0.103509
2  1.8  0.0417165
2  1.6  0.0658196
2  1.7  0.0531599
2  1.9  0.0344988
18  11.0  8.03903e-07
2  2.5  0.0102953
2  2.0  0.0278717
2  3.0  0.00414682
2  3.5  0.00181144
18  12.0  3.68037e-07
2  4.5  0.000449717
2  4.0  0.00087481
2  5.0  0.000239324
2  5.5  0.000131926
2  6.0  7.45285e-05
2  7.5  1.68387e-05
2  7.0  2.62363e-05
2  6.5  4.39681e-05
2  8.0  1.07583e-05
2  8.5  6.88368e-06
2  9.0  4.54185e-06
2  9.5  3.02326e-06
2  10.0  1.99448e-06
20  0.2  0.206897
20  0.3  0.297493
20  0.4  0.370459
20  0.5  0.393674
20  0.6  0.380654
20  0.7  0.34877
20  0.8  0.297583
2  10.5  1.3988e-06
20  0.9  0.248857
20  1.0  0.20376
20  1.1  0.163705
20  1.2  0.131225
20  1.3  0.105197
2  11.5  6.61344e-07
20  1.4  0.0838657
2  11.0  9.60441e-07
20  1.5  0.0668057
20  1.6  0.0532046
20  1.7  0.0437038
20  1.8  0.0342097
20  1.9  0.0272415
20  2.0  0.0222053
20  3.0  0.00329983
20  2.5  0.0081793
20  3.5  0.00146971
2  12.0  4.74026e-07
20  4.5  0.000355262
20  5.0  0.000184884
20  4.0  0.000706536
20  6.0  5.83624e-05
20  5.5  0.000102204
20  7.0  2.06167e-05
20  6.5  3.39827e-05
20  7.5  1.30109e-05
20  8.0  8.33092e-06
20  8.5  5.43834e-06
20  9.0  3.56054e-06
20  9.5  2.38862e-06
20  10.0  1.61253e-06
20  11.0  7.56735e-07
22  0.2  0.203834
22  0.3  0.296873
22  0.4  0.36063
22  0.5  0.37912
22  0.6  0.366423
22  0.8  0.282051
22  0.7  0.331227
22  0.9  0.235986
22  1.0  0.192653
20  10.5  1.09308e-06
22  1.1  0.156045
22  1.2  0.124802
22  1.4  0.0792239
22  1.3  0.0991446
22  1.5  0.0614314
22  1.6  0.0496528
22  1.8  0.0319396
22  1.7  0.0401008
22  1.9  0.0254612
22  2.0  0.0208783
22  2.5  0.00754882
22  3.0  0.00305579
22  3.5  0.00136885
20  11.5  5.22656e-07
20  12.0  3.73984e-07
22  4.5  0.000320838
22  5.0  0.0001687
22  4.0  0.000656159
22  6.0  5.42288e-05
22  5.5  9.63014e-05
22  7.0  1.96693e-05
22  6.5  3.23867e-05
22  7.5  1.22205e-05
22  8.0  7.74348e-06
22  8.5  4.8362e-06
22  9.0  3.31413e-06
22  10.0  1.51933e-06
22  9.5  2.21628e-06
24  0.2  0.201834
24  0.3  0.290827
24  0.4  0.345737
24  0.5  0.360991
24  0.6  0.349223
22  10.5  1.02847e-06
24  0.7  0.311568
24  0.9  0.220421
24  0.8  0.266786
24  1.0  0.179788
24  1.1  0.14549
24  1.2  0.115988
24  1.3  0.0914448
24  1.4  0.0725845
24  1.5  0.05652
22  11.0  7.17293e-07
24  1.6  0.0456846
24  1.7  0.0363951
24  1.8  0.0296516
24  2.0  0.0191846
24  1.9  0.0235514
24  2.5  0.00691805
24  3.0  0.00281448
24  3.5  0.00126076
22  11.5  4.98978e-07
22  12.0  3.48766e-07
24  4.5  0.000294349
24  5.5  8.63967e-05
24  5.0  0.000154909
24  4.0  0.000603388
24  6.0  4.97126e-05
24  7.0  1.78076e-05
24  6.5  2.91689e-05
24  7.5  1.10124e-05
24  8.0  7.07054e-06
24  9.5  2.00154e-06
24  8.5  4.51866e-06
24  9.0  3.04723e-06
24  10.0  1.3653e-06
24  11.0  6.32068e-07
26  0.2  0.192953
26  0.3  0.277941
26  0.4  0.337382
26  0.5  0.343069
26  0.6  0.323809
26  0.7  0.285224
26  0.8  0.24171
26  0.9  0.199965
26  1.0  0.161972
24  10.5  9.23167e-07
26  1.2  0.103767
26  1.1  0.129478
26  1.3  0.081523
26  1.4  0.0638646
26  1.6  0.0405994
26  1.5  0.0523585
26  1.8  0.0262338
26  1.7  0.0326135
26  1.9  0.0213429
26  2.0  0.0175748
26  3.0  0.00250669
26  3.5  0.00109202
26  2.5  0.00605823
24  11.5  4.2819e-07
24  12.0  3.15041e-07
26  4.0  0.000520244
26  5.5  7.53106e-05
26  5.0  0.000140766
26  4.5  0.000263545
26  6.0  4.37826e-05
26  6.5  2.59575e-05
26  7.0  1.5769e-05
26  7.5  9.88609e-06
26  8.0  6.22167e-06
26  9.5  1.76149e-06
26  8.5  4.00393e-06
26  10.0  1.18045e-06
26  9.0  2.65565e-06
28  0.2  0.186367
28  0.3  0.26556
28  0.4  0.312657
28  0.5  0.313517
28  0.6  0.290606
28  0.7  0.254044
28  0.8  0.21152
28  0.9  0.17351
28  1.0  0.140628
28  1.1  0.110019
28  1.2  0.0891715
26  10.5  8.15567e-07
28  1.3  0.0695905
28  1.4  0.0554647
28  1.5  0.0439436
28  1.6  0.0347706
28  1.7  0.0277009
28  1.8  0.0221357
28  1.9  0.0175257
26  11.0  5.6372e-07
28  2.5  0.00518929
28  2.0  0.0141846
28  3.0  0.00209573
28  3.5  0.00089616
26  11.5  3.97261e-07
26  12.0  2.79585e-07
28  4.0  0.000430489
28  5.5  6.39988e-05
28  5.0  0.00011636
28  4.5  0.000221287
28  6.5  2.14606e-05
28  6.0  3.64104e-05
28  7.0  1.28262e-05
28  7.5  8.31083e-06
28  8.0  5.08211e-06
28  8.5  3.38412e-06
28  9.5  1.4628e-06
28  9.0  2.20404e-06
28  10.0  9.98925e-07
30  0.2  0.171064
30  0.3  0.242066
30  0.4  0.279657
30  0.5  0.272824
30  0.6  0.249128
28  12.0  2.34811e-07
30  0.7  0.211923
30  0.8  0.176137
28  10.5  6.85123e-07
30  1.0  0.113801
30  0.9  0.14233
30  1.1  0.0910847
30  1.2  0.0714091
30  1.3  0.0562375
28  11.0  4.76455e-07
30  1.4  0.0439423
30  1.5  0.0349196
30  1.6  0.0274043
30  1.7  0.0216383
30  1.8  0.017275
30  2.0  0.011151
30  1.9  0.013876
30  2.5  0.00407094
30  3.0  0.00167073
30  3.5  0.000720194
28  11.5  3.27391e-07
30  5.0  9.19413e-05
30  4.5  0.000175683
30  4.0  0.000346409
30  5.5  4.99553e-05
30  6.0  2.89692e-05
30  6.5  1.70979e-05
30  7.0  1.02186e-05
30  7.5  6.4324e-06
30  9.5  1.16467e-06
30  8.0  4.13432e-06
30  8.5  2.69887e-06
30  10.5  5.4091e-07
30  10.0  7.61469e-07
30  9.0  1.77517e-06
32  0.2  0.154409
32  0.3  0.207018
32  0.4  0.228945
32  0.5  0.218042
32  0.6  0.194782
32  0.7  0.161744
32  0.8  0.132774
32  0.9  0.107058
32  1.0  0.0845618
32  1.1  0.0656538
32  1.2  0.0525646
32  1.3  0.041229
32  1.4  0.0316271
32  1.5  0.0263248
30  11.0  3.63239e-07
32  1.6  0.0192957
32  1.7  0.0162851
32  1.8  0.0127889
32  1.9  0.0102315
30  11.5  2.44451e-07
32  2.0  0.00825938
32  2.5  0.00283799
32  3.0  0.00114996
32  3.5  0.000532648
30  12.0  1.83674e-07
32  4.0  0.00025085
32  5.0  6.67419e-05
32  4.5  0.000126398
32  5.5  3.65239e-05
32  6.0  2.10531e-05
32  7.0  7.63044e-06
32  6.5  1.2165e-05
32  7.5  4.67482e-06
32  8.0  2.87412e-06
32  8.5  1.88069e-06
32  9.0  1.25684e-06
32  9.5  8.39979e-07
32  10.0  5.59757e-07
34  0.2  0.132457
34  0.3  0.165871
34  0.4  0.172307
34  0.5  0.160615
34  0.6  0.13499
34  0.7  0.111496
34  0.8  0.0897993
32  11.5  1.84123e-07
34  0.9  0.0733633
32  10.5  3.89576e-07
34  1.0  0.0553535
34  1.1  0.0443899
34  1.2  0.0343156
34  1.3  0.0274707
32  11.0  2.62781e-07
34  1.4  0.0209454
34  1.5  0.0166981
34  1.6  0.0133751
34  1.7  0.0102801
34  1.9  0.00646046
34  1.8  0.00825196
34  2.5  0.00188516
34  2.0  0.00528967
34  3.0  0.000764043
34  3.5  0.000343403
32  12.0  1.31715e-07
34  4.0  0.000162476
34  4.5  7.76312e-05
34  5.0  4.39615e-05
34  5.5  2.40415e-05
34  6.0  1.31954e-05
34  6.5  7.87118e-06
34  7.0  4.89173e-06
34  7.5  3.06494e-06
34  9.0  8.15439e-07
34  8.0  1.93641e-06
34  8.5  1.23285e-06
34  9.5  5.3192e-07
34  11.0  1.70991e-07
34  10.0  3.63925e-07
4  0.2  0.216513
4  0.3  0.323273
4  0.4  0.394356
4  0.5  0.42766
4  0.6  0.42098
4  0.7  0.394279
4  0.8  0.341851
4  0.9  0.292038
34  10.5  2.4609e-07
4  1.0  0.239718
4  1.1  0.195632
4  1.2  0.15777
4  1.3  0.127491
4  1.4  0.102303
4  1.5  0.0816507
4  1.7  0.053242
4  1.6  0.066329
4  1.8  0.0425456
4  1.9  0.034453
4  2.0  0.0278889
4  3.0  0.0041287
4  2.5  0.0101673
4  3.5  0.00187611
34  11.5  1.18647e-07
34  12.0  8.32453e-08
4  5.5  0.000126295
4  4.0  0.000884941
4  4.5  0.000442711
4  5.0  0.000238787
4  6.0  7.27211e-05
4  7.0  2.65853e-05
4  8.0  1.05536e-05
4  6.5  4.3642e-05
4  7.5  1.67453e-05
4  8.5  6.70106e-06
4  9.0  4.4764e-06
4  9.5  2.98162e-06
6  0.2  0.217677
4  10.0  2.03374e-06
6  0.3  0.319507
6  0.4  0.397535
6  0.5  0.428226
6  0.6  0.421168
4  10.5  1.38439e-06
6  0.8  0.339631
6  0.7  0.389622
4  11.5  6.77844e-07
6  0.9  0.290236
6  1.0  0.237423
6  1.1  0.193857
6  1.2  0.157214
6  1.3  0.127054
6  1.4  0.101488
4  11.0  9.67893e-07
6  1.5  0.0814455
6  1.6  0.0647326
6  1.7  0.0513095
6  1.8  0.0411249
6  1.9  0.0340197
6  2.0  0.0275052
6  2.5  0.0100993
6  3.0  0.00409343
6  3.5  0.00180928
4  12.0  4.61565e-07
6  5.0  0.000226835
6  4.0  0.00088033
6  4.5  0.000440413
6  5.5  0.000130095
6  6.5  4.28298e-05
6  7.0  2.61498e-05
6  6.0  7.38946e-05
6  7.5  1.65511e-05
6  8.0  1.04595e-05
6  8.5  6.70179e-06
6  9.0  4.4466e-06
6  9.5  2.97264e-06
6  10.0  1.96967e-06
8  0.2  0.215986
8  0.3  0.319739
8  0.4  0.392188
8  0.5  0.423844
8  0.6  0.410892
6  10.5  1.38756e-06
8  0.8  0.336533
8  0.7  0.387828
8  0.9  0.287695
8  1.0  0.234967
8  1.1  0.191349
8  1.2  0.154329
8  1.3  0.125119
8  1.5  0.0809161
8  1.4  0.100227
8  1.6  0.0633751
6  11.5  6.68485e-07
6  11.0  9.51237e-07
8  1.7  0.0519205
8  1.8  0.0411889
8  1.9  0.0334855
8  2.5  0.0102008
8  2.0  0.0271778
8  3.0  0.00416908
8  3.5  0.00177922
6  12.0  4.6814e-07
8  5.0  0.000226949
8  4.0  0.000837593
8  4.5  0.000432969
8  5.5  0.000130197
8  6.0  7.09367e-05
8  7.0  2.59086e-05
8  6.5  4.29449e-05
8  7.5  1.63905e-05
8  8.0  1.04623e-05
8  8.5  6.71619e-06
8  9.0  4.37938e-06
8  9.5  2.948e-06
8  10.0  1.98631e-06
8  11.5  6.67525e-07
8  10.5  1.38418e-06
8  11.0  9.44835e-07
8  12.0  4.52466e-07
