# exclusive D0 cross section, Pb target, LHAPDF fragmentation, An0n channel
# generated      : 2026-08-19 15:25:07 EEST
# calls          : 1e5 below 4.0 GeV, 2e3 above (see EXCL_PT_THRESHOLD) (VEGAS calls per point, see CALLS_EXCL/CALLS_EXCL_FACTORIZED/CALLS_DIFF)
# dipole samples : data/Pb/bk_posterior/member_0053/glauber_mve_<b>
# pD0 sweep      : 0.2 0.3 0.4 0.5 0.6 0.7 0.8 0.9 1.0 1.1 1.2 1.3 1.4 1.5 1.6 1.7 1.8 1.9 2.0 2.5 3.0 3.5 4.0 4.5 5.0 5.5 6.0 6.5 7.0 7.5 8.0 8.5 9.0 9.5 10.0 10.5 11.0 11.5 12.0
# fixed rapidity y : 0.0
# ============================================================
# b  pD0  dsigma_dyd2pD0
0  0.3  2.63871
0  0.2  3.25657
0  0.4  2.07156
0  0.5  1.58451
0  0.6  1.18862
0  0.8  0.646257
0  0.9  0.474326
0  0.7  0.879415
0  1.0  0.347312
0  1.2  0.187602
0  1.1  0.254819
0  1.3  0.138676
0  1.5  0.0767791
0  1.6  0.0588825
0  1.4  0.10349
0  1.7  0.0444458
0  1.9  0.0251955
0  1.8  0.0329561
0  2.0  0.0200551
0  3.5  0.000685636
0  2.5  0.00546148
0  3.0  0.00166873
0  4.0  0.000217584
0  5.5  1.6713e-05
0  4.5  8.60236e-05
0  5.0  3.70605e-05
0  6.0  7.97793e-06
0  7.0  2.05584e-06
0  6.5  3.93121e-06
0  7.5  1.10125e-06
0  8.0  6.09123e-07
0  8.5  3.48586e-07
0  9.0  2.04694e-07
0  9.5  1.23432e-07
0  10.0  7.61486e-08
10  0.2  3.08889
10  0.3  2.49971
10  0.4  1.95944
0  10.5  4.78559e-08
10  0.5  1.49271
10  0.6  1.11843
10  0.7  0.826038
10  0.8  0.60556
10  0.9  0.443225
10  1.0  0.323775
10  1.1  0.237495
10  1.2  0.174292
10  1.3  0.128942
10  1.4  0.0963085
10  1.5  0.0712153
10  1.6  0.0540583
0  11.0  3.04388e-08
10  1.7  0.0400701
10  1.8  0.0307041
10  1.9  0.023893
10  2.0  0.0183179
10  2.5  0.00506151
10  3.0  0.0014952
10  3.5  0.000721973
0  11.5  2.0113e-08
0  12.0  1.33857e-08
10  4.0  0.000197432
10  4.5  7.88084e-05
10  5.5  1.5226e-05
10  5.0  3.36887e-05
10  6.0  7.20452e-06
10  6.5  3.59177e-06
10  7.0  1.85638e-06
10  7.5  1.0001e-06
10  8.0  5.52195e-07
10  8.5  3.16381e-07
10  9.5  1.119e-07
10  10.5  4.29715e-08
10  9.0  1.85721e-07
12  0.2  3.01181
12  0.3  2.43673
10  10.0  6.90359e-08
10  12.0  1.20981e-08
12  0.4  1.90713
10  11.0  2.73889e-08
12  0.5  1.45292
12  0.6  1.08568
12  0.7  0.801255
12  0.8  0.586896
12  0.9  0.42959
12  1.0  0.313205
12  1.1  0.229392
12  1.2  0.16876
12  1.3  0.125264
12  1.4  0.0922508
12  1.5  0.0692614
12  1.6  0.0520485
12  1.7  0.0393649
12  1.8  0.0289451
12  1.9  0.0225505
12  2.0  0.0170901
10  11.5  1.82151e-08
12  2.5  0.00482602
12  3.0  0.00138812
12  3.5  0.000460003
12  5.0  3.18036e-05
12  4.0  0.00018892
12  4.5  7.54161e-05
12  5.5  1.45625e-05
12  6.0  6.90764e-06
12  7.5  9.55661e-07
12  6.5  3.42882e-06
12  7.0  1.77912e-06
12  8.0  5.2361e-07
12  8.5  3.02143e-07
12  9.5  1.06821e-07
12  9.0  1.77261e-07
12  10.5  4.09534e-08
12  10.0  6.58597e-08
14  0.2  2.91776
14  0.3  2.35436
14  0.4  1.84385
14  0.5  1.40297
14  0.6  1.04787
14  0.7  0.772087
14  0.8  0.564692
14  0.9  0.412192
14  1.0  0.30052
14  1.1  0.219921
14  1.2  0.160875
14  1.3  0.11929
14  1.4  0.0884058
12  11.0  2.6477e-08
14  1.5  0.0655129
14  1.6  0.0503955
14  1.7  0.0377968
14  1.8  0.0280713
14  1.9  0.021256
14  2.0  0.0163756
14  2.5  0.00465734
14  3.0  0.00140012
14  3.5  0.000542424
12  11.5  1.72848e-08
12  12.0  1.15545e-08
14  5.0  3.01203e-05
14  4.0  0.000178905
14  4.5  7.13715e-05
14  5.5  1.37786e-05
14  6.0  6.5341e-06
14  7.5  9.02731e-07
14  8.0  4.94314e-07
14  6.5  3.24641e-06
14  7.0  1.68276e-06
14  8.5  2.8512e-07
14  9.0  1.67266e-07
14  9.5  1.00859e-07
14  11.0  2.48347e-08
14  10.0  6.20856e-08
16  0.2  2.80311
16  0.3  2.26424
16  0.4  1.76729
16  0.5  1.34318
16  0.6  1.001
16  0.8  0.538742
16  0.7  0.736189
14  10.5  3.89559e-08
16  0.9  0.392129
16  1.0  0.286284
16  1.1  0.208359
16  1.2  0.152506
16  1.3  0.112459
16  1.4  0.083399
16  1.5  0.0619455
16  1.6  0.0462383
16  1.7  0.0359584
16  1.8  0.0262013
16  1.9  0.020591
16  2.0  0.0152917
16  2.5  0.00437434
16  3.5  0.000476853
16  3.0  0.00122667
14  11.5  1.63603e-08
14  12.0  1.09232e-08
16  4.0  0.00016813
16  5.5  1.28362e-05
16  4.5  6.66753e-05
16  5.0  2.8467e-05
16  6.0  6.08761e-06
16  6.5  3.02667e-06
16  7.0  1.56601e-06
16  7.5  8.39237e-07
16  8.5  2.65356e-07
16  8.0  4.62122e-07
16  9.0  1.55554e-07
16  10.5  3.59035e-08
16  9.5  9.38688e-08
18  0.2  2.66933
16  10.0  5.77134e-08
18  0.3  2.15049
18  0.4  1.67614
18  0.5  1.27068
18  0.6  0.946641
18  0.7  0.694608
18  0.8  0.506992
18  0.9  0.36936
18  1.1  0.195255
18  1.0  0.267692
18  1.2  0.142544
18  1.3  0.105576
18  1.4  0.077994
18  1.5  0.0575679
18  1.7  0.0331265
18  1.6  0.0439448
18  1.8  0.0243211
18  1.9  0.0187062
18  2.0  0.0139692
18  2.5  0.00403879
16  11.0  2.32138e-08
18  3.0  0.00115854
18  3.5  0.000311012
16  11.5  1.52191e-08
16  12.0  1.01419e-08
18  4.0  0.000154517
18  5.5  1.17622e-05
18  4.5  6.11052e-05
18  5.0  2.60538e-05
18  6.0  5.56928e-06
18  7.0  1.43106e-06
18  6.5  2.76757e-06
18  7.5  7.68354e-07
18  8.5  2.42677e-07
18  8.0  4.22899e-07
18  9.0  1.42227e-07
18  9.5  8.58065e-08
18  10.0  5.26655e-08
2  0.2  3.25057
2  0.3  2.63582
18  10.5  3.31658e-08
2  0.4  2.06755
2  0.5  1.58029
18  12.0  9.23541e-09
2  0.6  1.18459
2  0.7  0.877773
2  0.8  0.644759
2  0.9  0.472623
2  1.0  0.346581
2  1.1  0.253879
2  1.2  0.186977
2  1.3  0.138269
2  1.4  0.102646
2  1.5  0.0766077
2  1.6  0.0587824
2  1.8  0.0334555
2  1.7  0.043153
18  11.0  2.12724e-08
2  1.9  0.0251828
2  2.0  0.0191623
2  2.5  0.00541197
2  3.0  0.00159126
2  3.5  0.000654806
18  11.5  1.38749e-08
2  4.0  0.000216814
2  5.5  1.66482e-05
2  4.5  8.61796e-05
2  5.0  3.69258e-05
2  6.0  7.94925e-06
2  6.5  3.90026e-06
2  7.0  2.04849e-06
2  7.5  1.09775e-06
2  9.0  2.04206e-07
2  8.5  3.4733e-07
2  8.0  6.06907e-07
2  9.5  1.2278e-07
2  10.0  7.58628e-08
20  0.2  2.50504
20  0.3  2.01562
20  0.4  1.56747
20  0.5  1.18652
2  10.5  4.76997e-08
20  0.6  0.88009
20  0.8  0.469939
20  0.7  0.644712
20  0.9  0.340455
20  1.0  0.247528
2  11.5  1.97882e-08
20  1.1  0.179732
2  11.0  3.06757e-08
20  1.2  0.131097
20  1.3  0.0965387
20  1.4  0.0712185
20  1.5  0.0531443
20  1.6  0.0395909
20  1.7  0.0299727
20  1.8  0.0225638
20  1.9  0.0173102
20  2.5  0.00358147
20  2.0  0.0129262
20  3.0  0.00105654
20  3.5  0.000248989
2  12.0  1.33338e-08
20  4.0  0.000138325
20  4.5  5.49569e-05
20  5.0  2.33873e-05
20  5.5  1.05846e-05
20  6.5  2.46775e-06
20  7.5  6.92354e-07
20  6.0  5.00047e-06
20  7.0  1.27455e-06
20  9.5  7.59377e-08
20  8.0  3.78428e-07
20  8.5  2.17401e-07
20  9.0  1.27157e-07
22  0.2  2.31073
20  10.0  4.71051e-08
22  0.3  1.85553
22  0.4  1.43942
22  0.5  1.08518
22  0.6  0.803162
22  0.7  0.58628
20  10.5  2.94996e-08
22  0.8  0.425175
22  0.9  0.307938
22  1.0  0.222632
22  1.1  0.161514
22  1.2  0.117916
22  1.3  0.0862572
22  1.4  0.0637894
22  1.5  0.0475525
22  1.6  0.0359438
22  1.7  0.0266722
20  11.0  1.88932e-08
22  1.8  0.0202122
22  1.9  0.0154738
22  2.5  0.00304921
22  2.0  0.0115049
22  3.5  0.000240839
22  3.0  0.00091857
20  11.5  1.24147e-08
20  12.0  8.2642e-09
22  5.0  2.02295e-05
22  6.0  4.36577e-06
22  4.0  0.000120869
22  4.5  4.79987e-05
22  7.0  1.12169e-06
22  5.5  9.16741e-06
22  6.5  2.14706e-06
22  7.5  5.96165e-07
22  8.0  3.28666e-07
22  8.5  1.88514e-07
22  9.0  1.10282e-07
22  9.5  6.63502e-08
22  10.0  4.09446e-08
24  0.2  2.07714
24  0.3  1.66295
22  10.5  2.5634e-08
24  0.4  1.28551
24  0.5  0.965985
24  0.6  0.71079
24  0.8  0.374044
24  0.7  0.517945
24  0.9  0.269944
24  1.0  0.194453
24  1.1  0.140747
22  11.0  1.64043e-08
24  1.2  0.102556
24  1.3  0.07504
24  1.4  0.0549561
24  1.5  0.0409282
24  1.6  0.0302822
24  1.7  0.0225546
24  1.8  0.0168561
24  2.0  0.00991659
24  2.5  0.0026096
24  1.9  0.0128498
22  11.5  1.07166e-08
24  3.0  0.000699263
24  3.5  0.000225599
22  12.0  7.14548e-09
24  5.5  7.54514e-06
24  4.0  0.000101442
24  4.5  4.03226e-05
24  5.0  1.71004e-05
24  6.0  3.62122e-06
24  7.5  4.98258e-07
24  6.5  1.79353e-06
24  8.0  2.72603e-07
24  7.0  9.27423e-07
24  8.5  1.5617e-07
24  9.0  9.16018e-08
24  9.5  5.48567e-08
24  10.0  3.38122e-08
26  0.2  1.79601
26  0.3  1.43304
26  0.4  1.1025
26  0.5  0.823775
24  12.0  5.91198e-09
26  0.6  0.603852
26  0.8  0.314679
26  0.7  0.437205
26  0.9  0.225766
24  10.5  2.12352e-08
26  1.0  0.162101
26  1.1  0.116931
26  1.3  0.0615368
26  1.2  0.0847425
26  1.5  0.0336959
26  1.4  0.0451522
26  1.6  0.0245101
24  11.0  1.35959e-08
26  1.7  0.0184758
26  1.8  0.0136422
26  2.0  0.00810229
26  1.9  0.0104529
26  2.5  0.00207775
26  3.0  0.000734802
26  3.5  0.000165278
24  11.5  8.89844e-09
26  4.0  8.01839e-05
26  6.0  2.8595e-06
26  4.5  3.18159e-05
26  5.0  1.34743e-05
26  5.5  6.03688e-06
26  8.0  2.13016e-07
26  6.5  1.41074e-06
26  7.0  7.25309e-07
26  7.5  3.89497e-07
26  8.5  1.22329e-07
26  10.5  1.63857e-08
26  9.0  7.13764e-08
26  9.5  4.27904e-08
26  10.0  2.6431e-08
28  0.2  1.46625
28  0.3  1.16481
28  0.4  0.889636
28  0.5  0.660893
28  0.6  0.480773
28  0.7  0.345928
28  0.8  0.247117
28  0.9  0.176354
28  1.0  0.125944
28  1.1  0.0904217
28  1.2  0.0650454
28  1.3  0.0472358
28  1.4  0.0346627
28  1.5  0.0254464
28  1.6  0.0185385
28  1.7  0.0137432
28  1.8  0.0102497
26  11.0  1.05813e-08
28  1.9  0.00789466
28  2.0  0.00604672
28  3.0  0.000535747
28  2.5  0.00161019
28  3.5  0.000121837
26  11.5  6.90552e-09
26  12.0  4.59627e-09
28  4.0  5.86908e-05
28  4.5  2.30149e-05
28  5.0  9.71931e-06
28  6.5  1.01514e-06
28  5.5  4.34294e-06
28  6.0  2.04679e-06
28  7.0  5.2011e-07
28  7.5  2.77557e-07
28  8.0  1.52344e-07
28  8.5  8.69725e-08
28  9.0  5.06817e-08
28  9.5  3.03338e-08
28  10.0  1.87502e-08
30  0.2  1.09852
28  12.0  3.23468e-09
30  0.3  0.865966
28  10.5  1.16888e-08
30  0.4  0.656128
30  0.5  0.483045
30  0.6  0.348335
30  0.7  0.248195
30  0.8  0.175878
30  0.9  0.124596
30  1.0  0.0883732
30  1.1  0.0628424
28  11.0  7.51782e-09
30  1.2  0.0451002
30  1.3  0.0325043
30  1.4  0.0236158
30  1.5  0.0173836
30  1.7  0.00956633
30  1.6  0.0128668
30  1.8  0.00716258
28  11.5  4.89308e-09
30  1.9  0.00522941
30  2.0  0.00402849
30  2.5  0.00108655
30  3.0  0.000288728
30  3.5  6.31399e-05
30  6.0  1.28838e-06
30  4.0  3.75903e-05
30  4.5  1.47281e-05
30  5.0  6.19459e-06
30  5.5  2.74698e-06
30  6.5  6.3562e-07
30  7.0  3.24368e-07
30  7.5  1.73667e-07
30  8.5  5.42746e-08
30  8.0  9.51849e-08
30  9.5  1.87913e-08
30  9.0  3.15089e-08
30  10.5  7.181e-09
32  0.2  0.730995
30  10.0  1.15871e-08
32  0.3  0.570896
32  0.4  0.42808
32  0.5  0.3114
32  0.6  0.221991
32  0.7  0.156614
32  0.8  0.109669
32  0.9  0.0768741
32  1.0  0.053956
32  1.1  0.0381413
32  1.2  0.027184
32  1.3  0.0195108
32  1.4  0.0141478
32  1.5  0.0102535
30  11.0  4.6404e-09
32  1.6  0.00737786
32  1.7  0.00564888
32  1.9  0.00304301
32  1.8  0.00402059
32  2.5  0.000607236
30  11.5  3.01402e-09
32  2.0  0.00226822
32  3.0  0.000162403
32  3.5  5.5827e-05
30  12.0  2.00864e-09
32  5.0  3.29973e-06
32  5.5  1.45451e-06
32  4.0  2.05564e-05
32  4.5  7.98393e-06
32  6.0  6.87611e-07
32  7.0  1.72278e-07
32  6.5  3.38865e-07
32  7.5  9.16245e-08
32  8.0  5.00773e-08
32  9.5  9.78287e-09
32  8.5  2.84527e-08
32  9.0  1.64601e-08
32  10.0  6.03477e-09
34  0.2  0.425395
34  0.3  0.328615
34  0.4  0.243217
34  0.5  0.174363
32  10.5  3.77614e-09
34  0.6  0.122556
34  0.7  0.0853073
34  0.8  0.05885
34  0.9  0.0408517
34  1.0  0.0283656
34  1.1  0.0198868
34  1.2  0.0139794
34  1.3  0.00991669
34  1.4  0.00708872
32  11.0  2.40176e-09
34  1.5  0.00519651
34  1.6  0.00370139
34  1.7  0.00276896
32  11.5  1.56098e-09
34  1.8  0.0020214
34  1.9  0.00155289
34  2.0  0.00112628
34  2.5  0.000293828
34  3.0  6.56666e-05
34  3.5  3.01426e-05
32  12.0  1.02829e-09
34  4.0  9.40773e-06
34  4.5  3.62483e-06
34  6.0  3.01711e-07
34  5.0  1.49351e-06
34  5.5  6.57486e-07
34  7.0  7.50532e-08
34  6.5  1.48243e-07
34  7.5  3.9556e-08
34  8.0  2.16257e-08
34  8.5  1.22158e-08
34  10.0  2.56789e-09
34  9.0  7.07596e-09
34  9.5  4.21613e-09
4  0.2  3.22994
4  0.3  2.61781
4  0.4  2.05468
4  0.5  1.56963
4  0.6  1.17697
4  0.7  0.870181
34  10.5  1.60301e-09
4  0.8  0.640275
4  0.9  0.469027
4  1.0  0.343393
4  1.1  0.252091
4  1.2  0.185446
4  1.3  0.137834
34  11.0  1.01483e-09
4  1.4  0.102206
4  1.5  0.0761484
4  1.6  0.0581582
4  1.7  0.0437089
4  1.8  0.0327082
4  2.0  0.0198228
4  1.9  0.0248165
4  2.5  0.00536906
4  3.0  0.00150437
4  3.5  0.000435942
34  11.5  6.62319e-10
34  12.0  4.36537e-10
4  5.5  1.64316e-05
4  4.0  0.000214533
4  6.0  7.86431e-06
4  4.5  8.52629e-05
4  5.0  3.6521e-05
4  6.5  3.85343e-06
4  7.0  2.02441e-06
4  7.5  1.08576e-06
4  8.0  5.99834e-07
4  9.5  1.20538e-07
4  8.5  3.44823e-07
4  9.0  2.0168e-07
4  10.0  7.50207e-08
6  0.2  3.197
6  0.3  2.58817
6  0.4  2.0314
4  10.5  4.72349e-08
6  0.5  1.55249
6  0.6  1.163
6  0.7  0.861219
6  0.8  0.631861
6  1.0  0.33887
6  0.9  0.463015
6  1.2  0.183184
6  1.1  0.24839
6  1.3  0.135369
4  11.0  3.02109e-08
6  1.4  0.100658
6  1.5  0.0746782
6  1.6  0.0563108
6  1.7  0.0428226
6  1.8  0.0320083
6  1.9  0.0249478
6  2.0  0.0191439
4  11.5  1.9777e-08
6  2.5  0.00529418
6  3.0  0.0015088
6  3.5  0.000401201
4  12.0  1.31874e-08
6  4.0  0.000209967
6  5.5  1.61596e-05
6  4.5  8.37341e-05
6  6.0  7.72629e-06
6  5.0  3.58478e-05
6  7.0  1.97113e-06
6  6.5  3.83231e-06
6  7.5  1.06521e-06
6  8.0  5.88461e-07
6  9.0  1.97934e-07
6  8.5  3.38384e-07
6  9.5  1.19388e-07
6  10.0  7.36e-08
8  0.2  3.14985
8  0.3  2.55223
8  0.4  2.00108
8  0.5  1.5282
6  10.5  4.62491e-08
8  0.6  1.1431
8  0.7  0.84618
8  0.8  0.62062
8  0.9  0.455121
8  1.0  0.33229
8  1.1  0.243505
8  1.2  0.179716
6  11.0  2.96328e-08
8  1.3  0.132317
8  1.4  0.0986319
8  1.5  0.074027
8  1.7  0.0420942
8  1.6  0.0551427
8  1.8  0.0314128
8  1.9  0.0239014
8  2.0  0.0185156
8  2.5  0.00527006
8  3.5  0.000490368
8  3.0  0.00154186
6  11.5  1.94355e-08
6  12.0  1.29103e-08
8  4.0  0.000204403
8  4.5  8.15872e-05
8  5.5  1.57514e-05
8  5.0  3.48769e-05
8  6.0  7.52354e-06
8  6.5  3.7155e-06
8  7.0  1.9343e-06
8  7.5  1.03614e-06
8  8.0  5.72353e-07
8  8.5  3.29397e-07
8  9.0  1.92549e-07
8  10.5  4.45603e-08
8  9.5  1.17401e-07
8  10.0  7.16124e-08
8  11.0  2.85126e-08
8  12.0  1.25614e-08
8  11.5  1.8823e-08
