# exclusive D0 cross section, Pb target, HymnD fragmentation, An0n channel
# generated      : 2026-08-20 11:03:49 EEST
# calls          : 1e5 below 4.0 GeV, 2e3 above (see EXCL_PT_THRESHOLD) (VEGAS calls per point, see CALLS_EXCL/CALLS_EXCL_FACTORIZED/CALLS_DIFF)
# dipole samples : data/Pb/bk_posterior/member_0053/glauber_mve_<b>
# pD0 sweep      : 0.2 0.3 0.4 0.5 0.6 0.7 0.8 0.9 1.0 1.1 1.2 1.3 1.4 1.5 1.6 1.7 1.8 1.9 2.0 2.5 3.0 3.5 4.0 4.5 5.0 5.5 6.0 6.5 7.0 7.5 8.0 8.5 9.0 9.5 10.0 10.5 11.0 11.5 12.0
# fixed rapidity y : 0.0
# ============================================================
# b  pD0  dsigma_dyd2pD0
0  0.4  2.07996
0  0.2  3.27251
0  0.5  1.58394
0  0.3  2.65236
0  0.6  1.17783
0  0.8  0.628722
0  0.7  0.865425
0  0.9  0.455794
0  1.0  0.329452
0  1.1  0.238669
0  1.2  0.17289
0  1.4  0.0927837
0  1.3  0.125434
0  1.6  0.0500433
0  1.5  0.0674748
0  1.8  0.0280625
0  1.7  0.0367126
0  1.9  0.0212804
0  2.0  0.0156045
0  2.5  0.00413557
0  3.0  0.0010098
0  3.5  0.00045808
0  4.0  0.000131185
0  5.5  8.83205e-06
0  4.5  5.03227e-05
0  5.0  2.04451e-05
0  6.0  4.07835e-06
0  6.5  1.96212e-06
0  7.0  9.81168e-07
0  7.5  5.16484e-07
0  8.0  2.7991e-07
0  8.5  1.55877e-07
0  9.0  8.94394e-08
0  9.5  5.29195e-08
0  10.0  3.19573e-08
10  0.2  3.10117
10  0.3  2.51284
10  0.4  1.96457
0  10.5  1.97776e-08
10  0.5  1.49288
10  0.6  1.11063
10  0.7  0.812171
10  0.8  0.590207
10  0.9  0.426437
10  1.0  0.306815
10  1.1  0.222897
10  1.2  0.160678
10  1.3  0.116709
10  1.5  0.0635435
10  1.4  0.0848482
0  11.0  1.25215e-08
10  1.6  0.0456212
10  1.7  0.0350863
10  1.8  0.0260902
10  1.9  0.0190784
10  2.0  0.0144351
10  2.5  0.00381174
10  3.0  0.000903045
10  3.5  0.000328748
0  11.5  8.07446e-09
0  12.0  5.31021e-09
10  4.0  0.000119688
10  4.5  4.55754e-05
10  5.5  8.03709e-06
10  5.0  1.86383e-05
10  6.5  1.76627e-06
10  6.0  3.7066e-06
10  7.5  4.68269e-07
10  7.0  8.91646e-07
10  8.0  2.54093e-07
10  8.5  1.41394e-07
10  9.0  8.13227e-08
10  9.5  4.79419e-08
10  11.0  1.12529e-08
10  10.0  2.94294e-08
12  0.2  3.02409
12  0.3  2.44926
12  0.4  1.91233
12  0.5  1.45203
12  0.6  1.07623
12  0.7  0.78785
10  10.5  1.79211e-08
12  0.8  0.571985
12  0.9  0.412705
12  1.0  0.297111
12  1.1  0.215506
12  1.2  0.154874
12  1.3  0.112687
12  1.4  0.0822417
12  1.5  0.0603171
12  1.6  0.0442739
12  1.7  0.0327637
10  12.0  4.7993e-09
12  1.8  0.024724
12  1.9  0.0182696
12  2.0  0.0141855
10  11.5  7.33853e-09
12  2.5  0.00352639
12  3.0  0.000946507
12  3.5  0.000609076
12  4.0  0.0001147
12  4.5  4.35855e-05
12  5.0  1.77864e-05
12  5.5  7.68685e-06
12  6.5  1.68816e-06
12  6.0  3.54214e-06
12  7.5  4.47225e-07
12  8.0  2.41508e-07
12  7.0  8.53412e-07
12  8.5  1.34985e-07
12  9.0  7.76116e-08
12  9.5  4.57942e-08
12  11.0  1.07559e-08
12  10.0  2.76654e-08
14  0.2  2.93052
14  0.3  2.3687
14  0.4  1.84909
14  0.5  1.39969
14  0.6  1.03929
14  0.7  0.75887
14  0.8  0.550308
12  10.5  1.71389e-08
14  0.9  0.396266
14  1.0  0.285529
14  1.1  0.20621
14  1.2  0.149554
14  1.3  0.108589
14  1.4  0.0782888
14  1.5  0.0586349
14  1.6  0.0426197
14  1.7  0.031976
14  1.8  0.0238038
14  1.9  0.0173736
12  12.0  4.57536e-09
14  2.0  0.0132669
14  2.5  0.00318013
14  3.0  0.000988246
14  3.5  0.000431142
12  11.5  6.98061e-09
14  4.0  0.000108736
14  4.5  4.12166e-05
14  5.0  1.69494e-05
14  5.5  7.3079e-06
14  6.5  1.5948e-06
14  6.0  3.34637e-06
14  7.5  4.22101e-07
14  8.0  2.27836e-07
14  7.0  8.0613e-07
14  9.5  4.28011e-08
14  8.5  1.27344e-07
14  9.0  7.3218e-08
16  0.2  2.8155
14  10.0  2.60973e-08
16  0.3  2.27437
16  0.4  1.77261
16  0.5  1.3411
16  0.6  0.993376
14  10.5  1.62064e-08
16  0.7  0.72421
16  0.8  0.523772
16  0.9  0.376719
16  1.0  0.271068
16  1.1  0.195595
16  1.2  0.141853
16  1.3  0.102991
14  11.0  1.01898e-08
16  1.4  0.0738187
16  1.5  0.0552572
16  1.6  0.0395885
16  1.7  0.0300896
16  1.8  0.0225197
14  11.5  6.57581e-09
16  1.9  0.0164115
16  2.0  0.0120356
16  2.5  0.00316172
16  3.0  0.000811896
16  3.5  0.000307917
14  12.0  4.32152e-09
16  4.0  0.000101995
16  4.5  3.865e-05
16  5.0  1.58067e-05
16  5.5  6.81529e-06
16  6.0  3.11821e-06
16  7.5  3.92796e-07
16  6.5  1.49974e-06
16  7.0  7.51241e-07
16  8.0  2.12784e-07
16  8.5  1.18516e-07
16  9.0  6.81132e-08
16  9.5  4.03301e-08
18  0.2  2.67926
16  10.0  2.42681e-08
18  0.3  2.15923
16  12.0  3.98377e-09
16  10.5  1.50548e-08
18  0.4  1.68118
18  0.5  1.26934
18  0.6  0.937832
18  0.7  0.683376
18  0.8  0.49291
18  0.9  0.354179
18  1.0  0.254156
18  1.1  0.182679
18  1.2  0.131619
16  11.0  9.46676e-09
18  1.3  0.0950389
18  1.4  0.0688691
18  1.5  0.0510727
18  1.7  0.0278859
18  1.8  0.0209605
18  1.6  0.0368663
18  1.9  0.0152111
18  2.0  0.0115927
18  2.5  0.00296895
16  11.5  6.10657e-09
18  3.5  0.000312106
18  3.0  0.000744648
18  4.0  9.34042e-05
18  5.5  6.18577e-06
18  4.5  3.54732e-05
18  5.0  1.44661e-05
18  6.0  2.85707e-06
18  7.5  3.5942e-07
18  8.0  1.94029e-07
18  6.5  1.37397e-06
18  7.0  6.8713e-07
18  8.5  1.08349e-07
18  9.0  6.22394e-08
18  9.5  3.6667e-08
18  10.0  2.21641e-08
2  0.2  3.26444
2  0.3  2.64657
2  0.4  2.07404
18  10.5  1.37422e-08
18  12.0  3.63773e-09
2  0.5  1.57591
2  0.6  1.17768
2  0.7  0.862692
2  0.8  0.627459
2  0.9  0.454137
2  1.0  0.328651
2  1.1  0.238284
2  1.2  0.172301
2  1.3  0.125149
2  1.4  0.0926076
2  1.5  0.0683252
2  1.6  0.0500153
18  11.0  8.26101e-09
2  1.7  0.0363872
2  1.9  0.0206251
2  1.8  0.0275621
2  2.0  0.0155806
2  2.5  0.00400467
2  3.0  0.00112051
2  3.5  0.000360474
18  11.5  5.57228e-09
2  4.0  0.000130726
2  5.5  8.80043e-06
2  4.5  5.01437e-05
2  5.0  2.03848e-05
2  6.0  4.06357e-06
2  7.0  9.85934e-07
2  6.5  1.955e-06
2  7.5  5.1464e-07
2  8.0  2.77842e-07
2  8.5  1.56329e-07
2  9.0  8.93216e-08
2  9.5  5.27301e-08
2  10.0  3.18359e-08
20  0.2  2.5158
20  0.3  2.02509
2  10.5  1.96993e-08
20  0.4  1.57224
20  0.5  1.18442
20  0.6  0.8731
20  0.7  0.633381
20  0.8  0.455538
20  0.9  0.327137
20  1.0  0.234036
20  1.1  0.168792
2  11.0  1.24758e-08
20  1.2  0.120903
20  1.3  0.0872285
20  1.4  0.0630483
20  1.5  0.0467703
20  1.6  0.0339784
2  11.5  8.0455e-09
20  1.7  0.0248947
20  1.8  0.0189569
20  1.9  0.0141796
20  2.0  0.0105137
20  2.5  0.00272164
20  3.0  0.000726153
20  3.5  0.000333682
2  12.0  5.28864e-09
20  5.0  1.29312e-05
20  5.5  5.5421e-06
20  4.0  8.42023e-05
20  4.5  3.18669e-05
20  6.0  2.56027e-06
20  6.5  1.23049e-06
20  8.0  1.73439e-07
20  7.5  3.22526e-07
20  7.0  6.13453e-07
20  8.5  9.68432e-08
20  9.0  5.56164e-08
20  9.5  3.27893e-08
20  10.0  1.97925e-08
22  0.2  2.31939
22  0.3  1.86356
22  0.4  1.44283
22  0.5  1.08418
20  10.5  1.22275e-08
22  0.6  0.795812
22  0.7  0.575967
22  0.8  0.413794
22  0.9  0.295007
22  1.0  0.21131
22  1.1  0.150762
20  11.0  7.76997e-09
22  1.2  0.108235
22  1.3  0.0780609
20  12.0  3.25846e-09
22  1.4  0.0564437
22  1.5  0.0418733
22  1.6  0.0309015
22  1.7  0.0227702
22  1.8  0.0164464
22  1.9  0.0123559
22  2.0  0.00944648
20  11.5  4.97002e-09
22  2.5  0.00232394
22  3.0  0.000545165
22  3.5  0.000288369
22  5.5  4.81694e-06
22  4.0  7.36e-05
22  4.5  2.78154e-05
22  5.0  1.13143e-05
22  6.0  2.22757e-06
22  8.0  1.48766e-07
22  7.5  2.79234e-07
22  6.5  1.06927e-06
22  7.0  5.34779e-07
22  9.5  2.81534e-08
22  8.5  8.39523e-08
22  9.0  4.81832e-08
22  10.0  1.71437e-08
24  0.2  2.08622
24  0.3  1.66988
24  0.4  1.28898
22  10.5  1.06134e-08
24  0.5  0.963854
22  12.0  2.80569e-09
24  0.6  0.705191
24  0.7  0.508405
24  0.8  0.363327
24  0.9  0.259094
24  1.0  0.184073
24  1.1  0.131777
24  1.2  0.0949709
24  1.3  0.0683221
24  1.4  0.0493189
24  1.5  0.0360647
24  1.6  0.0260574
22  11.0  6.68482e-09
24  1.8  0.014306
24  1.7  0.0195706
24  1.9  0.0107962
24  2.0  0.00799808
24  2.5  0.00199304
24  3.5  0.00024767
24  3.0  0.000491693
22  11.5  4.30055e-09
24  5.0  9.39871e-06
24  4.0  6.16971e-05
24  4.5  2.33004e-05
24  5.5  4.08766e-06
24  7.0  4.45691e-07
24  6.0  1.85784e-06
24  7.5  2.32132e-07
24  6.5  8.88103e-07
24  9.0  3.95716e-08
24  8.0  1.25528e-07
24  8.5  6.96899e-08
24  9.5  2.35197e-08
24  10.0  1.41819e-08
26  0.2  1.80406
24  10.5  8.77632e-09
26  0.3  1.43877
24  12.0  2.32045e-09
26  0.4  1.10485
26  0.5  0.822368
26  0.6  0.598368
26  0.7  0.429092
26  0.8  0.305016
24  11.0  5.54719e-09
26  0.9  0.216671
26  1.0  0.153611
26  1.1  0.109339
26  1.2  0.0779765
26  1.3  0.0555589
26  1.4  0.0402706
26  1.6  0.0214054
26  1.5  0.028987
26  1.7  0.0155068
26  1.8  0.0115403
26  1.9  0.00851221
26  2.0  0.00649931
26  2.5  0.00154342
26  3.0  0.000365742
26  3.5  0.000166845
24  11.5  3.55762e-09
26  5.0  7.40692e-06
26  5.5  3.17258e-06
26  4.0  4.91382e-05
26  4.5  1.83975e-05
26  6.0  1.46598e-06
26  6.5  6.9547e-07
26  8.0  9.64788e-08
26  7.0  3.48714e-07
26  7.5  1.81397e-07
26  8.5  5.4389e-08
26  9.0  3.12174e-08
26  9.5  1.83508e-08
26  10.0  1.10405e-08
28  0.2  1.47225
28  0.3  1.16797
26  10.5  6.84614e-09
28  0.4  0.891795
28  0.5  0.657993
28  0.6  0.475593
28  0.7  0.338818
28  0.8  0.239623
28  0.9  0.168838
28  1.0  0.11928
26  11.0  4.31149e-09
28  1.1  0.084344
28  1.2  0.0596423
28  1.4  0.030931
28  1.3  0.042537
28  1.5  0.0224926
28  1.6  0.0162272
28  1.7  0.0119931
28  1.8  0.00886986
28  1.9  0.0065325
28  2.5  0.00120425
28  2.0  0.0049567
28  3.0  0.000354678
26  11.5  2.7658e-09
28  3.5  0.000105329
26  12.0  1.82103e-09
28  4.5  1.33517e-05
28  5.0  5.33859e-06
28  4.0  3.57091e-05
28  5.5  2.30789e-06
28  7.0  2.4655e-07
28  6.0  1.04704e-06
28  6.5  4.99195e-07
28  7.5  1.29705e-07
28  8.0  6.95669e-08
28  8.5  3.86652e-08
28  9.0  2.21624e-08
28  9.5  1.30275e-08
28  10.0  7.83343e-09
30  0.2  1.10233
28  10.5  4.83788e-09
30  0.3  0.868388
30  0.4  0.656894
30  0.5  0.480498
30  0.6  0.343966
30  0.7  0.243038
28  11.0  3.04659e-09
30  0.8  0.170329
30  0.9  0.119073
30  1.1  0.058471
30  1.0  0.083307
30  1.3  0.0294446
30  1.2  0.0411645
30  1.4  0.0207751
30  1.6  0.0109082
30  1.5  0.0148832
30  1.8  0.00593499
30  1.7  0.00789672
30  1.9  0.00437941
30  2.5  0.000762059
30  2.0  0.00316517
30  3.0  0.000265138
30  3.5  6.20528e-05
28  11.5  1.94253e-09
28  12.0  1.28198e-09
30  4.0  2.27389e-05
30  4.5  8.48328e-06
30  5.0  3.408e-06
30  5.5  1.46001e-06
30  7.0  1.55501e-07
30  6.0  6.60011e-07
30  6.5  3.12771e-07
30  7.5  8.07201e-08
30  8.0  4.34408e-08
30  8.5  2.40568e-08
30  9.0  1.37784e-08
30  9.5  8.08504e-09
30  10.0  4.85635e-09
32  0.2  0.734043
32  0.3  0.5726
30  10.5  3.00679e-09
32  0.4  0.428796
32  0.5  0.31029
30  12.0  7.86695e-10
32  0.6  0.219446
32  0.7  0.153103
32  0.8  0.106075
32  0.9  0.0737274
32  1.0  0.0509836
32  1.1  0.0353777
32  1.3  0.0176373
32  1.2  0.0250293
32  1.4  0.012549
32  1.5  0.0088431
32  1.6  0.00651127
32  1.7  0.00455867
32  1.8  0.00339583
32  2.0  0.00189931
32  1.9  0.00249804
30  11.0  1.87881e-09
32  3.0  0.000120229
32  2.5  0.000362237
32  3.5  2.41987e-05
30  11.5  1.21127e-09
32  4.5  4.60815e-06
32  4.0  1.24574e-05
32  5.0  1.82731e-06
32  5.5  7.80728e-07
32  7.0  8.18521e-08
32  6.5  1.66763e-07
32  6.0  3.51245e-07
32  7.5  4.2429e-08
32  8.0  2.26764e-08
32  8.5  1.24392e-08
32  9.0  7.19199e-09
32  9.5  4.21175e-09
32  11.0  9.6835e-10
32  10.0  2.52258e-09
34  0.2  0.426952
34  0.3  0.329549
32  10.5  1.53503e-09
34  0.4  0.243322
34  0.5  0.173337
34  0.6  0.121028
34  0.7  0.0832835
32  12.0  4.05145e-10
34  0.8  0.0569599
34  0.9  0.0390115
34  1.0  0.0266768
34  1.1  0.0184341
34  1.2  0.0127658
34  1.3  0.00888916
34  1.4  0.00634526
34  1.6  0.00314437
34  1.5  0.00443126
34  1.8  0.00170946
34  1.7  0.00229981
34  1.9  0.00118639
34  2.0  0.000909123
34  2.5  0.000190185
34  3.0  7.84974e-05
34  3.5  1.08172e-05
32  11.5  6.25666e-10
34  4.5  2.06229e-06
34  4.0  5.65301e-06
34  5.0  8.1569e-07
34  5.5  3.45649e-07
34  6.0  1.54406e-07
34  6.5  7.28376e-08
34  7.5  1.83255e-08
34  7.0  3.5817e-08
34  8.0  9.82393e-09
34  8.5  5.39781e-09
34  10.0  1.0633e-09
34  9.0  3.0678e-09
34  9.5  1.79179e-09
34  11.5  2.62217e-10
4  0.2  3.24441
4  0.3  2.63097
4  0.4  2.06141
4  0.5  1.56908
4  0.6  1.16814
34  10.5  6.57022e-10
4  0.7  0.857005
4  0.8  0.623089
4  0.9  0.45068
4  1.0  0.32607
4  1.1  0.23644
4  1.2  0.171433
34  11.0  4.11168e-10
4  1.3  0.124043
4  1.4  0.0910975
4  1.5  0.068529
4  1.6  0.049211
4  1.7  0.0362801
4  1.8  0.0277202
4  1.9  0.0202465
4  2.0  0.0151217
4  2.5  0.00405839
4  3.5  0.000370341
4  3.0  0.000953427
4  4.0  0.000129344
34  12.0  1.71902e-10
4  4.5  4.96206e-05
4  5.5  8.70498e-06
4  5.0  2.02062e-05
4  7.0  9.75586e-07
4  6.0  4.01908e-06
4  7.5  5.08386e-07
4  6.5  1.93358e-06
4  8.0  2.7553e-07
4  8.5  1.53725e-07
4  9.0  8.83373e-08
4  9.5  5.20992e-08
4  10.0  3.14615e-08
6  0.2  3.21099
6  0.3  2.60341
6  0.4  2.03834
6  0.5  1.54761
6  0.6  1.15399
6  0.7  0.846104
6  0.8  0.615613
4  10.5  1.94765e-08
6  0.9  0.445104
6  1.0  0.321517
6  1.1  0.233324
6  1.2  0.169164
6  1.3  0.122416
6  1.4  0.0894886
6  1.6  0.0497915
4  11.0  1.2313e-08
6  1.5  0.0653129
4  12.0  5.22365e-09
6  1.8  0.0269898
6  1.7  0.0356135
6  2.0  0.015325
6  1.9  0.0202791
6  2.5  0.00405523
6  3.0  0.00102144
6  3.5  0.000418088
4  11.5  7.98116e-09
6  4.0  0.000127045
6  4.5  4.84999e-05
6  5.5  8.54686e-06
6  5.0  1.98893e-05
6  6.0  3.94477e-06
6  7.0  9.57108e-07
6  6.5  1.89775e-06
6  7.5  4.99954e-07
6  8.0  2.70563e-07
6  8.5  1.50905e-07
6  9.0  8.66817e-08
6  9.5  5.10618e-08
6  10.0  3.10483e-08
8  0.2  3.16333
8  0.3  2.56453
8  0.4  2.00671
8  0.5  1.52751
8  0.6  1.13416
8  0.7  0.831413
6  10.5  1.91899e-08
8  0.8  0.604438
8  0.9  0.43704
8  1.0  0.315212
8  1.1  0.228991
8  1.2  0.165628
8  1.3  0.120149
6  11.0  1.20885e-08
8  1.4  0.0876302
6  12.0  5.12187e-09
8  1.5  0.0642111
8  1.6  0.0478665
8  1.7  0.0361562
8  1.8  0.0261149
8  1.9  0.0194821
8  2.0  0.0148926
8  2.5  0.00393812
6  11.5  7.82967e-09
8  3.0  0.00121157
8  3.5  0.000504598
8  4.0  0.000123844
8  4.5  4.71862e-05
8  5.5  8.324e-06
8  5.0  1.93716e-05
8  6.0  3.84092e-06
8  7.5  4.85597e-07
8  8.0  2.62989e-07
8  6.5  1.84778e-06
8  7.0  9.2692e-07
8  8.5  1.46608e-07
8  9.0  8.43568e-08
8  9.5  4.97195e-08
8  10.0  3.00411e-08
8  10.5  1.85844e-08
8  11.0  1.17372e-08
8  12.0  4.98253e-09
8  11.5  7.56507e-09
