# exclusive D0 cross section, Pb target, KniehlKramer fragmentation, An0n channel
# generated      : 2026-10-04 20:52:05 EEST
# flux_model     : STARLIGHT (TARGET=AA)
# scale_factor   : 0.5 (fragmentation scale Q = SCALE_FACTOR * m_T)
# calls          : 1e5 below 3.0 GeV, 2e3 above (see EXCL_PT_THRESHOLD) (VEGAS calls per point, see CALLS_EXCL/CALLS_EXCL_FACTORIZED/CALLS_DIFF)
# dipole samples : data/Pb/mve/glauber_mve_<b_d>
# pD0 sweep      : 0.2 0.3 0.4 0.5 0.6 0.7 0.8 0.9 1.0 1.1 1.2 1.3 1.4 1.5 1.6 1.7 1.8 1.9 2.0 2.5 3.0 3.5 4.0 4.5 5.0 5.5 6.0 6.5 7.0 7.5 8.0 8.5 9.0 9.5 10.0 10.5 11.0 11.5 12.0
# fixed rapidity y : -1.5
# ============================================================
# b_d  pD0  dsigma_dyd2pD0
0  0.5  3.27316
0  0.6  2.34484
0  0.2  8.61785
0  0.3  6.26265
0  0.4  4.5448
0  0.8  1.19796
0  0.9  0.854875
0  0.7  1.67199
0  1.0  0.606654
0  1.1  0.43496
0  1.4  0.166959
0  1.2  0.311428
0  1.5  0.122566
0  1.3  0.225084
0  1.6  0.0902569
0  1.7  0.0669522
0  1.8  0.0490885
0  1.9  0.0369935
0  2.0  0.0283269
0  2.5  0.00713402
0  4.5  7.33839e-05
0  4.0  0.000195915
0  3.0  0.00192016
0  6.0  6.30216e-06
0  3.5  0.000583068
0  5.0  3.05436e-05
0  5.5  1.35031e-05
0  6.5  3.1711e-06
0  7.0  1.68119e-06
0  7.5  9.31837e-07
0  8.5  3.23543e-07
0  8.0  5.4617e-07
0  9.5  1.26355e-07
0  9.0  2.0137e-07
0  10.0  8.19274e-08
10  0.2  8.09015
10  0.3  5.86204
10  0.4  4.24192
10  0.5  3.0515
10  0.6  2.1819
10  0.7  1.55363
10  0.8  1.10564
10  0.9  0.78695
10  1.0  0.559663
10  1.1  0.399786
10  1.3  0.209792
10  1.2  0.285632
10  1.4  0.152782
10  1.5  0.109729
10  1.6  0.0812614
10  1.7  0.0604964
10  1.9  0.033696
10  1.8  0.0451033
0  10.5  5.47887e-08
10  2.0  0.0255128
10  2.5  0.00671268
0  11.0  3.69912e-08
0  11.5  2.5441e-08
10  3.5  0.000523873
10  4.5  6.62263e-05
0  12.0  1.77056e-08
10  4.0  0.000176834
10  3.0  0.00173623
10  6.0  5.68438e-06
10  5.0  2.75774e-05
10  6.5  2.86444e-06
10  5.5  1.22003e-05
10  7.0  1.51574e-06
10  7.5  8.42727e-07
10  9.0  1.7831e-07
10  8.0  4.87607e-07
10  8.5  2.92243e-07
10  9.5  1.1404e-07
10  10.0  7.4041e-08
10  11.0  3.32277e-08
12  0.2  7.8455
12  0.3  5.68921
12  0.4  4.11266
12  0.5  2.95066
12  0.6  2.11024
12  0.8  1.06856
12  0.7  1.49993
12  0.9  0.757454
12  1.0  0.537966
12  1.1  0.383865
12  1.3  0.20067
12  1.2  0.274526
12  1.4  0.145606
10  10.5  4.95341e-08
12  1.5  0.106784
12  1.6  0.0781762
12  1.7  0.058448
12  1.8  0.0431102
12  1.9  0.0322759
12  2.0  0.0247981
12  2.5  0.00631155
10  11.5  2.30199e-08
12  3.5  0.000498855
10  12.0  1.60699e-08
12  4.5  6.30872e-05
12  3.0  0.00165447
12  4.0  0.00017033
12  6.0  5.41406e-06
12  5.0  2.62688e-05
12  6.5  2.72813e-06
12  5.5  1.16182e-05
12  7.0  1.44481e-06
12  7.5  8.02458e-07
12  9.0  1.69934e-07
12  8.5  2.78514e-07
12  8.0  4.69931e-07
12  9.5  1.08817e-07
12  10.0  7.0587e-08
14  0.2  7.55469
14  0.3  5.46887
14  0.4  3.95044
14  0.5  2.8305
14  0.6  2.02181
14  0.7  1.43306
14  0.8  1.01797
14  0.9  0.72263
14  1.0  0.514623
14  1.1  0.368853
14  1.2  0.262361
14  1.3  0.191236
12  10.5  4.72183e-08
14  1.4  0.135415
14  1.5  0.100402
14  1.6  0.074552
14  1.7  0.0539539
14  1.9  0.0307751
14  1.8  0.0407526
14  2.0  0.0233249
14  2.5  0.0052049
12  11.0  3.17259e-08
12  11.5  2.19912e-08
14  3.5  0.000469276
12  12.0  1.53215e-08
14  4.5  5.93544e-05
14  4.0  0.000158357
14  3.0  0.00155745
14  6.0  5.09424e-06
14  5.0  2.42976e-05
14  7.0  1.35966e-06
14  5.5  1.09372e-05
14  7.5  7.55233e-07
14  6.5  2.60819e-06
14  8.5  2.62228e-07
14  8.0  4.42009e-07
14  9.5  1.02386e-07
14  9.0  1.63456e-07
14  10.0  6.6449e-08
16  0.2  7.1884
16  0.3  5.20625
16  0.4  3.75125
16  0.5  2.69312
16  0.6  1.91393
16  0.7  1.35543
16  0.8  0.963656
14  10.5  4.4459e-08
16  0.9  0.682109
16  1.0  0.48225
16  1.1  0.343274
16  1.2  0.24525
16  1.3  0.179803
16  1.4  0.126788
16  1.7  0.0512245
16  1.5  0.0923742
16  1.6  0.0680699
16  1.8  0.0380157
14  11.0  3.00861e-08
16  1.9  0.0282613
16  2.0  0.0218245
16  2.5  0.00547457
14  11.5  2.06588e-08
16  3.5  0.000435079
14  12.0  1.44192e-08
16  4.5  5.5039e-05
16  3.0  0.00144491
16  6.0  4.72527e-06
16  4.0  0.000148432
16  5.0  2.29112e-05
16  5.5  1.01399e-05
16  7.0  1.2611e-06
16  6.5  2.41948e-06
16  8.0  4.05517e-07
16  9.0  1.48586e-07
16  7.5  7.10523e-07
16  8.5  2.43381e-07
16  9.5  9.5102e-08
16  10.0  6.16695e-08
18  0.2  6.77296
18  0.3  4.90116
18  0.4  3.52666
18  0.5  2.51562
18  0.6  1.78719
18  0.7  1.26539
18  0.8  0.894012
18  0.9  0.63318
18  1.0  0.450724
16  10.5  4.12452e-08
18  1.1  0.317616
18  1.2  0.228422
18  1.3  0.165677
18  1.4  0.116894
18  1.5  0.086818
18  1.6  0.0635064
18  1.7  0.0475442
18  1.8  0.0341578
18  1.9  0.0254255
16  11.0  2.78894e-08
18  2.0  0.0201893
18  2.5  0.00478514
16  11.5  1.91504e-08
16  12.0  1.33443e-08
18  4.5  5.01036e-05
18  5.0  2.05624e-05
18  3.0  0.00131618
18  3.5  0.000398214
18  4.0  0.00013449
18  6.0  4.30038e-06
18  5.5  9.22712e-06
18  7.0  1.14487e-06
18  6.5  2.20266e-06
18  8.5  2.2164e-07
18  7.5  6.46863e-07
18  8.0  3.73525e-07
18  9.5  8.6578e-08
18  9.0  1.38079e-07
18  10.0  5.61928e-08
2  0.2  8.59346
2  0.3  6.24657
2  0.4  4.53385
2  0.5  3.26561
2  0.6  2.34018
2  0.7  1.67
2  0.8  1.19417
2  0.9  0.852125
2  1.0  0.608902
2  1.1  0.433365
18  10.5  3.76242e-08
2  1.2  0.31182
2  1.3  0.224567
2  1.4  0.165473
2  1.5  0.121771
18  11.0  2.54301e-08
2  1.6  0.0876263
2  1.7  0.064433
2  1.8  0.0500594
2  1.9  0.0374014
2  2.0  0.0281944
2  2.5  0.0072354
18  11.5  1.74673e-08
2  3.5  0.000578001
18  12.0  1.21783e-08
2  4.5  7.30995e-05
2  4.0  0.000195149
2  3.0  0.00191309
2  6.0  6.28165e-06
2  5.0  3.04214e-05
2  5.5  1.34566e-05
2  6.5  3.15878e-06
2  7.5  9.27748e-07
2  8.0  5.37425e-07
2  7.0  1.69965e-06
2  8.5  3.22295e-07
2  9.0  1.99557e-07
2  9.5  1.25846e-07
2  10.0  8.15728e-08
20  0.2  6.28166
20  0.3  4.52719
20  0.4  3.24954
20  0.5  2.31505
20  0.6  1.6415
20  0.7  1.16034
20  0.8  0.819912
20  0.9  0.578556
20  1.1  0.289454
20  1.0  0.406656
20  1.2  0.204728
20  1.4  0.107902
20  1.3  0.149403
2  10.5  5.45779e-08
20  1.5  0.0778914
20  1.6  0.0576781
20  1.9  0.0231352
20  1.7  0.0406677
20  1.8  0.0308544
20  2.5  0.00443703
20  2.0  0.0180393
2  11.0  3.6864e-08
2  11.5  2.53725e-08
2  12.0  1.65642e-08
20  4.5  4.45674e-05
20  5.0  1.82252e-05
20  3.0  0.00116996
20  3.5  0.000354305
20  6.0  3.82769e-06
20  4.0  0.000119519
20  6.5  1.9282e-06
20  5.5  8.20802e-06
20  7.0  1.02235e-06
20  8.5  1.97344e-07
20  7.5  5.76747e-07
20  8.0  3.32351e-07
20  9.5  7.70628e-08
20  9.0  1.22959e-07
20  10.0  4.99804e-08
22  0.2  5.7075
22  0.3  4.09374
22  0.4  2.93209
22  0.5  2.08214
22  0.6  1.47265
22  0.7  1.0356
22  0.8  0.73092
22  0.9  0.512552
22  1.0  0.36146
22  1.1  0.253508
20  10.5  3.35702e-08
22  1.2  0.18211
22  1.3  0.131384
22  1.4  0.0952539
22  1.5  0.0676307
22  1.6  0.0495522
22  1.7  0.0370569
22  1.8  0.0270642
22  1.9  0.0202351
20  11.0  2.264e-08
22  2.0  0.0151208
22  2.5  0.00361427
20  11.5  1.55765e-08
20  12.0  1.08301e-08
22  4.5  3.84027e-05
22  3.0  0.00100157
22  5.0  1.57021e-05
22  3.5  0.000305591
22  4.0  0.000103013
22  6.0  3.29788e-06
22  5.5  7.06573e-06
22  7.0  8.81066e-07
22  7.5  4.89564e-07
22  6.5  1.68847e-06
22  8.0  2.83287e-07
22  8.5  1.70143e-07
22  9.5  6.65428e-08
22  10.0  4.31553e-08
22  9.0  1.05744e-07
24  0.2  5.01576
24  0.3  3.58859
24  0.4  2.55874
24  0.5  1.81066
24  0.6  1.27542
24  0.7  0.892845
24  0.8  0.624934
24  0.9  0.437425
22  10.5  2.8915e-08
24  1.0  0.306588
24  1.1  0.217365
24  1.3  0.110371
24  1.2  0.154399
24  1.4  0.0790597
24  1.5  0.0563817
24  1.6  0.0414273
24  1.7  0.0304554
24  1.8  0.0228997
24  1.9  0.0174143
22  11.0  1.95274e-08
24  2.0  0.0131873
24  2.5  0.00307298
22  11.5  1.34701e-08
22  12.0  9.35241e-09
24  4.5  3.16448e-05
24  3.0  0.000833981
24  3.5  0.000252011
24  6.0  2.71628e-06
24  4.0  8.4868e-05
24  5.0  1.31338e-05
24  5.5  5.81019e-06
24  6.5  1.3691e-06
24  7.0  7.26234e-07
24  8.0  2.33448e-07
24  7.5  4.09006e-07
24  8.5  1.40355e-07
24  10.5  2.34613e-08
24  9.5  5.48813e-08
24  9.0  8.73603e-08
24  10.0  3.56345e-08
26  0.2  4.20949
26  0.3  2.99862
26  0.4  2.1283
26  0.5  1.49836
26  0.6  1.04607
26  0.7  0.730136
26  0.8  0.508636
26  1.0  0.247591
26  0.9  0.353741
26  1.1  0.173222
26  1.2  0.122067
26  1.3  0.0865453
26  1.5  0.0456783
26  1.4  0.0627224
26  1.6  0.0328629
26  1.7  0.0237637
24  11.0  1.61045e-08
26  1.8  0.0178779
26  1.9  0.0135973
26  2.0  0.0100589
26  2.5  0.00233129
24  11.5  1.1089e-08
24  12.0  7.72943e-09
26  4.5  2.44308e-05
26  3.0  0.000646346
26  3.5  0.000194907
26  4.0  6.55023e-05
26  5.0  1.01479e-05
26  6.0  2.09907e-06
26  5.5  4.48352e-06
26  7.0  5.60551e-07
26  6.5  1.07491e-06
26  7.5  3.12122e-07
26  8.0  1.80344e-07
26  8.5  1.08442e-07
26  9.5  4.24275e-08
26  9.0  6.75722e-08
28  0.2  3.29226
28  0.3  2.33197
28  0.4  1.64337
26  11.0  1.23298e-08
28  0.5  1.1486
26  10.0  2.78233e-08
28  0.6  0.796968
28  0.7  0.55129
28  0.9  0.265024
28  0.8  0.381796
28  1.0  0.182846
26  10.5  1.84565e-08
28  1.1  0.127226
28  1.2  0.0897235
28  1.3  0.0632963
28  1.4  0.0460398
28  1.5  0.032294
28  1.6  0.0240001
28  1.7  0.0173691
28  1.9  0.00995258
28  1.8  0.012962
28  2.0  0.00745698
28  2.5  0.00160888
26  11.5  8.55237e-09
26  12.0  5.9744e-09
28  4.5  1.71462e-05
28  3.0  0.000456225
28  3.5  0.000137208
28  4.0  4.62872e-05
28  5.0  7.11309e-06
28  6.0  1.47188e-06
28  5.5  3.15206e-06
28  7.0  3.93017e-07
28  8.5  7.60683e-08
28  6.5  7.5365e-07
28  8.0  1.26798e-07
28  7.5  2.21945e-07
28  9.5  2.97509e-08
28  9.0  4.72698e-08
30  0.2  2.30782
28  10.0  1.93309e-08
30  0.3  1.62401
30  0.4  1.13526
30  0.5  0.78487
30  0.6  0.540576
30  0.7  0.37073
30  0.8  0.255082
30  0.9  0.175494
30  1.0  0.121228
30  1.1  0.0829774
30  1.2  0.0583555
30  1.3  0.0406803
28  10.5  1.29557e-08
30  1.4  0.028662
30  1.5  0.0205917
30  1.6  0.0150801
30  1.8  0.00811827
30  1.7  0.0111362
30  1.9  0.00571122
30  2.5  0.00102128
30  2.0  0.0046089
28  11.0  8.69403e-09
28  11.5  6.02292e-09
28  12.0  4.19194e-09
30  4.5  1.04792e-05
30  4.0  2.80677e-05
30  3.0  0.000280329
30  3.5  8.4292e-05
30  6.0  8.98774e-07
30  5.0  4.35003e-06
30  5.5  1.91985e-06
30  7.0  2.40105e-07
30  6.5  4.6009e-07
30  8.0  7.74673e-08
30  7.5  1.35393e-07
30  8.5  4.6492e-08
30  9.5  1.81807e-08
30  9.0  2.88542e-08
30  10.0  1.1816e-08
32  0.2  1.40112
32  0.3  0.976226
32  0.4  0.673854
32  0.5  0.460625
32  0.7  0.213162
32  0.6  0.313847
32  0.8  0.144355
32  0.9  0.0982154
32  1.0  0.0669571
32  1.2  0.03237
32  1.1  0.0460078
32  1.4  0.0158812
32  1.3  0.0222417
32  1.5  0.0113973
30  10.5  7.92474e-09
32  1.6  0.00826375
32  1.7  0.00593846
32  1.9  0.00336796
32  1.8  0.00437883
32  2.0  0.00242844
32  2.5  0.00054471
30  11.0  5.35864e-09
30  11.5  3.6845e-09
30  12.0  2.57625e-09
32  3.5  4.27996e-05
32  3.0  0.000145041
32  4.0  1.451e-05
32  4.5  5.4179e-06
32  5.0  2.21331e-06
32  5.5  9.78965e-07
32  7.0  1.22174e-07
32  6.0  4.64548e-07
32  6.5  2.33858e-07
32  8.0  3.93441e-08
32  7.5  6.89574e-08
32  8.5  2.3677e-08
32  9.5  9.25596e-09
32  9.0  1.46872e-08
4  0.2  8.53543
4  0.3  6.20125
4  0.4  4.49941
4  0.5  3.23836
4  0.6  2.31756
4  0.7  1.65519
4  0.8  1.18525
32  10.0  6.07004e-09
4  0.9  0.841026
4  1.0  0.602671
4  1.1  0.428325
4  1.2  0.310068
4  1.3  0.224057
4  1.4  0.164017
32  10.5  4.03765e-09
4  1.5  0.120581
4  1.6  0.0882144
4  1.7  0.0642261
4  1.8  0.0485456
4  1.9  0.0366818
4  2.5  0.00691532
4  2.0  0.0274937
32  11.0  2.7315e-09
4  3.5  0.000571339
32  11.5  1.87207e-09
4  4.5  7.22462e-05
32  12.0  1.31005e-09
4  4.0  0.00019285
4  3.0  0.00189087
4  6.0  6.20808e-06
4  5.0  3.00543e-05
4  5.5  1.32943e-05
4  6.5  3.12183e-06
4  7.5  9.16974e-07
4  8.0  5.31203e-07
4  7.0  1.67996e-06
4  8.5  3.18695e-07
4  9.0  1.97191e-07
4  9.5  1.24467e-07
4  10.0  8.06357e-08
6  0.2  8.42498
6  0.3  6.12134
6  0.4  4.44183
6  0.5  3.19604
6  0.6  2.28531
6  0.7  1.63157
6  0.8  1.1624
6  0.9  0.832713
6  1.0  0.589794
6  1.1  0.421506
6  1.2  0.304902
6  1.3  0.218555
6  1.4  0.158421
6  1.5  0.115205
4  10.5  5.39423e-08
6  1.6  0.0855189
6  1.7  0.0627031
6  1.9  0.0362566
6  1.8  0.0480446
6  2.0  0.0270763
6  2.5  0.00720993
4  11.0  3.64127e-08
4  11.5  2.50822e-08
6  3.5  0.000560137
4  12.0  1.74761e-08
6  4.5  7.0789e-05
6  4.0  0.00018902
6  5.0  2.8983e-05
6  3.0  0.00185374
6  6.0  6.08594e-06
6  6.5  3.0601e-06
6  5.5  1.30415e-05
6  7.5  8.98928e-07
6  8.0  5.20744e-07
6  7.0  1.6471e-06
6  9.0  1.90371e-07
6  8.5  3.12378e-07
6  9.5  1.2197e-07
6  10.0  7.90664e-08
8  0.2  8.27296
8  0.3  6.01558
8  0.4  4.35619
8  0.5  3.13398
8  0.6  2.24228
8  0.7  1.60236
8  0.8  1.13764
8  0.9  0.81131
8  1.0  0.579284
8  1.1  0.412424
8  1.2  0.299086
8  1.4  0.157883
8  1.3  0.213148
6  10.5  5.29147e-08
8  1.5  0.112464
8  1.6  0.0842631
8  1.7  0.0625146
8  1.8  0.0464633
8  2.0  0.0261307
6  11.0  3.57633e-08
8  2.5  0.00667313
8  1.9  0.0353407
6  11.5  2.45677e-08
8  3.5  0.000544312
6  12.0  1.71742e-08
8  4.5  6.87996e-05
8  4.0  0.000183683
8  3.0  0.0018022
8  6.0  5.90546e-06
8  5.0  2.86383e-05
8  6.5  2.97283e-06
8  5.5  1.26743e-05
8  7.0  1.57418e-06
8  7.5  8.74649e-07
8  8.0  5.0646e-07
8  8.5  3.03538e-07
8  9.0  1.87073e-07
8  9.5  1.1852e-07
8  10.0  7.68679e-08
8  11.0  3.40424e-08
8  10.5  5.09332e-08
8  11.5  2.391e-08
8  12.0  1.67201e-08
