# diffractive D0 cross section, Pb target, LHAPDF fragmentation, An0n channel
# generated      : 2026-08-20 10:20:22 EEST
# calls          : 1e5 (VEGAS calls per point, see CALLS_EXCL/CALLS_EXCL_FACTORIZED/CALLS_DIFF)
# dipole samples : data/Pb/mve/glauber_mve_<b>
# pD0 sweep      : 0.2 0.3 0.4 0.5 0.6 0.7 0.8 0.9 1.0 1.1 1.2 1.3 1.4 1.5 1.6 1.7 1.8 1.9 2.0 2.5 3.0 3.5 4.0 4.5 5.0 5.5 6.0 6.5 7.0 7.5 8.0 8.5 9.0 9.5 10.0 10.5 11.0 11.5 12.0
# fixed rapidity y : 2.0
# ============================================================
# b  pD0  dsigma_dyd2pD0
0  0.3  0.327244
0  0.5  0.446362
0  0.2  0.220928
0  0.4  0.415419
0  0.6  0.437925
0  1.0  0.237477
0  0.8  0.350579
0  0.7  0.403801
0  0.9  0.293163
0  1.2  0.152863
0  1.1  0.19179
0  1.4  0.0956967
0  1.3  0.12258
0  1.5  0.0767999
0  1.8  0.0382763
0  1.6  0.0603587
0  1.7  0.0482847
0  2.5  0.00852023
0  1.9  0.03064
0  2.0  0.0248207
0  3.0  0.00327578
0  3.5  0.00136874
0  4.0  0.000626562
0  4.5  0.000306132
0  5.0  0.000158801
0  5.5  8.30893e-05
0  6.0  4.69473e-05
0  7.0  1.55553e-05
0  7.5  9.57914e-06
0  6.5  2.62701e-05
0  8.0  5.74149e-06
0  8.5  3.72531e-06
0  9.0  2.33092e-06
0  9.5  1.57e-06
0  10.0  1.03572e-06
10  0.2  0.218312
10  0.3  0.326115
10  0.4  0.403244
0  10.5  6.94056e-07
10  0.5  0.437146
10  0.6  0.422275
10  0.7  0.389536
10  0.8  0.340842
0  11.0  4.58351e-07
10  0.9  0.282441
10  1.0  0.229783
10  1.1  0.185661
10  1.2  0.146925
10  1.3  0.118181
10  1.4  0.0929192
10  1.5  0.0744789
10  1.6  0.0578893
10  1.7  0.0469259
10  1.8  0.0368932
10  1.9  0.0296634
10  2.0  0.0234597
10  3.0  0.00320328
10  2.5  0.00804026
10  3.5  0.00129714
0  11.5  3.20634e-07
0  12.0  2.17902e-07
10  4.0  0.000598535
10  4.5  0.000283422
10  5.0  0.000145977
10  5.5  7.90687e-05
10  6.5  2.54942e-05
10  6.0  4.4289e-05
10  7.5  9.04971e-06
10  7.0  1.48665e-05
10  9.0  2.22704e-06
10  8.0  5.60239e-06
10  8.5  3.50679e-06
10  9.5  1.4998e-06
10  10.0  9.85128e-07
10  10.5  6.59098e-07
12  0.2  0.217442
12  0.3  0.327863
12  0.4  0.403027
12  0.5  0.431321
12  0.6  0.423617
12  0.7  0.385002
12  0.8  0.335825
12  0.9  0.278197
12  1.0  0.22667
10  11.0  4.4369e-07
12  1.2  0.145569
12  1.1  0.181789
12  1.3  0.115442
12  1.5  0.0702665
12  1.4  0.0911606
12  1.6  0.0569633
12  1.7  0.0456792
12  1.9  0.028864
12  1.8  0.0358095
12  2.0  0.0228265
12  2.5  0.00791043
12  3.0  0.00316324
12  3.5  0.00127318
10  11.5  3.04194e-07
10  12.0  2.17012e-07
12  4.0  0.000589895
12  4.5  0.000286919
12  5.0  0.000144586
12  6.0  4.18984e-05
12  5.5  7.57276e-05
12  7.5  8.7942e-06
12  6.5  2.45867e-05
12  7.0  1.45962e-05
12  8.0  5.44961e-06
12  8.5  3.47225e-06
12  9.0  2.22699e-06
12  9.5  1.45619e-06
12  10.0  9.50529e-07
14  0.2  0.218552
14  0.3  0.32362
14  0.4  0.400369
12  10.5  6.39702e-07
14  0.5  0.430161
14  0.6  0.416843
14  0.7  0.382462
14  0.8  0.329979
14  0.9  0.275985
12  11.0  4.25074e-07
14  1.0  0.221255
14  1.1  0.177317
14  1.2  0.142472
14  1.3  0.111524
14  1.4  0.0885865
14  1.5  0.0698419
14  1.6  0.0547727
14  1.7  0.0440571
14  1.8  0.0346692
14  1.9  0.0285438
14  2.0  0.022316
14  2.5  0.00775691
14  3.0  0.00304414
14  3.5  0.00124468
12  11.5  2.98174e-07
12  12.0  2.04276e-07
14  4.0  0.000573075
14  5.0  0.000142329
14  4.5  0.000281027
14  5.5  7.55928e-05
14  6.0  4.15004e-05
14  7.5  8.63465e-06
14  6.5  2.3387e-05
14  7.0  1.40588e-05
14  8.0  5.34111e-06
14  8.5  3.34403e-06
14  9.0  2.14796e-06
14  9.5  1.4199e-06
14  10.0  9.2953e-07
16  0.2  0.215192
16  0.3  0.322868
14  10.5  6.29875e-07
16  0.4  0.392066
16  0.5  0.42015
16  0.6  0.407242
16  0.7  0.373414
16  0.8  0.318967
16  0.9  0.267211
16  1.0  0.215677
16  1.1  0.173208
14  11.0  4.19234e-07
16  1.2  0.137805
16  1.3  0.109551
16  1.4  0.0858824
16  1.5  0.0664827
16  1.6  0.0545321
16  1.7  0.0423767
16  1.8  0.0326707
16  1.9  0.027094
16  2.0  0.0215147
16  2.5  0.00737052
16  3.0  0.00282935
16  3.5  0.00123354
14  11.5  2.90356e-07
14  12.0  1.91762e-07
16  4.5  0.000262455
16  5.0  0.000137877
16  4.0  0.000555035
16  6.5  2.31685e-05
16  5.5  7.14525e-05
16  6.0  4.07378e-05
16  7.0  1.39305e-05
16  7.5  8.17057e-06
16  8.0  5.1249e-06
16  8.5  3.25773e-06
16  9.0  2.07761e-06
16  9.5  1.3545e-06
16  10.0  8.75167e-07
18  0.2  0.211497
16  10.5  5.73445e-07
18  0.3  0.316473
18  0.4  0.39236
18  0.5  0.413911
18  0.6  0.407215
18  0.7  0.364335
18  0.8  0.31174
16  11.0  4.07291e-07
18  0.9  0.259771
18  1.0  0.210338
18  1.2  0.132361
18  1.1  0.166968
18  1.3  0.105837
18  1.4  0.0825485
18  1.5  0.0652134
18  1.6  0.0517887
18  1.7  0.041202
18  1.8  0.0326585
18  1.9  0.0257608
18  3.0  0.00269297
18  2.0  0.0204918
18  2.5  0.00704228
18  3.5  0.0011428
16  11.5  2.69704e-07
16  12.0  1.91912e-07
18  4.5  0.000256472
18  5.0  0.00012865
18  5.5  6.90992e-05
18  4.0  0.000536405
18  6.5  2.21991e-05
18  7.5  7.88256e-06
18  6.0  3.80999e-05
18  7.0  1.23681e-05
18  8.0  4.89855e-06
18  8.5  2.99963e-06
18  9.0  1.96825e-06
18  9.5  1.29533e-06
18  10.0  8.54999e-07
18  10.5  5.84729e-07
2  0.2  0.226647
2  0.3  0.329645
2  0.4  0.410655
2  0.5  0.445865
2  0.6  0.440314
2  0.7  0.401579
2  0.8  0.346175
2  0.9  0.290958
2  1.0  0.238047
2  1.1  0.190298
2  1.2  0.151256
2  1.3  0.122642
2  1.4  0.0973289
2  1.5  0.0789505
18  11.0  3.81578e-07
2  1.6  0.0600747
2  1.7  0.0486502
2  1.8  0.0384064
2  2.0  0.0241268
2  1.9  0.0308444
2  2.5  0.00847758
2  3.0  0.00317559
2  3.5  0.00137867
18  11.5  2.64689e-07
18  12.0  1.80581e-07
2  4.0  0.000625385
2  4.5  0.000297624
2  5.0  0.000156505
2  5.5  8.07795e-05
2  7.0  1.55705e-05
2  6.0  4.59312e-05
2  7.5  9.46994e-06
2  6.5  2.66177e-05
2  8.0  5.81806e-06
2  8.5  3.69087e-06
2  9.0  2.39931e-06
2  9.5  1.57901e-06
2  10.0  1.03244e-06
2  11.0  4.66653e-07
20  0.2  0.210212
20  0.3  0.313345
2  10.5  6.87081e-07
20  0.4  0.382175
20  0.5  0.410364
20  0.6  0.392397
20  0.7  0.348633
20  0.8  0.299512
20  1.0  0.202361
20  0.9  0.249491
20  1.1  0.159199
20  1.2  0.127406
20  1.4  0.0783841
20  1.3  0.0984897
20  1.5  0.0623266
20  1.6  0.0501113
20  1.7  0.0388331
20  1.8  0.0308688
20  1.9  0.0248673
20  2.0  0.0196829
20  2.5  0.00676908
20  3.0  0.00262609
20  3.5  0.00108725
2  11.5  3.18948e-07
2  12.0  2.21623e-07
20  4.5  0.000240374
20  5.0  0.000121423
20  4.0  0.000495365
20  5.5  6.51298e-05
20  6.0  3.58501e-05
20  6.5  2.08293e-05
20  7.0  1.19748e-05
20  7.5  7.11774e-06
20  8.0  4.64907e-06
20  8.5  2.88078e-06
20  9.0  1.87516e-06
20  9.5  1.21333e-06
20  10.0  8.12259e-07
22  0.2  0.209938
22  0.3  0.307442
20  10.5  5.08681e-07
22  0.4  0.378053
22  0.5  0.39367
22  0.6  0.376031
22  0.7  0.336543
22  0.8  0.285745
20  11.0  3.63431e-07
22  0.9  0.235785
22  1.0  0.188553
22  1.2  0.118621
22  1.1  0.15071
22  1.3  0.0939052
22  1.4  0.0741709
22  1.6  0.045716
22  1.5  0.0584613
22  1.7  0.0365114
22  1.9  0.0231325
22  1.8  0.0286757
22  2.0  0.0182273
22  2.5  0.00619138
22  3.0  0.00239973
22  3.5  0.00102228
20  11.5  2.50593e-07
20  12.0  1.73751e-07
22  5.0  0.000112136
22  4.0  0.000454116
22  4.5  0.000214604
22  6.0  3.32126e-05
22  5.5  6.01114e-05
22  7.0  1.15082e-05
22  6.5  1.92414e-05
22  7.5  6.91225e-06
22  8.0  4.24202e-06
22  8.5  2.69666e-06
22  9.0  1.72052e-06
22  9.5  1.13834e-06
22  10.0  7.54472e-07
24  0.2  0.205034
22  10.5  5.06027e-07
24  0.3  0.296605
24  0.4  0.357175
24  0.5  0.376755
24  0.6  0.354191
24  0.7  0.314727
24  0.8  0.267131
24  0.9  0.220512
24  1.0  0.178455
22  11.0  3.32396e-07
24  1.1  0.139837
24  1.2  0.109367
24  1.4  0.0674123
24  1.3  0.0864249
24  1.5  0.0543528
24  1.6  0.0422234
24  1.7  0.0333175
24  1.8  0.0260091
24  1.9  0.02123
24  2.0  0.0166121
24  3.0  0.0021724
24  2.5  0.00562155
24  3.5  0.000928747
22  11.5  2.36951e-07
22  12.0  1.63292e-07
24  5.0  0.000102329
24  4.0  0.000423364
24  4.5  0.000195491
24  6.5  1.73133e-05
24  5.5  5.49744e-05
24  6.0  3.01505e-05
24  7.0  1.02268e-05
24  7.5  6.22659e-06
24  8.0  3.91613e-06
24  8.5  2.29511e-06
24  9.0  1.57869e-06
24  9.5  1.01596e-06
24  10.0  6.8671e-07
26  0.2  0.200888
24  10.5  4.54648e-07
26  0.3  0.28934
26  0.4  0.341512
26  0.5  0.353936
26  0.6  0.333103
26  0.7  0.294452
26  0.8  0.243528
26  0.9  0.197742
26  1.0  0.159533
24  11.0  3.08213e-07
26  1.1  0.126172
26  1.4  0.0618686
26  1.2  0.0998576
26  1.3  0.0774947
26  1.6  0.0380375
26  1.5  0.0476594
26  1.7  0.0297273
26  1.9  0.018647
26  1.8  0.0231466
26  3.0  0.0019392
26  2.0  0.0146536
26  2.5  0.00515516
26  3.5  0.000824035
24  11.5  2.14249e-07
24  12.0  1.41576e-07
26  4.5  0.000177194
26  4.0  0.00036204
26  5.0  9.03101e-05
26  5.5  4.94777e-05
26  6.0  2.65068e-05
26  6.5  1.52877e-05
26  7.0  9.11116e-06
26  8.5  2.13328e-06
26  7.5  5.50733e-06
26  8.0  3.41601e-06
26  9.5  8.88674e-07
26  9.0  1.39844e-06
26  10.0  5.81224e-07
28  0.2  0.186852
28  0.3  0.272897
28  0.4  0.317825
28  0.5  0.325279
28  0.6  0.299031
26  10.5  3.96093e-07
28  0.7  0.258729
28  0.8  0.214569
28  0.9  0.175299
28  1.1  0.109104
28  1.0  0.138871
26  11.5  1.86634e-07
28  1.2  0.0863402
28  1.3  0.0672498
28  1.4  0.0521776
26  11.0  2.71294e-07
28  1.5  0.0407489
28  1.7  0.0251559
28  1.6  0.0317803
28  1.8  0.0196457
28  1.9  0.0154655
28  2.0  0.0124216
26  12.0  1.29572e-07
28  2.5  0.00423155
28  3.0  0.00165145
28  3.5  0.000679882
28  4.0  0.000305277
28  5.0  7.38966e-05
28  6.0  2.21417e-05
28  4.5  0.000151032
28  5.5  4.06433e-05
28  6.5  1.30645e-05
28  8.5  1.76228e-06
28  7.0  7.60089e-06
28  7.5  4.45335e-06
28  8.0  2.85602e-06
28  9.0  1.14346e-06
28  9.5  7.61715e-07
28  10.0  4.94894e-07
30  0.2  0.176755
30  0.3  0.244948
30  0.4  0.285403
28  11.5  1.56991e-07
30  0.5  0.280755
30  0.6  0.25342
30  0.7  0.214228
28  10.5  3.38335e-07
30  0.8  0.17494
30  0.9  0.142575
30  1.1  0.0872239
30  1.0  0.112232
30  1.2  0.0680019
30  1.3  0.052834
30  1.4  0.0418855
30  1.5  0.032099
30  1.6  0.0256689
30  1.7  0.0194139
30  1.8  0.0153714
28  11.0  2.31478e-07
30  1.9  0.012379
30  2.5  0.00335777
30  3.0  0.001273
30  2.0  0.00976393
30  3.5  0.000532918
28  12.0  1.09158e-07
30  4.0  0.000246481
30  4.5  0.000118104
30  5.0  5.82305e-05
30  5.5  3.1803e-05
30  6.0  1.72746e-05
30  6.5  1.01028e-05
30  7.0  5.81971e-06
30  8.5  1.39443e-06
30  7.5  3.66753e-06
30  8.0  2.28396e-06
30  10.5  2.66212e-07
30  9.0  9.13152e-07
30  9.5  6.07931e-07
30  10.0  3.88889e-07
32  0.2  0.158128
32  0.3  0.216202
32  0.4  0.239466
32  0.5  0.224716
32  0.6  0.194534
32  0.7  0.164849
32  0.8  0.133195
32  0.9  0.106665
32  1.0  0.0822325
32  1.1  0.0642608
32  1.3  0.0390918
32  1.2  0.0498035
32  1.4  0.029955
32  1.5  0.0238246
32  1.6  0.0186816
30  11.0  1.7854e-07
32  1.7  0.014576
32  1.8  0.0113145
32  2.0  0.00704135
32  1.9  0.0090651
32  2.5  0.00244213
32  3.0  0.000932098
32  3.5  0.000390237
30  11.5  1.21598e-07
32  5.0  4.21081e-05
30  12.0  8.69948e-08
32  4.0  0.000172553
32  4.5  8.57231e-05
32  5.5  2.32527e-05
32  6.0  1.28875e-05
32  6.5  7.44132e-06
32  7.0  4.24938e-06
32  7.5  2.66727e-06
32  8.0  1.57994e-06
32  9.5  4.22853e-07
32  9.0  6.60405e-07
32  8.5  1.03422e-06
32  10.0  2.80382e-07
4  0.2  0.222213
4  0.3  0.32981
4  0.4  0.408867
4  0.5  0.44383
4  0.6  0.440704
4  0.7  0.400094
32  10.5  1.87674e-07
4  0.8  0.34812
4  0.9  0.291698
4  1.0  0.236843
4  1.1  0.191057
4  1.2  0.152836
4  1.3  0.121652
32  11.0  1.28871e-07
4  1.4  0.0962356
4  1.5  0.0761504
4  1.6  0.0590471
4  1.7  0.0469666
4  1.8  0.038095
4  1.9  0.0305027
4  2.5  0.00837505
4  2.0  0.0244216
4  3.0  0.00329752
4  3.5  0.00137549
32  11.5  8.6877e-08
32  12.0  5.94363e-08
4  4.0  0.000630929
4  4.5  0.000302745
4  5.0  0.00015594
4  6.5  2.62739e-05
4  6.0  4.58274e-05
4  5.5  8.2706e-05
4  7.0  1.54271e-05
4  7.5  9.41134e-06
4  9.0  2.36011e-06
4  8.0  5.83429e-06
4  8.5  3.69838e-06
4  9.5  1.53066e-06
4  10.0  1.01964e-06
6  0.2  0.220028
6  0.3  0.330454
4  10.5  6.78417e-07
6  0.4  0.414734
6  0.5  0.445297
6  0.6  0.43452
6  0.7  0.394342
6  0.8  0.347575
4  11.0  4.61919e-07
6  0.9  0.288267
6  1.0  0.236279
6  1.1  0.188813
6  1.2  0.152255
6  1.3  0.120768
6  1.4  0.0946147
6  1.5  0.0757446
6  1.6  0.0598238
6  1.8  0.0376402
6  1.7  0.0473892
6  1.9  0.0304388
6  2.0  0.0242331
6  2.5  0.00827107
6  3.0  0.00327762
6  3.5  0.00133941
4  11.5  3.19758e-07
4  12.0  2.19503e-07
6  4.0  0.000606038
6  4.5  0.000302125
6  5.0  0.000153327
6  5.5  7.98258e-05
6  6.5  2.60031e-05
6  7.0  1.5696e-05
6  6.0  4.57559e-05
6  7.5  9.48718e-06
6  9.0  2.34566e-06
6  8.0  5.74947e-06
6  9.5  1.45534e-06
6  8.5  3.51766e-06
6  10.0  1.02556e-06
8  0.2  0.221297
8  0.3  0.326632
6  10.5  6.85357e-07
8  0.4  0.406927
8  0.5  0.441575
8  0.6  0.43349
8  0.7  0.396628
8  0.8  0.343105
8  0.9  0.285689
8  1.0  0.236148
8  1.2  0.149892
8  1.1  0.187897
6  11.0  4.59402e-07
8  1.3  0.119564
8  1.4  0.0941261
8  1.5  0.0745644
8  1.6  0.0592459
8  1.8  0.0369548
8  1.7  0.0464965
8  1.9  0.0298745
8  2.0  0.0239776
8  2.5  0.00827908
8  3.0  0.00314151
8  3.5  0.00132807
6  11.5  3.16631e-07
6  12.0  2.17916e-07
8  4.0  0.000614024
8  4.5  0.000288812
8  5.0  0.000145583
8  6.0  4.47035e-05
8  5.5  8.05351e-05
8  6.5  2.57758e-05
8  7.0  1.54363e-05
8  7.5  9.18138e-06
8  9.0  2.31103e-06
8  8.0  5.68784e-06
8  8.5  3.6223e-06
8  9.5  1.47788e-06
8  10.0  9.74966e-07
8  10.5  6.75449e-07
8  11.0  4.62875e-07
8  11.5  3.10057e-07
8  12.0  2.15873e-07
