# diffractive D0 cross section, Pb target, HymnD fragmentation, Xn0n channel
# generated      : 2026-10-02 23:32:42 EEST
# flux_model     : EFF (TARGET=AA)
# calls         : 1e5 (VEGAS calls per point, see CALLS_EXCL/CALLS_EXCL_FACTORIZED/CALLS_DIFF)
# dipole samples : data/Pb/mve/glauber_mve_<b>
# pD0 sweep      : 0.2 0.3 0.4 0.5 0.6 0.7 0.8 0.9 1.0 1.1 1.2 1.3 1.4 1.5 1.6 1.7 1.8 1.9 2.0 2.5 3.0 3.5 4.0 4.5 5.0 5.5 6.0 6.5 7.0 7.5 8.0 8.5 9.0 9.5 10.0 10.5 11.0 11.5 12.0
# fixed rapidity y : 2.0
# ============================================================
# b  pD0  dsigma_dyd2pD0
0  0.3  0.0875079
0  0.7  0.109464
0  0.4  0.107911
0  0.5  0.119929
0  0.2  0.0589241
0  0.6  0.119689
0  0.8  0.099686
0  1.3  0.0406669
0  1.0  0.0720761
0  0.9  0.086204
0  1.1  0.0592654
0  1.2  0.0492976
0  1.5  0.0263503
0  1.4  0.0323493
0  1.6  0.0213944
0  1.7  0.0177279
0  1.8  0.014329
0  1.9  0.0117892
0  2.0  0.00959754
0  2.5  0.00381124
0  3.5  0.000693836
0  5.0  8.86922e-05
0  4.0  0.000336191
0  4.5  0.000172406
0  3.0  0.00157787
0  5.5  4.98722e-05
0  6.0  2.82655e-05
0  6.5  1.69931e-05
0  7.0  1.03434e-05
0  7.5  6.51447e-06
0  8.0  4.23875e-06
0  8.5  2.73741e-06
0  9.5  1.21887e-06
0  10.0  8.30621e-07
10  0.2  0.058295
10  0.3  0.0851654
0  9.0  1.82583e-06
10  0.4  0.106194
0  10.5  5.74312e-07
10  0.5  0.117491
10  0.6  0.117355
10  0.7  0.106099
10  0.8  0.0972748
10  0.9  0.0832232
10  1.0  0.0697913
10  1.1  0.0567961
0  11.0  4.03431e-07
10  1.2  0.0466125
10  1.3  0.0389194
10  1.4  0.0310746
10  1.5  0.0251817
10  1.6  0.0206796
0  11.5  2.81621e-07
10  1.7  0.0168362
10  1.8  0.0139155
10  1.9  0.0111929
10  2.0  0.00925842
10  2.5  0.00374044
0  12.0  2.04203e-07
10  4.5  0.000161932
10  5.0  8.64818e-05
10  3.5  0.000662583
10  4.0  0.000320818
10  5.5  4.7261e-05
10  3.0  0.00149215
10  6.5  1.60262e-05
10  6.0  2.73366e-05
10  7.0  9.87575e-06
10  9.0  1.72184e-06
10  8.0  4.0628e-06
10  8.5  2.55134e-06
10  7.5  6.16754e-06
10  9.5  1.12253e-06
12  0.2  0.0589977
12  0.3  0.0847086
10  10.0  7.94164e-07
12  0.4  0.106486
12  0.5  0.116148
10  10.5  5.48399e-07
12  0.6  0.116126
12  0.7  0.108287
10  11.0  3.77402e-07
12  0.8  0.0960643
12  0.9  0.0817564
12  1.0  0.0688025
12  1.1  0.0569127
12  1.3  0.0376626
10  11.5  2.71864e-07
12  1.2  0.046556
12  1.4  0.0306853
12  1.5  0.024642
12  1.6  0.0204304
12  1.7  0.0163499
12  1.8  0.013481
12  1.9  0.0111389
12  2.0  0.00910044
12  2.5  0.00351223
10  12.0  1.92734e-07
12  3.5  0.000646476
12  4.5  0.000154898
12  5.0  8.45143e-05
12  4.0  0.00031129
12  5.5  4.63865e-05
12  3.0  0.00146746
12  6.5  1.59017e-05
12  7.0  9.52369e-06
12  6.0  2.62966e-05
12  7.5  6.10755e-06
12  8.0  3.9177e-06
12  9.5  1.11623e-06
12  8.5  2.5854e-06
12  10.0  7.74365e-07
14  0.2  0.0576102
12  9.0  1.68314e-06
14  0.3  0.0851856
14  0.4  0.105919
12  10.5  5.32519e-07
14  0.5  0.115372
14  0.6  0.113451
14  0.7  0.105523
14  0.8  0.0937099
12  11.0  3.72368e-07
14  0.9  0.0801873
14  1.0  0.0663122
12  11.5  2.64673e-07
14  1.1  0.0553174
14  1.2  0.0453874
14  1.3  0.0369705
14  1.4  0.0300603
14  1.5  0.0241743
12  12.0  1.79733e-07
14  1.6  0.0198044
14  1.7  0.0160836
14  1.8  0.0132678
14  1.9  0.010756
14  2.0  0.00875013
14  2.5  0.00346101
14  3.5  0.000635399
14  4.5  0.000155292
14  4.0  0.000307936
14  5.0  7.95317e-05
14  3.0  0.00144237
14  5.5  4.4527e-05
14  6.0  2.56873e-05
14  7.0  9.48832e-06
14  7.5  5.88175e-06
14  6.5  1.51525e-05
14  8.0  3.7937e-06
14  8.5  2.46386e-06
14  9.5  1.0973e-06
14  10.0  7.52112e-07
16  0.2  0.0571369
16  0.3  0.0843295
14  9.0  1.64743e-06
16  0.4  0.104138
14  10.5  5.11796e-07
16  0.5  0.113855
16  0.6  0.111665
16  0.7  0.104045
16  0.8  0.0915613
14  11.0  3.59019e-07
16  0.9  0.078346
16  1.0  0.0657637
16  1.1  0.0535909
16  1.2  0.0445384
16  1.3  0.0355533
16  1.4  0.0288839
14  11.5  2.52847e-07
16  1.5  0.0233608
16  1.6  0.0187267
16  1.7  0.0154125
14  12.0  1.83196e-07
16  1.8  0.0128469
16  1.9  0.0104604
16  2.0  0.00847053
16  2.5  0.00337779
16  5.0  7.80489e-05
16  4.5  0.000149722
16  3.5  0.00061153
16  4.0  0.000296395
16  3.0  0.00138447
16  5.5  4.31024e-05
16  6.0  2.49147e-05
16  6.5  1.46045e-05
16  7.0  9.24122e-06
16  7.5  5.80311e-06
16  8.0  3.64411e-06
16  8.5  2.34552e-06
16  9.5  1.05547e-06
18  0.2  0.0573035
16  10.0  7.25147e-07
18  0.3  0.0839687
16  9.0  1.57665e-06
18  0.4  0.102444
16  10.5  4.95621e-07
18  0.5  0.110998
18  0.6  0.110536
18  0.7  0.101267
18  0.8  0.0888413
18  0.9  0.0759568
16  11.0  3.50105e-07
18  1.0  0.0619373
18  1.1  0.0516169
18  1.2  0.0426491
18  1.3  0.0346172
16  11.5  2.35318e-07
18  1.5  0.0225146
18  1.6  0.0183419
18  1.4  0.0278927
18  1.7  0.0148485
16  12.0  1.76369e-07
18  1.8  0.0123511
18  1.9  0.00994007
18  2.0  0.00820827
18  2.5  0.00320553
18  3.5  0.000587182
18  4.0  0.000283789
18  4.5  0.000139189
18  5.5  3.97378e-05
18  5.0  7.46021e-05
18  3.0  0.00131532
18  6.0  2.35189e-05
18  6.5  1.41277e-05
18  7.0  8.63481e-06
18  7.5  5.47406e-06
18  8.0  3.45513e-06
18  8.5  2.2622e-06
18  9.5  1.00176e-06
2  0.2  0.0586587
18  10.0  6.87511e-07
2  0.3  0.0868465
18  9.0  1.51001e-06
2  0.4  0.108494
18  10.5  4.74986e-07
2  0.5  0.119269
2  0.6  0.120004
2  0.7  0.112518
2  0.9  0.0854648
2  0.8  0.100236
18  11.0  3.3302e-07
2  1.0  0.0722578
2  1.1  0.0595811
2  1.3  0.0400587
2  1.2  0.0487192
18  11.5  2.37105e-07
2  1.5  0.0263187
2  1.4  0.032825
2  1.6  0.0212814
2  1.7  0.0173634
2  1.8  0.0144349
2  1.9  0.012038
2  2.0  0.00964301
2  2.5  0.00381569
18  12.0  1.59884e-07
2  3.5  0.000698055
2  5.0  9.1019e-05
2  4.0  0.000336485
2  4.5  0.000166889
2  3.0  0.00159379
2  5.5  4.97389e-05
2  6.5  1.71633e-05
2  6.0  2.7661e-05
2  7.0  1.04524e-05
2  7.5  6.32654e-06
2  8.0  4.23819e-06
2  8.5  2.69839e-06
2  9.5  1.22382e-06
2  10.0  8.23351e-07
20  0.2  0.0563995
20  0.3  0.0807849
2  9.0  1.76467e-06
20  0.4  0.100807
2  10.5  5.60618e-07
20  0.6  0.106635
20  0.5  0.10899
20  0.7  0.0982607
20  0.8  0.0858221
20  0.9  0.0734292
20  1.0  0.0606284
2  11.0  4.00395e-07
20  1.1  0.0499777
20  1.2  0.0407544
20  1.3  0.0326062
20  1.4  0.0264471
2  11.5  2.81301e-07
20  1.5  0.0213787
20  1.6  0.0174488
20  1.7  0.0142594
2  12.0  2.03372e-07
20  1.8  0.0116103
20  1.9  0.00942145
20  2.0  0.00779566
20  2.5  0.00301574
20  5.0  6.94084e-05
20  3.5  0.000561319
20  4.5  0.000133413
20  3.0  0.00124938
20  5.5  3.95221e-05
20  4.0  0.000259523
20  6.0  2.26156e-05
20  6.5  1.34006e-05
20  7.0  8.33077e-06
20  7.5  5.25067e-06
20  8.0  3.26205e-06
20  8.5  2.09301e-06
20  9.0  1.41114e-06
20  9.5  9.50453e-07
22  0.2  0.0556834
22  0.3  0.0810194
20  10.0  6.46955e-07
22  0.4  0.0982623
22  0.5  0.105569
20  10.5  4.52565e-07
22  0.6  0.102476
22  0.7  0.0943911
22  0.8  0.0822313
20  11.0  3.05671e-07
22  0.9  0.0698056
22  1.0  0.0567662
22  1.1  0.0466529
22  1.2  0.0375207
22  1.3  0.0310287
20  11.5  2.23234e-07
22  1.4  0.0250278
22  1.5  0.0200016
22  1.6  0.0162681
22  1.7  0.0132994
22  1.8  0.0109354
20  12.0  1.58218e-07
22  1.9  0.00883043
22  2.0  0.00724389
22  2.5  0.00280755
22  3.5  0.000508117
22  4.5  0.00012164
22  3.0  0.00116762
22  5.5  3.54105e-05
22  4.0  0.000247333
22  5.0  6.59072e-05
22  6.0  2.08535e-05
22  7.0  7.66466e-06
22  7.5  4.77451e-06
22  6.5  1.23077e-05
22  8.0  2.95505e-06
22  8.5  1.99043e-06
22  9.0  1.29417e-06
22  9.5  8.7898e-07
24  0.2  0.0542444
22  10.0  5.87709e-07
24  0.3  0.0790588
24  0.4  0.095039
22  10.5  4.11859e-07
24  0.5  0.100497
24  0.6  0.0972484
24  0.7  0.0884801
24  0.8  0.0762926
22  11.0  2.93197e-07
24  0.9  0.064964
24  1.0  0.0532114
24  1.1  0.0438489
24  1.2  0.0354135
24  1.3  0.0282333
22  11.5  2.08797e-07
24  1.4  0.0230712
24  1.5  0.0185012
24  1.6  0.0147533
24  1.8  0.00981095
24  1.7  0.0122196
22  12.0  1.48033e-07
24  1.9  0.00804059
24  2.0  0.0066579
24  2.5  0.0026265
24  3.0  0.00107201
24  3.5  0.000478106
24  4.0  0.000225128
24  4.5  0.000112237
24  5.0  6.07707e-05
24  5.5  3.32414e-05
24  6.5  1.09659e-05
24  6.0  1.88334e-05
24  7.0  6.82976e-06
24  9.0  1.18949e-06
24  7.5  4.32754e-06
24  8.0  2.76751e-06
24  8.5  1.8093e-06
26  0.2  0.0524713
24  10.0  5.46083e-07
26  0.3  0.0750747
24  9.5  8.00957e-07
26  0.4  0.0903031
26  0.5  0.0954296
26  0.6  0.0912489
24  10.5  3.74451e-07
26  0.7  0.081617
26  0.8  0.0703088
26  0.9  0.0591489
24  11.0  2.65515e-07
26  1.0  0.0480037
26  1.1  0.039401
26  1.2  0.0315804
26  1.3  0.0255544
24  11.5  1.82641e-07
26  1.4  0.0203182
26  1.5  0.0164172
26  1.6  0.0134395
26  1.7  0.0107174
26  1.8  0.0087081
26  1.9  0.00719367
24  12.0  1.36298e-07
26  2.0  0.00585664
26  2.5  0.00230655
26  3.5  0.000418682
26  5.0  5.17146e-05
26  3.0  0.000955007
26  4.0  0.000196624
26  4.5  9.98599e-05
26  6.0  1.64732e-05
26  5.5  2.90813e-05
26  6.5  9.93326e-06
26  8.0  2.44359e-06
26  7.0  6.07026e-06
26  7.5  3.83536e-06
26  8.5  1.59732e-06
26  9.0  1.04006e-06
26  9.5  6.99584e-07
28  0.2  0.0504938
28  0.3  0.0717502
28  0.4  0.0842459
26  10.5  3.34658e-07
28  0.5  0.0868761
28  0.6  0.0813461
28  0.7  0.0711426
26  10.0  4.91057e-07
26  11.0  2.35305e-07
28  0.8  0.060753
28  0.9  0.0506348
28  1.1  0.0337694
28  1.0  0.0420093
26  11.5  1.63288e-07
28  1.2  0.0272546
28  1.3  0.0219024
28  1.4  0.0177184
28  1.5  0.0142131
28  1.6  0.0113339
28  1.7  0.00900593
26  12.0  1.15035e-07
28  1.8  0.00754749
28  1.9  0.00595868
28  2.0  0.00491213
28  2.5  0.00193881
28  5.0  4.31959e-05
28  3.5  0.000346622
28  4.0  0.000161876
28  4.5  8.02283e-05
28  3.0  0.00078551
28  5.5  2.40193e-05
28  6.5  8.11227e-06
28  6.0  1.40618e-05
28  7.0  5.02949e-06
28  8.5  1.34626e-06
28  7.5  3.22887e-06
28  8.0  2.02111e-06
28  9.0  8.9979e-07
28  9.5  5.96307e-07
30  0.2  0.0459563
30  0.3  0.0648825
28  10.0  3.97651e-07
30  0.4  0.075056
30  0.5  0.0752911
30  0.6  0.0684056
28  10.5  2.8473e-07
30  0.7  0.0596155
30  0.8  0.0508758
30  0.9  0.0413551
28  11.0  1.98489e-07
30  1.0  0.0338809
30  1.1  0.0276157
28  11.5  1.3812e-07
30  1.2  0.0216553
30  1.3  0.0176784
30  1.4  0.0139622
30  1.5  0.011079
30  1.6  0.0089685
30  1.7  0.00720235
28  12.0  9.61202e-08
30  1.8  0.00586775
30  1.9  0.00481941
30  2.5  0.00149241
30  2.0  0.00394641
30  4.5  6.3618e-05
30  5.0  3.42407e-05
30  3.0  0.00062691
30  6.0  1.08077e-05
30  3.5  0.000273791
30  4.0  0.000132798
30  6.5  6.62489e-06
30  5.5  1.91827e-05
30  7.0  4.03878e-06
30  7.5  2.51395e-06
30  8.0  1.54912e-06
30  8.5  1.04943e-06
30  9.5  4.71409e-07
32  0.2  0.0410539
30  9.0  6.88033e-07
32  0.3  0.0564735
32  0.4  0.0630748
32  0.5  0.0598059
30  10.5  2.21494e-07
32  0.6  0.0545863
32  0.7  0.0460002
30  10.0  3.15846e-07
32  0.8  0.0375412
30  11.0  1.55022e-07
32  0.9  0.0310481
32  1.0  0.0252316
32  1.1  0.0200633
32  1.2  0.0158754
30  11.5  1.09171e-07
32  1.3  0.0127171
32  1.4  0.010041
32  1.5  0.00820376
30  12.0  7.60538e-08
32  1.6  0.00661629
32  1.7  0.00533714
32  1.8  0.00436661
32  1.9  0.00354278
32  2.0  0.00280992
32  2.5  0.00107043
32  4.0  9.03869e-05
32  4.5  4.57435e-05
32  3.0  0.000427189
32  5.5  1.40497e-05
32  6.0  7.72068e-06
32  5.0  2.51346e-05
32  3.5  0.000191539
32  7.5  1.77205e-06
32  6.5  4.77992e-06
32  8.0  1.13438e-06
32  7.0  2.8928e-06
32  8.5  7.21937e-07
32  9.0  4.90034e-07
32  9.5  3.3469e-07
4  0.2  0.0586854
32  10.0  2.25947e-07
4  0.3  0.0863467
4  0.4  0.108201
4  0.5  0.119571
32  10.5  1.54897e-07
4  0.6  0.119355
4  0.7  0.111749
4  0.8  0.0992519
4  0.9  0.0840032
32  11.0  1.08746e-07
4  1.0  0.0715059
4  1.1  0.0598714
4  1.2  0.0481828
4  1.3  0.0397263
32  11.5  7.71553e-08
4  1.4  0.0322166
4  1.5  0.0264413
4  1.6  0.0212382
4  1.7  0.0175419
4  1.8  0.0143322
32  12.0  5.55531e-08
4  1.9  0.0117735
4  2.0  0.0096725
4  2.5  0.00381366
4  3.5  0.000700643
4  4.0  0.000330158
4  4.5  0.000167872
4  5.0  9.00581e-05
4  3.0  0.00156855
4  5.5  4.97552e-05
4  6.5  1.68324e-05
4  7.0  1.04639e-05
4  6.0  2.78164e-05
4  7.5  6.27686e-06
4  8.0  4.09231e-06
4  8.5  2.70607e-06
4  9.5  1.20115e-06
6  0.2  0.0583215
4  10.0  8.32475e-07
6  0.3  0.0856888
4  9.0  1.78654e-06
4  10.5  5.5693e-07
6  0.4  0.108154
6  0.5  0.118929
6  0.6  0.119475
6  0.7  0.111763
6  0.8  0.0992293
6  0.9  0.0844683
6  1.0  0.0712897
4  11.0  3.97694e-07
6  1.1  0.0595721
6  1.2  0.0488647
6  1.3  0.0398293
4  11.5  2.83393e-07
6  1.4  0.0322406
6  1.5  0.0262571
6  1.6  0.0211871
4  12.0  2.0128e-07
6  1.7  0.0174944
6  1.8  0.0142756
6  2.0  0.00944151
6  1.9  0.0116666
6  2.5  0.00377116
6  3.5  0.000686403
6  4.0  0.000334839
6  4.5  0.000169631
6  5.0  8.92354e-05
6  5.5  4.9332e-05
6  3.0  0.00154994
6  6.5  1.68249e-05
6  6.0  2.8334e-05
6  7.0  1.0361e-05
6  7.5  6.55396e-06
6  8.0  4.02295e-06
6  8.5  2.60569e-06
6  9.5  1.1961e-06
6  10.0  8.22818e-07
8  0.2  0.0583268
8  0.3  0.0864658
6  9.0  1.78367e-06
8  0.4  0.10745
6  10.5  5.69414e-07
8  0.5  0.118571
8  0.6  0.117679
8  0.8  0.0974227
8  0.7  0.11009
6  11.0  3.93919e-07
8  0.9  0.0845331
8  1.0  0.0701912
8  1.1  0.0575662
8  1.2  0.0474997
8  1.3  0.0393503
6  11.5  2.76311e-07
8  1.4  0.031295
8  1.5  0.0256508
8  1.6  0.0208328
8  1.7  0.0171301
6  12.0  1.98507e-07
8  1.8  0.0140688
8  1.9  0.0115237
8  2.0  0.00939685
8  2.5  0.00371628
8  3.5  0.00067697
8  4.0  0.000325739
8  4.5  0.000161353
8  5.0  8.76737e-05
8  3.0  0.00152636
8  5.5  4.87002e-05
8  6.5  1.66743e-05
8  6.0  2.74627e-05
8  7.0  9.98023e-06
8  7.5  6.17326e-06
8  8.0  4.02288e-06
8  9.5  1.18295e-06
8  10.0  7.85841e-07
8  8.5  2.60989e-06
8  9.0  1.74715e-06
8  10.5  5.57408e-07
8  11.0  3.93183e-07
8  11.5  2.67301e-07
8  12.0  1.97835e-07
