# exclusive D0 cross section, Pb target, HymnD fragmentation, Xn0n channel
# generated      : 2026-10-02 23:32:42 EEST
# flux_model     : EFF (TARGET=AA)
# calls         : 1e5 below 3.0 GeV, 2e3 above (see EXCL_PT_THRESHOLD) (VEGAS calls per point, see CALLS_EXCL/CALLS_EXCL_FACTORIZED/CALLS_DIFF)
# dipole samples : data/Pb/mve/glauber_mve_<b>
# pD0 sweep      : 0.2 0.3 0.4 0.5 0.6 0.7 0.8 0.9 1.0 1.1 1.2 1.3 1.4 1.5 1.6 1.7 1.8 1.9 2.0 2.5 3.0 3.5 4.0 4.5 5.0 5.5 6.0 6.5 7.0 7.5 8.0 8.5 9.0 9.5 10.0 10.5 11.0 11.5 12.0
# fixed rapidity y : 1.0
# ============================================================
# b  pD0  dsigma_dyd2pD0
0  0.4  0.393622
0  0.6  0.228459
0  0.2  0.613244
0  0.3  0.499185
0  0.5  0.302699
0  0.8  0.12614
0  0.7  0.170235
0  0.9  0.0929807
0  1.0  0.0685619
0  1.1  0.0506624
0  1.3  0.0279409
0  1.2  0.0375703
0  1.4  0.0209545
0  1.5  0.0157251
0  1.8  0.0070874
0  1.7  0.00908756
0  1.6  0.0118938
0  2.5  0.00118343
0  2.0  0.00403702
0  1.9  0.00527791
0  4.0  4.31942e-05
0  3.0  0.000362908
0  5.5  3.0156e-06
0  6.0  1.39332e-06
0  3.5  0.00012029
0  4.5  1.67111e-05
0  5.0  6.90894e-06
0  6.5  6.7312e-07
0  7.0  3.39683e-07
0  9.5  1.79577e-08
0  8.0  9.58567e-08
0  8.5  5.36208e-08
0  9.0  3.06212e-08
0  10.5  6.5972e-09
0  7.5  1.78306e-07
10  0.2  0.584342
0  10.0  1.07552e-08
10  0.3  0.474813
10  0.4  0.373901
10  0.5  0.286812
0  11.5  2.62261e-09
10  0.6  0.215936
10  0.7  0.160613
10  0.8  0.118681
10  0.9  0.0875517
0  11.0  4.12193e-09
10  1.0  0.0643337
10  1.1  0.047612
10  1.2  0.0352113
10  1.3  0.0260684
10  1.4  0.0195273
10  1.5  0.0147072
10  1.6  0.0110679
10  1.7  0.00847405
10  1.8  0.00654324
10  1.9  0.00486065
10  2.5  0.00110119
10  2.0  0.00377756
10  4.0  3.95224e-05
0  12.0  1.69795e-09
10  4.5  1.52249e-05
10  5.5  2.76431e-06
10  5.0  6.27906e-06
10  3.0  0.000335848
10  3.5  0.00011048
10  6.0  1.2724e-06
10  7.0  3.09668e-07
10  8.5  4.87802e-08
10  9.0  2.78984e-08
10  6.5  6.17625e-07
10  9.5  1.63359e-08
10  8.0  8.73156e-08
10  7.5  1.6257e-07
12  0.2  0.570794
12  0.3  0.463476
10  11.5  2.38078e-09
12  0.4  0.364775
12  0.5  0.27958
12  0.6  0.210142
10  10.5  5.99584e-09
12  0.7  0.156277
12  0.8  0.115336
12  0.9  0.0848232
12  1.0  0.062516
10  10.0  9.8286e-09
12  1.1  0.0460886
12  1.2  0.0340079
12  1.3  0.0252462
12  1.4  0.0189279
12  1.5  0.0142041
12  1.6  0.0107129
12  1.7  0.00809512
12  1.8  0.00633079
12  2.0  0.0037237
12  1.9  0.00473991
12  2.5  0.0010506
10  11.0  3.75568e-09
10  12.0  1.53578e-09
12  4.0  3.79066e-05
12  4.5  1.45886e-05
12  5.0  6.02589e-06
12  5.5  2.64733e-06
12  3.0  0.000321021
12  3.5  0.000106084
12  6.0  1.21808e-06
12  8.0  8.3788e-08
12  7.0  2.96306e-07
12  8.5  4.66507e-08
12  6.5  5.91225e-07
12  9.5  1.56193e-08
12  7.5  1.55507e-07
12  9.0  2.66199e-08
14  0.2  0.554318
12  11.5  2.27864e-09
14  0.3  0.450233
14  0.4  0.353335
12  10.5  5.72924e-09
14  0.5  0.270272
14  0.6  0.203372
14  0.7  0.150866
12  11.0  3.56604e-09
14  0.8  0.111272
14  0.9  0.0818363
12  10.0  9.39103e-09
14  1.0  0.0601164
14  1.1  0.0442334
14  1.2  0.0326667
14  1.3  0.0242795
14  1.4  0.018101
14  1.5  0.0135708
14  1.6  0.0102483
14  1.7  0.00775143
14  1.8  0.00605486
14  1.9  0.00451199
14  2.0  0.00346817
14  2.5  0.000981515
12  12.0  1.47097e-09
14  5.5  2.50563e-06
14  3.0  0.000305746
14  4.0  3.58631e-05
14  4.5  1.38275e-05
14  3.5  0.00010082
14  5.0  5.74563e-06
14  6.0  1.15896e-06
14  6.5  5.56614e-07
14  7.0  2.80414e-07
14  7.5  1.46474e-07
14  8.0  7.90217e-08
14  9.5  1.47643e-08
14  8.5  4.40127e-08
14  9.0  2.51449e-08
14  11.0  3.3878e-09
16  0.2  0.534116
16  0.3  0.432932
14  11.5  2.15087e-09
16  0.4  0.339876
16  0.5  0.259871
14  10.5  5.41268e-09
16  0.6  0.194966
16  0.7  0.144315
16  0.8  0.106463
16  0.9  0.0780615
14  10.0  8.87013e-09
16  1.0  0.0573318
16  1.1  0.042175
16  1.2  0.0310681
16  1.3  0.0230312
16  1.4  0.017229
16  1.5  0.0128463
16  1.6  0.00976295
16  1.7  0.00732395
16  1.8  0.0056986
16  1.9  0.00438042
16  2.0  0.00333465
16  2.5  0.000927614
14  12.0  1.39011e-09
16  4.0  3.37429e-05
16  5.5  2.34145e-06
16  3.0  0.000287361
16  4.5  1.29529e-05
16  3.5  9.47192e-05
16  5.0  5.37918e-06
16  6.5  5.19915e-07
16  6.0  1.08372e-06
16  7.0  2.61659e-07
16  9.0  2.34968e-08
16  8.0  7.3759e-08
16  10.0  8.25142e-09
16  8.5  4.1028e-08
16  7.5  1.37336e-07
18  0.2  0.510265
18  0.3  0.412716
16  11.5  2.00072e-09
18  0.4  0.323582
16  10.5  5.04024e-09
18  0.5  0.246996
18  0.6  0.185021
16  9.5  1.37826e-08
18  0.7  0.136862
18  0.8  0.100573
18  0.9  0.0736434
16  11.0  3.14918e-09
18  1.0  0.0540202
18  1.1  0.0396506
18  1.2  0.0293716
18  1.3  0.0216157
18  1.4  0.0161752
18  1.5  0.0121175
18  1.6  0.00908058
18  1.7  0.00708697
18  1.8  0.00518955
18  1.9  0.00408091
18  2.0  0.00304365
18  2.5  0.000851539
16  12.0  1.29975e-09
18  5.0  4.93031e-06
18  3.0  0.00026643
18  3.5  8.70503e-05
18  4.0  3.10405e-05
18  4.5  1.19477e-05
18  6.0  9.92902e-07
18  5.5  2.16544e-06
18  6.5  4.77724e-07
18  7.5  1.25422e-07
18  9.0  2.15419e-08
18  8.0  6.76887e-08
18  7.0  2.41712e-07
18  8.5  3.76184e-08
18  10.0  7.55541e-09
2  0.2  0.612156
18  11.0  2.88392e-09
2  0.3  0.498152
2  0.4  0.393044
2  0.5  0.30216
18  9.5  1.2632e-08
18  10.5  4.61604e-09
2  0.6  0.227924
2  0.7  0.169939
2  0.8  0.125844
2  0.9  0.0927584
2  1.0  0.0684097
2  1.1  0.0505454
2  1.2  0.0374769
2  1.3  0.0278654
2  1.4  0.020905
18  11.5  1.8283e-09
2  1.5  0.0156798
2  1.6  0.0118652
2  1.7  0.00897947
2  1.8  0.00704425
2  1.9  0.00523661
2  2.0  0.00405302
2  2.5  0.00115013
18  12.0  1.18414e-09
2  4.0  4.30509e-05
2  3.0  0.000361768
2  5.5  3.00523e-06
2  3.5  0.000119902
2  4.5  1.66549e-05
2  6.0  1.38853e-06
2  5.0  6.88507e-06
2  6.5  6.70771e-07
2  7.0  3.38488e-07
2  9.5  1.78924e-08
2  8.0  9.5516e-08
2  8.5  5.32598e-08
2  9.0  3.05142e-08
2  10.5  6.57359e-09
2  7.5  1.77684e-07
20  0.2  0.481214
2  10.0  1.0716e-08
20  0.3  0.388874
20  0.4  0.304254
2  11.5  2.61309e-09
20  0.5  0.231733
20  0.6  0.173079
20  0.7  0.127801
20  0.8  0.0937337
20  0.9  0.0685831
20  1.0  0.0501152
20  1.1  0.0367368
2  11.0  4.10702e-09
20  1.2  0.0270539
20  1.3  0.0199601
20  1.4  0.0148327
20  1.5  0.0111348
20  1.6  0.00834721
20  1.7  0.00627951
20  1.8  0.00476693
20  1.9  0.00364512
20  2.0  0.00287162
20  2.5  0.000783274
2  12.0  1.6917e-09
20  5.0  4.45436e-06
20  3.0  0.000241977
20  3.5  7.8857e-05
20  4.0  2.80847e-05
20  4.5  1.07976e-05
20  5.5  1.95143e-06
20  6.5  4.29766e-07
20  6.0  8.97728e-07
20  7.5  1.12727e-07
20  8.5  3.38068e-08
20  7.0  2.17337e-07
20  10.0  6.76333e-09
20  9.0  1.92776e-08
20  8.0  6.0236e-08
22  0.2  0.446456
22  0.3  0.360124
22  0.4  0.28102
22  0.5  0.213168
22  0.6  0.15904
22  0.7  0.117066
20  9.5  1.13258e-08
22  0.8  0.0856725
22  0.9  0.0624042
22  1.0  0.0455361
20  11.0  2.57728e-09
22  1.1  0.0332522
22  1.2  0.0244011
22  1.3  0.0180283
22  1.4  0.0133766
20  10.5  4.14978e-09
20  11.5  1.63609e-09
22  1.5  0.00999146
22  1.6  0.00748643
22  1.7  0.0056431
22  1.8  0.00439539
22  2.5  0.00066728
22  1.9  0.00325588
22  2.0  0.0025005
20  12.0  1.05857e-09
22  5.0  3.91087e-06
22  3.0  0.000214154
22  4.5  9.49613e-06
22  3.5  7.01542e-05
22  4.0  2.49004e-05
22  6.0  7.81765e-07
22  5.5  1.71131e-06
22  6.5  3.76054e-07
22  9.0  1.6811e-08
22  8.0  5.29846e-08
22  7.0  1.89859e-07
22  8.5  2.9432e-08
22  10.0  5.88138e-09
22  10.5  3.60204e-09
22  7.5  9.88681e-08
24  0.2  0.404421
24  0.3  0.325544
24  0.4  0.252914
24  0.5  0.191492
22  9.5  9.854e-09
24  0.6  0.142029
24  0.7  0.10417
24  0.8  0.0760076
24  0.9  0.0552686
24  1.0  0.0401786
24  1.1  0.029375
24  1.2  0.0214116
22  11.5  1.42032e-09
24  1.3  0.0157643
24  1.4  0.0116725
24  1.5  0.00881221
24  1.6  0.00649804
24  1.7  0.00489207
24  1.8  0.00368866
24  2.0  0.00216785
24  1.9  0.00282844
22  11.0  2.24824e-09
24  2.5  0.000605442
22  12.0  9.19279e-10
24  5.0  3.29136e-06
24  3.0  0.000182851
24  4.5  8.02232e-06
24  5.5  1.43236e-06
24  3.5  5.9656e-05
24  4.0  2.11096e-05
24  6.0  6.57539e-07
24  6.5  3.16314e-07
24  8.0  4.4358e-08
24  7.0  1.59235e-07
24  8.5  2.4589e-08
24  10.0  4.9091e-09
24  9.0  1.4018e-08
24  7.5  8.28377e-08
24  9.5  8.19984e-09
24  10.5  2.99594e-09
26  0.2  0.353583
26  0.3  0.283376
26  0.4  0.21942
26  0.5  0.165232
26  0.6  0.122129
26  0.8  0.064722
26  0.7  0.0890808
26  0.9  0.0467678
26  1.0  0.0339032
26  1.1  0.0246137
26  1.2  0.0179957
26  1.3  0.013193
24  11.5  1.18252e-09
26  1.4  0.00973466
26  1.5  0.00722949
26  1.6  0.00538387
26  1.7  0.00406425
26  1.8  0.003035
26  1.9  0.00233157
24  12.0  7.63242e-10
26  2.0  0.00181909
24  11.0  1.86646e-09
26  2.5  0.000488604
26  4.5  6.42271e-06
26  3.0  0.000147924
26  5.5  1.13881e-06
26  3.5  4.79984e-05
26  4.0  1.70207e-05
26  5.0  2.63744e-06
26  6.0  5.21666e-07
26  6.5  2.50374e-07
26  8.0  3.49845e-08
26  7.0  1.24708e-07
26  10.0  3.84569e-09
26  8.5  1.936e-08
26  7.5  6.55135e-08
26  9.0  1.10172e-08
26  9.5  6.43979e-09
28  0.2  0.292586
28  0.3  0.233642
28  0.4  0.179865
26  10.5  2.34694e-09
28  0.5  0.134662
28  0.6  0.0987961
28  0.7  0.0716837
28  0.8  0.0516506
28  0.9  0.0372585
26  11.0  1.45946e-09
28  1.0  0.0267646
28  1.2  0.0140636
28  1.1  0.0193553
28  1.3  0.010249
28  1.4  0.00757029
28  1.5  0.00558554
28  1.6  0.00421307
28  1.8  0.00243159
28  1.7  0.00309244
28  1.9  0.00176945
28  2.5  0.000350646
28  2.0  0.00134514
26  11.5  9.21519e-10
26  12.0  5.97798e-10
28  3.5  3.54345e-05
28  4.5  4.71801e-06
28  5.5  8.31074e-07
28  3.0  0.000111246
28  4.0  1.24916e-05
28  5.0  1.93114e-06
28  6.0  3.81787e-07
28  7.0  9.06455e-08
28  7.5  4.70422e-08
28  6.5  1.82451e-07
28  8.0  2.51801e-08
28  8.5  1.39516e-08
28  9.0  7.91871e-09
28  9.5  4.61403e-09
30  0.2  0.223486
28  11.0  1.0434e-09
30  0.3  0.17731
28  10.0  2.75395e-09
30  0.4  0.135405
30  0.5  0.100499
30  0.6  0.0731424
28  10.5  1.68078e-09
30  0.7  0.0525682
30  0.8  0.0376135
30  0.9  0.0269141
30  1.0  0.0192446
30  1.1  0.0138219
28  11.5  6.59936e-10
30  1.2  0.00998828
30  1.3  0.00723045
30  1.4  0.00532086
30  1.5  0.00390223
30  1.6  0.00288112
30  1.7  0.00215041
30  1.8  0.00167276
28  12.0  4.24868e-10
30  1.9  0.00124603
30  2.0  0.000934443
30  2.5  0.000238858
30  5.0  1.25106e-06
30  3.5  2.34594e-05
30  4.0  8.16906e-06
30  4.5  3.07941e-06
30  3.0  7.42914e-05
30  5.5  5.3644e-07
30  6.0  2.45392e-07
30  6.5  1.16364e-07
30  9.0  5.01349e-09
30  7.5  2.99095e-08
30  9.5  2.91137e-09
30  8.0  1.60136e-08
30  8.5  8.82213e-09
30  7.0  5.82078e-08
30  10.0  1.73556e-09
32  0.2  0.152796
32  0.3  0.120161
32  0.4  0.0909085
32  0.5  0.0667123
32  0.6  0.0480399
32  0.7  0.0341833
30  11.0  6.53182e-10
32  0.8  0.0241851
32  0.9  0.017111
32  1.0  0.0121315
32  1.1  0.00863642
30  11.5  4.1289e-10
32  1.2  0.0061968
30  10.5  1.05754e-09
32  1.3  0.00446305
32  1.4  0.00325286
32  1.5  0.00237263
32  1.7  0.00134411
32  1.6  0.00176177
32  1.8  0.000966456
32  1.9  0.000733731
32  2.0  0.000554081
32  2.5  0.000139953
30  12.0  2.66132e-10
32  5.0  6.89743e-07
32  3.0  4.24978e-05
32  3.5  1.33088e-05
32  4.0  4.58676e-06
32  4.5  1.71667e-06
32  6.0  1.33188e-07
32  5.5  2.96395e-07
32  7.5  1.61145e-08
32  6.5  6.35897e-08
32  9.5  1.54828e-09
32  8.0  8.58432e-09
32  7.0  3.14731e-08
32  8.5  4.71527e-09
32  9.0  2.66375e-09
32  10.5  5.58326e-10
4  0.2  0.608654
32  10.0  9.17658e-10
4  0.3  0.495894
4  0.4  0.390671
4  0.5  0.300308
4  0.6  0.22647
4  0.7  0.168787
4  0.8  0.124927
4  0.9  0.0921139
4  1.0  0.0679072
4  1.2  0.0372867
4  1.1  0.0501415
4  1.3  0.0276501
32  11.5  2.16921e-10
4  1.4  0.0207153
4  1.5  0.0155696
4  1.6  0.0118272
4  1.7  0.00902175
4  1.8  0.0069991
4  1.9  0.00532022
4  2.0  0.00416024
4  2.5  0.00114924
32  11.0  3.45214e-10
4  4.0  4.26201e-05
32  12.0  1.39534e-10
4  3.0  0.000358343
4  4.5  1.63875e-05
4  5.5  2.97412e-06
4  3.5  0.000118734
4  6.0  1.37421e-06
4  5.0  6.81381e-06
4  6.5  6.63724e-07
4  7.0  3.34903e-07
4  9.5  1.7697e-08
4  8.0  9.44933e-08
4  8.5  5.2677e-08
4  10.5  6.50247e-09
4  9.0  3.01864e-08
4  7.5  1.7581e-07
6  0.2  0.602929
4  10.0  1.05984e-08
6  0.3  0.49062
6  0.4  0.386854
6  0.5  0.297163
4  11.5  2.58409e-09
6  0.6  0.224046
6  0.7  0.166807
6  0.8  0.123424
6  0.9  0.0910848
6  1.0  0.0670911
6  1.1  0.0495021
6  1.2  0.0367615
6  1.3  0.027284
6  1.4  0.0204421
6  1.5  0.0153579
6  1.6  0.0116019
6  1.7  0.00885316
6  1.8  0.00686514
6  1.9  0.00513251
6  2.5  0.0011182
4  11.0  4.07467e-09
6  2.0  0.00399676
4  12.0  1.67298e-09
6  4.0  4.19114e-05
6  3.0  0.000352585
6  4.5  1.61081e-05
6  5.5  2.92221e-06
6  3.5  0.000116784
6  5.0  6.6964e-06
6  6.0  1.35034e-06
6  7.0  3.28915e-07
6  6.5  6.55676e-07
6  9.5  1.7372e-08
6  8.0  9.27982e-08
6  8.5  5.17192e-08
6  7.5  1.72673e-07
6  9.0  2.96246e-08
8  0.2  0.595331
6  10.0  1.04015e-08
8  0.3  0.483871
6  10.5  6.38016e-09
6  11.5  2.53586e-09
8  0.4  0.381223
8  0.5  0.292568
8  0.6  0.220692
8  0.7  0.164159
8  0.8  0.121319
8  0.9  0.0896551
8  1.0  0.0658961
8  1.1  0.0486217
8  1.2  0.0361036
8  1.3  0.0267916
8  1.4  0.0200421
8  1.5  0.0150571
8  1.6  0.0114237
8  1.7  0.00873854
8  1.8  0.00664156
8  1.9  0.00503575
8  2.0  0.00394537
6  11.0  3.99909e-09
8  2.5  0.00109444
6  12.0  1.64168e-09
8  4.0  4.08977e-05
8  5.0  6.50344e-06
8  5.5  2.84659e-06
8  3.0  0.000344444
8  4.5  1.57162e-05
8  3.5  0.000114039
8  6.0  1.31635e-06
8  7.0  3.20497e-07
8  8.5  5.05399e-08
8  6.5  6.39098e-07
8  8.0  9.0404e-08
8  9.5  1.69198e-08
8  7.5  1.68289e-07
8  10.5  6.21165e-09
8  11.5  2.46763e-09
8  9.0  2.89272e-08
8  10.0  1.01843e-08
8  11.0  3.89269e-09
8  12.0  1.59783e-09
