# diffractive D0 cross section, Pb target, LHAPDF fragmentation, An0n channel
# generated      : 2026-08-19 15:24:12 EEST
# calls          : 1e5 (VEGAS calls per point, see CALLS_EXCL/CALLS_EXCL_FACTORIZED/CALLS_DIFF)
# dipole samples : data/Pb/bk_posterior/member_0022/glauber_mve_<b>
# pD0 sweep      : 0.2 0.3 0.4 0.5 0.6 0.7 0.8 0.9 1.0 1.1 1.2 1.3 1.4 1.5 1.6 1.7 1.8 1.9 2.0 2.5 3.0 3.5 4.0 4.5 5.0 5.5 6.0 6.5 7.0 7.5 8.0 8.5 9.0 9.5 10.0 10.5 11.0 11.5 12.0
# fixed rapidity y : 2.0
# ============================================================
# b  pD0  dsigma_dyd2pD0
0  0.2  0.220261
0  0.3  0.318339
0  0.4  0.390744
0  0.5  0.429394
0  0.6  0.428651
0  0.8  0.338555
0  0.7  0.39215
0  1.1  0.195874
0  0.9  0.29151
0  1.0  0.238792
0  1.2  0.157205
0  1.3  0.126581
0  1.4  0.101438
0  1.5  0.0819335
0  1.6  0.0654908
0  1.7  0.0516399
0  1.8  0.0415564
0  1.9  0.0337452
0  2.0  0.0277072
0  2.5  0.0102111
0  3.0  0.00413473
0  3.5  0.00180836
0  4.5  0.000444197
0  5.5  0.000128495
0  4.0  0.000876186
0  5.0  0.000234986
0  6.0  7.40511e-05
0  7.0  2.63327e-05
0  6.5  4.35601e-05
0  7.5  1.58533e-05
0  8.0  1.04945e-05
0  8.5  6.87815e-06
0  10.0  2.0287e-06
0  9.0  4.46109e-06
0  9.5  2.87518e-06
10  0.2  0.216608
10  0.3  0.314702
10  0.4  0.387616
10  0.5  0.422524
10  0.6  0.413282
10  0.7  0.3759
0  10.5  1.35503e-06
10  0.9  0.283409
10  0.8  0.334889
10  1.0  0.231409
10  1.1  0.187526
10  1.3  0.121504
0  11.0  9.67757e-07
10  1.2  0.152839
10  1.6  0.0626864
10  1.5  0.0770412
10  1.4  0.0992488
10  1.7  0.0500689
10  1.9  0.0324806
10  1.8  0.0405243
10  2.0  0.0264624
10  3.0  0.00391284
10  2.5  0.00962863
10  3.5  0.00175418
0  12.0  4.70176e-07
0  11.5  6.76368e-07
10  4.5  0.000423802
10  4.0  0.000830843
10  5.5  0.000125868
10  5.0  0.000225044
10  6.5  4.18445e-05
10  6.0  6.99836e-05
10  7.0  2.52384e-05
10  7.5  1.56978e-05
10  8.0  9.94064e-06
10  8.5  6.45651e-06
10  9.0  4.27998e-06
10  10.0  1.90686e-06
10  9.5  2.87418e-06
10  10.5  1.31474e-06
10  11.0  8.84213e-07
12  0.2  0.213654
12  0.3  0.314349
12  0.4  0.387448
12  0.5  0.421354
12  0.6  0.406341
12  0.8  0.32862
12  0.7  0.375491
12  0.9  0.275545
12  1.1  0.183824
12  1.0  0.22786
12  1.2  0.146196
12  1.3  0.118774
12  1.5  0.0778728
12  1.4  0.0957952
12  1.6  0.0607936
12  1.7  0.0488519
12  1.8  0.0397426
12  1.9  0.0316643
12  2.0  0.0257044
12  2.5  0.0097158
12  3.0  0.00390369
12  3.5  0.00174045
10  11.5  6.29923e-07
10  12.0  4.44353e-07
12  5.0  0.000217822
12  4.0  0.000817134
12  4.5  0.000415717
12  5.5  0.000120329
12  6.0  6.89025e-05
12  7.0  2.46371e-05
12  6.5  4.09966e-05
12  8.0  9.91141e-06
12  7.5  1.53192e-05
12  8.5  6.30415e-06
12  9.0  4.04488e-06
12  10.0  1.89262e-06
12  9.5  2.79876e-06
14  0.2  0.212687
14  0.3  0.3103
14  0.4  0.383359
14  0.5  0.412313
14  0.6  0.404368
14  0.7  0.370462
14  0.8  0.321259
14  0.9  0.272551
14  1.0  0.222698
14  1.1  0.17951
14  1.2  0.146457
12  10.5  1.3153e-06
14  1.3  0.116892
14  1.4  0.0936164
14  1.5  0.0755414
14  1.8  0.0387932
14  1.6  0.0597869
14  1.7  0.0477328
14  1.9  0.0310556
14  2.0  0.0247607
14  2.5  0.00924419
14  3.0  0.00372944
14  3.5  0.0016529
12  11.0  8.8881e-07
12  11.5  6.30541e-07
12  12.0  4.38619e-07
14  4.0  0.000792409
14  5.0  0.000208271
14  4.5  0.000403001
14  6.5  3.93112e-05
14  6.0  6.59225e-05
14  5.5  0.000109149
14  7.0  2.43267e-05
14  7.5  1.50915e-05
14  8.0  9.53698e-06
14  8.5  6.15901e-06
14  9.0  4.06773e-06
14  10.0  1.82764e-06
14  9.5  2.7208e-06
14  10.5  1.25329e-06
16  0.2  0.214003
16  0.3  0.310832
16  0.4  0.376764
16  0.5  0.406783
16  0.6  0.402251
16  0.7  0.364491
16  0.8  0.316491
16  0.9  0.26401
16  1.0  0.217684
16  1.1  0.175658
16  1.2  0.141013
16  1.3  0.114407
16  1.4  0.0902272
16  1.5  0.0742486
16  1.6  0.0565828
16  1.7  0.0462326
16  1.9  0.0300539
16  1.8  0.03719
14  11.0  8.62294e-07
16  2.0  0.0241414
16  2.5  0.00893915
16  3.0  0.00366065
16  3.5  0.00160698
14  11.5  5.75591e-07
14  12.0  4.22953e-07
16  4.0  0.000757715
16  4.5  0.000392519
16  5.0  0.000205226
16  5.5  0.000110377
16  6.0  6.51285e-05
16  7.0  2.33595e-05
16  6.5  3.84702e-05
16  7.5  1.42074e-05
16  8.0  9.14165e-06
16  8.5  5.87885e-06
16  9.0  3.87565e-06
16  9.5  2.60348e-06
16  10.5  1.2076e-06
18  0.2  0.209512
16  10.0  1.70294e-06
18  0.3  0.305796
18  0.4  0.37093
18  0.5  0.398459
18  0.6  0.388728
18  0.7  0.354838
18  0.9  0.257413
18  0.8  0.306264
18  1.0  0.2097
18  1.1  0.16908
18  1.2  0.136541
18  1.3  0.111347
18  1.4  0.0871509
18  1.5  0.0697271
18  1.6  0.0557325
18  1.7  0.0448587
18  1.9  0.0281735
18  1.8  0.0357981
16  11.0  7.78385e-07
18  2.0  0.0234786
18  2.5  0.00855487
18  3.0  0.00340594
18  3.5  0.0015185
16  11.5  5.90295e-07
18  4.0  0.00073386
16  12.0  4.01537e-07
18  4.5  0.000372214
18  5.0  0.000193256
18  6.0  6.22756e-05
18  5.5  0.00010605
18  6.5  3.63799e-05
18  7.0  2.21616e-05
18  7.5  1.36542e-05
18  8.0  8.86391e-06
18  8.5  5.64726e-06
18  10.0  1.68286e-06
18  9.0  3.73142e-06
18  9.5  2.47734e-06
2  0.2  0.218039
18  10.5  1.15845e-06
2  0.3  0.31904
2  0.4  0.394132
2  0.5  0.42756
2  0.6  0.42653
2  0.7  0.387224
2  0.8  0.344332
2  0.9  0.289469
2  1.0  0.238124
2  1.1  0.193961
2  1.2  0.1568
2  1.3  0.126056
2  1.4  0.10217
2  1.5  0.0815869
2  1.6  0.0658781
2  1.7  0.0541539
18  11.0  7.83933e-07
2  1.8  0.0415602
2  1.9  0.0337476
2  2.0  0.0281111
2  2.5  0.0103094
2  3.0  0.00424675
2  3.5  0.0018145
18  11.5  5.6183e-07
18  12.0  3.79251e-07
2  4.5  0.000430101
2  4.0  0.000857979
2  5.5  0.000130743
2  5.0  0.000235396
2  6.0  7.29701e-05
2  7.0  2.64528e-05
2  6.5  4.38838e-05
2  7.5  1.63521e-05
2  8.0  1.05045e-05
2  8.5  6.83623e-06
2  10.0  2.0077e-06
2  9.0  4.52054e-06
2  9.5  2.99165e-06
20  0.2  0.20948
20  0.3  0.29819
2  10.5  1.40682e-06
20  0.4  0.366238
20  0.5  0.393511
20  0.6  0.377414
20  0.7  0.341471
20  0.8  0.294668
20  0.9  0.247177
20  1.0  0.201064
20  1.1  0.163954
20  1.2  0.130539
20  1.4  0.0830791
20  1.3  0.101906
20  1.5  0.0653134
20  1.6  0.052565
2  11.0  9.67877e-07
20  1.7  0.0422563
20  1.8  0.0341186
20  1.9  0.027247
20  2.0  0.0218465
20  2.5  0.00805097
20  3.0  0.00323855
20  3.5  0.00144713
2  11.5  6.66986e-07
2  12.0  4.70854e-07
20  4.0  0.000701282
20  4.5  0.00034673
20  5.0  0.000182024
20  5.5  9.96454e-05
20  6.0  5.79971e-05
20  7.0  2.1045e-05
20  6.5  3.44882e-05
20  7.5  1.2916e-05
20  8.0  8.18512e-06
20  10.0  1.59661e-06
20  8.5  5.30923e-06
20  9.0  3.53954e-06
20  9.5  2.33525e-06
22  0.2  0.20496
20  10.5  1.08545e-06
22  0.3  0.296457
22  0.4  0.361567
22  0.5  0.377628
22  0.6  0.362114
22  0.7  0.327489
22  0.8  0.28175
22  0.9  0.233659
22  1.0  0.191615
22  1.2  0.12361
22  1.1  0.154221
22  1.3  0.0985172
22  1.4  0.0798742
22  1.5  0.0623678
22  1.6  0.0488341
22  1.7  0.0394631
22  1.8  0.0321161
22  1.9  0.0254058
22  2.0  0.0209305
22  2.5  0.0078694
20  11.0  7.29954e-07
22  3.0  0.00301697
22  3.5  0.00135919
20  11.5  5.26997e-07
20  12.0  3.63786e-07
22  4.0  0.000651764
22  4.5  0.000323627
22  5.0  0.000171243
22  5.5  9.22747e-05
22  6.0  5.39844e-05
22  7.0  1.95737e-05
22  6.5  3.25614e-05
22  7.5  1.20608e-05
22  8.0  7.62155e-06
22  8.5  4.91188e-06
22  9.0  3.27418e-06
22  10.0  1.47362e-06
22  9.5  2.13068e-06
24  0.2  0.197481
22  11.5  4.91243e-07
24  0.3  0.287459
24  0.4  0.353424
24  0.5  0.361575
24  0.6  0.34755
22  10.5  1.00073e-06
24  0.7  0.308522
24  0.8  0.263574
24  0.9  0.218603
24  1.0  0.17732
24  1.2  0.11328
24  1.1  0.143519
24  1.4  0.0717881
24  1.5  0.0578326
24  1.3  0.0907427
24  1.6  0.0454969
24  1.7  0.0360284
24  1.8  0.0292131
22  11.0  7.05463e-07
24  2.5  0.00689178
24  1.9  0.0230424
24  2.0  0.018749
24  3.5  0.00119949
24  3.0  0.00277238
22  12.0  3.45912e-07
24  4.0  0.000578563
24  4.5  0.000291575
24  5.0  0.000157278
24  6.0  4.93197e-05
24  5.5  8.51171e-05
24  7.0  1.79581e-05
24  6.5  2.86814e-05
24  8.5  4.55969e-06
24  7.5  1.10547e-05
24  8.0  7.01361e-06
24  9.0  2.91262e-06
24  10.0  1.35136e-06
24  9.5  2.0011e-06
24  11.0  6.14781e-07
26  0.2  0.191572
26  0.3  0.276235
26  0.4  0.327319
26  0.5  0.339128
26  0.6  0.320704
26  0.8  0.236186
26  0.7  0.283436
26  0.9  0.198268
26  1.0  0.161022
24  10.5  9.28105e-07
26  1.1  0.132235
26  1.2  0.101978
26  1.3  0.0812387
26  1.4  0.0640325
26  1.5  0.0504649
26  1.6  0.0401465
26  1.7  0.0322756
26  1.8  0.0257757
26  1.9  0.0205623
26  2.0  0.016453
26  3.0  0.00249341
26  2.5  0.0061147
26  3.5  0.00109228
24  11.5  4.45769e-07
24  12.0  3.11227e-07
26  4.0  0.000508705
26  5.5  7.57227e-05
26  5.0  0.000137501
26  4.5  0.000256146
26  6.0  4.30768e-05
26  7.0  1.55225e-05
26  6.5  2.55204e-05
26  7.5  9.76781e-06
26  8.0  5.93248e-06
26  8.5  3.99439e-06
26  9.0  2.62001e-06
26  9.5  1.7156e-06
26  10.0  1.18715e-06
28  0.2  0.18739
28  0.3  0.259708
28  0.4  0.305708
26  10.5  8.05392e-07
28  0.5  0.311358
28  0.6  0.287371
28  0.7  0.249565
28  0.8  0.211072
28  0.9  0.172122
28  1.0  0.139146
28  1.1  0.111933
28  1.2  0.0882392
28  1.3  0.0691749
26  11.0  5.60436e-07
28  1.5  0.0436885
28  1.4  0.0547753
28  1.6  0.0342942
28  1.8  0.0215749
28  1.7  0.0272545
28  1.9  0.017325
28  2.0  0.013961
28  2.5  0.00515017
28  3.0  0.00207523
28  3.5  0.00090541
26  11.5  3.92663e-07
26  12.0  2.74461e-07
28  5.5  6.19005e-05
28  4.0  0.000423235
28  5.0  0.000115317
28  4.5  0.000212132
28  6.0  3.70298e-05
28  6.5  2.14564e-05
28  7.0  1.2786e-05
28  7.5  8.08691e-06
28  8.0  5.11587e-06
28  8.5  3.35139e-06
28  9.5  1.41113e-06
28  9.0  2.19248e-06
28  10.0  9.8732e-07
28  11.0  4.72454e-07
30  0.2  0.172891
30  0.3  0.239566
30  0.4  0.274177
30  0.5  0.268768
30  0.6  0.245264
30  0.7  0.210581
30  0.8  0.174486
28  10.5  6.75819e-07
30  0.9  0.140413
30  1.0  0.112222
30  1.1  0.0893749
30  1.2  0.0714449
30  1.3  0.0557775
30  1.4  0.0438631
30  1.5  0.0339765
30  1.6  0.0268303
30  1.7  0.0214097
30  1.8  0.0175974
30  1.9  0.014034
30  2.0  0.0114695
30  2.5  0.00401574
30  3.0  0.00162258
28  11.5  3.26202e-07
30  3.5  0.000706258
28  12.0  2.3119e-07
30  5.5  4.98507e-05
30  4.5  0.000172946
30  4.0  0.000333641
30  5.0  9.00889e-05
30  6.5  1.72322e-05
30  6.0  2.82061e-05
30  8.0  4.03738e-06
30  7.0  1.00293e-05
30  7.5  6.58884e-06
30  9.5  1.1511e-06
30  8.5  2.6664e-06
30  9.0  1.71271e-06
30  10.5  5.25924e-07
30  10.0  7.72692e-07
32  0.2  0.154755
32  0.3  0.206105
32  0.4  0.230877
32  0.5  0.217367
32  0.6  0.190971
30  11.0  3.70268e-07
32  0.7  0.160717
32  0.8  0.131256
32  0.9  0.107288
32  1.0  0.0833269
32  1.1  0.0653812
32  1.2  0.0523011
32  1.3  0.0407276
32  1.4  0.0321863
32  1.5  0.0258379
32  1.6  0.0200246
32  1.7  0.016202
32  1.8  0.0127271
32  1.9  0.0102121
32  2.5  0.00298279
32  3.0  0.00117626
32  2.0  0.00823049
32  3.5  0.000525982
30  11.5  2.57197e-07
30  12.0  1.80053e-07
32  4.0  0.000247302
32  4.5  0.000123888
32  5.0  6.30454e-05
32  6.0  2.08801e-05
32  5.5  3.62779e-05
32  7.0  7.27621e-06
32  6.5  1.24493e-05
32  8.0  2.93581e-06
32  7.5  4.5548e-06
32  8.5  1.88484e-06
32  9.5  8.27179e-07
32  9.0  1.2121e-06
32  10.0  5.62914e-07
34  0.2  0.129085
34  0.3  0.163971
34  0.4  0.169991
34  0.5  0.156039
34  0.6  0.133226
34  0.7  0.112406
32  12.0  1.26216e-07
34  0.8  0.0891717
34  0.9  0.0697882
32  10.5  3.81592e-07
34  1.0  0.0571012
34  1.1  0.04289
34  1.2  0.0340365
34  1.3  0.0264247
34  1.4  0.0207239
34  1.5  0.016251
34  1.6  0.0131
34  1.7  0.0101754
34  1.8  0.00811151
34  1.9  0.00656883
34  2.0  0.00541433
34  2.5  0.00181009
34  3.0  0.000760772
32  11.0  2.58732e-07
34  3.5  0.000332706
32  11.5  1.80903e-07
34  4.0  0.000162248
34  4.5  7.68271e-05
34  5.0  4.09856e-05
34  5.5  2.24429e-05
34  7.5  3.01799e-06
34  6.5  7.67591e-06
34  6.0  1.31374e-05
34  7.0  4.82012e-06
34  8.0  1.85034e-06
34  8.5  1.18193e-06
34  9.0  8.07724e-07
34  9.5  5.31246e-07
34  10.0  3.59682e-07
34  11.0  1.67923e-07
4  0.2  0.216837
34  11.5  1.1775e-07
34  10.5  2.46394e-07
4  0.3  0.320795
4  0.4  0.392266
4  0.5  0.425625
4  0.6  0.421603
4  0.7  0.385623
4  0.8  0.343247
4  0.9  0.290239
4  1.0  0.238065
4  1.1  0.192829
4  1.2  0.15655
4  1.3  0.12633
4  1.4  0.100974
4  1.5  0.0802356
4  1.6  0.0642041
4  1.8  0.0419888
4  1.7  0.0515741
4  1.9  0.0339213
4  3.0  0.00417042
4  2.0  0.0275473
4  2.5  0.0100787
4  3.5  0.0017999
34  12.0  8.27118e-08
4  4.5  0.000443377
4  4.0  0.00087228
4  5.0  0.000236241
4  5.5  0.000124959
4  6.0  7.35836e-05
4  7.0  2.5188e-05
4  6.5  4.34322e-05
4  7.5  1.67656e-05
4  8.0  1.06303e-05
4  8.5  6.7306e-06
4  10.0  1.93329e-06
4  9.0  4.4436e-06
4  9.5  2.88404e-06
6  0.2  0.216591
6  0.3  0.320326
6  0.4  0.390937
6  0.5  0.421912
4  10.5  1.37646e-06
6  0.6  0.417349
6  0.8  0.339871
6  0.7  0.389367
6  0.9  0.288711
6  1.0  0.235896
6  1.1  0.191801
6  1.2  0.155737
6  1.3  0.125369
6  1.4  0.099328
4  11.0  9.47032e-07
6  1.5  0.0804992
6  1.6  0.0644847
6  1.7  0.0514466
6  1.8  0.0413998
6  1.9  0.0339091
6  2.0  0.0271841
4  11.5  6.64836e-07
6  3.0  0.00406332
6  2.5  0.010032
4  12.0  4.67461e-07
6  3.5  0.00177115
6  4.5  0.000435967
6  5.5  0.000127472
6  4.0  0.000855997
6  5.0  0.000223393
6  6.0  7.26897e-05
6  7.0  2.60738e-05
6  6.5  4.2965e-05
6  7.5  1.62071e-05
6  8.0  1.04077e-05
6  10.0  2.01969e-06
6  8.5  6.70945e-06
6  9.0  4.43486e-06
6  9.5  2.95639e-06
8  0.2  0.218074
8  0.3  0.313388
8  0.4  0.391296
8  0.5  0.421882
8  0.6  0.418661
6  10.5  1.3191e-06
8  0.7  0.385943
8  0.8  0.33092
8  0.9  0.285396
8  1.1  0.190776
8  1.0  0.235293
8  1.2  0.153562
8  1.4  0.100015
8  1.3  0.123688
6  11.0  9.39446e-07
8  1.6  0.0622563
8  1.5  0.0796457
6  12.0  4.68823e-07
8  1.7  0.0501021
8  1.8  0.0409634
8  1.9  0.0330723
8  2.5  0.00982506
8  2.0  0.0269346
8  3.0  0.00398827
8  3.5  0.00175559
6  11.5  6.51721e-07
8  4.5  0.000432561
8  5.5  0.000127475
8  4.0  0.00083878
8  5.0  0.000230064
8  6.0  7.11462e-05
8  7.0  2.60876e-05
8  6.5  4.19719e-05
8  7.5  1.4819e-05
8  8.0  1.02384e-05
8  10.0  1.98635e-06
8  8.5  6.61744e-06
8  9.0  4.38855e-06
8  9.5  2.94957e-06
8  10.5  1.33186e-06
8  11.0  9.25566e-07
8  11.5  6.49408e-07
8  12.0  4.60609e-07
