# exclusive D0 cross section, Pb target, HymnD fragmentation, An0n channel
# generated      : 2026-08-20 11:01:48 EEST
# calls          : 1e5 below 4.0 GeV, 2e3 above (see EXCL_PT_THRESHOLD) (VEGAS calls per point, see CALLS_EXCL/CALLS_EXCL_FACTORIZED/CALLS_DIFF)
# dipole samples : data/Pb/bk_posterior/member_0022/glauber_mve_<b>
# pD0 sweep      : 0.2 0.3 0.4 0.5 0.6 0.7 0.8 0.9 1.0 1.1 1.2 1.3 1.4 1.5 1.6 1.7 1.8 1.9 2.0 2.5 3.0 3.5 4.0 4.5 5.0 5.5 6.0 6.5 7.0 7.5 8.0 8.5 9.0 9.5 10.0 10.5 11.0 11.5 12.0
# fixed rapidity y : 3.0
# ============================================================
# b  pD0  dsigma_dyd2pD0
0  0.4  0.324769
0  0.3  0.426026
0  0.5  0.239149
0  0.2  0.536836
0  0.6  0.171726
0  0.8  0.0845225
0  0.7  0.121187
0  0.9  0.0585551
0  1.2  0.0191964
0  1.0  0.040484
0  1.1  0.027804
0  1.4  0.0092606
0  1.3  0.013252
0  1.5  0.00639095
0  1.6  0.00450027
0  1.9  0.00160277
0  1.7  0.00315756
0  1.8  0.00223209
0  2.0  0.00111792
0  2.5  0.000217845
0  3.5  1.15903e-05
0  3.0  4.63787e-05
0  4.0  3.03693e-06
0  4.5  8.57587e-07
0  5.0  2.60907e-07
0  5.5  8.39867e-08
0  7.5  1.48896e-09
0  6.0  2.86469e-08
0  6.5  1.02267e-08
0  7.0  3.81386e-09
0  8.0  5.90152e-10
0  8.5  2.4413e-10
0  10.0  2.02656e-11
0  9.0  1.03836e-10
0  9.5  4.52238e-11
0  11.0  4.28927e-12
10  0.2  0.515029
10  0.3  0.407933
10  0.4  0.310435
10  0.5  0.228365
10  0.6  0.163594
10  0.7  0.115226
10  0.8  0.0802662
10  0.9  0.0554026
10  1.0  0.0383143
10  1.1  0.0262777
10  1.2  0.0180986
0  10.5  9.22532e-12
10  1.3  0.0125852
10  1.4  0.00866282
10  1.5  0.00601368
10  1.6  0.00419498
10  1.7  0.00294047
10  1.8  0.00206923
10  1.9  0.00149459
10  2.0  0.00104427
10  3.0  4.36822e-05
10  2.5  0.000203176
10  3.5  1.16341e-05
0  11.5  2.03963e-12
0  12.0  9.83695e-13
10  5.0  2.40555e-07
10  4.0  2.79239e-06
10  4.5  7.90698e-07
10  5.5  7.79221e-08
10  6.0  2.62833e-08
10  7.5  1.34906e-09
10  6.5  9.38573e-09
10  8.5  2.26227e-10
10  7.0  3.49866e-09
10  8.0  5.40417e-10
10  9.0  9.47178e-11
10  9.5  4.13572e-11
10  10.0  1.84482e-11
12  0.2  0.504692
12  0.3  0.399574
10  10.5  8.42527e-12
12  0.4  0.303927
12  0.5  0.223306
12  0.6  0.159901
12  0.7  0.112567
12  0.8  0.0782695
12  0.9  0.0540374
12  1.0  0.0373173
12  1.1  0.0255683
10  11.0  3.91744e-12
12  1.2  0.0176072
12  1.3  0.0122372
12  1.4  0.00846772
12  1.5  0.00583453
12  1.6  0.0040799
12  1.8  0.0020476
12  1.7  0.00285432
12  1.9  0.00142072
12  2.0  0.00103962
12  2.5  0.000200236
12  3.0  4.17212e-05
12  3.5  9.79312e-06
10  11.5  1.8589e-12
12  4.5  7.66967e-07
10  12.0  8.96966e-13
12  4.0  2.69025e-06
12  5.0  2.30696e-07
12  5.5  7.42701e-08
12  6.0  2.52341e-08
12  8.0  5.22588e-10
12  6.5  9.00931e-09
12  7.0  3.35441e-09
12  8.5  2.16566e-10
12  7.5  1.29496e-09
12  10.0  1.77164e-11
12  9.0  9.07972e-11
12  9.5  3.96184e-11
12  11.0  3.75395e-12
14  0.2  0.492054
14  0.3  0.389847
14  0.4  0.295842
14  0.5  0.217189
14  0.6  0.155322
14  0.7  0.109166
14  0.8  0.0759483
12  10.5  8.0658e-12
14  0.9  0.0524446
14  1.0  0.0360201
14  1.1  0.0247242
14  1.2  0.0170166
14  1.3  0.0118156
14  1.4  0.00809645
14  1.5  0.00566053
14  1.6  0.00394222
14  1.7  0.00274834
14  1.8  0.00197218
14  1.9  0.00139262
14  2.0  0.000987126
14  3.0  3.95611e-05
14  2.5  0.000188251
14  3.5  9.42877e-06
12  11.5  1.7792e-12
12  12.0  8.57402e-13
14  4.0  2.56155e-06
14  4.5  7.2485e-07
14  5.0  2.19735e-07
14  5.5  7.06932e-08
14  6.0  2.39909e-08
14  8.0  4.95536e-10
14  6.5  8.56241e-09
14  7.0  3.1854e-09
14  8.5  2.05785e-10
14  7.5  1.22819e-09
14  9.5  3.76499e-11
14  10.0  1.68207e-11
14  9.0  8.60792e-11
16  0.2  0.476718
16  0.3  0.377282
16  0.4  0.286058
16  0.5  0.209732
14  10.5  7.63047e-12
16  0.6  0.149802
16  0.7  0.105145
16  0.8  0.0729497
16  0.9  0.0503544
16  1.1  0.0237025
16  1.0  0.0345174
16  1.2  0.0162765
16  1.3  0.0111836
16  1.4  0.00779692
16  1.5  0.00536936
16  1.6  0.00375647
16  1.7  0.00262024
16  1.8  0.00187737
16  1.9  0.00132312
14  11.0  3.54864e-12
16  2.0  0.000939238
16  2.5  0.000180828
14  12.0  7.94249e-13
16  3.0  3.83893e-05
16  3.5  9.12776e-06
14  11.5  1.68225e-12
16  4.0  2.41706e-06
16  4.5  6.82258e-07
16  5.0  2.06593e-07
16  5.5  6.64476e-08
16  6.0  2.25419e-08
16  8.0  4.63604e-10
16  6.5  8.03202e-09
16  7.0  2.98514e-09
16  8.5  1.92911e-10
16  7.5  1.15256e-09
16  9.0  8.06037e-11
16  9.5  3.5154e-11
16  11.0  3.25913e-12
16  10.0  1.56467e-11
18  0.2  0.458299
18  0.3  0.362207
18  0.4  0.274368
18  0.5  0.20077
18  0.6  0.143182
18  0.7  0.10037
16  10.5  7.14235e-12
18  0.8  0.0695548
18  0.9  0.0478297
18  1.0  0.032798
18  1.1  0.022535
18  1.2  0.0154366
18  1.3  0.0106143
18  1.4  0.00736455
18  1.5  0.00507638
18  1.6  0.00352839
18  1.7  0.00246472
18  1.8  0.00172875
18  1.9  0.00123881
18  2.0  0.000871793
18  2.5  0.000167983
18  3.5  8.75895e-06
18  3.0  3.57224e-05
16  11.5  1.57178e-12
16  12.0  7.56829e-13
18  4.5  6.38588e-07
18  4.0  2.24766e-06
18  5.0  1.9144e-07
18  5.5  6.15085e-08
18  6.5  7.48683e-09
18  7.0  2.79014e-09
18  6.0  2.08394e-08
18  8.0  4.27405e-10
18  7.5  1.06253e-09
18  9.0  7.4374e-11
18  10.0  1.44576e-11
18  8.5  1.74831e-10
18  10.5  6.6078e-12
18  11.0  3.03958e-12
18  9.5  3.22834e-11
2  0.2  0.53603
2  0.3  0.425434
2  0.4  0.324245
2  0.5  0.238716
2  0.6  0.171429
2  0.7  0.120973
2  0.8  0.0843344
2  0.9  0.058436
2  1.0  0.0403995
2  1.1  0.0277492
2  1.2  0.0191524
2  1.3  0.0132252
2  1.4  0.0092394
2  1.5  0.00638473
2  1.6  0.00445055
2  1.7  0.00315
2  1.8  0.00221207
2  1.9  0.0015929
2  2.0  0.00112468
2  2.5  0.000217882
2  3.0  4.59868e-05
2  3.5  1.20571e-05
18  11.5  1.44433e-12
2  4.0  3.02747e-06
18  12.0  6.95337e-13
2  4.5  8.54947e-07
2  5.0  2.60104e-07
2  5.5  8.37204e-08
2  6.0  2.85543e-08
2  7.5  1.48372e-09
2  6.5  1.01933e-08
2  7.0  3.80226e-09
2  8.0  5.88095e-10
2  8.5  2.43413e-10
2  10.0  2.02075e-11
2  9.0  1.03394e-10
2  9.5  4.50638e-11
2  11.0  4.27446e-12
20  0.2  0.436075
20  0.3  0.343935
20  0.4  0.260121
20  0.5  0.190015
20  0.6  0.135231
2  10.5  9.19337e-12
20  0.8  0.0654385
20  0.7  0.0946141
20  1.0  0.030687
20  0.9  0.0449061
20  1.1  0.0210349
20  1.2  0.0144546
20  1.3  0.0098777
20  1.4  0.00686227
20  1.5  0.00471055
20  1.7  0.00231933
20  1.6  0.00329098
20  1.8  0.00159757
20  1.9  0.00113413
20  2.0  0.000803185
20  2.5  0.000156604
20  3.0  3.38373e-05
20  3.5  7.52461e-06
2  11.5  2.03245e-12
20  4.5  5.83801e-07
2  12.0  9.80206e-13
20  4.0  2.04927e-06
20  5.0  1.74005e-07
20  6.5  6.72945e-09
20  7.0  2.51147e-09
20  5.5  5.57806e-08
20  6.0  1.88984e-08
20  8.0  3.89251e-10
20  7.5  9.60712e-10
20  8.5  1.58082e-10
20  10.0  1.30695e-11
20  9.0  6.69703e-11
20  9.5  2.91142e-11
20  11.5  1.30088e-12
22  0.2  0.408908
22  0.3  0.321978
22  0.4  0.24303
20  10.5  5.90423e-12
22  0.5  0.177046
22  0.6  0.125659
22  0.7  0.0876954
22  0.8  0.0605125
22  1.0  0.0282337
22  0.9  0.0414043
22  1.1  0.0193198
22  1.2  0.0132194
22  1.3  0.0090522
22  1.4  0.00626949
20  11.0  2.73996e-12
22  1.5  0.0042876
22  1.6  0.00297302
22  1.7  0.00207262
22  1.8  0.00145202
22  1.9  0.00102617
22  2.0  0.0007333
22  3.0  2.98858e-05
22  2.5  0.000140378
20  12.0  6.27694e-13
22  3.5  7.52714e-06
22  4.0  1.82343e-06
22  4.5  5.11489e-07
22  6.0  1.689e-08
22  5.0  1.54119e-07
22  5.5  4.93444e-08
22  6.5  5.92153e-09
22  7.0  2.19481e-09
22  7.5  8.45464e-10
22  8.0  3.36964e-10
22  10.0  1.14028e-11
22  8.5  1.38585e-10
22  9.0  5.86825e-11
22  9.5  2.55074e-11
24  0.2  0.375625
24  0.3  0.2952
24  0.4  0.222024
24  0.5  0.16133
24  0.6  0.11409
24  0.7  0.0793797
22  10.5  5.16921e-12
24  0.8  0.0546153
24  0.9  0.037268
24  1.0  0.0253199
24  1.1  0.0172506
24  1.2  0.0117769
22  11.0  2.39717e-12
24  1.3  0.00809525
24  1.5  0.00380076
24  1.4  0.00553286
24  1.6  0.00263772
24  1.7  0.00183244
24  1.8  0.00130532
24  1.9  0.000903414
24  2.5  0.000120539
24  2.0  0.000637744
24  3.5  5.75751e-06
24  3.0  2.44765e-05
22  11.5  1.14051e-12
22  12.0  5.4831e-13
24  4.0  1.56588e-06
24  4.5  4.38189e-07
24  5.0  1.31649e-07
24  5.5  4.20216e-08
24  6.0  1.41896e-08
24  7.5  7.1573e-10
24  6.5  5.02696e-09
24  7.0  1.85786e-09
24  9.0  4.95034e-11
24  8.0  2.84749e-10
24  8.5  1.17022e-10
24  9.5  2.14658e-11
26  0.2  0.334692
24  10.0  9.54569e-12
26  0.3  0.262228
26  0.4  0.196512
26  0.5  0.142187
26  0.6  0.100196
26  0.7  0.0692833
24  10.5  4.33774e-12
26  0.9  0.0322841
26  0.8  0.0474895
26  1.0  0.0218811
26  1.1  0.0148469
26  1.2  0.0101007
26  1.3  0.00690162
24  11.0  2.02831e-12
26  1.4  0.00472945
26  1.5  0.00323175
26  1.6  0.00222394
26  1.7  0.00154788
26  1.8  0.00107763
26  1.9  0.000760843
26  2.0  0.000532497
26  2.5  0.00010062
26  3.0  2.04763e-05
24  11.5  9.52995e-13
26  3.5  5.55829e-06
24  12.0  4.56714e-13
26  4.5  3.58362e-07
26  4.0  1.27863e-06
26  5.0  1.06624e-07
26  5.5  3.39327e-08
26  6.0  1.14245e-08
26  6.5  4.03904e-09
26  7.0  1.49046e-09
26  7.5  5.71747e-10
26  8.0  2.27112e-10
26  8.5  9.3252e-11
26  9.0  3.93258e-11
26  9.5  1.70772e-11
28  0.2  0.284853
26  10.0  7.57537e-12
28  0.3  0.222184
28  0.4  0.165607
28  0.5  0.119114
28  0.6  0.0834651
28  0.7  0.0574559
26  10.5  3.43822e-12
28  0.8  0.0391203
28  0.9  0.0264565
26  12.0  3.62833e-13
28  1.0  0.0178833
28  1.1  0.0120355
26  11.0  1.59378e-12
28  1.2  0.00814509
28  1.3  0.00554
28  1.5  0.00258713
28  1.4  0.00376586
28  1.7  0.00124621
28  1.6  0.00177182
26  11.5  7.51924e-13
28  1.8  0.000850696
28  2.0  0.000424941
28  1.9  0.000601403
28  2.5  7.76519e-05
28  3.0  1.59866e-05
28  3.5  3.51894e-06
28  4.0  9.67103e-07
28  4.5  2.68055e-07
28  5.0  7.98204e-08
28  5.5  2.52974e-08
28  6.0  8.53074e-09
28  6.5  2.98656e-09
28  7.0  1.09965e-09
28  7.5  4.21017e-10
28  8.5  6.83624e-11
28  9.0  2.88563e-11
28  8.0  1.66661e-10
28  10.0  5.53701e-12
28  9.5  1.24532e-11
30  0.2  0.226273
30  0.3  0.175513
30  0.4  0.129897
30  0.5  0.0926925
28  12.0  2.63696e-13
30  0.6  0.0644389
30  0.7  0.0439938
30  0.8  0.0297168
30  0.9  0.0199699
30  1.0  0.0133456
30  1.2  0.00605816
28  10.5  2.50471e-12
30  1.1  0.00896728
28  11.5  5.45564e-13
30  1.4  0.00274991
30  1.3  0.00406652
30  1.5  0.00188186
30  1.7  0.000890087
30  1.6  0.00129587
30  1.8  0.00061071
28  11.0  1.15625e-12
30  1.9  0.000425291
30  2.0  0.000298845
30  2.5  5.45088e-05
30  3.0  1.14218e-05
30  3.5  2.81629e-06
30  4.5  1.80804e-07
30  4.0  6.56648e-07
30  5.0  5.3402e-08
30  5.5  1.68021e-08
30  7.0  7.27047e-10
30  6.0  5.62085e-09
30  8.0  1.09105e-10
30  6.5  1.96806e-09
30  7.5  2.7486e-10
30  9.5  8.05468e-12
30  8.5  4.42697e-11
30  9.0  1.85899e-11
30  11.0  7.37289e-13
30  10.0  3.54934e-12
32  0.2  0.163702
32  0.3  0.125915
30  11.5  3.52966e-13
32  0.4  0.0923156
32  0.5  0.0652069
32  0.6  0.0448461
32  0.7  0.0303221
32  0.8  0.0202519
32  0.9  0.0135016
32  1.0  0.00895357
32  1.1  0.00596753
30  10.5  1.60514e-12
32  1.2  0.00396546
32  1.3  0.00265908
32  1.5  0.00121717
32  1.4  0.00179101
32  1.7  0.000575005
32  1.6  0.000827866
32  1.8  0.000394189
32  1.9  0.000273893
32  2.0  0.000186882
32  2.5  3.34711e-05
32  3.0  6.387e-06
32  3.5  1.63841e-06
30  12.0  1.66236e-13
32  4.0  3.85313e-07
32  4.5  1.04922e-07
32  5.0  3.07716e-08
32  5.5  9.6287e-09
32  6.0  3.18848e-09
32  7.5  1.53853e-10
32  6.5  1.11082e-09
32  7.0  4.04885e-10
32  9.0  1.02959e-11
32  8.0  6.02886e-11
32  8.5  2.44669e-11
32  10.5  8.75159e-13
32  9.5  4.40329e-12
34  0.2  0.106233
32  10.0  1.93926e-12
34  0.3  0.0809258
34  0.4  0.0586003
34  0.5  0.0408796
34  0.6  0.027754
34  0.7  0.0185213
34  0.8  0.0122097
32  12.0  9.0686e-14
34  0.9  0.00804841
34  1.0  0.00529635
34  1.1  0.00348522
34  1.2  0.00230556
34  1.3  0.00153316
32  11.5  1.88502e-13
34  1.4  0.00101587
34  1.5  0.000685886
34  1.7  0.000315911
34  1.6  0.000460376
32  11.0  4.01577e-13
34  1.8  0.000212865
34  1.9  0.000150805
34  2.5  1.76438e-05
34  2.0  0.000101971
34  3.0  3.53958e-06
34  3.5  8.11122e-07
34  4.0  1.93657e-07
34  4.5  5.20338e-08
34  5.0  1.50679e-08
34  5.5  4.66867e-09
34  7.5  7.23433e-11
34  6.0  1.53133e-09
34  8.0  2.79629e-11
34  6.5  5.28899e-10
34  7.0  1.90922e-10
34  8.5  1.13334e-11
34  10.0  8.85723e-13
34  9.0  4.71693e-12
34  9.5  2.01498e-12
34  11.0  1.82561e-13
4  0.2  0.533461
4  0.3  0.423443
4  0.4  0.322548
4  0.5  0.237491
4  0.6  0.17044
34  10.5  3.96814e-13
4  0.8  0.0837778
4  0.7  0.120241
4  0.9  0.0580742
4  1.0  0.0401451
4  1.1  0.0275653
4  1.2  0.0190191
4  1.3  0.0131366
4  1.4  0.00917544
4  1.5  0.00634862
4  1.6  0.00442244
4  1.7  0.00312718
4  1.8  0.00220634
4  1.9  0.00158419
4  2.0  0.00114506
4  2.5  0.000216866
4  3.0  4.5766e-05
4  3.5  1.12952e-05
34  11.5  8.41175e-14
34  12.0  4.0114e-14
4  4.0  2.99038e-06
4  4.5  8.47033e-07
4  5.0  2.57697e-07
4  5.5  8.29253e-08
4  6.0  2.82772e-08
4  6.5  1.0093e-08
4  7.0  3.76295e-09
4  7.5  1.45529e-09
4  8.0  5.82817e-10
4  10.0  2.00365e-11
4  8.5  2.40741e-10
4  9.0  1.02364e-10
4  9.5  4.45795e-11
6  0.2  0.529168
6  0.3  0.419884
6  0.4  0.319769
6  0.5  0.234949
6  0.6  0.168877
6  0.7  0.118999
4  10.5  9.14513e-12
6  0.8  0.0829496
6  0.9  0.057414
6  1.0  0.0397179
6  1.1  0.0272737
6  1.2  0.0188054
6  1.3  0.0129866
6  1.4  0.00901302
6  1.5  0.00626692
6  1.6  0.00441919
6  1.7  0.00307462
6  1.8  0.0021717
4  11.0  4.23635e-12
6  1.9  0.00153701
6  2.0  0.00109295
6  2.5  0.00021439
6  3.0  4.67466e-05
6  3.5  1.1116e-05
4  11.5  2.01003e-12
6  4.0  2.9518e-06
4  12.0  9.67037e-13
6  4.5  8.33715e-07
6  5.0  2.53554e-07
6  5.5  8.15874e-08
6  6.0  2.78083e-08
6  7.0  3.71202e-09
6  6.5  9.92532e-09
6  7.5  1.43008e-09
6  8.0  5.72644e-10
6  8.5  2.3685e-10
6  10.0  1.96562e-11
6  9.5  4.39512e-11
6  9.0  1.00483e-10
8  0.2  0.523188
8  0.3  0.414698
8  0.4  0.31583
8  0.5  0.232308
8  0.6  0.166604
8  0.7  0.117461
8  0.8  0.0818668
8  0.9  0.056439
6  10.5  8.93796e-12
8  1.0  0.0391111
8  1.1  0.0268481
8  1.2  0.0185047
8  1.3  0.01278
8  1.4  0.00885186
8  1.5  0.00615319
8  1.6  0.00428706
8  1.7  0.00301797
6  11.0  4.15464e-12
8  1.9  0.00153308
8  2.5  0.000211699
8  1.8  0.00212318
8  2.0  0.00107183
8  3.0  4.47585e-05
8  3.5  1.11179e-05
6  11.5  1.97449e-12
6  12.0  9.52394e-13
8  4.0  2.87913e-06
8  4.5  8.14924e-07
8  5.0  2.47476e-07
8  5.5  7.97067e-08
8  6.0  2.71488e-08
8  6.5  9.6902e-09
8  7.0  3.61134e-09
8  7.5  1.39693e-09
8  8.0  5.58983e-10
8  10.0  1.9158e-11
8  8.5  2.31033e-10
8  9.0  9.79671e-11
8  9.5  4.27425e-11
8  10.5  8.71203e-12
8  11.0  4.04578e-12
8  11.5  1.92236e-12
8  12.0  9.28957e-13
