# diffractive D0 cross section, Pb target, HymnD fragmentation, An0n channel
# generated      : 2026-08-20 11:03:19 EEST
# calls          : 1e5 (VEGAS calls per point, see CALLS_EXCL/CALLS_EXCL_FACTORIZED/CALLS_DIFF)
# dipole samples : data/Pb/bk_posterior/member_0045/glauber_mve_<b>
# pD0 sweep      : 0.2 0.3 0.4 0.5 0.6 0.7 0.8 0.9 1.0 1.1 1.2 1.3 1.4 1.5 1.6 1.7 1.8 1.9 2.0 2.5 3.0 3.5 4.0 4.5 5.0 5.5 6.0 6.5 7.0 7.5 8.0 8.5 9.0 9.5 10.0 10.5 11.0 11.5 12.0
# fixed rapidity y : 2.0
# ============================================================
# b  pD0  dsigma_dyd2pD0
0  0.2  0.224015
0  0.3  0.330863
0  0.4  0.403561
0  0.5  0.436631
0  0.6  0.432221
0  0.7  0.393467
0  0.9  0.285717
0  0.8  0.341842
0  1.1  0.187017
0  1.2  0.149398
0  1.0  0.231844
0  1.3  0.118253
0  1.5  0.0738022
0  1.4  0.0937745
0  1.7  0.0460526
0  1.6  0.0584837
0  1.8  0.0365167
0  1.9  0.029329
0  2.0  0.0234622
0  3.0  0.00301928
0  2.5  0.00801909
0  3.5  0.00130888
0  4.0  0.000581304
0  4.5  0.000282576
0  5.0  0.000144875
0  6.5  2.43632e-05
0  5.5  7.49998e-05
0  6.0  4.22319e-05
0  8.5  3.38997e-06
0  7.0  1.43597e-05
0  7.5  8.67121e-06
0  8.0  5.34003e-06
0  9.5  1.39996e-06
0  9.0  2.18063e-06
0  10.0  9.01975e-07
10  0.2  0.21871
10  0.3  0.327513
10  0.4  0.397622
10  0.5  0.430351
10  0.6  0.416843
10  0.7  0.381108
0  12.0  1.96485e-07
0  10.5  6.23522e-07
10  0.8  0.33202
10  1.0  0.226956
10  0.9  0.272311
10  1.1  0.179657
10  1.2  0.144885
10  1.3  0.113902
10  1.5  0.0706868
10  1.4  0.0896691
10  1.6  0.0549936
0  11.0  4.25887e-07
10  1.7  0.0457248
10  1.9  0.0278687
10  1.8  0.0354952
10  2.0  0.0222419
10  2.5  0.00778332
10  3.0  0.00287809
10  3.5  0.00122044
0  11.5  2.86808e-07
10  5.0  0.000136197
10  4.0  0.000553563
10  4.5  0.000271197
10  6.0  3.96065e-05
10  6.5  2.31729e-05
10  5.5  7.28379e-05
10  8.5  3.18176e-06
10  7.0  1.38361e-05
10  7.5  8.22681e-06
10  8.0  5.1097e-06
10  9.0  2.04436e-06
10  11.0  4.03021e-07
10  9.5  1.3458e-06
10  10.0  8.52585e-07
12  0.2  0.220299
12  0.3  0.321829
12  0.4  0.394173
12  0.5  0.427506
10  10.5  5.83088e-07
12  0.6  0.408565
12  0.7  0.377937
12  0.8  0.326734
10  12.0  1.87874e-07
12  0.9  0.267889
12  1.0  0.220948
12  1.1  0.17608
12  1.2  0.141933
12  1.3  0.11176
12  1.4  0.0860592
12  1.5  0.0693101
12  1.6  0.0554089
12  1.7  0.0426806
12  1.8  0.0338193
12  2.0  0.0216448
12  1.9  0.0273475
12  2.5  0.00749585
12  3.5  0.00121633
12  3.0  0.00282002
10  11.5  2.71961e-07
12  5.0  0.000135951
12  4.0  0.000543509
12  4.5  0.000258711
12  5.5  7.06406e-05
12  6.0  3.88273e-05
12  6.5  2.24105e-05
12  8.5  3.12386e-06
12  7.0  1.319e-05
12  7.5  8.06431e-06
12  8.0  4.99304e-06
12  9.0  1.93674e-06
12  9.5  1.31094e-06
14  0.2  0.216002
14  0.3  0.317057
12  10.0  8.63642e-07
14  0.4  0.390284
14  0.5  0.422193
14  0.6  0.403174
12  10.5  5.79953e-07
14  0.7  0.37075
12  12.0  1.8661e-07
14  0.8  0.320768
14  0.9  0.26582
14  1.0  0.215885
14  1.1  0.173757
14  1.2  0.137331
14  1.3  0.108178
14  1.4  0.0843377
14  1.5  0.0669037
14  1.6  0.0524948
12  11.0  3.89655e-07
14  1.7  0.0415049
14  1.8  0.0335035
14  1.9  0.0265035
14  2.0  0.0210388
14  2.5  0.00728339
14  3.0  0.00272434
14  3.5  0.00114793
12  11.5  2.6715e-07
14  5.0  0.000128817
14  4.0  0.000529332
14  4.5  0.000253949
14  5.5  6.82655e-05
14  6.0  3.81546e-05
14  6.5  2.16784e-05
14  7.0  1.3042e-05
14  7.5  7.76788e-06
14  8.0  4.62446e-06
14  8.5  3.00652e-06
14  9.0  1.93581e-06
14  9.5  1.26775e-06
16  0.2  0.218368
14  10.0  8.21592e-07
16  0.3  0.319666
16  0.4  0.390468
16  0.5  0.412514
16  0.6  0.401466
16  0.7  0.365114
16  0.8  0.31413
16  0.9  0.26025
14  10.5  5.54549e-07
16  1.0  0.210309
14  12.0  1.79997e-07
16  1.1  0.168584
16  1.2  0.133975
16  1.3  0.106266
16  1.4  0.0840763
16  1.7  0.0403773
16  1.5  0.0652404
16  1.6  0.0516166
14  11.0  3.70042e-07
16  2.0  0.0199693
16  1.8  0.032401
16  1.9  0.0255807
16  2.5  0.00710881
16  3.0  0.00266786
16  3.5  0.00111351
14  11.5  2.56764e-07
16  4.5  0.000245794
16  6.0  3.69697e-05
16  4.0  0.000510678
16  5.0  0.000124681
16  5.5  6.56711e-05
16  8.0  4.6761e-06
16  6.5  2.12262e-05
16  7.0  1.2428e-05
16  7.5  7.37747e-06
16  8.5  2.79924e-06
16  9.0  1.88057e-06
16  9.5  1.22069e-06
18  0.2  0.218214
18  0.3  0.312469
16  10.0  8.09385e-07
18  0.4  0.384294
18  0.5  0.407231
18  0.6  0.388297
18  0.7  0.353894
16  10.5  5.28129e-07
18  0.8  0.304839
16  12.0  1.70992e-07
18  0.9  0.251786
18  1.0  0.203532
18  1.1  0.16279
18  1.2  0.12914
18  1.4  0.0795646
18  1.3  0.102014
18  1.5  0.0625249
18  1.6  0.0492415
18  1.7  0.0387379
18  1.8  0.0305239
18  1.9  0.0246137
18  2.5  0.00663474
18  2.0  0.0196226
16  11.0  3.62612e-07
18  3.0  0.0026277
18  3.5  0.00102666
16  11.5  2.51312e-07
18  4.0  0.000492627
18  4.5  0.000233628
18  5.0  0.000118339
18  6.0  3.51557e-05
18  5.5  6.24244e-05
18  6.5  2.00289e-05
18  7.0  1.17912e-05
18  7.5  7.1945e-06
18  8.0  4.37905e-06
18  8.5  2.77285e-06
18  9.0  1.78428e-06
18  9.5  1.13815e-06
18  11.0  3.45287e-07
18  10.0  7.81642e-07
2  0.2  0.220931
2  0.3  0.328082
18  10.5  5.1005e-07
2  0.4  0.403573
2  0.5  0.434151
2  0.6  0.4227
2  0.7  0.393503
2  0.8  0.341686
2  0.9  0.287787
2  1.0  0.232418
2  1.1  0.18535
2  1.2  0.148581
2  1.3  0.11785
2  1.4  0.0938748
2  1.5  0.0730997
2  1.7  0.0450728
2  1.6  0.0599611
2  1.9  0.0287122
2  1.8  0.0370857
2  2.0  0.0229682
2  2.5  0.00825675
2  3.0  0.00302073
2  3.5  0.00126689
18  12.0  1.6445e-07
18  11.5  2.28263e-07
2  4.0  0.000586372
2  4.5  0.000282697
2  6.5  2.41285e-05
2  5.0  0.000144062
2  5.5  7.37592e-05
2  6.0  4.19552e-05
2  8.5  3.37411e-06
2  7.0  1.41136e-05
2  7.5  8.66262e-06
2  8.0  5.30551e-06
2  9.5  1.40606e-06
2  9.0  2.12649e-06
2  10.0  9.2254e-07
20  0.2  0.212487
20  0.3  0.30905
20  0.4  0.373543
2  10.5  6.17997e-07
20  0.5  0.397999
20  0.6  0.376332
2  12.0  1.96687e-07
20  0.7  0.34269
20  0.9  0.242012
20  0.8  0.292435
20  1.0  0.193962
20  1.1  0.15509
20  1.2  0.12321
20  1.3  0.097068
20  1.4  0.0760581
2  11.0  4.15867e-07
20  1.5  0.0602535
20  1.6  0.0469713
20  1.7  0.0373963
20  1.9  0.0230318
20  1.8  0.0294289
20  2.0  0.0184479
20  2.5  0.00625916
2  11.5  2.87387e-07
20  3.0  0.00235853
20  3.5  0.000991353
20  4.0  0.00046433
20  5.0  0.000112703
20  6.0  3.3005e-05
20  4.5  0.00022055
20  5.5  6.00087e-05
20  6.5  1.9112e-05
20  7.0  1.12515e-05
20  7.5  6.85738e-06
20  8.0  4.01538e-06
20  8.5  2.61174e-06
20  9.0  1.68499e-06
20  9.5  1.08449e-06
20  10.0  6.97784e-07
22  0.2  0.21039
22  0.3  0.302347
20  10.5  4.77459e-07
22  0.4  0.364942
22  0.5  0.385918
22  0.6  0.365414
22  0.7  0.328605
22  0.8  0.279967
22  0.9  0.231954
22  1.0  0.183772
22  1.1  0.146854
22  1.2  0.115811
22  1.3  0.0908451
22  1.4  0.0711384
22  1.5  0.056311
22  1.6  0.0438741
22  1.7  0.034921
20  12.0  1.53064e-07
22  1.9  0.0217293
22  1.8  0.027231
22  2.0  0.0177346
20  11.0  3.23415e-07
22  2.5  0.00582782
22  3.5  0.000942559
22  3.0  0.00225308
20  11.5  2.23082e-07
22  4.0  0.00043053
22  4.5  0.000206496
22  5.0  0.000102667
22  5.5  5.4991e-05
22  6.0  3.05599e-05
22  6.5  1.77455e-05
22  7.0  1.03326e-05
22  7.5  6.3238e-06
22  8.0  3.86968e-06
22  8.5  2.4376e-06
22  9.0  1.56742e-06
22  9.5  9.89368e-07
22  10.0  6.77713e-07
24  0.2  0.207188
24  0.3  0.290457
24  0.4  0.35253
22  12.0  1.45524e-07
24  0.5  0.367863
24  0.6  0.350531
22  10.5  4.48588e-07
24  0.7  0.308416
24  0.8  0.261322
24  0.9  0.210502
24  1.1  0.135938
24  1.0  0.172036
24  1.2  0.10708
24  1.3  0.0830045
24  1.4  0.0653539
22  11.0  3.01354e-07
24  1.5  0.051221
24  1.6  0.0401063
24  1.7  0.0318934
24  1.8  0.025462
24  1.9  0.0198159
24  2.0  0.0157231
24  2.5  0.00533851
24  3.0  0.00207048
22  11.5  2.10009e-07
24  3.5  0.000871823
24  4.0  0.000383352
24  4.5  0.000184593
24  5.0  9.41832e-05
24  5.5  5.07163e-05
24  6.0  2.76777e-05
24  6.5  1.54773e-05
24  8.0  3.49363e-06
24  7.0  9.46458e-06
24  7.5  5.82402e-06
24  9.0  1.41488e-06
24  8.5  2.17665e-06
24  9.5  9.30444e-07
24  11.0  2.76099e-07
26  0.2  0.19749
26  0.3  0.282777
24  10.0  6.0289e-07
26  0.4  0.339254
26  0.5  0.347505
26  0.6  0.32412
26  0.7  0.285652
26  0.8  0.237999
26  0.9  0.192814
24  10.5  4.1121e-07
26  1.0  0.155141
26  1.1  0.121554
26  1.2  0.0959623
26  1.3  0.0744955
26  1.4  0.058339
26  1.5  0.0467265
26  1.7  0.0282534
26  1.6  0.035766
26  1.8  0.0219766
26  1.9  0.0181459
26  2.0  0.0140396
26  2.5  0.00471348
26  3.0  0.00182096
26  3.5  0.00076144
24  11.5  1.88267e-07
24  12.0  1.26413e-07
26  4.0  0.000338435
26  4.5  0.000165758
26  5.0  8.30755e-05
26  5.5  4.42121e-05
26  6.0  2.4673e-05
26  6.5  1.38479e-05
26  7.0  8.31932e-06
26  7.5  5.06876e-06
26  8.0  3.13341e-06
26  9.0  1.24548e-06
26  8.5  1.89494e-06
26  9.5  8.1753e-07
26  10.0  5.36057e-07
28  0.2  0.188448
28  0.3  0.266826
26  10.5  3.60754e-07
28  0.4  0.311469
28  0.5  0.316352
28  0.6  0.291997
28  0.7  0.250988
28  0.8  0.209892
28  0.9  0.168543
28  1.0  0.134713
28  1.1  0.105472
26  11.0  2.40986e-07
28  1.2  0.0828818
28  1.4  0.0502122
28  1.3  0.0651685
28  1.5  0.0388734
28  1.7  0.0243289
28  1.6  0.0301113
28  1.8  0.0192422
28  1.9  0.0147934
28  2.0  0.0116402
28  2.5  0.00401494
28  3.0  0.00152377
28  3.5  0.000615892
26  11.5  1.67466e-07
26  12.0  1.09561e-07
28  4.0  0.000288637
28  4.5  0.000139034
28  5.0  7.07141e-05
28  5.5  3.77253e-05
28  6.0  2.03581e-05
28  8.0  2.60129e-06
28  6.5  1.19779e-05
28  7.0  6.86685e-06
28  7.5  4.18765e-06
28  9.0  1.03248e-06
28  8.5  1.62479e-06
28  9.5  6.824e-07
30  0.2  0.176344
28  10.0  4.54305e-07
30  0.3  0.246143
30  0.4  0.282075
28  10.5  3.01005e-07
30  0.5  0.273049
30  0.6  0.248191
30  0.7  0.210047
30  0.8  0.173201
30  0.9  0.139987
30  1.0  0.108891
30  1.1  0.085177
30  1.2  0.0664504
28  11.0  2.04513e-07
30  1.3  0.0515002
30  1.5  0.0309324
30  1.4  0.0399896
30  1.6  0.024471
30  1.7  0.0194028
30  1.8  0.0146275
30  1.9  0.0116016
30  2.5  0.00318896
30  2.0  0.00921702
30  3.0  0.0012204
30  3.5  0.000492709
28  11.5  1.38931e-07
28  12.0  9.67476e-08
30  4.5  0.000108962
30  5.0  5.61176e-05
30  4.0  0.000220275
30  5.5  2.85322e-05
30  7.0  5.4037e-06
30  6.0  1.57544e-05
30  6.5  9.42217e-06
30  7.5  3.31166e-06
30  8.0  2.06057e-06
30  8.5  1.29246e-06
30  9.0  8.24316e-07
30  9.5  5.38778e-07
30  10.5  2.34988e-07
32  0.2  0.156529
32  0.3  0.215209
32  0.4  0.230766
32  0.5  0.218894
30  10.0  3.55784e-07
32  0.6  0.192305
32  0.7  0.158416
32  0.8  0.131928
32  0.9  0.102603
32  1.0  0.0816074
32  1.1  0.0620917
32  1.2  0.0480482
32  1.3  0.0373162
32  1.4  0.0294231
30  11.0  1.51504e-07
32  1.5  0.0224164
32  1.6  0.0176544
32  1.7  0.0139023
32  1.8  0.0106849
32  2.0  0.00657669
32  1.9  0.00869223
32  2.5  0.00228095
32  3.0  0.000874732
30  11.5  1.09989e-07
32  3.5  0.000365926
30  12.0  7.59702e-08
32  4.0  0.000163378
32  4.5  7.97944e-05
32  5.0  3.99331e-05
32  5.5  2.11514e-05
32  6.0  1.18426e-05
32  6.5  6.89018e-06
32  7.0  3.87003e-06
32  7.5  2.37415e-06
32  8.0  1.42473e-06
32  8.5  9.27381e-07
32  9.0  5.97547e-07
32  9.5  3.85902e-07
32  10.0  2.49141e-07
34  0.2  0.131166
34  0.3  0.167418
34  0.4  0.173396
34  0.5  0.156331
34  0.6  0.134592
32  10.5  1.69508e-07
34  0.7  0.109489
34  0.8  0.0866573
34  0.9  0.0693769
34  1.0  0.0525438
34  1.1  0.0400631
34  1.2  0.0322512
34  1.3  0.0244406
34  1.4  0.0191852
34  1.5  0.0146806
32  11.0  1.1461e-07
34  1.6  0.0114231
34  1.7  0.00886838
34  1.8  0.00714492
34  2.0  0.00441395
34  1.9  0.00536216
34  2.5  0.00142624
34  3.0  0.00054805
34  3.5  0.000223261
32  11.5  7.82475e-08
32  12.0  5.1834e-08
34  4.0  0.000102126
34  4.5  5.15581e-05
34  5.0  2.65363e-05
34  5.5  1.33388e-05
34  6.0  7.69435e-06
34  8.0  9.56855e-07
34  6.5  4.38825e-06
34  7.0  2.40801e-06
34  8.5  5.95293e-07
34  7.5  1.54045e-06
34  9.0  3.83827e-07
34  9.5  2.43845e-07
34  10.0  1.63359e-07
4  0.2  0.220446
4  0.3  0.327169
4  0.4  0.407236
34  10.5  1.07547e-07
4  0.5  0.434202
4  0.6  0.422461
4  0.7  0.390104
4  0.8  0.338075
4  0.9  0.285377
4  1.0  0.231268
4  1.1  0.184993
4  1.2  0.148367
34  11.0  7.29841e-08
4  1.3  0.118724
4  1.4  0.0926374
4  1.5  0.0725147
4  1.6  0.0562039
4  1.7  0.0458454
4  1.8  0.0365516
4  1.9  0.0290121
4  2.0  0.0233794
4  2.5  0.0078911
4  3.0  0.00303739
4  3.5  0.00131694
34  11.5  5.0193e-08
34  12.0  3.44429e-08
4  4.0  0.000578101
4  4.5  0.000275011
4  5.0  0.000142248
4  6.5  2.40901e-05
4  5.5  7.48644e-05
4  6.0  4.22229e-05
4  8.5  3.32487e-06
4  7.0  1.41104e-05
4  7.5  8.1918e-06
4  8.0  5.22347e-06
4  9.5  1.33045e-06
4  9.0  2.14241e-06
6  0.2  0.224167
6  0.3  0.3266
4  10.0  9.27154e-07
6  0.4  0.408536
6  0.5  0.434353
6  0.6  0.419509
6  0.7  0.392258
6  0.8  0.336401
6  0.9  0.280788
4  12.0  1.97138e-07
6  1.0  0.229714
6  1.1  0.183944
6  1.2  0.147724
4  10.5  6.20516e-07
6  1.3  0.118452
6  1.5  0.0720127
6  1.4  0.0926912
6  1.7  0.0458985
6  1.6  0.05739
4  11.0  4.13324e-07
6  1.8  0.0360606
6  1.9  0.0284119
6  2.0  0.0233938
6  2.5  0.00793674
6  3.0  0.00294461
6  3.5  0.00124615
4  11.5  2.85162e-07
6  4.0  0.000558292
6  4.5  0.000276659
6  5.0  0.000136692
6  5.5  7.14752e-05
6  6.0  4.19753e-05
6  6.5  2.3432e-05
6  8.5  3.28538e-06
6  7.0  1.39624e-05
6  7.5  8.25251e-06
6  8.0  5.14016e-06
6  9.0  2.14609e-06
6  9.5  1.38512e-06
6  10.0  9.0625e-07
8  0.2  0.223604
8  0.3  0.327695
8  0.4  0.402188
6  10.5  5.83636e-07
8  0.5  0.431457
8  0.6  0.422507
6  12.0  1.9705e-07
8  0.7  0.38683
8  0.8  0.334111
8  0.9  0.278101
8  1.0  0.227944
8  1.1  0.182208
8  1.2  0.144869
8  1.3  0.115214
8  1.4  0.08959
8  1.5  0.0708254
8  1.6  0.0567566
8  1.7  0.0453462
6  11.0  4.09349e-07
8  1.8  0.0357981
8  2.0  0.0225729
8  1.9  0.0284461
8  2.5  0.00775564
8  3.0  0.00291501
8  3.5  0.00122178
6  11.5  2.81761e-07
8  4.0  0.000568275
8  4.5  0.000274404
8  5.0  0.000139514
8  5.5  7.4395e-05
8  6.0  4.0625e-05
8  6.5  2.33408e-05
8  7.0  1.37363e-05
8  8.5  3.22659e-06
8  7.5  8.34918e-06
8  8.0  5.17751e-06
8  9.0  2.0164e-06
8  9.5  1.36414e-06
8  10.0  8.77005e-07
8  10.5  5.81883e-07
8  12.0  1.91364e-07
8  11.0  4.03028e-07
8  11.5  2.77857e-07
