# diffractive D0 cross section, Pb target, HymnD fragmentation, An0n channel
# generated      : 2026-08-20 10:20:43 EEST
# calls          : 1e5 (VEGAS calls per point, see CALLS_EXCL/CALLS_EXCL_FACTORIZED/CALLS_DIFF)
# dipole samples : data/Pb/mve/glauber_mve_<b>
# pD0 sweep      : 0.2 0.3 0.4 0.5 0.6 0.7 0.8 0.9 1.0 1.1 1.2 1.3 1.4 1.5 1.6 1.7 1.8 1.9 2.0 2.5 3.0 3.5 4.0 4.5 5.0 5.5 6.0 6.5 7.0 7.5 8.0 8.5 9.0 9.5 10.0 10.5 11.0 11.5 12.0
# fixed rapidity y : 2.0
# ============================================================
# b  pD0  dsigma_dyd2pD0
0  0.5  0.456993
0  0.2  0.22373
0  0.3  0.333668
0  0.4  0.416866
0  0.8  0.351566
0  0.9  0.294103
0  0.7  0.40777
0  0.6  0.448461
0  1.0  0.239537
0  1.2  0.151935
0  1.1  0.191183
0  1.4  0.0935595
0  1.5  0.0731971
0  1.3  0.12013
0  1.6  0.0583631
0  2.0  0.0225595
0  1.7  0.0461396
0  1.8  0.0363942
0  1.9  0.0287232
0  3.5  0.00127035
0  2.5  0.00790245
0  3.0  0.00290132
0  4.0  0.000551043
0  4.5  0.000269007
0  5.0  0.000136863
0  5.5  7.10215e-05
0  7.0  1.31818e-05
0  6.0  4.04611e-05
0  6.5  2.28039e-05
0  7.5  8.08583e-06
0  8.0  4.91398e-06
0  8.5  3.09468e-06
0  9.0  1.99505e-06
0  10.5  5.65277e-07
0  9.5  1.29199e-06
10  0.2  0.219319
0  10.0  8.51922e-07
10  0.3  0.33201
10  0.4  0.411362
10  0.5  0.448961
10  0.6  0.437475
10  0.7  0.400204
10  0.8  0.34506
10  0.9  0.283166
10  1.0  0.230163
10  1.1  0.183311
10  1.2  0.14591
10  1.3  0.116633
10  1.5  0.0712371
10  1.4  0.090275
10  1.6  0.0556556
10  1.7  0.0438188
10  1.8  0.0344286
10  1.9  0.0273161
10  2.0  0.0218017
10  2.5  0.00740306
0  11.0  3.80576e-07
10  3.0  0.00276345
10  3.5  0.0011807
0  11.5  2.56483e-07
0  12.0  1.80211e-07
10  4.0  0.00052897
10  4.5  0.000256544
10  5.0  0.000126195
10  5.5  6.84522e-05
10  7.0  1.24239e-05
10  6.0  3.734e-05
10  6.5  2.07626e-05
10  7.5  7.62791e-06
10  8.0  4.71583e-06
10  8.5  2.96595e-06
10  9.0  1.87526e-06
10  9.5  1.21046e-06
12  0.2  0.221298
10  10.0  8.10549e-07
10  11.5  2.48633e-07
12  0.3  0.330813
12  0.4  0.407491
10  10.5  5.40319e-07
12  0.5  0.446673
12  0.6  0.432502
10  11.0  3.59737e-07
12  0.7  0.393863
12  0.8  0.340857
12  0.9  0.282111
12  1.0  0.228223
12  1.1  0.180783
12  1.2  0.14378
12  1.4  0.0881459
12  1.3  0.113378
12  1.5  0.0692233
12  1.6  0.0546049
12  1.7  0.0433007
12  1.8  0.0329545
12  1.9  0.026422
12  2.0  0.0214276
12  2.5  0.00726506
12  3.0  0.002773
12  3.5  0.00114117
10  12.0  1.6885e-07
12  4.5  0.000243097
12  4.0  0.000519575
12  5.0  0.000126241
12  5.5  6.69718e-05
12  7.0  1.23408e-05
12  6.0  3.66803e-05
12  6.5  2.09624e-05
12  7.5  7.37611e-06
12  8.0  4.50122e-06
12  8.5  2.88397e-06
12  9.0  1.83262e-06
12  9.5  1.18971e-06
12  11.5  2.37278e-07
12  10.0  7.88191e-07
14  0.2  0.218743
14  0.3  0.329555
14  0.4  0.405502
12  10.5  5.24343e-07
14  0.5  0.442702
12  12.0  1.66225e-07
14  0.6  0.432345
14  0.7  0.388785
14  0.8  0.334728
14  0.9  0.27717
14  1.0  0.22252
14  1.1  0.177372
14  1.2  0.140811
14  1.3  0.109347
14  1.4  0.08443
14  1.5  0.0679029
14  1.6  0.0525737
14  1.7  0.0420218
12  11.0  3.42301e-07
14  1.8  0.0327435
14  1.9  0.0258412
14  2.0  0.0205905
14  2.5  0.00712438
14  3.5  0.00110236
14  3.0  0.00264135
14  4.0  0.000499534
14  5.5  6.5275e-05
14  4.5  0.000242771
14  5.0  0.000122163
14  6.0  3.52381e-05
14  6.5  2.0188e-05
14  7.0  1.19944e-05
14  7.5  7.06725e-06
14  8.0  4.46118e-06
14  8.5  2.81104e-06
14  9.0  1.70838e-06
14  9.5  1.17053e-06
14  10.0  7.63301e-07
14  11.0  3.24822e-07
16  0.2  0.216858
16  0.3  0.326222
16  0.4  0.399514
14  12.0  1.57595e-07
16  0.5  0.434909
16  0.7  0.379351
16  0.6  0.42222
16  0.8  0.325483
16  0.9  0.267137
14  10.5  5.0532e-07
16  1.1  0.171838
16  1.0  0.217047
14  11.5  2.34981e-07
16  1.2  0.136339
16  1.4  0.0836123
16  1.3  0.106547
16  1.6  0.0509604
16  1.5  0.0655931
16  1.7  0.0401384
16  1.8  0.03154
16  1.9  0.0252503
16  2.0  0.0200806
16  2.5  0.00681021
16  3.0  0.00261944
16  3.5  0.00108475
16  4.0  0.000485971
16  4.5  0.000228062
16  5.0  0.000116588
16  6.0  3.42649e-05
16  5.5  6.3206e-05
16  6.5  1.93249e-05
16  7.0  1.1732e-05
16  7.5  6.91348e-06
16  8.0  4.31374e-06
16  8.5  2.65222e-06
16  9.0  1.69066e-06
16  9.5  1.11881e-06
16  10.0  7.35877e-07
18  0.2  0.214291
18  0.3  0.322671
16  10.5  4.81304e-07
18  0.4  0.395653
18  0.5  0.426726
18  0.6  0.409184
18  0.7  0.370501
18  0.8  0.317063
16  12.0  1.54387e-07
18  0.9  0.260879
16  11.0  3.35783e-07
18  1.0  0.210443
18  1.1  0.165045
18  1.2  0.13372
18  1.3  0.1008
18  1.4  0.0791789
18  1.5  0.0624168
18  1.7  0.0389749
18  1.6  0.0494531
18  1.8  0.030353
18  1.9  0.0242481
18  2.0  0.0193344
18  2.5  0.00666152
18  3.0  0.00248871
18  3.5  0.00102889
16  11.5  2.18988e-07
18  4.0  0.000467821
18  4.5  0.000223214
18  5.5  5.87346e-05
18  5.0  0.000111861
18  6.0  3.12177e-05
18  6.5  1.87177e-05
18  7.0  1.10114e-05
18  7.5  6.61431e-06
18  8.0  3.87074e-06
18  8.5  2.56654e-06
18  9.0  1.64282e-06
18  9.5  1.05984e-06
18  10.0  7.08633e-07
2  0.2  0.225928
18  10.5  4.7053e-07
18  11.0  3.13344e-07
2  0.3  0.335297
2  0.4  0.419161
2  0.5  0.462518
2  0.6  0.449155
2  0.7  0.405571
2  0.8  0.355741
2  0.9  0.292718
2  1.0  0.238804
2  1.2  0.151273
2  1.1  0.190513
2  1.3  0.118029
2  1.4  0.0942177
2  1.5  0.0737529
2  1.6  0.0580794
2  1.7  0.0458737
2  1.8  0.0362583
2  1.9  0.0292035
2  2.0  0.0232077
2  2.5  0.00790597
18  11.5  2.17868e-07
2  3.0  0.00294644
2  3.5  0.00126125
18  12.0  1.45934e-07
2  4.0  0.000560993
2  4.5  0.000269933
2  5.0  0.000135992
2  5.5  7.20878e-05
2  7.0  1.32724e-05
2  6.0  3.97313e-05
2  6.5  2.25486e-05
2  7.5  7.91587e-06
2  8.0  4.96323e-06
2  8.5  3.09678e-06
2  9.0  1.98393e-06
2  9.5  1.29306e-06
2  10.5  5.58689e-07
2  10.0  8.09745e-07
20  0.2  0.214517
20  0.3  0.314469
20  0.4  0.387845
20  0.5  0.419701
20  0.6  0.400937
20  0.7  0.358232
20  0.8  0.304301
20  0.9  0.250245
20  1.0  0.199935
20  1.1  0.159095
20  1.2  0.12545
20  1.3  0.0984145
20  1.4  0.0766998
20  1.5  0.0603567
20  1.6  0.0462723
20  1.8  0.0293071
20  1.7  0.0367477
20  1.9  0.0234408
20  2.0  0.0182725
2  11.0  3.79635e-07
20  2.5  0.00617339
20  3.0  0.00232259
20  3.5  0.000983561
2  11.5  2.56028e-07
2  12.0  1.79622e-07
20  4.0  0.000436949
20  4.5  0.000210419
20  5.0  0.000107148
20  6.0  3.11533e-05
20  5.5  5.63315e-05
20  6.5  1.76478e-05
20  7.0  1.03524e-05
20  7.5  6.29209e-06
20  8.0  3.75352e-06
20  8.5  2.32406e-06
20  10.5  4.28547e-07
20  9.0  1.55441e-06
20  9.5  1.01239e-06
20  10.0  6.72701e-07
22  0.2  0.210814
22  0.3  0.309914
22  0.4  0.386629
20  12.0  1.42335e-07
22  0.5  0.402208
22  0.6  0.384042
20  11.0  2.91579e-07
22  0.8  0.286965
22  0.7  0.341718
22  0.9  0.236806
22  1.0  0.190996
22  1.1  0.150137
22  1.2  0.117602
22  1.3  0.0912258
22  1.4  0.0712532
22  1.5  0.0560836
22  1.6  0.0436706
22  1.7  0.0353338
22  1.9  0.0213972
22  1.8  0.0270124
22  2.0  0.0167866
22  2.5  0.00568478
22  3.0  0.0021431
22  3.5  0.000906764
20  11.5  2.05069e-07
22  4.0  0.000410141
22  4.5  0.000193358
22  5.0  9.72089e-05
22  5.5  5.33844e-05
22  6.5  1.6405e-05
22  6.0  2.86216e-05
22  7.0  9.60103e-06
22  7.5  5.77187e-06
22  8.0  3.55657e-06
22  8.5  2.17023e-06
22  10.0  6.19101e-07
22  9.0  1.43976e-06
22  9.5  9.22659e-07
24  0.2  0.204126
22  11.0  2.74735e-07
24  0.3  0.303735
24  0.4  0.366858
24  0.5  0.383124
24  0.6  0.364874
22  10.5  4.09438e-07
24  0.7  0.321481
24  0.8  0.271212
24  0.9  0.221977
24  1.0  0.177053
24  1.1  0.139553
24  1.2  0.108638
24  1.3  0.0840245
24  1.4  0.0662469
24  1.5  0.0509688
24  1.6  0.039808
24  1.8  0.0246854
24  1.7  0.0314664
24  1.9  0.0198316
24  2.5  0.00524822
24  2.0  0.0153444
22  11.5  1.85596e-07
24  3.0  0.00198481
24  3.5  0.000829537
22  12.0  1.32658e-07
24  4.0  0.000360614
24  4.5  0.000174927
24  5.0  8.89584e-05
24  5.5  4.75078e-05
24  6.0  2.59785e-05
24  7.0  8.80995e-06
24  6.5  1.48607e-05
24  7.5  5.31144e-06
24  8.0  3.26119e-06
24  8.5  2.03239e-06
24  10.0  5.60061e-07
24  9.0  1.30044e-06
24  9.5  8.44882e-07
26  0.2  0.199577
24  11.5  1.71057e-07
26  0.3  0.292069
26  0.4  0.348918
26  0.5  0.362331
26  0.6  0.337875
26  0.7  0.297398
26  0.8  0.245771
24  10.5  3.62981e-07
26  0.9  0.200912
26  1.0  0.158905
26  1.1  0.125818
26  1.2  0.0971975
26  1.3  0.0764786
24  11.0  2.50102e-07
26  1.4  0.0590086
26  1.5  0.0465578
26  1.6  0.0360253
26  1.7  0.0278431
26  1.8  0.0218744
26  2.0  0.0135969
26  1.9  0.0172622
26  2.5  0.0046874
26  3.0  0.0017483
26  3.5  0.000736088
24  12.0  1.20073e-07
26  4.0  0.000321386
26  4.5  0.000155021
26  5.0  7.99102e-05
26  5.5  4.172e-05
26  6.0  2.30134e-05
26  6.5  1.32107e-05
26  7.0  7.64553e-06
26  7.5  4.65092e-06
26  8.0  2.84904e-06
26  8.5  1.7941e-06
26  9.0  1.10346e-06
26  10.5  3.25542e-07
26  9.5  7.4507e-07
28  0.2  0.19128
26  11.5  1.52341e-07
26  10.0  4.89308e-07
28  0.3  0.274047
28  0.4  0.324279
28  0.5  0.331243
28  0.6  0.304143
28  0.7  0.261692
28  0.8  0.216802
28  0.9  0.17455
28  1.0  0.137895
28  1.1  0.106673
28  1.2  0.0827656
26  11.0  2.20748e-07
28  1.4  0.0503313
28  1.3  0.0645468
28  1.5  0.0386696
28  1.7  0.0236184
28  1.6  0.0302901
28  1.8  0.0190627
28  2.0  0.0116748
28  1.9  0.0144132
28  3.0  0.00148859
28  2.5  0.00395326
28  3.5  0.000606867
26  12.0  9.93324e-08
28  4.0  0.000269694
28  4.5  0.000129784
28  5.0  6.5327e-05
28  5.5  3.47784e-05
28  6.0  1.93612e-05
28  7.0  6.52465e-06
28  6.5  1.1152e-05
28  7.5  3.78387e-06
28  9.0  9.66271e-07
28  8.0  2.3856e-06
28  8.5  1.51174e-06
28  10.5  2.7025e-07
28  9.5  6.22553e-07
28  10.0  4.102e-07
30  0.2  0.177816
30  0.3  0.25212
30  0.4  0.28947
30  0.5  0.284441
30  0.6  0.258494
30  0.7  0.219371
30  0.8  0.17788
30  0.9  0.140501
30  1.0  0.111905
30  1.1  0.0870962
30  1.2  0.0671262
28  11.0  1.85383e-07
30  1.3  0.0518264
30  1.4  0.0396211
30  1.5  0.0307712
30  1.7  0.0189332
30  1.6  0.0236584
30  1.8  0.014988
30  2.0  0.00938008
30  1.9  0.0116472
30  2.5  0.00312713
30  3.0  0.00115271
30  3.5  0.000476959
28  11.5  1.25503e-07
28  12.0  8.58734e-08
30  4.5  0.000103974
30  4.0  0.000214648
30  5.0  5.34417e-05
30  6.5  8.7265e-06
30  6.0  1.47526e-05
30  5.5  2.77466e-05
30  8.0  1.85368e-06
30  7.0  4.98481e-06
30  7.5  3.00657e-06
30  8.5  1.19001e-06
30  10.5  2.15318e-07
30  9.0  7.42974e-07
30  9.5  4.94775e-07
30  10.0  3.14945e-07
32  0.2  0.157656
32  0.3  0.217923
32  0.4  0.240575
32  0.5  0.229066
32  0.6  0.20228
32  0.7  0.167924
32  0.8  0.13433
32  0.9  0.106075
32  1.0  0.0822936
32  1.2  0.0483411
32  1.1  0.0624449
32  1.3  0.0379333
32  1.4  0.0292039
32  1.6  0.0172089
32  1.5  0.0224385
32  1.7  0.0137592
32  1.8  0.0106544
30  11.0  1.45625e-07
32  1.9  0.00857858
32  2.5  0.00222604
32  2.0  0.00675019
32  3.0  0.000852715
32  3.5  0.000350592
30  11.5  1.00064e-07
30  12.0  6.78745e-08
32  4.0  0.00015094
32  4.5  7.11914e-05
32  5.0  3.63663e-05
32  5.5  2.01874e-05
32  6.5  6.18477e-06
32  6.0  1.09719e-05
32  7.0  3.67591e-06
32  7.5  2.14381e-06
32  8.0  1.33326e-06
32  10.0  2.28405e-07
32  8.5  8.33609e-07
32  9.0  5.34519e-07
32  9.5  3.53488e-07
4  0.2  0.230516
4  0.3  0.336991
4  0.4  0.418854
4  0.5  0.453944
32  10.5  1.46887e-07
4  0.6  0.450511
4  0.7  0.404575
4  0.8  0.353439
4  0.9  0.293114
4  1.0  0.23827
4  1.2  0.148821
4  1.1  0.189749
4  1.3  0.117953
4  1.5  0.0729312
4  1.4  0.093442
32  11.0  1.03333e-07
4  1.6  0.0575374
4  1.7  0.0455931
4  1.8  0.0365626
4  1.9  0.0287273
4  2.0  0.0227357
4  2.5  0.00773736
4  3.0  0.00293614
32  11.5  7.06129e-08
4  3.5  0.00124457
32  12.0  4.89152e-08
4  4.5  0.00026838
4  4.0  0.000551246
4  5.0  0.000130605
4  7.0  1.31176e-05
4  5.5  7.05753e-05
4  6.0  3.88671e-05
4  6.5  2.23941e-05
4  7.5  7.63665e-06
4  8.0  4.94174e-06
4  8.5  3.00002e-06
4  9.0  1.96929e-06
4  10.5  5.43808e-07
4  9.5  1.28293e-06
6  0.2  0.222807
4  10.0  8.18792e-07
6  0.3  0.333703
6  0.4  0.417407
6  0.5  0.451357
6  0.6  0.44042
6  0.7  0.406135
6  0.8  0.351449
6  0.9  0.292897
6  1.0  0.235181
6  1.1  0.189216
6  1.2  0.150272
6  1.3  0.117869
6  1.4  0.0921892
6  1.5  0.0732596
6  1.6  0.0573978
6  1.7  0.0454582
6  1.8  0.0364352
4  11.0  3.82398e-07
6  1.9  0.0283169
6  2.0  0.0226899
6  2.5  0.0077187
6  3.0  0.00287725
6  3.5  0.00120242
4  11.5  2.5592e-07
4  12.0  1.71821e-07
6  4.5  0.000266498
6  5.5  7.13627e-05
6  4.0  0.000547239
6  5.0  0.000133212
6  7.0  1.30736e-05
6  6.0  3.90135e-05
6  6.5  2.23188e-05
6  7.5  7.86699e-06
6  8.0  4.80229e-06
6  8.5  3.02773e-06
6  9.0  1.90212e-06
6  9.5  1.22945e-06
6  10.0  8.32795e-07
8  0.2  0.224357
8  0.3  0.331738
8  0.4  0.413055
8  0.5  0.452755
8  0.6  0.442723
8  0.7  0.404661
8  0.8  0.35134
6  10.5  5.46579e-07
6  11.0  3.816e-07
8  0.9  0.287258
8  1.0  0.235232
8  1.1  0.186673
8  1.2  0.147974
8  1.3  0.116145
8  1.4  0.0918026
8  1.5  0.0716814
8  1.6  0.0568441
8  1.7  0.0446198
8  1.9  0.0276513
8  1.8  0.0353755
8  2.5  0.00763447
8  2.0  0.0223296
8  3.0  0.002914
8  3.5  0.00116927
6  11.5  2.45572e-07
6  12.0  1.74395e-07
8  4.5  0.000252878
8  5.5  6.89451e-05
8  4.0  0.000536459
8  5.0  0.000131385
8  7.0  1.2848e-05
8  6.0  3.64114e-05
8  6.5  2.18373e-05
8  7.5  7.49357e-06
8  8.0  4.81925e-06
8  8.5  3.02131e-06
8  9.0  1.92284e-06
8  9.5  1.23985e-06
8  10.0  8.2146e-07
8  11.0  3.66703e-07
8  10.5  5.46724e-07
8  11.5  2.53795e-07
8  12.0  1.70324e-07
