# diffractive D0 cross section, Pb target, LHAPDF fragmentation, An0n channel
# generated      : 2026-08-20 10:20:14 EEST
# calls          : 1e5 (VEGAS calls per point, see CALLS_EXCL/CALLS_EXCL_FACTORIZED/CALLS_DIFF)
# dipole samples : data/Pb/mve/glauber_mve_<b>
# pD0 sweep      : 0.2 0.3 0.4 0.5 0.6 0.7 0.8 0.9 1.0 1.1 1.2 1.3 1.4 1.5 1.6 1.7 1.8 1.9 2.0 2.5 3.0 3.5 4.0 4.5 5.0 5.5 6.0 6.5 7.0 7.5 8.0 8.5 9.0 9.5 10.0 10.5 11.0 11.5 12.0
# fixed rapidity y : 3.0
# ============================================================
# b  pD0  dsigma_dyd2pD0
0  0.4  0.104191
0  0.3  0.0863449
0  0.2  0.0578561
0  0.5  0.112055
0  0.6  0.106399
0  0.8  0.0783194
0  0.9  0.0621829
0  0.7  0.0949139
0  1.0  0.0493004
0  1.2  0.0286692
0  1.1  0.0381134
0  1.4  0.0167874
0  1.3  0.0221291
0  1.5  0.0126903
0  1.7  0.00731212
0  1.6  0.00955944
0  1.8  0.00557064
0  2.0  0.00325225
0  1.9  0.00425722
0  2.5  0.000901017
0  3.0  0.000273002
0  3.5  9.25944e-05
0  5.0  5.63045e-06
0  6.0  1.07589e-06
0  4.0  3.44413e-05
0  4.5  1.30345e-05
0  5.5  2.41318e-06
0  7.0  2.48304e-07
0  6.5  4.81966e-07
0  7.5  1.17723e-07
0  9.0  1.59046e-08
0  8.5  2.99107e-08
0  8.0  5.8112e-08
0  9.5  8.6106e-09
0  10.0  4.66201e-09
10  0.2  0.0570107
10  0.3  0.0850021
0  10.5  2.61363e-09
10  0.4  0.103709
10  0.5  0.110238
10  0.6  0.10411
10  0.7  0.0909206
10  0.8  0.075643
10  0.9  0.0606177
10  1.1  0.0361482
10  1.0  0.0477765
10  1.2  0.0280484
10  1.3  0.021284
0  11.0  1.43793e-09
10  1.4  0.015975
10  1.5  0.0121246
10  1.6  0.0093585
10  1.7  0.00695154
10  1.8  0.00535418
10  1.9  0.00405227
10  2.0  0.00313286
10  2.5  0.000871089
10  3.0  0.000261711
10  3.5  8.88367e-05
0  11.5  8.11941e-10
0  12.0  4.77229e-10
10  4.0  3.24162e-05
10  4.5  1.27045e-05
10  5.0  5.33047e-06
10  5.5  2.20293e-06
10  7.0  2.29073e-07
10  6.0  1.02835e-06
10  6.5  4.67201e-07
10  7.5  1.1109e-07
10  8.0  5.65426e-08
10  8.5  2.96775e-08
10  9.0  1.55424e-08
10  9.5  8.20779e-09
10  10.0  4.47244e-09
12  0.2  0.0572274
12  0.3  0.084684
12  0.4  0.102353
12  0.5  0.109428
10  10.5  2.48815e-09
12  0.6  0.103759
12  0.7  0.0904011
12  0.8  0.0752928
12  1.0  0.046399
12  0.9  0.0597705
12  1.2  0.0276664
12  1.1  0.0360373
12  1.3  0.0209663
12  1.4  0.0157427
10  11.0  1.3918e-09
12  1.5  0.0119479
12  1.6  0.00894516
12  1.9  0.00396427
12  1.7  0.00677398
12  1.8  0.00517962
12  2.0  0.0030427
12  2.5  0.000821945
12  3.0  0.000253024
10  11.5  7.68415e-10
12  3.5  8.77713e-05
10  12.0  4.45844e-10
12  4.0  3.19024e-05
12  4.5  1.22681e-05
12  5.0  5.27448e-06
12  6.0  1.00059e-06
12  5.5  2.2194e-06
12  6.5  4.50665e-07
12  7.5  1.06726e-07
12  7.0  2.23062e-07
12  8.0  5.42024e-08
12  8.5  2.90799e-08
12  9.0  1.43447e-08
12  9.5  7.89517e-09
12  10.0  4.27561e-09
14  0.2  0.0572703
12  10.5  2.25567e-09
12  11.0  1.35111e-09
14  0.3  0.0843228
14  0.5  0.108572
14  0.4  0.102116
14  0.6  0.102166
14  0.7  0.0891199
14  0.8  0.0736751
14  0.9  0.059002
14  1.0  0.0460886
14  1.2  0.0270261
14  1.1  0.0350967
14  1.3  0.0204502
14  1.5  0.0115242
14  1.4  0.0155214
14  1.6  0.00887512
14  1.7  0.00665665
14  1.8  0.00513317
14  1.9  0.00384292
14  2.0  0.00298937
14  2.5  0.000819952
14  3.0  0.00024603
14  3.5  8.48884e-05
12  11.5  7.53703e-10
14  4.0  3.10302e-05
12  12.0  4.33824e-10
14  4.5  1.18288e-05
14  5.0  5.06418e-06
14  5.5  2.09663e-06
14  7.5  1.02795e-07
14  6.0  9.55439e-07
14  6.5  4.52794e-07
14  7.0  2.18829e-07
14  8.0  5.44673e-08
14  8.5  2.79698e-08
14  9.0  1.46007e-08
14  9.5  7.7223e-09
14  10.0  4.06639e-09
16  0.2  0.0564672
16  0.3  0.0832111
14  10.5  2.2988e-09
16  0.4  0.100807
16  0.5  0.106871
16  0.6  0.10017
16  0.7  0.0873449
16  0.8  0.071983
16  0.9  0.0575751
16  1.0  0.0438653
16  1.1  0.0340537
14  11.5  7.32498e-10
16  1.3  0.019614
16  1.2  0.0259907
16  1.5  0.0113984
16  1.4  0.0149238
14  11.0  1.30338e-09
16  1.6  0.00855542
16  1.7  0.00643695
16  1.8  0.00487625
16  1.9  0.00374134
16  2.0  0.00294866
16  2.5  0.000782287
16  3.0  0.000248322
16  3.5  8.08482e-05
16  4.0  2.88976e-05
16  4.5  1.18497e-05
14  12.0  4.23041e-10
16  5.0  4.8327e-06
16  5.5  1.98568e-06
16  6.0  9.0133e-07
16  7.5  1.02175e-07
16  6.5  4.41701e-07
16  7.0  2.00859e-07
16  8.0  5.22815e-08
16  10.0  4.09431e-09
16  8.5  2.71429e-08
16  9.0  1.41448e-08
16  9.5  7.6892e-09
18  0.2  0.0558494
18  0.3  0.0825058
16  10.5  2.21363e-09
18  0.4  0.0998145
18  0.5  0.104915
18  0.6  0.0982101
18  0.7  0.0845493
18  0.8  0.0699013
18  0.9  0.0553838
18  1.0  0.0431343
18  1.1  0.0328655
18  1.2  0.0253079
16  11.0  1.27384e-09
18  1.3  0.019156
18  1.4  0.0142827
18  1.5  0.0107485
18  1.6  0.00814244
18  1.7  0.00624977
18  1.8  0.00467399
18  1.9  0.0035834
18  2.0  0.00272412
18  3.0  0.000232272
18  2.5  0.000738302
16  11.5  7.13568e-10
18  3.5  7.82155e-05
16  12.0  4.14341e-10
18  4.0  2.81108e-05
18  4.5  1.10448e-05
18  5.0  4.64636e-06
18  5.5  1.99892e-06
18  7.0  1.89669e-07
18  6.0  8.92358e-07
18  7.5  9.94391e-08
18  6.5  4.13574e-07
18  8.0  4.78695e-08
18  8.5  2.49936e-08
18  9.0  1.2953e-08
18  9.5  7.16949e-09
18  10.0  3.91249e-09
2  0.2  0.0576991
2  0.3  0.0860618
2  0.4  0.104089
18  10.5  2.09725e-09
2  0.5  0.112347
2  0.6  0.106468
2  0.7  0.0946684
2  0.8  0.0778544
2  1.0  0.049376
2  0.9  0.0621337
2  1.1  0.0373215
2  1.2  0.0291379
2  1.3  0.0222254
2  1.4  0.0167078
18  11.0  1.2054e-09
2  1.6  0.00954383
2  1.5  0.0127173
2  1.7  0.00744001
2  1.9  0.00418065
2  2.0  0.00308639
2  1.8  0.00550764
2  2.5  0.000888976
2  3.0  0.000270842
2  3.5  9.29649e-05
18  11.5  6.83813e-10
18  12.0  3.75256e-10
2  5.0  5.57175e-06
2  4.0  3.42983e-05
2  6.0  1.04117e-06
2  4.5  1.35412e-05
2  5.5  2.34478e-06
2  7.0  2.31113e-07
2  6.5  4.92798e-07
2  9.0  1.59084e-08
2  7.5  1.14595e-07
2  8.0  6.00186e-08
2  8.5  3.06434e-08
2  10.0  4.70118e-09
2  9.5  8.72754e-09
20  0.2  0.0553945
2  10.5  2.6259e-09
20  0.3  0.0815419
20  0.4  0.0979564
20  0.5  0.102543
20  0.6  0.0953339
20  0.7  0.08268
20  0.8  0.0674821
20  0.9  0.0530987
2  11.0  1.46023e-09
20  1.0  0.0416937
20  1.1  0.031736
20  1.2  0.0238295
20  1.3  0.0180353
20  1.4  0.0135491
20  1.5  0.0103013
20  1.6  0.00778263
20  1.7  0.00594967
20  1.8  0.0044644
20  1.9  0.00341755
20  2.0  0.00257895
20  2.5  0.000712215
2  11.5  8.10375e-10
20  3.0  0.000219226
20  3.5  7.48256e-05
2  12.0  4.69898e-10
20  4.5  1.00143e-05
20  4.0  2.71804e-05
20  5.5  1.80059e-06
20  5.0  4.15521e-06
20  6.0  8.5364e-07
20  6.5  3.93494e-07
20  7.0  1.8833e-07
20  8.5  2.50827e-08
20  7.5  9.48958e-08
20  8.0  4.60642e-08
20  10.0  3.65537e-09
20  9.0  1.22864e-08
20  9.5  6.76506e-09
20  11.0  1.13029e-09
22  0.2  0.0542478
22  0.3  0.079602
22  0.4  0.0954848
22  0.5  0.0992839
20  10.5  2.06977e-09
22  0.6  0.0922641
22  0.7  0.0790895
22  0.8  0.0645336
22  0.9  0.0504704
22  1.0  0.0393154
22  1.1  0.0298646
22  1.2  0.0226396
22  1.3  0.0171817
22  1.4  0.0128305
22  1.5  0.00959276
22  1.7  0.00558579
22  1.6  0.00732024
22  1.8  0.00422651
22  1.9  0.00325087
20  11.5  6.3491e-10
22  2.0  0.00242107
22  2.5  0.00067789
22  3.0  0.000202341
22  3.5  6.8998e-05
20  12.0  3.64305e-10
22  4.5  9.9153e-06
22  4.0  2.44208e-05
22  5.0  4.06657e-06
22  5.5  1.75515e-06
22  6.0  7.91709e-07
22  7.5  8.2954e-08
22  6.5  3.58443e-07
22  8.0  4.39438e-08
22  7.0  1.76069e-07
22  8.5  2.25539e-08
22  10.0  3.40947e-09
22  9.0  1.17321e-08
22  11.0  1.06104e-09
22  9.5  6.24195e-09
22  11.5  6.01041e-10
24  0.2  0.053432
24  0.3  0.0780214
24  0.4  0.0937808
24  0.5  0.0950393
24  0.6  0.0867024
24  0.7  0.0736266
22  10.5  1.85963e-09
24  0.8  0.0605697
24  0.9  0.047548
24  1.0  0.0365226
24  1.1  0.0275622
24  1.2  0.0206031
24  1.3  0.0156869
24  1.5  0.008812
24  1.4  0.0117967
24  1.6  0.0066718
24  1.7  0.00500946
24  1.9  0.00286279
24  1.8  0.00381454
24  2.0  0.00221507
24  2.5  0.000600108
24  3.0  0.000188049
24  3.5  6.32003e-05
22  12.0  3.43202e-10
24  4.0  2.24266e-05
24  4.5  9.05538e-06
24  5.0  3.62316e-06
24  6.0  7.26985e-07
24  5.5  1.62402e-06
24  6.5  3.31108e-07
24  7.0  1.63106e-07
24  7.5  7.88071e-08
24  8.5  2.03487e-08
24  8.0  4.02673e-08
24  9.5  5.72052e-09
24  9.0  1.04675e-08
24  10.0  3.12324e-09
26  0.2  0.0520929
26  0.3  0.0747995
24  10.5  1.71864e-09
26  0.4  0.0902037
26  0.5  0.0890634
26  0.6  0.0810719
24  11.0  9.78667e-10
26  0.7  0.0682512
24  11.5  5.3612e-10
26  0.9  0.043172
26  0.8  0.0553483
26  1.0  0.0330541
26  1.1  0.0251393
26  1.2  0.0188657
26  1.3  0.0141269
26  1.4  0.0108885
26  1.5  0.0078678
26  1.6  0.00595412
26  1.7  0.00446852
26  1.8  0.00335326
26  1.9  0.00250342
26  2.0  0.0019536
26  2.5  0.000536896
26  3.0  0.000163661
26  3.5  5.52425e-05
24  12.0  3.15242e-10
26  4.0  1.98445e-05
26  4.5  7.61484e-06
26  5.0  3.35845e-06
26  5.5  1.39571e-06
26  6.5  2.93785e-07
26  7.5  6.62766e-08
26  6.0  6.41084e-07
26  7.0  1.42187e-07
26  8.0  3.51517e-08
26  8.5  1.78618e-08
26  9.0  9.36222e-09
26  9.5  5.11268e-09
26  10.0  2.76869e-09
28  0.2  0.0499722
28  0.3  0.0715374
28  0.4  0.082586
26  10.5  1.53065e-09
28  0.5  0.0815386
28  0.6  0.0732239
28  0.7  0.0602594
28  0.8  0.0479687
28  0.9  0.0373834
28  1.0  0.0289224
28  1.1  0.0217875
28  1.2  0.0164873
28  1.3  0.0123069
28  1.4  0.00921065
28  1.5  0.00672583
26  11.0  8.60699e-10
28  1.7  0.00379421
28  1.6  0.00497842
28  1.9  0.00212664
28  1.8  0.00281715
28  2.0  0.00163851
28  3.0  0.000137435
28  2.5  0.000446444
28  3.5  4.71985e-05
26  11.5  4.79829e-10
26  12.0  2.77465e-10
28  4.5  6.67312e-06
28  5.5  1.15009e-06
28  4.0  1.72434e-05
28  5.0  2.73676e-06
28  7.0  1.1892e-07
28  7.5  5.73646e-08
28  6.0  5.40934e-07
28  6.5  2.35176e-07
28  8.0  2.8485e-08
28  9.5  4.26067e-09
28  8.5  1.49437e-08
28  9.0  8.04111e-09
28  10.0  2.3209e-09
30  0.2  0.0468064
30  0.3  0.0655841
30  0.4  0.0737439
30  0.5  0.0698754
28  10.5  1.28733e-09
30  0.6  0.0622694
28  11.5  4.09436e-10
30  0.7  0.0502199
30  0.8  0.0394633
28  11.0  7.25245e-10
30  1.0  0.0237636
30  0.9  0.0309015
30  1.1  0.0176544
30  1.2  0.012996
30  1.3  0.0096422
30  1.4  0.00707777
30  1.5  0.00527665
30  1.6  0.00396809
30  1.7  0.00304086
30  1.8  0.00225365
30  1.9  0.00173135
30  2.0  0.00130998
30  2.5  0.000351342
30  3.0  0.000107641
30  3.5  3.7663e-05
28  12.0  2.33602e-10
30  4.5  5.01777e-06
30  4.0  1.32456e-05
30  5.0  2.06017e-06
30  6.0  3.99419e-07
30  5.5  9.26059e-07
30  7.0  9.19954e-08
30  7.5  4.41587e-08
30  6.5  1.88528e-07
30  8.0  2.2329e-08
30  8.5  1.16848e-08
30  9.0  6.25439e-09
30  10.0  1.80491e-09
30  9.5  3.35619e-09
32  0.2  0.0419324
30  10.5  9.80133e-10
32  0.3  0.0571092
32  0.4  0.0613193
32  0.5  0.0568476
32  0.6  0.0483148
30  11.0  5.59284e-10
32  0.8  0.0305235
32  0.7  0.0388836
32  0.9  0.0230963
30  11.5  3.07011e-10
32  1.0  0.0172699
32  1.1  0.0129198
32  1.2  0.00949264
32  1.4  0.00534025
32  1.3  0.00696036
32  1.5  0.00386218
32  1.6  0.00292095
32  1.7  0.00218714
32  1.8  0.00162802
30  12.0  1.82849e-10
32  2.5  0.000245856
32  1.9  0.00123803
32  2.0  0.000947672
32  3.0  7.93374e-05
32  3.5  2.54872e-05
32  5.5  6.45624e-07
32  4.0  9.44801e-06
32  4.5  3.6144e-06
32  5.0  1.48697e-06
32  7.0  6.51396e-08
32  6.0  2.95562e-07
32  6.5  1.35578e-07
32  7.5  3.28119e-08
32  8.0  1.60412e-08
32  8.5  8.41395e-09
32  9.5  2.40567e-09
32  9.0  4.33597e-09
32  10.5  7.24114e-10
32  10.0  1.30377e-09
4  0.2  0.0579112
4  0.3  0.0857723
4  0.4  0.104897
4  0.5  0.111778
4  0.6  0.106232
4  0.7  0.0939813
4  0.8  0.0769108
4  0.9  0.062202
4  1.0  0.0484198
4  1.1  0.0378714
4  1.2  0.0287546
32  11.0  3.94915e-10
4  1.4  0.0166159
4  1.3  0.0219396
4  1.5  0.0126791
32  11.5  2.29285e-10
4  1.7  0.00720384
4  1.6  0.00952061
4  1.8  0.00544886
32  12.0  1.30557e-10
4  2.0  0.00323271
4  1.9  0.00423301
4  2.5  0.000894922
4  3.0  0.00027424
4  3.5  9.2605e-05
4  5.0  5.49675e-06
4  6.0  1.04175e-06
4  4.0  3.29697e-05
4  4.5  1.29488e-05
4  5.5  2.24659e-06
4  6.5  4.91307e-07
4  7.0  2.38169e-07
4  7.5  1.17376e-07
4  8.0  5.75798e-08
4  8.5  2.95569e-08
4  9.0  1.6233e-08
4  10.5  2.55842e-09
4  9.5  8.56365e-09
4  10.0  4.57651e-09
6  0.2  0.0578298
6  0.3  0.0857664
6  0.4  0.104712
6  0.5  0.112135
6  0.6  0.106169
6  0.7  0.0937087
6  0.9  0.062108
6  0.8  0.0772598
6  1.0  0.0486457
6  1.2  0.0291511
6  1.1  0.0368884
6  1.3  0.0213422
6  1.4  0.0167269
6  1.5  0.0128802
6  1.7  0.00735831
6  1.6  0.00944791
4  11.0  1.44118e-09
6  1.8  0.00548337
6  1.9  0.00418129
6  2.0  0.00318619
6  2.5  0.000870591
6  3.0  0.000267932
6  3.5  9.1368e-05
4  11.5  8.14194e-10
4  12.0  4.65991e-10
6  4.0  3.31798e-05
6  4.5  1.332e-05
6  5.0  5.28527e-06
6  5.5  2.36801e-06
6  7.0  2.35041e-07
6  6.0  1.01726e-06
6  6.5  4.93562e-07
6  7.5  1.18078e-07
6  9.0  1.61217e-08
6  8.0  5.97523e-08
6  8.5  2.94e-08
6  9.5  8.51199e-09
6  10.0  4.66372e-09
8  0.2  0.0576193
6  11.5  8.12741e-10
8  0.3  0.0843507
6  10.5  2.54835e-09
8  0.4  0.104118
8  0.5  0.109007
8  0.6  0.1049
8  0.7  0.0925948
8  0.8  0.0765844
8  0.9  0.0620555
6  11.0  1.44235e-09
8  1.0  0.0480787
8  1.1  0.0372275
8  1.2  0.0284991
8  1.3  0.0219933
8  1.4  0.0163139
8  1.5  0.0122725
8  1.6  0.00941076
8  1.7  0.00708667
8  1.8  0.00537301
8  1.9  0.00406518
8  2.0  0.00314994
8  3.0  0.000264186
8  2.5  0.000871611
6  12.0  4.62099e-10
8  3.5  9.09001e-05
8  4.0  3.30636e-05
8  4.5  1.2777e-05
8  5.0  5.38668e-06
8  5.5  2.33128e-06
8  7.0  2.32268e-07
8  6.0  1.02107e-06
8  6.5  4.69856e-07
8  7.5  1.15518e-07
8  8.0  5.56314e-08
8  8.5  3.00541e-08
8  9.0  1.56785e-08
8  9.5  8.27641e-09
8  10.0  4.55928e-09
8  10.5  2.5007e-09
8  11.0  1.42722e-09
8  11.5  7.97515e-10
8  12.0  4.5702e-10
