# exclusive D0 cross section, Pb target, BCFY fragmentation, An0n channel, integrated over Glauber b
# fixed rapidity y : 0.0
# pD0  dsigma_dy_dpD0 [mb/GeV]
0.2  2.68936
0.3  3.34647
0.4  3.63779
0.5  3.63757
0.6  3.43526
0.7  3.11126
0.8  2.73078
0.9  2.34153
1  1.97516
1.1  1.64568
1.2  1.35976
1.3  1.11572
1.4  0.912834
1.5  0.744174
1.6  0.606525
1.7  0.493408
1.8  0.403068
1.9  0.330753
2  0.271071
2.5  0.100147
3  0.0378022
3.5  0.0168947
4  0.00683044
4.5  0.00311889
5  0.00149402
5.5  0.000752808
6  0.000395375
6.5  0.000215003
7  0.000121525
7.5  7.04336e-05
8  4.22128e-05
8.5  2.58318e-05
9  1.62952e-05
9.5  1.04334e-05
10  6.86912e-06
10.5  4.57788e-06
11  3.11959e-06
11.5  2.15552e-06
12  1.50427e-06
