# exclusive D0 cross section, Pb target, BCFY fragmentation, An0n channel, integrated over Glauber b
# fixed rapidity y : 1.5
# pD0  dsigma_dy_dpD0 [mb/GeV]
0.2  2.05274
0.3  2.54962
0.4  2.76328
0.5  2.75453
0.6  2.59117
0.7  2.33627
0.8  2.04092
0.9  1.74097
1  1.45949
1.1  1.20801
1.2  0.990143
1.3  0.805933
1.4  0.652854
1.5  0.528165
1.6  0.426631
1.7  0.343697
1.8  0.277357
1.9  0.224645
2  0.182617
2.5  0.0643032
3  0.02325
3.5  0.00877362
4  0.00374737
4.5  0.00162361
5  0.000739239
5.5  0.000351546
6  0.000174254
6.5  8.95638e-05
7  4.75997e-05
7.5  2.60306e-05
8  1.4576e-05
8.5  8.43473e-06
9  4.97177e-06
9.5  3.00473e-06
10  1.84097e-06
10.5  1.14738e-06
11  7.31067e-07
11.5  4.70365e-07
12  3.07176e-07
