# exclusive D0 cross section, Pb target, BCFY fragmentation, An0n channel, integrated over Glauber b
# fixed rapidity y : 1.0
# pD0  dsigma_dy_dpD0 [mb/GeV]
0.2  2.44502
0.3  3.04023
0.4  3.30254
0.5  3.3008
0.6  3.11447
0.7  2.81648
0.8  2.46965
0.9  2.11474
1  1.77954
1.1  1.47859
1.2  1.21749
1.3  0.996977
1.4  0.812407
1.5  0.660095
1.6  0.535677
1.7  0.435376
1.8  0.355977
1.9  0.290018
2  0.235669
2.5  0.0852509
3  0.0315514
3.5  0.012632
4  0.00540672
4.5  0.00242242
5  0.00113226
5.5  0.000554081
6  0.000282423
6.5  0.000149071
7  8.14297e-05
7.5  4.57087e-05
8  2.65767e-05
8.5  1.57758e-05
9  9.58698e-06
9.5  5.94286e-06
10  3.75235e-06
10.5  2.4135e-06
11  1.57918e-06
11.5  1.04888e-06
12  7.04843e-07
