# exclusive D0 cross section, Pb target, BCFY fragmentation, An0n channel, integrated over Glauber b
# fixed rapidity y : -2.0
# pD0  dsigma_dy_dpD0 [mb/GeV]
0.2  2.11536
0.3  2.61355
0.4  2.81394
0.5  2.78533
0.6  2.59889
0.7  2.32368
0.8  2.01345
0.9  1.70464
1  1.41837
1.1  1.16605
1.2  0.951474
1.3  0.771912
1.4  0.621467
1.5  0.501239
1.6  0.401375
1.7  0.324251
1.8  0.26003
1.9  0.210486
2  0.169634
2.5  0.0605383
3  0.0224465
3.5  0.00807911
4  0.0036437
4.5  0.00170015
5  0.000849356
5.5  0.000450034
6  0.000252839
6.5  0.000147996
7  9.07605e-05
7.5  5.65635e-05
8  3.60634e-05
8.5  2.39708e-05
9  1.63389e-05
9.5  1.1337e-05
10  7.96741e-06
10.5  5.6686e-06
11  4.11524e-06
11.5  3.01729e-06
12  2.24997e-06
