# exclusive D0 cross section, Pb target, BCFY fragmentation, An0n channel, integrated over Glauber b
# fixed rapidity y : 2.0
# pD0  dsigma_dy_dpD0 [mb/GeV]
0.2  1.51676
0.3  1.87785
0.4  2.0295
0.5  2.01477
0.6  1.88564
0.7  1.69083
0.8  1.4697
0.9  1.24575
1  1.03721
1.1  0.852436
1.2  0.693626
1.3  0.560158
1.4  0.449899
1.5  0.360891
1.6  0.288876
1.7  0.231027
1.8  0.184342
1.9  0.148123
2  0.118864
2.5  0.0409435
3  0.0138229
3.5  0.00478837
4  0.00204897
4.5  0.000848505
5  0.000368954
5.5  0.000167428
6  7.93313e-05
6.5  3.89466e-05
7  1.97499e-05
7.5  1.03315e-05
8  5.54189e-06
8.5  3.05409e-06
9  1.72226e-06
9.5  9.92481e-07
10  5.77921e-07
10.5  3.44345e-07
11  2.08824e-07
11.5  1.28384e-07
12  8.01026e-08
