# diffractive D0 cross section, Pb target, BCFY fragmentation, An0n channel
# generated      : 2026-08-21 13:27:02 EEST
# calls          : 1e5 (VEGAS calls per point, see CALLS_EXCL/CALLS_EXCL_FACTORIZED/CALLS_DIFF)
# dipole samples : data/Pb/mve/glauber_mve_<b>
# pD0 sweep      : 0.2 0.3 0.4 0.5 0.6 0.7 0.8 0.9 1.0 1.1 1.2 1.3 1.4 1.5 1.6 1.7 1.8 1.9 2.0 2.5 3.0 3.5 4.0 4.5 5.0 5.5 6.0 6.5 7.0 7.5 8.0 8.5 9.0 9.5 10.0 10.5 11.0 11.5 12.0
# fixed rapidity y : -1.5
# ============================================================
# b  pD0  dsigma_dyd2pD0
0  0.3  1.11601
0  0.2  0.836027
0  0.4  1.3516
0  0.5  1.54799
0  0.6  1.68388
0  0.7  1.68959
0  0.8  1.6372
0  0.9  1.52874
0  1.1  1.23761
0  1.0  1.39428
0  1.2  1.09827
0  1.3  0.953205
0  1.4  0.821882
0  1.6  0.597391
0  1.5  0.706185
0  1.7  0.514628
0  1.8  0.438202
0  1.9  0.37409
0  2.0  0.31117
0  2.5  0.149429
0  3.0  0.0750949
0  3.5  0.0402261
0  4.0  0.0228214
0  4.5  0.013591
0  5.0  0.00840032
0  5.5  0.0054187
0  6.0  0.00359025
0  6.5  0.00242816
0  7.0  0.00169681
0  7.5  0.00120826
0  8.0  0.000879621
0  8.5  0.000642173
0  9.0  0.00047631
0  10.0  0.000270392
0  9.5  0.000355726
0  10.5  0.000211514
0  11.0  0.000164486
0  11.5  0.000128309
10  0.2  0.809208
10  0.3  1.10463
10  0.4  1.36114
10  0.5  1.5363
10  0.6  1.64257
10  0.7  1.62564
10  0.8  1.58466
10  0.9  1.48448
0  12.0  0.000100334
10  1.0  1.3209
10  1.1  1.2131
10  1.2  1.05533
10  1.3  0.920137
10  1.4  0.782595
10  1.5  0.678142
10  1.6  0.573795
10  1.7  0.493041
10  1.8  0.420686
10  1.9  0.35163
10  2.0  0.301254
10  2.5  0.143572
10  3.0  0.0716867
10  3.5  0.0383087
10  4.0  0.0218221
10  4.5  0.0128935
10  5.0  0.00801976
10  5.5  0.00513317
10  6.0  0.00339786
10  6.5  0.00233739
10  7.5  0.00115195
10  7.0  0.00162525
10  8.0  0.000827147
10  8.5  0.000611811
10  9.0  0.000456112
10  10.0  0.000259754
10  9.5  0.000338104
10  10.5  0.000200517
10  11.0  0.000152817
10  11.5  0.000121721
12  0.2  0.811112
12  0.3  1.09328
10  12.0  9.59874e-05
12  0.4  1.35309
12  0.5  1.53612
12  0.6  1.63352
12  0.7  1.62831
12  0.8  1.57416
12  0.9  1.46856
12  1.0  1.32399
12  1.1  1.1816
12  1.2  1.04327
12  1.3  0.902486
12  1.4  0.778118
12  1.5  0.657454
12  1.6  0.566796
12  1.7  0.482857
12  1.8  0.41187
12  1.9  0.351413
12  2.0  0.299203
12  2.5  0.141884
12  3.0  0.0694564
12  3.5  0.0373682
12  4.0  0.021309
12  4.5  0.0125957
12  5.0  0.00784709
12  5.5  0.0050208
12  6.0  0.00332885
12  6.5  0.00227731
12  7.0  0.00155358
12  7.5  0.00113014
12  8.0  0.000814335
12  8.5  0.000596294
12  9.0  0.000445441
12  10.0  0.000254755
12  9.5  0.00033436
12  10.5  0.000196634
12  11.0  0.000153472
12  11.5  0.000118378
14  0.2  0.807931
14  0.3  1.08568
14  0.4  1.34261
12  12.0  9.34483e-05
14  0.5  1.47502
14  0.6  1.60316
14  0.7  1.62004
14  0.8  1.55239
14  0.9  1.44168
14  1.0  1.30135
14  1.1  1.14851
14  1.2  1.01768
14  1.3  0.884344
14  1.4  0.758949
14  1.5  0.648772
14  1.6  0.548983
14  1.7  0.472614
14  1.8  0.401334
14  1.9  0.341173
14  2.0  0.287461
14  2.5  0.137172
14  3.0  0.0680442
14  3.5  0.0359126
14  4.0  0.0205137
14  4.5  0.0122208
14  5.0  0.00762777
14  5.5  0.00487638
14  6.0  0.00323546
14  6.5  0.00221288
14  7.0  0.00152617
14  7.5  0.00109209
14  8.0  0.000786632
14  8.5  0.000584002
14  9.0  0.000425377
14  10.0  0.000246624
14  9.5  0.000322556
14  10.5  0.000189763
14  11.0  0.000147916
14  11.5  0.000115116
16  0.2  0.799655
16  0.3  1.07532
14  12.0  8.95985e-05
16  0.4  1.32599
16  0.5  1.47323
16  0.6  1.59058
16  0.7  1.57115
16  0.8  1.49626
16  0.9  1.39338
16  1.0  1.27854
16  1.1  1.13093
16  1.2  0.993459
16  1.3  0.850861
16  1.4  0.736384
16  1.5  0.627999
16  1.6  0.536268
16  1.7  0.457315
16  1.8  0.388541
16  1.9  0.329201
16  2.0  0.280872
16  2.5  0.132172
16  3.0  0.0657091
16  3.5  0.0353517
16  4.0  0.0199149
16  4.5  0.0118275
16  5.0  0.0073215
16  5.5  0.00463098
16  6.0  0.00311793
16  6.5  0.0021217
16  7.5  0.0010499
16  7.0  0.00148238
16  8.0  0.000762499
16  8.5  0.00055704
16  9.0  0.000412683
16  9.5  0.000312711
16  10.0  0.000239104
16  10.5  0.000174173
16  11.0  0.000142173
16  11.5  0.000111853
18  0.2  0.791911
18  0.3  1.06808
16  12.0  8.78689e-05
18  0.4  1.30578
18  0.5  1.43559
18  0.6  1.55046
18  0.7  1.53852
18  0.8  1.49325
18  0.9  1.37943
18  1.0  1.22503
18  1.1  1.10361
18  1.2  0.962067
18  1.3  0.82302
18  1.4  0.711451
18  1.5  0.609837
18  1.6  0.516805
18  1.7  0.437691
18  1.8  0.373917
18  1.9  0.312695
18  2.0  0.268711
18  2.5  0.124592
18  3.0  0.0629559
18  3.5  0.033555
18  4.5  0.0112415
18  4.0  0.0189947
18  5.0  0.00698514
18  5.5  0.00451131
18  6.0  0.00298572
18  6.5  0.00204719
18  7.5  0.00101664
18  7.0  0.00143075
18  8.0  0.000719117
18  8.5  0.000533262
18  9.0  0.000398698
18  9.5  0.000298288
18  10.0  0.000226942
18  10.5  0.000173989
18  11.0  0.00013561
18  11.5  0.000105442
2  0.2  0.825914
2  0.3  1.12178
18  12.0  8.3624e-05
2  0.4  1.37528
2  0.5  1.50045
2  0.6  1.66056
2  0.7  1.69713
2  0.8  1.63335
2  0.9  1.50523
2  1.0  1.39384
2  1.1  1.24771
2  1.2  1.10597
2  1.3  0.9515
2  1.4  0.820592
2  1.5  0.707775
2  1.6  0.594773
2  1.7  0.505335
2  1.8  0.43674
2  1.9  0.372852
2  2.0  0.315342
2  2.5  0.149599
2  3.0  0.074918
2  3.5  0.0401961
2  4.0  0.0227066
2  4.5  0.0135337
2  5.0  0.0084102
2  5.5  0.00537046
2  6.0  0.0035893
2  6.5  0.00244196
2  7.5  0.00121941
2  7.0  0.0017035
2  8.0  0.000862239
2  8.5  0.000642242
2  9.0  0.000475028
2  9.5  0.000359911
2  10.0  0.000270049
2  10.5  0.000209326
2  11.0  0.000163209
2  11.5  0.000127695
20  0.2  0.773916
2  12.0  0.000100607
20  0.3  1.04086
20  0.4  1.27138
20  0.5  1.44105
20  0.6  1.52024
20  0.7  1.50214
20  0.8  1.43984
20  0.9  1.32769
20  1.0  1.17055
20  1.1  1.04386
20  1.2  0.92098
20  1.3  0.795454
20  1.4  0.682759
20  1.5  0.577945
20  1.6  0.491757
20  1.7  0.417302
20  1.8  0.352088
20  1.9  0.297491
20  2.0  0.251732
20  2.5  0.119352
20  3.0  0.0593935
20  3.5  0.0317227
20  4.5  0.0106105
20  4.0  0.0179652
20  5.0  0.00658625
20  5.5  0.00419132
20  6.0  0.00285458
20  6.5  0.00192485
20  7.5  0.000940869
20  7.0  0.00133433
20  8.0  0.000686641
20  8.5  0.000506036
20  9.0  0.000369668
20  9.5  0.000283481
20  10.0  0.000214589
20  10.5  0.000164817
20  11.0  0.00012914
20  11.5  9.9601e-05
22  0.2  0.733838
22  0.3  1.0231
22  0.4  1.24455
22  0.5  1.40611
22  0.6  1.45141
20  12.0  7.83694e-05
22  0.7  1.45338
22  0.8  1.38159
22  0.9  1.27335
22  1.0  1.13987
22  1.1  0.997673
22  1.2  0.862376
22  1.3  0.747452
22  1.4  0.63728
22  1.5  0.543633
22  1.6  0.462531
22  1.7  0.391962
22  1.8  0.33235
22  1.9  0.280926
22  2.0  0.239926
22  2.5  0.111989
22  3.0  0.0554006
22  3.5  0.0296447
22  4.5  0.00991555
22  4.0  0.0166764
22  5.0  0.00615573
22  5.5  0.00395509
22  6.0  0.00261437
22  6.5  0.00178355
22  7.0  0.00124185
22  7.5  0.000879282
22  8.0  0.000631566
22  8.5  0.000468221
22  9.0  0.000351137
22  9.5  0.000261001
22  10.5  0.000151378
22  10.0  0.000198171
22  11.0  0.000117465
22  11.5  9.14356e-05
24  0.2  0.734318
24  0.3  0.993435
22  12.0  7.32833e-05
24  0.4  1.20633
24  0.5  1.34318
24  0.6  1.39956
24  0.7  1.37238
24  0.8  1.3013
24  0.9  1.19655
24  1.0  1.06069
24  1.1  0.927452
24  1.3  0.689479
24  1.2  0.809947
24  1.4  0.590086
24  1.5  0.490089
24  1.6  0.424769
24  1.7  0.360647
24  1.8  0.305301
24  1.9  0.255547
24  2.0  0.219873
24  2.5  0.102219
24  3.0  0.0501875
24  3.5  0.0267635
24  4.0  0.0151748
24  4.5  0.00915186
24  5.0  0.00558818
24  5.5  0.00358498
24  6.0  0.00241033
24  6.5  0.00162915
24  7.5  0.000801569
24  7.0  0.0011209
24  8.0  0.000582337
24  8.5  0.000423173
24  9.0  0.000314566
24  9.5  0.000237354
24  10.0  0.000180506
24  10.5  0.000140385
24  11.0  0.000107418
24  11.5  8.43288e-05
26  0.2  0.708025
26  0.3  0.959456
26  0.4  1.15692
26  0.5  1.28122
26  0.6  1.31571
26  0.7  1.2676
26  0.8  1.19942
24  12.0  6.66745e-05
26  0.9  1.09231
26  1.0  0.971898
26  1.1  0.846981
26  1.2  0.730572
26  1.3  0.632468
26  1.4  0.522122
26  1.5  0.450827
26  1.6  0.382072
26  1.7  0.316311
26  1.8  0.274442
26  1.9  0.229657
26  2.0  0.193391
26  2.5  0.0899754
26  3.0  0.0446906
26  3.5  0.0237277
26  4.5  0.00792122
26  4.0  0.0133288
26  5.0  0.00492661
26  5.5  0.00324973
26  6.0  0.00209337
26  6.5  0.00142795
26  7.5  0.000705565
26  7.0  0.000998991
26  8.0  0.000507483
26  8.5  0.000372541
26  9.0  0.000277916
26  9.5  0.000209656
26  10.0  0.00015915
26  10.5  0.000122018
26  11.0  9.49585e-05
26  11.5  7.40185e-05
28  0.2  0.667195
28  0.3  0.885768
26  12.0  5.80749e-05
28  0.4  1.08154
28  0.5  1.18317
28  0.6  1.19548
28  0.7  1.15462
28  0.8  1.06311
28  0.9  0.963807
28  1.0  0.849132
28  1.1  0.731666
28  1.2  0.632369
28  1.3  0.534508
28  1.4  0.455067
28  1.5  0.384304
28  1.6  0.324358
28  1.7  0.273143
28  1.8  0.23167
28  1.9  0.197189
28  2.0  0.167154
28  2.5  0.0762124
28  3.0  0.0374867
28  3.5  0.0200471
28  4.0  0.0112404
28  4.5  0.00675883
28  5.0  0.00414186
28  5.5  0.00268695
28  6.0  0.00176481
28  6.5  0.00120406
28  7.5  0.000590218
28  7.0  0.000841767
28  8.0  0.00042579
28  8.5  0.000312185
28  9.0  0.000231961
28  9.5  0.00017317
28  10.0  0.000133373
28  10.5  0.000102552
28  11.0  7.86836e-05
28  11.5  6.20711e-05
30  0.2  0.595967
30  0.3  0.823023
28  12.0  4.85376e-05
30  0.4  0.971964
30  0.5  1.03979
30  0.6  1.03604
30  0.7  0.990675
30  0.8  0.904471
30  0.9  0.788339
30  1.0  0.701487
30  1.1  0.59913
30  1.2  0.512446
30  1.3  0.433974
30  1.4  0.365091
30  1.5  0.308871
30  1.6  0.259419
30  1.7  0.218492
30  1.8  0.183016
30  1.9  0.15553
30  2.0  0.13236
30  2.5  0.060362
30  3.0  0.0293478
30  3.5  0.0156238
30  4.0  0.00889689
30  4.5  0.00522728
30  5.0  0.0032288
30  5.5  0.00210346
30  6.0  0.00138505
30  6.5  0.000942449
30  7.0  0.000650398
30  7.5  0.000461628
30  8.5  0.000244331
30  8.0  0.000334805
30  9.0  0.000181812
30  9.5  0.000135501
30  10.0  0.000104751
30  10.5  8.0372e-05
30  11.0  6.2029e-05
30  11.5  4.86417e-05
32  0.2  0.539064
32  0.3  0.688766
30  12.0  3.84211e-05
32  0.4  0.819384
32  0.5  0.852898
32  0.6  0.826968
32  0.7  0.772369
32  0.8  0.694797
32  0.9  0.607114
32  1.0  0.523842
32  1.1  0.452705
32  1.2  0.37729
32  1.3  0.317525
32  1.4  0.266963
32  1.5  0.223594
32  1.6  0.188093
32  1.7  0.15898
32  1.8  0.132631
32  1.9  0.11361
32  2.0  0.0950507
32  2.5  0.0429136
32  3.0  0.0213829
32  3.5  0.0112782
32  4.0  0.00624204
32  4.5  0.0037329
32  5.0  0.00233716
32  5.5  0.0015047
32  6.0  0.000972253
32  6.5  0.000676925
32  7.0  0.000465128
32  8.0  0.000237522
32  7.5  0.000331645
32  8.5  0.000172891
32  9.0  0.000127791
32  9.5  9.63389e-05
32  10.0  7.50862e-05
32  10.5  5.7233e-05
32  11.0  4.40009e-05
32  11.5  3.42394e-05
4  0.2  0.820289
4  0.3  1.11582
4  0.4  1.38025
4  0.5  1.57446
4  0.6  1.67754
4  0.7  1.68312
32  12.0  2.7416e-05
4  0.8  1.62732
4  0.9  1.49354
4  1.0  1.38386
4  1.1  1.2409
4  1.2  1.08653
4  1.3  0.947838
4  1.4  0.816232
4  1.5  0.701399
4  1.6  0.599856
4  1.7  0.512058
4  1.8  0.436401
4  1.9  0.372096
4  2.0  0.321191
4  2.5  0.145111
4  3.0  0.07458
4  3.5  0.0396144
4  4.0  0.0226231
4  4.5  0.0134214
4  5.0  0.00835008
4  5.5  0.00538732
4  6.0  0.00351731
4  6.5  0.00243456
4  7.5  0.00119197
4  7.0  0.00169124
4  8.0  0.000877319
4  8.5  0.000639662
4  9.0  0.000477077
4  10.0  0.000270492
4  9.5  0.000358177
4  10.5  0.000208987
4  11.0  0.000161876
4  11.5  0.000125716
6  0.2  0.825419
6  0.3  1.115
4  12.0  0.000100348
6  0.4  1.36676
6  0.5  1.55657
6  0.6  1.63319
6  0.7  1.67587
6  0.8  1.6253
6  0.9  1.50583
6  1.0  1.38227
6  1.1  1.23108
6  1.2  1.08563
6  1.3  0.940303
6  1.4  0.81472
6  1.5  0.69563
6  1.6  0.595753
6  1.7  0.506875
6  1.8  0.43154
6  1.9  0.367624
6  2.0  0.316634
6  2.5  0.147001
6  3.0  0.0738415
6  3.5  0.0385745
6  4.0  0.0224849
6  4.5  0.0133982
6  5.0  0.00828433
6  5.5  0.00533704
6  6.0  0.00354
6  6.5  0.00239032
6  7.5  0.00118306
6  7.0  0.00167807
6  8.0  0.000848442
6  8.5  0.000633378
6  9.0  0.000468042
6  9.5  0.00035668
6  10.0  0.000269211
6  10.5  0.000207149
6  11.0  0.000160298
6  11.5  0.000125958
8  0.2  0.809441
8  0.3  1.10637
6  12.0  0.000100029
8  0.4  1.36857
8  0.5  1.52476
8  0.6  1.64608
8  0.7  1.62346
8  0.8  1.61512
8  0.9  1.49034
8  1.0  1.37557
8  1.1  1.21827
8  1.2  1.05912
8  1.3  0.931795
8  1.4  0.81194
8  1.5  0.689072
8  1.6  0.587884
8  1.7  0.503282
8  1.8  0.423347
8  1.9  0.365921
8  2.0  0.311019
8  2.5  0.145383
8  3.0  0.0725789
8  3.5  0.0385382
8  4.0  0.0220404
8  4.5  0.0130419
8  5.0  0.00816408
8  5.5  0.00523274
8  6.0  0.0034692
8  6.5  0.0023603
8  7.0  0.00164716
8  7.5  0.0011726
8  8.0  0.000827033
8  8.5  0.000615949
8  9.0  0.000461755
8  9.5  0.000347868
8  10.5  0.000203398
8  10.0  0.000268074
8  11.0  0.000157845
8  11.5  0.00012324
8  12.0  9.71384e-05
