# diffractive D0 dsigma/(d2pD0 dy dx_po), Pb target, KniehlKramer fragmentation, An0n channel
# generated      : 2026-07-28 17:25:01 EEST
# calls          : 1e5 (VEGAS calls per point)
# dipole samples : data/Pb/mve/glauber_mve_<b>
# x_po grid      : 1e-6 to 0.1, 25 log-spaced points
# fixed rapidity y : 1.0
# fixed pD0        : 1.0
# ============================================================
# b  x_po  dsigma_dxpo
0  1.00000000e-06  0
0  1.61559810e-06  0
0  2.61015722e-06  0
0  4.21696503e-06  0
0  6.81292069e-06  0
0  1.10069417e-05  0
0  1.77827941e-05  0
0  2.87298483e-05  0
0  7.49894209e-05  0
0  4.64158883e-05  0
0  1.21152766e-04  0
0  1.95734178e-04  0.0205448
0  8.25404185e-04  2.02445
0  5.10896977e-04  1.09599
0  3.16227766e-04  0.344793
0  1.33352143e-03  2.99485
0  2.15443469e-03  3.72407
0  3.48070059e-03  4.44217
0  5.62341325e-03  4.94057
0  3.83118685e-02  5.89277
0  1.46779927e-02  5.50568
0  2.37137371e-02  5.66785
0  9.08517576e-03  5.28882
0  1.00000000e-01  6.0895
0  6.18965819e-02  5.99877
10  1.00000000e-06  0
10  1.61559810e-06  0
10  2.61015722e-06  0
10  6.81292069e-06  0
10  4.21696503e-06  0
10  1.10069417e-05  0
10  2.87298483e-05  0
10  4.64158883e-05  0
10  1.77827941e-05  0
10  7.49894209e-05  0
10  1.21152766e-04  0
10  1.95734178e-04  0.0199644
10  8.25404185e-04  1.96248
10  3.16227766e-04  0.331894
10  2.15443469e-03  3.62479
10  5.62341325e-03  4.68949
10  5.10896977e-04  1.0667
10  1.33352143e-03  2.89227
10  3.48070059e-03  4.29681
10  2.37137371e-02  5.48309
10  9.08517576e-03  5.11838
10  1.46779927e-02  5.39966
10  3.83118685e-02  5.73533
10  6.18965819e-02  5.86904
10  1.00000000e-01  5.87989
12  1.00000000e-06  0
12  1.61559810e-06  0
12  2.61015722e-06  0
12  4.21696503e-06  0
12  6.81292069e-06  0
12  1.10069417e-05  0
12  1.77827941e-05  0
12  2.87298483e-05  0
12  4.64158883e-05  0
12  7.49894209e-05  0
12  1.21152766e-04  0
12  1.95734178e-04  0.019662
12  3.16227766e-04  0.329894
12  1.33352143e-03  2.84047
12  5.10896977e-04  1.04893
12  2.15443469e-03  3.62292
12  3.48070059e-03  4.19058
12  8.25404185e-04  1.95739
12  1.46779927e-02  5.20462
12  5.62341325e-03  4.68717
12  9.08517576e-03  5.0461
12  1.00000000e-01  5.79684
12  2.37137371e-02  5.45297
12  3.83118685e-02  5.62787
12  6.18965819e-02  5.70185
14  1.61559810e-06  0
14  1.00000000e-06  0
14  2.61015722e-06  0
14  4.21696503e-06  0
14  1.10069417e-05  0
14  6.81292069e-06  0
14  1.77827941e-05  0
14  7.49894209e-05  0
14  2.87298483e-05  0
14  4.64158883e-05  0
14  1.21152766e-04  0
14  1.95734178e-04  0.0192002
14  5.10896977e-04  1.02606
14  8.25404185e-04  1.91394
14  3.16227766e-04  0.32436
14  2.15443469e-03  3.48208
14  1.33352143e-03  2.80053
14  1.46779927e-02  5.18023
14  2.37137371e-02  5.29921
14  9.08517576e-03  4.84672
14  5.62341325e-03  4.58999
14  3.83118685e-02  5.41917
14  3.48070059e-03  4.14361
14  6.18965819e-02  5.65494
14  1.00000000e-01  5.65041
16  1.61559810e-06  0
16  1.00000000e-06  0
16  2.61015722e-06  0
16  4.21696503e-06  0
16  6.81292069e-06  0
16  1.10069417e-05  0
16  1.77827941e-05  0
16  2.87298483e-05  0
16  7.49894209e-05  0
16  4.64158883e-05  0
16  1.21152766e-04  0
16  3.16227766e-04  0.313881
16  1.95734178e-04  0.0188368
16  2.15443469e-03  3.40141
16  5.62341325e-03  4.39403
16  1.33352143e-03  2.73904
16  8.25404185e-04  1.88643
16  5.10896977e-04  1.00881
16  2.37137371e-02  5.22393
16  3.48070059e-03  4.03952
16  3.83118685e-02  5.29625
16  1.46779927e-02  4.94673
16  9.08517576e-03  4.78816
16  1.00000000e-01  5.49675
16  6.18965819e-02  5.45736
18  1.00000000e-06  0
18  1.61559810e-06  0
18  2.61015722e-06  0
18  4.21696503e-06  0
18  6.81292069e-06  0
18  1.10069417e-05  0
18  1.77827941e-05  0
18  2.87298483e-05  0
18  7.49894209e-05  0
18  4.64158883e-05  0
18  1.21152766e-04  0
18  1.33352143e-03  2.62819
18  8.25404185e-04  1.82124
18  5.10896977e-04  0.982428
18  2.15443469e-03  3.3649
18  1.95734178e-04  0.0182621
18  3.48070059e-03  3.83088
18  5.62341325e-03  4.26639
18  3.16227766e-04  0.308745
18  1.46779927e-02  4.80665
18  1.00000000e-01  5.36034
18  6.18965819e-02  5.32307
18  2.37137371e-02  5.03828
18  9.08517576e-03  4.63767
18  3.83118685e-02  5.21229
2  1.00000000e-06  0
2  1.61559810e-06  0
2  4.21696503e-06  0
2  2.61015722e-06  0
2  1.10069417e-05  0
2  6.81292069e-06  0
2  2.87298483e-05  0
2  1.77827941e-05  0
2  7.49894209e-05  0
2  4.64158883e-05  0
2  1.21152766e-04  0
2  1.95734178e-04  0.020393
2  3.16227766e-04  0.342138
2  2.15443469e-03  3.7197
2  8.25404185e-04  2.0494
2  5.10896977e-04  1.094
2  5.62341325e-03  4.80744
2  1.33352143e-03  2.97939
2  3.83118685e-02  5.88
2  3.48070059e-03  4.43742
2  1.46779927e-02  5.49741
2  1.00000000e-01  6.07474
2  9.08517576e-03  5.29098
2  2.37137371e-02  5.76308
2  6.18965819e-02  6.07857
20  1.00000000e-06  0
20  2.61015722e-06  0
20  1.61559810e-06  0
20  4.21696503e-06  0
20  1.10069417e-05  0
20  6.81292069e-06  0
20  1.77827941e-05  0
20  2.87298483e-05  0
20  4.64158883e-05  0
20  7.49894209e-05  0
20  1.21152766e-04  0
20  5.10896977e-04  0.940064
20  1.95734178e-04  0.0175078
20  1.33352143e-03  2.53312
20  3.16227766e-04  0.295475
20  5.62341325e-03  4.10854
20  8.25404185e-04  1.77082
20  2.15443469e-03  3.23276
20  1.46779927e-02  4.65848
20  9.08517576e-03  4.46807
20  3.48070059e-03  3.75587
20  3.83118685e-02  4.89791
20  2.37137371e-02  4.75071
20  1.00000000e-01  5.11792
20  6.18965819e-02  5.05705
22  1.00000000e-06  0
22  1.61559810e-06  0
22  2.61015722e-06  0
22  4.21696503e-06  0
22  6.81292069e-06  0
22  1.10069417e-05  0
22  1.77827941e-05  0
22  2.87298483e-05  0
22  7.49894209e-05  0
22  4.64158883e-05  0
22  1.21152766e-04  0
22  5.10896977e-04  0.89724
22  1.33352143e-03  2.41713
22  3.16227766e-04  0.282777
22  2.15443469e-03  3.03308
22  1.95734178e-04  0.0167499
22  8.25404185e-04  1.66993
22  3.48070059e-03  3.52628
22  2.37137371e-02  4.56291
22  6.18965819e-02  4.79728
22  1.46779927e-02  4.45227
22  9.08517576e-03  4.21619
22  5.62341325e-03  3.93821
22  3.83118685e-02  4.74674
22  1.00000000e-01  4.85054
24  1.00000000e-06  0
24  2.61015722e-06  0
24  1.61559810e-06  0
24  4.21696503e-06  0
24  6.81292069e-06  0
24  1.10069417e-05  0
24  1.77827941e-05  0
24  2.87298483e-05  0
24  4.64158883e-05  0
24  7.49894209e-05  0
24  1.21152766e-04  0
24  1.95734178e-04  0.0156416
24  5.10896977e-04  0.847052
24  2.15443469e-03  2.82748
24  3.16227766e-04  0.268177
24  5.62341325e-03  3.65889
24  9.08517576e-03  3.82803
24  8.25404185e-04  1.58272
24  1.33352143e-03  2.28337
24  3.48070059e-03  3.33764
24  6.18965819e-02  4.53999
24  1.46779927e-02  4.14089
24  2.37137371e-02  4.24662
24  1.00000000e-01  4.52642
24  3.83118685e-02  4.41366
26  1.00000000e-06  0
26  1.61559810e-06  0
26  2.61015722e-06  0
26  4.21696503e-06  0
26  6.81292069e-06  0
26  1.10069417e-05  0
26  7.49894209e-05  0
26  1.77827941e-05  0
26  2.87298483e-05  0
26  4.64158883e-05  0
26  1.21152766e-04  0
26  1.33352143e-03  2.05577
26  8.25404185e-04  1.44768
26  1.95734178e-04  0.0144699
26  3.48070059e-03  2.99012
26  5.10896977e-04  0.785324
26  3.16227766e-04  0.246745
26  1.46779927e-02  3.65112
26  9.08517576e-03  3.48426
26  2.15443469e-03  2.62836
26  5.62341325e-03  3.30577
26  3.83118685e-02  3.91126
26  2.37137371e-02  3.82833
26  6.18965819e-02  4.06637
26  1.00000000e-01  4.06121
28  1.00000000e-06  0
28  1.61559810e-06  0
28  2.61015722e-06  0
28  4.21696503e-06  0
28  6.81292069e-06  0
28  2.87298483e-05  0
28  1.77827941e-05  0
28  1.10069417e-05  0
28  4.64158883e-05  0
28  7.49894209e-05  0
28  1.21152766e-04  0
28  5.10896977e-04  0.690425
28  1.33352143e-03  1.81848
28  3.16227766e-04  0.217649
28  1.95734178e-04  0.0127862
28  8.25404185e-04  1.28244
28  9.08517576e-03  3.0181
28  3.48070059e-03  2.64394
28  5.62341325e-03  2.87981
28  2.15443469e-03  2.3096
28  1.46779927e-02  3.21052
28  3.83118685e-02  3.42594
28  2.37137371e-02  3.34856
28  6.18965819e-02  3.52492
28  1.00000000e-01  3.54022
30  1.00000000e-06  0
30  1.61559810e-06  0
30  2.61015722e-06  0
30  4.21696503e-06  0
30  6.81292069e-06  0
30  1.77827941e-05  0
30  4.64158883e-05  0
30  1.10069417e-05  0
30  2.87298483e-05  0
30  7.49894209e-05  0
30  1.21152766e-04  0
30  5.10896977e-04  0.587032
30  1.95734178e-04  0.0107398
30  1.33352143e-03  1.51885
30  8.25404185e-04  1.07666
30  3.16227766e-04  0.186301
30  5.62341325e-03  2.36654
30  1.46779927e-02  2.62992
30  3.48070059e-03  2.18354
30  2.37137371e-02  2.72984
30  2.15443469e-03  1.91344
30  3.83118685e-02  2.79754
30  9.08517576e-03  2.48523
30  1.00000000e-01  2.82174
30  6.18965819e-02  2.85439
32  1.00000000e-06  0
32  1.61559810e-06  0
32  6.81292069e-06  0
32  2.61015722e-06  0
32  4.21696503e-06  0
32  1.10069417e-05  0
32  1.77827941e-05  0
32  2.87298483e-05  0
32  4.64158883e-05  0
32  7.49894209e-05  0
32  1.21152766e-04  0
32  1.33352143e-03  1.17955
32  8.25404185e-04  0.841444
32  2.15443469e-03  1.43496
32  1.95734178e-04  0.00848229
32  3.48070059e-03  1.63138
32  3.16227766e-04  0.147719
32  5.10896977e-04  0.466838
32  1.46779927e-02  1.93964
32  5.62341325e-03  1.76775
32  3.83118685e-02  2.0652
32  2.37137371e-02  1.96354
32  9.08517576e-03  1.84573
32  1.00000000e-01  2.08225
32  6.18965819e-02  2.1227
4  1.00000000e-06  0
4  1.61559810e-06  0
4  2.61015722e-06  0
4  4.21696503e-06  0
4  6.81292069e-06  0
4  1.10069417e-05  0
4  1.77827941e-05  0
4  2.87298483e-05  0
4  4.64158883e-05  0
4  1.21152766e-04  0
4  7.49894209e-05  0
4  5.10896977e-04  1.09027
4  3.16227766e-04  0.339787
4  1.33352143e-03  2.92383
4  2.15443469e-03  3.70663
4  1.95734178e-04  0.0205115
4  5.62341325e-03  4.83371
4  8.25404185e-04  2.03733
4  1.46779927e-02  5.51219
4  3.48070059e-03  4.42966
4  3.83118685e-02  5.80303
4  6.18965819e-02  5.94837
4  2.37137371e-02  5.74321
4  9.08517576e-03  5.25289
4  1.00000000e-01  6.05384
6  1.00000000e-06  0
6  1.61559810e-06  0
6  2.61015722e-06  0
6  4.21696503e-06  0
6  6.81292069e-06  0
6  2.87298483e-05  0
6  1.10069417e-05  0
6  1.77827941e-05  0
6  4.64158883e-05  0
6  7.49894209e-05  0
6  1.21152766e-04  0
6  5.10896977e-04  1.08541
6  3.16227766e-04  0.340601
6  1.33352143e-03  2.91744
6  2.15443469e-03  3.69267
6  1.95734178e-04  0.0204373
6  9.08517576e-03  5.15572
6  8.25404185e-04  2.03274
6  5.62341325e-03  4.8087
6  3.48070059e-03  4.3807
6  1.46779927e-02  5.42559
6  3.83118685e-02  5.83886
6  2.37137371e-02  5.67088
6  6.18965819e-02  5.965
6  1.00000000e-01  6.0212
8  1.00000000e-06  0
8  1.61559810e-06  0
8  2.61015722e-06  0
8  4.21696503e-06  0
8  6.81292069e-06  0
8  1.10069417e-05  0
8  1.77827941e-05  0
8  1.21152766e-04  0
8  7.49894209e-05  0
8  2.87298483e-05  0
8  4.64158883e-05  0
8  3.16227766e-04  0.338666
8  8.25404185e-04  2.00089
8  5.10896977e-04  1.07482
8  1.33352143e-03  2.92649
8  1.95734178e-04  0.0201947
8  9.08517576e-03  5.07745
8  5.62341325e-03  4.72223
8  2.15443469e-03  3.72151
8  1.46779927e-02  5.37075
8  6.18965819e-02  5.88294
8  3.48070059e-03  4.35051
8  3.83118685e-02  5.77674
8  2.37137371e-02  5.62841
8  1.00000000e-01  5.97065
