# diffractive D0 dsigma/(d2pD0 dy dx_po), Pb target, KniehlKramer fragmentation, An0n channel
# generated      : 2026-07-28 17:25:01 EEST
# calls          : 1e5 (VEGAS calls per point)
# dipole samples : data/Pb/mve/glauber_mve_<b>
# x_po grid      : 1e-6 to 0.1, 25 log-spaced points
# fixed rapidity y : 1.0
# fixed pD0        : 8.0
# ============================================================
# b  x_po  dsigma_dxpo
0  1.00000000e-06  0
0  2.61015722e-06  0
0  1.61559810e-06  0
0  4.21696503e-06  0
0  6.81292069e-06  0
0  1.10069417e-05  0
0  2.87298483e-05  0
0  4.64158883e-05  0
0  1.77827941e-05  0
0  7.49894209e-05  0
0  1.95734178e-04  0
0  1.21152766e-04  0
0  5.10896977e-04  0
0  3.16227766e-04  0
0  3.48070059e-03  0.000176881
0  8.25404185e-04  3.29144e-08
0  1.33352143e-03  7.98815e-06
0  2.15443469e-03  6.14461e-05
0  1.46779927e-02  0.000678132
0  9.08517576e-03  0.000506054
0  5.62341325e-03  0.000338502
0  2.37137371e-02  0.00084553
0  3.83118685e-02  0.00097053
0  6.18965819e-02  0.00103892
0  1.00000000e-01  0.00112159
10  1.00000000e-06  0
10  1.61559810e-06  0
10  2.61015722e-06  0
10  4.21696503e-06  0
10  1.10069417e-05  0
10  6.81292069e-06  0
10  1.77827941e-05  0
10  4.64158883e-05  0
10  2.87298483e-05  0
10  1.21152766e-04  0
10  7.49894209e-05  0
10  3.16227766e-04  0
10  1.95734178e-04  0
10  5.10896977e-04  0
10  8.25404185e-04  3.11876e-08
10  9.08517576e-03  0.000468753
10  1.33352143e-03  7.62342e-06
10  3.48070059e-03  0.000168536
10  2.15443469e-03  5.85482e-05
10  5.62341325e-03  0.000322422
10  1.46779927e-02  0.000649618
10  3.83118685e-02  0.000928006
10  2.37137371e-02  0.000803799
10  6.18965819e-02  0.00100963
10  1.00000000e-01  0.00106805
12  1.00000000e-06  0
12  2.61015722e-06  0
12  1.61559810e-06  0
12  4.21696503e-06  0
12  6.81292069e-06  0
12  1.10069417e-05  0
12  1.77827941e-05  0
12  2.87298483e-05  0
12  4.64158883e-05  0
12  1.95734178e-04  0
12  7.49894209e-05  0
12  1.21152766e-04  0
12  3.16227766e-04  0
12  5.10896977e-04  0
12  8.25404185e-04  3.02825e-08
12  2.15443469e-03  5.64912e-05
12  1.33352143e-03  7.41446e-06
12  5.62341325e-03  0.000308205
12  1.46779927e-02  0.000624529
12  2.37137371e-02  0.000769249
12  9.08517576e-03  0.000470572
12  3.83118685e-02  0.000903732
12  3.48070059e-03  0.000166316
12  6.18965819e-02  0.000980162
12  1.00000000e-01  0.00104377
14  1.00000000e-06  0
14  2.61015722e-06  0
14  1.61559810e-06  0
14  4.21696503e-06  0
14  6.81292069e-06  0
14  2.87298483e-05  0
14  1.77827941e-05  0
14  4.64158883e-05  0
14  1.10069417e-05  0
14  7.49894209e-05  0
14  1.21152766e-04  0
14  1.95734178e-04  0
14  5.10896977e-04  0
14  3.16227766e-04  0
14  8.25404185e-04  2.95792e-08
14  2.15443469e-03  5.51914e-05
14  9.08517576e-03  0.0004471
14  1.33352143e-03  7.22187e-06
14  3.48070059e-03  0.000159757
14  5.62341325e-03  0.000305437
14  2.37137371e-02  0.000762756
14  6.18965819e-02  0.000958048
14  1.00000000e-01  0.00101237
14  1.46779927e-02  0.000616322
14  3.83118685e-02  0.000879865
16  1.00000000e-06  0
16  1.61559810e-06  0
16  2.61015722e-06  0
16  4.21696503e-06  0
16  6.81292069e-06  0
16  1.10069417e-05  0
16  1.77827941e-05  0
16  4.64158883e-05  0
16  2.87298483e-05  0
16  1.21152766e-04  0
16  7.49894209e-05  0
16  1.95734178e-04  0
16  5.10896977e-04  0
16  3.16227766e-04  0
16  9.08517576e-03  0.000432201
16  3.48070059e-03  0.000153692
16  8.25404185e-04  2.87202e-08
16  1.33352143e-03  6.97972e-06
16  5.62341325e-03  0.000294515
16  2.15443469e-03  5.35755e-05
16  2.37137371e-02  0.000733853
16  3.83118685e-02  0.000815052
16  1.46779927e-02  0.000592692
16  1.00000000e-01  0.000964014
16  6.18965819e-02  0.00091932
18  1.00000000e-06  0
18  1.61559810e-06  0
18  2.61015722e-06  0
18  4.21696503e-06  0
18  1.77827941e-05  0
18  6.81292069e-06  0
18  1.10069417e-05  0
18  2.87298483e-05  0
18  1.21152766e-04  0
18  1.95734178e-04  0
18  7.49894209e-05  0
18  4.64158883e-05  0
18  3.16227766e-04  0
18  5.10896977e-04  0
18  1.33352143e-03  6.58951e-06
18  3.48070059e-03  0.00014658
18  2.15443469e-03  5.11221e-05
18  8.25404185e-04  2.74646e-08
18  5.62341325e-03  0.000280646
18  9.08517576e-03  0.000414196
18  2.37137371e-02  0.000701078
18  1.46779927e-02  0.00056712
18  3.83118685e-02  0.000807513
18  6.18965819e-02  0.000879762
18  1.00000000e-01  0.000924789
2  1.00000000e-06  0
2  1.61559810e-06  0
2  2.61015722e-06  0
2  4.21696503e-06  0
2  1.10069417e-05  0
2  6.81292069e-06  0
2  1.77827941e-05  0
2  7.49894209e-05  0
2  4.64158883e-05  0
2  2.87298483e-05  0
2  1.95734178e-04  0
2  1.21152766e-04  0
2  3.16227766e-04  0
2  5.10896977e-04  0
2  2.15443469e-03  6.09205e-05
2  8.25404185e-04  3.27879e-08
2  3.48070059e-03  0.000176579
2  5.62341325e-03  0.000338255
2  1.33352143e-03  7.97535e-06
2  9.08517576e-03  0.000506675
2  1.46779927e-02  0.000679656
2  2.37137371e-02  0.000841768
2  6.18965819e-02  0.00106052
2  3.83118685e-02  0.000965431
2  1.00000000e-01  0.00111903
20  1.00000000e-06  0
20  2.61015722e-06  0
20  1.61559810e-06  0
20  6.81292069e-06  0
20  4.21696503e-06  0
20  1.10069417e-05  0
20  2.87298483e-05  0
20  1.77827941e-05  0
20  4.64158883e-05  0
20  7.49894209e-05  0
20  1.21152766e-04  0
20  1.95734178e-04  0
20  3.16227766e-04  0
20  5.10896977e-04  0
20  8.25404185e-04  2.57947e-08
20  3.48070059e-03  0.000139193
20  2.15443469e-03  4.81701e-05
20  1.33352143e-03  6.29371e-06
20  1.46779927e-02  0.000527053
20  5.62341325e-03  0.000265608
20  9.08517576e-03  0.000395496
20  3.83118685e-02  0.000731104
20  2.37137371e-02  0.000661711
20  1.00000000e-01  0.000872092
20  6.18965819e-02  0.000829826
22  1.61559810e-06  0
22  1.00000000e-06  0
22  2.61015722e-06  0
22  6.81292069e-06  0
22  1.10069417e-05  0
22  4.21696503e-06  0
22  1.77827941e-05  0
22  2.87298483e-05  0
22  4.64158883e-05  0
22  1.21152766e-04  0
22  7.49894209e-05  0
22  1.95734178e-04  0
22  5.10896977e-04  0
22  3.16227766e-04  0
22  2.15443469e-03  4.43846e-05
22  5.62341325e-03  0.000243081
22  8.25404185e-04  2.42771e-08
22  1.33352143e-03  5.84495e-06
22  9.08517576e-03  0.000364444
22  3.48070059e-03  0.000131028
22  3.83118685e-02  0.000696488
22  1.00000000e-01  0.000836807
22  1.46779927e-02  0.000496548
22  6.18965819e-02  0.000775834
22  2.37137371e-02  0.000614466
24  1.00000000e-06  0
24  1.61559810e-06  0
24  2.61015722e-06  0
24  4.21696503e-06  0
24  6.81292069e-06  0
24  1.10069417e-05  0
24  1.77827941e-05  0
24  4.64158883e-05  0
24  2.87298483e-05  0
24  7.49894209e-05  0
24  1.21152766e-04  0
24  3.16227766e-04  0
24  5.10896977e-04  0
24  1.95734178e-04  0
24  3.48070059e-03  0.000117563
24  8.25404185e-04  2.20172e-08
24  2.15443469e-03  4.07908e-05
24  9.08517576e-03  0.000328246
24  1.33352143e-03  5.36219e-06
24  5.62341325e-03  0.000224348
24  2.37137371e-02  0.000546864
24  3.83118685e-02  0.000643429
24  1.46779927e-02  0.000450261
24  1.00000000e-01  0.000746432
24  6.18965819e-02  0.000700635
26  1.00000000e-06  0
26  1.61559810e-06  0
26  2.61015722e-06  0
26  4.21696503e-06  0
26  6.81292069e-06  0
26  1.10069417e-05  0
26  1.77827941e-05  0
26  2.87298483e-05  0
26  7.49894209e-05  0
26  4.64158883e-05  0
26  3.16227766e-04  0
26  1.21152766e-04  0
26  1.95734178e-04  0
26  5.10896977e-04  0
26  8.25404185e-04  1.95777e-08
26  5.62341325e-03  0.000196193
26  1.33352143e-03  4.71333e-06
26  2.15443469e-03  3.60044e-05
26  1.46779927e-02  0.000390893
26  9.08517576e-03  0.000290714
26  3.48070059e-03  0.000104984
26  1.00000000e-01  0.000656806
26  2.37137371e-02  0.000491256
26  6.18965819e-02  0.000625198
26  3.83118685e-02  0.000564239
28  1.00000000e-06  0
28  2.61015722e-06  0
28  1.61559810e-06  0
28  4.21696503e-06  0
28  1.10069417e-05  0
28  6.81292069e-06  0
28  1.77827941e-05  0
28  4.64158883e-05  0
28  2.87298483e-05  0
28  1.21152766e-04  0
28  7.49894209e-05  0
28  1.95734178e-04  0
28  5.10896977e-04  0
28  3.16227766e-04  0
28  5.62341325e-03  0.000163599
28  2.15443469e-03  3.02847e-05
28  3.48070059e-03  8.80929e-05
28  8.25404185e-04  1.66074e-08
28  1.33352143e-03  4.00456e-06
28  9.08517576e-03  0.000242964
28  1.46779927e-02  0.000332884
28  6.18965819e-02  0.00051288
28  3.83118685e-02  0.000476022
28  1.00000000e-01  0.000544364
28  2.37137371e-02  0.000413573
30  1.00000000e-06  0
30  1.61559810e-06  0
30  2.61015722e-06  0
30  4.21696503e-06  0
30  6.81292069e-06  0
30  1.10069417e-05  0
30  1.77827941e-05  0
30  2.87298483e-05  0
30  4.64158883e-05  0
30  3.16227766e-04  0
30  1.95734178e-04  0
30  7.49894209e-05  0
30  1.21152766e-04  0
30  5.10896977e-04  0
30  9.08517576e-03  0.00019004
30  2.15443469e-03  2.39247e-05
30  8.25404185e-04  1.31138e-08
30  1.33352143e-03  3.16367e-06
30  3.48070059e-03  6.92514e-05
30  2.37137371e-02  0.000312146
30  5.62341325e-03  0.000129677
30  1.00000000e-01  0.000436931
30  3.83118685e-02  0.000371522
30  1.46779927e-02  0.000261161
30  6.18965819e-02  0.000399139
32  1.00000000e-06  0
32  2.61015722e-06  0
32  1.61559810e-06  0
32  4.21696503e-06  0
32  6.81292069e-06  0
32  1.10069417e-05  0
32  1.77827941e-05  0
32  7.49894209e-05  0
32  2.87298483e-05  0
32  4.64158883e-05  0
32  1.95734178e-04  0
32  1.21152766e-04  0
32  3.16227766e-04  0
32  5.10896977e-04  0
32  8.25404185e-04  9.54374e-09
32  1.33352143e-03  2.28504e-06
32  3.48070059e-03  4.92896e-05
32  2.15443469e-03  1.72917e-05
32  5.62341325e-03  9.14233e-05
32  1.46779927e-02  0.000186221
32  9.08517576e-03  0.00013793
32  6.18965819e-02  0.000284146
32  2.37137371e-02  0.00022978
32  1.00000000e-01  0.000306938
32  3.83118685e-02  0.000263569
4  1.00000000e-06  0
4  1.61559810e-06  0
4  2.61015722e-06  0
4  4.21696503e-06  0
4  6.81292069e-06  0
4  1.10069417e-05  0
4  4.64158883e-05  0
4  1.77827941e-05  0
4  2.87298483e-05  0
4  3.16227766e-04  0
4  1.95734178e-04  0
4  7.49894209e-05  0
4  1.21152766e-04  0
4  5.10896977e-04  0
4  9.08517576e-03  0.00049385
4  8.25404185e-04  3.27022e-08
4  1.46779927e-02  0.000665856
4  5.62341325e-03  0.000336998
4  1.33352143e-03  7.91917e-06
4  2.15443469e-03  6.09933e-05
4  3.48070059e-03  0.00017783
4  1.00000000e-01  0.00110178
4  2.37137371e-02  0.000833232
4  6.18965819e-02  0.00105742
4  3.83118685e-02  0.000966378
6  1.00000000e-06  0
6  1.61559810e-06  0
6  2.61015722e-06  0
6  4.21696503e-06  0
6  1.10069417e-05  0
6  6.81292069e-06  0
6  1.77827941e-05  0
6  2.87298483e-05  0
6  4.64158883e-05  0
6  1.21152766e-04  0
6  7.49894209e-05  0
6  1.95734178e-04  0
6  3.16227766e-04  0
6  5.10896977e-04  0
6  2.15443469e-03  6.00522e-05
6  1.33352143e-03  7.78311e-06
6  9.08517576e-03  0.000490655
6  8.25404185e-04  3.24668e-08
6  3.48070059e-03  0.000176247
6  5.62341325e-03  0.000332719
6  1.46779927e-02  0.000670716
6  1.00000000e-01  0.00112949
6  3.83118685e-02  0.000915928
6  2.37137371e-02  0.000827981
6  6.18965819e-02  0.00104262
8  1.00000000e-06  0
8  1.61559810e-06  0
8  2.61015722e-06  0
8  6.81292069e-06  0
8  4.21696503e-06  0
8  1.77827941e-05  0
8  1.10069417e-05  0
8  4.64158883e-05  0
8  2.87298483e-05  0
8  7.49894209e-05  0
8  1.21152766e-04  0
8  1.95734178e-04  0
8  5.10896977e-04  0
8  3.16227766e-04  0
8  8.25404185e-04  3.2192e-08
8  2.15443469e-03  5.88116e-05
8  1.33352143e-03  7.75924e-06
8  1.46779927e-02  0.000642781
8  2.37137371e-02  0.000799092
8  5.62341325e-03  0.000323999
8  9.08517576e-03  0.000493084
8  3.48070059e-03  0.000173748
8  3.83118685e-02  0.000941129
8  6.18965819e-02  0.00103335
8  1.00000000e-01  0.00108327
