# diffractive D0 dsigma/(d2pD0 dy dx_po), Pb target, BCFY fragmentation, An0n channel
# generated      : 2026-07-28 16:33:59 EEST
# calls          : 1e5 (VEGAS calls per point)
# dipole samples : data/Pb/mve/glauber_mve_<b>
# x_po grid      : 1e-6 to 0.1, 25 log-spaced points
# fixed rapidity y : 1.0
# fixed pD0        : 4.0
# ============================================================
# b  x_po  dsigma_dxpo
0  1.61559810e-06  0
0  1.00000000e-06  0
0  4.21696503e-06  0
0  2.61015722e-06  0
0  6.81292069e-06  0
0  1.10069417e-05  0
0  1.77827941e-05  0
0  2.87298483e-05  0
0  7.49894209e-05  0
0  4.64158883e-05  0
0  1.21152766e-04  0
0  1.95734178e-04  0
0  2.15443469e-03  0.0409519
0  3.48070059e-03  0.0604846
0  3.16227766e-04  1.2346e-11
0  5.10896977e-04  0.00039267
0  8.25404185e-04  0.00652139
0  1.33352143e-03  0.0216199
0  5.62341325e-03  0.0790286
0  1.46779927e-02  0.101718
0  9.08517576e-03  0.0926751
0  3.83118685e-02  0.119947
0  1.00000000e-01  0.129329
0  2.37137371e-02  0.11451
0  6.18965819e-02  0.127077
10  1.00000000e-06  0
10  1.61559810e-06  0
10  2.61015722e-06  0
10  4.21696503e-06  0
10  6.81292069e-06  0
10  1.10069417e-05  0
10  1.77827941e-05  0
10  2.87298483e-05  0
10  4.64158883e-05  0
10  1.21152766e-04  0
10  1.95734178e-04  0
10  7.49894209e-05  0
10  8.25404185e-04  0.00613764
10  5.10896977e-04  0.000372819
10  3.48070059e-03  0.0572715
10  2.15443469e-03  0.0391271
10  3.16227766e-04  1.18324e-11
10  9.08517576e-03  0.0847036
10  5.62341325e-03  0.0743397
10  1.33352143e-03  0.0206609
10  1.00000000e-01  0.125681
10  6.18965819e-02  0.121804
10  1.46779927e-02  0.0960019
10  2.37137371e-02  0.109321
10  3.83118685e-02  0.114624
12  1.00000000e-06  0
12  2.61015722e-06  0
12  1.61559810e-06  0
12  4.21696503e-06  0
12  6.81292069e-06  0
12  1.10069417e-05  0
12  1.77827941e-05  0
12  2.87298483e-05  0
12  4.64158883e-05  0
12  7.49894209e-05  0
12  1.21152766e-04  0
12  1.95734178e-04  0
12  5.10896977e-04  0.000363057
12  2.15443469e-03  0.0383913
12  3.16227766e-04  1.15841e-11
12  8.25404185e-04  0.0061024
12  1.33352143e-03  0.0202035
12  3.48070059e-03  0.0577144
12  5.62341325e-03  0.0736668
12  1.46779927e-02  0.097414
12  9.08517576e-03  0.0838945
12  3.83118685e-02  0.11413
12  1.00000000e-01  0.122179
12  2.37137371e-02  0.106729
12  6.18965819e-02  0.119171
14  1.00000000e-06  0
14  1.61559810e-06  0
14  2.61015722e-06  0
14  4.21696503e-06  0
14  1.77827941e-05  0
14  6.81292069e-06  0
14  1.10069417e-05  0
14  4.64158883e-05  0
14  2.87298483e-05  0
14  7.49894209e-05  0
14  1.21152766e-04  0
14  1.95734178e-04  0
14  5.10896977e-04  0.000357779
14  3.16227766e-04  1.12272e-11
14  8.25404185e-04  0.00594954
14  2.15443469e-03  0.0378603
14  5.62341325e-03  0.0701505
14  1.33352143e-03  0.0196834
14  3.48070059e-03  0.0558629
14  1.46779927e-02  0.0906842
14  3.83118685e-02  0.111476
14  9.08517576e-03  0.0837929
14  2.37137371e-02  0.100089
14  1.00000000e-01  0.116053
14  6.18965819e-02  0.115585
16  1.00000000e-06  0
16  2.61015722e-06  0
16  1.61559810e-06  0
16  4.21696503e-06  0
16  6.81292069e-06  0
16  1.77827941e-05  0
16  1.10069417e-05  0
16  2.87298483e-05  0
16  4.64158883e-05  0
16  7.49894209e-05  0
16  1.21152766e-04  0
16  1.95734178e-04  0
16  3.48070059e-03  0.0537924
16  5.10896977e-04  0.000346298
16  1.33352143e-03  0.0187844
16  2.15443469e-03  0.0360046
16  3.16227766e-04  1.09039e-11
16  8.25404185e-04  0.00574911
16  5.62341325e-03  0.0678946
16  1.46779927e-02  0.0901774
16  9.08517576e-03  0.0781732
16  1.00000000e-01  0.112638
16  3.83118685e-02  0.104534
16  6.18965819e-02  0.111012
16  2.37137371e-02  0.0998379
18  1.00000000e-06  0
18  2.61015722e-06  0
18  1.61559810e-06  0
18  6.81292069e-06  0
18  1.10069417e-05  0
18  4.21696503e-06  0
18  1.77827941e-05  0
18  2.87298483e-05  0
18  4.64158883e-05  0
18  1.95734178e-04  0
18  7.49894209e-05  0
18  1.21152766e-04  0
18  1.33352143e-03  0.0179654
18  2.15443469e-03  0.0343451
18  5.10896977e-04  0.000329632
18  3.16227766e-04  1.0404e-11
18  3.48070059e-03  0.051815
18  1.46779927e-02  0.0857437
18  8.25404185e-04  0.0055177
18  9.08517576e-03  0.0774042
18  5.62341325e-03  0.0664859
18  6.18965819e-02  0.105905
18  2.37137371e-02  0.0948507
18  3.83118685e-02  0.100218
18  1.00000000e-01  0.107291
2  1.61559810e-06  0
2  2.61015722e-06  0
2  1.00000000e-06  0
2  4.21696503e-06  0
2  6.81292069e-06  0
2  1.10069417e-05  0
2  1.77827941e-05  0
2  2.87298483e-05  0
2  7.49894209e-05  0
2  1.21152766e-04  0
2  4.64158883e-05  0
2  1.95734178e-04  0
2  1.33352143e-03  0.0213886
2  8.25404185e-04  0.00650294
2  2.15443469e-03  0.0409078
2  3.16227766e-04  1.23285e-11
2  5.62341325e-03  0.0770768
2  9.08517576e-03  0.0895246
2  3.48070059e-03  0.0606368
2  5.10896977e-04  0.000391623
2  3.83118685e-02  0.121162
2  1.00000000e-01  0.129065
2  1.46779927e-02  0.104636
2  6.18965819e-02  0.127519
2  2.37137371e-02  0.114333
20  1.61559810e-06  0
20  1.00000000e-06  0
20  2.61015722e-06  0
20  4.21696503e-06  0
20  1.77827941e-05  0
20  1.10069417e-05  0
20  6.81292069e-06  0
20  2.87298483e-05  0
20  1.21152766e-04  0
20  7.49894209e-05  0
20  4.64158883e-05  0
20  1.95734178e-04  0
20  1.33352143e-03  0.0171353
20  2.15443469e-03  0.0325816
20  8.25404185e-04  0.00517202
20  3.16227766e-04  9.86945e-12
20  5.10896977e-04  0.000315198
20  5.62341325e-03  0.0623942
20  1.46779927e-02  0.0830855
20  3.48070059e-03  0.048957
20  9.08517576e-03  0.0729557
20  3.83118685e-02  0.0950559
20  2.37137371e-02  0.0901351
20  6.18965819e-02  0.100211
20  1.00000000e-01  0.101506
22  1.00000000e-06  0
22  1.61559810e-06  0
22  2.61015722e-06  0
22  4.21696503e-06  0
22  1.10069417e-05  0
22  6.81292069e-06  0
22  1.77827941e-05  0
22  2.87298483e-05  0
22  4.64158883e-05  0
22  1.21152766e-04  0
22  7.49894209e-05  0
22  1.95734178e-04  0
22  5.10896977e-04  0.000292647
22  1.33352143e-03  0.0160027
22  3.16227766e-04  9.19853e-12
22  2.15443469e-03  0.0310485
22  8.25404185e-04  0.00490104
22  1.46779927e-02  0.0751277
22  5.62341325e-03  0.0582908
22  3.48070059e-03  0.0457324
22  6.18965819e-02  0.0919259
22  9.08517576e-03  0.0677736
22  3.83118685e-02  0.0887895
22  2.37137371e-02  0.0835532
22  1.00000000e-01  0.0947659
24  1.00000000e-06  0
24  1.61559810e-06  0
24  2.61015722e-06  0
24  4.21696503e-06  0
24  6.81292069e-06  0
24  1.10069417e-05  0
24  1.77827941e-05  0
24  2.87298483e-05  0
24  4.64158883e-05  0
24  7.49894209e-05  0
24  1.21152766e-04  0
24  1.95734178e-04  0
24  3.16227766e-04  8.37415e-12
24  5.10896977e-04  0.000268878
24  3.48070059e-03  0.0406001
24  1.33352143e-03  0.01462
24  8.25404185e-04  0.00447725
24  2.15443469e-03  0.0283566
24  5.62341325e-03  0.0518468
24  9.08517576e-03  0.0618182
24  3.83118685e-02  0.0798532
24  6.18965819e-02  0.0857605
24  1.46779927e-02  0.0698808
24  2.37137371e-02  0.0756822
24  1.00000000e-01  0.0864696
26  1.00000000e-06  0
26  1.61559810e-06  0
26  2.61015722e-06  0
26  4.21696503e-06  0
26  6.81292069e-06  0
26  1.77827941e-05  0
26  1.10069417e-05  0
26  4.64158883e-05  0
26  2.87298483e-05  0
26  7.49894209e-05  0
26  1.95734178e-04  0
26  1.21152766e-04  0
26  1.33352143e-03  0.0129861
26  3.16227766e-04  7.47631e-12
26  3.48070059e-03  0.0364313
26  8.25404185e-04  0.00399588
26  5.62341325e-03  0.0464633
26  5.10896977e-04  0.000240533
26  2.15443469e-03  0.0250682
26  9.08517576e-03  0.0544004
26  1.46779927e-02  0.0591958
26  2.37137371e-02  0.0670115
26  6.18965819e-02  0.0741614
26  3.83118685e-02  0.0707866
26  1.00000000e-01  0.0754394
28  1.00000000e-06  0
28  1.61559810e-06  0
28  2.61015722e-06  0
28  4.21696503e-06  0
28  1.10069417e-05  0
28  6.81292069e-06  0
28  2.87298483e-05  0
28  1.77827941e-05  0
28  4.64158883e-05  0
28  7.49894209e-05  0
28  1.95734178e-04  0
28  1.21152766e-04  0
28  2.15443469e-03  0.0210367
28  3.48070059e-03  0.030786
28  3.16227766e-04  6.32362e-12
28  5.10896977e-04  0.000204341
28  8.25404185e-04  0.00336561
28  1.33352143e-03  0.0110822
28  9.08517576e-03  0.04417
28  5.62341325e-03  0.0394456
28  1.00000000e-01  0.061312
28  1.46779927e-02  0.0515045
28  3.83118685e-02  0.059284
28  2.37137371e-02  0.0562932
28  6.18965819e-02  0.0626471
30  1.00000000e-06  0
30  2.61015722e-06  0
30  1.61559810e-06  0
30  4.21696503e-06  0
30  6.81292069e-06  0
30  1.77827941e-05  0
30  2.87298483e-05  0
30  1.10069417e-05  0
30  7.49894209e-05  0
30  4.64158883e-05  0
30  1.21152766e-04  0
30  1.95734178e-04  0
30  1.33352143e-03  0.0088104
30  3.16227766e-04  5.08383e-12
30  8.25404185e-04  0.00269663
30  9.08517576e-03  0.0347838
30  3.48070059e-03  0.0245846
30  5.10896977e-04  0.000164218
30  2.15443469e-03  0.0168893
30  1.46779927e-02  0.0392986
30  3.83118685e-02  0.0472167
30  5.62341325e-03  0.0310294
30  1.00000000e-01  0.050959
30  6.18965819e-02  0.0494594
30  2.37137371e-02  0.044312
32  1.61559810e-06  0
32  1.00000000e-06  0
32  4.21696503e-06  0
32  2.61015722e-06  0
32  6.81292069e-06  0
32  1.10069417e-05  0
32  1.77827941e-05  0
32  2.87298483e-05  0
32  7.49894209e-05  0
32  4.64158883e-05  0
32  1.21152766e-04  0
32  1.95734178e-04  0
32  3.16227766e-04  3.67817e-12
32  8.25404185e-04  0.00199118
32  5.10896977e-04  0.000121497
32  2.15443469e-03  0.0122887
32  1.33352143e-03  0.00653511
32  3.48070059e-03  0.0178102
32  5.62341325e-03  0.0222538
32  2.37137371e-02  0.0308036
32  1.46779927e-02  0.0288946
32  9.08517576e-03  0.025569
32  3.83118685e-02  0.0323927
32  6.18965819e-02  0.0346971
32  1.00000000e-01  0.0342967
4  1.00000000e-06  0
4  2.61015722e-06  0
4  1.61559810e-06  0
4  6.81292069e-06  0
4  1.10069417e-05  0
4  4.21696503e-06  0
4  1.77827941e-05  0
4  2.87298483e-05  0
4  7.49894209e-05  0
4  4.64158883e-05  0
4  1.21152766e-04  0
4  1.95734178e-04  0
4  1.33352143e-03  0.021062
4  8.25404185e-04  0.00640584
4  3.16227766e-04  1.2336e-11
4  2.15443469e-03  0.0407415
4  5.10896977e-04  0.000390117
4  3.48070059e-03  0.0602692
4  6.18965819e-02  0.125999
4  2.37137371e-02  0.113613
4  9.08517576e-03  0.0919386
4  3.83118685e-02  0.119465
4  5.62341325e-03  0.078672
4  1.46779927e-02  0.10407
4  1.00000000e-01  0.128451
6  1.00000000e-06  0
6  1.61559810e-06  0
6  2.61015722e-06  0
6  4.21696503e-06  0
6  6.81292069e-06  0
6  1.10069417e-05  0
6  1.77827941e-05  0
6  2.87298483e-05  0
6  4.64158883e-05  0
6  7.49894209e-05  0
6  1.21152766e-04  0
6  1.95734178e-04  0
6  8.25404185e-04  0.00634151
6  2.15443469e-03  0.0402391
6  3.16227766e-04  1.22334e-11
6  1.33352143e-03  0.021106
6  3.48070059e-03  0.0594847
6  5.10896977e-04  0.000385425
6  5.62341325e-03  0.0775575
6  9.08517576e-03  0.090861
6  3.83118685e-02  0.11844
6  1.46779927e-02  0.10286
6  2.37137371e-02  0.112787
6  6.18965819e-02  0.125249
6  1.00000000e-01  0.127542
8  1.00000000e-06  0
8  1.61559810e-06  0
8  2.61015722e-06  0
8  4.21696503e-06  0
8  6.81292069e-06  0
8  1.10069417e-05  0
8  1.77827941e-05  0
8  2.87298483e-05  0
8  1.21152766e-04  0
8  7.49894209e-05  0
8  4.64158883e-05  0
8  1.95734178e-04  0
8  3.16227766e-04  1.19715e-11
8  2.15443469e-03  0.0399803
8  8.25404185e-04  0.00633499
8  5.10896977e-04  0.000379092
8  3.48070059e-03  0.0600523
8  5.62341325e-03  0.0752101
8  1.46779927e-02  0.10006
8  1.33352143e-03  0.0209726
8  3.83118685e-02  0.117726
8  6.18965819e-02  0.121788
8  1.00000000e-01  0.121883
8  9.08517576e-03  0.0892483
8  2.37137371e-02  0.111377
