# diffractive D0 dsigma/(d2pD0 dy dx_po), Pb target, KniehlKramer fragmentation, An0n channel
# generated      : 2026-07-28 17:25:01 EEST
# calls          : 1e5 (VEGAS calls per point)
# dipole samples : data/Pb/mve/glauber_mve_<b>
# x_po grid      : 1e-6 to 0.1, 25 log-spaced points
# fixed rapidity y : 4.0
# fixed pD0        : 1.0
# ============================================================
# b  x_po  dsigma_dxpo
0  1.00000000e-06  0
0  1.61559810e-06  0
0  2.61015722e-06  0
0  4.21696503e-06  0
0  1.77827941e-05  0.000113695
0  1.10069417e-05  6.35069e-07
0  7.49894209e-05  0.00712526
0  6.81292069e-06  1.6723e-23
0  2.87298483e-05  0.001039
0  1.21152766e-04  0.0113691
0  4.64158883e-05  0.0034568
0  5.10896977e-04  0.0207874
0  3.48070059e-03  0.0247355
0  1.95734178e-04  0.0154365
0  1.33352143e-03  0.0237872
0  2.15443469e-03  0.0245103
0  8.25404185e-04  0.0229991
0  3.16227766e-04  0.0187682
0  1.46779927e-02  0.0261436
0  2.37137371e-02  0.0264692
0  9.08517576e-03  0.025638
0  6.18965819e-02  0.026455
0  5.62341325e-03  0.0253677
0  1.00000000e-01  0.0264731
0  3.83118685e-02  0.0262737
10  1.00000000e-06  0
10  1.61559810e-06  0
10  2.61015722e-06  0
10  4.21696503e-06  0
10  1.77827941e-05  0.0001114
10  6.81292069e-06  1.60832e-23
10  1.10069417e-05  6.17634e-07
10  4.64158883e-05  0.00337757
10  2.87298483e-05  0.00101586
10  1.21152766e-04  0.0109901
10  1.95734178e-04  0.0148221
10  7.49894209e-05  0.00700114
10  1.33352143e-03  0.0230297
10  3.16227766e-04  0.0182841
10  5.10896977e-04  0.0207044
10  8.25404185e-04  0.0223889
10  2.15443469e-03  0.0242194
10  3.48070059e-03  0.024167
10  2.37137371e-02  0.0255721
10  1.46779927e-02  0.0249742
10  3.83118685e-02  0.0258148
10  6.18965819e-02  0.0261385
10  9.08517576e-03  0.025066
10  5.62341325e-03  0.0245315
10  1.00000000e-01  0.0257059
12  1.00000000e-06  0
12  1.61559810e-06  0
12  2.61015722e-06  0
12  4.21696503e-06  0
12  6.81292069e-06  1.02953e-23
12  1.77827941e-05  0.000110717
12  1.10069417e-05  6.11454e-07
12  1.21152766e-04  0.0108748
12  4.64158883e-05  0.00333756
12  2.87298483e-05  0.00100563
12  1.95734178e-04  0.0145681
12  7.49894209e-05  0.0069002
12  5.10896977e-04  0.0201082
12  1.33352143e-03  0.0226834
12  8.25404185e-04  0.0221032
12  3.16227766e-04  0.0180698
12  3.48070059e-03  0.0240625
12  2.15443469e-03  0.0238663
12  5.62341325e-03  0.0241334
12  9.08517576e-03  0.0244894
12  2.37137371e-02  0.0251119
12  1.46779927e-02  0.0247152
12  3.83118685e-02  0.0251608
12  1.00000000e-01  0.0253606
12  6.18965819e-02  0.0251959
14  1.00000000e-06  0
14  2.61015722e-06  0
14  1.61559810e-06  0
14  4.21696503e-06  0
14  1.77827941e-05  0.000108859
14  6.81292069e-06  1.55951e-23
14  1.10069417e-05  6.03968e-07
14  2.87298483e-05  0.000986829
14  4.64158883e-05  0.00329241
14  7.49894209e-05  0.00681152
14  1.95734178e-04  0.0145162
14  1.33352143e-03  0.0225171
14  1.21152766e-04  0.0108274
14  2.15443469e-03  0.023019
14  3.16227766e-04  0.0178215
14  8.25404185e-04  0.0217162
14  5.10896977e-04  0.0200571
14  2.37137371e-02  0.0244539
14  3.48070059e-03  0.0235274
14  5.62341325e-03  0.0236466
14  1.46779927e-02  0.0242206
14  9.08517576e-03  0.023994
14  6.18965819e-02  0.0246494
14  3.83118685e-02  0.0245689
14  1.00000000e-01  0.0247305
16  1.00000000e-06  0
16  1.61559810e-06  0
16  2.61015722e-06  0
16  4.21696503e-06  0
16  1.10069417e-05  5.91764e-07
16  1.77827941e-05  0.000106892
16  6.81292069e-06  1.49465e-23
16  2.87298483e-05  0.000969694
16  7.49894209e-05  0.00668269
16  3.16227766e-04  0.0170901
16  1.95734178e-04  0.0142146
16  4.64158883e-05  0.00324716
16  1.21152766e-04  0.0106689
16  8.25404185e-04  0.0207985
16  5.10896977e-04  0.0193846
16  2.15443469e-03  0.0227592
16  1.46779927e-02  0.0240681
16  2.37137371e-02  0.0239941
16  5.62341325e-03  0.0231307
16  1.33352143e-03  0.0222865
16  3.83118685e-02  0.0242458
16  3.48070059e-03  0.0230467
16  6.18965819e-02  0.0239414
16  9.08517576e-03  0.0235005
16  1.00000000e-01  0.0243301
18  1.61559810e-06  0
18  1.00000000e-06  0
18  2.61015722e-06  0
18  4.21696503e-06  0
18  1.10069417e-05  5.72495e-07
18  1.77827941e-05  0.000105371
18  1.21152766e-04  0.0103535
18  7.49894209e-05  0.00654307
18  6.81292069e-06  1.45124e-23
18  4.64158883e-05  0.00316663
18  2.87298483e-05  0.000948966
18  2.15443469e-03  0.0217904
18  1.33352143e-03  0.0211783
18  1.95734178e-04  0.0139489
18  8.25404185e-04  0.0203598
18  9.08517576e-03  0.0227085
18  3.16227766e-04  0.0170431
18  5.62341325e-03  0.0224004
18  3.48070059e-03  0.0220772
18  5.10896977e-04  0.0192126
18  3.83118685e-02  0.0229684
18  2.37137371e-02  0.0229814
18  1.00000000e-01  0.0234741
18  1.46779927e-02  0.0228848
18  6.18965819e-02  0.0232417
2  1.00000000e-06  0
2  1.61559810e-06  0
2  2.61015722e-06  0
2  4.21696503e-06  0
2  1.77827941e-05  0.000113543
2  1.10069417e-05  6.33508e-07
2  2.87298483e-05  0.00103675
2  6.81292069e-06  1.65077e-23
2  4.64158883e-05  0.00345644
2  1.95734178e-04  0.0151794
2  7.49894209e-05  0.00717991
2  3.16227766e-04  0.0184432
2  1.21152766e-04  0.0114209
2  5.10896977e-04  0.0206099
2  1.33352143e-03  0.0236929
2  5.62341325e-03  0.0252851
2  8.25404185e-04  0.0229518
2  2.15443469e-03  0.0249014
2  9.08517576e-03  0.0255501
2  1.46779927e-02  0.0260942
2  2.37137371e-02  0.0265181
2  3.48070059e-03  0.0251467
2  3.83118685e-02  0.0264155
2  1.00000000e-01  0.0265906
2  6.18965819e-02  0.0262909
20  1.61559810e-06  0
20  1.00000000e-06  0
20  2.61015722e-06  0
20  4.21696503e-06  0
20  6.81292069e-06  1.02093e-23
20  2.87298483e-05  0.000923553
20  7.49894209e-05  0.00632736
20  1.77827941e-05  0.000101431
20  1.95734178e-04  0.0134976
20  1.10069417e-05  5.60931e-07
20  3.16227766e-04  0.0162757
20  4.64158883e-05  0.00309047
20  5.10896977e-04  0.018069
20  1.21152766e-04  0.0101262
20  1.33352143e-03  0.0205453
20  3.48070059e-03  0.021282
20  5.62341325e-03  0.021634
20  8.25404185e-04  0.0199555
20  9.08517576e-03  0.0216122
20  2.15443469e-03  0.0215602
20  1.46779927e-02  0.0217752
20  2.37137371e-02  0.0223698
20  3.83118685e-02  0.022359
20  6.18965819e-02  0.0226755
20  1.00000000e-01  0.0225706
22  1.00000000e-06  0
22  1.61559810e-06  0
22  2.61015722e-06  0
22  4.21696503e-06  0
22  1.10069417e-05  5.35798e-07
22  1.77827941e-05  9.82511e-05
22  1.21152766e-04  0.00967019
22  6.81292069e-06  1.29391e-23
22  2.87298483e-05  0.000890438
22  4.64158883e-05  0.00298359
22  5.10896977e-04  0.0174861
22  1.95734178e-04  0.0131091
22  7.49894209e-05  0.00618536
22  8.25404185e-04  0.0187624
22  2.15443469e-03  0.019994
22  3.48070059e-03  0.0203304
22  3.16227766e-04  0.0158551
22  1.33352143e-03  0.0199704
22  1.46779927e-02  0.0210463
22  3.83118685e-02  0.0211786
22  1.00000000e-01  0.0216287
22  5.62341325e-03  0.0205103
22  9.08517576e-03  0.0207908
22  2.37137371e-02  0.0212443
22  6.18965819e-02  0.0212634
24  1.00000000e-06  0
24  1.61559810e-06  0
24  2.61015722e-06  0
24  4.21696503e-06  0
24  1.10069417e-05  5.07704e-07
24  1.77827941e-05  9.26545e-05
24  6.81292069e-06  1.21708e-23
24  4.64158883e-05  0.00283902
24  2.87298483e-05  0.000856881
24  3.16227766e-04  0.0146898
24  7.49894209e-05  0.00585916
24  8.25404185e-04  0.0177422
24  1.95734178e-04  0.0124553
24  1.21152766e-04  0.00929482
24  2.15443469e-03  0.018825
24  1.33352143e-03  0.0184412
24  5.10896977e-04  0.0168003
24  1.46779927e-02  0.0198984
24  3.48070059e-03  0.0189401
24  2.37137371e-02  0.019973
24  9.08517576e-03  0.0194344
24  5.62341325e-03  0.0190857
24  3.83118685e-02  0.0198146
24  6.18965819e-02  0.0198076
24  1.00000000e-01  0.0200041
26  1.00000000e-06  0
26  2.61015722e-06  0
26  1.61559810e-06  0
26  4.21696503e-06  0
26  6.81292069e-06  7.50219e-24
26  1.10069417e-05  4.71643e-07
26  4.64158883e-05  0.00266108
26  1.21152766e-04  0.00860904
26  1.77827941e-05  8.78168e-05
26  7.49894209e-05  0.00551081
26  2.87298483e-05  0.000801911
26  1.95734178e-04  0.0116135
26  8.25404185e-04  0.0166481
26  5.10896977e-04  0.0155648
26  2.15443469e-03  0.0172547
26  3.16227766e-04  0.0139228
26  9.08517576e-03  0.0174855
26  1.33352143e-03  0.0172291
26  3.83118685e-02  0.0181807
26  3.48070059e-03  0.0175111
26  2.37137371e-02  0.0179355
26  5.62341325e-03  0.0173974
26  1.46779927e-02  0.0174972
26  1.00000000e-01  0.0179943
26  6.18965819e-02  0.0181016
28  1.00000000e-06  0
28  1.61559810e-06  0
28  2.61015722e-06  0
28  4.21696503e-06  0
28  6.81292069e-06  9.56414e-24
28  2.87298483e-05  0.000731838
28  1.77827941e-05  7.95313e-05
28  7.49894209e-05  0.00498095
28  1.10069417e-05  4.29171e-07
28  4.64158883e-05  0.00244699
28  1.21152766e-04  0.0078911
28  1.95734178e-04  0.010486
28  8.25404185e-04  0.0148057
28  3.16227766e-04  0.0125195
28  1.33352143e-03  0.0149653
28  5.10896977e-04  0.013967
28  2.15443469e-03  0.0150948
28  5.62341325e-03  0.015431
28  9.08517576e-03  0.0153587
28  1.46779927e-02  0.0153438
28  2.37137371e-02  0.0155509
28  3.48070059e-03  0.0152693
28  3.83118685e-02  0.0156353
28  1.00000000e-01  0.0154416
28  6.18965819e-02  0.015651
30  1.00000000e-06  0
30  1.61559810e-06  0
30  2.61015722e-06  0
30  4.21696503e-06  0
30  6.81292069e-06  7.9042e-24
30  1.10069417e-05  3.7087e-07
30  4.64158883e-05  0.00213451
30  7.49894209e-05  0.00436998
30  1.77827941e-05  7.00113e-05
30  2.87298483e-05  0.000646249
30  1.95734178e-04  0.00908854
30  1.21152766e-04  0.00687074
30  8.25404185e-04  0.0125071
30  5.10896977e-04  0.011872
30  1.33352143e-03  0.0124918
30  3.48070059e-03  0.0127958
30  3.16227766e-04  0.0107931
30  5.62341325e-03  0.0125257
30  2.15443469e-03  0.0127178
30  3.83118685e-02  0.0128797
30  1.46779927e-02  0.0127019
30  9.08517576e-03  0.0125315
30  2.37137371e-02  0.012653
30  6.18965819e-02  0.0127007
30  1.00000000e-01  0.0125951
32  1.00000000e-06  0
32  1.61559810e-06  0
32  2.61015722e-06  0
32  4.21696503e-06  0
32  1.10069417e-05  3.05107e-07
32  2.87298483e-05  0.000534467
32  1.77827941e-05  5.78476e-05
32  6.81292069e-06  6.06736e-24
32  7.49894209e-05  0.00359345
32  5.10896977e-04  0.00948408
32  4.64158883e-05  0.00178448
32  1.21152766e-04  0.0056392
32  3.16227766e-04  0.00868612
32  1.95734178e-04  0.00738209
32  8.25404185e-04  0.00979654
32  3.48070059e-03  0.00981933
32  1.33352143e-03  0.0098671
32  9.08517576e-03  0.00968211
32  2.15443469e-03  0.00973676
32  5.62341325e-03  0.00955953
32  3.83118685e-02  0.00943459
32  1.46779927e-02  0.0096892
32  2.37137371e-02  0.00926554
32  6.18965819e-02  0.00948522
32  1.00000000e-01  0.00954194
4  1.00000000e-06  0
4  1.61559810e-06  0
4  2.61015722e-06  0
4  4.21696503e-06  0
4  6.81292069e-06  1.65132e-23
4  1.10069417e-05  6.27558e-07
4  1.77827941e-05  0.000113382
4  2.87298483e-05  0.00103785
4  3.16227766e-04  0.0183752
4  4.64158883e-05  0.00344636
4  1.95734178e-04  0.0153502
4  7.49894209e-05  0.00715584
4  1.21152766e-04  0.0113731
4  8.25404185e-04  0.0229818
4  5.10896977e-04  0.0212031
4  3.48070059e-03  0.0248292
4  5.62341325e-03  0.0252462
4  1.46779927e-02  0.0258672
4  1.33352143e-03  0.0241014
4  2.15443469e-03  0.0247627
4  2.37137371e-02  0.0257511
4  9.08517576e-03  0.0256476
4  1.00000000e-01  0.0264289
4  3.83118685e-02  0.026141
4  6.18965819e-02  0.0263008
6  1.00000000e-06  0
6  1.61559810e-06  0
6  2.61015722e-06  0
6  4.21696503e-06  0
6  2.87298483e-05  0.00102533
6  6.81292069e-06  1.63369e-23
6  1.10069417e-05  6.3068e-07
6  1.77827941e-05  0.000112981
6  1.95734178e-04  0.0150444
6  7.49894209e-05  0.0070988
6  4.64158883e-05  0.00343919
6  1.21152766e-04  0.0112963
6  3.16227766e-04  0.0185917
6  5.10896977e-04  0.0210832
6  5.62341325e-03  0.0251567
6  8.25404185e-04  0.0227289
6  1.46779927e-02  0.0255714
6  2.15443469e-03  0.0247407
6  3.48070059e-03  0.0248918
6  1.33352143e-03  0.0239451
6  9.08517576e-03  0.0254236
6  2.37137371e-02  0.0258286
6  6.18965819e-02  0.0259929
6  1.00000000e-01  0.0261854
6  3.83118685e-02  0.0261223
8  1.00000000e-06  0
8  1.61559810e-06  0
8  2.61015722e-06  0
8  4.21696503e-06  0
8  6.81292069e-06  1.63248e-23
8  1.10069417e-05  6.25471e-07
8  7.49894209e-05  0.0070226
8  1.77827941e-05  0.00011246
8  3.16227766e-04  0.0182189
8  4.64158883e-05  0.00340872
8  2.87298483e-05  0.00102097
8  1.21152766e-04  0.0111832
8  1.95734178e-04  0.015114
8  2.15443469e-03  0.02382
8  3.48070059e-03  0.0242222
8  8.25404185e-04  0.0225883
8  1.33352143e-03  0.0238227
8  5.10896977e-04  0.0209171
8  2.37137371e-02  0.0257152
8  5.62341325e-03  0.0248499
8  3.83118685e-02  0.0260339
8  1.00000000e-01  0.0259191
8  1.46779927e-02  0.0254896
8  9.08517576e-03  0.0252776
8  6.18965819e-02  0.0263051
