# diffractive D0 dsigma/(d2pD0 dy dx_po), Pb target, BCFY fragmentation, An0n channel
# generated      : 2026-07-28 17:14:54 EEST
# calls          : 1e5 (VEGAS calls per point)
# dipole samples : data/Pb/mve/glauber_mve_<b>
# x_po grid      : 1e-6 to 0.1, 25 log-spaced points
# fixed rapidity y : -1.0
# fixed pD0        : 1.0
# ============================================================
# b  x_po  dsigma_dxpo
0  4.21696503e-06  0
0  6.81292069e-06  0
0  1.61559810e-06  0
0  2.61015722e-06  0
0  1.00000000e-06  0
0  1.10069417e-05  0
0  1.77827941e-05  0
0  4.64158883e-05  0
0  7.49894209e-05  0
0  2.87298483e-05  0
0  1.21152766e-04  0
0  1.95734178e-04  0
0  5.10896977e-04  0
0  3.16227766e-04  0
0  8.25404185e-04  0
0  3.48070059e-03  4.57147
0  2.15443469e-03  1.83787
0  1.33352143e-03  0.181923
0  5.62341325e-03  7.45756
0  3.83118685e-02  15.2238
0  1.46779927e-02  12.4177
0  9.08517576e-03  10.1395
0  6.18965819e-02  16.2824
0  1.00000000e-01  17.1291
0  2.37137371e-02  14.1989
10  1.00000000e-06  0
10  1.61559810e-06  0
10  4.21696503e-06  0
10  2.61015722e-06  0
10  1.10069417e-05  0
10  6.81292069e-06  0
10  2.87298483e-05  0
10  1.77827941e-05  0
10  7.49894209e-05  0
10  4.64158883e-05  0
10  1.21152766e-04  0
10  1.95734178e-04  0
10  5.10896977e-04  0
10  8.25404185e-04  0
10  3.16227766e-04  0
10  3.48070059e-03  4.4343
10  5.62341325e-03  7.21815
10  2.15443469e-03  1.78755
10  1.33352143e-03  0.175568
10  2.37137371e-02  13.6041
10  9.08517576e-03  9.83604
10  1.46779927e-02  12.0412
10  6.18965819e-02  15.695
10  3.83118685e-02  15.1248
10  1.00000000e-01  16.6674
12  1.00000000e-06  0
12  1.61559810e-06  0
12  2.61015722e-06  0
12  4.21696503e-06  0
12  6.81292069e-06  0
12  1.10069417e-05  0
12  2.87298483e-05  0
12  1.77827941e-05  0
12  3.16227766e-04  0
12  1.95734178e-04  0
12  1.21152766e-04  0
12  7.49894209e-05  0
12  4.64158883e-05  0
12  5.10896977e-04  0
12  8.25404185e-04  0
12  1.33352143e-03  0.171657
12  3.48070059e-03  4.34199
12  9.08517576e-03  9.70704
12  5.62341325e-03  7.05276
12  1.00000000e-01  16.3724
12  2.15443469e-03  1.76104
12  1.46779927e-02  11.8655
12  2.37137371e-02  13.5857
12  6.18965819e-02  15.4828
12  3.83118685e-02  14.9081
14  1.00000000e-06  0
14  1.61559810e-06  0
14  2.61015722e-06  0
14  4.21696503e-06  0
14  6.81292069e-06  0
14  1.10069417e-05  0
14  1.77827941e-05  0
14  4.64158883e-05  0
14  2.87298483e-05  0
14  7.49894209e-05  0
14  1.21152766e-04  0
14  1.95734178e-04  0
14  8.25404185e-04  0
14  5.10896977e-04  0
14  3.16227766e-04  0
14  2.15443469e-03  1.71353
14  3.48070059e-03  4.26224
14  1.33352143e-03  0.169077
14  3.83118685e-02  14.2618
14  9.08517576e-03  9.5167
14  5.62341325e-03  7.02394
14  1.46779927e-02  11.6296
14  2.37137371e-02  13.3296
14  6.18965819e-02  15.3917
14  1.00000000e-01  16.1386
16  1.00000000e-06  0
16  1.61559810e-06  0
16  2.61015722e-06  0
16  4.21696503e-06  0
16  6.81292069e-06  0
16  1.77827941e-05  0
16  1.10069417e-05  0
16  4.64158883e-05  0
16  2.87298483e-05  0
16  7.49894209e-05  0
16  1.95734178e-04  0
16  1.21152766e-04  0
16  3.16227766e-04  0
16  8.25404185e-04  0
16  5.10896977e-04  0
16  3.48070059e-03  4.17066
16  2.15443469e-03  1.67652
16  1.46779927e-02  11.0853
16  2.37137371e-02  12.8002
16  9.08517576e-03  9.31039
16  3.83118685e-02  13.8674
16  1.33352143e-03  0.164521
16  5.62341325e-03  6.83806
16  6.18965819e-02  14.8371
16  1.00000000e-01  15.6626
18  1.00000000e-06  0
18  1.61559810e-06  0
18  2.61015722e-06  0
18  4.21696503e-06  0
18  6.81292069e-06  0
18  1.10069417e-05  0
18  1.77827941e-05  0
18  2.87298483e-05  0
18  4.64158883e-05  0
18  7.49894209e-05  0
18  3.16227766e-04  0
18  1.95734178e-04  0
18  1.21152766e-04  0
18  5.10896977e-04  0
18  8.25404185e-04  0
18  5.62341325e-03  6.6138
18  9.08517576e-03  8.95108
18  1.33352143e-03  0.159047
18  3.48070059e-03  4.07453
18  1.46779927e-02  11.051
18  2.15443469e-03  1.63751
18  2.37137371e-02  12.6479
18  3.83118685e-02  13.8301
18  1.00000000e-01  15.0933
18  6.18965819e-02  14.657
2  1.00000000e-06  0
2  1.61559810e-06  0
2  2.61015722e-06  0
2  4.21696503e-06  0
2  1.10069417e-05  0
2  6.81292069e-06  0
2  2.87298483e-05  0
2  1.77827941e-05  0
2  7.49894209e-05  0
2  4.64158883e-05  0
2  1.21152766e-04  0
2  3.16227766e-04  0
2  1.95734178e-04  0
2  5.10896977e-04  0
2  8.25404185e-04  0
2  9.08517576e-03  10.012
2  3.48070059e-03  4.53729
2  1.46779927e-02  12.2277
2  5.62341325e-03  7.42798
2  6.18965819e-02  16.2952
2  2.15443469e-03  1.84714
2  1.33352143e-03  0.181623
2  2.37137371e-02  13.9674
2  3.83118685e-02  15.5331
2  1.00000000e-01  17.0416
20  1.00000000e-06  0
20  1.61559810e-06  0
20  2.61015722e-06  0
20  4.21696503e-06  0
20  6.81292069e-06  0
20  1.77827941e-05  0
20  1.10069417e-05  0
20  4.64158883e-05  0
20  2.87298483e-05  0
20  7.49894209e-05  0
20  1.21152766e-04  0
20  5.10896977e-04  0
20  3.16227766e-04  0
20  1.95734178e-04  0
20  8.25404185e-04  0
20  5.62341325e-03  6.34723
20  1.46779927e-02  10.5052
20  3.48070059e-03  3.91273
20  1.33352143e-03  0.152816
20  2.15443469e-03  1.57502
20  2.37137371e-02  12.0708
20  9.08517576e-03  8.68112
20  6.18965819e-02  14.1759
20  3.83118685e-02  13.3625
20  1.00000000e-01  14.4847
22  1.00000000e-06  0
22  1.61559810e-06  0
22  2.61015722e-06  0
22  6.81292069e-06  0
22  4.21696503e-06  0
22  1.10069417e-05  0
22  1.77827941e-05  0
22  2.87298483e-05  0
22  4.64158883e-05  0
22  7.49894209e-05  0
22  1.21152766e-04  0
22  3.16227766e-04  0
22  1.95734178e-04  0
22  5.10896977e-04  0
22  8.25404185e-04  0
22  3.48070059e-03  3.70305
22  1.33352143e-03  0.143987
22  1.46779927e-02  10.0341
22  2.15443469e-03  1.5021
22  9.08517576e-03  8.24678
22  3.83118685e-02  12.4081
22  2.37137371e-02  11.4022
22  5.62341325e-03  6.10764
22  1.00000000e-01  13.802
22  6.18965819e-02  13.3888
24  1.00000000e-06  0
24  1.61559810e-06  0
24  2.61015722e-06  0
24  4.21696503e-06  0
24  6.81292069e-06  0
24  1.10069417e-05  0
24  1.77827941e-05  0
24  2.87298483e-05  0
24  7.49894209e-05  0
24  1.21152766e-04  0
24  4.64158883e-05  0
24  1.95734178e-04  0
24  3.16227766e-04  0
24  8.25404185e-04  0
24  5.10896977e-04  0
24  9.08517576e-03  7.66543
24  1.33352143e-03  0.134849
24  2.15443469e-03  1.4084
24  2.37137371e-02  10.7126
24  3.48070059e-03  3.4954
24  5.62341325e-03  5.71472
24  1.46779927e-02  9.4881
24  1.00000000e-01  12.862
24  6.18965819e-02  12.5527
24  3.83118685e-02  11.8939
26  1.00000000e-06  0
26  1.61559810e-06  0
26  2.61015722e-06  0
26  6.81292069e-06  0
26  4.21696503e-06  0
26  1.10069417e-05  0
26  1.77827941e-05  0
26  4.64158883e-05  0
26  2.87298483e-05  0
26  7.49894209e-05  0
26  3.16227766e-04  0
26  1.95734178e-04  0
26  1.21152766e-04  0
26  5.10896977e-04  0
26  8.25404185e-04  0
26  2.15443469e-03  1.284
26  9.08517576e-03  6.97595
26  1.33352143e-03  0.122417
26  3.48070059e-03  3.20015
26  5.62341325e-03  5.19855
26  3.83118685e-02  10.602
26  2.37137371e-02  9.88165
26  1.46779927e-02  8.65314
26  6.18965819e-02  11.3019
26  1.00000000e-01  11.7432
28  1.00000000e-06  0
28  1.61559810e-06  0
28  2.61015722e-06  0
28  4.21696503e-06  0
28  6.81292069e-06  0
28  1.77827941e-05  0
28  1.10069417e-05  0
28  2.87298483e-05  0
28  4.64158883e-05  0
28  7.49894209e-05  0
28  1.21152766e-04  0
28  1.95734178e-04  0
28  3.16227766e-04  0
28  8.25404185e-04  0
28  5.10896977e-04  0
28  2.15443469e-03  1.12339
28  1.33352143e-03  0.106262
28  5.62341325e-03  4.54301
28  1.46779927e-02  7.42801
28  2.37137371e-02  8.5726
28  3.83118685e-02  9.37687
28  3.48070059e-03  2.82638
28  9.08517576e-03  6.19377
28  1.00000000e-01  10.2556
28  6.18965819e-02  10.0374
30  1.00000000e-06  0
30  2.61015722e-06  0
30  1.61559810e-06  0
30  6.81292069e-06  0
30  4.21696503e-06  0
30  1.77827941e-05  0
30  1.10069417e-05  0
30  2.87298483e-05  0
30  4.64158883e-05  0
30  1.21152766e-04  0
30  7.49894209e-05  0
30  1.95734178e-04  0
30  5.10896977e-04  0
30  3.16227766e-04  0
30  8.25404185e-04  0
30  9.08517576e-03  5.06945
30  1.33352143e-03  0.0881773
30  5.62341325e-03  3.80766
30  2.37137371e-02  6.98506
30  3.83118685e-02  7.66373
30  2.15443469e-03  0.943419
30  3.48070059e-03  2.34704
30  1.46779927e-02  6.24333
30  1.00000000e-01  8.37089
30  6.18965819e-02  8.19806
32  1.00000000e-06  0
32  1.61559810e-06  0
32  4.21696503e-06  0
32  2.61015722e-06  0
32  6.81292069e-06  0
32  1.77827941e-05  0
32  1.10069417e-05  0
32  7.49894209e-05  0
32  2.87298483e-05  0
32  4.64158883e-05  0
32  3.16227766e-04  0
32  1.95734178e-04  0
32  1.21152766e-04  0
32  5.10896977e-04  0
32  8.25404185e-04  0
32  1.33352143e-03  0.0665097
32  9.08517576e-03  3.80342
32  2.15443469e-03  0.726412
32  1.46779927e-02  4.64651
32  3.48070059e-03  1.79928
32  2.37137371e-02  5.3053
32  5.62341325e-03  2.89273
32  1.00000000e-01  6.3224
32  6.18965819e-02  6.1606
32  3.83118685e-02  5.83415
4  1.00000000e-06  0
4  1.61559810e-06  0
4  2.61015722e-06  0
4  4.21696503e-06  0
4  6.81292069e-06  0
4  4.64158883e-05  0
4  2.87298483e-05  0
4  1.77827941e-05  0
4  1.10069417e-05  0
4  7.49894209e-05  0
4  1.21152766e-04  0
4  1.95734178e-04  0
4  5.10896977e-04  0
4  8.25404185e-04  0
4  3.16227766e-04  0
4  2.15443469e-03  1.82733
4  9.08517576e-03  9.97467
4  1.33352143e-03  0.179685
4  3.48070059e-03  4.52313
4  1.46779927e-02  12.4111
4  5.62341325e-03  7.39208
4  6.18965819e-02  16.2075
4  2.37137371e-02  14.1598
4  3.83118685e-02  15.5496
4  1.00000000e-01  17.0506
6  1.00000000e-06  0
6  2.61015722e-06  0
6  1.61559810e-06  0
6  4.21696503e-06  0
6  6.81292069e-06  0
6  1.10069417e-05  0
6  1.77827941e-05  0
6  2.87298483e-05  0
6  7.49894209e-05  0
6  4.64158883e-05  0
6  1.21152766e-04  0
6  1.95734178e-04  0
6  5.10896977e-04  0
6  8.25404185e-04  0
6  3.16227766e-04  0
6  2.15443469e-03  1.80652
6  3.48070059e-03  4.4906
6  5.62341325e-03  7.37041
6  1.33352143e-03  0.178376
6  2.37137371e-02  13.8195
6  1.46779927e-02  12.3215
6  6.18965819e-02  16.1967
6  1.00000000e-01  16.61
6  3.83118685e-02  15.3902
6  9.08517576e-03  10.0506
8  1.00000000e-06  0
8  1.61559810e-06  0
8  2.61015722e-06  0
8  4.21696503e-06  0
8  1.10069417e-05  0
8  6.81292069e-06  0
8  1.77827941e-05  0
8  4.64158883e-05  0
8  2.87298483e-05  0
8  7.49894209e-05  0
8  1.21152766e-04  0
8  5.10896977e-04  0
8  3.16227766e-04  0
8  1.95734178e-04  0
8  8.25404185e-04  0
8  2.15443469e-03  1.80069
8  3.48070059e-03  4.4786
8  1.33352143e-03  0.177347
8  2.37137371e-02  13.7789
8  9.08517576e-03  9.90864
8  5.62341325e-03  7.32871
8  3.83118685e-02  15.0104
8  1.46779927e-02  12.1818
8  6.18965819e-02  15.9044
8  1.00000000e-01  16.8577
