# diffractive D0 cross section, Pb target, KniehlKramer fragmentation, An0n channel
# generated      : 2026-08-25 16:03:52 EEST
# calls          : 1e5 (VEGAS calls per point, see CALLS_EXCL/CALLS_EXCL_FACTORIZED/CALLS_DIFF)
# dipole samples : data/Pb/mve/glauber_mve_<b>
# pD0 sweep      : 8.0 8.5 9.0 9.5 10.0 10.5 11.0 11.5 12.0
# fixed rapidity y : -1.5
# ============================================================
# b  pD0  dsigma_dyd2pD0
0  0.3  1.47001
0  0.2  1.31324
0  0.4  1.51482
0  0.5  1.49326
0  0.6  1.3865
0  0.7  1.26361
0  0.8  1.10492
0  0.9  0.946541
0  1.0  0.791683
0  1.1  0.676291
0  1.2  0.564325
0  1.3  0.466497
0  1.4  0.386734
0  1.5  0.323296
0  1.6  0.267928
0  1.7  0.224032
0  1.8  0.186914
0  1.9  0.156509
0  2.0  0.131511
0  2.5  0.0578752
0  3.0  0.0275564
0  3.5  0.0146706
0  4.5  0.00473649
0  4.0  0.00805015
0  5.5  0.001874
0  5.0  0.00290267
0  6.0  0.00121521
0  6.5  0.000818463
0  7.0  0.000560147
0  7.5  0.000398854
10  0.2  1.29439
10  0.3  1.44943
10  0.4  1.50143
10  0.5  1.45448
10  0.6  1.34299
10  0.7  1.22207
10  0.8  1.06655
10  0.9  0.912994
10  1.0  0.777361
10  1.1  0.653301
10  1.2  0.540708
10  1.3  0.447452
10  1.4  0.366932
10  1.5  0.307987
10  1.6  0.25702
10  1.7  0.214373
10  1.8  0.179119
10  1.9  0.149958
10  2.0  0.124812
10  2.5  0.0548456
10  3.0  0.0265586
10  3.5  0.013934
10  4.0  0.00767473
10  4.5  0.00452049
10  5.0  0.00277225
10  5.5  0.00176436
10  6.0  0.00109153
10  6.5  0.000778217
10  7.0  0.000539545
10  7.5  0.00037398
12  0.2  1.28339
12  0.3  1.42248
12  0.4  1.48021
12  0.5  1.42143
12  0.6  1.32916
12  0.7  1.19763
12  0.8  1.04427
12  0.9  0.901975
12  1.0  0.746525
12  1.1  0.629436
12  1.2  0.534465
12  1.3  0.441146
12  1.4  0.366977
12  1.5  0.303201
12  1.6  0.249731
12  1.7  0.210427
12  1.8  0.175285
12  1.9  0.146571
12  2.0  0.121102
12  2.5  0.0532217
12  3.0  0.0260828
12  3.5  0.0136011
12  4.0  0.00758993
12  4.5  0.00441341
12  5.0  0.00269827
12  5.5  0.00170225
12  6.0  0.00114587
12  6.5  0.000759289
12  7.0  0.000526488
12  7.5  0.000370769
14  0.2  1.26385
14  0.3  1.38909
14  0.4  1.45797
14  0.5  1.41906
14  0.6  1.28396
14  0.7  1.17339
14  0.8  1.03492
14  0.9  0.888091
14  1.0  0.751511
14  1.1  0.625189
14  1.2  0.520914
14  1.3  0.43571
14  1.4  0.35948
14  1.5  0.295078
14  1.6  0.245371
14  1.7  0.204179
14  1.8  0.169945
14  1.9  0.142476
14  2.0  0.11958
14  2.5  0.0527212
14  3.5  0.0132221
14  3.0  0.0253278
14  4.0  0.00736231
14  4.5  0.00436941
14  5.5  0.00160647
14  5.0  0.00262174
14  6.0  0.00109528
14  6.5  0.000737831
14  7.0  0.000514606
14  7.5  0.00035883
16  0.2  1.25147
16  0.3  1.3986
16  0.4  1.40862
16  0.5  1.37591
16  0.6  1.29286
16  0.7  1.13979
16  0.8  1.00365
16  0.9  0.853511
16  1.0  0.726402
16  1.1  0.606509
16  1.2  0.505069
16  1.3  0.419532
16  1.4  0.346356
16  1.5  0.286842
16  1.6  0.238883
16  1.7  0.197623
16  1.8  0.164419
16  1.9  0.136753
16  2.0  0.1159
16  2.5  0.0509275
16  3.0  0.0244892
16  3.5  0.0124568
16  4.0  0.00711421
16  5.0  0.00252655
16  4.5  0.00412348
16  5.5  0.00163572
16  6.0  0.00105687
16  6.5  0.000710191
16  7.5  0.000345328
16  7.0  0.000489722
18  0.2  1.22618
18  0.3  1.36672
18  0.4  1.40003
18  0.5  1.36053
18  0.6  1.26616
18  0.7  1.13018
18  0.8  0.970097
18  0.9  0.823974
18  1.0  0.695521
18  1.1  0.578774
18  1.2  0.481983
18  1.3  0.401543
18  1.4  0.329525
18  1.5  0.274467
18  1.6  0.228519
18  1.7  0.186953
18  1.8  0.156802
18  1.9  0.132548
18  2.0  0.110793
18  2.5  0.0480476
18  3.0  0.0233047
18  3.5  0.0121261
18  4.5  0.00400436
18  4.0  0.00672318
18  5.0  0.00241327
18  5.5  0.00153036
18  6.0  0.00100387
18  6.5  0.000678692
18  7.0  0.000468941
18  7.5  0.000331698
2  0.2  1.30836
2  0.3  1.46689
2  0.4  1.52137
2  0.5  1.46805
2  0.6  1.38762
2  0.7  1.25179
2  0.8  1.10502
2  0.9  0.941711
2  1.0  0.802903
2  1.1  0.677234
2  1.2  0.563635
2  1.3  0.467958
2  1.4  0.389871
2  1.5  0.322048
2  1.6  0.267945
2  1.7  0.224319
2  1.8  0.187112
2  1.9  0.156396
2  2.0  0.127137
2  2.5  0.057885
2  3.0  0.0276524
2  3.5  0.0144717
2  4.5  0.00473617
2  4.0  0.00814076
2  5.0  0.00290957
2  5.5  0.00183295
2  6.0  0.00120324
2  6.5  0.000816737
2  7.0  0.000554372
2  7.5  0.00039639
20  0.2  1.20185
20  0.3  1.33758
20  0.4  1.36667
20  0.5  1.29523
20  0.6  1.22566
20  0.7  1.08358
20  0.8  0.941645
20  0.9  0.798259
20  1.0  0.676434
20  1.1  0.55862
20  1.2  0.46577
20  1.3  0.384474
20  1.4  0.317154
20  1.5  0.261322
20  1.6  0.216622
20  1.7  0.176957
20  1.8  0.149623
20  1.9  0.124592
20  2.0  0.104449
20  2.5  0.0459453
20  3.0  0.0221728
20  3.5  0.0116266
20  4.0  0.00639596
20  4.5  0.00372123
20  5.0  0.00231258
20  5.5  0.00144987
20  6.0  0.000951513
20  6.5  0.000643365
20  7.0  0.000443199
20  7.5  0.000311128
22  0.2  1.16923
22  0.3  1.30135
22  0.4  1.3265
22  0.5  1.26313
22  0.6  1.16564
22  0.7  1.04171
22  0.8  0.895226
22  0.9  0.759545
22  1.0  0.629312
22  1.1  0.530283
22  1.2  0.437927
22  1.3  0.364198
22  1.4  0.302339
22  1.5  0.244702
22  1.6  0.204322
22  1.7  0.168869
22  1.8  0.141382
22  1.9  0.115446
22  2.0  0.09826
22  2.5  0.0430788
22  3.5  0.010667
22  3.0  0.0206058
22  4.0  0.00600789
22  4.5  0.00349486
22  5.0  0.00212088
22  5.5  0.0013665
22  6.0  0.000882917
22  6.5  0.000596184
22  7.0  0.000416205
22  7.5  0.000285664
24  0.2  1.13507
24  0.3  1.24123
24  0.4  1.26241
24  0.5  1.21439
24  0.6  1.10545
24  0.7  0.976923
24  0.8  0.831514
24  0.9  0.708073
24  1.0  0.589405
24  1.1  0.483346
24  1.2  0.404009
24  1.3  0.328205
24  1.4  0.277415
24  1.5  0.224907
24  1.6  0.186175
24  1.7  0.15594
24  1.8  0.128949
24  1.9  0.106087
24  2.0  0.0899469
24  2.5  0.0389757
24  3.0  0.0187068
24  3.5  0.00979618
24  4.0  0.00537036
24  5.0  0.00192899
24  4.5  0.00313042
24  6.0  0.000814305
24  5.5  0.00122516
24  6.5  0.000544203
24  7.0  0.000374295
24  7.5  0.000262822
26  0.2  1.06948
26  0.3  1.18776
26  0.4  1.19087
26  0.5  1.11189
26  0.6  1.02255
26  0.7  0.899535
26  0.8  0.764709
26  0.9  0.64195
26  1.0  0.537883
26  1.1  0.440904
26  1.2  0.365818
26  1.3  0.297979
26  1.4  0.244678
26  1.5  0.20099
26  1.6  0.166016
26  1.7  0.138131
26  1.8  0.114589
26  1.9  0.0949805
26  2.0  0.0789416
26  2.5  0.0338194
26  3.0  0.0165608
26  3.5  0.0085744
26  4.0  0.00472612
26  4.5  0.00277521
26  5.0  0.00169843
26  5.5  0.00109079
26  6.5  0.000473498
26  6.0  0.000688947
26  7.0  0.000329208
26  7.5  0.000232749
28  0.2  0.996878
28  0.3  1.06818
28  0.4  1.08157
28  0.5  1.01441
28  0.6  0.893093
28  0.7  0.794501
28  0.8  0.669866
28  0.9  0.55284
28  1.0  0.461688
28  1.1  0.380134
28  1.2  0.310168
28  1.3  0.25784
28  1.4  0.208679
28  1.5  0.170017
28  1.6  0.140995
28  1.7  0.116762
28  1.8  0.0959584
28  1.9  0.0805064
28  2.0  0.0662295
28  2.5  0.029496
28  3.5  0.00727979
28  3.0  0.0137468
28  4.0  0.0039782
28  5.0  0.00142366
28  4.5  0.0023226
28  5.5  0.000896769
28  6.0  0.000589119
28  6.5  0.000400631
28  7.5  0.000194854
28  7.0  0.000275442
30  0.2  0.891905
30  0.3  0.94861
30  0.4  0.938905
30  0.5  0.849839
30  0.6  0.767876
30  0.7  0.652482
30  0.8  0.553764
30  0.9  0.455859
30  1.0  0.374726
30  1.1  0.304879
30  1.2  0.250028
30  1.3  0.204671
30  1.4  0.166498
30  1.5  0.135256
30  1.6  0.111969
30  1.7  0.0930821
30  1.8  0.0772683
30  1.9  0.0637611
30  2.0  0.0535311
30  2.5  0.0229113
30  3.0  0.0110578
30  3.5  0.00562855
30  4.0  0.00315342
30  4.5  0.00181397
30  5.0  0.00110735
30  5.5  0.000714082
30  6.0  0.000463488
30  6.5  0.000312585
30  7.0  0.000215028
30  7.5  0.00015159
32  0.2  0.745202
32  0.3  0.791281
32  0.4  0.756588
32  0.5  0.686957
32  0.6  0.59601
32  0.7  0.501147
32  0.8  0.415891
32  0.9  0.339559
32  1.0  0.278438
32  1.1  0.226165
32  1.2  0.183184
32  1.3  0.149214
32  1.4  0.119999
32  1.5  0.0994561
32  1.6  0.0813991
32  1.7  0.0663284
32  1.8  0.0551779
32  1.9  0.0460673
32  2.0  0.0385493
32  2.5  0.0164092
32  3.0  0.00779127
32  3.5  0.00405056
32  4.0  0.00223369
32  4.5  0.00131657
32  5.0  0.000807883
32  5.5  0.000502989
32  6.0  0.000333261
32  6.5  0.000221471
32  7.5  0.000109216
32  7.0  0.000153843
4  0.2  1.24511
4  0.3  1.46678
4  0.4  1.4816
4  0.5  1.48649
4  0.6  1.38074
4  0.7  1.25267
4  0.8  1.09601
4  0.9  0.93856
4  1.0  0.801727
4  1.1  0.675067
4  1.2  0.552078
4  1.3  0.461866
4  1.4  0.385367
4  1.5  0.320913
4  1.6  0.267413
4  1.7  0.224671
4  1.8  0.184858
4  1.9  0.155458
4  2.0  0.130354
4  2.5  0.0575966
4  3.0  0.0276994
4  3.5  0.0145493
4  4.0  0.00802069
4  4.5  0.00471175
4  5.5  0.00185
4  5.0  0.00288731
4  6.0  0.00120206
4  6.5  0.000812067
4  7.0  0.000559517
4  7.5  0.000393288
6  0.2  1.30642
6  0.3  1.46176
6  0.4  1.51078
6  0.5  1.46033
6  0.6  1.33144
6  0.7  1.23145
6  0.8  1.09229
6  0.9  0.933103
6  1.0  0.795201
6  1.1  0.672533
6  1.2  0.553126
6  1.3  0.462166
6  1.4  0.383098
6  1.5  0.318506
6  1.6  0.265484
6  1.7  0.219041
6  1.8  0.184339
6  1.9  0.153301
6  2.0  0.128954
6  2.5  0.05631
6  3.0  0.0279171
6  3.5  0.0143687
6  4.0  0.0079635
6  4.5  0.00468212
6  5.0  0.00285993
6  5.5  0.00182353
6  6.0  0.00119067
6  6.5  0.000803933
6  7.0  0.000537656
6  7.5  0.000395001
8  0.2  1.29027
8  0.3  1.44883
8  0.4  1.43114
8  0.5  1.46963
8  0.6  1.36596
8  0.7  1.23661
8  0.8  1.05387
8  0.9  0.923996
8  1.0  0.789582
8  1.1  0.661233
8  1.2  0.545088
8  1.3  0.451869
8  1.4  0.380048
8  1.5  0.316375
8  1.6  0.261386
8  1.7  0.217546
8  1.8  0.179507
8  1.9  0.152085
8  2.0  0.12805
8  2.5  0.0564542
8  3.0  0.0270878
8  3.5  0.014115
8  4.0  0.0078553
8  5.0  0.00283264
8  4.5  0.00458624
8  5.5  0.00179779
8  6.0  0.00117395
8  6.5  0.00079019
8  7.0  0.000547879
8  7.5  0.000385951
0  8.5  0.00020498
0  8.0  0.000287803
0  9.0  0.000153326
0  9.5  0.000112262
0  10.0  8.47593e-05
0  10.5  6.6511e-05
0  11.0  5.06121e-05
0  11.5  3.92366e-05
0  12.0  3.08918e-05
10  8.0  0.000271573
10  8.5  0.000194975
10  9.5  0.000108565
10  9.0  0.000145633
10  10.0  8.19228e-05
10  10.5  6.24526e-05
10  11.0  4.61841e-05
10  11.5  3.69214e-05
10  12.0  2.92642e-05
12  8.0  0.000264934
12  8.5  0.000192505
12  9.5  0.00010574
12  9.0  0.000141924
12  10.0  8.04578e-05
12  10.5  6.13993e-05
12  11.0  4.70384e-05
12  11.5  3.6743e-05
12  12.0  2.84818e-05
14  8.0  0.000256126
14  8.5  0.000186749
14  9.5  0.000103939
14  9.0  0.000139184
14  10.0  7.83828e-05
14  10.5  5.92824e-05
14  11.0  4.36306e-05
14  11.5  3.5013e-05
14  12.0  2.77378e-05
16  8.0  0.00024667
16  8.5  0.000177991
16  9.0  0.000132306
16  9.5  9.77954e-05
16  10.5  5.60608e-05
16  10.0  7.47278e-05
16  11.5  3.44147e-05
16  11.0  4.3336e-05
16  12.0  2.61543e-05
18  8.0  0.000237151
18  8.5  0.000170182
18  9.0  0.000126513
18  9.5  9.43083e-05
18  10.0  7.1414e-05
18  10.5  5.49183e-05
18  11.0  4.00035e-05
18  11.5  3.28918e-05
18  12.0  2.55977e-05
2  8.0  0.000283224
2  8.5  0.000206923
2  9.0  0.000148169
2  9.5  0.000112462
2  10.0  8.56731e-05
2  10.5  6.63822e-05
2  11.0  5.07832e-05
2  11.5  3.90217e-05
2  12.0  3.02089e-05
20  8.0  0.000218128
20  8.5  0.000157537
20  9.0  0.000119651
20  9.5  9.0065e-05
20  10.0  6.76059e-05
20  10.5  5.0567e-05
20  11.0  3.95008e-05
20  12.0  2.41932e-05
20  11.5  3.09446e-05
22  8.0  0.000207617
22  8.5  0.000150841
22  9.0  0.000111593
22  9.5  8.26941e-05
22  10.0  6.24179e-05
22  10.5  4.79209e-05
22  11.0  3.70019e-05
22  11.5  2.84745e-05
24  8.0  0.000190537
22  12.0  2.23292e-05
24  8.5  0.000136594
24  9.0  0.000101971
24  9.5  7.62079e-05
24  10.0  5.7128e-05
24  10.5  4.33398e-05
24  11.0  3.41138e-05
24  12.0  2.0438e-05
24  11.5  2.62683e-05
26  8.0  0.000167145
26  8.5  0.000120467
26  9.0  8.9288e-05
26  9.5  6.63352e-05
26  10.0  5.00632e-05
26  10.5  3.84449e-05
26  11.5  2.26442e-05
26  11.0  2.95008e-05
26  12.0  1.80399e-05
28  8.0  0.000136987
28  8.5  0.000101119
28  9.0  7.39997e-05
28  9.5  5.55507e-05
28  10.0  4.22684e-05
28  10.5  3.15869e-05
28  11.0  2.45472e-05
28  11.5  1.89101e-05
28  12.0  1.49243e-05
30  8.0  0.000107309
30  9.0  5.748e-05
30  8.5  7.87813e-05
30  9.5  4.38261e-05
30  10.0  3.27463e-05
30  10.5  2.47603e-05
30  11.0  1.88698e-05
30  11.5  1.5065e-05
30  12.0  1.17957e-05
32  8.0  7.71575e-05
32  8.5  5.71891e-05
32  9.0  4.14944e-05
32  9.5  3.07313e-05
32  10.0  2.28976e-05
32  10.5  1.77403e-05
32  11.5  1.06522e-05
32  11.0  1.38338e-05
32  12.0  7.97676e-06
4  8.0  0.000282135
4  8.5  0.000204058
4  9.0  0.000152869
4  9.5  0.000112967
4  10.0  8.60306e-05
4  10.5  6.48716e-05
4  11.0  5.07514e-05
4  11.5  3.86969e-05
4  12.0  2.9547e-05
6  8.0  0.000279652
6  8.5  0.000201491
6  9.0  0.000143988
6  9.5  0.000112435
6  10.0  8.49496e-05
6  10.5  6.5202e-05
6  11.0  5.00865e-05
6  11.5  3.89459e-05
6  12.0  3.03315e-05
8  8.0  0.000278173
8  8.5  0.000200388
8  9.0  0.000144812
8  9.5  0.000108504
8  10.0  8.36551e-05
8  11.0  4.89371e-05
8  10.5  6.36851e-05
8  11.5  3.77168e-05
8  12.0  3.00094e-05
