# diffractive D0 dsigma/(d2pD0 dy dx_po), Pb target, KniehlKramer fragmentation, An0n channel
# generated      : 2026-07-28 17:25:01 EEST
# calls          : 1e5 (VEGAS calls per point)
# dipole samples : data/Pb/mve/glauber_mve_<b>
# x_po grid      : 1e-6 to 0.1, 25 log-spaced points
# fixed rapidity y : 3.0
# fixed pD0        : 2.0
# ============================================================
# b  x_po  dsigma_dxpo
0  1.00000000e-06  0
0  1.61559810e-06  0
0  6.81292069e-06  0
0  2.61015722e-06  0
0  4.21696503e-06  0
0  1.77827941e-05  0
0  1.10069417e-05  0
0  4.64158883e-05  2.87622e-05
0  7.49894209e-05  0.000829404
0  2.87298483e-05  6.67687e-11
0  1.21152766e-04  0.00398484
0  8.25404185e-04  0.0289158
0  1.95734178e-04  0.00982326
0  3.16227766e-04  0.0169197
0  1.33352143e-03  0.03265
0  2.15443469e-03  0.0357123
0  5.10896977e-04  0.0238756
0  1.46779927e-02  0.0399588
0  3.48070059e-03  0.0368416
0  5.62341325e-03  0.0382722
0  9.08517576e-03  0.0387526
0  6.18965819e-02  0.0406377
0  2.37137371e-02  0.040768
0  3.83118685e-02  0.0409434
0  1.00000000e-01  0.0415301
10  2.61015722e-06  0
10  1.61559810e-06  0
10  1.00000000e-06  0
10  4.21696503e-06  0
10  6.81292069e-06  0
10  1.10069417e-05  0
10  1.77827941e-05  0
10  1.95734178e-04  0.00933824
10  4.64158883e-05  2.75714e-05
10  7.49894209e-05  0.000795111
10  2.87298483e-05  6.45184e-11
10  1.21152766e-04  0.00386983
10  3.16227766e-04  0.0163295
10  2.15443469e-03  0.0348887
10  5.10896977e-04  0.0229518
10  3.48070059e-03  0.0360818
10  8.25404185e-04  0.028392
10  5.62341325e-03  0.0360459
10  1.33352143e-03  0.0322748
10  3.83118685e-02  0.0393217
10  1.00000000e-01  0.0394126
10  1.46779927e-02  0.0385141
10  6.18965819e-02  0.0386538
10  2.37137371e-02  0.0387908
10  9.08517576e-03  0.0371042
12  1.00000000e-06  0
12  1.61559810e-06  0
12  2.61015722e-06  0
12  4.21696503e-06  0
12  6.81292069e-06  0
12  1.77827941e-05  0
12  1.10069417e-05  0
12  1.95734178e-04  0.00911337
12  2.87298483e-05  6.3277e-11
12  4.64158883e-05  2.72231e-05
12  7.49894209e-05  0.000781428
12  5.10896977e-04  0.0220198
12  3.16227766e-04  0.0160278
12  1.21152766e-04  0.00381372
12  9.08517576e-03  0.0362222
12  1.33352143e-03  0.0317898
12  8.25404185e-04  0.0278463
12  2.15443469e-03  0.0341086
12  5.62341325e-03  0.0357522
12  3.48070059e-03  0.0354388
12  1.00000000e-01  0.0379667
12  3.83118685e-02  0.0383034
12  1.46779927e-02  0.0377861
12  2.37137371e-02  0.0379232
12  6.18965819e-02  0.0381288
14  1.00000000e-06  0
14  2.61015722e-06  0
14  1.61559810e-06  0
14  4.21696503e-06  0
14  6.81292069e-06  0
14  1.10069417e-05  0
14  1.77827941e-05  0
14  4.64158883e-05  2.66376e-05
14  7.49894209e-05  0.000766732
14  5.10896977e-04  0.0215191
14  8.25404185e-04  0.0267611
14  1.21152766e-04  0.00373338
14  2.87298483e-05  6.19014e-11
14  1.95734178e-04  0.009127
14  3.48070059e-03  0.0338864
14  3.16227766e-04  0.0156672
14  9.08517576e-03  0.0351712
14  1.46779927e-02  0.0355151
14  1.33352143e-03  0.030964
14  5.62341325e-03  0.0349034
14  2.15443469e-03  0.0333483
14  2.37137371e-02  0.0373069
14  1.00000000e-01  0.0368553
14  3.83118685e-02  0.0372423
14  6.18965819e-02  0.0370263
16  1.00000000e-06  0
16  4.21696503e-06  0
16  1.61559810e-06  0
16  2.61015722e-06  0
16  6.81292069e-06  0
16  1.10069417e-05  0
16  1.77827941e-05  0
16  2.87298483e-05  5.94816e-11
16  3.16227766e-04  0.0149649
16  1.21152766e-04  0.00361287
16  7.49894209e-05  0.000751209
16  1.95734178e-04  0.00878901
16  4.64158883e-05  2.61192e-05
16  5.10896977e-04  0.0214127
16  5.62341325e-03  0.0334545
16  8.25404185e-04  0.0264223
16  2.15443469e-03  0.0322563
16  9.08517576e-03  0.0344582
16  1.46779927e-02  0.0349534
16  1.33352143e-03  0.0299699
16  3.48070059e-03  0.0333875
16  2.37137371e-02  0.0357832
16  6.18965819e-02  0.0363567
16  1.00000000e-01  0.0357876
16  3.83118685e-02  0.035904
18  1.00000000e-06  0
18  1.61559810e-06  0
18  2.61015722e-06  0
18  4.21696503e-06  0
18  6.81292069e-06  0
18  1.77827941e-05  0
18  1.10069417e-05  0
18  2.87298483e-05  5.80875e-11
18  1.95734178e-04  0.00852073
18  7.49894209e-05  0.000727484
18  4.64158883e-05  2.52619e-05
18  1.21152766e-04  0.00352994
18  1.33352143e-03  0.0287091
18  3.16227766e-04  0.0147628
18  5.10896977e-04  0.0207683
18  1.46779927e-02  0.0335283
18  8.25404185e-04  0.0254615
18  2.15443469e-03  0.03103
18  3.48070059e-03  0.0320842
18  9.08517576e-03  0.0328453
18  5.62341325e-03  0.0325515
18  3.83118685e-02  0.0344698
18  6.18965819e-02  0.0346703
18  2.37137371e-02  0.0345005
18  1.00000000e-01  0.0349049
2  2.61015722e-06  0
2  1.00000000e-06  0
2  1.61559810e-06  0
2  6.81292069e-06  0
2  4.21696503e-06  0
2  1.77827941e-05  0
2  1.10069417e-05  0
2  4.64158883e-05  2.86235e-05
2  1.21152766e-04  0.0039349
2  7.49894209e-05  0.000826422
2  2.87298483e-05  6.70906e-11
2  8.25404185e-04  0.0289511
2  1.95734178e-04  0.00979695
2  3.16227766e-04  0.0169101
2  5.10896977e-04  0.0237819
2  3.48070059e-03  0.0366731
2  1.33352143e-03  0.0336809
2  1.46779927e-02  0.0402883
2  2.15443469e-03  0.0362507
2  3.83118685e-02  0.0414569
2  5.62341325e-03  0.0381021
2  9.08517576e-03  0.0384537
2  1.00000000e-01  0.0400869
2  2.37137371e-02  0.0403675
2  6.18965819e-02  0.0407479
20  1.00000000e-06  0
20  1.61559810e-06  0
20  4.21696503e-06  0
20  2.61015722e-06  0
20  6.81292069e-06  0
20  1.77827941e-05  0
20  1.10069417e-05  0
20  4.64158883e-05  2.41053e-05
20  1.21152766e-04  0.00334555
20  2.87298483e-05  5.50622e-11
20  3.16227766e-04  0.0138911
20  8.25404185e-04  0.0237528
20  3.48070059e-03  0.0303384
20  7.49894209e-05  0.000698832
20  2.15443469e-03  0.0287584
20  1.95734178e-04  0.00826276
20  1.33352143e-03  0.0275303
20  5.62341325e-03  0.0308093
20  5.10896977e-04  0.0197957
20  6.18965819e-02  0.0331218
20  2.37137371e-02  0.03313
20  3.83118685e-02  0.0326035
20  9.08517576e-03  0.0312389
20  1.00000000e-01  0.0330931
20  1.46779927e-02  0.0324849
22  1.00000000e-06  0
22  1.61559810e-06  0
22  2.61015722e-06  0
22  4.21696503e-06  0
22  1.77827941e-05  0
22  1.10069417e-05  0
22  6.81292069e-06  0
22  4.64158883e-05  2.29353e-05
22  2.87298483e-05  5.10362e-11
22  1.95734178e-04  0.00773389
22  7.49894209e-05  0.000664404
22  5.10896977e-04  0.0183593
22  1.21152766e-04  0.00321106
22  8.25404185e-04  0.0229366
22  3.16227766e-04  0.0133946
22  1.33352143e-03  0.0254366
22  3.48070059e-03  0.0277855
22  2.15443469e-03  0.0277549
22  1.46779927e-02  0.0296663
22  5.62341325e-03  0.0285603
22  9.08517576e-03  0.0286205
22  2.37137371e-02  0.0308575
22  3.83118685e-02  0.0308292
22  6.18965819e-02  0.0302086
22  1.00000000e-01  0.0304499
24  1.00000000e-06  0
24  1.61559810e-06  0
24  2.61015722e-06  0
24  4.21696503e-06  0
24  6.81292069e-06  0
24  1.10069417e-05  0
24  1.77827941e-05  0
24  4.64158883e-05  2.11559e-05
24  2.87298483e-05  4.64259e-11
24  5.10896977e-04  0.0172008
24  3.16227766e-04  0.0124772
24  7.49894209e-05  0.000622157
24  8.25404185e-04  0.0213114
24  1.95734178e-04  0.00730107
24  1.21152766e-04  0.00300538
24  1.46779927e-02  0.0273016
24  5.62341325e-03  0.0261331
24  1.33352143e-03  0.0239755
24  9.08517576e-03  0.0267546
24  2.15443469e-03  0.0255418
24  6.18965819e-02  0.02805
24  3.48070059e-03  0.0262864
24  1.00000000e-01  0.0275576
24  2.37137371e-02  0.0275177
24  3.83118685e-02  0.0273918
26  1.00000000e-06  0
26  1.61559810e-06  0
26  4.21696503e-06  0
26  2.61015722e-06  0
26  6.81292069e-06  0
26  1.10069417e-05  0
26  1.77827941e-05  0
26  4.64158883e-05  1.95587e-05
26  1.95734178e-04  0.00665399
26  2.87298483e-05  4.38217e-11
26  7.49894209e-05  0.00056619
26  1.21152766e-04  0.0027406
26  8.25404185e-04  0.0187533
26  1.33352143e-03  0.0212335
26  3.16227766e-04  0.0113158
26  5.62341325e-03  0.023598
26  1.46779927e-02  0.0240476
26  5.10896977e-04  0.0156735
26  3.48070059e-03  0.0234718
26  2.15443469e-03  0.0228548
26  9.08517576e-03  0.0238329
26  3.83118685e-02  0.0244163
26  1.00000000e-01  0.0249236
26  2.37137371e-02  0.0241338
26  6.18965819e-02  0.0242889
28  1.00000000e-06  0
28  1.61559810e-06  0
28  2.61015722e-06  0
28  4.21696503e-06  0
28  1.77827941e-05  0
28  6.81292069e-06  0
28  1.10069417e-05  0
28  3.16227766e-04  0.00971511
28  2.87298483e-05  3.79146e-11
28  1.21152766e-04  0.00241201
28  7.49894209e-05  0.000500334
28  4.64158883e-05  1.72547e-05
28  1.95734178e-04  0.00582461
28  1.33352143e-03  0.0181491
28  3.48070059e-03  0.0194153
28  5.62341325e-03  0.0197918
28  5.10896977e-04  0.0135987
28  8.25404185e-04  0.0165216
28  2.15443469e-03  0.0195501
28  1.46779927e-02  0.0208369
28  9.08517576e-03  0.0201595
28  1.00000000e-01  0.0221885
28  3.83118685e-02  0.020752
28  6.18965819e-02  0.0209626
28  2.37137371e-02  0.0202242
30  1.00000000e-06  0
30  1.61559810e-06  0
30  2.61015722e-06  0
30  6.81292069e-06  0
30  4.21696503e-06  0
30  1.10069417e-05  0
30  1.77827941e-05  0
30  7.49894209e-05  0.000414127
30  2.87298483e-05  3.1057e-11
30  1.21152766e-04  0.00199168
30  4.64158883e-05  1.42772e-05
30  8.25404185e-04  0.0132467
30  1.33352143e-03  0.0146581
30  3.16227766e-04  0.00815526
30  5.10896977e-04  0.0111645
30  1.95734178e-04  0.00484319
30  2.15443469e-03  0.015807
30  3.48070059e-03  0.0161037
30  9.08517576e-03  0.0158728
30  1.46779927e-02  0.0165316
30  5.62341325e-03  0.016029
30  6.18965819e-02  0.0169366
30  2.37137371e-02  0.0157329
30  3.83118685e-02  0.016206
30  1.00000000e-01  0.0165221
32  1.00000000e-06  0
32  1.61559810e-06  0
32  2.61015722e-06  0
32  1.10069417e-05  0
32  4.21696503e-06  0
32  6.81292069e-06  0
32  1.77827941e-05  0
32  1.95734178e-04  0.00366859
32  2.87298483e-05  2.40278e-11
32  3.16227766e-04  0.0061574
32  4.64158883e-05  1.11966e-05
32  5.10896977e-04  0.00841416
32  7.49894209e-05  0.000326656
32  1.21152766e-04  0.00157381
32  3.48070059e-03  0.0116482
32  2.15443469e-03  0.0113245
32  5.62341325e-03  0.0116124
32  9.08517576e-03  0.0114306
32  8.25404185e-04  0.0101225
32  1.33352143e-03  0.0111285
32  2.37137371e-02  0.0114951
32  3.83118685e-02  0.0115525
32  1.46779927e-02  0.0116432
32  6.18965819e-02  0.0118859
32  1.00000000e-01  0.0118215
4  1.00000000e-06  0
4  1.61559810e-06  0
4  2.61015722e-06  0
4  4.21696503e-06  0
4  6.81292069e-06  0
4  1.10069417e-05  0
4  1.77827941e-05  0
4  7.49894209e-05  0.000814697
4  3.16227766e-04  0.016613
4  4.64158883e-05  2.86207e-05
4  5.10896977e-04  0.0232843
4  2.87298483e-05  6.64735e-11
4  8.25404185e-04  0.0289171
4  1.95734178e-04  0.0097735
4  1.21152766e-04  0.00399235
4  2.15443469e-03  0.0354107
4  1.46779927e-02  0.0399824
4  1.33352143e-03  0.0334487
4  5.62341325e-03  0.0378457
4  3.48070059e-03  0.0375163
4  9.08517576e-03  0.0383203
4  2.37137371e-02  0.041008
4  6.18965819e-02  0.0414842
4  3.83118685e-02  0.0407492
4  1.00000000e-01  0.0413365
6  2.61015722e-06  0
6  1.61559810e-06  0
6  1.00000000e-06  0
6  4.21696503e-06  0
6  1.10069417e-05  0
6  6.81292069e-06  0
6  1.77827941e-05  0
6  7.49894209e-05  0.000811821
6  1.21152766e-04  0.00392463
6  1.95734178e-04  0.00960222
6  3.16227766e-04  0.0164701
6  2.87298483e-05  6.59431e-11
6  5.10896977e-04  0.0229768
6  8.25404185e-04  0.0286473
6  4.64158883e-05  2.84959e-05
6  5.62341325e-03  0.0382153
6  1.33352143e-03  0.03328
6  2.15443469e-03  0.0357555
6  3.48070059e-03  0.0370968
6  2.37137371e-02  0.040525
6  1.46779927e-02  0.0398632
6  3.83118685e-02  0.0414736
6  9.08517576e-03  0.0382401
6  6.18965819e-02  0.0401945
6  1.00000000e-01  0.0406339
8  1.61559810e-06  0
8  1.00000000e-06  0
8  2.61015722e-06  0
8  4.21696503e-06  0
8  1.10069417e-05  0
8  6.81292069e-06  0
8  1.77827941e-05  0
8  1.21152766e-04  0.00389817
8  4.64158883e-05  2.81819e-05
8  2.87298483e-05  6.56189e-11
8  1.95734178e-04  0.00950505
8  3.16227766e-04  0.0165622
8  7.49894209e-05  0.000809879
8  1.33352143e-03  0.0322366
8  5.10896977e-04  0.0233123
8  5.62341325e-03  0.0377915
8  8.25404185e-04  0.028771
8  3.48070059e-03  0.035756
8  2.15443469e-03  0.0354793
8  9.08517576e-03  0.0373807
8  2.37137371e-02  0.0401118
8  1.46779927e-02  0.0392087
8  3.83118685e-02  0.0397636
8  6.18965819e-02  0.039599
8  1.00000000e-01  0.0403064
