# diffractive D0 dsigma/(d2pD0 dy dx_po), Pb target, BCFY fragmentation, An0n channel
# generated      : 2026-07-28 16:33:59 EEST
# calls          : 1e5 (VEGAS calls per point)
# dipole samples : data/Pb/mve/glauber_mve_<b>
# x_po grid      : 1e-6 to 0.1, 25 log-spaced points
# fixed rapidity y : 4.0
# fixed pD0        : 8.0
# ============================================================
# b  x_po  dsigma_dxpo
0  1.00000000e-06  0
0  1.61559810e-06  0
0  2.61015722e-06  0
0  4.21696503e-06  0
0  1.10069417e-05  0
0  2.87298483e-05  0
0  1.77827941e-05  0
0  6.81292069e-06  0
0  1.95734178e-04  2.79637e-12
0  7.49894209e-05  3.02527e-16
0  4.64158883e-05  1.75932e-26
0  1.21152766e-04  1.25612e-13
0  3.16227766e-04  1.723e-11
0  5.10896977e-04  5.21306e-11
0  2.15443469e-03  2.14047e-10
0  8.25404185e-04  1.0468e-10
0  1.33352143e-03  1.63072e-10
0  3.48070059e-03  2.59173e-10
0  9.08517576e-03  3.00774e-10
0  5.62341325e-03  2.89179e-10
0  6.18965819e-02  3.55707e-10
0  1.46779927e-02  3.18836e-10
0  2.37137371e-02  3.41894e-10
0  3.83118685e-02  3.45915e-10
0  1.00000000e-01  3.66707e-10
10  1.00000000e-06  0
10  1.61559810e-06  0
10  2.61015722e-06  0
10  4.21696503e-06  0
10  6.81292069e-06  0
10  1.10069417e-05  0
10  1.77827941e-05  0
10  2.87298483e-05  0
10  7.49894209e-05  2.92519e-16
10  4.64158883e-05  1.71372e-26
10  5.10896977e-04  4.9257e-11
10  3.16227766e-04  1.63676e-11
10  1.21152766e-04  1.19797e-13
10  1.33352143e-03  1.53417e-10
10  9.08517576e-03  2.84856e-10
10  3.48070059e-03  2.40603e-10
10  1.95734178e-04  2.70991e-12
10  5.62341325e-03  2.74304e-10
10  8.25404185e-04  1.0082e-10
10  2.15443469e-03  2.07704e-10
10  6.18965819e-02  3.31927e-10
10  1.46779927e-02  3.04591e-10
10  2.37137371e-02  3.29456e-10
10  1.00000000e-01  3.47823e-10
10  3.83118685e-02  3.32166e-10
12  1.00000000e-06  0
12  1.61559810e-06  0
12  2.61015722e-06  0
12  6.81292069e-06  0
12  4.21696503e-06  0
12  1.10069417e-05  0
12  1.77827941e-05  0
12  2.87298483e-05  0
12  3.16227766e-04  1.61198e-11
12  4.64158883e-05  1.67904e-26
12  7.49894209e-05  2.86088e-16
12  1.95734178e-04  2.63103e-12
12  1.21152766e-04  1.168e-13
12  2.15443469e-03  1.98899e-10
12  5.10896977e-04  4.89523e-11
12  3.48070059e-03  2.38451e-10
12  5.62341325e-03  2.58416e-10
12  8.25404185e-04  9.8851e-11
12  1.33352143e-03  1.54169e-10
12  9.08517576e-03  2.7786e-10
12  3.83118685e-02  3.25575e-10
12  6.18965819e-02  3.28727e-10
12  1.46779927e-02  2.97396e-10
12  2.37137371e-02  3.22516e-10
12  1.00000000e-01  3.40607e-10
14  1.00000000e-06  0
14  1.61559810e-06  0
14  2.61015722e-06  0
14  4.21696503e-06  0
14  6.81292069e-06  0
14  1.10069417e-05  0
14  1.77827941e-05  0
14  2.87298483e-05  0
14  7.49894209e-05  2.78851e-16
14  4.64158883e-05  1.6081e-26
14  1.21152766e-04  1.14508e-13
14  3.16227766e-04  1.55813e-11
14  1.95734178e-04  2.58166e-12
14  1.33352143e-03  1.45865e-10
14  5.10896977e-04  4.76714e-11
14  3.48070059e-03  2.33928e-10
14  2.15443469e-03  1.97298e-10
14  8.25404185e-04  9.61816e-11
14  1.46779927e-02  2.87038e-10
14  9.08517576e-03  2.74162e-10
14  3.83118685e-02  3.20005e-10
14  2.37137371e-02  3.10181e-10
14  5.62341325e-03  2.59636e-10
14  1.00000000e-01  3.34467e-10
14  6.18965819e-02  3.23396e-10
16  1.00000000e-06  0
16  1.61559810e-06  0
16  2.61015722e-06  0
16  4.21696503e-06  0
16  6.81292069e-06  0
16  1.10069417e-05  0
16  1.77827941e-05  0
16  2.87298483e-05  0
16  7.49894209e-05  2.69026e-16
16  1.21152766e-04  1.10155e-13
16  4.64158883e-05  1.57329e-26
16  1.95734178e-04  2.49728e-12
16  5.10896977e-04  4.61426e-11
16  3.16227766e-04  1.52194e-11
16  3.48070059e-03  2.19249e-10
16  5.62341325e-03  2.43602e-10
16  8.25404185e-04  9.27596e-11
16  1.33352143e-03  1.44248e-10
16  1.46779927e-02  2.84506e-10
16  2.15443469e-03  1.90028e-10
16  9.08517576e-03  2.6447e-10
16  2.37137371e-02  2.9804e-10
16  3.83118685e-02  3.03754e-10
16  6.18965819e-02  3.09121e-10
16  1.00000000e-01  3.12611e-10
18  1.00000000e-06  0
18  1.61559810e-06  0
18  2.61015722e-06  0
18  4.21696503e-06  0
18  1.10069417e-05  0
18  1.77827941e-05  0
18  6.81292069e-06  0
18  2.87298483e-05  0
18  7.49894209e-05  2.567e-16
18  4.64158883e-05  1.47136e-26
18  1.21152766e-04  1.06333e-13
18  5.10896977e-04  4.32591e-11
18  1.95734178e-04  2.37871e-12
18  3.16227766e-04  1.4458e-11
18  8.25404185e-04  8.77709e-11
18  2.15443469e-03  1.81902e-10
18  3.48070059e-03  2.15352e-10
18  1.33352143e-03  1.38431e-10
18  5.62341325e-03  2.39171e-10
18  2.37137371e-02  2.81796e-10
18  9.08517576e-03  2.53137e-10
18  3.83118685e-02  2.88945e-10
18  1.46779927e-02  2.66593e-10
18  6.18965819e-02  2.9274e-10
18  1.00000000e-01  2.99956e-10
2  1.00000000e-06  0
2  1.61559810e-06  0
2  2.61015722e-06  0
2  4.21696503e-06  0
2  1.10069417e-05  0
2  6.81292069e-06  0
2  1.77827941e-05  0
2  2.87298483e-05  0
2  4.64158883e-05  1.77814e-26
2  7.49894209e-05  3.05087e-16
2  5.10896977e-04  5.25002e-11
2  1.21152766e-04  1.24755e-13
2  1.95734178e-04  2.82553e-12
2  3.16227766e-04  1.72709e-11
2  2.15443469e-03  2.09187e-10
2  8.25404185e-04  1.05834e-10
2  5.62341325e-03  2.79338e-10
2  1.33352143e-03  1.65132e-10
2  9.08517576e-03  3.02016e-10
2  1.46779927e-02  3.21204e-10
2  3.48070059e-03  2.5863e-10
2  6.18965819e-02  3.52385e-10
2  1.00000000e-01  3.65892e-10
2  2.37137371e-02  3.45233e-10
2  3.83118685e-02  3.44417e-10
20  1.00000000e-06  0
20  1.61559810e-06  0
20  2.61015722e-06  0
20  4.21696503e-06  0
20  6.81292069e-06  0
20  1.10069417e-05  0
20  1.77827941e-05  0
20  2.87298483e-05  0
20  3.16227766e-04  1.37251e-11
20  1.95734178e-04  2.20594e-12
20  1.21152766e-04  9.9766e-14
20  7.49894209e-05  2.46004e-16
20  4.64158883e-05  1.4435e-26
20  8.25404185e-04  8.32026e-11
20  1.33352143e-03  1.30913e-10
20  2.15443469e-03  1.72413e-10
20  5.10896977e-04  4.19513e-11
20  9.08517576e-03  2.34412e-10
20  3.48070059e-03  2.03768e-10
20  5.62341325e-03  2.24243e-10
20  1.00000000e-01  2.78518e-10
20  1.46779927e-02  2.49612e-10
20  2.37137371e-02  2.65611e-10
20  3.83118685e-02  2.72397e-10
20  6.18965819e-02  2.80399e-10
22  1.00000000e-06  0
22  1.61559810e-06  0
22  2.61015722e-06  0
22  4.21696503e-06  0
22  6.81292069e-06  0
22  1.77827941e-05  0
22  1.10069417e-05  0
22  2.87298483e-05  0
22  4.64158883e-05  1.33394e-26
22  1.21152766e-04  9.3685e-14
22  3.16227766e-04  1.29413e-11
22  7.49894209e-05  2.29771e-16
22  1.95734178e-04  2.11056e-12
22  8.25404185e-04  7.58654e-11
22  2.15443469e-03  1.56979e-10
22  9.08517576e-03  2.18939e-10
22  1.33352143e-03  1.2198e-10
22  5.10896977e-04  3.90898e-11
22  3.48070059e-03  1.8908e-10
22  5.62341325e-03  2.03344e-10
22  1.46779927e-02  2.37621e-10
22  6.18965819e-02  2.61952e-10
22  2.37137371e-02  2.46177e-10
22  3.83118685e-02  2.54999e-10
22  1.00000000e-01  2.59975e-10
24  2.61015722e-06  0
24  1.61559810e-06  0
24  1.00000000e-06  0
24  4.21696503e-06  0
24  6.81292069e-06  0
24  1.10069417e-05  0
24  1.77827941e-05  0
24  2.87298483e-05  0
24  4.64158883e-05  1.18814e-26
24  7.49894209e-05  2.11291e-16
24  1.95734178e-04  1.93559e-12
24  1.21152766e-04  8.67651e-14
24  1.33352143e-03  1.08405e-10
24  3.16227766e-04  1.1806e-11
24  2.15443469e-03  1.42639e-10
24  3.48070059e-03  1.68261e-10
24  8.25404185e-04  7.18205e-11
24  5.10896977e-04  3.5868e-11
24  5.62341325e-03  1.83869e-10
24  1.46779927e-02  2.11914e-10
24  2.37137371e-02  2.23842e-10
24  9.08517576e-03  2.01324e-10
24  3.83118685e-02  2.33042e-10
24  1.00000000e-01  2.42311e-10
24  6.18965819e-02  2.34334e-10
26  1.00000000e-06  0
26  1.61559810e-06  0
26  2.61015722e-06  0
26  4.21696503e-06  0
26  6.81292069e-06  0
26  1.77827941e-05  0
26  1.10069417e-05  0
26  2.87298483e-05  0
26  1.95734178e-04  1.71264e-12
26  4.64158883e-05  1.09484e-26
26  7.49894209e-05  1.87768e-16
26  1.21152766e-04  7.71761e-14
26  8.25404185e-04  6.26167e-11
26  3.16227766e-04  1.05625e-11
26  1.33352143e-03  9.84491e-11
26  5.10896977e-04  3.19167e-11
26  3.48070059e-03  1.49707e-10
26  2.15443469e-03  1.28858e-10
26  5.62341325e-03  1.63582e-10
26  2.37137371e-02  1.98664e-10
26  1.46779927e-02  1.86374e-10
26  3.83118685e-02  2.05055e-10
26  9.08517576e-03  1.76931e-10
26  1.00000000e-01  2.04658e-10
26  6.18965819e-02  2.0876e-10
28  1.00000000e-06  0
28  1.61559810e-06  0
28  4.21696503e-06  0
28  2.61015722e-06  0
28  1.10069417e-05  0
28  6.81292069e-06  0
28  2.87298483e-05  0
28  1.77827941e-05  0
28  4.64158883e-05  9.35799e-27
28  1.95734178e-04  1.48808e-12
28  1.21152766e-04  6.63236e-14
28  7.49894209e-05  1.61906e-16
28  8.25404185e-04  5.39689e-11
28  3.16227766e-04  8.98427e-12
28  1.33352143e-03  8.21291e-11
28  2.15443469e-03  1.05011e-10
28  5.10896977e-04  2.70278e-11
28  3.48070059e-03  1.27452e-10
28  3.83118685e-02  1.634e-10
28  5.62341325e-03  1.40727e-10
28  9.08517576e-03  1.47159e-10
28  1.46779927e-02  1.56938e-10
28  2.37137371e-02  1.66389e-10
28  6.18965819e-02  1.77088e-10
28  1.00000000e-01  1.78041e-10
30  1.00000000e-06  0
30  2.61015722e-06  0
30  1.61559810e-06  0
30  1.10069417e-05  0
30  4.21696503e-06  0
30  6.81292069e-06  0
30  1.77827941e-05  0
30  2.87298483e-05  0
30  4.64158883e-05  7.5776e-27
30  7.49894209e-05  1.30625e-16
30  1.21152766e-04  5.3265e-14
30  1.33352143e-03  6.45696e-11
30  1.95734178e-04  1.19617e-12
30  5.10896977e-04  2.15436e-11
30  3.16227766e-04  7.20688e-12
30  2.15443469e-03  8.38144e-11
30  8.25404185e-04  4.27622e-11
30  2.37137371e-02  1.26112e-10
30  3.48070059e-03  1.00413e-10
30  3.83118685e-02  1.35008e-10
30  5.62341325e-03  1.10558e-10
30  9.08517576e-03  1.15509e-10
30  1.46779927e-02  1.22835e-10
30  6.18965819e-02  1.39003e-10
30  1.00000000e-01  1.41766e-10
32  1.00000000e-06  0
32  1.61559810e-06  0
32  2.61015722e-06  0
32  4.21696503e-06  0
32  6.81292069e-06  0
32  1.10069417e-05  0
32  1.77827941e-05  0
32  2.87298483e-05  0
32  4.64158883e-05  5.6207e-27
32  7.49894209e-05  9.68991e-17
32  1.95734178e-04  8.81953e-13
32  1.21152766e-04  3.96956e-14
32  8.25404185e-04  3.06825e-11
32  3.16227766e-04  5.32561e-12
32  5.10896977e-04  1.57263e-11
32  5.62341325e-03  7.59877e-11
32  2.15443469e-03  6.08272e-11
32  1.46779927e-02  8.7404e-11
32  3.48070059e-03  7.24639e-11
32  1.33352143e-03  4.76903e-11
32  2.37137371e-02  9.10497e-11
32  9.08517576e-03  8.24447e-11
32  1.00000000e-01  9.93135e-11
32  6.18965819e-02  9.93392e-11
32  3.83118685e-02  9.6396e-11
4  1.00000000e-06  0
4  1.61559810e-06  0
4  4.21696503e-06  0
4  2.61015722e-06  0
4  1.77827941e-05  0
4  1.10069417e-05  0
4  6.81292069e-06  0
4  2.87298483e-05  0
4  1.95734178e-04  2.78517e-12
4  4.64158883e-05  1.82105e-26
4  7.49894209e-05  3.03099e-16
4  1.21152766e-04  1.24224e-13
4  5.10896977e-04  5.20176e-11
4  1.33352143e-03  1.61424e-10
4  3.16227766e-04  1.71691e-11
4  2.15443469e-03  2.11067e-10
4  3.48070059e-03  2.48747e-10
4  5.62341325e-03  2.78099e-10
4  2.37137371e-02  3.38695e-10
4  8.25404185e-04  1.0494e-10
4  1.46779927e-02  3.16958e-10
4  3.83118685e-02  3.47823e-10
4  9.08517576e-03  3.03201e-10
4  6.18965819e-02  3.54173e-10
4  1.00000000e-01  3.6007e-10
6  1.00000000e-06  0
6  1.61559810e-06  0
6  6.81292069e-06  0
6  2.61015722e-06  0
6  4.21696503e-06  0
6  1.10069417e-05  0
6  2.87298483e-05  0
6  1.77827941e-05  0
6  4.64158883e-05  1.78812e-26
6  7.49894209e-05  3.01442e-16
6  1.21152766e-04  1.23415e-13
6  3.16227766e-04  1.70263e-11
6  1.95734178e-04  2.80317e-12
6  5.10896977e-04  5.17623e-11
6  3.48070059e-03  2.48082e-10
6  8.25404185e-04  1.03951e-10
6  1.33352143e-03  1.62831e-10
6  2.15443469e-03  2.14678e-10
6  5.62341325e-03  2.74439e-10
6  9.08517576e-03  2.99476e-10
6  1.46779927e-02  3.13876e-10
6  6.18965819e-02  3.43191e-10
6  3.83118685e-02  3.43173e-10
6  2.37137371e-02  3.40354e-10
6  1.00000000e-01  3.62036e-10
8  1.00000000e-06  0
8  1.61559810e-06  0
8  2.61015722e-06  0
8  4.21696503e-06  0
8  6.81292069e-06  0
8  1.10069417e-05  0
8  2.87298483e-05  0
8  1.77827941e-05  0
8  7.49894209e-05  2.99138e-16
8  4.64158883e-05  1.75209e-26
8  1.95734178e-04  2.72668e-12
8  1.21152766e-04  1.21611e-13
8  5.10896977e-04  5.10737e-11
8  3.16227766e-04  1.69083e-11
8  8.25404185e-04  1.02704e-10
8  2.15443469e-03  2.11634e-10
8  1.33352143e-03  1.60738e-10
8  5.62341325e-03  2.71174e-10
8  1.46779927e-02  3.13118e-10
8  3.48070059e-03  2.51468e-10
8  6.18965819e-02  3.47626e-10
8  1.00000000e-01  3.55972e-10
8  9.08517576e-03  2.94642e-10
8  2.37137371e-02  3.30695e-10
8  3.83118685e-02  3.36467e-10
