# diffractive D0 cross section, Pb target, BCFY fragmentation, An0n channel
# generated      : 2026-08-21 13:27:02 EEST
# calls          : 1e5 (VEGAS calls per point, see CALLS_EXCL/CALLS_EXCL_FACTORIZED/CALLS_DIFF)
# dipole samples : data/Pb/mve/glauber_mve_<b>
# pD0 sweep      : 0.2 0.3 0.4 0.5 0.6 0.7 0.8 0.9 1.0 1.1 1.2 1.3 1.4 1.5 1.6 1.7 1.8 1.9 2.0 2.5 3.0 3.5 4.0 4.5 5.0 5.5 6.0 6.5 7.0 7.5 8.0 8.5 9.0 9.5 10.0 10.5 11.0 11.5 12.0
# fixed rapidity y : -2.5
# ============================================================
# b  pD0  dsigma_dyd2pD0
0  0.2  0.656365
0  0.3  0.890477
0  0.4  1.09645
0  0.5  1.24941
0  0.6  1.31592
0  0.7  1.3216
0  0.8  1.27918
0  0.9  1.17671
0  1.0  1.07407
0  1.1  0.941992
0  1.3  0.695283
0  1.2  0.826855
0  1.4  0.612865
0  1.5  0.519977
0  1.6  0.43959
0  1.7  0.37369
0  1.8  0.300467
0  1.9  0.268302
0  2.5  0.101327
0  2.0  0.227398
0  3.0  0.0488677
0  3.5  0.0249902
0  4.5  0.00804003
0  4.0  0.0137539
0  5.0  0.00471008
0  5.5  0.00297787
0  6.0  0.00186348
0  6.5  0.00123884
0  7.0  0.000806073
0  7.5  0.000564156
0  8.0  0.000389066
0  8.5  0.00026674
0  9.0  0.000195464
0  9.5  0.000137706
0  10.0  0.000101273
0  10.5  7.45449e-05
0  11.0  5.37811e-05
0  11.5  4.05198e-05
10  0.2  0.65038
10  0.3  0.886141
10  0.4  1.08208
10  0.5  1.21747
10  0.6  1.26159
10  0.7  1.29644
0  12.0  2.99158e-05
10  0.8  1.23841
10  0.9  1.1531
10  1.0  1.02177
10  1.1  0.917914
10  1.2  0.801569
10  1.3  0.689833
10  1.4  0.588222
10  1.5  0.501453
10  1.6  0.42068
10  1.7  0.35794
10  1.8  0.300605
10  1.9  0.258806
10  2.0  0.218132
10  2.5  0.0977938
10  3.0  0.0474716
10  3.5  0.0243787
10  4.5  0.00752243
10  4.0  0.0131926
10  5.0  0.00457435
10  5.5  0.00276806
10  6.0  0.00180848
10  6.5  0.00117992
10  7.0  0.000789012
10  7.5  0.000521908
10  8.0  0.000372632
10  8.5  0.000259168
10  9.0  0.000184578
10  9.5  0.000132534
10  10.0  9.64309e-05
10  10.5  7.02776e-05
10  11.0  5.22042e-05
10  11.5  3.87598e-05
12  0.2  0.649054
12  0.3  0.874422
12  0.4  1.07876
12  0.5  1.19032
12  0.6  1.28299
12  0.7  1.28049
10  12.0  2.89659e-05
12  0.8  1.22338
12  0.9  1.13311
12  1.0  1.01737
12  1.1  0.901626
12  1.2  0.786124
12  1.3  0.665924
12  1.4  0.577715
12  1.5  0.492119
12  1.6  0.416158
12  1.7  0.347631
12  1.8  0.297211
12  1.9  0.248873
12  2.0  0.213833
12  2.5  0.096291
12  3.0  0.0464222
12  3.5  0.0239142
12  4.0  0.0130446
12  4.5  0.00748465
12  5.5  0.00276716
12  5.0  0.00445814
12  6.0  0.00175338
12  6.5  0.00114957
12  7.0  0.000767426
12  7.5  0.000527391
12  8.0  0.000355247
12  8.5  0.000251774
12  9.0  0.000181276
12  9.5  0.000129987
12  10.0  9.17161e-05
12  10.5  6.72087e-05
12  11.0  5.09398e-05
12  11.5  3.76592e-05
14  0.2  0.644388
14  0.3  0.871506
14  0.4  1.05835
14  0.5  1.19427
14  0.6  1.26591
14  0.7  1.25705
14  0.8  1.20883
14  0.9  1.11434
12  12.0  2.81336e-05
14  1.0  1.00103
14  1.1  0.885766
14  1.2  0.764632
14  1.3  0.661772
14  1.4  0.561913
14  1.5  0.482371
14  1.6  0.405348
14  1.7  0.343039
14  1.8  0.290355
14  1.9  0.245276
14  2.0  0.207847
14  2.5  0.092004
14  3.0  0.045125
14  3.5  0.0232142
14  4.0  0.0126369
14  4.5  0.00728075
14  5.5  0.00267695
14  5.0  0.00426544
14  6.0  0.00171037
14  6.5  0.00111508
14  7.0  0.00074682
14  7.5  0.000505571
14  8.0  0.000351544
14  8.5  0.000247618
14  9.0  0.000175556
14  9.5  0.0001264
14  10.0  9.12868e-05
14  10.5  6.69361e-05
14  11.0  4.9446e-05
14  11.5  3.65495e-05
16  0.2  0.637101
16  0.3  0.861233
16  0.4  1.05469
16  0.5  1.18975
16  0.6  1.2439
14  12.0  2.73786e-05
16  0.7  1.22671
16  0.8  1.18046
16  0.9  1.0885
16  1.0  0.980563
16  1.1  0.862167
16  1.2  0.74165
16  1.3  0.643895
16  1.4  0.548471
16  1.5  0.464053
16  1.6  0.394555
16  1.7  0.332459
16  1.8  0.280542
16  1.9  0.234243
16  2.0  0.201352
16  2.5  0.0912294
16  3.0  0.0434295
16  3.5  0.0223749
16  4.0  0.0118274
16  4.5  0.00700902
16  5.0  0.00411107
16  5.5  0.00249332
16  6.0  0.00160041
16  6.5  0.00104567
16  7.0  0.00071988
16  7.5  0.000488744
16  8.0  0.000337802
16  8.5  0.000234868
16  9.0  0.000168403
16  9.5  0.000119483
16  10.5  6.44691e-05
16  10.0  8.84682e-05
16  11.0  4.66401e-05
16  12.0  2.63915e-05
16  11.5  3.51712e-05
18  0.2  0.626106
18  0.3  0.849114
18  0.4  1.03875
18  0.5  1.16995
18  0.6  1.2215
18  0.7  1.2208
18  0.8  1.12271
18  0.9  1.05772
18  1.0  0.952401
18  1.1  0.836723
18  1.2  0.715651
18  1.3  0.622662
18  1.4  0.530562
18  1.5  0.444749
18  1.6  0.373192
18  1.7  0.319565
18  1.8  0.269875
18  1.9  0.228838
18  2.0  0.19306
18  2.5  0.0871879
18  3.0  0.0419836
18  3.5  0.0213941
18  4.0  0.0116917
18  4.5  0.00666301
18  5.0  0.00399151
18  5.5  0.0024741
18  6.0  0.00157254
18  6.5  0.00102638
18  7.0  0.000684734
18  7.5  0.000468537
18  8.0  0.000322654
18  8.5  0.000226947
18  9.0  0.000161119
18  10.0  8.38974e-05
18  9.5  0.000115499
18  10.5  6.13992e-05
18  11.0  4.46663e-05
18  11.5  3.38267e-05
18  12.0  2.52751e-05
2  0.2  0.663724
2  0.3  0.894925
2  0.4  1.09483
2  0.5  1.21091
2  0.6  1.2871
2  0.7  1.31982
2  0.8  1.27309
2  0.9  1.18169
2  1.0  1.06585
2  1.1  0.943716
2  1.2  0.827689
2  1.3  0.705254
2  1.4  0.609449
2  1.5  0.520403
2  1.6  0.441712
2  1.7  0.373844
2  1.8  0.317368
2  1.9  0.267505
2  2.0  0.225101
2  2.5  0.102998
2  3.0  0.0495815
2  3.5  0.0255651
2  4.5  0.00798237
2  4.0  0.0139497
2  5.5  0.00295868
2  5.0  0.00468273
2  6.0  0.00188979
2  6.5  0.00122818
2  7.0  0.000827079
2  7.5  0.000562109
2  8.0  0.000389772
2  8.5  0.000273188
2  9.0  0.000195053
2  9.5  0.0001394
2  10.0  0.000101969
2  10.5  7.46046e-05
2  11.0  5.46894e-05
2  11.5  4.03455e-05
20  0.2  0.607371
20  0.3  0.8311
20  0.4  0.994613
20  0.5  1.14292
2  12.0  3.01131e-05
20  0.6  1.16189
20  0.7  1.15994
20  0.8  1.11302
20  0.9  1.02196
20  1.0  0.915415
20  1.1  0.77604
20  1.2  0.695042
20  1.3  0.596294
20  1.4  0.504744
20  1.5  0.420683
20  1.6  0.361051
20  1.7  0.304907
20  1.8  0.255796
20  1.9  0.216815
20  2.0  0.183169
20  2.5  0.0806437
20  3.0  0.039441
20  3.5  0.0202778
20  4.0  0.0110302
20  4.5  0.00630161
20  5.5  0.00233353
20  5.0  0.0037173
20  6.0  0.001485
20  6.5  0.000968292
20  7.5  0.000434524
20  7.0  0.000651945
20  8.0  0.000305657
20  8.5  0.000212446
20  9.5  0.000109392
20  9.0  0.000151705
20  10.5  5.79163e-05
20  10.0  7.87863e-05
20  11.0  4.28245e-05
20  11.5  3.11012e-05
22  0.2  0.60635
20  12.0  2.36875e-05
22  0.3  0.814579
22  0.4  0.994174
22  0.5  1.10693
22  0.6  1.15029
22  0.7  1.13572
22  0.8  1.05459
22  0.9  0.978174
22  1.0  0.87044
22  1.1  0.761511
22  1.2  0.656193
22  1.3  0.548662
22  1.4  0.471495
22  1.5  0.396028
22  1.6  0.33864
22  1.7  0.281986
22  1.8  0.240815
22  1.9  0.200204
22  2.0  0.168587
22  2.5  0.0766277
22  3.0  0.036794
22  3.5  0.0188586
22  4.5  0.00587159
22  4.0  0.0101628
22  5.5  0.00216535
22  5.0  0.00350717
22  6.0  0.0013544
22  6.5  0.000900654
22  7.5  0.000409628
22  7.0  0.000600504
22  8.0  0.000284237
22  8.5  0.000198478
22  9.0  0.000138957
22  10.0  7.36914e-05
22  9.5  0.000101591
22  10.5  5.41702e-05
22  11.0  3.97642e-05
22  11.5  2.94356e-05
24  0.2  0.587932
22  12.0  2.20707e-05
24  0.3  0.79376
24  0.4  0.934742
24  0.5  1.06709
24  0.6  1.10098
24  0.7  1.07511
24  0.8  0.995529
24  0.9  0.915825
24  1.0  0.815492
24  1.1  0.711074
24  1.2  0.60103
24  1.4  0.437443
24  1.3  0.5175
24  1.5  0.370855
24  1.6  0.311159
24  1.7  0.262448
24  1.8  0.221344
24  1.9  0.186043
24  2.0  0.15741
24  2.5  0.0696651
24  3.0  0.0334949
24  3.5  0.0172413
24  4.5  0.0053607
24  4.0  0.00935959
24  5.5  0.00197873
24  5.0  0.00312051
24  6.0  0.00125929
24  7.0  0.000546851
24  6.5  0.000800956
24  7.5  0.000374527
24  8.0  0.000258239
24  8.5  0.000181542
24  9.0  0.000128685
24  9.5  9.24711e-05
24  10.0  6.69454e-05
24  10.5  4.9413e-05
24  11.0  3.56829e-05
24  11.5  2.67897e-05
26  0.2  0.566289
26  0.3  0.749088
26  0.4  0.916717
26  0.5  1.00915
24  12.0  2.00586e-05
26  0.6  1.03365
26  0.7  1.00959
26  0.8  0.922561
26  0.9  0.845307
26  1.0  0.743304
26  1.1  0.646726
26  1.2  0.551032
26  1.3  0.460368
26  1.4  0.394873
26  1.5  0.332403
26  1.6  0.279275
26  1.7  0.234641
26  1.8  0.198244
26  1.9  0.16477
26  2.0  0.139824
26  2.5  0.0620359
26  3.0  0.0298612
26  3.5  0.0152307
26  4.0  0.00829487
26  4.5  0.00465241
26  5.5  0.00174102
26  5.0  0.00281232
26  6.0  0.00111033
26  6.5  0.000710365
26  7.0  0.000481379
26  7.5  0.000330023
26  8.0  0.000223703
26  8.5  0.000156576
26  9.0  0.00011101
26  9.5  8.14072e-05
26  10.0  5.89162e-05
26  10.5  4.2839e-05
26  11.0  3.13218e-05
26  11.5  2.3302e-05
28  0.2  0.534581
28  0.3  0.706112
26  12.0  1.7596e-05
28  0.4  0.84993
28  0.5  0.927866
28  0.6  0.941647
28  0.7  0.886379
28  0.8  0.828618
28  0.9  0.745929
28  1.0  0.648259
28  1.1  0.561236
28  1.2  0.47693
28  1.3  0.404683
28  1.4  0.341259
28  1.5  0.283275
28  1.6  0.23887
28  1.7  0.200832
28  1.8  0.16685
28  1.9  0.141957
28  2.0  0.119195
28  2.5  0.052502
28  3.0  0.024951
28  3.5  0.0127186
28  4.5  0.00396273
28  4.0  0.006908
28  5.5  0.00145096
28  5.0  0.00236237
28  6.0  0.000929843
28  6.5  0.000606941
28  7.0  0.000406176
28  7.5  0.00026799
28  8.0  0.000190601
28  8.5  0.000132971
28  9.0  9.42439e-05
28  9.5  6.78573e-05
28  10.0  4.94298e-05
28  10.5  3.61076e-05
28  11.0  2.66612e-05
28  11.5  1.97158e-05
30  0.2  0.486259
30  0.3  0.651151
30  0.4  0.770077
30  0.5  0.803411
30  0.6  0.814073
30  0.7  0.75687
28  12.0  1.47294e-05
30  0.8  0.699866
30  0.9  0.617317
30  1.0  0.530017
30  1.1  0.460093
30  1.2  0.386632
30  1.3  0.327922
30  1.4  0.273638
30  1.5  0.230869
30  1.6  0.190398
30  1.7  0.159888
30  1.8  0.131682
30  1.9  0.113166
30  2.0  0.0942108
30  2.5  0.0411088
30  3.0  0.0193879
30  3.5  0.009993
30  4.5  0.00309952
30  4.0  0.00542978
30  5.5  0.00114328
30  5.0  0.0018362
30  6.0  0.000724679
30  7.0  0.000315539
30  6.5  0.000470321
30  7.5  0.000212386
30  8.0  0.000148278
30  8.5  0.000103927
30  9.0  7.38726e-05
30  9.5  5.32769e-05
30  10.0  3.85651e-05
30  10.5  2.77265e-05
30  11.0  2.0805e-05
30  11.5  1.51618e-05
30  12.0  1.15322e-05
32  0.2  0.427745
32  0.3  0.56613
32  0.4  0.647694
32  0.5  0.659104
32  0.6  0.64039
32  0.7  0.604556
32  0.8  0.538171
32  0.9  0.465246
32  1.0  0.395995
32  1.1  0.340021
32  1.2  0.289256
32  1.3  0.236352
32  1.4  0.200436
32  1.5  0.165091
32  1.6  0.138771
32  1.7  0.116051
32  1.8  0.0954037
32  1.9  0.0817253
32  2.0  0.0678235
32  2.5  0.0290818
32  3.0  0.0141801
32  3.5  0.00719231
32  4.5  0.00221687
32  4.0  0.0038879
32  5.0  0.00131746
32  5.5  0.000805733
32  6.0  0.000519377
32  6.5  0.00033698
32  7.0  0.00021822
32  7.5  0.000153303
32  8.0  0.000106046
32  8.5  7.44181e-05
32  9.0  5.3072e-05
32  9.5  3.74219e-05
32  10.0  2.7675e-05
32  10.5  2.00731e-05
32  11.0  1.47864e-05
32  11.5  1.1047e-05
4  0.2  0.662774
4  0.3  0.877303
32  12.0  8.21823e-06
4  0.4  1.09916
4  0.5  1.24965
4  0.6  1.31829
4  0.7  1.2957
4  0.8  1.26713
4  0.9  1.18476
4  1.0  1.06146
4  1.1  0.934465
4  1.2  0.821973
4  1.3  0.69808
4  1.4  0.60525
4  1.5  0.515415
4  1.6  0.43623
4  1.7  0.371943
4  1.8  0.309596
4  1.9  0.262996
4  2.0  0.225076
4  2.5  0.101082
4  3.0  0.0493269
4  3.5  0.0248279
4  4.5  0.0079319
4  4.0  0.0139007
4  5.5  0.00295027
4  5.0  0.00470271
4  6.0  0.00187813
4  6.5  0.00122795
4  7.0  0.000805503
4  7.5  0.000558001
4  8.0  0.000386653
4  8.5  0.000270934
4  9.0  0.000193126
4  9.5  0.00013883
4  10.0  9.78865e-05
4  10.5  7.14693e-05
4  11.0  5.34529e-05
4  11.5  4.02457e-05
6  0.2  0.658095
6  0.3  0.885104
6  0.4  1.08995
6  0.5  1.21734
4  12.0  3.01914e-05
6  0.6  1.31334
6  0.7  1.31368
6  0.8  1.26303
6  0.9  1.17041
6  1.0  1.06133
6  1.1  0.93618
6  1.2  0.809444
6  1.3  0.697329
6  1.4  0.602579
6  1.5  0.514872
6  1.6  0.430108
6  1.7  0.364554
6  1.8  0.308383
6  1.9  0.263721
6  2.0  0.224838
6  2.5  0.0998246
6  3.0  0.0479528
6  3.5  0.0248238
6  4.5  0.00781838
6  4.0  0.013706
6  5.5  0.00285717
6  5.0  0.00475111
6  6.0  0.00187058
6  6.5  0.00122467
6  7.5  0.000551814
6  7.0  0.000814143
6  8.0  0.00038305
6  8.5  0.000267432
6  9.0  0.000191166
6  9.5  0.000137607
6  10.0  9.98409e-05
6  10.5  7.23032e-05
6  11.0  5.28275e-05
6  11.5  3.99078e-05
8  0.2  0.647415
8  0.3  0.871802
8  0.4  1.09104
8  0.5  1.23161
8  0.6  1.30652
8  0.7  1.30236
6  12.0  2.96163e-05
8  0.8  1.24872
8  0.9  1.14062
8  1.0  1.04397
8  1.1  0.929001
8  1.2  0.793173
8  1.3  0.692918
8  1.4  0.586856
8  1.5  0.505706
8  1.6  0.428951
8  1.7  0.36366
8  1.8  0.309517
8  1.9  0.252408
8  2.0  0.221347
8  2.5  0.100728
8  3.0  0.0482761
8  3.5  0.024758
8  4.5  0.00776552
8  4.0  0.0134477
8  5.0  0.00458457
8  5.5  0.00288275
8  6.0  0.00183834
8  6.5  0.00119868
8  7.5  0.000529931
8  7.0  0.000805539
8  8.0  0.000364962
8  8.5  0.000265676
8  9.0  0.000187891
8  9.5  0.000135812
8  10.0  9.83651e-05
8  10.5  6.90518e-05
8  11.0  5.31599e-05
8  11.5  3.93802e-05
8  12.0  2.9484e-05
