# diffractive D0 dsigma/(d2pD0 dy dx_po), Pb target, KniehlKramer fragmentation, An0n channel
# generated      : 2026-07-28 17:25:01 EEST
# calls          : 1e5 (VEGAS calls per point)
# dipole samples : data/Pb/mve/glauber_mve_<b>
# x_po grid      : 1e-6 to 0.1, 25 log-spaced points
# fixed rapidity y : 2.0
# fixed pD0        : 4.0
# ============================================================
# b  x_po  dsigma_dxpo
0  1.00000000e-06  0
0  1.61559810e-06  0
0  2.61015722e-06  0
0  6.81292069e-06  0
0  4.21696503e-06  0
0  1.10069417e-05  0
0  1.77827941e-05  0
0  2.87298483e-05  0
0  4.64158883e-05  0
0  7.49894209e-05  0
0  3.16227766e-04  0.000169311
0  2.15443469e-03  0.00506923
0  1.21152766e-04  2.95783e-14
0  1.95734178e-04  4.45172e-06
0  5.10896977e-04  0.000871425
0  8.25404185e-04  0.0021482
0  1.33352143e-03  0.00371159
0  1.46779927e-02  0.00854045
0  3.48070059e-03  0.00647405
0  5.62341325e-03  0.00738538
0  2.37137371e-02  0.00906562
0  9.08517576e-03  0.00798767
0  6.18965819e-02  0.00964399
0  3.83118685e-02  0.00951627
0  1.00000000e-01  0.0095772
10  1.00000000e-06  0
10  2.61015722e-06  0
10  1.61559810e-06  0
10  4.21696503e-06  0
10  1.10069417e-05  0
10  6.81292069e-06  0
10  1.77827941e-05  0
10  2.87298483e-05  0
10  4.64158883e-05  0
10  7.49894209e-05  0
10  5.10896977e-04  0.000824854
10  8.25404185e-04  0.002017
10  3.16227766e-04  0.000162272
10  1.95734178e-04  4.24025e-06
10  1.21152766e-04  2.821e-14
10  1.33352143e-03  0.00347604
10  1.46779927e-02  0.00814992
10  2.15443469e-03  0.00497316
10  2.37137371e-02  0.00869306
10  9.08517576e-03  0.00760693
10  3.48070059e-03  0.00616604
10  5.62341325e-03  0.00704032
10  6.18965819e-02  0.00919281
10  3.83118685e-02  0.00908819
10  1.00000000e-01  0.00917186
12  1.00000000e-06  0
12  1.61559810e-06  0
12  2.61015722e-06  0
12  4.21696503e-06  0
12  1.10069417e-05  0
12  6.81292069e-06  0
12  1.77827941e-05  0
12  2.87298483e-05  0
12  7.49894209e-05  0
12  4.64158883e-05  0
12  8.25404185e-04  0.00199682
12  1.21152766e-04  2.74068e-14
12  2.15443469e-03  0.0047968
12  3.16227766e-04  0.000160158
12  5.10896977e-04  0.000816637
12  1.95734178e-04  4.17415e-06
12  1.33352143e-03  0.00347216
12  2.37137371e-02  0.00838649
12  5.62341325e-03  0.00689551
12  3.48070059e-03  0.00604549
12  9.08517576e-03  0.00739311
12  1.00000000e-01  0.00910556
12  1.46779927e-02  0.00790835
12  6.18965819e-02  0.00877788
12  3.83118685e-02  0.00896334
14  1.00000000e-06  0
14  1.61559810e-06  0
14  2.61015722e-06  0
14  4.21696503e-06  0
14  6.81292069e-06  0
14  1.77827941e-05  0
14  1.10069417e-05  0
14  4.64158883e-05  0
14  2.87298483e-05  0
14  7.49894209e-05  0
14  1.21152766e-04  2.69043e-14
14  1.95734178e-04  4.03814e-06
14  3.16227766e-04  0.000154883
14  5.10896977e-04  0.000788544
14  3.48070059e-03  0.00571214
14  1.33352143e-03  0.00339514
14  8.25404185e-04  0.00195429
14  5.62341325e-03  0.00668589
14  1.46779927e-02  0.00770752
14  9.08517576e-03  0.00689684
14  2.15443469e-03  0.00475978
14  6.18965819e-02  0.00864942
14  1.00000000e-01  0.00917792
14  2.37137371e-02  0.00811255
14  3.83118685e-02  0.00858589
16  1.00000000e-06  0
16  1.61559810e-06  0
16  4.21696503e-06  0
16  2.61015722e-06  0
16  6.81292069e-06  0
16  1.10069417e-05  0
16  1.77827941e-05  0
16  2.87298483e-05  0
16  4.64158883e-05  0
16  7.49894209e-05  0
16  3.16227766e-04  0.000150395
16  5.10896977e-04  0.000762943
16  2.15443469e-03  0.00447401
16  1.21152766e-04  2.61228e-14
16  1.95734178e-04  3.92573e-06
16  3.48070059e-03  0.00549511
16  1.33352143e-03  0.00326951
16  8.25404185e-04  0.00189604
16  9.08517576e-03  0.00670171
16  3.83118685e-02  0.00822451
16  6.18965819e-02  0.00837685
16  1.46779927e-02  0.0072857
16  5.62341325e-03  0.00644634
16  2.37137371e-02  0.00781255
16  1.00000000e-01  0.00832142
18  1.00000000e-06  0
18  1.61559810e-06  0
18  2.61015722e-06  0
18  6.81292069e-06  0
18  4.21696503e-06  0
18  1.77827941e-05  0
18  1.10069417e-05  0
18  2.87298483e-05  0
18  4.64158883e-05  0
18  7.49894209e-05  0
18  1.95734178e-04  3.75142e-06
18  8.25404185e-04  0.00179005
18  5.10896977e-04  0.00073007
18  1.21152766e-04  2.46744e-14
18  3.16227766e-04  0.000144206
18  1.33352143e-03  0.0031359
18  3.48070059e-03  0.005441
18  9.08517576e-03  0.00663402
18  5.62341325e-03  0.00617289
18  2.15443469e-03  0.00438417
18  3.83118685e-02  0.00776897
18  1.46779927e-02  0.00713935
18  2.37137371e-02  0.0074601
18  6.18965819e-02  0.00798998
18  1.00000000e-01  0.00819475
2  1.61559810e-06  0
2  1.00000000e-06  0
2  2.61015722e-06  0
2  4.21696503e-06  0
2  6.81292069e-06  0
2  1.10069417e-05  0
2  1.77827941e-05  0
2  2.87298483e-05  0
2  7.49894209e-05  0
2  4.64158883e-05  0
2  1.21152766e-04  2.92942e-14
2  5.10896977e-04  0.000859375
2  3.16227766e-04  0.000169239
2  3.48070059e-03  0.00630907
2  1.95734178e-04  4.46041e-06
2  2.15443469e-03  0.00522393
2  8.25404185e-04  0.00213944
2  1.33352143e-03  0.0037121
2  5.62341325e-03  0.00740265
2  9.08517576e-03  0.0079751
2  1.46779927e-02  0.00852095
2  2.37137371e-02  0.0089941
2  6.18965819e-02  0.0095619
2  3.83118685e-02  0.00955481
2  1.00000000e-01  0.00980334
20  1.00000000e-06  0
20  2.61015722e-06  0
20  1.61559810e-06  0
20  4.21696503e-06  0
20  6.81292069e-06  0
20  1.10069417e-05  0
20  2.87298483e-05  0
20  4.64158883e-05  0
20  1.77827941e-05  0
20  7.49894209e-05  0
20  1.95734178e-04  3.55656e-06
20  3.16227766e-04  0.000137161
20  1.21152766e-04  2.36801e-14
20  2.15443469e-03  0.00411753
20  5.10896977e-04  0.000701244
20  1.33352143e-03  0.00292682
20  3.48070059e-03  0.00504524
20  8.25404185e-04  0.00172844
20  5.62341325e-03  0.00580879
20  1.46779927e-02  0.0066986
20  3.83118685e-02  0.00739629
20  9.08517576e-03  0.00623405
20  2.37137371e-02  0.00710422
20  6.18965819e-02  0.00748452
20  1.00000000e-01  0.00764436
22  1.00000000e-06  0
22  2.61015722e-06  0
22  1.61559810e-06  0
22  1.10069417e-05  0
22  4.21696503e-06  0
22  6.81292069e-06  0
22  1.77827941e-05  0
22  2.87298483e-05  0
22  7.49894209e-05  0
22  4.64158883e-05  0
22  1.95734178e-04  3.34594e-06
22  5.10896977e-04  0.000652693
22  1.21152766e-04  2.20735e-14
22  3.16227766e-04  0.000129085
22  3.48070059e-03  0.00469203
22  8.25404185e-04  0.00161639
22  1.33352143e-03  0.00277171
22  9.08517576e-03  0.00573084
22  2.15443469e-03  0.00380587
22  5.62341325e-03  0.00541839
22  3.83118685e-02  0.00696212
22  1.46779927e-02  0.00625347
22  6.18965819e-02  0.0071021
22  2.37137371e-02  0.00660042
22  1.00000000e-01  0.00692703
24  1.00000000e-06  0
24  2.61015722e-06  0
24  1.61559810e-06  0
24  4.21696503e-06  0
24  6.81292069e-06  0
24  1.10069417e-05  0
24  1.77827941e-05  0
24  2.87298483e-05  0
24  4.64158883e-05  0
24  7.49894209e-05  0
24  5.10896977e-04  0.000592982
24  1.33352143e-03  0.0024821
24  1.21152766e-04  2.03001e-14
24  3.16227766e-04  0.000118264
24  1.95734178e-04  3.09727e-06
24  5.62341325e-03  0.00477144
24  8.25404185e-04  0.00148631
24  9.08517576e-03  0.00517916
24  2.15443469e-03  0.00355759
24  2.37137371e-02  0.00603192
24  3.48070059e-03  0.00436062
24  6.18965819e-02  0.00644738
24  1.46779927e-02  0.00569184
24  1.00000000e-01  0.00627716
24  3.83118685e-02  0.00627874
26  1.00000000e-06  0
26  1.61559810e-06  0
26  2.61015722e-06  0
26  4.21696503e-06  0
26  6.81292069e-06  0
26  1.77827941e-05  0
26  1.10069417e-05  0
26  4.64158883e-05  0
26  2.87298483e-05  0
26  7.49894209e-05  0
26  1.95734178e-04  2.7533e-06
26  1.21152766e-04  1.79389e-14
26  3.16227766e-04  0.000105489
26  2.15443469e-03  0.00310711
26  8.25404185e-04  0.00129801
26  5.10896977e-04  0.000538143
26  1.33352143e-03  0.00225425
26  9.08517576e-03  0.00461586
26  3.48070059e-03  0.00385242
26  5.62341325e-03  0.00432389
26  2.37137371e-02  0.0052348
26  6.18965819e-02  0.00562411
26  3.83118685e-02  0.00551528
26  1.46779927e-02  0.00502176
26  1.00000000e-01  0.00559713
28  1.00000000e-06  0
28  1.61559810e-06  0
28  2.61015722e-06  0
28  4.21696503e-06  0
28  6.81292069e-06  0
28  1.10069417e-05  0
28  2.87298483e-05  0
28  1.77827941e-05  0
28  7.49894209e-05  0
28  4.64158883e-05  0
28  1.21152766e-04  1.54781e-14
28  1.95734178e-04  2.36524e-06
28  5.10896977e-04  0.000460059
28  3.16227766e-04  9.13381e-05
28  8.25404185e-04  0.00112578
28  1.33352143e-03  0.00192067
28  9.08517576e-03  0.00384448
28  3.48070059e-03  0.00323861
28  2.15443469e-03  0.00266551
28  5.62341325e-03  0.00363923
28  2.37137371e-02  0.00448664
28  1.46779927e-02  0.00420613
28  1.00000000e-01  0.00477675
28  6.18965819e-02  0.00462737
28  3.83118685e-02  0.00466622
30  1.00000000e-06  0
30  2.61015722e-06  0
30  1.61559810e-06  0
30  4.21696503e-06  0
30  6.81292069e-06  0
30  1.77827941e-05  0
30  1.10069417e-05  0
30  2.87298483e-05  0
30  4.64158883e-05  0
30  7.49894209e-05  0
30  8.25404185e-04  0.000886092
30  1.21152766e-04  1.24347e-14
30  3.16227766e-04  7.37288e-05
30  1.95734178e-04  1.91702e-06
30  5.10896977e-04  0.000371888
30  1.33352143e-03  0.00152475
30  9.08517576e-03  0.00298134
30  2.15443469e-03  0.00210723
30  3.83118685e-02  0.00363679
30  1.46779927e-02  0.00321915
30  5.62341325e-03  0.00286775
30  3.48070059e-03  0.00255342
30  2.37137371e-02  0.003438
30  6.18965819e-02  0.00361701
30  1.00000000e-01  0.00366004
32  1.00000000e-06  0
32  1.61559810e-06  0
32  6.81292069e-06  0
32  4.21696503e-06  0
32  2.61015722e-06  0
32  1.10069417e-05  0
32  1.77827941e-05  0
32  4.64158883e-05  0
32  2.87298483e-05  0
32  7.49894209e-05  0
32  1.95734178e-04  1.42534e-06
32  8.25404185e-04  0.000649705
32  3.16227766e-04  5.43559e-05
32  1.21152766e-04  9.22379e-15
32  1.33352143e-03  0.00109338
32  5.10896977e-04  0.000272585
32  5.62341325e-03  0.00201684
32  2.37137371e-02  0.00254716
32  2.15443469e-03  0.0015346
32  3.48070059e-03  0.00184488
32  6.18965819e-02  0.00265096
32  1.46779927e-02  0.00235629
32  9.08517576e-03  0.00218225
32  3.83118685e-02  0.00255112
32  1.00000000e-01  0.00262502
4  1.00000000e-06  0
4  1.61559810e-06  0
4  2.61015722e-06  0
4  4.21696503e-06  0
4  6.81292069e-06  0
4  1.77827941e-05  0
4  1.10069417e-05  0
4  2.87298483e-05  0
4  4.64158883e-05  0
4  7.49894209e-05  0
4  3.16227766e-04  0.000168648
4  1.21152766e-04  2.93248e-14
4  1.95734178e-04  4.41192e-06
4  5.10896977e-04  0.000868446
4  8.25404185e-04  0.00213433
4  1.33352143e-03  0.00369811
4  2.15443469e-03  0.00518902
4  5.62341325e-03  0.0073365
4  3.48070059e-03  0.00644085
4  2.37137371e-02  0.00900001
4  3.83118685e-02  0.0092604
4  6.18965819e-02  0.00935785
4  1.46779927e-02  0.00824442
4  1.00000000e-01  0.0097376
4  9.08517576e-03  0.00792781
6  1.61559810e-06  0
6  1.00000000e-06  0
6  4.21696503e-06  0
6  2.61015722e-06  0
6  1.10069417e-05  0
6  6.81292069e-06  0
6  1.77827941e-05  0
6  2.87298483e-05  0
6  7.49894209e-05  0
6  4.64158883e-05  0
6  3.16227766e-04  0.000166776
6  1.21152766e-04  2.91976e-14
6  1.95734178e-04  4.34493e-06
6  5.10896977e-04  0.000857803
6  8.25404185e-04  0.00211704
6  1.33352143e-03  0.00365764
6  2.15443469e-03  0.00515142
6  5.62341325e-03  0.00730099
6  3.48070059e-03  0.00636226
6  9.08517576e-03  0.00781304
6  1.46779927e-02  0.00842584
6  3.83118685e-02  0.0093334
6  6.18965819e-02  0.00942319
6  2.37137371e-02  0.00884122
6  1.00000000e-01  0.00935009
8  1.00000000e-06  0
8  2.61015722e-06  0
8  1.61559810e-06  0
8  4.21696503e-06  0
8  6.81292069e-06  0
8  1.10069417e-05  0
8  4.64158883e-05  0
8  1.77827941e-05  0
8  2.87298483e-05  0
8  7.49894209e-05  0
8  1.21152766e-04  2.85214e-14
8  5.10896977e-04  0.000838927
8  1.95734178e-04  4.35605e-06
8  3.16227766e-04  0.000166093
8  1.33352143e-03  0.00362509
8  8.25404185e-04  0.00208402
8  2.15443469e-03  0.00508648
8  3.48070059e-03  0.00630396
8  5.62341325e-03  0.00717825
8  9.08517576e-03  0.00741056
8  1.46779927e-02  0.00827872
8  2.37137371e-02  0.00871745
8  6.18965819e-02  0.00916745
8  3.83118685e-02  0.00923634
8  1.00000000e-01  0.00918427
