# diffractive D0 cross section, Pb target, LHAPDF fragmentation, An0n channel
# generated      : 2026-08-21 10:10:55 EEST
# calls          : 1e5 (VEGAS calls per point, see CALLS_EXCL/CALLS_EXCL_FACTORIZED/CALLS_DIFF)
# dipole samples : data/Pb/mve/glauber_mve_<b>
# pD0 sweep      : 0.2 0.3 0.4 0.5 0.6 0.7 0.8 0.9 1.0 1.1 1.2 1.3 1.4 1.5 1.6 1.7 1.8 1.9 2.0 2.5 3.0 3.5 4.0 4.5 5.0 5.5 6.0 6.5 7.0 7.5 8.0 8.5 9.0 9.5 10.0 10.5 11.0 11.5 12.0
# fixed rapidity y : -0.5
# ============================================================
# b  pD0  dsigma_dyd2pD0
0  0.2  0.587138
0  0.3  0.834051
0  0.5  1.19341
0  0.4  1.06472
0  0.6  1.20202
0  0.7  1.14688
0  0.9  0.899091
0  0.8  1.03073
0  1.0  0.766675
0  1.1  0.643045
0  1.2  0.533933
0  1.3  0.440477
0  1.4  0.360884
0  1.5  0.298015
0  1.6  0.243972
0  1.7  0.204307
0  1.8  0.167544
0  1.9  0.138319
0  2.0  0.115234
0  2.5  0.0483909
0  3.0  0.0226238
0  3.5  0.011229
0  4.0  0.00594866
0  4.5  0.00337519
0  5.0  0.00206085
0  5.5  0.0012448
0  6.0  0.000798265
0  6.5  0.000540317
0  7.0  0.000359959
0  7.5  0.000246546
0  8.0  0.00017842
0  8.5  0.00012402
0  9.0  9.3142e-05
0  9.5  6.84472e-05
0  10.5  3.7763e-05
0  10.0  5.00986e-05
0  11.0  2.94436e-05
10  0.2  0.579488
10  0.3  0.84357
10  0.4  1.04586
10  0.5  1.16929
10  0.6  1.16626
10  0.7  1.11143
10  0.8  0.993869
10  0.9  0.862893
10  1.0  0.736333
10  1.1  0.613784
10  1.2  0.507658
10  1.3  0.421035
10  1.4  0.345449
10  1.5  0.284379
0  11.5  2.25826e-05
10  1.6  0.232928
10  1.7  0.190698
10  1.8  0.159979
10  1.9  0.130703
10  2.0  0.110027
10  2.5  0.0460943
10  3.0  0.0215128
10  3.5  0.0105257
0  12.0  1.71476e-05
10  4.0  0.00574262
10  4.5  0.00327161
10  5.0  0.00195507
10  5.5  0.00121545
10  6.0  0.000759964
10  6.5  0.000511058
10  7.5  0.00023559
10  7.0  0.000348821
10  8.0  0.000169118
10  8.5  0.000118439
10  9.0  8.71672e-05
10  9.5  6.52637e-05
10  10.5  3.60764e-05
10  10.0  4.70729e-05
12  0.2  0.573218
12  0.3  0.829563
10  11.0  2.79599e-05
12  0.4  1.05066
12  0.5  1.15839
12  0.6  1.17136
12  0.7  1.09009
12  0.8  0.980046
12  0.9  0.846918
12  1.0  0.724033
12  1.1  0.608067
12  1.3  0.410843
12  1.2  0.502843
12  1.4  0.338612
12  1.5  0.27404
12  1.6  0.228794
12  1.7  0.189581
10  12.0  1.67146e-05
12  1.8  0.157278
12  1.9  0.128052
10  11.5  2.09582e-05
12  2.0  0.107586
12  2.5  0.0450624
12  3.0  0.0208592
12  3.5  0.01031
12  4.0  0.00559545
12  4.5  0.00322224
12  5.0  0.00187718
12  5.5  0.00115856
12  6.0  0.000755124
12  6.5  0.000491984
12  8.0  0.000161091
12  7.0  0.000330198
12  7.5  0.000231836
12  8.5  0.000115179
12  9.0  8.54716e-05
12  9.5  6.10667e-05
12  10.5  3.48434e-05
12  10.0  4.74024e-05
12  11.0  2.68225e-05
14  0.2  0.572147
14  0.3  0.826982
14  0.4  1.03632
12  11.5  2.11022e-05
14  0.5  1.14153
14  0.6  1.15087
14  0.7  1.07213
14  0.8  0.972786
14  0.9  0.835246
14  1.0  0.707264
14  1.1  0.593782
14  1.2  0.488548
14  1.3  0.402843
14  1.4  0.330724
14  1.6  0.221849
14  1.5  0.274271
14  1.7  0.182155
14  1.9  0.125404
14  1.8  0.152752
14  2.0  0.103203
14  2.5  0.0423797
14  3.0  0.0201656
14  3.5  0.010193
12  12.0  1.61134e-05
14  4.0  0.00538672
14  4.5  0.00308661
14  5.5  0.00113911
14  5.0  0.00187834
14  6.0  0.00071887
14  6.5  0.00047725
14  7.0  0.000321359
14  8.0  0.000156377
14  7.5  0.000227958
14  8.5  0.000115232
14  9.0  8.16815e-05
14  10.5  3.45598e-05
14  9.5  6.14356e-05
14  11.0  2.60326e-05
14  10.0  4.59607e-05
16  0.2  0.568715
16  0.3  0.817251
16  0.4  1.01879
16  0.5  1.12054
16  0.6  1.1352
16  0.7  1.04565
16  0.8  0.936084
16  0.9  0.817843
16  1.0  0.682229
16  1.1  0.574843
16  1.2  0.46852
16  1.3  0.38986
16  1.4  0.318961
16  1.5  0.265231
14  11.5  2.04602e-05
14  12.0  1.57978e-05
16  1.6  0.215923
16  1.7  0.178818
16  1.8  0.147436
16  1.9  0.122194
16  2.0  0.101726
16  2.5  0.0430065
16  3.0  0.0193094
16  3.5  0.00982166
16  5.0  0.00175818
16  4.0  0.00526619
16  4.5  0.0030192
16  5.5  0.00108766
16  6.5  0.000455963
16  6.0  0.000700293
16  7.0  0.000321444
16  7.5  0.000216219
16  8.0  0.000153903
16  8.5  0.000109646
16  9.0  7.87343e-05
16  9.5  5.8358e-05
16  10.0  4.37201e-05
16  11.0  2.50974e-05
16  10.5  3.27675e-05
18  0.2  0.560859
18  0.3  0.805873
18  0.4  1.01078
18  0.5  1.1064
18  0.6  1.11128
18  0.7  1.02526
18  0.8  0.914677
18  0.9  0.792126
18  1.0  0.669027
18  1.1  0.550895
18  1.2  0.458689
18  1.3  0.377944
18  1.5  0.250472
18  1.4  0.311443
18  1.6  0.208545
18  1.7  0.170784
16  11.5  1.95509e-05
18  1.8  0.141497
18  1.9  0.117172
18  2.0  0.0958624
18  2.5  0.0408296
18  3.0  0.0184759
18  3.5  0.00934154
16  12.0  1.49579e-05
18  5.0  0.00170406
18  4.0  0.00494795
18  4.5  0.00281268
18  5.5  0.00106144
18  6.5  0.000436521
18  6.0  0.000667467
18  7.0  0.000302512
18  7.5  0.000204018
18  8.0  0.000144572
18  8.5  0.000103511
18  9.0  7.61958e-05
18  9.5  5.56168e-05
18  10.0  4.21095e-05
18  11.0  2.45304e-05
18  10.5  3.16554e-05
2  0.2  0.585396
2  0.3  0.844228
2  0.4  1.06093
2  0.5  1.18777
2  0.6  1.19858
2  0.7  1.13835
2  0.8  1.02678
2  0.9  0.88356
2  1.0  0.759918
2  1.1  0.642896
2  1.2  0.530333
2  1.3  0.438404
2  1.4  0.362015
2  1.5  0.297036
2  1.6  0.244809
18  11.5  1.8733e-05
2  1.8  0.165875
2  1.7  0.202661
2  1.9  0.137085
2  2.0  0.115125
2  2.5  0.0479651
2  3.0  0.0225968
2  3.5  0.0112634
18  12.0  1.45471e-05
2  4.0  0.00598335
2  4.5  0.00339296
2  5.0  0.00204232
2  5.5  0.00123363
2  6.0  0.000792406
2  6.5  0.000535633
2  7.0  0.000356452
2  7.5  0.000252682
2  8.0  0.000174752
2  8.5  0.000124122
2  9.0  9.0924e-05
2  9.5  6.79879e-05
2  10.5  3.86009e-05
2  10.0  4.99225e-05
2  11.0  2.88391e-05
20  0.2  0.550459
20  0.3  0.784613
20  0.4  0.985901
20  0.5  1.07804
20  0.6  1.07759
20  0.7  0.986585
20  0.8  0.884678
20  0.9  0.758747
20  1.0  0.640941
20  1.1  0.531665
20  1.2  0.439379
20  1.3  0.36049
20  1.4  0.2957
20  1.5  0.237194
2  11.5  2.26222e-05
20  1.6  0.197269
20  1.7  0.162581
20  1.8  0.133665
20  1.9  0.111018
20  2.5  0.0384338
20  2.0  0.0919898
20  3.5  0.00867496
20  3.0  0.0174277
2  12.0  1.74051e-05
20  4.0  0.00467284
20  4.5  0.002654
20  5.5  0.000995886
20  5.0  0.00158531
20  6.5  0.000422149
20  6.0  0.000626334
20  7.0  0.000281604
20  7.5  0.000193024
20  8.0  0.000139075
20  8.5  9.66969e-05
20  9.0  7.24624e-05
20  9.5  5.27722e-05
20  10.0  3.87593e-05
20  10.5  2.9948e-05
20  11.0  2.29712e-05
22  0.2  0.536995
22  0.3  0.775126
22  0.4  0.958263
22  0.5  1.03443
22  0.6  1.02817
22  0.7  0.939822
22  0.8  0.837751
22  0.9  0.725118
22  1.0  0.601293
22  1.1  0.504321
22  1.2  0.417129
22  1.3  0.334702
22  1.4  0.275457
22  1.5  0.224816
20  11.5  1.73444e-05
22  1.6  0.185766
22  1.7  0.154313
22  1.8  0.125427
22  1.9  0.100403
22  2.0  0.0859473
22  3.0  0.0165313
22  2.5  0.0354453
22  3.5  0.00810881
20  12.0  1.3464e-05
22  4.0  0.00434627
22  4.5  0.00252245
22  5.5  0.000938454
22  5.0  0.00149978
22  6.0  0.000582039
22  6.5  0.000383857
22  7.0  0.000259651
22  7.5  0.000184103
22  8.0  0.000126791
22  8.5  9.12051e-05
22  9.0  6.58872e-05
22  9.5  4.83546e-05
22  10.0  3.64246e-05
22  10.5  2.73089e-05
22  11.0  2.13586e-05
24  0.2  0.524716
22  11.5  1.64249e-05
24  0.3  0.758498
24  0.4  0.920334
24  0.5  0.987349
24  0.6  0.977172
24  0.7  0.894577
24  0.8  0.788389
24  0.9  0.667718
24  1.0  0.559923
24  1.1  0.466787
24  1.2  0.376723
24  1.3  0.31263
24  1.4  0.257039
24  1.5  0.209474
24  1.6  0.170374
24  1.7  0.139784
24  1.8  0.114695
24  1.9  0.0967255
24  2.0  0.0791345
24  2.5  0.0326229
24  3.0  0.0147521
24  3.5  0.00750336
22  12.0  1.25521e-05
24  4.0  0.00399752
24  4.5  0.00223904
24  5.0  0.00132842
24  5.5  0.000847992
24  6.0  0.00053021
24  7.5  0.000166929
24  6.5  0.000348927
24  7.0  0.000238979
24  8.0  0.000115637
24  8.5  8.39155e-05
24  9.0  5.85372e-05
24  9.5  4.50282e-05
24  10.5  2.54516e-05
24  10.0  3.38503e-05
26  0.2  0.505403
26  0.3  0.728386
26  0.4  0.879778
26  0.5  0.934549
24  11.0  1.9104e-05
26  0.6  0.901872
26  0.7  0.829382
26  0.8  0.71409
26  0.9  0.605633
26  1.0  0.504234
26  1.1  0.419093
26  1.2  0.340899
26  1.3  0.276282
26  1.4  0.224875
26  1.5  0.185603
26  1.6  0.148185
24  11.5  1.48171e-05
26  1.7  0.124057
26  1.8  0.100746
26  1.9  0.0814407
26  2.5  0.0287278
26  2.0  0.0692101
26  3.0  0.0131635
26  3.5  0.00653197
24  12.0  1.16691e-05
26  4.0  0.00348369
26  4.5  0.00202968
26  5.0  0.00120207
26  5.5  0.000726257
26  6.5  0.000312525
26  6.0  0.000468183
26  7.0  0.000213672
26  7.5  0.000144605
26  8.0  0.00010178
26  9.0  5.24629e-05
26  8.5  7.26548e-05
26  9.5  3.99111e-05
26  10.0  2.938e-05
26  10.5  2.18605e-05
28  0.2  0.47733
28  0.3  0.68926
28  0.4  0.814545
26  11.0  1.63985e-05
28  0.5  0.848833
28  0.6  0.815898
28  0.7  0.723612
28  0.8  0.614612
28  0.9  0.524894
28  1.0  0.438799
26  11.5  1.28724e-05
28  1.1  0.361718
28  1.2  0.292429
28  1.3  0.237924
28  1.4  0.19447
28  1.5  0.158242
28  1.6  0.128299
28  1.7  0.104777
28  1.8  0.0854576
28  1.9  0.0701252
28  2.0  0.0583089
28  2.5  0.0245493
28  3.0  0.0111666
28  3.5  0.00545906
26  12.0  9.80997e-06
28  4.5  0.0016513
28  4.0  0.00294179
28  5.0  0.000980325
28  5.5  0.000607394
28  6.0  0.000399829
28  6.5  0.000264479
28  7.0  0.0001804
28  7.5  0.000120336
28  8.0  8.53352e-05
28  8.5  6.04749e-05
28  9.0  4.42977e-05
28  9.5  3.32524e-05
28  10.0  2.41126e-05
28  11.5  1.06436e-05
28  10.5  1.82799e-05
30  0.2  0.444591
30  0.3  0.626668
30  0.4  0.722479
30  0.5  0.73591
30  0.6  0.690928
28  11.0  1.43371e-05
30  0.7  0.606214
30  0.8  0.519252
30  0.9  0.430967
30  1.0  0.344088
30  1.1  0.289854
30  1.2  0.237625
30  1.3  0.187518
30  1.4  0.154312
30  1.5  0.124413
30  1.6  0.10079
30  1.7  0.0829734
30  1.8  0.0671539
30  1.9  0.0558844
30  2.5  0.0188757
30  2.0  0.0460835
30  3.0  0.00866097
30  3.5  0.00430408
28  12.0  8.34601e-06
30  4.0  0.00229817
30  4.5  0.00130273
30  5.0  0.000787418
30  6.5  0.000207455
30  6.0  0.000308509
30  5.5  0.000482625
30  7.0  0.000136421
30  8.0  6.57467e-05
30  7.5  9.64217e-05
30  8.5  4.75384e-05
30  9.5  2.54329e-05
30  9.0  3.46759e-05
30  11.0  1.09017e-05
30  10.0  1.95088e-05
30  10.5  1.4307e-05
30  11.5  8.65063e-06
32  0.2  0.398696
32  0.3  0.541942
32  0.4  0.591199
32  0.5  0.591634
32  0.6  0.533887
32  0.7  0.464602
32  0.8  0.387862
32  0.9  0.325334
32  1.0  0.261322
32  1.1  0.211313
32  1.2  0.17223
32  1.3  0.138536
32  1.4  0.110638
32  1.5  0.0897875
32  1.6  0.0735782
32  1.7  0.059257
32  1.8  0.0487277
32  1.9  0.0400734
32  2.0  0.0330786
32  2.5  0.0135404
32  3.0  0.00629357
32  3.5  0.00307153
30  12.0  6.70717e-06
32  4.0  0.00166091
32  4.5  0.00094832
32  5.0  0.000566679
32  6.0  0.000216748
32  5.5  0.000347953
32  6.5  0.000148909
32  7.0  0.000100099
32  8.0  4.74201e-05
32  7.5  6.64797e-05
32  9.5  1.85969e-05
32  8.5  3.35066e-05
32  9.0  2.52119e-05
32  10.5  1.0119e-05
32  11.0  7.7532e-06
32  10.0  1.3446e-05
4  0.2  0.584975
4  0.3  0.847411
4  0.4  1.07312
4  0.5  1.18484
4  0.6  1.20142
4  0.7  1.12987
4  0.8  1.0219
4  0.9  0.891832
4  1.0  0.76067
4  1.1  0.636668
4  1.2  0.532561
4  1.3  0.433989
4  1.4  0.356997
4  1.5  0.292784
32  11.5  6.11926e-06
4  1.6  0.23885
4  1.7  0.197879
4  1.8  0.167025
4  1.9  0.135679
4  2.0  0.113756
4  2.5  0.0481518
4  3.5  0.0110277
4  3.0  0.0221624
32  12.0  4.62946e-06
4  4.0  0.00590931
4  4.5  0.00337448
4  5.0  0.00202766
4  6.0  0.00080744
4  5.5  0.00128282
4  6.5  0.000521554
4  7.0  0.000360724
4  7.5  0.000244281
4  8.0  0.000172579
4  8.5  0.000122164
4  9.0  9.00524e-05
4  9.5  6.59778e-05
4  10.5  3.74622e-05
4  11.0  2.83691e-05
4  10.0  5.07419e-05
6  0.2  0.588005
6  0.3  0.841888
6  0.4  1.06721
6  0.5  1.17843
6  0.6  1.20649
6  0.7  1.13726
6  0.8  1.01106
6  0.9  0.881856
6  1.0  0.752988
6  1.1  0.634295
6  1.2  0.524289
6  1.3  0.431237
6  1.4  0.353854
6  1.5  0.289356
6  1.6  0.239831
6  1.7  0.197953
4  11.5  2.19562e-05
6  1.8  0.164171
6  1.9  0.135819
6  2.0  0.113125
6  2.5  0.0476736
6  3.0  0.0215201
4  12.0  1.70982e-05
6  3.5  0.0109808
6  4.0  0.00590594
6  4.5  0.003378
6  5.0  0.00203038
6  5.5  0.00121783
6  6.0  0.000795411
6  6.5  0.000525786
6  7.0  0.000351123
6  7.5  0.000242035
6  8.0  0.000168876
6  8.5  0.000123047
6  9.0  9.09947e-05
6  10.5  3.70757e-05
6  9.5  6.56821e-05
6  10.0  5.03886e-05
6  11.0  2.90197e-05
8  0.2  0.593738
8  0.3  0.84292
8  0.4  1.06459
8  0.5  1.16799
8  0.7  1.11715
8  0.6  1.18742
8  0.8  1.00938
8  0.9  0.870754
8  1.0  0.743114
8  1.1  0.62734
8  1.2  0.521115
6  12.0  1.68582e-05
8  1.3  0.424007
8  1.4  0.35496
8  1.5  0.287415
8  1.6  0.237591
6  11.5  2.18095e-05
8  1.7  0.196489
8  1.8  0.16084
8  1.9  0.134561
8  2.0  0.112223
8  2.5  0.0467926
8  3.0  0.022042
8  3.5  0.0107672
8  4.0  0.00581054
8  4.5  0.00326832
8  5.5  0.00123689
8  5.0  0.00198687
8  7.0  0.000348255
8  6.0  0.000788076
8  6.5  0.000507019
8  7.5  0.000238283
8  8.0  0.000168899
8  8.5  0.000120331
8  9.0  9.00937e-05
8  9.5  6.5884e-05
8  10.5  3.74777e-05
8  11.0  2.78502e-05
8  10.0  4.8429e-05
8  11.5  2.11839e-05
8  12.0  1.67003e-05
