# diffractive D0 dsigma/(d2pD0 dy dx_po), Pb target, BCFY fragmentation, An0n channel
# generated      : 2026-07-28 16:33:59 EEST
# calls          : 1e5 (VEGAS calls per point)
# dipole samples : data/Pb/mve/glauber_mve_<b>
# x_po grid      : 1e-6 to 0.1, 25 log-spaced points
# fixed rapidity y : 2.0
# fixed pD0        : 8.0
# ============================================================
# b  x_po  dsigma_dxpo
0  1.00000000e-06  0
0  1.61559810e-06  0
0  4.21696503e-06  0
0  6.81292069e-06  0
0  2.61015722e-06  0
0  1.10069417e-05  0
0  1.77827941e-05  0
0  2.87298483e-05  0
0  4.64158883e-05  0
0  1.21152766e-04  0
0  7.49894209e-05  0
0  1.95734178e-04  0
0  1.33352143e-03  5.34743e-05
0  3.16227766e-04  1.83482e-09
0  5.10896977e-04  1.32859e-06
0  5.62341325e-03  0.000238876
0  8.25404185e-04  1.53024e-05
0  1.46779927e-02  0.000336847
0  2.15443469e-03  0.000116214
0  3.48070059e-03  0.000184835
0  2.37137371e-02  0.000375519
0  9.08517576e-03  0.000297796
0  3.83118685e-02  0.000410344
0  1.00000000e-01  0.000441292
0  6.18965819e-02  0.000439003
10  1.00000000e-06  0
10  1.61559810e-06  0
10  2.61015722e-06  0
10  4.21696503e-06  0
10  6.81292069e-06  0
10  1.77827941e-05  0
10  1.10069417e-05  0
10  2.87298483e-05  0
10  7.49894209e-05  0
10  4.64158883e-05  0
10  1.21152766e-04  0
10  1.95734178e-04  0
10  1.33352143e-03  5.19045e-05
10  8.25404185e-04  1.43857e-05
10  3.16227766e-04  1.73583e-09
10  2.15443469e-03  0.000110763
10  9.08517576e-03  0.000279963
10  5.10896977e-04  1.26496e-06
10  3.48070059e-03  0.00017601
10  1.46779927e-02  0.000322217
10  5.62341325e-03  0.000235937
10  1.00000000e-01  0.000435752
10  6.18965819e-02  0.00041425
10  3.83118685e-02  0.000391052
10  2.37137371e-02  0.0003677
12  1.00000000e-06  0
12  1.61559810e-06  0
12  2.61015722e-06  0
12  4.21696503e-06  0
12  6.81292069e-06  0
12  1.77827941e-05  0
12  1.10069417e-05  0
12  7.49894209e-05  0
12  4.64158883e-05  0
12  2.87298483e-05  0
12  1.21152766e-04  0
12  1.95734178e-04  0
12  2.15443469e-03  0.000105833
12  1.33352143e-03  5.01644e-05
12  3.48070059e-03  0.000167332
12  3.16227766e-04  1.70663e-09
12  8.25404185e-04  1.41349e-05
12  5.10896977e-04  1.23882e-06
12  2.37137371e-02  0.000360709
12  3.83118685e-02  0.000380326
12  5.62341325e-03  0.000230253
12  9.08517576e-03  0.000276019
12  1.46779927e-02  0.000324646
12  6.18965819e-02  0.000406628
12  1.00000000e-01  0.000412543
14  1.00000000e-06  0
14  1.61559810e-06  0
14  2.61015722e-06  0
14  4.21696503e-06  0
14  1.10069417e-05  0
14  6.81292069e-06  0
14  1.77827941e-05  0
14  2.87298483e-05  0
14  4.64158883e-05  0
14  7.49894209e-05  0
14  1.21152766e-04  0
14  1.95734178e-04  0
14  8.25404185e-04  1.37474e-05
14  3.16227766e-04  1.65747e-09
14  1.33352143e-03  4.89285e-05
14  2.15443469e-03  0.000105021
14  3.48070059e-03  0.000164417
14  5.10896977e-04  1.20229e-06
14  5.62341325e-03  0.000223326
14  3.83118685e-02  0.00036708
14  9.08517576e-03  0.000268567
14  2.37137371e-02  0.000338469
14  1.46779927e-02  0.000314048
14  6.18965819e-02  0.000389403
14  1.00000000e-01  0.000397637
16  1.00000000e-06  0
16  1.61559810e-06  0
16  2.61015722e-06  0
16  4.21696503e-06  0
16  1.10069417e-05  0
16  6.81292069e-06  0
16  1.77827941e-05  0
16  7.49894209e-05  0
16  4.64158883e-05  0
16  2.87298483e-05  0
16  1.21152766e-04  0
16  1.95734178e-04  0
16  8.25404185e-04  1.32757e-05
16  2.15443469e-03  0.000100419
16  3.16227766e-04  1.59924e-09
16  1.33352143e-03  4.72862e-05
16  9.08517576e-03  0.000250736
16  5.62341325e-03  0.000211627
16  5.10896977e-04  1.1609e-06
16  3.48070059e-03  0.000160765
16  1.46779927e-02  0.000302725
16  1.00000000e-01  0.000391201
16  2.37137371e-02  0.000335953
16  6.18965819e-02  0.000372118
16  3.83118685e-02  0.000357317
18  1.00000000e-06  0
18  1.61559810e-06  0
18  2.61015722e-06  0
18  4.21696503e-06  0
18  1.10069417e-05  0
18  6.81292069e-06  0
18  2.87298483e-05  0
18  1.77827941e-05  0
18  4.64158883e-05  0
18  7.49894209e-05  0
18  1.95734178e-04  0
18  1.21152766e-04  0
18  8.25404185e-04  1.26268e-05
18  2.15443469e-03  9.52927e-05
18  1.33352143e-03  4.53117e-05
18  5.10896977e-04  1.10614e-06
18  3.16227766e-04  1.52852e-09
18  3.48070059e-03  0.00015407
18  3.83118685e-02  0.000343031
18  2.37137371e-02  0.00032045
18  5.62341325e-03  0.000206179
18  9.08517576e-03  0.000247533
18  1.46779927e-02  0.000286726
18  6.18965819e-02  0.000359753
18  1.00000000e-01  0.000369665
2  1.00000000e-06  0
2  1.61559810e-06  0
2  2.61015722e-06  0
2  6.81292069e-06  0
2  4.21696503e-06  0
2  1.10069417e-05  0
2  4.64158883e-05  0
2  2.87298483e-05  0
2  1.77827941e-05  0
2  1.21152766e-04  0
2  7.49894209e-05  0
2  1.95734178e-04  0
2  3.48070059e-03  0.000179859
2  3.16227766e-04  1.82127e-09
2  5.10896977e-04  1.31336e-06
2  1.33352143e-03  5.40703e-05
2  8.25404185e-04  1.52872e-05
2  5.62341325e-03  0.000240647
2  9.08517576e-03  0.000294195
2  2.15443469e-03  0.000115917
2  1.46779927e-02  0.000338139
2  3.83118685e-02  0.000406033
2  6.18965819e-02  0.000433186
2  2.37137371e-02  0.000385402
2  1.00000000e-01  0.000441135
20  1.00000000e-06  0
20  1.61559810e-06  0
20  2.61015722e-06  0
20  4.21696503e-06  0
20  6.81292069e-06  0
20  1.10069417e-05  0
20  1.77827941e-05  0
20  4.64158883e-05  0
20  2.87298483e-05  0
20  7.49894209e-05  0
20  1.95734178e-04  0
20  1.21152766e-04  0
20  3.16227766e-04  1.45164e-09
20  2.15443469e-03  9.01048e-05
20  5.10896977e-04  1.04718e-06
20  8.25404185e-04  1.21186e-05
20  3.48070059e-03  0.000145249
20  9.08517576e-03  0.000229512
20  1.46779927e-02  0.000260008
20  5.62341325e-03  0.000194125
20  1.33352143e-03  4.32594e-05
20  2.37137371e-02  0.000298192
20  6.18965819e-02  0.000350096
20  3.83118685e-02  0.000331174
20  1.00000000e-01  0.000353025
22  1.00000000e-06  0
22  1.61559810e-06  0
22  2.61015722e-06  0
22  4.21696503e-06  0
22  6.81292069e-06  0
22  1.10069417e-05  0
22  1.77827941e-05  0
22  4.64158883e-05  0
22  2.87298483e-05  0
22  7.49894209e-05  0
22  1.21152766e-04  0
22  1.95734178e-04  0
22  8.25404185e-04  1.12383e-05
22  3.16227766e-04  1.35353e-09
22  2.15443469e-03  8.32118e-05
22  1.33352143e-03  3.99034e-05
22  5.62341325e-03  0.000177013
22  5.10896977e-04  9.8503e-07
22  3.48070059e-03  0.000134993
22  6.18965819e-02  0.000314171
22  9.08517576e-03  0.000216573
22  1.46779927e-02  0.000252926
22  2.37137371e-02  0.000279922
22  3.83118685e-02  0.000297812
22  1.00000000e-01  0.000324793
24  1.00000000e-06  0
24  1.61559810e-06  0
24  2.61015722e-06  0
24  6.81292069e-06  0
24  4.21696503e-06  0
24  1.10069417e-05  0
24  1.77827941e-05  0
24  2.87298483e-05  0
24  1.21152766e-04  0
24  7.49894209e-05  0
24  4.64158883e-05  0
24  1.95734178e-04  0
24  3.16227766e-04  1.23609e-09
24  2.15443469e-03  7.58169e-05
24  8.25404185e-04  1.03559e-05
24  9.08517576e-03  0.000190171
24  5.62341325e-03  0.000159932
24  1.33352143e-03  3.67956e-05
24  5.10896977e-04  8.99626e-07
24  3.48070059e-03  0.000123041
24  1.00000000e-01  0.000302603
24  1.46779927e-02  0.000229543
24  3.83118685e-02  0.000271599
24  6.18965819e-02  0.000287779
24  2.37137371e-02  0.000256735
26  1.00000000e-06  0
26  1.61559810e-06  0
26  2.61015722e-06  0
26  4.21696503e-06  0
26  1.10069417e-05  0
26  6.81292069e-06  0
26  1.77827941e-05  0
26  2.87298483e-05  0
26  4.64158883e-05  0
26  7.49894209e-05  0
26  1.21152766e-04  0
26  1.95734178e-04  0
26  3.16227766e-04  1.09759e-09
26  8.25404185e-04  9.10745e-06
26  5.62341325e-03  0.00014149
26  5.10896977e-04  7.99129e-07
26  1.33352143e-03  3.25354e-05
26  2.15443469e-03  6.84401e-05
26  1.46779927e-02  0.000194742
26  3.48070059e-03  0.000108302
26  2.37137371e-02  0.000225223
26  9.08517576e-03  0.000173916
26  3.83118685e-02  0.00023789
26  6.18965819e-02  0.000252703
26  1.00000000e-01  0.000259136
28  1.61559810e-06  0
28  2.61015722e-06  0
28  1.00000000e-06  0
28  6.81292069e-06  0
28  4.21696503e-06  0
28  1.77827941e-05  0
28  1.10069417e-05  0
28  2.87298483e-05  0
28  4.64158883e-05  0
28  7.49894209e-05  0
28  1.21152766e-04  0
28  1.95734178e-04  0
28  1.33352143e-03  2.71807e-05
28  5.10896977e-04  6.7289e-07
28  3.16227766e-04  9.35673e-10
28  2.15443469e-03  5.76833e-05
28  8.25404185e-04  7.77912e-06
28  1.46779927e-02  0.000163743
28  3.48070059e-03  9.10201e-05
28  3.83118685e-02  0.000204108
28  2.37137371e-02  0.000188357
28  5.62341325e-03  0.000120716
28  9.08517576e-03  0.000145323
28  1.00000000e-01  0.000218754
28  6.18965819e-02  0.000211371
30  1.00000000e-06  0
30  1.61559810e-06  0
30  2.61015722e-06  0
30  4.21696503e-06  0
30  6.81292069e-06  0
30  1.10069417e-05  0
30  1.77827941e-05  0
30  2.87298483e-05  0
30  4.64158883e-05  0
30  1.21152766e-04  0
30  7.49894209e-05  0
30  1.95734178e-04  0
30  3.16227766e-04  7.42119e-10
30  2.15443469e-03  4.51069e-05
30  3.48070059e-03  7.08384e-05
30  8.25404185e-04  6.17517e-06
30  5.10896977e-04  5.40144e-07
30  1.33352143e-03  2.17085e-05
30  5.62341325e-03  9.49062e-05
30  1.00000000e-01  0.000167903
30  6.18965819e-02  0.000166299
30  2.37137371e-02  0.000146833
30  1.46779927e-02  0.000132358
30  9.08517576e-03  0.00011375
30  3.83118685e-02  0.000156089
32  1.00000000e-06  0
32  1.61559810e-06  0
32  2.61015722e-06  0
32  4.21696503e-06  0
32  1.77827941e-05  0
32  6.81292069e-06  0
32  1.10069417e-05  0
32  2.87298483e-05  0
32  7.49894209e-05  0
32  4.64158883e-05  0
32  1.21152766e-04  0
32  1.95734178e-04  0
32  2.15443469e-03  3.21392e-05
32  1.33352143e-03  1.55029e-05
32  3.48070059e-03  5.01414e-05
32  8.25404185e-04  4.47251e-06
32  5.10896977e-04  3.9667e-07
32  9.08517576e-03  7.97574e-05
32  3.16227766e-04  5.49183e-10
32  5.62341325e-03  6.81095e-05
32  1.46779927e-02  9.21205e-05
32  2.37137371e-02  0.000103899
32  1.00000000e-01  0.000122535
32  3.83118685e-02  0.000111261
32  6.18965819e-02  0.000115145
4  1.00000000e-06  0
4  1.61559810e-06  0
4  6.81292069e-06  0
4  2.61015722e-06  0
4  4.21696503e-06  0
4  1.10069417e-05  0
4  1.77827941e-05  0
4  1.21152766e-04  0
4  2.87298483e-05  0
4  4.64158883e-05  0
4  7.49894209e-05  0
4  1.95734178e-04  0
4  2.15443469e-03  0.000112638
4  3.48070059e-03  0.00017893
4  5.10896977e-04  1.30796e-06
4  3.16227766e-04  1.81106e-09
4  1.33352143e-03  5.43022e-05
4  8.25404185e-04  1.51752e-05
4  9.08517576e-03  0.000290353
4  2.37137371e-02  0.00037319
4  5.62341325e-03  0.000245907
4  3.83118685e-02  0.000409272
4  1.46779927e-02  0.00034608
4  6.18965819e-02  0.000434307
4  1.00000000e-01  0.000441169
6  1.00000000e-06  0
6  2.61015722e-06  0
6  1.61559810e-06  0
6  4.21696503e-06  0
6  1.10069417e-05  0
6  2.87298483e-05  0
6  6.81292069e-06  0
6  1.77827941e-05  0
6  4.64158883e-05  0
6  7.49894209e-05  0
6  1.21152766e-04  0
6  1.95734178e-04  0
6  1.33352143e-03  5.25056e-05
6  2.15443469e-03  0.000112058
6  3.16227766e-04  1.79191e-09
6  5.10896977e-04  1.2958e-06
6  8.25404185e-04  1.5054e-05
6  1.46779927e-02  0.000331221
6  3.83118685e-02  0.000412025
6  3.48070059e-03  0.000181855
6  9.08517576e-03  0.000292777
6  5.62341325e-03  0.000243925
6  2.37137371e-02  0.000381929
6  1.00000000e-01  0.000442712
6  6.18965819e-02  0.000432779
8  1.61559810e-06  0
8  1.00000000e-06  0
8  2.61015722e-06  0
8  4.21696503e-06  0
8  1.10069417e-05  0
8  1.77827941e-05  0
8  6.81292069e-06  0
8  2.87298483e-05  0
8  4.64158883e-05  0
8  7.49894209e-05  0
8  1.95734178e-04  0
8  1.21152766e-04  0
8  3.16227766e-04  1.76807e-09
8  2.15443469e-03  0.000110615
8  5.10896977e-04  1.28971e-06
8  1.33352143e-03  5.32142e-05
8  8.25404185e-04  1.48762e-05
8  9.08517576e-03  0.000289368
8  1.46779927e-02  0.000336111
8  3.48070059e-03  0.000179399
8  5.62341325e-03  0.00024087
8  2.37137371e-02  0.000374294
8  1.00000000e-01  0.000432159
8  3.83118685e-02  0.000399411
8  6.18965819e-02  0.000425294
