# diffractive D0 dsigma/(d2pD0 dy dx_po), Pb target, BCFY fragmentation, An0n channel
# generated      : 2026-07-28 16:33:59 EEST
# calls          : 1e5 (VEGAS calls per point)
# dipole samples : data/Pb/mve/glauber_mve_<b>
# x_po grid      : 1e-6 to 0.1, 25 log-spaced points
# fixed rapidity y : 2.0
# fixed pD0        : 2.0
# ============================================================
# b  x_po  dsigma_dxpo
0  1.00000000e-06  0
0  2.61015722e-06  0
0  1.61559810e-06  0
0  4.21696503e-06  0
0  1.10069417e-05  0
0  6.81292069e-06  0
0  1.77827941e-05  0
0  2.87298483e-05  0
0  4.64158883e-05  0
0  7.49894209e-05  1.2241e-07
0  1.95734178e-04  0.0501805
0  5.10896977e-04  0.288096
0  3.48070059e-03  0.673362
0  8.25404185e-04  0.42547
0  1.21152766e-04  0.00449755
0  3.16227766e-04  0.154297
0  2.15443469e-03  0.626973
0  1.33352143e-03  0.540694
0  5.62341325e-03  0.724808
0  2.37137371e-02  0.789862
0  1.46779927e-02  0.767674
0  9.08517576e-03  0.745256
0  6.18965819e-02  0.81888
0  3.83118685e-02  0.814578
0  1.00000000e-01  0.825696
10  1.00000000e-06  0
10  2.61015722e-06  0
10  1.61559810e-06  0
10  6.81292069e-06  0
10  4.21696503e-06  0
10  1.10069417e-05  0
10  2.87298483e-05  0
10  1.77827941e-05  0
10  4.64158883e-05  0
10  1.21152766e-04  0.00430042
10  7.49894209e-05  1.17632e-07
10  5.10896977e-04  0.280333
10  1.33352143e-03  0.50684
10  3.16227766e-04  0.149074
10  1.95734178e-04  0.0488568
10  8.25404185e-04  0.408949
10  9.08517576e-03  0.710592
10  3.48070059e-03  0.658613
10  2.15443469e-03  0.602565
10  3.83118685e-02  0.765358
10  1.46779927e-02  0.735228
10  5.62341325e-03  0.695984
10  2.37137371e-02  0.762547
10  6.18965819e-02  0.786007
10  1.00000000e-01  0.796908
12  1.00000000e-06  0
12  1.61559810e-06  0
12  2.61015722e-06  0
12  4.21696503e-06  0
12  6.81292069e-06  0
12  1.10069417e-05  0
12  1.77827941e-05  0
12  4.64158883e-05  0
12  2.87298483e-05  0
12  3.16227766e-04  0.145191
12  5.10896977e-04  0.271547
12  1.95734178e-04  0.0475318
12  7.49894209e-05  1.15129e-07
12  1.33352143e-03  0.502761
12  1.21152766e-04  0.00425853
12  2.15443469e-03  0.574158
12  8.25404185e-04  0.402543
12  9.08517576e-03  0.687507
12  5.62341325e-03  0.680901
12  2.37137371e-02  0.745749
12  3.48070059e-03  0.646216
12  3.83118685e-02  0.768282
12  1.46779927e-02  0.720687
12  6.18965819e-02  0.78024
12  1.00000000e-01  0.774935
14  1.00000000e-06  0
14  1.61559810e-06  0
14  2.61015722e-06  0
14  4.21696503e-06  0
14  1.77827941e-05  0
14  6.81292069e-06  0
14  1.10069417e-05  0
14  2.87298483e-05  0
14  4.64158883e-05  0
14  7.49894209e-05  1.12191e-07
14  1.21152766e-04  0.00415068
14  1.95734178e-04  0.0469102
14  3.16227766e-04  0.143557
14  2.15443469e-03  0.560071
14  5.10896977e-04  0.268183
14  8.25404185e-04  0.392939
14  1.46779927e-02  0.698349
14  9.08517576e-03  0.67945
14  5.62341325e-03  0.663041
14  1.33352143e-03  0.498
14  3.48070059e-03  0.631067
14  3.83118685e-02  0.744098
14  2.37137371e-02  0.731449
14  6.18965819e-02  0.753447
14  1.00000000e-01  0.764986
16  1.00000000e-06  0
16  1.61559810e-06  0
16  2.61015722e-06  0
16  4.21696503e-06  0
16  6.81292069e-06  0
16  1.77827941e-05  0
16  1.10069417e-05  0
16  4.64158883e-05  0
16  2.87298483e-05  0
16  7.49894209e-05  1.08354e-07
16  3.16227766e-04  0.138883
16  1.21152766e-04  0.00406842
16  1.95734178e-04  0.0457191
16  8.25404185e-04  0.382004
16  5.10896977e-04  0.261913
16  2.15443469e-03  0.558914
16  1.33352143e-03  0.483016
16  2.37137371e-02  0.703437
16  1.46779927e-02  0.670723
16  3.48070059e-03  0.610258
16  5.62341325e-03  0.644527
16  9.08517576e-03  0.660594
16  3.83118685e-02  0.719787
16  1.00000000e-01  0.733918
16  6.18965819e-02  0.723383
18  1.00000000e-06  0
18  1.61559810e-06  0
18  2.61015722e-06  0
18  4.21696503e-06  0
18  6.81292069e-06  0
18  1.10069417e-05  0
18  1.77827941e-05  0
18  2.87298483e-05  0
18  4.64158883e-05  0
18  8.25404185e-04  0.363274
18  7.49894209e-05  1.04637e-07
18  5.10896977e-04  0.249974
18  1.95734178e-04  0.0438927
18  1.21152766e-04  0.00391881
18  3.16227766e-04  0.135593
18  1.33352143e-03  0.465436
18  2.15443469e-03  0.538931
18  2.37137371e-02  0.675349
18  5.62341325e-03  0.615334
18  3.48070059e-03  0.586473
18  1.46779927e-02  0.650861
18  3.83118685e-02  0.696749
18  9.08517576e-03  0.632755
18  1.00000000e-01  0.714332
18  6.18965819e-02  0.707084
2  1.00000000e-06  0
2  1.61559810e-06  0
2  2.61015722e-06  0
2  4.21696503e-06  0
2  1.10069417e-05  0
2  6.81292069e-06  0
2  1.77827941e-05  0
2  2.87298483e-05  0
2  4.64158883e-05  0
2  7.49894209e-05  1.21677e-07
2  1.21152766e-04  0.00446864
2  8.25404185e-04  0.42228
2  5.10896977e-04  0.288033
2  3.16227766e-04  0.154302
2  1.33352143e-03  0.538882
2  1.95734178e-04  0.0504259
2  2.15443469e-03  0.626577
2  5.62341325e-03  0.708233
2  3.48070059e-03  0.686718
2  2.37137371e-02  0.790433
2  9.08517576e-03  0.745049
2  1.00000000e-01  0.844911
2  3.83118685e-02  0.811152
2  6.18965819e-02  0.814032
2  1.46779927e-02  0.767103
20  1.00000000e-06  0
20  1.61559810e-06  0
20  2.61015722e-06  0
20  4.21696503e-06  0
20  6.81292069e-06  0
20  1.10069417e-05  0
20  1.77827941e-05  0
20  2.87298483e-05  0
20  4.64158883e-05  0
20  1.21152766e-04  0.00373477
20  3.16227766e-04  0.12841
20  1.33352143e-03  0.437188
20  7.49894209e-05  1.00207e-07
20  1.95734178e-04  0.0424408
20  3.48070059e-03  0.544915
20  8.25404185e-04  0.35315
20  5.10896977e-04  0.241874
20  3.83118685e-02  0.64891
20  5.62341325e-03  0.585827
20  9.08517576e-03  0.58519
20  2.15443469e-03  0.510902
20  1.46779927e-02  0.619596
20  6.18965819e-02  0.667973
20  2.37137371e-02  0.645571
20  1.00000000e-01  0.665923
22  1.00000000e-06  0
22  1.61559810e-06  0
22  2.61015722e-06  0
22  4.21696503e-06  0
22  6.81292069e-06  0
22  1.10069417e-05  0
22  2.87298483e-05  0
22  1.77827941e-05  0
22  4.64158883e-05  0
22  1.21152766e-04  0.00353307
22  3.16227766e-04  0.121671
22  7.49894209e-05  9.41489e-08
22  1.33352143e-03  0.410953
22  5.10896977e-04  0.228976
22  2.15443469e-03  0.478402
22  1.95734178e-04  0.0403864
22  8.25404185e-04  0.333334
22  3.48070059e-03  0.513507
22  1.46779927e-02  0.580441
22  3.83118685e-02  0.598772
22  6.18965819e-02  0.631252
22  1.00000000e-01  0.626631
22  9.08517576e-03  0.551454
22  2.37137371e-02  0.607421
22  5.62341325e-03  0.548371
24  1.00000000e-06  0
24  2.61015722e-06  0
24  1.61559810e-06  0
24  4.21696503e-06  0
24  6.81292069e-06  0
24  1.77827941e-05  0
24  2.87298483e-05  0
24  1.10069417e-05  0
24  4.64158883e-05  0
24  1.95734178e-04  0.037427
24  7.49894209e-05  8.70007e-08
24  5.10896977e-04  0.212763
24  8.25404185e-04  0.309618
24  1.21152766e-04  0.00331222
24  3.16227766e-04  0.114386
24  1.33352143e-03  0.387543
24  5.62341325e-03  0.501252
24  9.08517576e-03  0.512033
24  2.15443469e-03  0.444458
24  3.83118685e-02  0.56743
24  3.48070059e-03  0.48159
24  6.18965819e-02  0.576965
24  2.37137371e-02  0.554141
24  1.46779927e-02  0.534322
24  1.00000000e-01  0.571618
26  1.00000000e-06  0
26  1.61559810e-06  0
26  2.61015722e-06  0
26  4.21696503e-06  0
26  6.81292069e-06  0
26  1.10069417e-05  0
26  1.77827941e-05  0
26  2.87298483e-05  0
26  4.64158883e-05  0
26  3.16227766e-04  0.102906
26  7.49894209e-05  7.8103e-08
26  1.95734178e-04  0.0341851
26  8.25404185e-04  0.273582
26  2.15443469e-03  0.393264
26  1.21152766e-04  0.0030108
26  3.48070059e-03  0.423044
26  5.10896977e-04  0.192702
26  1.33352143e-03  0.348708
26  1.46779927e-02  0.474947
26  2.37137371e-02  0.491252
26  5.62341325e-03  0.447814
26  1.00000000e-01  0.50727
26  9.08517576e-03  0.460568
26  6.18965819e-02  0.49527
26  3.83118685e-02  0.4985
28  1.00000000e-06  0
28  1.61559810e-06  0
28  4.21696503e-06  0
28  2.61015722e-06  0
28  6.81292069e-06  0
28  1.10069417e-05  0
28  2.87298483e-05  0
28  1.77827941e-05  0
28  4.64158883e-05  0
28  7.49894209e-05  6.74754e-08
28  3.16227766e-04  0.090394
28  1.21152766e-04  0.00262793
28  1.95734178e-04  0.0298465
28  8.25404185e-04  0.242338
28  1.33352143e-03  0.300892
28  5.10896977e-04  0.167855
28  5.62341325e-03  0.376632
28  2.15443469e-03  0.343293
28  3.48070059e-03  0.368665
28  3.83118685e-02  0.417157
28  9.08517576e-03  0.376258
28  2.37137371e-02  0.423682
28  6.18965819e-02  0.423376
28  1.00000000e-01  0.423143
28  1.46779927e-02  0.406319
30  1.00000000e-06  0
30  1.61559810e-06  0
30  2.61015722e-06  0
30  1.10069417e-05  0
30  4.21696503e-06  0
30  6.81292069e-06  0
30  1.77827941e-05  0
30  2.87298483e-05  0
30  4.64158883e-05  0
30  8.25404185e-04  0.196244
30  7.49894209e-05  5.53462e-08
30  1.95734178e-04  0.0248402
30  1.21152766e-04  0.00217578
30  3.16227766e-04  0.0753402
30  5.10896977e-04  0.138219
30  2.15443469e-03  0.270513
30  5.62341325e-03  0.296099
30  9.08517576e-03  0.308878
30  1.33352143e-03  0.245509
30  3.48070059e-03  0.296864
30  6.18965819e-02  0.331662
30  1.46779927e-02  0.312442
30  2.37137371e-02  0.328597
30  1.00000000e-01  0.326559
30  3.83118685e-02  0.325479
32  1.00000000e-06  0
32  1.61559810e-06  0
32  2.61015722e-06  0
32  4.21696503e-06  0
32  6.81292069e-06  0
32  1.10069417e-05  0
32  1.77827941e-05  0
32  4.64158883e-05  0
32  2.87298483e-05  0
32  3.16227766e-04  0.0574172
32  7.49894209e-05  4.19488e-08
32  1.95734178e-04  0.0190136
32  5.10896977e-04  0.105546
32  8.25404185e-04  0.149427
32  1.21152766e-04  0.0016813
32  2.15443469e-03  0.20139
32  3.48070059e-03  0.21846
32  5.62341325e-03  0.213901
32  1.33352143e-03  0.182953
32  1.46779927e-02  0.228352
32  2.37137371e-02  0.239075
32  9.08517576e-03  0.222048
32  3.83118685e-02  0.232201
32  6.18965819e-02  0.234079
32  1.00000000e-01  0.242095
4  1.00000000e-06  0
4  1.61559810e-06  0
4  2.61015722e-06  0
4  4.21696503e-06  0
4  6.81292069e-06  0
4  1.10069417e-05  0
4  4.64158883e-05  0
4  2.87298483e-05  0
4  1.77827941e-05  0
4  1.21152766e-04  0.00444159
4  5.10896977e-04  0.286109
4  3.16227766e-04  0.152639
4  1.95734178e-04  0.0499631
4  1.33352143e-03  0.525498
4  7.49894209e-05  1.21276e-07
4  2.15443469e-03  0.607983
4  3.48070059e-03  0.670922
4  5.62341325e-03  0.70885
4  9.08517576e-03  0.737171
4  8.25404185e-04  0.423009
4  1.00000000e-01  0.833062
4  2.37137371e-02  0.789103
4  3.83118685e-02  0.812146
4  1.46779927e-02  0.765913
4  6.18965819e-02  0.81862
6  1.00000000e-06  0
6  1.61559810e-06  0
6  2.61015722e-06  0
6  4.21696503e-06  0
6  1.77827941e-05  0
6  1.10069417e-05  0
6  6.81292069e-06  0
6  2.87298483e-05  0
6  4.64158883e-05  0
6  7.49894209e-05  1.19827e-07
6  8.25404185e-04  0.411122
6  1.33352143e-03  0.525006
6  1.21152766e-04  0.00443696
6  5.10896977e-04  0.286498
6  3.48070059e-03  0.663985
6  1.95734178e-04  0.0499709
6  3.16227766e-04  0.152624
6  3.83118685e-02  0.800538
6  5.62341325e-03  0.696641
6  2.15443469e-03  0.617549
6  1.46779927e-02  0.758226
6  9.08517576e-03  0.72245
6  2.37137371e-02  0.782703
6  6.18965819e-02  0.811688
6  1.00000000e-01  0.812573
8  1.00000000e-06  0
8  1.61559810e-06  0
8  4.21696503e-06  0
8  2.61015722e-06  0
8  6.81292069e-06  0
8  1.10069417e-05  0
8  1.77827941e-05  0
8  2.87298483e-05  0
8  4.64158883e-05  0
8  1.21152766e-04  0.00434837
8  1.95734178e-04  0.0489569
8  8.25404185e-04  0.409512
8  7.49894209e-05  1.1933e-07
8  5.10896977e-04  0.284928
8  3.16227766e-04  0.151097
8  9.08517576e-03  0.727797
8  5.62341325e-03  0.687278
8  1.33352143e-03  0.527728
8  2.15443469e-03  0.611396
8  1.46779927e-02  0.75058
8  3.48070059e-03  0.669827
8  2.37137371e-02  0.775777
8  6.18965819e-02  0.814824
8  3.83118685e-02  0.79013
8  1.00000000e-01  0.806497
