# diffractive D0 dsigma/(d2pD0 dy dx_po), Pb target, BCFY fragmentation, An0n channel
# generated      : 2026-07-28 16:33:59 EEST
# calls          : 1e5 (VEGAS calls per point)
# dipole samples : data/Pb/mve/glauber_mve_<b>
# x_po grid      : 1e-6 to 0.1, 25 log-spaced points
# fixed rapidity y : 0.0
# fixed pD0        : 4.0
# ============================================================
# b  x_po  dsigma_dxpo
0  1.00000000e-06  0
0  1.61559810e-06  0
0  2.61015722e-06  0
0  4.21696503e-06  0
0  1.10069417e-05  0
0  6.81292069e-06  0
0  1.77827941e-05  0
0  2.87298483e-05  0
0  7.49894209e-05  0
0  4.64158883e-05  0
0  1.21152766e-04  0
0  1.95734178e-04  0
0  3.16227766e-04  0
0  5.10896977e-04  0
0  1.33352143e-03  0.0015143
0  8.25404185e-04  9.10901e-13
0  5.62341325e-03  0.0974055
0  3.48070059e-03  0.0556375
0  9.08517576e-03  0.136422
0  2.15443469e-03  0.0195477
0  2.37137371e-02  0.206689
0  3.83118685e-02  0.231464
0  1.46779927e-02  0.174357
0  1.00000000e-01  0.259318
0  6.18965819e-02  0.246865
10  1.00000000e-06  0
10  1.61559810e-06  0
10  2.61015722e-06  0
10  4.21696503e-06  0
10  6.81292069e-06  0
10  1.10069417e-05  0
10  1.77827941e-05  0
10  2.87298483e-05  0
10  7.49894209e-05  0
10  4.64158883e-05  0
10  1.95734178e-04  0
10  3.16227766e-04  0
10  1.21152766e-04  0
10  5.10896977e-04  0
10  9.08517576e-03  0.126945
10  8.25404185e-04  8.68609e-13
10  3.48070059e-03  0.053117
10  1.33352143e-03  0.00145312
10  2.15443469e-03  0.0186106
10  3.83118685e-02  0.217404
10  5.62341325e-03  0.0929961
10  1.46779927e-02  0.165706
10  2.37137371e-02  0.197324
10  6.18965819e-02  0.235199
10  1.00000000e-01  0.247594
12  1.00000000e-06  0
12  4.21696503e-06  0
12  1.61559810e-06  0
12  2.61015722e-06  0
12  1.10069417e-05  0
12  6.81292069e-06  0
12  4.64158883e-05  0
12  2.87298483e-05  0
12  1.77827941e-05  0
12  7.49894209e-05  0
12  1.21152766e-04  0
12  3.16227766e-04  0
12  1.95734178e-04  0
12  5.10896977e-04  0
12  2.15443469e-03  0.0180434
12  5.62341325e-03  0.0888717
12  8.25404185e-04  8.49592e-13
12  9.08517576e-03  0.125179
12  1.33352143e-03  0.00141559
12  3.48070059e-03  0.0518509
12  1.46779927e-02  0.161628
12  3.83118685e-02  0.213269
12  2.37137371e-02  0.191339
12  1.00000000e-01  0.240651
12  6.18965819e-02  0.23007
14  1.00000000e-06  0
14  1.61559810e-06  0
14  4.21696503e-06  0
14  2.61015722e-06  0
14  6.81292069e-06  0
14  1.10069417e-05  0
14  1.77827941e-05  0
14  2.87298483e-05  0
14  4.64158883e-05  0
14  7.49894209e-05  0
14  1.95734178e-04  0
14  1.21152766e-04  0
14  3.16227766e-04  0
14  5.10896977e-04  0
14  8.25404185e-04  8.25122e-13
14  1.33352143e-03  0.00138371
14  3.48070059e-03  0.0499837
14  2.15443469e-03  0.0177562
14  9.08517576e-03  0.123445
14  1.46779927e-02  0.153975
14  2.37137371e-02  0.184126
14  5.62341325e-03  0.0879992
14  6.18965819e-02  0.221797
14  3.83118685e-02  0.21066
14  1.00000000e-01  0.23271
16  1.00000000e-06  0
16  1.61559810e-06  0
16  2.61015722e-06  0
16  4.21696503e-06  0
16  1.10069417e-05  0
16  6.81292069e-06  0
16  1.77827941e-05  0
16  2.87298483e-05  0
16  4.64158883e-05  0
16  7.49894209e-05  0
16  1.95734178e-04  0
16  3.16227766e-04  0
16  1.21152766e-04  0
16  5.10896977e-04  0
16  8.25404185e-04  7.95925e-13
16  5.62341325e-03  0.0853255
16  2.15443469e-03  0.0171348
16  9.08517576e-03  0.119386
16  1.33352143e-03  0.00133466
16  1.46779927e-02  0.149457
16  3.48070059e-03  0.048623
16  2.37137371e-02  0.175758
16  1.00000000e-01  0.228992
16  6.18965819e-02  0.211631
16  3.83118685e-02  0.19157
18  1.00000000e-06  0
18  1.61559810e-06  0
18  2.61015722e-06  0
18  4.21696503e-06  0
18  6.81292069e-06  0
18  1.77827941e-05  0
18  2.87298483e-05  0
18  1.10069417e-05  0
18  4.64158883e-05  0
18  7.49894209e-05  0
18  1.21152766e-04  0
18  3.16227766e-04  0
18  1.95734178e-04  0
18  5.10896977e-04  0
18  8.25404185e-04  7.57864e-13
18  9.08517576e-03  0.113975
18  2.15443469e-03  0.0162956
18  5.62341325e-03  0.081526
18  1.33352143e-03  0.0012798
18  3.48070059e-03  0.0466652
18  2.37137371e-02  0.167846
18  6.18965819e-02  0.203759
18  1.00000000e-01  0.214637
18  1.46779927e-02  0.14577
18  3.83118685e-02  0.192469
2  1.00000000e-06  0
2  1.61559810e-06  0
2  2.61015722e-06  0
2  4.21696503e-06  0
2  6.81292069e-06  0
2  1.10069417e-05  0
2  1.77827941e-05  0
2  2.87298483e-05  0
2  4.64158883e-05  0
2  1.21152766e-04  0
2  7.49894209e-05  0
2  1.95734178e-04  0
2  3.16227766e-04  0
2  5.10896977e-04  0
2  1.33352143e-03  0.00150357
2  2.15443469e-03  0.0192424
2  2.37137371e-02  0.201564
2  3.48070059e-03  0.0555599
2  8.25404185e-04  9.08508e-13
2  9.08517576e-03  0.136409
2  1.46779927e-02  0.173591
2  5.62341325e-03  0.0972623
2  3.83118685e-02  0.226828
2  6.18965819e-02  0.245964
2  1.00000000e-01  0.258242
20  1.00000000e-06  0
20  1.61559810e-06  0
20  4.21696503e-06  0
20  2.61015722e-06  0
20  1.10069417e-05  0
20  6.81292069e-06  0
20  1.77827941e-05  0
20  2.87298483e-05  0
20  4.64158883e-05  0
20  7.49894209e-05  0
20  1.21152766e-04  0
20  1.95734178e-04  0
20  3.16227766e-04  0
20  5.10896977e-04  0
20  8.25404185e-04  7.19095e-13
20  2.15443469e-03  0.0155606
20  1.33352143e-03  0.00121014
20  3.48070059e-03  0.0441001
20  2.37137371e-02  0.158606
20  5.62341325e-03  0.0764643
20  9.08517576e-03  0.107555
20  6.18965819e-02  0.191634
20  1.46779927e-02  0.134379
20  3.83118685e-02  0.181374
20  1.00000000e-01  0.204066
22  1.00000000e-06  0
22  1.61559810e-06  0
22  4.21696503e-06  0
22  2.61015722e-06  0
22  6.81292069e-06  0
22  1.10069417e-05  0
22  2.87298483e-05  0
22  4.64158883e-05  0
22  1.77827941e-05  0
22  1.21152766e-04  0
22  7.49894209e-05  0
22  3.16227766e-04  0
22  1.95734178e-04  0
22  5.10896977e-04  0
22  8.25404185e-04  6.54791e-13
22  5.62341325e-03  0.0704879
22  3.48070059e-03  0.0405967
22  1.33352143e-03  0.0011252
22  2.37137371e-02  0.148032
22  1.46779927e-02  0.127865
22  9.08517576e-03  0.0999761
22  2.15443469e-03  0.0145221
22  1.00000000e-01  0.188621
22  3.83118685e-02  0.168758
22  6.18965819e-02  0.179515
24  1.00000000e-06  0
24  1.61559810e-06  0
24  2.61015722e-06  0
24  6.81292069e-06  0
24  4.21696503e-06  0
24  1.10069417e-05  0
24  1.77827941e-05  0
24  2.87298483e-05  0
24  4.64158883e-05  0
24  7.49894209e-05  0
24  1.95734178e-04  0
24  3.16227766e-04  0
24  1.21152766e-04  0
24  5.10896977e-04  0
24  8.25404185e-04  6.06722e-13
24  2.15443469e-03  0.013063
24  9.08517576e-03  0.0913747
24  1.33352143e-03  0.00103191
24  5.62341325e-03  0.0653742
24  3.48070059e-03  0.0376021
24  1.46779927e-02  0.115921
24  2.37137371e-02  0.137932
24  1.00000000e-01  0.175079
24  6.18965819e-02  0.163727
24  3.83118685e-02  0.153596
26  1.61559810e-06  0
26  1.00000000e-06  0
26  2.61015722e-06  0
26  4.21696503e-06  0
26  1.10069417e-05  0
26  6.81292069e-06  0
26  1.77827941e-05  0
26  2.87298483e-05  0
26  7.49894209e-05  0
26  4.64158883e-05  0
26  1.21152766e-04  0
26  3.16227766e-04  0
26  1.95734178e-04  0
26  5.10896977e-04  0
26  5.62341325e-03  0.0571023
26  1.33352143e-03  0.000912266
26  3.48070059e-03  0.032828
26  9.08517576e-03  0.0791421
26  8.25404185e-04  5.39589e-13
26  2.15443469e-03  0.0117581
26  3.83118685e-02  0.131913
26  1.46779927e-02  0.100376
26  2.37137371e-02  0.121539
26  1.00000000e-01  0.153259
26  6.18965819e-02  0.143583
28  1.00000000e-06  0
28  1.61559810e-06  0
28  2.61015722e-06  0
28  4.21696503e-06  0
28  6.81292069e-06  0
28  1.10069417e-05  0
28  1.77827941e-05  0
28  4.64158883e-05  0
28  2.87298483e-05  0
28  1.95734178e-04  0
28  7.49894209e-05  0
28  1.21152766e-04  0
28  3.16227766e-04  0
28  5.10896977e-04  0
28  3.48070059e-03  0.0275836
28  2.15443469e-03  0.00986042
28  1.33352143e-03  0.00077544
28  8.25404185e-04  4.56853e-13
28  2.37137371e-02  0.0989158
28  5.62341325e-03  0.048587
28  9.08517576e-03  0.0676957
28  1.00000000e-01  0.128369
28  1.46779927e-02  0.0861526
28  3.83118685e-02  0.113047
28  6.18965819e-02  0.12142
30  1.61559810e-06  0
30  1.00000000e-06  0
30  2.61015722e-06  0
30  4.21696503e-06  0
30  1.10069417e-05  0
30  6.81292069e-06  0
30  1.77827941e-05  0
30  2.87298483e-05  0
30  1.95734178e-04  0
30  7.49894209e-05  0
30  1.21152766e-04  0
30  4.64158883e-05  0
30  3.16227766e-04  0
30  5.10896977e-04  0
30  5.62341325e-03  0.0376985
30  9.08517576e-03  0.0523767
30  1.46779927e-02  0.0654046
30  8.25404185e-04  3.58962e-13
30  3.48070059e-03  0.0221385
30  2.15443469e-03  0.00789686
30  1.33352143e-03  0.000615792
30  2.37137371e-02  0.0768455
30  3.83118685e-02  0.0859497
30  1.00000000e-01  0.0996837
30  6.18965819e-02  0.0957455
32  1.00000000e-06  0
32  2.61015722e-06  0
32  1.61559810e-06  0
32  1.10069417e-05  0
32  4.21696503e-06  0
32  6.81292069e-06  0
32  2.87298483e-05  0
32  1.77827941e-05  0
32  7.49894209e-05  0
32  4.64158883e-05  0
32  1.21152766e-04  0
32  1.95734178e-04  0
32  3.16227766e-04  0
32  5.10896977e-04  0
32  9.08517576e-03  0.0370496
32  2.15443469e-03  0.00568553
32  5.62341325e-03  0.0275682
32  8.25404185e-04  2.58657e-13
32  1.33352143e-03  0.000449211
32  3.48070059e-03  0.0160738
32  1.46779927e-02  0.048045
32  2.37137371e-02  0.0569952
32  3.83118685e-02  0.0641898
32  6.18965819e-02  0.0677974
32  1.00000000e-01  0.0716723
4  1.00000000e-06  0
4  1.61559810e-06  0
4  2.61015722e-06  0
4  4.21696503e-06  0
4  6.81292069e-06  0
4  2.87298483e-05  0
4  1.10069417e-05  0
4  1.77827941e-05  0
4  4.64158883e-05  0
4  1.21152766e-04  0
4  7.49894209e-05  0
4  1.95734178e-04  0
4  3.16227766e-04  0
4  5.10896977e-04  0
4  3.48070059e-03  0.0545037
4  1.33352143e-03  0.00150829
4  8.25404185e-04  9.04614e-13
4  2.15443469e-03  0.0192243
4  1.46779927e-02  0.168885
4  9.08517576e-03  0.136024
4  3.83118685e-02  0.219014
4  5.62341325e-03  0.0967911
4  2.37137371e-02  0.205477
4  1.00000000e-01  0.256262
4  6.18965819e-02  0.245343
6  1.00000000e-06  0
6  1.61559810e-06  0
6  4.21696503e-06  0
6  2.61015722e-06  0
6  1.10069417e-05  0
6  6.81292069e-06  0
6  4.64158883e-05  0
6  1.77827941e-05  0
6  7.49894209e-05  0
6  2.87298483e-05  0
6  1.95734178e-04  0
6  1.21152766e-04  0
6  3.16227766e-04  0
6  5.10896977e-04  0
6  8.25404185e-04  8.92339e-13
6  2.15443469e-03  0.0190429
6  1.33352143e-03  0.00148877
6  9.08517576e-03  0.132733
6  3.48070059e-03  0.0547554
6  6.18965819e-02  0.241807
6  5.62341325e-03  0.096081
6  1.46779927e-02  0.172134
6  2.37137371e-02  0.203656
6  3.83118685e-02  0.216436
6  1.00000000e-01  0.253226
8  1.00000000e-06  0
8  1.61559810e-06  0
8  2.61015722e-06  0
8  4.21696503e-06  0
8  6.81292069e-06  0
8  1.10069417e-05  0
8  1.77827941e-05  0
8  2.87298483e-05  0
8  7.49894209e-05  0
8  4.64158883e-05  0
8  1.21152766e-04  0
8  1.95734178e-04  0
8  3.16227766e-04  0
8  5.10896977e-04  0
8  5.62341325e-03  0.0925643
8  3.48070059e-03  0.0533964
8  9.08517576e-03  0.130397
8  8.25404185e-04  8.82224e-13
8  2.37137371e-02  0.193093
8  2.15443469e-03  0.0188012
8  1.33352143e-03  0.00147582
8  1.46779927e-02  0.168417
8  6.18965819e-02  0.231154
8  3.83118685e-02  0.225699
8  1.00000000e-01  0.251567
