# diffractive D0 dsigma/(d2pD0 dy dx_po), Pb target, BCFY fragmentation, An0n channel
# generated      : 2026-07-28 16:33:59 EEST
# calls          : 1e5 (VEGAS calls per point)
# dipole samples : data/Pb/mve/glauber_mve_<b>
# x_po grid      : 1e-6 to 0.1, 25 log-spaced points
# fixed rapidity y : 3.0
# fixed pD0        : 8.0
# ============================================================
# b  x_po  dsigma_dxpo
0  1.00000000e-06  0
0  2.61015722e-06  0
0  1.61559810e-06  0
0  4.21696503e-06  0
0  6.81292069e-06  0
0  1.10069417e-05  0
0  1.77827941e-05  0
0  2.87298483e-05  0
0  4.64158883e-05  0
0  7.49894209e-05  0
0  1.95734178e-04  1.16993e-09
0  3.16227766e-04  4.48088e-08
0  1.21152766e-04  9.51246e-14
0  5.10896977e-04  3.00461e-07
0  1.33352143e-03  1.79832e-06
0  8.25404185e-04  9.10678e-07
0  2.15443469e-03  2.75588e-06
0  9.08517576e-03  4.61146e-06
0  5.62341325e-03  4.22682e-06
0  3.48070059e-03  3.59085e-06
0  2.37137371e-02  5.62416e-06
0  1.46779927e-02  5.04137e-06
0  3.83118685e-02  5.80274e-06
0  6.18965819e-02  5.77382e-06
0  1.00000000e-01  5.95255e-06
10  1.00000000e-06  0
10  2.61015722e-06  0
10  1.61559810e-06  0
10  4.21696503e-06  0
10  6.81292069e-06  0
10  1.10069417e-05  0
10  1.77827941e-05  0
10  2.87298483e-05  0
10  4.64158883e-05  0
10  7.49894209e-05  0
10  8.25404185e-04  8.49108e-07
10  1.21152766e-04  9.09621e-14
10  3.16227766e-04  4.26388e-08
10  2.15443469e-03  2.55471e-06
10  5.10896977e-04  2.8765e-07
10  1.95734178e-04  1.11988e-09
10  3.48070059e-03  3.32834e-06
10  5.62341325e-03  4.03303e-06
10  1.33352143e-03  1.71321e-06
10  3.83118685e-02  5.43768e-06
10  1.46779927e-02  4.87646e-06
10  2.37137371e-02  5.19155e-06
10  1.00000000e-01  5.50551e-06
10  9.08517576e-03  4.48439e-06
10  6.18965819e-02  5.57506e-06
12  1.61559810e-06  0
12  1.00000000e-06  0
12  2.61015722e-06  0
12  4.21696503e-06  0
12  6.81292069e-06  0
12  1.10069417e-05  0
12  1.77827941e-05  0
12  7.49894209e-05  0
12  4.64158883e-05  0
12  2.87298483e-05  0
12  5.10896977e-04  2.75524e-07
12  8.25404185e-04  8.31185e-07
12  1.95734178e-04  1.09237e-09
12  1.21152766e-04  8.87213e-14
12  3.16227766e-04  4.22057e-08
12  9.08517576e-03  4.32474e-06
12  1.33352143e-03  1.67367e-06
12  2.15443469e-03  2.56575e-06
12  5.62341325e-03  3.93476e-06
12  1.46779927e-02  4.67481e-06
12  3.48070059e-03  3.33373e-06
12  3.83118685e-02  5.31498e-06
12  2.37137371e-02  5.07494e-06
12  1.00000000e-01  5.50113e-06
12  6.18965819e-02  5.44604e-06
14  1.00000000e-06  0
14  1.61559810e-06  0
14  2.61015722e-06  0
14  4.21696503e-06  0
14  6.81292069e-06  0
14  2.87298483e-05  0
14  1.77827941e-05  0
14  4.64158883e-05  0
14  1.10069417e-05  0
14  7.49894209e-05  0
14  5.10896977e-04  2.69357e-07
14  1.95734178e-04  1.05786e-09
14  1.21152766e-04  8.64156e-14
14  2.15443469e-03  2.42957e-06
14  8.25404185e-04  8.143e-07
14  1.33352143e-03  1.60671e-06
14  3.16227766e-04  4.10948e-08
14  5.62341325e-03  3.82075e-06
14  3.48070059e-03  3.23938e-06
14  9.08517576e-03  4.2391e-06
14  1.46779927e-02  4.59892e-06
14  3.83118685e-02  5.17191e-06
14  2.37137371e-02  4.90488e-06
14  1.00000000e-01  5.36007e-06
14  6.18965819e-02  5.32121e-06
16  1.00000000e-06  0
16  1.61559810e-06  0
16  2.61015722e-06  0
16  4.21696503e-06  0
16  6.81292069e-06  0
16  1.10069417e-05  0
16  1.77827941e-05  0
16  2.87298483e-05  0
16  4.64158883e-05  0
16  7.49894209e-05  0
16  1.95734178e-04  1.03626e-09
16  8.25404185e-04  7.81528e-07
16  1.21152766e-04  8.30381e-14
16  2.15443469e-03  2.33291e-06
16  3.16227766e-04  3.96756e-08
16  5.10896977e-04  2.63637e-07
16  5.62341325e-03  3.60539e-06
16  1.33352143e-03  1.55213e-06
16  3.48070059e-03  3.12229e-06
16  1.46779927e-02  4.46866e-06
16  3.83118685e-02  5.00324e-06
16  2.37137371e-02  4.71522e-06
16  9.08517576e-03  4.08127e-06
16  6.18965819e-02  5.09322e-06
16  1.00000000e-01  5.12933e-06
18  1.00000000e-06  0
18  1.61559810e-06  0
18  2.61015722e-06  0
18  4.21696503e-06  0
18  6.81292069e-06  0
18  1.77827941e-05  0
18  1.10069417e-05  0
18  2.87298483e-05  0
18  4.64158883e-05  0
18  7.49894209e-05  0
18  3.16227766e-04  3.76606e-08
18  1.95734178e-04  9.85248e-10
18  1.21152766e-04  7.98584e-14
18  3.48070059e-03  2.84228e-06
18  1.33352143e-03  1.4858e-06
18  5.62341325e-03  3.43639e-06
18  8.25404185e-04  7.62147e-07
18  2.15443469e-03  2.29604e-06
18  5.10896977e-04  2.52939e-07
18  1.46779927e-02  4.18525e-06
18  2.37137371e-02  4.49421e-06
18  9.08517576e-03  3.87076e-06
18  6.18965819e-02  4.91532e-06
18  3.83118685e-02  4.76548e-06
18  1.00000000e-01  4.9099e-06
2  1.00000000e-06  0
2  2.61015722e-06  0
2  1.61559810e-06  0
2  6.81292069e-06  0
2  4.21696503e-06  0
2  1.10069417e-05  0
2  1.77827941e-05  0
2  4.64158883e-05  0
2  2.87298483e-05  0
2  7.49894209e-05  0
2  5.10896977e-04  2.96199e-07
2  1.95734178e-04  1.16139e-09
2  3.16227766e-04  4.51047e-08
2  1.21152766e-04  9.46851e-14
2  8.25404185e-04  9.07466e-07
2  1.33352143e-03  1.79292e-06
2  2.15443469e-03  2.75391e-06
2  3.48070059e-03  3.58028e-06
2  5.62341325e-03  4.2229e-06
2  1.46779927e-02  5.01677e-06
2  9.08517576e-03  4.69376e-06
2  2.37137371e-02  5.41389e-06
2  3.83118685e-02  5.80544e-06
2  6.18965819e-02  5.82593e-06
2  1.00000000e-01  5.95564e-06
20  1.00000000e-06  0
20  1.61559810e-06  0
20  4.21696503e-06  0
20  2.61015722e-06  0
20  6.81292069e-06  0
20  4.64158883e-05  0
20  2.87298483e-05  0
20  1.10069417e-05  0
20  1.77827941e-05  0
20  7.49894209e-05  0
20  1.95734178e-04  9.25023e-10
20  8.25404185e-04  7.11357e-07
20  3.16227766e-04  3.57815e-08
20  1.21152766e-04  7.56809e-14
20  5.10896977e-04  2.40273e-07
20  2.15443469e-03  2.12019e-06
20  1.33352143e-03  1.41038e-06
20  9.08517576e-03  3.59025e-06
20  5.62341325e-03  3.32321e-06
20  3.83118685e-02  4.52885e-06
20  3.48070059e-03  2.82248e-06
20  2.37137371e-02  4.25852e-06
20  1.46779927e-02  4.00566e-06
20  6.18965819e-02  4.69834e-06
20  1.00000000e-01  4.69291e-06
22  1.00000000e-06  0
22  6.81292069e-06  0
22  2.61015722e-06  0
22  1.61559810e-06  0
22  4.21696503e-06  0
22  1.77827941e-05  0
22  1.10069417e-05  0
22  2.87298483e-05  0
22  4.64158883e-05  0
22  7.49894209e-05  0
22  1.21152766e-04  7.04664e-14
22  5.10896977e-04  2.21989e-07
22  8.25404185e-04  6.65906e-07
22  1.95734178e-04  8.6907e-10
22  1.33352143e-03  1.30516e-06
22  3.48070059e-03  2.56897e-06
22  2.15443469e-03  1.96706e-06
22  3.16227766e-04  3.37184e-08
22  1.46779927e-02  3.64207e-06
22  2.37137371e-02  3.93674e-06
22  9.08517576e-03  3.41544e-06
22  5.62341325e-03  3.09485e-06
22  3.83118685e-02  4.18908e-06
22  6.18965819e-02  4.32505e-06
22  1.00000000e-01  4.26427e-06
24  1.00000000e-06  0
24  1.61559810e-06  0
24  2.61015722e-06  0
24  4.21696503e-06  0
24  6.81292069e-06  0
24  1.10069417e-05  0
24  1.77827941e-05  0
24  2.87298483e-05  0
24  4.64158883e-05  0
24  7.49894209e-05  0
24  5.10896977e-04  2.02525e-07
24  8.25404185e-04  6.04151e-07
24  3.16227766e-04  3.08714e-08
24  1.21152766e-04  6.48159e-14
24  1.95734178e-04  8.07968e-10
24  1.33352143e-03  1.21168e-06
24  2.15443469e-03  1.81985e-06
24  9.08517576e-03  3.03475e-06
24  5.62341325e-03  2.74641e-06
24  2.37137371e-02  3.63412e-06
24  3.48070059e-03  2.38376e-06
24  1.00000000e-01  3.99524e-06
24  1.46779927e-02  3.40267e-06
24  6.18965819e-02  3.92699e-06
24  3.83118685e-02  3.79702e-06
26  1.00000000e-06  0
26  1.61559810e-06  0
26  4.21696503e-06  0
26  2.61015722e-06  0
26  6.81292069e-06  0
26  1.10069417e-05  0
26  1.77827941e-05  0
26  2.87298483e-05  0
26  4.64158883e-05  0
26  7.49894209e-05  0
26  1.21152766e-04  5.76183e-14
26  1.95734178e-04  7.11798e-10
26  3.16227766e-04  2.72815e-08
26  1.33352143e-03  1.0509e-06
26  5.10896977e-04  1.81303e-07
26  8.25404185e-04  5.4591e-07
26  3.48070059e-03  2.04131e-06
26  2.15443469e-03  1.60601e-06
26  1.46779927e-02  2.9456e-06
26  3.83118685e-02  3.41088e-06
26  5.62341325e-03  2.46411e-06
26  1.00000000e-01  3.40936e-06
26  2.37137371e-02  3.14263e-06
26  9.08517576e-03  2.72256e-06
26  6.18965819e-02  3.4424e-06
28  1.00000000e-06  0
28  1.61559810e-06  0
28  4.21696503e-06  0
28  2.61015722e-06  0
28  1.10069417e-05  0
28  1.77827941e-05  0
28  6.81292069e-06  0
28  2.87298483e-05  0
28  4.64158883e-05  0
28  7.49894209e-05  0
28  1.21152766e-04  4.92315e-14
28  1.95734178e-04  6.14247e-10
28  8.25404185e-04  4.53936e-07
28  1.33352143e-03  8.81443e-07
28  3.16227766e-04  2.34625e-08
28  3.48070059e-03  1.74262e-06
28  5.62341325e-03  2.02775e-06
28  5.10896977e-04  1.54254e-07
28  9.08517576e-03  2.2082e-06
28  2.15443469e-03  1.35034e-06
28  3.83118685e-02  2.84284e-06
28  2.37137371e-02  2.68786e-06
28  1.46779927e-02  2.47868e-06
28  6.18965819e-02  2.89455e-06
28  1.00000000e-01  3.00484e-06
30  1.00000000e-06  0
30  1.61559810e-06  0
30  2.61015722e-06  0
30  4.21696503e-06  0
30  6.81292069e-06  0
30  1.10069417e-05  0
30  1.77827941e-05  0
30  2.87298483e-05  0
30  4.64158883e-05  0
30  7.49894209e-05  0
30  1.95734178e-04  4.86921e-10
30  3.16227766e-04  1.84672e-08
30  5.10896977e-04  1.22065e-07
30  2.15443469e-03  1.06214e-06
30  1.33352143e-03  7.0798e-07
30  3.48070059e-03  1.37837e-06
30  1.21152766e-04  3.97757e-14
30  8.25404185e-04  3.67608e-07
30  9.08517576e-03  1.77163e-06
30  2.37137371e-02  2.09709e-06
30  5.62341325e-03  1.6177e-06
30  1.00000000e-01  2.18679e-06
30  6.18965819e-02  2.26986e-06
30  1.46779927e-02  1.94735e-06
30  3.83118685e-02  2.16592e-06
32  1.00000000e-06  0
32  1.61559810e-06  0
32  2.61015722e-06  0
32  4.21696503e-06  0
32  6.81292069e-06  0
32  1.10069417e-05  0
32  2.87298483e-05  0
32  1.77827941e-05  0
32  4.64158883e-05  0
32  7.49894209e-05  0
32  3.16227766e-04  1.37394e-08
32  8.25404185e-04  2.64e-07
32  1.21152766e-04  2.93121e-14
32  1.95734178e-04  3.63566e-10
32  1.33352143e-03  5.15833e-07
32  5.10896977e-04  9.04961e-08
32  2.15443469e-03  7.65077e-07
32  9.08517576e-03  1.24119e-06
32  5.62341325e-03  1.1634e-06
32  3.48070059e-03  9.99043e-07
32  3.83118685e-02  1.5395e-06
32  6.18965819e-02  1.61444e-06
32  1.46779927e-02  1.39064e-06
32  2.37137371e-02  1.45554e-06
32  1.00000000e-01  1.66627e-06
4  1.00000000e-06  0
4  1.61559810e-06  0
4  2.61015722e-06  0
4  4.21696503e-06  0
4  6.81292069e-06  0
4  1.10069417e-05  0
4  2.87298483e-05  0
4  1.77827941e-05  0
4  4.64158883e-05  0
4  7.49894209e-05  0
4  1.95734178e-04  1.16806e-09
4  3.16227766e-04  4.4855e-08
4  1.21152766e-04  9.47462e-14
4  8.25404185e-04  9.01873e-07
4  3.48070059e-03  3.49143e-06
4  5.10896977e-04  2.98755e-07
4  1.33352143e-03  1.7831e-06
4  9.08517576e-03  4.4994e-06
4  2.15443469e-03  2.73833e-06
4  5.62341325e-03  4.20495e-06
4  1.46779927e-02  4.98473e-06
4  2.37137371e-02  5.36008e-06
4  3.83118685e-02  5.78407e-06
4  6.18965819e-02  5.86583e-06
4  1.00000000e-01  5.85443e-06
6  1.00000000e-06  0
6  1.61559810e-06  0
6  2.61015722e-06  0
6  4.21696503e-06  0
6  1.10069417e-05  0
6  6.81292069e-06  0
6  1.77827941e-05  0
6  2.87298483e-05  0
6  7.49894209e-05  0
6  4.64158883e-05  0
6  1.21152766e-04  9.30538e-14
6  1.95734178e-04  1.14697e-09
6  3.48070059e-03  3.43268e-06
6  8.25404185e-04  8.96387e-07
6  3.16227766e-04  4.43678e-08
6  5.10896977e-04  2.95898e-07
6  1.46779927e-02  5.0011e-06
6  1.33352143e-03  1.76766e-06
6  2.15443469e-03  2.71209e-06
6  2.37137371e-02  5.43762e-06
6  5.62341325e-03  4.16472e-06
6  3.83118685e-02  5.72039e-06
6  6.18965819e-02  5.8562e-06
6  9.08517576e-03  4.61054e-06
6  1.00000000e-01  5.83424e-06
8  1.00000000e-06  0
8  1.61559810e-06  0
8  2.61015722e-06  0
8  4.21696503e-06  0
8  6.81292069e-06  0
8  1.10069417e-05  0
8  2.87298483e-05  0
8  1.77827941e-05  0
8  7.49894209e-05  0
8  4.64158883e-05  0
8  1.21152766e-04  9.16362e-14
8  5.10896977e-04  2.86147e-07
8  8.25404185e-04  8.69894e-07
8  1.95734178e-04  1.14146e-09
8  3.16227766e-04  4.3496e-08
8  5.62341325e-03  3.99466e-06
8  1.33352143e-03  1.74414e-06
8  2.15443469e-03  2.67591e-06
8  9.08517576e-03  4.54627e-06
8  3.48070059e-03  3.47616e-06
8  1.46779927e-02  4.98969e-06
8  2.37137371e-02  5.26662e-06
8  3.83118685e-02  5.63222e-06
8  6.18965819e-02  5.69309e-06
8  1.00000000e-01  5.69519e-06
