# diffractive D0 dsigma/(d2pD0 dy dx_po), Pb target, KniehlKramer fragmentation, An0n channel
# generated      : 2026-07-28 17:25:01 EEST
# calls          : 1e5 (VEGAS calls per point)
# dipole samples : data/Pb/mve/glauber_mve_<b>
# x_po grid      : 1e-6 to 0.1, 25 log-spaced points
# fixed rapidity y : 2.0
# fixed pD0        : 8.0
# ============================================================
# b  x_po  dsigma_dxpo
0  1.00000000e-06  0
0  2.61015722e-06  0
0  1.61559810e-06  0
0  4.21696503e-06  0
0  6.81292069e-06  0
0  1.10069417e-05  0
0  1.77827941e-05  0
0  2.87298483e-05  0
0  4.64158883e-05  0
0  7.49894209e-05  0
0  1.21152766e-04  0
0  1.95734178e-04  0
0  5.10896977e-04  2.19393e-07
0  1.33352143e-03  1.18633e-05
0  8.25404185e-04  2.97182e-06
0  3.48070059e-03  4.44211e-05
0  3.16227766e-04  2.44428e-10
0  1.46779927e-02  9.01441e-05
0  2.15443469e-03  2.73028e-05
0  5.62341325e-03  6.20995e-05
0  3.83118685e-02  0.000111986
0  9.08517576e-03  7.80776e-05
0  6.18965819e-02  0.000118943
0  2.37137371e-02  0.00010335
0  1.00000000e-01  0.000122075
10  1.00000000e-06  0
10  1.61559810e-06  0
10  2.61015722e-06  0
10  4.21696503e-06  0
10  6.81292069e-06  0
10  1.10069417e-05  0
10  1.77827941e-05  0
10  4.64158883e-05  0
10  2.87298483e-05  0
10  7.49894209e-05  0
10  1.95734178e-04  0
10  1.21152766e-04  0
10  8.25404185e-04  2.85057e-06
10  3.16227766e-04  2.3306e-10
10  1.33352143e-03  1.14395e-05
10  5.10896977e-04  2.10931e-07
10  2.15443469e-03  2.59804e-05
10  3.48070059e-03  4.33562e-05
10  5.62341325e-03  5.98885e-05
10  1.46779927e-02  8.71481e-05
10  9.08517576e-03  7.35985e-05
10  2.37137371e-02  9.84721e-05
10  6.18965819e-02  0.000111891
10  1.00000000e-01  0.000115482
10  3.83118685e-02  0.000104554
12  1.00000000e-06  0
12  1.61559810e-06  0
12  2.61015722e-06  0
12  4.21696503e-06  0
12  6.81292069e-06  0
12  1.10069417e-05  0
12  1.77827941e-05  0
12  7.49894209e-05  0
12  4.64158883e-05  0
12  2.87298483e-05  0
12  1.95734178e-04  0
12  1.21152766e-04  0
12  3.48070059e-03  4.0986e-05
12  8.25404185e-04  2.78587e-06
12  3.16227766e-04  2.2769e-10
12  9.08517576e-03  7.02255e-05
12  1.33352143e-03  1.10405e-05
12  5.10896977e-04  2.0759e-07
12  2.15443469e-03  2.50488e-05
12  5.62341325e-03  5.70356e-05
12  6.18965819e-02  0.000110315
12  1.46779927e-02  8.48368e-05
12  2.37137371e-02  9.65108e-05
12  3.83118685e-02  0.000102464
12  1.00000000e-01  0.000113488
14  1.00000000e-06  0
14  2.61015722e-06  0
14  1.61559810e-06  0
14  4.21696503e-06  0
14  1.77827941e-05  0
14  6.81292069e-06  0
14  1.10069417e-05  0
14  2.87298483e-05  0
14  4.64158883e-05  0
14  7.49894209e-05  0
14  1.21152766e-04  0
14  1.95734178e-04  0
14  8.25404185e-04  2.72493e-06
14  3.48070059e-03  4.02852e-05
14  3.16227766e-04  2.23272e-10
14  1.33352143e-03  1.08498e-05
14  5.10896977e-04  2.01142e-07
14  2.15443469e-03  2.46841e-05
14  1.46779927e-02  8.13726e-05
14  2.37137371e-02  9.22029e-05
14  5.62341325e-03  5.67148e-05
14  9.08517576e-03  6.95843e-05
14  6.18965819e-02  0.000107055
14  1.00000000e-01  0.000109418
14  3.83118685e-02  9.93041e-05
16  1.00000000e-06  0
16  2.61015722e-06  0
16  1.61559810e-06  0
16  4.21696503e-06  0
16  6.81292069e-06  0
16  1.77827941e-05  0
16  2.87298483e-05  0
16  1.10069417e-05  0
16  4.64158883e-05  0
16  1.21152766e-04  0
16  7.49894209e-05  0
16  1.95734178e-04  0
16  3.16227766e-04  2.10571e-10
16  8.25404185e-04  2.64177e-06
16  5.62341325e-03  5.48415e-05
16  3.48070059e-03  3.87666e-05
16  9.08517576e-03  6.57046e-05
16  1.33352143e-03  1.04905e-05
16  2.15443469e-03  2.35484e-05
16  5.10896977e-04  1.94024e-07
16  6.18965819e-02  0.000103052
16  1.00000000e-01  0.000104342
16  1.46779927e-02  7.96808e-05
16  2.37137371e-02  8.94259e-05
16  3.83118685e-02  9.56993e-05
18  1.00000000e-06  0
18  4.21696503e-06  0
18  1.61559810e-06  0
18  2.61015722e-06  0
18  6.81292069e-06  0
18  1.77827941e-05  0
18  2.87298483e-05  0
18  1.10069417e-05  0
18  7.49894209e-05  0
18  4.64158883e-05  0
18  1.21152766e-04  0
18  1.95734178e-04  0
18  3.16227766e-04  2.03766e-10
18  2.15443469e-03  2.23147e-05
18  1.33352143e-03  9.89431e-06
18  8.25404185e-04  2.50898e-06
18  5.10896977e-04  1.85555e-07
18  9.08517576e-03  6.32325e-05
18  5.62341325e-03  5.14409e-05
18  3.48070059e-03  3.78251e-05
18  6.18965819e-02  9.83645e-05
18  3.83118685e-02  9.11548e-05
18  1.00000000e-01  0.000100378
18  1.46779927e-02  7.59303e-05
18  2.37137371e-02  8.54168e-05
2  1.00000000e-06  0
2  1.61559810e-06  0
2  4.21696503e-06  0
2  2.61015722e-06  0
2  6.81292069e-06  0
2  1.10069417e-05  0
2  1.77827941e-05  0
2  2.87298483e-05  0
2  4.64158883e-05  0
2  1.95734178e-04  0
2  7.49894209e-05  0
2  1.21152766e-04  0
2  3.16227766e-04  2.46724e-10
2  2.15443469e-03  2.66516e-05
2  1.33352143e-03  1.18217e-05
2  8.25404185e-04  2.94719e-06
2  9.08517576e-03  7.5501e-05
2  5.10896977e-04  2.21064e-07
2  2.37137371e-02  0.000101734
2  5.62341325e-03  6.17017e-05
2  3.48070059e-03  4.54953e-05
2  1.00000000e-01  0.000120821
2  3.83118685e-02  0.000111883
2  6.18965819e-02  0.000119125
2  1.46779927e-02  9.1411e-05
20  1.00000000e-06  0
20  1.61559810e-06  0
20  2.61015722e-06  0
20  6.81292069e-06  0
20  4.21696503e-06  0
20  1.77827941e-05  0
20  4.64158883e-05  0
20  1.10069417e-05  0
20  2.87298483e-05  0
20  7.49894209e-05  0
20  1.21152766e-04  0
20  1.95734178e-04  0
20  8.25404185e-04  2.35359e-06
20  3.16227766e-04  1.94855e-10
20  5.10896977e-04  1.76295e-07
20  9.08517576e-03  5.89345e-05
20  1.33352143e-03  9.47391e-06
20  2.15443469e-03  2.14756e-05
20  5.62341325e-03  4.96013e-05
20  3.48070059e-03  3.59039e-05
20  2.37137371e-02  7.93015e-05
20  1.46779927e-02  7.16817e-05
20  3.83118685e-02  8.69399e-05
20  6.18965819e-02  9.29179e-05
20  1.00000000e-01  9.53574e-05
22  1.00000000e-06  0
22  1.61559810e-06  0
22  2.61015722e-06  0
22  4.21696503e-06  0
22  6.81292069e-06  0
22  1.10069417e-05  0
22  2.87298483e-05  0
22  1.77827941e-05  0
22  4.64158883e-05  0
22  1.21152766e-04  0
22  7.49894209e-05  0
22  1.95734178e-04  0
22  8.25404185e-04  2.21146e-06
22  2.15443469e-03  1.92947e-05
22  5.10896977e-04  1.6275e-07
22  3.16227766e-04  1.81629e-10
22  5.62341325e-03  4.49357e-05
22  1.33352143e-03  8.83061e-06
22  2.37137371e-02  7.36675e-05
22  3.48070059e-03  3.31633e-05
22  9.08517576e-03  5.52913e-05
22  1.46779927e-02  6.66134e-05
22  6.18965819e-02  8.56836e-05
22  3.83118685e-02  8.03691e-05
22  1.00000000e-01  8.7458e-05
24  1.00000000e-06  0
24  1.61559810e-06  0
24  2.61015722e-06  0
24  4.21696503e-06  0
24  6.81292069e-06  0
24  1.77827941e-05  0
24  1.10069417e-05  0
24  2.87298483e-05  0
24  4.64158883e-05  0
24  1.21152766e-04  0
24  7.49894209e-05  0
24  1.95734178e-04  0
24  3.16227766e-04  1.66187e-10
24  1.33352143e-03  7.99398e-06
24  8.25404185e-04  2.0229e-06
24  5.10896977e-04  1.50134e-07
24  2.15443469e-03  1.79633e-05
24  9.08517576e-03  4.9842e-05
24  5.62341325e-03  4.17534e-05
24  1.46779927e-02  5.94681e-05
24  2.37137371e-02  6.707e-05
24  3.48070059e-03  3.02589e-05
24  6.18965819e-02  7.73363e-05
24  3.83118685e-02  7.29922e-05
24  1.00000000e-01  8.02816e-05
26  1.00000000e-06  0
26  1.61559810e-06  0
26  2.61015722e-06  0
26  4.21696503e-06  0
26  6.81292069e-06  0
26  1.10069417e-05  0
26  1.77827941e-05  0
26  2.87298483e-05  0
26  4.64158883e-05  0
26  1.21152766e-04  0
26  7.49894209e-05  0
26  1.95734178e-04  0
26  3.16227766e-04  1.44908e-10
26  1.33352143e-03  7.05193e-06
26  3.48070059e-03  2.60825e-05
26  2.15443469e-03  1.59027e-05
26  1.46779927e-02  5.19954e-05
26  5.10896977e-04  1.33251e-07
26  8.25404185e-04  1.80573e-06
26  5.62341325e-03  3.6615e-05
26  6.18965819e-02  6.8204e-05
26  3.83118685e-02  6.35728e-05
26  2.37137371e-02  6.015e-05
26  9.08517576e-03  4.50457e-05
26  1.00000000e-01  7.09087e-05
28  1.00000000e-06  0
28  1.61559810e-06  0
28  2.61015722e-06  0
28  4.21696503e-06  0
28  1.10069417e-05  0
28  6.81292069e-06  0
28  1.77827941e-05  0
28  2.87298483e-05  0
28  4.64158883e-05  0
28  1.21152766e-04  0
28  7.49894209e-05  0
28  1.95734178e-04  0
28  3.48070059e-03  2.1912e-05
28  1.33352143e-03  5.89293e-06
28  8.25404185e-04  1.51696e-06
28  3.16227766e-04  1.25131e-10
28  2.15443469e-03  1.35121e-05
28  5.10896977e-04  1.12979e-07
28  2.37137371e-02  4.91555e-05
28  9.08517576e-03  3.7697e-05
28  6.18965819e-02  5.72918e-05
28  5.62341325e-03  3.0651e-05
28  1.46779927e-02  4.49231e-05
28  3.83118685e-02  5.40733e-05
28  1.00000000e-01  5.94226e-05
30  1.00000000e-06  0
30  1.61559810e-06  0
30  4.21696503e-06  0
30  2.61015722e-06  0
30  6.81292069e-06  0
30  1.10069417e-05  0
30  4.64158883e-05  0
30  1.77827941e-05  0
30  2.87298483e-05  0
30  7.49894209e-05  0
30  1.21152766e-04  0
30  1.95734178e-04  0
30  1.33352143e-03  4.72464e-06
30  5.62341325e-03  2.34723e-05
30  5.10896977e-04  8.99494e-08
30  3.48070059e-03  1.72672e-05
30  3.16227766e-04  9.98421e-11
30  2.15443469e-03  1.06526e-05
30  8.25404185e-04  1.21472e-06
30  6.18965819e-02  4.47381e-05
30  2.37137371e-02  3.83478e-05
30  9.08517576e-03  2.96671e-05
30  1.46779927e-02  3.50565e-05
30  1.00000000e-01  4.65666e-05
30  3.83118685e-02  4.20483e-05
32  1.61559810e-06  0
32  1.00000000e-06  0
32  2.61015722e-06  0
32  4.21696503e-06  0
32  6.81292069e-06  0
32  1.10069417e-05  0
32  1.77827941e-05  0
32  2.87298483e-05  0
32  7.49894209e-05  0
32  4.64158883e-05  0
32  1.21152766e-04  0
32  1.95734178e-04  0
32  3.16227766e-04  7.36373e-11
32  2.15443469e-03  7.59724e-06
32  3.48070059e-03  1.24483e-05
32  8.25404185e-04  8.7983e-07
32  5.10896977e-04  6.60099e-08
32  1.46779927e-02  2.45111e-05
32  1.33352143e-03  3.45534e-06
32  5.62341325e-03  1.72429e-05
32  2.37137371e-02  2.78276e-05
32  9.08517576e-03  2.1077e-05
32  3.83118685e-02  2.99177e-05
32  1.00000000e-01  3.33281e-05
32  6.18965819e-02  3.09063e-05
4  1.00000000e-06  0
4  1.61559810e-06  0
4  2.61015722e-06  0
4  4.21696503e-06  0
4  1.10069417e-05  0
4  6.81292069e-06  0
4  2.87298483e-05  0
4  1.77827941e-05  0
4  1.95734178e-04  0
4  7.49894209e-05  0
4  4.64158883e-05  0
4  1.21152766e-04  0
4  5.10896977e-04  2.18373e-07
4  8.25404185e-04  2.95231e-06
4  3.48070059e-03  4.3904e-05
4  3.16227766e-04  2.43439e-10
4  1.33352143e-03  1.18857e-05
4  2.15443469e-03  2.70697e-05
4  9.08517576e-03  7.65564e-05
4  3.83118685e-02  0.000111988
4  1.46779927e-02  9.1478e-05
4  6.18965819e-02  0.000119533
4  5.62341325e-03  6.2466e-05
4  2.37137371e-02  9.95185e-05
4  1.00000000e-01  0.000121292
6  1.00000000e-06  0
6  1.61559810e-06  0
6  2.61015722e-06  0
6  4.21696503e-06  0
6  6.81292069e-06  0
6  1.77827941e-05  0
6  1.10069417e-05  0
6  2.87298483e-05  0
6  4.64158883e-05  0
6  7.49894209e-05  0
6  1.95734178e-04  0
6  1.21152766e-04  0
6  3.48070059e-03  4.3764e-05
6  5.10896977e-04  2.17744e-07
6  3.16227766e-04  2.40313e-10
6  5.62341325e-03  5.96747e-05
6  2.15443469e-03  2.67429e-05
6  1.33352143e-03  1.17682e-05
6  9.08517576e-03  7.43354e-05
6  8.25404185e-04  2.97029e-06
6  6.18965819e-02  0.000115884
6  2.37137371e-02  0.000102184
6  1.46779927e-02  9.00474e-05
6  3.83118685e-02  0.000108067
6  1.00000000e-01  0.000119337
8  1.00000000e-06  0
8  2.61015722e-06  0
8  1.61559810e-06  0
8  6.81292069e-06  0
8  4.21696503e-06  0
8  1.10069417e-05  0
8  1.77827941e-05  0
8  2.87298483e-05  0
8  4.64158883e-05  0
8  7.49894209e-05  0
8  1.21152766e-04  0
8  1.95734178e-04  0
8  5.10896977e-04  2.14727e-07
8  3.16227766e-04  2.36777e-10
8  1.33352143e-03  1.14883e-05
8  3.48070059e-03  4.33977e-05
8  8.25404185e-04  2.93073e-06
8  5.62341325e-03  5.92755e-05
8  1.46779927e-02  8.70807e-05
8  3.83118685e-02  0.000110206
8  2.15443469e-03  2.64695e-05
8  9.08517576e-03  7.35528e-05
8  2.37137371e-02  9.66703e-05
8  6.18965819e-02  0.00011412
8  1.00000000e-01  0.000117723
