# exclusive D0 cross section, Pb target, KniehlKramer fragmentation, An0n channel
# generated      : 2026-08-25 16:03:52 EEST
# calls          : 1e5 below 3.0 GeV, 2e3 above (see EXCL_PT_THRESHOLD) (VEGAS calls per point, see CALLS_EXCL/CALLS_EXCL_FACTORIZED/CALLS_DIFF)
# dipole samples : data/Pb/mve/glauber_mve_<b>
# pD0 sweep      : 8.0 8.5 9.0 9.5 10.0 10.5 11.0 11.5 12.0
# fixed rapidity y : -3.0
# ============================================================
# b  pD0  dsigma_dyd2pD0
0  0.2  3.2179
0  0.3  2.33751
0  0.4  1.69089
0  0.5  1.2157
0  0.6  0.871228
0  0.7  0.622678
0  0.8  0.443622
0  0.9  0.314402
0  1.0  0.224288
0  1.1  0.160627
0  1.2  0.117896
0  1.3  0.0852812
0  1.4  0.0609868
0  1.5  0.0446605
0  1.7  0.0245222
0  1.6  0.033367
0  1.8  0.0185527
0  1.9  0.0139006
0  2.0  0.0107385
0  2.5  0.00282513
0  3.0  0.000849556
0  3.5  0.000288964
0  4.0  0.000108933
0  4.5  4.50578e-05
0  5.0  2.00952e-05
0  5.5  9.53454e-06
0  6.0  4.78399e-06
0  6.5  2.54147e-06
0  7.0  1.38825e-06
0  7.5  7.8999e-07
10  0.2  3.00215
10  0.3  2.17483
10  0.4  1.57002
10  0.5  1.12806
10  0.6  0.80573
10  0.7  0.574039
10  0.8  0.40596
10  0.9  0.288266
10  1.0  0.206759
10  1.1  0.147823
10  1.2  0.105471
10  1.3  0.0760324
10  1.4  0.055056
10  1.5  0.0405273
10  1.6  0.0294984
10  1.7  0.0224014
10  1.8  0.0170767
10  1.9  0.0122734
10  2.0  0.0099039
10  2.5  0.00246953
10  3.0  0.000764829
10  3.5  0.000258792
10  4.0  9.80834e-05
10  4.5  4.05793e-05
10  5.0  1.81131e-05
10  5.5  8.58138e-06
10  6.0  4.28544e-06
10  6.5  2.29346e-06
10  7.0  1.24772e-06
10  7.5  7.23844e-07
12  0.2  2.90101
12  0.3  2.10142
12  0.4  1.51807
12  0.5  1.08651
12  0.6  0.77442
12  0.7  0.54999
12  0.8  0.39061
12  0.9  0.276172
12  1.0  0.197877
12  1.1  0.141558
12  1.2  0.101938
12  1.3  0.0744164
12  1.4  0.0538628
12  1.5  0.0391491
12  1.6  0.0285163
12  1.7  0.022289
12  1.8  0.0166631
12  1.9  0.0123713
12  2.0  0.00942732
12  2.5  0.0027647
12  3.0  0.000725607
12  3.5  0.000246648
12  4.5  3.80439e-05
12  4.0  9.3331e-05
12  5.0  1.7223e-05
12  5.5  8.18544e-06
12  6.0  4.13726e-06
12  6.5  2.15691e-06
12  7.0  1.19772e-06
12  7.5  6.83623e-07
14  0.2  2.788
14  0.3  2.0123
14  0.4  1.44992
14  0.5  1.03848
14  0.6  0.737204
14  0.7  0.52487
14  0.8  0.370868
14  0.9  0.26238
14  1.0  0.186379
14  1.1  0.133669
14  1.2  0.0966036
14  1.3  0.0701817
14  1.4  0.0506028
14  1.5  0.0372971
14  1.6  0.0278968
14  1.7  0.0203687
14  1.8  0.015022
14  1.9  0.0114191
14  2.0  0.00841123
14  2.5  0.00255389
14  3.0  0.000677713
14  3.5  0.000231961
14  4.0  8.76119e-05
14  4.5  3.61338e-05
14  5.0  1.62263e-05
14  6.0  3.7943e-06
14  5.5  7.72265e-06
14  6.5  2.02738e-06
14  7.5  6.36007e-07
14  7.0  1.1296e-06
16  0.2  2.63894
16  0.3  1.9058
16  0.4  1.37125
16  0.5  0.97899
16  0.6  0.696094
16  0.7  0.493793
16  0.8  0.348058
16  0.9  0.246022
16  1.0  0.173954
16  1.1  0.12401
16  1.2  0.0886025
16  1.3  0.0637306
16  1.4  0.0461934
16  1.5  0.0336934
16  1.6  0.0248361
16  1.7  0.0181983
16  1.8  0.0141958
16  1.9  0.0107613
16  2.0  0.00789766
16  2.5  0.00190155
16  3.0  0.000627559
16  3.5  0.000214359
16  4.5  3.30253e-05
16  4.0  8.11557e-05
16  5.0  1.50303e-05
16  6.0  3.51152e-06
16  5.5  7.131e-06
16  6.5  1.87575e-06
16  7.0  1.01662e-06
16  7.5  5.90259e-07
18  0.2  2.47274
18  0.3  1.78051
18  0.4  1.27743
18  0.5  0.909612
18  0.6  0.645743
18  0.7  0.455454
18  0.8  0.321751
18  0.9  0.226669
18  1.0  0.160081
18  1.1  0.114886
18  1.2  0.0828219
18  1.3  0.0590112
18  1.4  0.0432541
18  1.5  0.0305985
18  1.6  0.0225645
18  1.7  0.0169428
18  1.8  0.0131577
18  1.9  0.0098243
18  2.0  0.00731332
18  2.5  0.00213033
18  3.0  0.000572422
18  3.5  0.000194848
18  4.5  3.0105e-05
18  4.0  7.37756e-05
18  5.0  1.3616e-05
18  6.0  3.19517e-06
18  5.5  6.48648e-06
18  6.5  1.70808e-06
18  7.0  9.19058e-07
18  7.5  5.48098e-07
2  0.2  3.20823
2  0.3  2.32936
2  0.4  1.68532
2  0.5  1.21428
2  0.6  0.869897
2  0.7  0.620291
2  0.8  0.440333
2  0.9  0.313268
2  1.0  0.225837
2  1.1  0.159617
2  1.2  0.11742
2  1.3  0.0833311
2  1.4  0.0602151
2  1.5  0.0444433
2  1.6  0.0336913
2  1.7  0.0246725
2  1.8  0.019203
2  1.9  0.0143112
2  2.0  0.0109633
2  2.5  0.00294221
2  3.0  0.000844669
2  3.5  0.000287945
2  4.0  0.000108512
2  4.5  4.49736e-05
2  5.0  2.00201e-05
2  5.5  9.51834e-06
2  6.0  4.77082e-06
2  6.5  2.52934e-06
2  7.0  1.38484e-06
2  7.5  7.85585e-07
20  0.2  2.27478
20  0.3  1.63457
20  0.4  1.16998
20  0.5  0.829475
20  0.6  0.587512
20  0.7  0.414446
20  0.8  0.290922
20  0.9  0.204052
20  1.0  0.14421
20  1.1  0.10317
20  1.2  0.0744477
20  1.3  0.053339
20  1.4  0.0386276
20  1.5  0.0280919
20  1.6  0.0201135
20  1.7  0.0155985
20  1.8  0.0115225
20  1.9  0.00864002
20  2.0  0.00656465
20  2.5  0.00154961
20  3.0  0.000504518
20  3.5  0.000173217
20  4.5  2.67065e-05
20  4.0  6.43685e-05
20  5.0  1.21095e-05
20  5.5  5.77233e-06
20  6.0  2.89718e-06
20  6.5  1.54041e-06
20  7.0  8.46779e-07
20  7.5  4.79154e-07
22  0.2  2.04175
22  0.3  1.46317
22  0.4  1.04334
22  0.5  0.738966
22  0.6  0.519992
22  0.7  0.364961
22  0.8  0.257301
22  0.9  0.178844
22  1.0  0.125933
22  1.1  0.0889917
22  1.2  0.0642651
22  1.3  0.0455032
22  1.4  0.0324953
22  1.5  0.0246065
22  1.6  0.0175387
22  1.7  0.0132687
22  1.8  0.0100038
22  1.9  0.0074557
22  2.0  0.00565137
22  2.5  0.00141717
22  3.0  0.000433697
22  3.5  0.000148025
22  4.0  5.6238e-05
22  4.5  2.33573e-05
22  5.0  1.04277e-05
22  5.5  4.98346e-06
22  6.5  1.30488e-06
22  6.0  2.49563e-06
22  7.0  7.30858e-07
22  7.5  4.09998e-07
24  0.2  1.7709
24  0.3  1.26291
24  0.4  0.897032
24  0.5  0.631948
24  0.6  0.443793
24  0.7  0.309238
24  0.8  0.215725
24  0.9  0.150302
24  1.0  0.105263
24  1.1  0.0742045
24  1.2  0.0526725
24  1.3  0.0385142
24  1.4  0.0269328
24  1.5  0.0198064
24  1.6  0.0143858
24  1.7  0.0107465
24  1.8  0.00781691
24  1.9  0.00618468
24  2.0  0.00465743
24  2.5  0.00119372
24  3.0  0.000355124
24  3.5  0.000121584
24  4.0  4.56223e-05
24  4.5  1.91385e-05
24  5.0  8.56898e-06
24  6.0  2.01377e-06
24  5.5  4.09448e-06
24  6.5  1.07894e-06
24  7.5  3.37674e-07
24  7.0  6.0191e-07
26  0.2  1.45546
26  0.3  1.03321
26  0.4  0.72999
26  0.5  0.511288
26  0.6  0.356436
26  0.7  0.248407
26  0.8  0.171443
26  0.9  0.11904
26  1.0  0.0841073
26  1.1  0.0589486
26  1.2  0.0414204
26  1.3  0.0292409
26  1.4  0.0211748
26  1.5  0.0156932
26  1.6  0.0111822
26  1.7  0.00816186
26  1.8  0.00624525
26  1.9  0.00501474
26  2.0  0.00357232
26  2.5  0.000977621
26  3.0  0.00027315
26  3.5  9.30601e-05
26  4.0  3.5439e-05
26  4.5  1.46888e-05
26  5.5  3.10754e-06
26  5.0  6.58319e-06
26  6.5  8.30892e-07
26  6.0  1.58824e-06
26  7.0  4.6344e-07
26  7.5  2.59036e-07
28  0.2  1.10472
28  0.3  0.778897
28  0.4  0.546463
28  0.5  0.379832
28  0.6  0.262672
28  0.7  0.180879
28  0.8  0.125157
28  0.9  0.0859492
28  1.0  0.0594564
28  1.1  0.0413729
28  1.2  0.0296518
28  1.3  0.0206836
28  1.4  0.0152917
28  1.5  0.0106526
28  1.6  0.00770247
28  1.7  0.00579472
28  1.8  0.00424954
28  1.9  0.00334402
28  2.0  0.0024256
28  2.5  0.000611682
28  3.0  0.000185233
28  3.5  6.44068e-05
28  4.5  1.00675e-05
28  4.0  2.45771e-05
28  5.0  4.61267e-06
28  5.5  2.20016e-06
28  6.0  1.11112e-06
28  7.0  3.16695e-07
28  6.5  5.88633e-07
28  7.5  1.80268e-07
30  0.2  0.741982
30  0.3  0.518346
30  0.4  0.360113
30  0.5  0.24841
30  0.6  0.169825
30  0.7  0.115872
30  0.8  0.0794286
30  0.9  0.0545162
30  1.0  0.03757
30  1.1  0.0261884
30  1.2  0.0184664
30  1.3  0.0130882
30  1.4  0.00930886
30  1.5  0.00651067
30  1.6  0.00473194
30  1.7  0.00369736
30  1.8  0.00275548
30  1.9  0.00200781
30  2.0  0.00147105
30  2.5  0.000355159
30  3.5  3.88776e-05
30  3.0  0.000114897
30  4.5  6.18274e-06
30  4.0  1.49641e-05
30  5.0  2.80627e-06
30  5.5  1.33172e-06
30  6.0  6.68847e-07
30  6.5  3.59467e-07
30  7.0  1.98627e-07
30  7.5  1.10264e-07
32  0.2  0.421212
32  0.3  0.291033
32  0.4  0.199724
32  0.5  0.135864
32  0.6  0.0919529
32  0.7  0.0621874
32  0.8  0.0419126
32  0.9  0.028416
32  1.0  0.019326
32  1.1  0.0134298
32  1.2  0.00936555
32  1.3  0.00659037
32  1.4  0.00477948
32  1.5  0.00335878
32  1.6  0.0024823
32  1.7  0.00175365
32  1.8  0.00139807
32  1.9  0.00104355
32  2.0  0.00079784
32  2.5  0.00015652
32  3.0  5.71794e-05
32  3.5  1.98475e-05
32  4.5  3.11458e-06
32  4.0  7.55412e-06
32  5.0  1.42284e-06
32  5.5  6.81389e-07
32  6.0  3.41534e-07
32  7.0  9.9276e-08
32  6.5  1.82724e-07
32  7.5  5.73059e-08
4  0.2  3.18491
4  0.3  2.31224
4  0.4  1.67204
4  0.5  1.20185
4  0.6  0.860797
4  0.7  0.613475
4  0.8  0.436683
4  0.9  0.310427
4  1.0  0.222196
4  1.1  0.15849
4  1.2  0.113844
4  1.3  0.083295
4  1.4  0.0599626
4  1.5  0.0441494
4  1.6  0.0328514
4  1.7  0.0244693
4  1.8  0.0181043
4  1.9  0.0132484
4  2.0  0.0101416
4  2.5  0.00248204
4  3.0  0.000835995
4  3.5  0.000283563
4  4.0  0.000107281
4  4.5  4.44318e-05
4  5.0  1.96915e-05
4  5.5  9.4024e-06
4  6.5  2.46056e-06
4  6.0  4.71119e-06
4  7.0  1.36821e-06
4  7.5  7.76845e-07
6  0.2  3.14221
6  0.3  2.2789
6  0.4  1.64814
6  0.5  1.18375
6  0.6  0.847674
6  0.7  0.603478
6  0.8  0.429393
6  0.9  0.305093
6  1.0  0.217815
6  1.1  0.155628
6  1.2  0.111631
6  1.3  0.0806731
6  1.4  0.0604246
6  1.5  0.0434695
6  1.6  0.0327368
6  1.7  0.023573
6  1.8  0.0180185
6  1.9  0.0130418
6  2.0  0.0107649
6  2.5  0.00244732
6  3.0  0.000818314
6  3.5  0.000276911
6  4.0  0.000105148
6  4.5  4.34759e-05
6  5.0  1.91123e-05
6  5.5  9.21458e-06
6  6.0  4.61979e-06
6  6.5  2.40832e-06
6  7.0  1.336e-06
6  7.5  7.72472e-07
8  0.2  3.08047
8  0.3  2.23382
8  0.4  1.61545
8  0.5  1.15981
8  0.6  0.828397
8  0.7  0.589631
8  0.8  0.419857
8  0.9  0.297196
8  1.0  0.213656
8  1.1  0.151248
8  1.2  0.108997
8  1.3  0.0787196
8  1.4  0.0582675
8  1.5  0.0422033
8  1.6  0.0307461
8  1.7  0.022823
8  1.8  0.0185199
8  1.9  0.0131704
8  2.0  0.00984785
8  2.5  0.00275736
8  3.0  0.000794691
8  3.5  0.000269908
8  4.0  0.000101989
8  4.5  4.21834e-05
8  5.0  1.88097e-05
8  5.5  8.95559e-06
8  6.0  4.49623e-06
8  6.5  2.37963e-06
8  7.0  1.31047e-06
8  7.5  7.51957e-07
0  8.5  2.83132e-07
0  8.0  4.70406e-07
0  9.0  1.76714e-07
0  9.5  1.09888e-07
0  10.0  7.17754e-08
0  10.5  4.7274e-08
0  11.0  3.14763e-08
0  11.5  2.14092e-08
0  12.0  1.45916e-08
10  8.0  4.18874e-07
10  8.5  2.56177e-07
10  9.0  1.59707e-07
10  9.5  1.01791e-07
10  10.5  4.2888e-08
10  10.0  6.51679e-08
10  11.0  2.86377e-08
10  11.5  1.91733e-08
10  12.0  1.31774e-08
12  8.0  4.01824e-07
12  8.5  2.4455e-07
12  9.0  1.49794e-07
12  9.5  9.56657e-08
12  10.0  6.27085e-08
12  11.0  2.73507e-08
12  10.5  4.0905e-08
12  11.5  1.84381e-08
12  12.0  1.26283e-08
14  8.0  3.78267e-07
14  8.5  2.30073e-07
14  9.5  9.01524e-08
14  9.0  1.42949e-07
14  10.0  5.82049e-08
14  10.5  3.86415e-08
14  11.0  2.55448e-08
14  11.5  1.71603e-08
14  12.0  1.18718e-08
16  8.0  3.52094e-07
16  8.5  2.13744e-07
16  9.0  1.3278e-07
16  9.5  8.42608e-08
16  10.5  3.5448e-08
16  10.0  5.40623e-08
16  11.0  2.37413e-08
16  12.0  1.09023e-08
16  11.5  1.60604e-08
18  8.0  3.20598e-07
18  8.5  1.94802e-07
18  9.5  7.4964e-08
18  9.0  1.20657e-07
18  10.0  4.96082e-08
18  10.5  3.25058e-08
18  11.0  2.17003e-08
18  11.5  1.46623e-08
18  12.0  9.9403e-09
2  8.0  4.68807e-07
2  8.5  2.82327e-07
2  9.0  1.75884e-07
2  9.5  1.11514e-07
2  10.0  7.16909e-08
2  10.5  4.73274e-08
2  11.0  3.13198e-08
2  11.5  2.12679e-08
2  12.0  1.43832e-08
20  8.0  2.85437e-07
20  8.5  1.72869e-07
20  9.0  1.07482e-07
20  9.5  6.66382e-08
20  10.0  4.42748e-08
20  11.0  1.92347e-08
20  10.5  2.86625e-08
20  11.5  1.31151e-08
22  8.0  2.40034e-07
20  12.0  8.90739e-09
22  8.5  1.48438e-07
22  9.0  9.29965e-08
22  9.5  5.84898e-08
22  10.0  3.81914e-08
22  11.0  1.66829e-08
22  10.5  2.49475e-08
22  12.0  7.52282e-09
22  11.5  1.1301e-08
24  8.0  1.98079e-07
24  8.5  1.22786e-07
24  9.0  7.67249e-08
24  9.5  4.6775e-08
24  10.0  3.13025e-08
24  10.5  2.04474e-08
24  11.0  1.3735e-08
24  12.0  6.24266e-09
24  11.5  9.31226e-09
26  8.0  1.53046e-07
26  8.5  9.55572e-08
26  9.0  5.86816e-08
26  9.5  3.74127e-08
26  10.0  2.42324e-08
26  11.0  1.06613e-08
26  10.5  1.59743e-08
26  11.5  7.03402e-09
28  8.0  1.071e-07
26  12.0  4.89035e-09
28  8.5  6.71124e-08
28  9.0  4.16224e-08
28  9.5  2.63208e-08
28  10.0  1.69203e-08
28  10.5  1.11186e-08
28  11.0  7.49096e-09
28  11.5  4.94462e-09
28  12.0  3.45731e-09
30  8.0  6.74521e-08
30  8.5  4.03524e-08
30  9.0  2.54023e-08
30  9.5  1.61066e-08
30  10.0  1.03993e-08
30  10.5  6.81201e-09
30  11.0  4.54932e-09
30  11.5  3.10473e-09
30  12.0  2.10541e-09
32  8.0  3.41499e-08
32  8.5  2.06444e-08
32  9.0  1.29076e-08
32  9.5  8.05485e-09
32  10.0  5.27538e-09
32  11.0  2.37374e-09
32  10.5  3.47697e-09
32  11.5  1.56055e-09
32  12.0  1.0721e-09
4  8.0  4.62913e-07
4  8.5  2.77102e-07
4  9.0  1.74062e-07
4  9.5  1.10463e-07
4  10.0  7.08236e-08
4  11.0  3.09932e-08
4  10.5  4.67364e-08
4  11.5  2.08983e-08
4  12.0  1.43238e-08
6  8.0  4.54245e-07
6  8.5  2.74324e-07
6  9.0  1.70947e-07
6  9.5  1.08432e-07
6  10.0  6.94523e-08
6  10.5  4.5985e-08
6  11.0  3.05324e-08
6  12.0  1.38236e-08
6  11.5  2.0512e-08
8  8.0  4.39853e-07
8  8.5  2.65122e-07
8  9.0  1.66081e-07
8  9.5  1.05092e-07
8  10.0  6.78554e-08
8  10.5  4.46104e-08
8  11.0  2.96386e-08
8  11.5  2.00249e-08
8  12.0  1.37302e-08
