# exclusive D0 cross section, Pb target, LHAPDF fragmentation, An0n channel
# generated      : 2026-08-21 10:10:55 EEST
# calls          : 1e5 below 4.0 GeV, 2e3 above (see EXCL_PT_THRESHOLD) (VEGAS calls per point, see CALLS_EXCL/CALLS_EXCL_FACTORIZED/CALLS_DIFF)
# dipole samples : data/Pb/mve/glauber_mve_<b>
# pD0 sweep      : 0.2 0.3 0.4 0.5 0.6 0.7 0.8 0.9 1.0 1.1 1.2 1.3 1.4 1.5 1.6 1.7 1.8 1.9 2.0 2.5 3.0 3.5 4.0 4.5 5.0 5.5 6.0 6.5 7.0 7.5 8.0 8.5 9.0 9.5 10.0 10.5 11.0 11.5 12.0
# fixed rapidity y : 2.5
# ============================================================
# b  pD0  dsigma_dyd2pD0
0  0.2  1.07266
0  0.3  0.859065
0  0.5  0.493076
0  0.4  0.660965
0  0.6  0.359028
0  0.7  0.257352
0  0.8  0.182326
0  0.9  0.128342
0  1.0  0.0902387
0  1.2  0.0445756
0  1.1  0.063328
0  1.4  0.0223376
0  1.3  0.0314668
0  1.5  0.0158867
0  1.6  0.0112476
0  1.7  0.00805243
0  1.8  0.00594249
0  1.9  0.00421106
0  2.0  0.00304589
0  2.5  0.00066848
0  3.0  0.000155452
0  3.5  4.83919e-05
0  4.0  1.33635e-05
0  4.5  4.28548e-06
0  5.0  1.47151e-06
0  5.5  5.37556e-07
0  6.0  2.06902e-07
0  6.5  8.3566e-08
0  7.0  3.52135e-08
0  7.5  1.53885e-08
0  8.0  6.97784e-09
0  8.5  3.26228e-09
0  9.0  1.56688e-09
0  9.5  7.72235e-10
0  10.0  3.89702e-10
0  10.5  2.00995e-10
10  0.2  1.02669
10  0.3  0.821208
10  0.4  0.63076
10  0.5  0.469627
0  11.0  1.05706e-10
10  0.6  0.341338
10  0.7  0.2438
10  0.9  0.121557
10  0.8  0.172687
10  1.0  0.0851184
10  1.1  0.059778
10  1.2  0.0419183
10  1.3  0.0295027
10  1.4  0.0209033
10  1.5  0.0148312
0  11.5  5.658e-11
10  1.6  0.0105213
10  1.7  0.00758195
10  1.8  0.00555928
10  1.9  0.00392422
10  2.0  0.00286515
10  3.0  0.000132785
10  2.5  0.000629664
10  3.5  3.89365e-05
0  12.0  3.08548e-11
10  4.0  1.23117e-05
10  4.5  3.94136e-06
10  5.0  1.35262e-06
10  5.5  4.93369e-07
10  6.0  1.89663e-07
10  6.5  7.65034e-08
10  7.0  3.22223e-08
10  7.5  1.40972e-08
10  8.0  6.38194e-09
10  8.5  2.97856e-09
10  9.0  1.43028e-09
10  9.5  7.05037e-10
10  10.0  3.55158e-10
10  10.5  1.83193e-10
12  0.2  1.00532
12  0.3  0.803728
12  0.4  0.616897
12  0.5  0.458977
12  0.6  0.333214
10  11.0  9.63063e-11
12  0.7  0.237697
12  0.8  0.168291
10  12.0  2.82715e-11
12  0.9  0.118169
12  1.0  0.0828225
12  1.1  0.0579906
12  1.2  0.0406659
12  1.4  0.0203315
12  1.3  0.0286625
12  1.5  0.0143487
12  1.6  0.0102017
12  1.7  0.00728018
10  11.5  5.15676e-11
12  1.8  0.00538286
12  2.0  0.00278807
12  1.9  0.00381246
12  2.5  0.000606633
12  3.0  0.000156166
12  3.5  3.88841e-05
12  4.0  1.18435e-05
12  4.5  3.78963e-06
12  5.0  1.29877e-06
12  5.5  4.73826e-07
12  6.0  1.81967e-07
12  6.5  7.33619e-08
12  7.0  3.08927e-08
12  7.5  1.3511e-08
12  8.0  6.11347e-09
12  8.5  2.85321e-09
12  9.0  1.36944e-09
12  9.5  6.74966e-10
12  10.0  3.39707e-10
12  10.5  1.75322e-10
14  0.2  0.978896
14  0.3  0.781242
14  0.4  0.599968
14  0.5  0.44566
14  0.6  0.323115
12  11.0  9.21443e-11
14  0.7  0.230621
14  0.8  0.162593
12  12.0  2.69231e-11
14  0.9  0.114258
14  1.1  0.0560559
14  1.0  0.0799213
14  1.2  0.0392345
14  1.3  0.0275686
14  1.4  0.0194604
14  1.5  0.0137976
14  1.6  0.00978855
14  1.7  0.00701334
14  1.8  0.00518319
12  11.5  4.93386e-11
14  1.9  0.00365868
14  2.0  0.00267697
14  2.5  0.00057607
14  3.0  0.000149793
14  3.5  4.1279e-05
14  4.0  1.12833e-05
14  4.5  3.60483e-06
14  5.5  4.52802e-07
14  5.0  1.23471e-06
14  6.0  1.72825e-07
14  6.5  6.97152e-08
14  7.0  2.93035e-08
14  7.5  1.28187e-08
14  8.0  5.7924e-09
14  8.5  2.70231e-09
14  9.0  1.29731e-09
14  9.5  6.38801e-10
14  10.0  3.21562e-10
14  10.5  1.67048e-10
16  0.2  0.94698
16  0.3  0.755887
14  11.0  8.71344e-11
16  0.4  0.5789
16  0.5  0.429746
16  0.6  0.311128
16  0.7  0.221802
16  0.8  0.156395
16  0.9  0.109524
16  1.0  0.0765581
16  1.1  0.0536229
16  1.2  0.0375207
16  1.3  0.0263199
16  1.4  0.0185562
16  1.5  0.013127
16  1.6  0.0094376
14  11.5  4.66688e-11
14  12.0  2.54547e-11
16  1.7  0.00683748
16  1.8  0.00490261
16  1.9  0.00345664
16  2.0  0.00253441
16  2.5  0.000537588
16  3.5  3.71528e-05
16  3.0  0.000137743
16  4.0  1.06155e-05
16  4.5  3.38864e-06
16  5.5  4.28368e-07
16  5.0  1.15983e-06
16  6.0  1.62057e-07
16  6.5  6.52459e-08
16  7.0  2.74328e-08
16  7.5  1.20045e-08
16  8.0  5.41886e-09
16  8.5  2.52814e-09
16  9.0  1.21243e-09
16  9.5  5.94782e-10
16  10.0  3.00329e-10
16  10.5  1.54809e-10
18  0.2  0.908543
16  11.0  8.12943e-11
18  0.3  0.723998
18  0.4  0.553978
18  0.5  0.410284
16  12.0  2.38836e-11
18  0.6  0.296808
18  0.7  0.211122
18  0.8  0.148487
18  0.9  0.10392
18  1.0  0.0725449
18  1.2  0.0354898
18  1.1  0.0506511
18  1.4  0.017561
18  1.3  0.0248693
18  1.5  0.0123502
16  11.5  4.3517e-11
18  1.6  0.00888218
18  1.7  0.00630031
18  1.8  0.0046123
18  2.5  0.000507979
18  1.9  0.0032388
18  2.0  0.00235838
18  3.0  0.000112598
18  3.5  3.63259e-05
18  4.0  9.84277e-06
18  4.5  3.13804e-06
18  5.0  1.0726e-06
18  5.5  3.90191e-07
18  6.0  1.49758e-07
18  6.5  6.01877e-08
18  7.0  2.52962e-08
18  7.5  1.10506e-08
18  8.0  4.98739e-09
18  8.5  2.32579e-09
18  9.0  1.11449e-09
18  9.5  5.50367e-10
18  10.5  1.42791e-10
18  10.0  2.76006e-10
2  0.2  1.07083
2  0.3  0.85749
2  0.4  0.660094
2  0.5  0.492165
18  11.0  7.46173e-11
2  0.6  0.358345
2  0.7  0.256843
2  0.8  0.181924
18  12.0  2.20024e-11
2  0.9  0.128302
2  1.0  0.0900411
2  1.1  0.0632017
2  1.2  0.0444571
2  1.3  0.0313718
2  1.4  0.0222644
2  1.5  0.0158337
2  1.6  0.0112252
2  1.7  0.00803458
2  1.8  0.00592742
18  11.5  3.99058e-11
2  1.9  0.00419925
2  2.0  0.00304202
2  3.0  0.000152111
2  2.5  0.00067062
2  3.5  4.86707e-05
2  4.0  1.3322e-05
2  4.5  4.27184e-06
2  5.0  1.46677e-06
2  5.5  5.35814e-07
2  6.0  2.062e-07
2  6.5  8.33822e-08
2  7.0  3.50952e-08
2  7.5  1.53682e-08
2  8.0  6.95406e-09
2  8.5  3.27747e-09
2  9.0  1.56145e-09
2  9.5  7.69557e-10
2  10.0  3.88338e-10
2  10.5  2.00288e-10
20  0.2  0.862476
20  0.3  0.68547
20  0.4  0.524039
20  0.5  0.387414
20  0.6  0.279739
2  11.0  1.05332e-10
20  0.7  0.198442
2  12.0  3.09325e-11
20  0.8  0.139378
20  0.9  0.0974466
20  1.0  0.0679051
20  1.1  0.04724
20  1.2  0.0329437
20  1.3  0.0231235
20  1.4  0.0162915
2  11.5  5.63713e-11
20  1.5  0.0114392
20  1.6  0.00811204
20  1.7  0.00578254
20  1.8  0.00426028
20  1.9  0.00298518
20  2.0  0.00215891
20  2.5  0.000464631
20  3.0  0.00010165
20  3.5  3.02747e-05
20  4.5  2.8617e-06
20  4.0  8.9578e-06
20  5.0  9.72751e-07
20  6.0  1.35799e-07
20  5.5  3.53496e-07
20  6.5  5.44823e-08
20  7.0  2.28474e-08
20  7.5  9.97712e-09
20  8.0  4.4959e-09
20  8.5  2.09162e-09
20  9.0  1.01178e-09
20  9.5  4.93249e-10
20  10.0  2.48354e-10
20  10.5  1.27804e-10
22  0.2  0.806486
22  0.3  0.63938
22  0.4  0.487882
22  0.5  0.359672
22  0.6  0.258924
22  0.7  0.18299
22  0.8  0.128338
20  11.0  6.7055e-11
22  0.9  0.0895258
22  1.0  0.0621605
22  1.1  0.0432103
22  1.2  0.030096
22  1.3  0.0211209
22  1.4  0.014745
22  1.5  0.0103835
22  1.6  0.00734012
22  1.7  0.00536528
22  1.8  0.00378183
20  11.5  3.58515e-11
22  1.9  0.00268809
22  2.0  0.00194136
22  3.0  9.00283e-05
22  2.5  0.000418651
22  3.5  2.97514e-05
20  12.0  1.9494e-11
22  4.0  7.94562e-06
22  4.5  2.5238e-06
22  5.0  8.59336e-07
22  6.5  4.82402e-08
22  5.5  3.11503e-07
22  6.0  1.1932e-07
22  7.0  2.00746e-08
22  7.5  8.74082e-09
22  8.0  3.94178e-09
22  8.5  1.83412e-09
22  9.0  8.78223e-10
22  10.0  2.15712e-10
22  9.5  4.31379e-10
22  11.5  3.14647e-11
22  10.5  1.11581e-10
24  0.2  0.737541
24  0.3  0.583965
24  0.4  0.443883
24  0.5  0.326476
24  0.6  0.23413
22  11.0  5.84908e-11
24  0.7  0.165123
24  0.8  0.115283
24  0.9  0.0800552
24  1.0  0.0555456
24  1.1  0.0384493
24  1.2  0.0267245
24  1.3  0.0186546
24  1.5  0.00925971
24  1.4  0.0130425
24  1.6  0.00653808
24  1.7  0.00467809
24  1.8  0.00338661
24  1.9  0.00236342
24  2.0  0.00171406
24  2.5  0.000367385
24  3.0  8.23883e-05
24  3.5  2.49307e-05
22  12.0  1.69904e-11
24  4.5  2.15888e-06
24  4.0  6.79661e-06
24  5.5  2.67187e-07
24  5.0  7.31924e-07
24  6.5  4.07689e-08
24  6.0  1.01149e-07
24  7.0  1.69533e-08
24  8.0  3.35637e-09
24  7.5  7.38316e-09
24  8.5  1.5437e-09
24  9.0  7.38255e-10
24  9.5  3.62146e-10
24  10.5  9.40274e-11
24  10.0  1.82029e-10
26  0.2  0.653799
26  0.3  0.515866
24  11.0  4.90654e-11
26  0.4  0.390537
26  0.5  0.28593
26  0.6  0.204181
26  0.7  0.143325
26  0.8  0.0996215
26  0.9  0.0688071
26  1.0  0.0475254
26  1.1  0.032892
26  1.2  0.022778
26  1.3  0.0158016
26  1.5  0.00779484
26  1.4  0.0110223
26  1.6  0.0055095
24  11.5  2.61593e-11
26  1.7  0.0039445
26  1.8  0.00274708
26  1.9  0.00195335
26  2.5  0.000282853
26  2.0  0.00142105
26  3.0  7.84064e-05
26  3.5  1.93877e-05
24  12.0  1.41822e-11
26  4.0  5.51865e-06
26  4.5  1.73979e-06
26  5.0  5.89499e-07
26  5.5  2.12539e-07
26  6.0  8.10506e-08
26  6.5  3.24842e-08
26  7.0  1.35644e-08
26  7.5  5.88001e-09
26  8.0  2.64424e-09
26  8.5  1.22522e-09
26  9.0  5.85049e-10
26  10.0  1.44855e-10
26  9.5  2.86754e-10
26  10.5  7.38488e-11
28  0.2  0.551736
28  0.3  0.433435
28  0.4  0.326322
26  11.0  3.87049e-11
28  0.5  0.237483
28  0.6  0.168235
28  0.7  0.117712
28  0.8  0.0811584
28  0.9  0.0558637
28  1.0  0.0382812
28  1.1  0.0263951
28  1.2  0.0181793
28  1.3  0.0125897
28  1.4  0.0087371
28  1.6  0.00429287
28  1.5  0.00607691
28  1.7  0.00309974
28  1.8  0.00215594
28  1.9  0.00156044
28  2.0  0.00110825
26  11.5  2.05918e-11
28  2.5  0.000219557
28  3.0  5.44797e-05
28  3.5  1.38915e-05
26  12.0  1.11658e-11
28  4.0  4.14749e-06
28  4.5  1.30087e-06
28  5.0  4.3812e-07
28  6.0  6.0497e-08
28  6.5  2.40564e-08
28  5.5  1.57624e-07
28  7.0  9.92547e-09
28  7.5  4.30332e-09
28  8.0  1.92868e-09
28  8.5  8.93631e-10
28  9.0  4.24999e-10
28  9.5  2.08088e-10
28  10.0  1.0422e-10
28  10.5  5.33423e-11
30  0.2  0.433171
30  0.3  0.33837
30  0.4  0.252744
30  0.5  0.182449
30  0.6  0.128407
30  0.7  0.0889189
30  0.8  0.0610242
30  0.9  0.0416795
30  1.0  0.0283725
28  11.0  2.78801e-11
30  1.1  0.019379
30  1.2  0.0132413
30  1.3  0.00910669
30  1.4  0.0062944
30  1.5  0.00437262
30  1.6  0.00308901
30  1.7  0.00218863
30  1.8  0.00153387
30  2.0  0.000792223
30  1.9  0.00108469
28  11.5  1.48276e-11
30  2.5  0.000160347
30  3.0  3.8211e-05
30  3.5  9.67091e-06
28  12.0  8.03499e-12
30  4.0  2.7794e-06
30  4.5  8.66678e-07
30  5.0  2.90205e-07
30  5.5  1.03773e-07
30  6.0  3.92883e-08
30  7.0  6.48625e-09
30  6.5  1.5572e-08
30  8.0  1.25154e-09
30  7.5  2.78886e-09
30  8.5  5.74521e-10
30  9.0  2.73097e-10
30  9.5  1.33149e-10
30  10.0  6.65443e-11
30  10.5  3.40278e-11
32  0.2  0.307761
32  0.3  0.238338
32  0.4  0.176374
32  0.5  0.126
32  0.6  0.0876807
30  11.0  1.7721e-11
32  0.7  0.0600865
32  0.8  0.0408006
32  0.9  0.027543
32  1.0  0.0186057
32  1.1  0.0126059
32  1.2  0.00856595
32  1.3  0.00587282
32  1.4  0.00401525
32  1.5  0.00278661
32  1.7  0.00138875
32  1.6  0.00192033
32  1.8  0.000967038
32  1.9  0.000677103
32  2.0  0.00047659
32  2.5  9.45247e-05
32  3.0  2.21076e-05
30  11.5  9.40763e-12
32  3.5  5.78292e-06
30  12.0  5.09026e-12
32  4.0  1.61261e-06
32  4.5  4.97718e-07
32  5.0  1.65281e-07
32  6.0  2.20509e-08
32  5.5  5.86329e-08
32  6.5  8.68036e-09
32  7.0  3.57859e-09
32  8.0  6.84641e-10
32  7.5  1.53778e-09
32  9.5  7.25502e-11
32  8.5  3.14257e-10
32  9.0  1.48688e-10
32  10.0  3.60498e-11
32  10.5  1.83277e-11
4  0.2  1.06554
4  0.3  0.852898
32  11.0  9.52525e-12
4  0.4  0.657113
4  0.5  0.489417
4  0.6  0.35626
4  0.7  0.255302
4  0.8  0.180804
4  0.9  0.127465
4  1.0  0.0894883
4  1.2  0.0441456
4  1.1  0.0627597
4  1.3  0.0311587
4  1.4  0.0221192
4  1.5  0.0157078
4  1.6  0.0111431
4  1.8  0.00588276
4  1.7  0.00797422
32  11.5  5.04931e-12
4  1.9  0.00415655
4  2.0  0.0030663
4  2.5  0.000663912
4  3.0  0.000169145
4  3.5  4.30859e-05
32  12.0  2.7194e-12
4  4.0  1.31955e-05
4  4.5  4.23077e-06
4  5.0  1.45264e-06
4  5.5  5.30641e-07
4  6.0  2.0416e-07
4  6.5  8.24225e-08
4  7.0  3.47362e-08
4  7.5  1.52117e-08
4  8.0  6.88326e-09
4  8.5  3.21763e-09
4  9.0  1.54516e-09
4  9.5  7.61579e-10
4  10.0  3.84123e-10
4  10.5  1.9809e-10
6  0.2  1.05661
6  0.3  0.845492
6  0.4  0.650557
6  0.5  0.484827
6  0.6  0.352839
4  11.0  1.0421e-10
6  0.7  0.252536
4  12.0  3.05542e-11
6  0.8  0.178911
6  0.9  0.125859
6  1.0  0.0883693
6  1.1  0.0620783
6  1.2  0.0436294
6  1.3  0.030776
6  1.4  0.0218656
6  1.5  0.0154156
6  1.6  0.0109913
6  1.7  0.00805941
4  11.5  5.57883e-11
6  1.8  0.00580838
6  1.9  0.00410064
6  2.0  0.00297454
6  2.5  0.00066465
6  3.0  0.000165025
6  3.5  4.78693e-05
6  4.0  1.29872e-05
6  4.5  4.16188e-06
6  5.0  1.42874e-06
6  5.5  5.21804e-07
6  6.0  2.00663e-07
6  6.5  8.10731e-08
6  7.0  3.41461e-08
6  7.5  1.49467e-08
6  8.0  6.76361e-09
6  8.5  3.16148e-09
6  9.0  1.51927e-09
6  9.5  7.48125e-10
6  10.0  3.77438e-10
6  10.5  1.95148e-10
8  0.2  1.04372
8  0.3  0.83476
6  11.0  1.02334e-10
8  0.4  0.641834
8  0.5  0.478283
6  12.0  2.99825e-11
8  0.6  0.347472
8  0.7  0.249076
8  0.8  0.176165
8  0.9  0.124175
8  1.1  0.061107
8  1.0  0.0869485
8  1.2  0.0429075
8  1.3  0.0301612
8  1.4  0.0214466
6  11.5  5.47895e-11
8  1.5  0.0151188
8  1.6  0.0107851
8  1.8  0.00570123
8  1.7  0.00772635
8  1.9  0.00401891
8  2.0  0.00292104
8  2.5  0.000632869
8  3.0  0.000144864
8  3.5  4.8504e-05
8  4.5  4.10112e-06
8  4.0  1.26932e-05
8  5.0  1.39547e-06
8  5.5  5.09383e-07
8  6.0  1.96058e-07
8  6.5  7.90922e-08
8  7.0  3.33108e-08
8  7.5  1.45736e-08
8  8.0  6.59592e-09
8  8.5  3.08136e-09
8  9.0  1.4798e-09
8  9.5  7.30442e-10
8  10.0  3.67411e-10
8  10.5  1.8963e-10
8  11.0  9.97017e-11
8  12.0  2.92436e-11
8  11.5  5.33931e-11
