# exclusive D0 cross section, Pb target, BCFY fragmentation, An0n channel
# generated      : 2026-08-18 14:38:41 EEST
# calls          : 1e5 below 3.0 GeV, 2e3 above (see EXCL_PT_THRESHOLD) (VEGAS calls per point, see CALLS_EXCL/CALLS_EXCL_FACTORIZED/CALLS_DIFF)
# dipole samples : data/Pb/mve/glauber_mve_<b>
# pD0 sweep      : 0.2 to 12.0 GeV, step 0.5
# fixed rapidity y : 0.0
# ============================================================
# b  pD0  dsigma_dyd2pD0
0  0.2  5.28853
0  1.7  0.13271
0  0.7  1.83175
0  1.2  0.491779
0  2.2  0.0381357
0  2.7  0.0117573
0  3.2  0.00398378
0  5.2  0.000106744
0  4.2  0.000573272
0  4.7  0.0002406
0  6.2  2.47061e-05
0  3.7  0.00146545
0  5.7  5.00612e-05
0  7.7  3.67761e-06
0  6.7  1.26004e-05
0  7.2  6.72275e-06
0  8.2  2.09839e-06
0  9.2  7.41676e-07
0  8.7  1.23428e-06
10  0.2  5.01639
10  0.7  1.71853
10  1.2  0.458195
10  1.7  0.120833
10  2.2  0.0349097
0  9.7  4.553e-07
10  2.7  0.0108354
0  10.2  2.86636e-07
10  3.7  0.00133693
0  10.7  1.80959e-07
10  3.2  0.00365922
0  11.2  1.20817e-07
10  4.7  0.000218359
0  11.7  8.05607e-08
10  5.2  9.73721e-05
10  4.2  0.000523337
10  6.2  2.23494e-05
10  7.2  6.12274e-06
10  5.7  4.55333e-05
10  6.7  1.14333e-05
10  8.7  1.11758e-06
10  8.2  1.90904e-06
10  7.7  3.35087e-06
10  9.2  6.723e-07
12  0.2  4.88675
12  0.7  1.67435
12  1.2  0.443894
10  9.7  4.12984e-07
12  1.7  0.11626
12  2.2  0.0334165
12  2.7  0.0107801
10  10.2  2.59968e-07
10  10.7  1.66911e-07
10  11.2  1.09459e-07
12  3.2  0.0035026
12  4.7  0.000209363
10  11.7  7.29726e-08
12  4.2  0.000500806
12  3.7  0.00127938
12  6.2  2.13325e-05
12  5.2  9.28713e-05
12  5.7  4.35317e-05
12  6.7  1.09536e-05
12  7.2  5.83201e-06
12  8.7  1.05797e-06
12  8.2  1.82505e-06
12  7.7  3.21057e-06
12  9.2  6.40295e-07
12  9.7  3.95685e-07
14  0.2  4.73196
14  1.2  0.425639
14  0.7  1.61325
14  1.7  0.111476
12  10.2  2.4811e-07
14  2.2  0.0318197
14  2.7  0.0101788
14  3.2  0.00331471
12  10.7  1.59212e-07
14  3.7  0.00120619
12  11.2  1.04416e-07
14  4.2  0.000473313
12  11.7  6.96257e-08
14  4.7  0.000198951
14  5.7  4.11605e-05
14  5.2  8.81209e-05
14  7.2  5.49134e-06
14  6.7  1.03388e-05
14  7.7  2.99473e-06
14  6.2  2.0289e-05
14  8.7  9.94947e-07
14  8.2  1.71881e-06
14  9.2  6.03849e-07
14  9.7  3.72902e-07
16  0.2  4.54547
16  0.7  1.54131
16  1.2  0.403072
16  1.7  0.104859
16  2.2  0.0306684
14  10.2  2.34004e-07
16  2.7  0.00891778
16  3.2  0.00310555
14  10.7  1.50151e-07
16  3.7  0.0011286
14  11.2  9.84692e-08
16  4.2  0.000440996
14  11.7  6.55054e-08
16  5.2  8.21033e-05
16  7.2  5.09447e-06
16  4.7  0.000185389
16  7.7  2.78884e-06
16  5.7  3.84224e-05
16  6.7  9.63564e-06
16  6.2  1.88922e-05
16  8.2  1.60086e-06
16  8.7  9.33235e-07
16  9.2  5.61592e-07
16  9.7  3.46264e-07
18  0.2  4.32277
18  0.7  1.45501
18  1.2  0.378486
18  1.7  0.0988999
18  2.2  0.0277292
18  2.7  0.00875632
16  10.2  2.1747e-07
16  10.7  1.39558e-07
16  11.2  9.139e-08
18  4.2  0.000406812
18  3.2  0.00287196
18  3.7  0.00104276
16  11.7  6.08132e-08
18  5.2  7.51926e-05
18  5.7  3.48099e-05
18  4.7  0.00016946
18  6.2  1.71966e-05
18  6.7  8.73788e-06
18  7.7  2.55026e-06
18  8.2  1.45082e-06
18  8.7  8.49009e-07
18  7.2  4.68887e-06
18  9.2  5.14157e-07
2  0.2  5.27762
2  0.7  1.82874
2  1.2  0.490671
18  9.7  3.15542e-07
2  1.7  0.13051
2  2.2  0.0376972
2  2.7  0.0123158
18  10.2  1.98595e-07
2  3.2  0.00397021
18  10.7  1.27463e-07
18  11.2  8.38581e-08
2  3.7  0.00146036
2  4.2  0.000571249
18  11.7  5.56348e-08
2  5.2  0.000106515
2  4.7  0.000239752
2  6.2  2.46105e-05
2  5.7  4.98667e-05
2  7.7  3.66405e-06
2  6.7  1.25367e-05
2  7.2  6.69784e-06
2  8.2  2.09487e-06
