# exclusive D0 cross section, Pb target, KniehlKramer fragmentation, An0n channel
# dipole samples : data/Pb/mve/glauber_mve_<b>
# pD0 sweep      : 0.2 to 12.0 GeV, step 0.5
# fixed rapidity y : 1.5
# ============================================================
# b  pD0  dsigma_dyd2pD0
0  0.2  3.21625
0  0.7  0.665577
0  1.2  0.132851
0  2.2  0.00705313
0  1.7  0.0292119
0  2.7  0.00189366
0  3.2  0.000611551
0  4.2  0.000143981
0  3.7  0.000190862
0  4.7  6.04535e-05
0  5.2  2.19214e-05
0  5.7  1.29675e-05
0  6.2  -7.94472e-06
0  6.7  5.71515e-06
0  7.2  8.89408e-09
0  7.7  3.30957e-06
0  8.2  -5.85425e-07
0  8.7  3.32391e-06
0  9.2  2.72912e-06
0  9.7  6.80839e-07
0  10.2  4.05668e-07
0  10.7  3.16381e-07
0  11.2  -6.37276e-07
10  0.2  3.06594
0  11.7  -1.94836e-06
10  0.7  0.627923
10  1.2  0.124324
10  1.7  0.0266954
10  2.2  0.00673629
10  2.7  0.00182278
10  3.2  0.000553483
10  3.7  0.000168247
10  4.2  9.15501e-05
10  5.2  3.31219e-05
10  4.7  5.73582e-05
10  5.7  1.59543e-06
10  6.2  2.0111e-06
10  6.7  -1.63244e-05
10  7.2  -2.74897e-06
10  7.7  -2.87531e-06
10  8.2  -7.11493e-08
10  8.7  1.00759e-06
10  9.2  -1.02938e-06
10  9.7  -1.25582e-06
10  10.2  2.218e-06
10  10.7  8.56875e-07
10  11.7  4.83355e-07
10  11.2  -5.49716e-07
12  0.2  2.99426
12  0.7  0.611654
12  1.2  0.120798
12  1.7  0.0257898
12  2.2  0.00646037
12  3.2  0.000545732
12  2.7  0.00176575
12  3.7  0.000204242
12  4.2  6.21235e-05
12  4.7  3.31698e-05
12  5.2  2.03221e-05
12  5.7  1.13647e-05
12  6.2  3.13851e-07
12  6.7  -1.83563e-05
12  7.2  3.63107e-06
12  7.7  1.18248e-06
12  8.2  1.46548e-06
12  8.7  -1.39453e-06
12  9.2  -5.21589e-07
12  10.2  -8.14997e-08
12  9.7  2.87307e-08
12  11.2  -2.40637e-06
12  10.7  -3.08627e-07
12  11.7  -1.39679e-07
14  0.2  2.90633
14  0.7  0.590897
14  1.2  0.115944
14  1.7  0.0250327
14  2.2  0.00619468
14  2.7  0.00155992
14  3.2  0.000515921
14  3.7  0.000136194
14  4.2  6.79042e-05
14  4.7  4.56245e-05
14  5.2  1.62582e-05
14  5.7  -3.55108e-06
14  6.2  3.69302e-07
14  7.2  -4.54076e-06
14  6.7  -1.36183e-06
14  7.7  -9.31798e-06
14  8.2  6.5661e-08
14  9.2  3.11626e-06
14  8.7  -7.01309e-07
14  9.7  3.66818e-06
14  10.2  -7.14543e-07
14  10.7  1.36863e-06
14  11.2  7.40094e-07
16  0.2  2.80635
14  11.7  -1.72124e-06
16  0.7  0.565838
16  1.2  0.110444
16  1.7  0.0234735
16  2.2  0.00584899
16  3.2  0.000520095
16  2.7  0.00163013
16  3.7  0.000151895
16  4.2  5.49799e-05
16  4.7  3.50905e-05
16  5.2  1.41407e-05
16  5.7  2.72591e-06
16  6.2  4.45216e-06
16  6.7  -1.1805e-05
16  7.2  -6.17604e-06
16  7.7  -1.10565e-06
16  8.2  1.08297e-06
16  9.2  2.41441e-06
16  8.7  1.19474e-06
16  9.7  -1.81358e-06
16  10.2  1.03586e-06
16  10.7  1.01086e-06
16  11.2  -3.65649e-07
18  0.2  2.67644
16  11.7  -9.26765e-07
18  0.7  0.536907
18  1.2  0.10364
18  1.7  0.0219242
18  2.7  0.0014172
18  2.2  0.00538403
18  3.2  0.000464074
18  3.7  0.000134816
18  4.2  5.44729e-05
18  4.7  3.74039e-05
18  5.7  1.22996e-05
18  5.2  1.52871e-05
18  6.2  -1.09217e-06
18  6.7  -1.2612e-06
18  7.2  -2.42442e-06
18  7.7  -5.58812e-07
18  8.2  1.28764e-06
18  9.2  1.28451e-06
18  8.7  1.19254e-06
18  9.7  -8.98465e-07
18  10.2  -8.7202e-07
18  10.7  -4.80829e-07
18  11.2  -1.40843e-08
18  11.7  2.95163e-07
2  0.2  3.21055
2  0.7  0.66377
2  1.2  0.132359
2  2.2  0.00702645
2  1.7  0.0290082
2  2.7  0.00202331
2  3.2  0.000584775
2  4.2  0.000130492
2  3.7  0.000208083
2  4.7  3.94805e-05
2  5.2  -8.89933e-07
2  5.7  2.50331e-06
2  6.2  1.5316e-06
2  6.7  3.68757e-06
2  7.2  -5.6699e-06
2  7.7  -7.31438e-06
2  8.2  3.33103e-06
2  8.7  1.98083e-06
2  9.2  3.38801e-07
2  9.7  -1.00219e-09
2  10.2  2.44171e-07
2  11.2  -7.0518e-07
2  10.7  2.11196e-07
20  0.7  0.502297
20  0.2  2.53079
2  11.7  -3.06137e-06
20  1.2  0.0961863
20  1.7  0.0206511
20  2.2  0.00481749
20  2.7  0.00137531
20  3.2  0.000469814
20  3.7  0.000124338
20  4.7  4.94797e-05
20  4.2  4.00941e-05
20  5.2  2.1134e-05
20  5.7  9.0457e-06
20  6.2  2.41814e-06
20  6.7  -8.21764e-06
20  7.2  -2.8678e-06
20  7.7  1.03165e-06
20  8.2  9.70998e-07
20  8.7  -1.57929e-07
20  9.2  -2.07827e-07
20  9.7  9.05132e-07
20  10.2  2.80513e-07
20  11.7  -7.74565e-07
20  10.7  9.09312e-08
20  11.2  -1.05824e-06
22  0.2  2.3494
22  0.7  0.460884
22  1.2  0.0869737
22  2.2  0.00423655
22  1.7  0.0184646
22  2.7  0.00119448
22  3.2  0.00036327
22  3.7  0.000119437
22  4.2  4.72033e-05
22  4.7  3.80809e-05
22  5.7  7.66783e-06
22  5.2  1.9186e-05
22  6.2  4.90507e-06
22  6.7  1.27576e-06
22  7.2  -1.41014e-06
22  8.2  3.81206e-07
22  7.7  -5.78034e-07
22  8.7  2.50135e-06
22  9.2  2.36056e-07
22  10.2  2.83643e-06
22  9.7  -3.31327e-07
22  10.7  -9.23853e-07
22  11.7  -6.35367e-08
22  11.2  -1.31315e-06
24  0.2  2.12902
24  0.7  0.411507
24  1.2  0.0767183
24  1.7  0.0157497
24  2.2  0.00381997
24  2.7  0.00103479
24  3.2  0.000322964
24  3.7  9.19242e-05
24  4.2  3.5014e-05
24  4.7  3.04933e-05
24  5.7  5.86092e-06
24  5.2  1.30256e-05
24  6.2  2.98458e-06
24  6.7  2.12929e-06
24  7.7  -6.3978e-07
24  7.2  8.32768e-07
24  8.2  9.4088e-07
24  8.7  8.30112e-07
24  9.7  7.51298e-07
24  9.2  8.54225e-07
24  10.2  2.48683e-07
24  10.7  -1.1961e-06
24  11.2  6.21349e-07
26  0.2  1.86523
24  11.7  -3.80715e-07
26  0.7  0.352157
26  1.2  0.0645231
26  1.7  0.0134163
26  2.2  0.00303258
26  2.7  0.000845391
26  3.2  0.000239653
26  3.7  6.91406e-05
26  4.2  2.48638e-05
26  4.7  2.35242e-05
26  5.2  3.61165e-06
26  5.7  5.59842e-06
26  6.2  4.94361e-07
26  6.7  3.05308e-07
26  7.7  2.34843e-06
26  7.2  -6.31303e-07
26  8.2  2.70048e-07
26  8.7  3.6475e-08
26  9.2  8.69788e-07
26  9.7  -7.40392e-07
26  10.2  1.71633e-06
26  10.7  -7.91318e-08
26  11.2  -1.36471e-06
28  0.7  0.285315
26  11.7  -3.88123e-07
28  0.2  1.54727
28  2.2  0.00234868
28  1.7  0.0104161
28  1.2  0.0507644
28  2.7  0.000666569
28  3.2  0.000197428
28  3.7  5.65609e-05
28  4.7  1.92017e-05
28  4.2  2.61211e-05
28  5.7  3.70443e-06
28  5.2  5.97139e-06
28  6.2  2.90267e-07
28  6.7  -5.01366e-07
28  7.2  -1.53504e-06
28  7.7  3.9199e-07
28  8.2  1.4337e-06
28  9.2  1.07678e-06
28  8.7  1.79833e-07
28  9.7  -1.08774e-06
28  10.7  -4.72993e-07
28  10.2  -2.41626e-07
28  11.2  -4.88186e-07
28  11.7  -1.61686e-09
30  0.2  1.18595
30  0.7  0.210829
30  1.2  0.036413
30  2.2  0.00154352
30  1.7  0.00707521
30  3.2  0.000139489
30  2.7  0.000446663
30  3.7  3.26357e-05
30  4.2  1.65587e-05
30  4.7  1.26658e-05
30  5.2  7.0436e-06
30  5.7  -1.58064e-07
30  6.2  1.57284e-06
30  6.7  -1.83647e-06
30  7.2  -4.88451e-07
30  7.7  -9.46546e-07
30  8.2  1.52742e-06
30  8.7  2.47748e-08
30  9.2  6.77521e-07
30  9.7  2.08861e-07
30  10.2  -5.43625e-07
30  10.7  -6.10704e-07
30  11.2  -2.74475e-07
32  0.2  0.81587
30  11.7  -2.56326e-07
32  0.7  0.138125
32  1.2  0.0227302
32  1.7  0.00447637
32  2.2  0.000983609
32  2.7  0.000252252
32  3.2  7.50605e-05
32  3.7  2.32049e-05
32  4.2  1.04241e-05
32  4.7  7.56681e-06
32  5.7  7.42974e-07
32  5.2  1.78019e-06
32  6.2  -4.25595e-06
32  6.7  2.90676e-07
32  7.2  -8.3896e-08
32  8.2  7.08705e-07
32  7.7  1.26347e-07
32  8.7  -2.19291e-07
32  9.2  -4.21052e-08
32  9.7  -7.07518e-08
32  10.2  -1.62947e-07
32  10.7  -4.66797e-07
32  11.2  -8.88145e-08
32  11.7  -1.43935e-07
4  0.2  3.19448
4  0.7  0.658953
4  1.7  0.0289574
4  1.2  0.131488
4  2.2  0.00727607
4  3.2  0.000605291
4  2.7  0.00195083
4  4.2  6.6057e-05
4  3.7  0.000175761
4  4.7  5.70743e-05
4  5.2  2.0044e-05
4  5.7  8.14271e-06
4  6.2  -4.30317e-06
4  6.7  4.20428e-06
4  7.2  -5.05996e-06
4  7.7  -8.06523e-06
4  8.2  4.38265e-07
4  9.2  4.52795e-06
4  8.7  2.84687e-06
4  9.7  3.66445e-07
4  10.2  -5.6063e-07
4  10.7  9.2454e-07
4  11.2  4.0852e-07
6  0.2  3.16457
4  11.7  -2.04115e-06
6  1.2  0.129542
6  0.7  0.652264
6  1.7  0.0289122
6  2.2  0.00684272
6  2.7  0.0019934
6  3.2  0.000586048
6  3.7  0.000187379
6  4.2  6.87907e-05
6  4.7  5.20028e-05
6  5.7  1.05642e-05
6  5.2  2.33606e-05
6  6.2  1.82323e-06
6  6.7  3.56859e-06
6  7.2  -4.26344e-07
6  7.7  -7.16532e-06
6  8.2  -9.64678e-07
6  8.7  -1.36481e-06
6  9.2  1.33288e-07
6  10.2  3.66867e-06
6  9.7  -6.02416e-07
6  10.7  1.83349e-06
6  11.2  -2.4264e-06
6  11.7  -2.87046e-06
8  0.2  3.12185
8  0.7  0.641443
8  1.7  0.0283797
8  1.2  0.127186
8  2.2  0.00693181
8  2.7  0.00191938
8  3.2  0.00065586
8  3.7  0.000200606
8  4.2  5.595e-05
8  4.7  4.08183e-05
8  5.2  2.52322e-05
8  5.7  -1.95112e-06
8  6.7  -1.33295e-05
8  6.2  4.2943e-06
8  7.2  -4.03246e-06
8  7.7  -3.63888e-07
8  8.2  7.40482e-07
8  8.7  2.02879e-06
8  9.7  1.28648e-06
8  9.2  -1.0392e-06
8  10.2  2.3031e-06
8  10.7  1.29802e-06
8  11.2  5.1385e-07
8  11.7  -1.35121e-06
