# exclusive D0 cross section, Pb target, BCFY fragmentation, An0n channel
# dipole samples : data/Pb/mve/glauber_mve_<b>
# pD0 sweep      : 0.2 to 12.0 GeV, step 0.5
# fixed rapidity y : 2.5
# ============================================================
# b  pD0  dsigma_dyd2pD0
0  2.2  0.00772527
0  0.7  0.564446
0  0.2  1.74871
0  1.7  0.0311403
0  1.2  0.135274
0  2.7  0.00210424
0  3.2  0.000576539
0  3.7  0.000166007
0  5.2  2.11737e-05
0  4.7  2.37251e-05
0  4.2  6.03019e-05
0  5.7  5.55498e-06
0  6.2  3.78827e-06
0  6.7  1.084e-06
0  7.7  -2.87625e-07
0  7.2  -1.90065e-07
0  9.2  1.5147e-07
0  8.2  1.43613e-07
0  8.7  5.82144e-07
0  9.7  -3.45181e-07
0  10.2  7.18168e-08
0  11.2  7.75956e-08
0  10.7  7.90413e-08
10  0.2  1.67345
0  11.7  6.40668e-08
10  0.7  0.537132
10  2.2  0.00723836
10  2.7  0.0019117
10  1.2  0.127623
10  1.7  0.0291673
10  3.7  0.000177233
10  3.2  0.000538283
10  5.2  1.55401e-05
10  4.2  6.48728e-05
10  4.7  1.69789e-05
10  5.7  6.07943e-06
10  7.2  -5.87936e-08
10  6.2  2.88064e-06
10  6.7  1.21052e-07
10  8.2  -8.34657e-07
10  9.7  -2.82029e-07
10  7.7  -1.12609e-07
10  9.2  -1.43165e-07
10  8.7  1.99478e-07
10  11.2  -4.31751e-08
10  10.2  -6.26284e-08
10  10.7  -8.58553e-08
10  11.7  -7.88315e-09
12  0.2  1.6399
12  0.7  0.524412
12  1.2  0.124045
12  1.7  0.0282234
12  2.2  0.00695953
12  2.7  0.00183666
12  3.2  0.000487277
12  3.7  0.000168712
12  4.2  5.31888e-05
12  4.7  1.84452e-05
12  5.2  4.29213e-06
12  6.7  1.50315e-06
12  5.7  6.0741e-06
12  6.2  2.7696e-06
12  7.7  8.72087e-08
12  7.2  -6.6456e-07
12  8.2  -1.02952e-06
12  8.7  -2.81765e-07
12  9.7  -6.16476e-08
12  9.2  2.38674e-07
12  10.7  -7.12332e-08
12  11.2  -4.97343e-08
12  10.2  -1.61971e-07
12  11.7  -1.896e-08
14  0.2  1.59698
14  0.7  0.508637
14  1.7  0.0271223
14  1.2  0.119801
14  2.2  0.006655
14  4.7  2.6799e-05
14  2.7  0.00173669
14  3.7  0.000145501
14  5.2  1.58688e-05
14  3.2  0.000480379
14  4.2  6.59009e-05
14  5.7  6.48919e-06
14  6.2  1.13059e-06
14  7.2  1.01427e-06
14  7.7  -1.95068e-07
14  6.7  -1.1354e-07
14  8.7  -3.92201e-07
14  8.2  1.245e-07
14  9.2  3.44161e-07
14  10.7  1.40509e-07
14  10.2  -7.99599e-08
14  9.7  -8.15957e-08
14  11.2  -1.63945e-08
16  0.7  0.490053
16  0.2  1.54587
14  11.7  1.17325e-07
16  1.2  0.114677
16  1.7  0.0259282
16  2.2  0.00631736
16  2.7  0.00165757
16  3.7  0.000128145
16  3.2  0.000451874
16  5.2  1.48138e-05
16  4.7  2.00051e-05
16  4.2  4.45827e-05
16  5.7  4.20016e-06
16  7.2  1.9757e-08
16  6.2  3.05329e-06
16  6.7  5.66407e-08
16  7.7  -8.14962e-07
16  8.2  2.22487e-07
16  8.7  1.70599e-07
16  9.2  2.90808e-07
16  9.7  1.15188e-07
16  10.2  -3.12934e-08
16  10.7  5.18601e-08
16  11.2  -4.76974e-08
18  0.2  1.48202
18  0.7  0.467455
16  11.7  -9.57568e-09
18  2.2  0.00590545
18  1.2  0.108641
18  1.7  0.0243454
18  3.7  0.000125916
18  3.2  0.000422412
18  2.7  0.0015318
18  5.7  7.40617e-06
18  4.7  8.86312e-06
18  5.2  7.33749e-06
18  4.2  4.14186e-05
18  6.2  2.13766e-06
18  7.2  -3.28097e-07
18  6.7  6.60119e-07
18  8.2  3.68815e-07
18  8.7  -8.60939e-08
18  7.7  -2.24083e-07
18  9.2  -4.81761e-08
18  10.2  -1.08149e-07
18  10.7  3.30053e-08
18  9.7  -8.48605e-08
18  11.7  3.07254e-09
18  11.2  -5.55986e-08
2  1.2  0.135237
2  0.2  1.74574
2  0.7  0.563364
2  1.7  0.0310548
2  2.2  0.00770424
2  3.2  0.000575136
2  2.7  0.00202108
2  3.7  0.000185475
2  4.2  5.99444e-05
2  5.2  1.48325e-05
2  4.7  1.79392e-05
2  6.2  2.55439e-06
2  6.7  1.14499e-06
2  5.7  6.15896e-06
2  7.7  -7.14137e-07
2  7.2  -6.70775e-07
2  8.7  -5.55053e-07
2  9.2  -4.08621e-09
2  8.2  -2.8243e-09
2  10.7  5.95371e-08
2  10.2  8.76578e-08
2  9.7  -3.79528e-09
2  11.7  2.08951e-08
20  0.2  1.40719
20  0.7  0.440263
2  11.2  -4.74076e-08
20  1.2  0.101595
20  1.7  0.0227136
20  2.2  0.00542998
20  2.7  0.00141789
20  3.7  0.000123857
20  3.2  0.000371959
20  4.2  4.84735e-05
20  6.7  3.15675e-07
20  4.7  1.41508e-05
20  6.2  2.40927e-06
20  5.2  6.48589e-06
20  5.7  4.77145e-06
20  7.2  -7.91673e-07
20  7.7  4.50502e-07
20  8.2  -2.36219e-07
20  8.7  4.72976e-07
20  9.2  -2.18495e-07
20  10.2  -5.18036e-08
20  9.7  -1.22661e-07
20  10.7  -2.50416e-08
22  0.2  1.31628
20  11.7  4.18729e-08
20  11.2  -1.78698e-08
22  0.7  0.408066
22  1.2  0.0928784
22  2.7  0.00130513
22  2.2  0.00490584
22  1.7  0.0204485
22  4.7  1.54942e-05
22  3.2  0.000340259
22  3.7  0.00010153
22  4.2  4.24844e-05
22  5.2  2.49795e-06
22  6.2  1.68486e-06
22  6.7  -1.48044e-07
22  5.7  2.66731e-06
22  8.2  -4.39686e-07
22  7.2  7.97744e-07
22  7.7  -3.67685e-08
22  9.2  -2.47771e-07
22  8.7  2.71852e-07
22  10.2  7.53028e-08
22  9.7  8.21385e-08
22  10.7  -4.6145e-10
24  0.2  1.20446
22  11.2  5.5317e-09
22  11.7  7.8534e-08
24  0.7  0.369225
24  1.2  0.0827853
24  2.2  0.00431921
24  1.7  0.0180198
24  2.7  0.00108677
24  3.2  0.000293903
24  4.2  3.37567e-05
24  3.7  8.83733e-05
24  4.7  6.5124e-06
24  5.2  4.63023e-06
24  5.7  3.23464e-06
24  7.2  7.91881e-08
24  6.2  1.57635e-06
24  6.7  -7.6439e-07
24  7.7  2.44364e-07
24  8.7  -1.05974e-07
24  8.2  3.38645e-07
24  9.7  1.16823e-07
24  9.2  -2.94117e-07
26  0.2  1.06755
24  10.2  1.91317e-08
24  11.2  2.13179e-08
24  10.7  9.58454e-08
24  11.7  5.31278e-08
26  0.7  0.322004
26  1.2  0.070772
26  2.2  0.00356585
26  1.7  0.0151873
26  2.7  0.000901168
26  4.2  2.83e-05
26  3.7  7.62372e-05
26  3.2  0.000231676
26  4.7  1.24919e-05
26  5.7  2.19742e-06
26  7.2  -4.60321e-07
26  5.2  6.07995e-06
26  6.2  9.99031e-07
26  6.7  -1.96001e-07
26  8.2  3.88432e-08
26  7.7  2.15169e-07
26  9.2  -3.97329e-08
26  9.7  1.14246e-07
26  8.7  1.7302e-07
26  10.2  9.43958e-08
28  0.2  0.902301
26  10.7  -1.49016e-08
26  11.7  6.14481e-08
28  0.7  0.266131
26  11.2  9.67577e-09
28  1.2  0.0570724
28  1.7  0.0120119
28  2.7  0.000694389
28  2.2  0.00279591
28  3.7  5.31377e-05
28  3.2  0.000186479
28  4.2  2.40262e-05
28  6.7  -3.0857e-07
28  4.7  5.85022e-06
28  5.2  1.61418e-06
28  6.2  8.88915e-07
28  5.7  2.06141e-06
28  8.7  2.07263e-07
28  7.7  9.42396e-09
28  7.2  -2.76524e-07
28  8.2  9.27204e-08
28  9.2  -2.234e-07
28  10.2  -3.05455e-08
28  9.7  1.30596e-08
28  10.7  1.63283e-08
28  11.7  3.5692e-08
30  0.2  0.708494
28  11.2  7.93748e-09
30  0.7  0.203081
30  1.7  0.00869393
30  1.2  0.0422221
30  2.7  0.000489108
30  2.2  0.00196933
30  3.2  0.000124811
30  4.2  1.47827e-05
30  5.7  2.08239e-06
30  4.7  2.03159e-06
30  3.7  3.60911e-05
30  5.2  2.47465e-06
30  6.2  3.17766e-07
30  6.7  -1.64362e-07
30  7.7  2.06044e-07
30  7.2  1.47785e-09
30  8.2  1.4474e-08
30  9.7  -1.63175e-08
30  8.7  8.40112e-08
30  10.7  4.60717e-08
30  10.2  1.73636e-08
30  9.2  -2.95223e-08
30  11.2  4.41433e-08
30  11.7  1.56856e-08
32  0.2  0.503965
32  1.2  0.0276513
32  0.7  0.139
32  1.7  0.00545667
32  4.2  9.73057e-06
32  3.2  7.25517e-05
32  2.2  0.00120904
32  2.7  0.000290446
32  3.7  2.68666e-05
32  4.7  2.94404e-06
32  5.2  2.63322e-06
32  5.7  9.68726e-07
32  6.2  1.24067e-07
32  7.2  -2.8088e-07
32  7.7  1.68712e-07
32  6.7  -4.70104e-08
32  8.7  -2.82734e-08
32  8.2  -5.73906e-08
32  9.2  -2.6194e-08
32  10.2  -9.38836e-09
32  9.7  9.1077e-09
32  11.2  1.24151e-08
32  10.7  2.56605e-08
4  0.2  1.73691
4  0.7  0.560136
4  2.2  0.00764217
4  1.7  0.0308048
32  11.7  -3.83275e-09
4  1.2  0.134074
4  2.7  0.00209109
4  5.2  1.82515e-05
4  4.7  3.0333e-05
4  3.7  0.000192301
4  3.2  0.000539647
4  4.2  5.95951e-05
4  5.7  5.42065e-06
4  6.2  4.0901e-06
4  6.7  7.57616e-07
4  7.2  -2.38231e-07
4  7.7  6.16124e-07
4  8.7  -3.45429e-07
4  9.2  7.97025e-08
4  8.2  1.33243e-07
4  9.7  1.31263e-07
4  10.2  5.41265e-08
4  11.2  1.64358e-07
6  0.2  1.72257
4  11.7  1.20454e-07
4  10.7  -4.04653e-08
6  0.7  0.554914
6  2.2  0.00753715
6  1.2  0.132499
6  2.7  0.00202819
6  1.7  0.0303546
6  3.2  0.000539029
6  4.2  6.4845e-05
6  3.7  0.000161874
6  5.2  1.32285e-05
6  4.7  1.63541e-05
6  5.7  2.45479e-06
6  6.2  2.88797e-06
6  7.7  5.61055e-07
6  6.7  9.37114e-07
6  7.2  1.28876e-06
6  8.7  7.99538e-08
6  8.2  3.4368e-07
6  9.2  -1.74975e-07
6  10.2  -2.73387e-07
6  11.2  -4.32094e-09
6  9.7  1.1794e-08
6  11.7  9.04886e-08
8  0.2  1.70196
8  0.7  0.547369
6  10.7  -1.05036e-07
8  2.7  0.00197893
8  1.2  0.130366
8  1.7  0.0299332
8  2.2  0.0073983
8  3.2  0.000530194
8  4.7  1.61199e-05
8  3.7  0.000153006
8  4.2  6.70058e-05
8  5.2  1.36395e-05
8  5.7  4.40013e-06
8  6.2  2.34553e-06
8  8.2  -1.13185e-06
8  6.7  5.04673e-07
8  7.2  -2.04862e-07
8  7.7  -4.93761e-07
8  10.2  -6.79766e-08
8  9.2  -2.88694e-07
8  8.7  5.09048e-07
8  9.7  -5.4202e-08
8  10.7  -1.26162e-08
8  11.2  -5.27957e-09
8  11.7  -3.44815e-08
