# diffractive D0 cross section, Pb target, LHAPDF fragmentation, An0n channel
# generated      : 2026-08-19 15:28:17 EEST
# calls          : 1e5 (VEGAS calls per point, see CALLS_EXCL/CALLS_EXCL_FACTORIZED/CALLS_DIFF)
# dipole samples : data/Pb/bk_posterior/member_0071/glauber_mve_<b>
# pD0 sweep      : 0.2 0.3 0.4 0.5 0.6 0.7 0.8 0.9 1.0 1.1 1.2 1.3 1.4 1.5 1.6 1.7 1.8 1.9 2.0 2.5 3.0 3.5 4.0 4.5 5.0 5.5 6.0 6.5 7.0 7.5 8.0 8.5 9.0 9.5 10.0 10.5 11.0 11.5 12.0
# fixed rapidity y : 3.0
# ============================================================
# b  pD0  dsigma_dyd2pD0
0  0.4  0.105338
0  0.3  0.0861201
0  0.2  0.0590789
0  0.5  0.110219
0  0.6  0.105326
0  0.7  0.0923525
0  0.9  0.0628854
0  0.8  0.0776398
0  1.1  0.038879
0  1.0  0.0503547
0  1.2  0.0298979
0  1.3  0.0237192
0  1.4  0.0181805
0  1.7  0.00815083
0  1.6  0.0108963
0  1.5  0.0141152
0  1.8  0.0064337
0  1.9  0.0049898
0  2.0  0.00385622
0  2.5  0.0011745
0  3.5  0.000137668
0  3.0  0.000372042
0  4.5  2.23224e-05
0  5.5  4.36475e-06
0  4.0  5.36561e-05
0  5.0  9.47339e-06
0  6.0  2.02931e-06
0  6.5  9.81343e-07
0  8.0  1.30894e-07
0  7.0  4.92875e-07
0  7.5  2.41217e-07
0  8.5  7.03733e-08
0  9.0  3.84537e-08
0  10.5  6.50378e-09
0  9.5  2.06873e-08
0  10.0  1.14463e-08
10  0.2  0.0592686
10  0.3  0.085647
10  0.5  0.108073
10  0.4  0.101782
10  0.6  0.102444
10  0.7  0.0905986
10  0.8  0.0752613
10  0.9  0.0612614
10  1.0  0.0482928
10  1.1  0.0370417
10  1.2  0.0298147
10  1.3  0.0224155
10  1.4  0.0172195
10  1.5  0.0134952
10  1.6  0.0104412
10  1.8  0.00610105
10  1.7  0.0079536
10  1.9  0.00482656
0  11.0  3.75295e-09
10  2.0  0.00372696
10  3.0  0.000368828
10  2.5  0.00110548
10  3.5  0.000131048
0  11.5  2.19412e-09
0  12.0  1.26619e-09
10  4.5  2.05534e-05
10  4.0  5.20906e-05
10  5.0  8.69274e-06
10  5.5  4.13124e-06
10  6.0  1.90123e-06
10  6.5  9.1513e-07
10  7.0  4.60761e-07
10  7.5  2.38069e-07
10  8.0  1.25042e-07
10  8.5  6.40834e-08
10  9.0  3.55586e-08
10  9.5  1.95882e-08
10  10.5  6.09515e-09
12  0.2  0.0580032
12  0.3  0.0852026
10  10.0  1.09434e-08
12  0.4  0.102279
12  0.5  0.107423
12  0.6  0.101562
12  0.7  0.0896453
12  0.8  0.0750533
12  0.9  0.0605098
12  1.1  0.0370295
12  1.0  0.0478689
12  1.2  0.0288014
12  1.3  0.0222641
12  1.4  0.0169889
12  1.5  0.0131945
12  1.6  0.0101441
12  1.8  0.00601452
12  1.7  0.00777677
12  1.9  0.00465529
10  11.0  3.59889e-09
12  2.0  0.0036316
12  3.0  0.000355715
12  2.5  0.00110153
10  11.5  2.07491e-09
12  3.5  0.000128175
10  12.0  1.21276e-09
12  5.0  8.63209e-06
12  4.5  2.03041e-05
12  4.0  5.01581e-05
12  5.5  3.94237e-06
12  6.0  1.83483e-06
12  6.5  9.05557e-07
12  7.0  4.54574e-07
12  8.5  6.30882e-08
12  7.5  2.32169e-07
12  8.0  1.21984e-07
12  9.0  3.34425e-08
12  10.5  6.16625e-09
12  9.5  1.87215e-08
14  0.2  0.059141
14  0.3  0.0842798
14  0.4  0.100625
14  0.5  0.106085
12  10.0  1.07509e-08
12  11.5  2.04588e-09
14  0.6  0.100207
14  0.7  0.0885382
14  0.8  0.0729144
14  0.9  0.0592588
14  1.0  0.046684
14  1.1  0.0357968
14  1.2  0.0282257
14  1.4  0.0166101
14  1.3  0.0217155
14  1.5  0.0129551
14  1.8  0.00590674
14  1.7  0.00779514
14  1.6  0.0099011
14  1.9  0.0045754
14  2.0  0.00359114
14  2.5  0.00104837
14  3.0  0.000344256
14  3.5  0.000125355
12  11.0  3.49568e-09
14  5.0  8.77655e-06
12  12.0  1.18663e-09
14  4.5  1.98373e-05
14  4.0  4.87928e-05
14  5.5  3.82245e-06
14  7.0  4.40221e-07
14  6.0  1.75681e-06
14  6.5  8.75913e-07
14  7.5  2.1965e-07
14  8.0  1.19094e-07
14  8.5  5.98143e-08
14  9.0  3.38206e-08
14  10.5  5.92632e-09
14  9.5  1.87237e-08
14  11.0  3.35686e-09
16  0.2  0.0575237
14  10.0  1.04365e-08
16  0.3  0.0835882
16  0.5  0.105786
16  0.4  0.0996133
16  0.6  0.0980666
14  11.5  1.96148e-09
16  0.7  0.0860642
16  0.8  0.0717063
16  0.9  0.0578614
16  1.0  0.0458649
16  1.1  0.0358422
16  1.2  0.0275989
16  1.3  0.0210772
16  1.4  0.0162399
16  1.6  0.00954778
16  1.5  0.0124391
16  1.7  0.00734789
16  1.8  0.00565405
16  1.9  0.00434916
16  2.0  0.00338187
16  2.5  0.00100731
16  3.0  0.000340393
16  3.5  0.000122198
16  4.0  4.79543e-05
14  12.0  1.1459e-09
16  4.5  1.97088e-05
16  5.0  8.3226e-06
16  5.5  3.66689e-06
16  6.0  1.78963e-06
16  6.5  8.61682e-07
16  8.0  1.10603e-07
16  7.0  4.0922e-07
16  8.5  6.07327e-08
16  7.5  2.19489e-07
16  9.0  3.25711e-08
16  10.5  5.70646e-09
16  9.5  1.80471e-08
16  11.0  3.21917e-09
18  0.2  0.0572029
18  0.3  0.0839428
18  0.4  0.0982471
16  10.0  1.0296e-08
18  0.5  0.103104
18  0.6  0.096948
18  0.7  0.0842123
18  0.8  0.069823
18  0.9  0.0560996
18  1.0  0.0444627
18  1.1  0.034344
18  1.2  0.02685
18  1.3  0.0202061
18  1.4  0.0156588
18  1.5  0.0119804
18  1.6  0.00918437
18  1.7  0.00703165
18  1.9  0.00423191
18  1.8  0.00545453
18  2.0  0.00330426
18  2.5  0.0009838
18  3.0  0.000317635
18  3.5  0.000116399
16  11.5  1.86337e-09
16  12.0  1.10639e-09
18  4.0  4.39747e-05
18  4.5  1.80431e-05
18  5.5  3.5896e-06
18  5.0  7.90634e-06
18  6.0  1.68572e-06
18  7.0  4.112e-07
18  6.5  8.08996e-07
18  7.5  2.09147e-07
18  8.5  5.74248e-08
18  9.0  3.18757e-08
18  8.0  1.08888e-07
18  9.5  1.66491e-08
18  10.5  5.42411e-09
18  11.0  3.11699e-09
2  0.2  0.0599994
18  10.0  9.55037e-09
2  0.3  0.0861285
2  0.4  0.103713
2  0.5  0.11019
2  0.6  0.104734
2  0.7  0.092914
2  0.8  0.077167
2  0.9  0.0628768
2  1.0  0.0511476
2  1.1  0.0389339
2  1.2  0.0307022
2  1.3  0.0236546
2  1.4  0.0180784
2  1.5  0.0138755
2  1.7  0.00830394
2  1.6  0.0108169
2  1.8  0.00655105
2  1.9  0.00496363
2  2.0  0.0038759
2  2.5  0.00115837
2  3.5  0.000139079
2  3.0  0.000378722
18  11.5  1.78024e-09
18  12.0  1.06992e-09
2  4.0  5.4431e-05
2  4.5  2.22504e-05
2  5.5  4.32563e-06
2  5.0  9.68701e-06
2  6.0  1.96247e-06
2  6.5  9.78274e-07
2  7.0  4.81841e-07
2  7.5  2.40936e-07
2  8.0  1.31602e-07
2  8.5  6.99266e-08
2  9.0  3.79661e-08
2  10.5  6.46701e-09
2  9.5  2.0582e-08
2  10.0  1.15688e-08
20  0.2  0.0563957
20  0.3  0.0826272
20  0.4  0.0990148
20  0.5  0.100448
20  0.6  0.0943969
20  0.7  0.0809508
20  0.8  0.0670822
20  0.9  0.0540249
20  1.0  0.0421965
20  1.1  0.0329024
20  1.2  0.0252563
20  1.3  0.0192894
20  1.4  0.0149221
20  1.5  0.0116088
20  1.6  0.0087297
20  1.7  0.00672291
20  1.8  0.00519401
20  2.0  0.00315437
20  1.9  0.00393734
2  11.0  3.74731e-09
20  2.5  0.000932409
20  3.5  0.000108245
20  3.0  0.000307336
2  11.5  2.14669e-09
2  12.0  1.26125e-09
20  4.5  1.70363e-05
20  4.0  4.33309e-05
20  5.0  7.00275e-06
20  6.0  1.53133e-06
20  5.5  3.26539e-06
20  7.0  3.88469e-07
20  8.0  1.02638e-07
20  6.5  7.75683e-07
20  7.5  1.99945e-07
20  8.5  5.46271e-08
20  10.0  9.10374e-09
20  9.0  2.78814e-08
20  10.5  5.07731e-09
20  9.5  1.62721e-08
22  0.2  0.0554924
22  0.3  0.0797101
22  0.4  0.0941119
22  0.5  0.0971598
22  0.6  0.0905433
22  0.7  0.0782778
22  0.8  0.0643293
22  0.9  0.0509413
22  1.0  0.0403663
22  1.1  0.0309973
22  1.2  0.0238945
22  1.3  0.0181957
22  1.4  0.0139623
22  1.5  0.0107077
20  11.0  3.03177e-09
22  1.6  0.00816057
22  1.7  0.00624977
22  1.8  0.00484079
20  11.5  1.69736e-09
22  1.9  0.00375984
22  2.0  0.00289728
22  2.5  0.000853088
22  3.0  0.000285755
22  3.5  9.98904e-05
20  12.0  1.02614e-09
22  5.0  6.73511e-06
22  4.5  1.61841e-05
22  4.0  4.01847e-05
22  5.5  3.177e-06
22  6.0  1.5023e-06
22  6.5  7.34585e-07
22  7.0  3.39332e-07
22  8.0  9.37445e-08
22  8.5  4.94409e-08
22  7.5  1.82624e-07
22  9.5  1.47006e-08
22  10.0  8.21529e-09
22  9.0  2.66823e-08
24  0.2  0.0547172
24  0.3  0.0779628
24  0.4  0.0921631
24  0.5  0.0933393
24  0.6  0.0859823
24  0.7  0.0734608
24  0.8  0.0600513
24  0.9  0.0479879
24  1.0  0.0373294
22  10.5  4.75895e-09
24  1.1  0.0288685
24  1.2  0.0221927
24  1.3  0.0168012
24  1.4  0.0128192
24  1.5  0.00980615
24  1.6  0.00748091
24  1.7  0.00565688
24  1.8  0.00443606
24  1.9  0.00338108
24  2.0  0.00254884
22  11.0  2.67547e-09
24  3.0  0.000263744
24  2.5  0.000779657
24  3.5  9.45063e-05
22  11.5  1.55971e-09
22  12.0  9.41344e-10
24  5.0  6.47631e-06
24  4.0  3.47201e-05
24  4.5  1.47558e-05
24  5.5  2.86425e-06
24  7.0  3.26307e-07
24  6.0  1.36824e-06
24  6.5  6.60654e-07
24  8.0  8.72267e-08
24  7.5  1.66751e-07
24  8.5  4.5859e-08
24  9.0  2.4213e-08
24  9.5  1.37077e-08
24  11.0  2.49608e-09
26  0.2  0.0537456
26  0.3  0.0755344
26  0.4  0.0872785
26  0.5  0.0872412
26  0.6  0.0787192
26  0.7  0.0674805
24  10.0  7.80318e-09
26  0.8  0.0552349
26  0.9  0.0434262
26  1.0  0.0342527
26  1.1  0.0258697
24  10.5  4.23887e-09
26  1.2  0.0199689
26  1.4  0.0115897
26  1.3  0.0153319
26  1.5  0.00875737
26  1.6  0.00673712
26  1.7  0.00512786
26  2.0  0.00236577
26  1.8  0.00391853
26  1.9  0.00299735
26  2.5  0.000689405
26  3.0  0.000223893
26  3.5  8.16569e-05
24  11.5  1.46862e-09
24  12.0  8.55688e-10
26  4.5  1.30244e-05
26  5.5  2.56222e-06
26  4.0  3.15792e-05
26  5.0  5.49823e-06
26  7.0  2.90214e-07
26  6.0  1.20057e-06
26  6.5  5.7744e-07
26  8.5  3.93136e-08
26  7.5  1.46998e-07
26  8.0  7.61754e-08
26  10.0  6.55156e-09
26  9.0  2.11772e-08
26  10.5  3.85475e-09
26  9.5  1.22022e-08
28  0.2  0.0508875
28  0.3  0.0714281
28  0.4  0.0814831
28  0.5  0.0793558
28  0.6  0.0720889
28  0.7  0.0596735
28  0.8  0.0479274
28  0.9  0.0385431
28  1.0  0.0294028
28  1.1  0.0225538
28  1.2  0.0171781
28  1.3  0.0128846
28  1.4  0.00984569
28  1.5  0.00751123
28  1.6  0.00562134
26  11.0  2.20296e-09
28  1.7  0.00431236
28  1.8  0.00333866
28  2.0  0.00199015
28  1.9  0.00250671
28  2.5  0.000561863
26  11.5  1.26398e-09
28  3.0  0.000193109
28  3.5  6.91154e-05
26  12.0  7.42325e-10
28  4.5  1.0504e-05
28  5.0  4.54878e-06
28  4.0  2.6787e-05
28  5.5  2.06691e-06
28  6.5  4.84031e-07
28  6.0  1.00406e-06
28  8.0  6.37168e-08
28  7.0  2.37677e-07
28  7.5  1.23905e-07
28  8.5  3.43104e-08
28  9.0  1.86786e-08
28  9.5  9.94531e-09
30  0.2  0.0469812
28  10.0  5.78067e-09
28  10.5  3.24623e-09
30  0.3  0.0648147
30  0.4  0.0726483
30  0.5  0.0696007
30  0.6  0.060035
30  0.8  0.0400995
30  0.7  0.0504143
28  11.0  1.85085e-09
30  0.9  0.0312909
30  1.0  0.0239866
30  1.1  0.0182236
30  1.2  0.0140996
30  1.3  0.0104377
30  1.4  0.00782028
30  1.5  0.0059434
30  1.6  0.00431591
30  1.7  0.00338176
30  1.8  0.0026141
30  1.9  0.00201426
30  2.5  0.000467969
30  2.0  0.00155414
30  3.0  0.000153791
30  3.5  5.24125e-05
28  11.5  1.07674e-09
30  4.0  2.1151e-05
28  12.0  6.05982e-10
30  5.0  3.56278e-06
30  4.5  8.66768e-06
30  6.5  3.77425e-07
30  5.5  1.58888e-06
30  7.0  1.88154e-07
30  7.5  9.76123e-08
30  6.0  7.58645e-07
30  9.0  1.4357e-08
30  8.0  5.00368e-08
30  8.5  2.68573e-08
30  9.5  7.85009e-09
30  10.0  4.39325e-09
32  0.2  0.0438547
32  0.3  0.0572745
32  0.4  0.0600646
30  10.5  2.48904e-09
30  12.0  4.91984e-10
30  11.5  8.52562e-10
32  0.5  0.0561415
32  0.6  0.047798
30  11.0  1.43907e-09
32  0.8  0.0306753
32  0.7  0.0387099
32  1.0  0.0178917
32  0.9  0.0233506
32  1.1  0.0132993
32  1.3  0.00778987
32  1.2  0.0100316
32  1.4  0.00570841
32  1.6  0.00331078
32  1.5  0.00422964
32  1.7  0.00253767
32  1.8  0.00189545
32  1.9  0.00149655
32  2.0  0.0011818
32  3.0  0.000105655
32  2.5  0.000330952
32  3.5  3.86905e-05
32  4.0  1.43375e-05
32  4.5  5.9583e-06
32  5.0  2.58985e-06
32  6.0  5.48491e-07
32  5.5  1.171e-06
32  6.5  2.72979e-07
32  7.0  1.31942e-07
32  7.5  6.88926e-08
32  8.0  3.53082e-08
32  8.5  1.91431e-08
32  9.0  1.0346e-08
32  9.5  5.56749e-09
32  10.5  1.78401e-09
34  0.2  0.0365554
32  10.0  3.1569e-09
34  0.3  0.0458641
34  0.4  0.0463508
34  0.5  0.0404908
34  0.6  0.0339842
32  11.0  1.02781e-09
34  0.7  0.0264609
34  0.8  0.0202689
34  0.9  0.0157348
34  1.0  0.0118906
34  1.1  0.00909711
34  1.2  0.00645558
34  1.3  0.00502083
34  1.5  0.00277714
34  1.4  0.00377507
34  1.6  0.00214321
34  1.8  0.00124497
34  1.7  0.00163179
34  1.9  0.000968495
34  2.0  0.000742894
34  2.5  0.000220344
34  3.0  7.20239e-05
34  3.5  2.44857e-05
32  11.5  5.92418e-10
32  12.0  3.49631e-10
34  5.0  1.63707e-06
34  4.5  3.91408e-06
34  4.0  9.4274e-06
34  5.5  7.44117e-07
34  6.0  3.43193e-07
34  6.5  1.71683e-07
34  7.0  8.48142e-08
34  7.5  4.34363e-08
34  8.0  2.28051e-08
34  8.5  1.2205e-08
34  9.0  6.5612e-09
34  9.5  3.68675e-09
4  0.2  0.0590637
34  10.5  1.16107e-09
34  10.0  2.05863e-09
4  0.3  0.0866509
4  0.4  0.104838
4  0.5  0.108531
34  11.0  6.65579e-10
4  0.6  0.105066
4  0.7  0.0926776
4  0.8  0.0778572
4  0.9  0.0631409
4  1.0  0.0503982
4  1.1  0.0388396
4  1.2  0.0300872
4  1.3  0.0233742
4  1.4  0.0181448
4  1.5  0.0138621
4  1.7  0.00821521
4  1.6  0.0107331
4  1.8  0.00634585
4  1.9  0.00493299
4  2.0  0.00395106
4  2.5  0.00117733
4  3.0  0.000374062
4  3.5  0.000135949
34  11.5  3.77125e-10
34  12.0  2.21693e-10
4  4.0  5.3053e-05
4  4.5  2.18587e-05
4  5.0  9.20258e-06
4  5.5  4.31331e-06
4  6.0  2.07973e-06
4  6.5  9.61278e-07
4  7.0  4.75627e-07
4  7.5  2.49433e-07
4  8.0  1.31005e-07
4  8.5  6.80814e-08
4  9.0  3.63439e-08
4  10.5  6.48773e-09
4  9.5  2.0175e-08
6  0.2  0.0591606
4  10.0  1.14671e-08
6  0.3  0.0869346
6  0.4  0.104531
6  0.5  0.109255
6  0.6  0.103408
6  0.7  0.091821
6  0.9  0.0628507
6  0.8  0.0770973
6  1.0  0.0502574
6  1.1  0.0391342
6  1.2  0.0304946
6  1.3  0.0234234
6  1.4  0.0178669
6  1.5  0.0138007
6  1.6  0.0106684
6  1.7  0.00819423
6  1.8  0.00642065
4  11.0  3.63393e-09
6  1.9  0.00488586
6  2.0  0.00380356
6  2.5  0.00113469
6  3.0  0.000375582
6  3.5  0.00013576
4  11.5  2.17096e-09
4  12.0  1.27343e-09
6  4.5  2.18443e-05
6  4.0  5.21163e-05
6  5.0  9.5018e-06
6  5.5  4.26718e-06
6  6.0  1.96894e-06
6  6.5  9.34524e-07
6  7.0  4.8365e-07
6  7.5  2.355e-07
6  8.0  1.26827e-07
6  8.5  6.79946e-08
6  9.0  3.73032e-08
6  10.5  6.42125e-09
6  9.5  2.0564e-08
8  0.2  0.0594278
8  0.3  0.0858613
6  10.0  1.12029e-08
8  0.5  0.109343
8  0.4  0.102849
8  0.6  0.103103
8  0.7  0.0912232
8  0.8  0.0756833
8  0.9  0.0616862
8  1.1  0.0384431
8  1.0  0.048786
8  1.2  0.0301045
8  1.3  0.0228196
8  1.4  0.0175871
8  1.5  0.0137202
8  1.6  0.0105993
8  1.7  0.00813185
8  1.8  0.00626919
8  1.9  0.00481336
8  2.0  0.0037543
6  11.0  3.68217e-09
8  2.5  0.00115915
8  3.0  0.000366343
8  3.5  0.000132457
6  11.5  2.14605e-09
6  12.0  1.25467e-09
8  4.5  2.11942e-05
8  4.0  5.24036e-05
8  5.0  9.3392e-06
8  5.5  4.16118e-06
8  6.0  1.89925e-06
8  6.5  9.35604e-07
8  7.0  4.59552e-07
8  7.5  2.3506e-07
8  8.0  1.22706e-07
8  8.5  6.44549e-08
8  9.0  3.58853e-08
8  9.5  1.95516e-08
8  10.5  6.20939e-09
8  11.0  3.6925e-09
8  10.0  1.12307e-08
8  12.0  1.24519e-09
8  11.5  2.13638e-09
