# diffractive D0 cross section, Pb target, HymnD fragmentation, An0n channel
# generated      : 2026-08-20 11:04:50 EEST
# calls          : 1e5 (VEGAS calls per point, see CALLS_EXCL/CALLS_EXCL_FACTORIZED/CALLS_DIFF)
# dipole samples : data/Pb/bk_posterior/member_0071/glauber_mve_<b>
# pD0 sweep      : 0.2 0.3 0.4 0.5 0.6 0.7 0.8 0.9 1.0 1.1 1.2 1.3 1.4 1.5 1.6 1.7 1.8 1.9 2.0 2.5 3.0 3.5 4.0 4.5 5.0 5.5 6.0 6.5 7.0 7.5 8.0 8.5 9.0 9.5 10.0 10.5 11.0 11.5 12.0
# fixed rapidity y : -1.0
# ============================================================
# b  pD0  dsigma_dyd2pD0
0  0.5  1.17746
0  0.4  1.06295
0  0.2  0.585209
0  0.3  0.850096
0  0.6  1.18784
0  0.7  1.1233
0  0.8  1.00646
0  1.0  0.753598
0  0.9  0.882399
0  1.2  0.525913
0  1.1  0.630637
0  1.3  0.43353
0  1.4  0.355279
0  1.5  0.294949
0  1.6  0.244128
0  1.7  0.199493
0  1.8  0.166175
0  1.9  0.135725
0  2.5  0.048548
0  2.0  0.114694
0  3.0  0.0224792
0  3.5  0.011165
0  4.0  0.00607467
0  4.5  0.00342561
0  5.0  0.0020833
0  5.5  0.00127504
0  6.5  0.000544689
0  6.0  0.000819182
0  8.0  0.000183076
0  7.0  0.00036902
0  7.5  0.000259534
0  8.5  0.000130659
0  9.0  9.58453e-05
0  9.5  6.97875e-05
0  10.0  5.29112e-05
0  10.5  4.00867e-05
10  0.2  0.579701
10  0.3  0.839341
10  0.4  1.04575
10  0.5  1.1514
0  11.5  2.31643e-05
10  0.6  1.17162
10  0.7  1.09723
10  0.8  0.974156
0  11.0  3.01819e-05
10  0.9  0.859036
10  1.0  0.729809
10  1.1  0.606062
10  1.2  0.508765
10  1.3  0.417884
10  1.5  0.282425
10  1.4  0.343276
10  1.7  0.190342
10  1.6  0.23248
10  1.9  0.13026
10  1.8  0.158332
10  2.0  0.109717
10  2.5  0.0461571
10  3.0  0.0213598
10  3.5  0.0105772
0  12.0  1.81421e-05
10  4.0  0.00577957
10  4.5  0.00326763
10  5.0  0.00194997
10  6.0  0.000803859
10  5.5  0.00124216
10  7.0  0.000355293
10  6.5  0.000517476
10  7.5  0.000243489
10  8.0  0.00017198
10  8.5  0.000121497
10  9.0  9.11788e-05
10  9.5  6.63552e-05
10  10.0  4.91435e-05
10  12.0  1.71125e-05
10  10.5  3.73259e-05
12  0.2  0.566043
10  11.5  2.22685e-05
12  0.3  0.835455
12  0.4  1.04002
12  0.5  1.13688
12  0.6  1.15245
12  0.7  1.07554
12  0.9  0.837134
12  0.8  0.97246
12  1.0  0.714643
10  11.0  2.84058e-05
12  1.1  0.596819
12  1.2  0.494972
12  1.3  0.406923
12  1.4  0.334918
12  1.5  0.275577
12  1.6  0.228485
12  1.7  0.187778
12  1.8  0.151178
12  1.9  0.128963
12  2.5  0.0447965
12  2.0  0.107119
12  3.5  0.0103963
12  3.0  0.0209457
12  4.0  0.00560817
12  4.5  0.00321188
12  5.0  0.00190404
12  5.5  0.00121397
12  7.0  0.000347025
12  6.0  0.000763723
12  6.5  0.000506335
12  9.0  8.89136e-05
12  7.5  0.000239965
12  8.0  0.0001677
12  8.5  0.000121431
12  9.5  6.45516e-05
12  10.0  4.69418e-05
12  10.5  3.6458e-05
14  0.2  0.562943
14  0.3  0.827221
14  0.4  1.02284
14  0.5  1.12542
14  0.6  1.14327
14  0.7  1.06488
12  11.0  2.79032e-05
14  0.8  0.933918
14  0.9  0.827452
14  1.0  0.689886
14  1.1  0.58625
14  1.2  0.484231
14  1.3  0.396256
14  1.4  0.328835
14  1.5  0.271652
12  12.0  1.66001e-05
14  1.6  0.222271
14  1.7  0.183466
14  1.8  0.14879
14  1.9  0.125532
14  2.5  0.0440624
14  2.0  0.101484
12  11.5  2.14941e-05
14  3.0  0.0203626
14  3.5  0.0102378
14  4.0  0.0055215
14  4.5  0.00315437
14  5.0  0.00190709
14  5.5  0.00117202
14  7.0  0.000332676
14  6.0  0.000756113
14  6.5  0.000490013
14  7.5  0.000236614
14  9.0  8.54601e-05
14  8.0  0.000162632
14  8.5  0.000116982
14  10.0  4.70531e-05
14  9.5  6.22114e-05
14  10.5  3.51867e-05
16  0.2  0.5654
14  11.0  2.70991e-05
16  0.3  0.817521
14  12.0  1.62872e-05
16  0.4  1.0194
16  0.5  1.11846
16  0.6  1.11492
16  0.7  1.04381
16  0.8  0.929048
16  0.9  0.794654
14  11.5  2.11118e-05
16  1.0  0.679896
16  1.1  0.568465
16  1.2  0.470627
16  1.4  0.317268
16  1.3  0.389001
16  1.5  0.262326
16  1.6  0.215143
16  1.8  0.145726
16  1.7  0.176111
16  2.0  0.100972
16  1.9  0.121141
16  2.5  0.0424355
16  3.0  0.0193973
16  3.5  0.0097594
16  4.0  0.00524724
16  4.5  0.00298406
16  5.0  0.00182683
16  5.5  0.00111199
16  6.0  0.000725004
16  6.5  0.000471849
16  8.0  0.000156383
16  7.0  0.000320105
16  7.5  0.000222115
16  8.5  0.000114646
16  10.0  4.51727e-05
16  9.0  8.17639e-05
16  9.5  6.04145e-05
16  11.0  2.63989e-05
18  0.2  0.560533
16  10.5  3.4616e-05
18  0.3  0.807017
18  0.4  0.998133
18  0.5  1.08462
16  11.5  2.01081e-05
18  0.6  1.08669
18  0.7  1.01505
18  0.8  0.905909
18  0.9  0.779464
18  1.0  0.658493
18  1.1  0.550189
18  1.2  0.452019
18  1.3  0.374094
18  1.4  0.307094
18  1.6  0.201864
18  1.5  0.251067
18  1.7  0.169717
18  1.8  0.140504
18  1.9  0.115854
16  12.0  1.55462e-05
18  2.0  0.0965197
18  3.0  0.0179927
18  2.5  0.0403383
18  3.5  0.00921016
18  4.0  0.00515878
18  4.5  0.002844
18  5.0  0.00169905
18  5.5  0.0010591
18  6.0  0.000694138
18  7.5  0.000211616
18  6.5  0.000452058
18  7.0  0.000307749
18  8.0  0.000149415
18  8.5  0.000109148
18  9.0  7.97441e-05
18  10.0  4.3268e-05
18  9.5  5.87923e-05
18  10.5  3.26244e-05
2  0.2  0.586944
18  11.0  2.51304e-05
2  0.3  0.852009
2  0.4  1.05554
2  0.5  1.17801
18  11.5  1.88494e-05
2  0.6  1.1853
2  0.7  1.1331
2  0.8  1.0121
2  0.9  0.883572
2  1.0  0.751501
2  1.1  0.6299
2  1.2  0.52193
2  1.3  0.428606
2  1.4  0.358583
2  1.5  0.294988
2  1.7  0.198864
2  1.6  0.242276
2  1.8  0.16532
2  1.9  0.137657
2  2.0  0.114303
2  2.5  0.048517
2  3.0  0.0223532
2  3.5  0.0111902
18  12.0  1.46291e-05
2  4.0  0.00598358
2  4.5  0.00341364
2  5.0  0.00207266
2  5.5  0.00129684
2  6.5  0.00054273
2  6.0  0.000818473
2  8.0  0.000182385
2  7.0  0.000375413
2  7.5  0.000259459
2  8.5  0.00013063
2  9.0  9.39713e-05
2  9.5  6.97758e-05
2  10.0  5.21097e-05
2  11.0  3.04528e-05
2  10.5  3.96791e-05
20  0.2  0.549719
20  0.3  0.790334
20  0.4  0.986687
20  0.5  1.05954
20  0.6  1.04841
20  0.7  0.97986
2  11.5  2.3089e-05
20  0.8  0.87423
20  0.9  0.748772
20  1.0  0.633498
20  1.1  0.525804
20  1.2  0.431945
20  1.4  0.291527
20  1.3  0.356667
20  1.5  0.238773
20  1.6  0.192171
20  1.8  0.130971
20  1.7  0.161165
20  1.9  0.109951
20  2.0  0.0919323
20  2.5  0.0386149
20  3.0  0.0176385
20  3.5  0.00877667
2  12.0  1.79005e-05
20  4.0  0.00475187
20  4.5  0.00270857
20  5.0  0.00165048
20  6.0  0.000658236
20  5.5  0.00100624
20  6.5  0.00042613
20  7.0  0.000289881
20  7.5  0.000203734
20  8.0  0.000142599
20  9.5  5.45733e-05
20  8.5  0.000101181
20  9.0  7.26233e-05
20  10.0  4.08159e-05
20  10.5  3.10871e-05
22  0.2  0.539343
22  0.3  0.783229
22  0.4  0.952542
22  0.5  1.02504
22  0.6  1.01268
22  0.7  0.941623
22  0.8  0.830751
20  11.0  2.33371e-05
22  0.9  0.711292
22  1.0  0.592831
22  1.1  0.496885
22  1.2  0.407784
22  1.3  0.331822
22  1.4  0.27243
22  1.5  0.223294
22  1.6  0.184409
22  1.7  0.149171
22  1.8  0.123607
20  11.5  1.8225e-05
22  1.9  0.102418
22  2.5  0.0351645
22  2.0  0.084777
22  3.0  0.0166663
22  3.5  0.0081548
20  12.0  1.39071e-05
22  4.0  0.00433524
22  4.5  0.00251475
22  5.0  0.00153278
22  5.5  0.000931014
22  6.5  0.000396985
22  6.0  0.00060661
22  7.5  0.000189845
22  8.5  9.5893e-05
22  7.0  0.000272286
22  8.0  0.000133266
22  9.0  6.89822e-05
22  10.0  3.77925e-05
22  9.5  5.05367e-05
24  0.2  0.52352
22  11.0  2.21298e-05
24  0.3  0.757402
22  10.5  2.8574e-05
24  0.4  0.919002
24  0.5  0.993024
24  0.6  0.959401
22  11.5  1.68759e-05
24  0.7  0.884861
24  0.8  0.778786
24  0.9  0.661497
24  1.0  0.547921
24  1.1  0.458478
22  12.0  1.29149e-05
24  1.2  0.376397
24  1.3  0.305157
24  1.5  0.206315
24  1.4  0.252025
24  1.6  0.166949
24  1.7  0.137498
24  1.8  0.114993
24  2.5  0.0323094
24  2.0  0.0777908
24  1.9  0.0942734
24  3.0  0.0151411
24  3.5  0.00763224
24  4.0  0.00408673
24  5.0  0.00139721
24  4.5  0.00229306
24  5.5  0.000866884
24  6.0  0.000544831
24  6.5  0.000365295
24  7.5  0.000169544
24  8.0  0.00011919
24  7.0  0.00024417
24  8.5  8.70092e-05
24  9.0  6.33707e-05
24  10.0  3.43989e-05
24  9.5  4.47812e-05
24  11.0  1.95843e-05
26  0.2  0.511538
24  11.5  1.50325e-05
26  0.3  0.726123
24  10.5  2.58294e-05
26  0.4  0.871653
26  0.5  0.928611
26  0.6  0.889141
26  0.7  0.813696
26  0.8  0.709397
26  0.9  0.599101
26  1.0  0.49771
26  1.1  0.410492
24  12.0  1.17252e-05
26  1.2  0.338124
26  1.3  0.275325
26  1.4  0.223265
26  1.6  0.149971
26  1.5  0.183052
26  1.7  0.119493
26  1.8  0.0995348
26  2.0  0.0691082
26  1.9  0.0821493
26  3.0  0.013241
26  2.5  0.0285546
26  3.5  0.0065592
26  4.5  0.00199376
26  4.0  0.00351049
26  5.0  0.00119428
26  5.5  0.000745007
26  6.5  0.000321926
26  6.0  0.000478286
26  7.5  0.000147971
26  8.0  0.000104667
26  7.0  0.000215237
26  8.5  7.50585e-05
26  9.0  5.54059e-05
26  10.0  2.99556e-05
26  9.5  4.12079e-05
26  11.0  1.77098e-05
28  0.2  0.478793
28  0.3  0.67193
26  12.0  1.03654e-05
26  10.5  2.28057e-05
28  0.4  0.802868
28  0.5  0.845549
28  0.6  0.802304
28  0.7  0.715908
28  0.8  0.619122
28  0.9  0.522597
28  1.0  0.433736
28  1.1  0.35554
28  1.2  0.287486
28  1.3  0.235974
28  1.4  0.19197
28  1.5  0.156052
28  1.6  0.12738
28  1.7  0.10308
26  11.5  1.35854e-05
28  1.8  0.0854066
28  1.9  0.0706149
28  2.0  0.0577028
28  3.0  0.0111806
28  2.5  0.0239579
28  3.5  0.00560562
28  4.0  0.00299662
28  4.5  0.00171479
28  5.0  0.00100825
28  6.0  0.000410285
28  5.5  0.000639299
28  7.0  0.000178301
28  6.5  0.000271786
28  7.5  0.000127604
28  8.0  8.80197e-05
28  9.5  3.43047e-05
28  10.0  2.51159e-05
28  8.5  6.29186e-05
28  9.0  4.57556e-05
28  10.5  1.91418e-05
30  0.2  0.445008
30  0.3  0.620171
30  0.4  0.720408
30  0.5  0.729746
28  12.0  8.61426e-06
30  0.6  0.680887
28  11.5  1.13807e-05
30  0.7  0.591491
30  0.8  0.512682
30  1.0  0.354267
30  0.9  0.429117
30  1.1  0.286556
28  11.0  1.43442e-05
30  1.2  0.232786
30  1.3  0.189031
30  1.5  0.122676
30  1.4  0.152325
30  1.6  0.101861
30  1.7  0.0820026
30  1.8  0.0675208
30  2.0  0.0462
30  2.5  0.0192029
30  1.9  0.0555086
30  3.5  0.00430175
30  3.0  0.00878434
30  4.0  0.00231654
30  4.5  0.00135507
30  5.0  0.000792318
30  6.0  0.000314933
30  5.5  0.000490844
30  7.0  0.000140327
30  6.5  0.000207344
30  7.5  9.82936e-05
30  8.0  6.90999e-05
30  9.0  3.61624e-05
30  8.5  5.06304e-05
30  9.5  2.71161e-05
30  10.0  1.97393e-05
30  11.5  8.76005e-06
32  0.2  0.393842
30  12.0  6.86372e-06
32  0.3  0.530084
30  10.5  1.49793e-05
32  0.4  0.587277
32  0.5  0.579982
32  0.6  0.527952
32  0.7  0.46151
32  0.8  0.384401
32  0.9  0.318629
30  11.0  1.16325e-05
32  1.1  0.209764
32  1.0  0.259975
32  1.2  0.171255
32  1.3  0.136624
32  1.4  0.11083
32  1.5  0.0890061
32  1.6  0.0732633
32  1.8  0.0487379
32  1.7  0.0591112
32  1.9  0.0395226
32  2.5  0.0137625
32  2.0  0.0328059
32  3.0  0.00633367
32  3.5  0.00315526
32  4.0  0.00163729
32  4.5  0.000970268
32  5.0  0.000563239
32  5.5  0.000349983
32  6.0  0.000230485
32  6.5  0.000149966
32  8.0  4.92697e-05
32  7.5  6.89691e-05
32  7.0  0.000100757
32  8.5  3.50719e-05
32  9.5  1.92535e-05
32  9.0  2.62512e-05
32  10.5  1.06165e-05
32  10.0  1.41025e-05
34  0.2  0.331284
32  11.5  6.36951e-06
34  0.3  0.423809
34  0.4  0.444717
34  0.5  0.418664
34  0.6  0.370576
34  0.7  0.31266
34  0.8  0.259865
34  0.9  0.213532
34  1.0  0.174425
34  1.1  0.137686
34  1.2  0.11186
34  1.3  0.0882625
34  1.4  0.0724033
34  1.5  0.0584157
34  1.6  0.0469691
34  1.7  0.0390382
32  11.0  8.27763e-06
34  1.8  0.0315876
34  1.9  0.0262626
34  2.0  0.0212134
34  2.5  0.00877218
34  3.0  0.00401248
34  3.5  0.00198117
32  12.0  4.95418e-06
34  5.5  0.000224256
34  6.0  0.000147689
34  4.0  0.0010982
34  4.5  0.000607071
34  5.0  0.000360217
34  7.0  6.4004e-05
34  6.5  9.49226e-05
34  8.0  3.14076e-05
34  8.5  2.24755e-05
34  7.5  4.52418e-05
34  9.0  1.63586e-05
34  10.0  9.0353e-06
34  9.5  1.23276e-05
34  10.5  6.8515e-06
34  11.5  3.96419e-06
4  0.2  0.57516
4  0.3  0.846823
34  11.0  5.31313e-06
4  0.4  1.06031
4  0.5  1.17737
4  0.6  1.16819
4  0.7  1.12896
4  0.8  1.00419
4  0.9  0.877506
4  1.0  0.752465
4  1.1  0.628229
4  1.2  0.517855
4  1.3  0.434177
4  1.4  0.356298
4  1.5  0.292864
4  1.6  0.241637
34  12.0  3.18748e-06
4  1.7  0.198818
4  1.8  0.165567
4  1.9  0.134155
4  2.0  0.11408
4  2.5  0.0478081
4  3.0  0.022138
4  3.5  0.0110592
4  4.0  0.00592901
4  4.5  0.00341842
4  5.0  0.00206221
4  5.5  0.00126803
4  6.0  0.000814049
4  6.5  0.000538404
4  8.0  0.00018067
4  7.0  0.000364554
4  7.5  0.000254955
4  9.0  9.34289e-05
4  8.5  0.00012855
4  9.5  6.90571e-05
4  10.0  5.12349e-05
4  10.5  3.91049e-05
6  0.2  0.583505
6  0.3  0.849784
6  0.4  1.05777
6  0.5  1.1641
6  0.6  1.18639
4  11.0  2.90398e-05
6  0.7  1.12385
6  0.8  0.99854
6  0.9  0.874376
6  1.0  0.745981
6  1.1  0.624872
6  1.2  0.51917
6  1.3  0.428781
6  1.4  0.35306
6  1.5  0.290256
6  1.6  0.239551
4  11.5  2.29175e-05
6  1.7  0.198874
6  1.8  0.16196
6  2.0  0.10863
6  1.9  0.13514
6  2.5  0.0471112
6  3.5  0.010866
6  3.0  0.0219754
4  12.0  1.80854e-05
6  4.0  0.00597933
6  4.5  0.00339369
6  5.0  0.00201566
6  5.5  0.00125834
6  6.0  0.0008088
6  6.5  0.000535084
6  8.0  0.000179884
6  7.0  0.000362994
6  7.5  0.000250353
6  9.0  9.25576e-05
6  8.5  0.000127436
6  9.5  6.80745e-05
6  10.0  5.15183e-05
6  11.0  2.93265e-05
8  0.2  0.565428
8  0.3  0.845694
6  10.5  3.90294e-05
8  0.4  1.05052
8  0.5  1.16794
8  0.6  1.16908
8  0.7  1.08718
8  0.8  0.988434
8  1.0  0.723609
8  0.9  0.867993
8  1.1  0.620213
8  1.2  0.514167
8  1.3  0.425078
8  1.4  0.349607
8  1.5  0.28331
8  1.6  0.235312
8  1.7  0.192722
6  11.5  2.26732e-05
8  1.8  0.161394
8  2.0  0.109516
8  1.9  0.134197
8  3.0  0.0218897
8  2.5  0.0467519
8  3.5  0.010886
6  12.0  1.75355e-05
8  4.0  0.00584159
8  4.5  0.00333733
8  5.0  0.00202085
8  5.5  0.00123622
8  6.0  0.00080005
8  6.5  0.000527034
8  7.0  0.000364037
8  7.5  0.000252486
8  8.0  0.000175686
8  8.5  0.00012484
8  9.0  9.14248e-05
8  9.5  6.74205e-05
8  10.5  3.77553e-05
8  10.0  4.93899e-05
8  11.0  2.91996e-05
8  11.5  2.26257e-05
8  12.0  1.73036e-05
