# exclusive D0 cross section, Pb target, HymnD fragmentation, An0n channel
# generated      : 2026-08-20 10:20:23 EEST
# calls          : 1e5 below 4.0 GeV, 2e3 above (see EXCL_PT_THRESHOLD) (VEGAS calls per point, see CALLS_EXCL/CALLS_EXCL_FACTORIZED/CALLS_DIFF)
# dipole samples : data/Pb/mve/glauber_mve_<b>
# pD0 sweep      : 0.2 0.3 0.4 0.5 0.6 0.7 0.8 0.9 1.0 1.1 1.2 1.3 1.4 1.5 1.6 1.7 1.8 1.9 2.0 2.5 3.0 3.5 4.0 4.5 5.0 5.5 6.0 6.5 7.0 7.5 8.0 8.5 9.0 9.5 10.0 10.5 11.0 11.5 12.0
# fixed rapidity y : 2.0
# ============================================================
# b  pD0  dsigma_dyd2pD0
0  0.3  1.17395
0  0.5  0.720588
0  0.4  0.934506
0  0.2  1.42248
0  0.6  0.541193
0  0.8  0.290046
0  0.9  0.209233
0  0.7  0.398779
0  1.0  0.150305
0  1.3  0.0558003
0  1.1  0.107746
0  1.2  0.0773293
0  1.4  0.0400458
0  1.5  0.0290757
0  1.6  0.0212421
0  1.7  0.0157554
0  1.8  0.0113006
0  1.9  0.00834705
0  2.0  0.00629022
0  2.5  0.00147984
0  3.5  0.000138151
0  3.0  0.000363593
0  4.0  3.70036e-05
0  5.0  4.77642e-06
0  4.5  1.27823e-05
0  5.5  1.88005e-06
0  6.0  7.82438e-07
0  6.5  3.4061e-07
0  7.0  1.55472e-07
0  7.5  7.34931e-08
0  8.0  3.5939e-08
0  8.5  1.81151e-08
0  9.0  9.40162e-09
0  9.5  4.99152e-09
0  10.0  2.71508e-09
10  0.2  1.3596
10  0.3  1.1202
10  0.4  0.890764
0  10.5  1.512e-09
10  0.5  0.685462
10  0.6  0.514375
10  0.7  0.377938
10  0.8  0.274307
10  0.9  0.197538
10  1.0  0.141473
10  1.2  0.0725963
10  1.1  0.101381
10  1.3  0.0521369
10  1.4  0.0375454
10  1.5  0.0271047
0  11.0  8.55823e-10
10  1.6  0.0197169
10  1.7  0.0143324
10  1.8  0.0104332
10  2.0  0.00578899
10  1.9  0.00772672
10  3.0  0.000339404
10  2.5  0.00136739
10  3.5  0.000116151
0  11.5  4.94291e-10
0  12.0  2.90453e-10
10  4.0  3.39933e-05
10  4.5  1.17449e-05
10  5.0  4.36892e-06
10  5.5  1.72313e-06
10  7.0  1.4358e-07
10  6.0  7.16431e-07
10  6.5  3.12477e-07
10  7.5  6.70867e-08
10  8.0  3.28078e-08
10  8.5  1.65299e-08
10  10.0  2.47187e-09
10  9.0  8.56122e-09
10  9.5  4.54394e-09
12  0.2  1.32995
12  0.3  1.0961
10  10.5  1.37694e-09
12  0.4  0.870315
12  0.5  0.668951
12  0.6  0.501127
12  0.7  0.368214
12  0.8  0.267248
12  0.9  0.192265
12  1.0  0.137604
12  1.1  0.0985049
12  1.2  0.0704349
10  11.0  7.79117e-10
12  1.3  0.050527
12  1.4  0.0366367
12  1.5  0.0262345
12  1.7  0.0140211
12  1.6  0.0190512
12  1.8  0.0102983
10  12.0  2.65018e-10
12  1.9  0.0074667
10  11.5  4.49829e-10
12  2.5  0.00128691
12  2.0  0.00553412
12  3.0  0.000331725
12  3.5  0.000119929
12  4.0  3.27075e-05
12  4.5  1.12937e-05
12  5.0  4.19375e-06
12  5.5  1.65298e-06
12  6.0  6.87614e-07
12  6.5  2.99505e-07
12  7.0  1.36169e-07
12  8.5  1.59299e-08
12  7.5  6.42584e-08
12  8.0  3.14112e-08
12  9.0  8.19332e-09
12  9.5  4.35094e-09
12  10.0  2.3684e-09
14  0.2  1.29415
14  0.3  1.06539
12  10.5  1.31593e-09
14  0.4  0.845472
14  0.5  0.649351
14  0.6  0.485918
14  0.7  0.356414
14  0.8  0.258249
14  0.9  0.185932
14  1.0  0.132897
14  1.1  0.0949538
14  1.2  0.0678484
12  11.0  7.45032e-10
14  1.3  0.0486601
14  1.4  0.0350859
14  1.5  0.0252315
14  1.6  0.018283
14  1.7  0.0136643
14  1.8  0.00987112
14  1.9  0.00709901
12  12.0  2.53259e-10
14  2.0  0.00527784
14  3.0  0.000306771
14  2.5  0.00125225
14  3.5  8.58984e-05
12  11.5  4.30034e-10
14  4.0  3.11221e-05
14  5.0  3.99496e-06
14  4.5  1.07405e-05
14  5.5  1.56905e-06
14  6.0  6.52208e-07
14  6.5  2.83998e-07
14  7.0  1.29076e-07
14  8.5  1.50899e-08
14  7.5  6.09383e-08
14  8.0  2.9749e-08
14  10.5  1.25385e-09
14  9.0  7.7822e-09
14  9.5  4.11446e-09
16  0.2  1.25032
16  0.3  1.02829
16  0.4  0.815399
14  10.0  2.24028e-09
16  0.5  0.625215
16  0.6  0.46715
16  0.7  0.342472
16  0.8  0.247959
16  0.9  0.177984
16  1.0  0.127152
16  1.1  0.0907947
16  1.2  0.0646958
16  1.3  0.0464624
16  1.4  0.0334692
16  1.5  0.0241481
16  1.6  0.0174192
16  1.8  0.00936965
16  1.7  0.0127393
14  11.0  7.04962e-10
14  12.0  2.3919e-10
16  1.9  0.00677778
16  2.0  0.00515833
16  2.5  0.00117103
16  3.0  0.000306712
16  3.5  8.40338e-05
14  11.5  4.0649e-10
16  4.0  2.92764e-05
16  5.0  3.74906e-06
16  4.5  1.0069e-05
16  5.5  1.47079e-06
16  6.0  6.10963e-07
16  6.5  2.65585e-07
16  7.0  1.20795e-07
16  8.5  1.40913e-08
16  7.5  5.69343e-08
16  8.0  2.78101e-08
16  10.5  1.16979e-09
16  9.5  3.86152e-09
16  9.0  7.24165e-09
18  0.2  1.19859
18  0.3  0.984057
16  10.0  2.08847e-09
18  0.4  0.779183
18  0.5  0.596719
18  0.6  0.445113
18  0.7  0.325691
18  0.8  0.234893
18  0.9  0.168433
18  1.0  0.120494
18  1.1  0.0855067
18  1.2  0.0611757
18  1.3  0.0437663
18  1.4  0.03132
18  1.6  0.0163653
18  1.5  0.0226724
18  1.7  0.0118375
18  1.9  0.00649338
18  1.8  0.00877539
16  11.0  6.57395e-10
18  2.0  0.00469632
18  2.5  0.00107089
18  3.0  0.000291205
18  3.5  8.37166e-05
16  11.5  3.7907e-10
16  12.0  2.22352e-10
18  4.0  2.70613e-05
18  4.5  9.31059e-06
18  5.0  3.4547e-06
18  5.5  1.35742e-06
18  6.5  2.45767e-07
18  6.0  5.6295e-07
18  8.5  1.29365e-08
18  7.0  1.11147e-07
18  7.5  5.23884e-08
18  8.0  2.55762e-08
18  10.0  1.92631e-09
18  9.5  3.54845e-09
18  9.0  6.6622e-09
18  10.5  1.07433e-09
2  0.2  1.41994
2  0.3  1.17173
2  0.4  0.932872
2  0.5  0.719223
2  0.6  0.540147
2  0.8  0.289455
2  0.7  0.397958
2  0.9  0.20913
2  1.0  0.149889
2  1.1  0.107421
2  1.2  0.0772994
2  1.3  0.0557098
2  1.4  0.0399782
2  1.5  0.0290178
2  1.6  0.021023
18  11.0  6.025e-10
2  1.7  0.0157255
2  1.8  0.0115111
2  1.9  0.00823289
2  2.0  0.00610149
2  2.5  0.00146462
18  11.5  3.47569e-10
2  3.0  0.000416037
2  3.5  0.000140419
18  12.0  2.03831e-10
2  4.0  3.68925e-05
2  5.0  4.76077e-06
2  4.5  1.2741e-05
2  5.5  1.87382e-06
2  6.0  7.79819e-07
2  6.5  3.39463e-07
2  7.0  1.54946e-07
2  7.5  7.32372e-08
2  8.0  3.58143e-08
2  8.5  1.80524e-08
2  9.0  9.36872e-09
2  9.5  4.97399e-09
2  10.0  2.70541e-09
20  0.2  1.13501
20  0.3  0.930932
2  10.5  1.50673e-09
20  0.4  0.735764
20  0.6  0.418751
20  0.5  0.562268
20  0.7  0.305489
20  0.8  0.220553
20  0.9  0.157207
20  1.0  0.112055
20  1.1  0.0796947
20  1.2  0.0569078
20  1.3  0.0405671
20  1.4  0.0290492
20  1.5  0.0211379
20  1.6  0.0151422
20  1.7  0.0111716
20  1.8  0.00810485
2  11.0  8.52764e-10
20  1.9  0.00587861
20  2.5  0.000963768
20  2.0  0.00431371
20  3.5  9.36598e-05
20  3.0  0.000274372
2  11.5  4.92526e-10
2  12.0  2.89412e-10
20  4.0  2.46106e-05
20  5.0  3.13449e-06
20  4.5  8.46616e-06
20  5.5  1.22776e-06
20  6.0  5.08901e-07
20  6.5  2.21061e-07
20  7.0  1.00327e-07
20  8.5  1.16413e-08
20  7.5  4.7207e-08
20  8.0  2.30273e-08
20  10.0  1.73083e-09
20  9.5  3.18866e-09
20  9.0  5.98708e-09
22  0.2  1.05872
22  0.3  0.867068
22  0.4  0.683715
22  0.5  0.5211
22  0.6  0.386917
22  0.7  0.281632
22  0.8  0.202484
20  10.5  9.56022e-10
22  1.0  0.102525
22  0.9  0.144253
22  1.1  0.0726866
22  1.2  0.0516312
22  1.3  0.0368071
22  1.4  0.0263196
22  1.5  0.0188796
20  11.0  5.40602e-10
22  1.6  0.0137459
22  1.7  0.00984284
22  1.9  0.00525811
22  1.8  0.00718021
22  2.0  0.00386621
22  2.5  0.000879597
22  3.0  0.000222542
22  3.5  6.17025e-05
20  11.5  3.11731e-10
20  12.0  1.82751e-10
22  5.0  2.75794e-06
22  6.0  4.49055e-07
22  4.0  2.1757e-05
22  4.5  7.47669e-06
22  5.5  1.07842e-06
22  6.5  1.95775e-07
22  7.0  8.79687e-08
22  7.5  4.13507e-08
22  8.5  1.0203e-08
22  8.0  2.01604e-08
22  10.5  8.42307e-10
22  9.0  5.23073e-09
22  9.5  2.71563e-09
22  11.0  4.74477e-10
24  0.2  0.96578
24  0.3  0.788951
22  10.0  1.50217e-09
24  0.4  0.620421
24  0.5  0.471234
24  0.6  0.348746
24  0.7  0.25286
24  0.8  0.181126
24  0.9  0.128789
24  1.0  0.0911202
24  1.1  0.0645117
24  1.2  0.0457919
24  1.3  0.0325179
24  1.4  0.0231532
24  1.5  0.0167046
24  1.6  0.0119337
24  1.7  0.00866971
24  1.8  0.00623063
24  1.9  0.00459213
24  2.5  0.000738957
24  2.0  0.00346245
24  3.0  0.000219061
24  3.5  5.02578e-05
22  11.5  2.71372e-10
22  12.0  1.5906e-10
24  5.0  2.34516e-06
24  4.0  1.8423e-05
24  4.5  6.35886e-06
24  5.5  9.15128e-07
24  6.0  3.77913e-07
24  6.5  1.63789e-07
24  7.5  3.50383e-08
24  7.0  7.39845e-08
24  8.0  1.69425e-08
24  8.5  8.50126e-09
24  9.0  4.39154e-09
24  9.5  2.32414e-09
24  11.0  3.95204e-10
26  0.2  0.852211
24  10.0  1.25777e-09
26  0.3  0.693939
26  0.4  0.54378
26  0.5  0.411329
26  0.6  0.302736
24  10.5  6.97341e-10
26  0.7  0.2186
26  0.8  0.15609
26  1.0  0.0777567
26  0.9  0.110341
26  1.1  0.054827
26  1.2  0.0387152
26  1.3  0.027414
26  1.4  0.0195809
26  1.5  0.0140842
26  1.6  0.0100638
26  1.7  0.00727536
26  1.8  0.00520625
26  1.9  0.00380491
26  2.0  0.00280189
26  3.0  0.000160752
26  2.5  0.000634828
26  3.5  5.47565e-05
24  11.5  2.26367e-10
26  5.0  1.89172e-06
24  12.0  1.32736e-10
26  4.5  5.13382e-06
26  4.0  1.50074e-05
26  5.5  7.32831e-07
26  6.0  3.02059e-07
26  6.5  1.30726e-07
26  7.0  5.89383e-08
26  8.5  6.7894e-09
26  7.5  2.76576e-08
26  8.0  1.3472e-08
26  9.0  3.46821e-09
26  9.5  1.83207e-09
26  10.0  9.92678e-10
28  0.2  0.71582
28  0.3  0.580505
26  10.5  5.49684e-10
28  0.4  0.451871
28  0.5  0.339942
28  0.6  0.248819
28  0.7  0.178468
28  0.8  0.126377
28  0.9  0.0890212
26  11.0  3.09802e-10
28  1.0  0.0624179
28  1.1  0.0437053
28  1.3  0.0217676
28  1.2  0.0307232
28  1.4  0.0153207
28  1.5  0.0109796
28  1.6  0.00789379
28  1.7  0.00556755
28  1.8  0.00402234
28  1.9  0.00297313
28  2.0  0.00215832
26  11.5  1.7829e-10
28  2.5  0.00049763
28  3.0  0.000120346
28  3.5  3.69537e-05
26  12.0  1.04293e-10
28  5.0  1.39333e-06
28  4.0  1.12051e-05
28  4.5  3.80658e-06
28  6.5  9.62661e-08
28  5.5  5.40561e-07
28  6.0  2.21784e-07
28  7.0  4.30337e-08
28  7.5  2.01894e-08
28  8.5  4.88858e-09
28  8.0  9.76504e-09
28  9.0  2.5131e-09
28  9.5  1.32522e-09
28  10.0  7.1608e-10
30  0.2  0.556971
28  10.5  3.95676e-10
30  0.3  0.449286
30  0.4  0.347433
30  0.5  0.259183
28  11.0  2.23129e-10
30  0.6  0.188003
30  0.7  0.133798
30  0.8  0.0941057
30  0.9  0.0655806
30  1.0  0.0457487
30  1.1  0.0318726
30  1.2  0.0222555
30  1.4  0.0110319
30  1.3  0.0156198
30  1.5  0.00781672
30  1.6  0.00552563
30  1.7  0.00394805
30  1.8  0.00283347
30  1.9  0.00207521
30  2.0  0.00151353
30  2.5  0.000341251
28  11.5  1.28149e-10
30  3.0  8.52773e-05
30  3.5  2.46308e-05
28  12.0  7.4843e-11
30  4.5  2.52417e-06
30  4.0  7.47556e-06
30  5.0  9.12972e-07
30  5.5  3.54099e-07
30  6.0  1.44351e-07
30  6.5  6.2093e-08
30  7.0  2.78478e-08
30  7.5  1.2994e-08
30  9.0  1.60751e-09
30  8.0  6.27627e-09
30  8.5  3.12812e-09
30  10.5  2.53021e-10
30  9.5  8.45125e-10
30  10.0  4.55326e-10
32  0.2  0.390976
32  0.3  0.313029
32  0.4  0.239862
32  0.5  0.177082
32  0.6  0.126981
32  0.7  0.0893299
32  0.8  0.0622253
32  1.0  0.0296573
32  0.9  0.0429737
30  11.0  1.41004e-10
32  1.1  0.0204387
32  1.2  0.0142296
32  1.3  0.00991242
32  1.4  0.00693972
30  12.0  4.7304e-11
32  1.5  0.00484726
32  1.6  0.00341909
32  1.8  0.00176969
32  1.7  0.00244084
32  2.0  0.000926001
32  1.9  0.00124949
32  2.5  0.00019698
32  3.0  5.3468e-05
30  11.5  8.09235e-11
32  3.5  1.35981e-05
32  5.0  5.17039e-07
32  4.0  4.29295e-06
32  4.5  1.42902e-06
32  5.5  1.98075e-07
32  6.0  8.04937e-08
32  6.5  3.44162e-08
32  7.0  1.53343e-08
32  7.5  7.11297e-09
32  8.5  1.71062e-09
32  8.0  3.42206e-09
32  9.0  8.67282e-10
32  9.5  4.55255e-10
32  10.0  2.44582e-10
4  0.2  1.41271
4  0.3  1.16554
32  10.5  1.34352e-10
4  0.4  0.928018
4  0.5  0.715097
4  0.6  0.536832
4  0.7  0.395513
4  0.8  0.287639
4  0.9  0.207638
4  1.0  0.148723
4  1.1  0.106718
4  1.2  0.0766574
4  1.3  0.0553127
4  1.4  0.0396519
4  1.5  0.0286895
32  11.0  7.53286e-11
4  1.6  0.0210087
4  1.7  0.0156061
4  1.8  0.0114233
4  1.9  0.00818587
4  2.0  0.00618291
32  11.5  4.30863e-11
4  2.5  0.00146914
4  3.0  0.000362287
4  3.5  0.000123513
32  12.0  2.50428e-11
4  5.0  4.71343e-06
4  4.0  3.6485e-05
4  4.5  1.26172e-05
4  5.5  1.85521e-06
4  6.0  7.71955e-07
4  6.5  3.36014e-07
4  7.0  1.53348e-07
4  7.5  7.24707e-08
4  8.0  3.5442e-08
4  8.5  1.78641e-08
4  9.0  9.25187e-09
4  9.5  4.92066e-09
4  11.0  8.43761e-10
4  10.0  2.67644e-09
6  0.2  1.40043
6  0.3  1.15504
6  0.4  0.919481
4  10.5  1.49056e-09
6  0.5  0.707823
6  0.6  0.53152
6  0.8  0.284486
6  0.7  0.391454
6  0.9  0.205408
6  1.1  0.105242
6  1.0  0.147175
6  1.2  0.0756726
6  1.3  0.0543687
6  1.4  0.039239
6  1.5  0.0286938
6  1.6  0.0206804
6  1.7  0.0150594
6  1.8  0.0110078
6  1.9  0.00806945
6  2.0  0.00600532
6  2.5  0.001436
6  3.5  0.000107282
6  3.0  0.000386629
4  11.5  4.87222e-10
4  12.0  2.86237e-10
6  4.0  3.58896e-05
6  4.5  1.24103e-05
6  5.0  4.61526e-06
6  5.5  1.8238e-06
6  6.0  7.58807e-07
6  6.5  3.30256e-07
6  7.0  1.50684e-07
6  7.5  7.11695e-08
6  8.0  3.48223e-08
6  8.5  1.75494e-08
6  10.0  2.62574e-09
6  9.0  9.10587e-09
6  9.5  4.83293e-09
6  11.0  8.27893e-10
8  0.2  1.38286
8  0.3  1.14017
8  0.4  0.90681
8  0.5  0.698352
8  0.6  0.524006
6  10.5  1.46369e-09
8  0.7  0.385619
8  0.8  0.280016
8  1.0  0.144634
8  0.9  0.201669
8  1.1  0.103498
8  1.2  0.0742671
8  1.3  0.0534155
8  1.4  0.038612
8  1.5  0.0277995
8  1.6  0.0203886
8  1.7  0.0148322
8  1.8  0.0110091
8  1.9  0.00793556
8  2.0  0.00601693
8  2.5  0.00140166
8  3.5  0.000125881
8  3.0  0.000374449
6  11.5  4.78355e-10
6  12.0  2.8091e-10
8  4.0  3.50639e-05
8  4.5  1.21195e-05
8  5.0  4.51046e-06
8  5.5  1.7798e-06
8  6.0  7.4032e-07
8  6.5  3.22492e-07
8  7.0  1.46996e-07
8  7.5  6.93837e-08
8  8.0  3.39456e-08
8  8.5  1.71069e-08
8  10.0  2.55893e-09
8  9.0  8.87188e-09
8  9.5  4.70337e-09
8  10.5  1.42601e-09
8  11.0  8.0672e-10
8  11.5  4.65942e-10
8  12.0  2.74473e-10
