# diffractive D0 cross section, Pb target, HymnD fragmentation, An0n channel
# generated      : 2026-08-20 11:02:19 EEST
# calls          : 1e5 (VEGAS calls per point, see CALLS_EXCL/CALLS_EXCL_FACTORIZED/CALLS_DIFF)
# dipole samples : data/Pb/bk_posterior/member_0035/glauber_mve_<b>
# pD0 sweep      : 0.2 0.3 0.4 0.5 0.6 0.7 0.8 0.9 1.0 1.1 1.2 1.3 1.4 1.5 1.6 1.7 1.8 1.9 2.0 2.5 3.0 3.5 4.0 4.5 5.0 5.5 6.0 6.5 7.0 7.5 8.0 8.5 9.0 9.5 10.0 10.5 11.0 11.5 12.0
# fixed rapidity y : 3.0
# ============================================================
# b  pD0  dsigma_dyd2pD0
0  0.3  0.0891349
0  0.2  0.0601611
0  0.4  0.105716
0  0.5  0.111309
0  0.6  0.105681
0  0.7  0.0933467
0  0.9  0.0615503
0  0.8  0.0768675
0  1.2  0.0280836
0  1.0  0.0482266
0  1.1  0.037393
0  1.3  0.0215891
0  1.4  0.0163263
0  1.6  0.0093465
0  1.5  0.0123988
0  1.7  0.00717363
0  1.8  0.00536389
0  1.9  0.00409938
0  2.0  0.00313684
0  2.5  0.000875278
0  3.5  9.10772e-05
0  3.0  0.000263712
0  4.0  3.32871e-05
0  4.5  1.30911e-05
0  5.0  5.33345e-06
0  5.5  2.29263e-06
0  7.5  1.07808e-07
0  6.0  9.98711e-07
0  6.5  4.59541e-07
0  7.0  2.25734e-07
0  8.5  2.82085e-08
0  8.0  5.61105e-08
0  10.0  4.42758e-09
0  9.0  1.49862e-08
0  9.5  8.01052e-09
10  0.2  0.0595877
10  0.3  0.0871248
0  11.5  7.61991e-10
10  0.4  0.104447
10  0.5  0.108896
10  0.6  0.103061
10  0.7  0.0905772
10  0.8  0.0739831
10  0.9  0.0598998
0  10.5  2.42603e-09
10  1.0  0.0463805
10  1.1  0.0357267
10  1.3  0.0204923
10  1.2  0.0274589
10  1.5  0.0118313
10  1.4  0.0156956
10  1.6  0.008964
0  11.0  1.36281e-09
10  1.9  0.00392091
10  1.8  0.00523103
10  1.7  0.00672832
10  2.0  0.00304556
10  3.0  0.000246143
0  12.0  4.30128e-10
10  2.5  0.000818957
10  3.5  8.5933e-05
10  4.0  3.17405e-05
10  4.5  1.25372e-05
10  5.0  5.19287e-06
10  6.0  9.8791e-07
10  5.5  2.15728e-06
10  6.5  4.53046e-07
10  7.0  2.09628e-07
10  7.5  1.07981e-07
10  8.0  5.42686e-08
10  9.5  7.72498e-09
10  10.0  4.22121e-09
10  8.5  2.78447e-08
10  9.0  1.46906e-08
12  0.2  0.0596001
12  0.3  0.0866514
12  0.4  0.103377
12  0.5  0.108437
12  0.6  0.102105
10  10.5  2.28178e-09
12  0.7  0.0881051
12  0.8  0.0735892
12  0.9  0.0584041
12  1.0  0.0458844
12  1.1  0.0353893
12  1.2  0.0267214
12  1.3  0.0208237
12  1.4  0.0154161
10  11.0  1.2754e-09
12  1.6  0.00888212
12  1.5  0.0114958
12  1.8  0.00506938
12  1.7  0.0066347
12  1.9  0.00385525
10  11.5  7.35773e-10
12  2.0  0.00289111
12  2.5  0.000798041
12  3.5  8.36108e-05
12  3.0  0.000248058
10  12.0  4.13884e-10
12  4.0  3.09403e-05
12  4.5  1.21246e-05
12  5.0  4.92793e-06
12  6.0  9.4466e-07
12  5.5  2.04512e-06
12  6.5  4.44813e-07
12  7.0  2.11047e-07
12  7.5  1.05245e-07
12  8.0  5.27108e-08
12  9.5  7.52265e-09
12  8.5  2.60704e-08
12  9.0  1.41451e-08
12  10.0  4.12503e-09
14  0.2  0.0590817
12  10.5  2.26305e-09
14  0.3  0.085999
14  0.4  0.10251
14  0.5  0.106813
14  0.6  0.101227
12  11.5  7.09312e-10
14  0.7  0.0875463
14  0.8  0.0722183
14  0.9  0.0574803
14  1.0  0.0452007
14  1.2  0.0259181
14  1.1  0.0344569
14  1.3  0.0198362
14  1.4  0.0150989
12  11.0  1.24758e-09
14  1.5  0.0112812
14  1.6  0.00849835
14  1.7  0.00642088
14  1.8  0.00491353
14  1.9  0.00371472
14  2.0  0.00287502
14  3.0  0.000238838
14  2.5  0.000779667
14  3.5  8.13183e-05
14  4.0  2.91666e-05
12  12.0  4.02172e-10
14  4.5  1.12216e-05
14  5.0  4.64982e-06
14  5.5  1.93106e-06
14  6.0  9.07811e-07
14  7.0  2.09001e-07
14  6.5  4.33604e-07
14  7.5  1.02963e-07
14  8.0  5.05189e-08
14  9.5  7.31267e-09
14  8.5  2.61099e-08
14  9.0  1.36996e-08
16  0.2  0.0584449
16  0.3  0.0861569
14  10.0  3.85923e-09
16  0.4  0.10069
16  0.5  0.106109
14  10.5  2.17081e-09
16  0.6  0.0992573
16  0.7  0.0860499
14  11.0  1.21101e-09
16  0.8  0.0708284
16  0.9  0.0560675
16  1.1  0.0333627
16  1.0  0.0434856
16  1.2  0.0253527
16  1.3  0.0192833
16  1.4  0.0145957
16  1.5  0.0110426
16  1.8  0.00475129
16  1.6  0.00826388
16  1.7  0.00628853
16  1.9  0.00356698
16  2.5  0.000771677
16  2.0  0.00276044
14  11.5  6.78882e-10
16  3.0  0.000229808
16  3.5  7.84914e-05
16  4.0  2.84904e-05
14  12.0  3.91573e-10
16  4.5  1.07777e-05
16  5.0  4.64695e-06
16  5.5  1.89767e-06
16  6.0  8.79707e-07
16  8.0  4.90941e-08
16  7.5  9.81863e-08
16  6.5  3.9712e-07
16  7.0  2.01149e-07
16  8.5  2.52894e-08
16  10.5  2.08746e-09
16  9.0  1.32366e-08
16  9.5  7.02798e-09
16  10.0  3.8285e-09
18  0.2  0.0579571
18  0.3  0.0846096
18  0.4  0.100394
18  0.5  0.103977
18  0.6  0.0961906
18  0.7  0.0831782
18  0.8  0.0686102
18  1.0  0.0419212
18  0.9  0.0542988
18  1.1  0.032631
18  1.2  0.0244944
16  11.5  6.57184e-10
18  1.3  0.0185064
18  1.5  0.0106625
18  1.4  0.0139211
18  1.6  0.00809511
18  1.7  0.00611548
18  1.8  0.00455436
18  2.0  0.00265957
16  11.0  1.16427e-09
18  1.9  0.00347476
18  2.5  0.000717686
18  3.0  0.000216468
18  3.5  7.61978e-05
16  12.0  3.73095e-10
18  4.0  2.76089e-05
18  4.5  1.06221e-05
18  5.0  4.45274e-06
18  5.5  1.89116e-06
18  6.0  8.60991e-07
18  6.5  3.97497e-07
18  7.0  1.84474e-07
18  7.5  9.31961e-08
18  8.0  4.62937e-08
18  9.5  6.51454e-09
18  9.0  1.27746e-08
18  8.5  2.42169e-08
18  10.5  2.11926e-09
18  10.0  3.61336e-09
2  0.2  0.0606573
2  0.3  0.0884809
2  0.4  0.106621
2  0.5  0.111106
2  0.6  0.105039
2  0.7  0.0925849
2  0.8  0.0768896
2  0.9  0.0611336
2  1.0  0.0483151
18  12.0  3.57056e-10
2  1.2  0.0288249
18  11.0  1.15283e-09
2  1.1  0.0370466
2  1.3  0.0217469
2  1.4  0.0162426
2  1.5  0.0124806
2  1.6  0.00931294
2  1.7  0.00708729
2  1.8  0.00540782
2  2.0  0.00314905
2  1.9  0.00410756
2  3.0  0.000266925
2  2.5  0.000877405
18  11.5  6.37593e-10
2  3.5  8.93624e-05
2  4.0  3.24253e-05
2  4.5  1.29273e-05
2  5.0  5.19667e-06
2  6.0  1.00996e-06
2  5.5  2.32618e-06
2  7.5  1.13675e-07
2  6.5  4.70277e-07
2  7.0  2.20228e-07
2  8.5  2.90246e-08
2  8.0  5.521e-08
2  10.0  4.35631e-09
2  10.5  2.44457e-09
2  9.0  1.51262e-08
2  9.5  8.11325e-09
20  0.2  0.0571861
20  0.3  0.0831858
20  0.4  0.098207
20  0.5  0.101041
20  0.6  0.0934635
20  0.7  0.0811003
20  0.8  0.0663919
20  0.9  0.0516005
20  1.0  0.0394746
2  11.0  1.33834e-09
20  1.1  0.0310732
20  1.2  0.023449
20  1.4  0.0133102
20  1.3  0.0176237
20  1.7  0.00572565
20  1.5  0.0100096
20  1.6  0.0076139
20  1.8  0.00431823
20  1.9  0.00330814
20  2.0  0.00253924
20  2.5  0.000686033
20  3.0  0.000210118
2  12.0  4.33999e-10
20  3.5  7.16228e-05
2  11.5  7.6348e-10
20  5.0  4.12448e-06
20  4.0  2.65304e-05
20  4.5  9.79173e-06
20  5.5  1.7884e-06
20  7.5  8.8142e-08
20  6.0  8.08963e-07
20  6.5  3.75364e-07
20  7.0  1.7645e-07
20  9.0  1.19738e-08
20  8.0  4.45816e-08
20  10.0  3.47958e-09
20  8.5  2.32133e-08
20  9.5  6.33988e-09
22  0.2  0.0569267
22  0.3  0.0813127
22  0.4  0.0957746
22  0.5  0.0989065
22  0.6  0.0910573
20  10.5  1.91124e-09
20  12.0  3.46414e-10
22  0.7  0.0773259
22  0.8  0.0632495
22  0.9  0.0495723
22  1.0  0.0381065
22  1.1  0.0295238
22  1.2  0.0220238
22  1.4  0.0127186
22  1.3  0.0167027
22  1.5  0.00946635
22  1.6  0.00708109
20  11.0  1.06954e-09
22  1.7  0.00521822
22  1.8  0.00401853
22  1.9  0.00310699
22  2.0  0.00233254
22  2.5  0.000630994
22  3.0  0.000199475
22  3.5  6.72299e-05
20  11.5  5.937e-10
22  5.0  3.87464e-06
22  6.0  7.59808e-07
22  4.0  2.34266e-05
22  4.5  8.98338e-06
22  5.5  1.68123e-06
22  7.0  1.66263e-07
22  7.5  8.01645e-08
22  6.5  3.51813e-07
22  8.0  3.95587e-08
22  9.5  5.83179e-09
22  8.5  2.13068e-08
22  9.0  1.10636e-08
22  10.0  3.21211e-09
22  11.0  9.64262e-10
22  10.5  1.75911e-09
24  0.2  0.0553799
24  0.3  0.0803017
24  0.4  0.0925781
24  0.5  0.0943889
24  0.6  0.0860489
24  0.7  0.0725592
22  12.0  3.13312e-10
24  0.8  0.0589196
24  0.9  0.0455211
24  1.0  0.0357376
24  1.1  0.0268926
24  1.2  0.0203105
24  1.3  0.0154067
24  1.4  0.0115693
24  1.5  0.00866207
24  1.6  0.0065295
24  1.7  0.00492638
24  1.8  0.00364966
24  1.9  0.00281278
24  2.0  0.00210861
24  2.5  0.000590531
24  3.0  0.000181167
24  3.5  6.06427e-05
22  11.5  5.44388e-10
24  4.0  2.20085e-05
24  4.5  8.44832e-06
24  5.0  3.55932e-06
24  5.5  1.52815e-06
24  6.0  6.66678e-07
24  6.5  3.11031e-07
24  7.0  1.51551e-07
24  7.5  7.19458e-08
24  8.0  3.68513e-08
24  8.5  1.93943e-08
24  9.0  9.88321e-09
24  9.5  5.40914e-09
24  10.5  1.57821e-09
24  11.0  8.86471e-10
24  10.0  2.94546e-09
26  0.2  0.054586
26  0.3  0.0766716
26  0.4  0.0882342
26  0.5  0.0883254
26  0.6  0.0789338
26  0.7  0.0663417
26  0.8  0.05382
26  0.9  0.0423065
26  1.0  0.0322731
26  1.1  0.0242504
26  1.2  0.0181759
26  1.3  0.0136861
26  1.4  0.0102508
26  1.5  0.0077858
26  1.7  0.0043518
26  1.6  0.00570149
26  1.8  0.00325369
26  1.9  0.00245409
26  2.0  0.00192191
26  3.0  0.000156897
26  2.5  0.000517946
26  3.5  5.28568e-05
24  11.5  4.96419e-10
24  12.0  2.85998e-10
26  4.0  1.8142e-05
26  4.5  7.23511e-06
26  5.0  3.15302e-06
26  5.5  1.33833e-06
26  6.0  5.7918e-07
26  6.5  2.78217e-07
26  7.0  1.28346e-07
26  7.5  6.52508e-08
26  8.0  3.2986e-08
26  8.5  1.71746e-08
26  9.0  8.65289e-09
26  9.5  4.90852e-09
26  10.0  2.58214e-09
28  0.2  0.0518364
28  0.3  0.0730886
28  0.4  0.0826288
28  0.5  0.0819228
28  0.6  0.0707132
28  0.7  0.0593252
28  0.8  0.0468531
28  0.9  0.0367041
26  10.5  1.43442e-09
28  1.0  0.0277193
28  1.1  0.0211872
28  1.2  0.0155666
28  1.3  0.011767
28  1.4  0.008763
28  1.5  0.00642785
28  1.6  0.00490047
26  11.0  7.74102e-10
28  1.7  0.00368289
28  1.8  0.00273289
28  1.9  0.00209789
28  2.0  0.00161082
28  2.5  0.000437239
28  3.0  0.000135527
28  3.5  4.32634e-05
26  11.5  4.49519e-10
26  12.0  2.54951e-10
28  4.0  1.59429e-05
28  4.5  6.26297e-06
28  5.0  2.65077e-06
28  5.5  1.13079e-06
28  6.0  4.78226e-07
28  7.5  5.47974e-08
28  6.5  2.22717e-07
28  7.0  1.0697e-07
28  8.0  2.79269e-08
28  9.0  7.57428e-09
28  10.0  2.16843e-09
28  8.5  1.37704e-08
28  9.5  3.97093e-09
28  11.5  3.65266e-10
30  0.2  0.0484024
30  0.3  0.0661732
30  0.4  0.07335
30  0.5  0.070693
28  12.0  2.18489e-10
30  0.6  0.0608948
28  10.5  1.19884e-09
30  0.8  0.0387622
30  0.7  0.0498403
30  0.9  0.0300342
30  1.0  0.0229577
30  1.1  0.017079
30  1.2  0.0126397
30  1.3  0.00957118
30  1.4  0.00700444
28  11.0  6.66537e-10
30  1.6  0.00387951
30  1.5  0.00514258
30  1.7  0.00291682
30  1.8  0.002181
30  2.0  0.00126489
30  1.9  0.00167331
30  3.0  0.000104076
30  2.5  0.000339386
30  3.5  3.40642e-05
30  4.0  1.23269e-05
30  4.5  4.85094e-06
30  5.0  2.03288e-06
30  5.5  8.61435e-07
30  7.0  8.61775e-08
30  6.0  3.84948e-07
30  6.5  1.75898e-07
30  7.5  4.31069e-08
30  8.0  2.12688e-08
30  8.5  1.12475e-08
30  9.0  5.82845e-09
30  9.5  3.10589e-09
30  10.0  1.69998e-09
32  0.2  0.0434229
32  0.3  0.0583847
32  0.4  0.0612144
32  0.5  0.0557201
32  0.6  0.0464381
32  0.7  0.0385202
30  10.5  9.34038e-10
32  0.8  0.029452
32  0.9  0.0227275
32  1.0  0.0171726
32  1.1  0.0124067
32  1.2  0.00921665
32  1.3  0.0067944
32  1.4  0.00511536
32  1.5  0.00377268
32  1.6  0.00287353
32  1.7  0.00210002
30  11.0  5.25756e-10
32  1.9  0.00119325
32  2.0  0.000912081
32  1.8  0.00157271
32  2.5  0.000248263
32  3.0  7.30437e-05
32  3.5  2.46144e-05
30  12.0  1.63499e-10
30  11.5  2.95269e-10
32  4.0  8.70997e-06
32  4.5  3.47916e-06
32  5.0  1.42165e-06
32  5.5  6.12633e-07
32  7.0  5.95583e-08
32  6.0  2.75906e-07
32  6.5  1.27225e-07
32  8.0  1.52427e-08
32  7.5  3.131e-08
32  10.0  1.1988e-09
32  8.5  7.93826e-09
32  9.0  3.94206e-09
32  9.5  2.18644e-09
34  0.2  0.0370478
34  0.3  0.0460965
34  0.4  0.0459418
34  0.5  0.0403557
34  0.6  0.0328558
34  0.7  0.0260448
32  11.5  2.1208e-10
32  10.5  6.72144e-10
34  0.8  0.0198354
34  0.9  0.0150772
34  1.0  0.0114092
34  1.1  0.00839372
34  1.3  0.00460083
34  1.2  0.00617352
34  1.5  0.002431
34  1.4  0.00331395
32  11.0  3.76685e-10
34  1.6  0.00182228
34  1.7  0.00135599
34  1.8  0.00104913
34  1.9  0.000799206
34  2.5  0.000153286
34  2.0  0.00060633
34  3.0  4.6907e-05
34  3.5  1.55311e-05
32  12.0  1.22466e-10
34  4.0  5.69113e-06
34  4.5  2.2099e-06
34  5.0  8.9469e-07
34  5.5  3.89547e-07
34  6.0  1.8026e-07
34  7.0  3.95091e-08
34  6.5  8.15705e-08
34  7.5  1.98937e-08
34  9.0  2.67255e-09
34  8.0  1.00112e-08
34  8.5  4.88998e-09
34  9.5  1.41543e-09
34  11.0  2.39714e-10
34  10.0  7.79063e-10
4  0.2  0.059809
4  0.3  0.0878261
4  0.4  0.105303
4  0.5  0.110404
34  10.5  4.25079e-10
4  0.6  0.104465
4  0.8  0.0751259
4  0.7  0.091766
4  0.9  0.0610348
4  1.0  0.048027
4  1.2  0.028211
4  1.1  0.0362805
4  1.3  0.0212563
4  1.4  0.0161683
4  1.5  0.0122285
4  1.6  0.00931377
4  1.7  0.00713465
4  1.9  0.00412876
4  1.8  0.00535118
4  2.0  0.00312783
4  2.5  0.000857707
4  3.0  0.000258156
4  3.5  8.87328e-05
34  11.5  1.35888e-10
34  12.0  7.73175e-11
4  4.0  3.17937e-05
4  4.5  1.24907e-05
4  6.0  1.02168e-06
4  5.0  5.27308e-06
4  5.5  2.26954e-06
4  7.0  2.23818e-07
4  7.5  1.08851e-07
4  8.0  5.42131e-08
4  6.5  4.55871e-07
4  8.5  2.83106e-08
4  9.5  8.08383e-09
4  10.0  4.31169e-09
4  10.5  2.37628e-09
4  9.0  1.52991e-08
6  0.2  0.0604198
6  0.3  0.0879217
6  0.4  0.104687
6  0.5  0.11105
6  0.6  0.105388
6  0.7  0.0898221
6  0.8  0.0745608
6  0.9  0.0606255
6  1.0  0.0474986
6  1.1  0.0367994
6  1.2  0.0276601
6  1.3  0.0211561
6  1.4  0.0160825
6  1.5  0.0121887
4  11.0  1.35266e-09
6  1.6  0.00921949
6  1.7  0.00707078
6  1.8  0.00541964
4  12.0  4.31519e-10
6  1.9  0.00398814
6  2.0  0.00312105
6  2.5  0.000848935
6  3.0  0.000259135
6  3.5  8.8129e-05
4  11.5  7.43812e-10
6  4.0  3.25064e-05
6  4.5  1.27535e-05
6  5.0  5.16687e-06
6  6.0  1.0052e-06
6  5.5  2.26018e-06
6  7.0  2.22567e-07
6  7.5  1.07639e-07
6  6.5  4.87655e-07
6  8.5  2.84484e-08
6  9.5  7.83991e-09
6  8.0  5.41135e-08
6  10.0  4.28811e-09
6  10.5  2.31928e-09
6  9.0  1.49616e-08
8  0.2  0.0596397
8  0.3  0.0877637
8  0.4  0.104831
8  0.5  0.110839
8  0.6  0.10446
8  0.7  0.0911444
8  0.8  0.0753054
8  0.9  0.0601205
8  1.0  0.0474636
8  1.1  0.036659
8  1.2  0.0279008
8  1.3  0.0211617
8  1.4  0.0159798
8  1.5  0.0120609
6  11.0  1.34387e-09
8  1.6  0.00909124
8  1.7  0.00674085
8  1.9  0.00408172
8  1.8  0.0052504
8  2.5  0.000843427
8  2.0  0.00306574
6  12.0  4.37944e-10
8  3.5  8.71879e-05
8  3.0  0.00025548
6  11.5  7.41731e-10
8  4.0  3.22701e-05
8  4.5  1.26386e-05
8  5.0  5.14451e-06
8  6.0  9.74097e-07
8  5.5  2.20663e-06
8  7.0  2.20136e-07
8  7.5  1.06308e-07
8  6.5  4.61543e-07
8  8.5  2.82227e-08
8  8.0  5.46761e-08
8  9.0  1.43109e-08
8  10.5  2.35508e-09
8  9.5  7.81843e-09
8  10.0  4.28378e-09
8  11.0  1.34654e-09
8  11.5  7.34023e-10
8  12.0  4.17826e-10
