# diffractive D0 cross section, Pb target, HymnD fragmentation, An0n channel
# generated      : 2026-08-20 11:02:19 EEST
# calls          : 1e5 (VEGAS calls per point, see CALLS_EXCL/CALLS_EXCL_FACTORIZED/CALLS_DIFF)
# dipole samples : data/Pb/bk_posterior/member_0035/glauber_mve_<b>
# pD0 sweep      : 0.2 0.3 0.4 0.5 0.6 0.7 0.8 0.9 1.0 1.1 1.2 1.3 1.4 1.5 1.6 1.7 1.8 1.9 2.0 2.5 3.0 3.5 4.0 4.5 5.0 5.5 6.0 6.5 7.0 7.5 8.0 8.5 9.0 9.5 10.0 10.5 11.0 11.5 12.0
# fixed rapidity y : 2.0
# ============================================================
# b  pD0  dsigma_dyd2pD0
0  0.4  0.41042
0  0.3  0.328685
0  0.2  0.224528
0  0.5  0.436293
0  0.8  0.337559
0  0.7  0.396856
0  0.6  0.423951
0  0.9  0.287291
0  1.0  0.232448
0  1.1  0.186031
0  1.2  0.14876
0  1.3  0.117935
0  1.5  0.0733158
0  1.4  0.0936688
0  1.6  0.0572205
0  1.7  0.0461024
0  1.8  0.0367204
0  1.9  0.0294054
0  2.0  0.0232056
0  2.5  0.00807527
0  3.5  0.00127226
0  3.0  0.00303241
0  5.0  0.000144466
0  4.0  0.000578424
0  4.5  0.000279736
0  5.5  7.61169e-05
0  6.0  4.13364e-05
0  6.5  2.391e-05
0  8.5  3.39389e-06
0  7.0  1.43882e-05
0  7.5  8.61271e-06
0  9.0  2.1123e-06
0  8.0  5.37286e-06
0  10.0  9.25432e-07
0  9.5  1.40326e-06
10  0.2  0.219405
10  0.3  0.323704
10  0.4  0.395835
10  0.5  0.429086
10  0.6  0.418104
10  0.7  0.382686
10  0.8  0.327446
10  0.9  0.277263
10  1.0  0.224928
0  10.5  6.19053e-07
10  1.1  0.179483
0  11.0  4.20105e-07
10  1.2  0.144632
10  1.3  0.112687
10  1.4  0.0897888
10  1.5  0.0711766
10  1.6  0.0557922
10  1.7  0.0443841
10  1.8  0.0341466
10  2.0  0.0221489
10  1.9  0.0277844
10  2.5  0.00759537
10  3.0  0.00286637
0  12.0  1.95019e-07
10  3.5  0.00121848
0  11.5  2.87329e-07
10  5.0  0.000138616
10  4.0  0.000561298
10  4.5  0.000265429
10  5.5  7.29593e-05
10  6.0  4.03107e-05
10  7.0  1.37077e-05
10  6.5  2.33599e-05
10  7.5  8.15294e-06
10  9.0  2.06149e-06
10  8.0  5.04868e-06
10  10.0  8.42173e-07
10  8.5  3.19636e-06
10  9.5  1.34104e-06
12  0.2  0.21764
12  0.3  0.322246
12  0.4  0.393539
12  0.5  0.425572
12  0.6  0.408055
10  10.5  5.86257e-07
12  0.7  0.377873
12  0.8  0.325705
12  0.9  0.268602
12  1.0  0.223588
12  1.1  0.176146
12  1.2  0.140307
10  11.0  4.07308e-07
12  1.3  0.110776
12  1.4  0.087834
12  1.5  0.069063
12  1.6  0.0548692
12  1.7  0.0434966
12  1.8  0.0340358
12  1.9  0.0270267
12  2.0  0.0218229
12  2.5  0.00747063
12  3.0  0.00282426
10  11.5  2.7362e-07
12  3.5  0.00117204
10  12.0  1.88105e-07
12  5.0  0.000133466
12  4.0  0.000548355
12  4.5  0.00026126
12  5.5  7.13319e-05
12  6.0  3.91774e-05
12  7.0  1.32696e-05
12  6.5  2.17127e-05
12  7.5  8.13284e-06
12  9.5  1.33554e-06
12  8.0  4.93424e-06
12  10.0  8.45096e-07
12  8.5  3.12136e-06
12  9.0  1.94406e-06
14  0.2  0.215713
12  10.5  5.76224e-07
14  0.3  0.323002
14  0.4  0.390001
14  0.5  0.426406
14  0.6  0.411681
14  0.8  0.319017
14  0.7  0.371448
14  0.9  0.265418
14  1.0  0.216657
14  1.1  0.173713
14  1.3  0.107545
14  1.2  0.137811
14  1.4  0.0845576
12  11.0  3.91028e-07
14  1.5  0.0674253
14  1.6  0.052977
14  1.7  0.0421615
14  1.8  0.0333539
14  1.9  0.0266849
12  11.5  2.54621e-07
14  2.5  0.0073169
14  2.0  0.0211979
14  3.0  0.0027184
14  3.5  0.00115848
12  12.0  1.87215e-07
14  4.0  0.000528744
14  4.5  0.000257288
14  5.0  0.000131083
14  5.5  6.98409e-05
14  6.0  3.82259e-05
14  7.0  1.29263e-05
14  6.5  2.14956e-05
14  7.5  7.54405e-06
14  9.5  1.26786e-06
14  8.0  4.81451e-06
14  8.5  3.0225e-06
14  10.0  8.17071e-07
14  9.0  1.87073e-06
16  0.2  0.216662
16  0.3  0.316086
16  0.4  0.386719
16  0.5  0.415974
16  0.6  0.399545
14  10.5  5.56924e-07
16  0.8  0.311648
16  0.7  0.362673
14  11.0  3.77172e-07
16  1.0  0.209021
16  0.9  0.258068
16  1.1  0.167391
16  1.3  0.105131
16  1.2  0.133712
16  1.4  0.0827588
16  1.5  0.0656639
16  1.6  0.0509101
16  1.7  0.040506
16  1.8  0.0325398
16  1.9  0.0258559
16  2.5  0.00742695
16  2.0  0.0203253
14  11.5  2.51522e-07
16  3.0  0.00267437
16  3.5  0.00111507
14  12.0  1.75099e-07
16  4.0  0.000497344
16  4.5  0.000247604
16  5.0  0.000126089
16  5.5  6.56524e-05
16  6.0  3.70102e-05
16  6.5  2.07387e-05
16  8.5  2.91045e-06
16  7.0  1.2344e-05
16  7.5  7.32925e-06
16  8.0  4.54657e-06
16  9.0  1.86608e-06
16  9.5  1.21854e-06
16  10.0  8.09277e-07
18  0.2  0.213577
18  0.3  0.313414
16  10.5  5.11825e-07
18  0.4  0.380458
18  0.5  0.406534
18  0.6  0.389005
18  0.7  0.352464
18  0.8  0.304004
18  0.9  0.247968
18  1.0  0.20297
18  1.1  0.161871
18  1.2  0.128993
18  1.3  0.100984
18  1.4  0.0812811
18  1.5  0.0625389
18  1.6  0.0492123
16  11.0  3.68825e-07
18  1.7  0.039064
18  1.8  0.0304873
18  2.0  0.0194518
18  1.9  0.0244424
18  2.5  0.00658429
16  12.0  1.73146e-07
18  3.0  0.00256117
18  3.5  0.00107511
16  11.5  2.44484e-07
18  4.0  0.000486027
18  4.5  0.000237962
18  5.0  0.000119559
18  5.5  6.35085e-05
18  6.0  3.52042e-05
18  7.0  1.19311e-05
18  6.5  2.02307e-05
18  7.5  7.18101e-06
18  8.5  2.79456e-06
18  8.0  4.42778e-06
18  9.0  1.7664e-06
18  9.5  1.13671e-06
18  11.0  3.3656e-07
2  0.2  0.22415
18  10.0  7.58585e-07
2  0.3  0.330507
18  10.5  5.07396e-07
2  0.4  0.401084
2  0.5  0.436096
2  0.6  0.422271
2  0.7  0.395236
2  0.8  0.340979
2  0.9  0.285258
2  1.0  0.230237
2  1.2  0.149763
2  1.1  0.186658
2  1.3  0.115735
2  1.5  0.0736338
2  1.4  0.0932706
2  1.6  0.0581688
2  1.7  0.045877
2  1.8  0.0364801
2  1.9  0.0289442
2  2.5  0.00792678
18  12.0  1.61975e-07
2  2.0  0.023478
2  3.0  0.00299963
2  3.5  0.00125303
18  11.5  2.36505e-07
2  5.0  0.000143182
2  4.0  0.000583743
2  4.5  0.000280494
2  5.5  7.67188e-05
2  6.0  4.3092e-05
2  6.5  2.29452e-05
2  7.0  1.40576e-05
2  8.5  3.36543e-06
2  7.5  8.58746e-06
2  9.0  2.15217e-06
2  8.0  5.29178e-06
2  10.0  9.09335e-07
2  9.5  1.424e-06
20  0.2  0.21366
20  0.3  0.30787
20  0.4  0.376891
20  0.5  0.399293
20  0.6  0.381095
2  10.5  6.00287e-07
20  0.7  0.342787
20  0.8  0.291173
20  0.9  0.24187
20  1.0  0.194418
2  11.0  4.1912e-07
20  1.1  0.155749
20  1.2  0.122728
20  1.5  0.0585352
20  1.3  0.0971355
20  1.4  0.0774693
20  1.6  0.0467812
20  1.8  0.0296727
20  1.7  0.0372739
20  1.9  0.0231846
20  2.5  0.00624149
20  2.0  0.0185095
20  3.0  0.00237993
20  3.5  0.00102234
2  11.5  2.78097e-07
2  12.0  1.9385e-07
20  4.0  0.000464209
20  4.5  0.000221936
20  5.0  0.000112563
20  5.5  5.94382e-05
20  7.0  1.07861e-05
20  6.0  3.32838e-05
20  6.5  1.93161e-05
20  8.5  2.61414e-06
20  7.5  6.74202e-06
20  8.0  4.20574e-06
20  9.5  1.10489e-06
20  10.5  4.92196e-07
20  9.0  1.67323e-06
20  10.0  7.26814e-07
22  0.2  0.208573
22  0.3  0.301389
22  0.4  0.368497
22  0.5  0.379588
22  0.6  0.366177
22  0.7  0.327755
22  0.8  0.278049
22  0.9  0.227971
22  1.0  0.183063
22  1.1  0.146916
22  1.2  0.116244
22  1.3  0.0918925
22  1.4  0.0716349
22  1.5  0.0570415
20  11.0  3.30174e-07
22  1.6  0.0437513
22  1.7  0.0351577
22  1.8  0.0273406
22  2.5  0.00599223
22  2.0  0.0171325
22  1.9  0.0220488
22  3.0  0.00221696
20  12.0  1.56467e-07
22  3.5  0.000954019
20  11.5  2.23747e-07
22  5.0  0.000103995
22  6.0  3.08253e-05
22  4.0  0.000423906
22  4.5  0.000205224
22  5.5  5.63864e-05
22  6.5  1.75171e-05
22  7.5  6.25723e-06
22  7.0  1.01659e-05
22  8.0  3.85075e-06
22  8.5  2.44886e-06
22  9.0  1.55122e-06
22  11.0  3.07853e-07
22  9.5  1.02324e-06
24  0.2  0.201231
22  10.0  6.70941e-07
24  0.3  0.292337
24  0.4  0.3533
24  0.5  0.367635
24  0.6  0.348883
24  0.7  0.307771
24  0.8  0.260091
22  10.5  4.51728e-07
24  0.9  0.213594
24  1.0  0.17103
24  1.1  0.138895
24  1.2  0.107217
24  1.4  0.0655882
24  1.3  0.0839444
24  1.6  0.0406392
24  1.5  0.0513337
24  1.7  0.0317004
24  1.9  0.0204062
24  1.8  0.0248204
24  2.5  0.00532085
24  2.0  0.0157906
24  3.0  0.00204877
22  11.5  2.04177e-07
24  3.5  0.000835787
22  12.0  1.44788e-07
24  4.0  0.0003877
24  4.5  0.000188095
24  6.0  2.79636e-05
24  5.0  9.55077e-05
24  5.5  5.02154e-05
24  6.5  1.58927e-05
24  7.0  9.01473e-06
24  8.5  2.19938e-06
24  7.5  5.59505e-06
24  9.0  1.41361e-06
24  8.0  3.4952e-06
24  9.5  9.2373e-07
24  10.0  6.11198e-07
26  0.2  0.198452
26  0.3  0.283434
26  0.4  0.337666
26  0.5  0.34416
26  0.6  0.324401
24  10.5  4.04688e-07
26  0.7  0.284603
26  0.8  0.237415
26  0.9  0.194666
26  1.0  0.155735
26  1.1  0.122095
26  1.2  0.0968373
26  1.3  0.0744664
26  1.4  0.057908
26  1.5  0.0465193
26  1.7  0.0279984
26  1.6  0.0357582
26  1.8  0.0221713
26  1.9  0.0178935
26  2.0  0.014009
24  11.0  2.74392e-07
26  2.5  0.00466335
24  12.0  1.30302e-07
26  3.0  0.00182835
26  3.5  0.000760589
24  11.5  1.87621e-07
26  4.0  0.000345344
26  4.5  0.000161611
26  5.0  8.22873e-05
26  5.5  4.3886e-05
26  6.0  2.4302e-05
26  8.0  3.06783e-06
26  6.5  1.42575e-05
26  7.0  8.26086e-06
26  7.5  4.96626e-06
26  8.5  1.93592e-06
26  9.5  8.18146e-07
26  9.0  1.25584e-06
26  10.0  5.36961e-07
28  0.2  0.188344
28  0.3  0.2668
28  0.4  0.310533
28  0.5  0.3176
28  0.6  0.289744
28  0.7  0.251329
26  10.5  3.65082e-07
28  0.8  0.209799
28  0.9  0.169272
28  1.0  0.13327
28  1.1  0.105864
28  1.2  0.0829507
28  1.3  0.0644108
28  1.4  0.050036
28  1.6  0.0303709
28  1.5  0.0389351
26  11.0  2.44569e-07
28  1.9  0.0150051
28  1.7  0.0239211
28  1.8  0.0183966
28  2.0  0.0114917
28  2.5  0.00396144
28  3.0  0.0015398
28  3.5  0.000640896
26  12.0  1.10839e-07
26  11.5  1.66545e-07
28  4.5  0.000138192
28  4.0  0.000281225
28  5.0  7.04034e-05
28  6.0  1.98055e-05
28  5.5  3.73374e-05
28  6.5  1.15849e-05
28  7.0  6.94684e-06
28  7.5  4.12362e-06
28  8.0  2.58694e-06
28  9.0  1.0614e-06
28  8.5  1.63835e-06
28  9.5  6.84954e-07
28  10.0  4.52795e-07
30  0.2  0.174739
30  0.3  0.247057
30  0.4  0.281825
30  0.5  0.275025
28  10.5  3.00668e-07
30  0.6  0.247906
30  0.7  0.207607
30  0.8  0.171447
30  0.9  0.137884
30  1.0  0.10874
30  1.1  0.0863453
30  1.2  0.0656658
30  1.4  0.0401048
30  1.3  0.0508913
28  11.0  2.05372e-07
30  1.5  0.030857
30  1.6  0.023869
30  1.7  0.0195672
30  1.8  0.0146672
30  2.0  0.00941697
30  1.9  0.011816
30  3.5  0.000513758
30  2.5  0.00323485
30  3.0  0.00119125
28  11.5  1.39143e-07
28  12.0  9.59543e-08
30  4.0  0.000222314
30  5.0  5.39822e-05
30  4.5  0.000109358
30  6.0  1.64895e-05
30  5.5  2.85888e-05
30  6.5  9.28914e-06
30  7.0  5.51144e-06
30  8.5  1.28814e-06
30  7.5  3.32653e-06
30  8.0  2.07672e-06
30  9.0  8.32826e-07
30  9.5  5.34756e-07
30  10.0  3.48699e-07
32  0.2  0.156604
32  0.3  0.211253
32  0.4  0.231108
32  0.5  0.217641
32  0.6  0.191462
32  0.7  0.158782
30  10.5  2.37362e-07
32  0.8  0.129418
32  0.9  0.101852
30  12.0  7.52444e-08
32  1.0  0.0794673
32  1.1  0.0621056
32  1.2  0.0478075
32  1.3  0.0371388
32  1.4  0.028891
32  1.5  0.0226915
32  1.6  0.0176178
32  1.7  0.0138424
30  11.0  1.61412e-07
32  1.8  0.0108671
32  1.9  0.00851173
32  2.0  0.00679718
32  2.5  0.00227923
32  3.0  0.000870945
32  3.5  0.000365034
30  11.5  1.08591e-07
32  4.5  7.97016e-05
32  4.0  0.000162691
32  5.0  4.01968e-05
32  5.5  2.13631e-05
32  6.0  1.17004e-05
32  7.0  4.0109e-06
32  6.5  6.72988e-06
32  7.5  2.38596e-06
32  8.0  1.47598e-06
32  8.5  9.11014e-07
32  9.0  5.94802e-07
32  9.5  3.5772e-07
32  10.5  1.67486e-07
32  10.0  2.55153e-07
34  0.2  0.131861
34  0.3  0.166689
34  0.4  0.173199
34  0.5  0.153698
34  0.6  0.132363
34  0.7  0.109213
34  0.8  0.0879737
34  0.9  0.0681031
34  1.0  0.0535648
34  1.1  0.0401299
34  1.2  0.0313335
34  1.3  0.0247626
34  1.5  0.0148255
34  1.4  0.0192699
32  11.0  1.15105e-07
34  1.8  0.00696927
34  1.7  0.00875233
34  1.6  0.0114399
34  1.9  0.00541931
34  2.0  0.00435719
32  11.5  7.79069e-08
34  2.5  0.00150408
34  3.0  0.000566315
32  12.0  5.36825e-08
34  3.5  0.000232078
34  4.0  0.000106871
34  4.5  4.88307e-05
34  5.0  2.51478e-05
34  6.0  7.64745e-06
34  5.5  1.33479e-05
34  7.5  1.52987e-06
34  6.5  4.26603e-06
34  7.0  2.52104e-06
34  8.0  9.48724e-07
34  8.5  5.95891e-07
34  9.0  3.76383e-07
34  11.0  7.25295e-08
34  9.5  2.4352e-07
34  10.0  1.62108e-07
4  0.2  0.224407
4  0.3  0.32823
4  0.4  0.400213
4  0.5  0.440563
4  0.6  0.422447
4  0.8  0.33997
4  0.7  0.390383
34  10.5  1.08777e-07
4  0.9  0.282091
4  1.0  0.231836
4  1.1  0.185246
4  1.3  0.115575
4  1.2  0.149117
4  1.4  0.092984
4  1.5  0.0730349
4  1.6  0.0575662
4  1.7  0.0462435
4  1.8  0.0366005
4  1.9  0.0288101
4  2.0  0.0235238
4  3.0  0.00305903
34  12.0  3.47879e-08
4  2.5  0.0079065
4  3.5  0.00127504
34  11.5  4.99684e-08
4  4.0  0.00057386
4  4.5  0.000283081
4  5.0  0.000140123
4  5.5  7.51952e-05
4  6.0  4.18681e-05
4  6.5  2.3633e-05
4  7.0  1.41575e-05
4  8.0  5.33627e-06
4  9.0  2.15038e-06
4  7.5  8.45792e-06
4  8.5  3.3723e-06
4  10.5  6.19273e-07
4  9.5  1.3848e-06
6  0.2  0.224008
6  0.3  0.326469
6  0.4  0.401764
4  10.0  9.18393e-07
6  0.5  0.435674
6  0.6  0.41993
6  0.7  0.393544
6  0.8  0.339
6  0.9  0.282938
6  1.0  0.229214
6  1.1  0.183755
6  1.2  0.14689
6  1.3  0.116624
6  1.4  0.0919678
6  1.5  0.0724335
6  1.6  0.0573515
4  11.0  4.17679e-07
6  1.7  0.0450511
6  1.8  0.03611
6  1.9  0.0285978
6  2.0  0.022863
6  2.5  0.00787493
6  3.0  0.00298968
6  3.5  0.00124225
4  11.5  2.68656e-07
4  12.0  1.95517e-07
6  5.0  0.000142713
6  4.0  0.000571011
6  4.5  0.000274291
6  5.5  7.53073e-05
6  6.0  4.23395e-05
6  6.5  2.36e-05
6  7.0  1.39042e-05
6  7.5  8.38155e-06
6  9.0  2.13642e-06
6  8.0  5.25152e-06
6  8.5  3.25226e-06
6  9.5  1.38007e-06
8  0.2  0.219872
6  10.0  8.91918e-07
8  0.3  0.327923
8  0.4  0.398951
8  0.5  0.433285
8  0.6  0.4206
6  10.5  6.1253e-07
8  0.7  0.386355
8  0.8  0.336289
8  0.9  0.27964
8  1.0  0.225325
8  1.1  0.182708
8  1.2  0.146194
8  1.3  0.11482
8  1.5  0.0716295
8  1.4  0.0910268
8  1.6  0.0565556
8  1.7  0.0452138
8  1.8  0.0358352
6  11.0  4.08404e-07
8  1.9  0.0283539
8  2.0  0.0229361
8  2.5  0.00777055
8  3.0  0.00295934
8  3.5  0.00123896
6  11.5  2.81946e-07
6  12.0  1.93082e-07
8  5.0  0.00014205
8  4.0  0.000564103
8  4.5  0.000275271
8  5.5  7.33559e-05
8  7.0  1.39468e-05
8  6.0  4.12474e-05
8  6.5  2.39255e-05
8  7.5  8.40412e-06
8  9.0  2.08888e-06
8  8.0  5.18978e-06
8  8.5  3.27468e-06
8  9.5  1.37718e-06
8  10.0  8.69915e-07
8  10.5  5.99788e-07
8  11.0  4.02374e-07
8  11.5  2.67369e-07
8  12.0  1.85187e-07
