# diffractive D0 cross section, Pb target, LHAPDF fragmentation, An0n channel
# generated      : 2026-08-20 10:20:19 EEST
# calls          : 1e5 (VEGAS calls per point, see CALLS_EXCL/CALLS_EXCL_FACTORIZED/CALLS_DIFF)
# dipole samples : data/Pb/mve/glauber_mve_<b>
# pD0 sweep      : 0.2 0.3 0.4 0.5 0.6 0.7 0.8 0.9 1.0 1.1 1.2 1.3 1.4 1.5 1.6 1.7 1.8 1.9 2.0 2.5 3.0 3.5 4.0 4.5 5.0 5.5 6.0 6.5 7.0 7.5 8.0 8.5 9.0 9.5 10.0 10.5 11.0 11.5 12.0
# fixed rapidity y : 3.0
# ============================================================
# b  pD0  dsigma_dyd2pD0
0  0.5  0.123534
0  0.2  0.0724907
0  0.3  0.10341
0  0.4  0.120768
0  0.6  0.114965
0  1.0  0.0496524
0  0.7  0.0991344
0  0.8  0.081447
0  0.9  0.0641601
0  1.1  0.0382886
0  1.3  0.0221647
0  1.2  0.02865
0  1.4  0.0165745
0  1.5  0.0123683
0  1.8  0.00551337
0  1.7  0.00710173
0  1.6  0.00935595
0  1.9  0.00406355
0  2.5  0.000844824
0  2.0  0.00309653
0  3.0  0.000254023
0  3.5  9.20235e-05
0  4.5  1.24003e-05
0  4.0  3.09862e-05
0  5.0  5.02776e-06
0  5.5  2.02481e-06
0  7.5  9.92306e-08
0  6.0  9.53153e-07
0  6.5  4.27777e-07
0  7.0  2.02726e-07
0  8.0  5.13624e-08
0  8.5  2.65169e-08
0  10.0  3.82776e-09
0  9.0  1.39582e-08
0  10.5  2.13981e-09
0  9.5  7.21465e-09
10  0.2  0.0716657
10  0.3  0.101931
10  0.4  0.118121
10  0.5  0.121256
0  11.5  6.68223e-10
10  0.6  0.112532
10  0.7  0.0958822
10  0.8  0.0783957
10  0.9  0.0614071
0  12.0  3.82117e-10
10  1.0  0.0484066
10  1.1  0.0367952
10  1.2  0.0277026
10  1.4  0.0155222
10  1.3  0.0213484
10  1.5  0.01192
10  1.6  0.0089544
10  1.8  0.00515112
10  1.9  0.0039987
10  1.7  0.00678514
10  2.0  0.00301134
10  2.5  0.000811426
10  3.0  0.000252566
10  3.5  8.24682e-05
0  11.0  1.1867e-09
10  5.0  4.73025e-06
10  4.0  2.99814e-05
10  4.5  1.1654e-05
10  5.5  1.91786e-06
10  6.0  8.97087e-07
10  6.5  4.19667e-07
10  7.5  9.60449e-08
10  7.0  1.97855e-07
10  8.0  4.70314e-08
10  9.5  6.83551e-09
10  8.5  2.51118e-08
10  9.0  1.28332e-08
10  10.5  2.01051e-09
10  10.0  3.70004e-09
12  0.2  0.0701665
12  0.3  0.102953
12  0.4  0.119137
12  0.5  0.120552
12  0.6  0.111318
12  0.7  0.0949637
12  0.8  0.077645
12  0.9  0.0608869
12  1.0  0.0470108
12  1.1  0.0364697
12  1.2  0.0275076
12  1.3  0.0207852
12  1.4  0.0156294
12  1.5  0.0117579
12  1.6  0.0090283
12  1.7  0.00661902
12  1.9  0.00382184
12  1.8  0.00503981
12  2.0  0.00292023
12  2.5  0.000809971
10  11.0  1.12613e-09
12  3.0  0.000237343
12  3.5  8.11717e-05
10  11.5  6.34501e-10
10  12.0  3.60343e-10
12  4.0  2.89157e-05
12  4.5  1.08589e-05
12  5.0  4.66273e-06
12  5.5  1.95442e-06
12  6.5  4.13606e-07
12  6.0  8.43837e-07
12  7.0  1.85668e-07
12  8.5  2.42848e-08
12  7.5  9.16881e-08
12  8.0  4.60242e-08
12  9.0  1.26518e-08
12  9.5  6.69446e-09
12  10.0  3.61578e-09
14  0.2  0.0714813
14  0.3  0.100673
14  0.4  0.116694
12  10.5  1.98642e-09
14  0.5  0.119352
14  0.6  0.10879
14  0.7  0.0933917
14  0.8  0.0763639
14  0.9  0.0600723
14  1.0  0.0465871
14  1.1  0.0355937
14  1.2  0.0268451
14  1.3  0.020272
14  1.4  0.0152705
14  1.5  0.0116777
14  1.6  0.00855193
14  1.8  0.00496409
14  1.7  0.0065288
14  1.9  0.00374708
12  11.0  1.09193e-09
14  2.5  0.000787896
14  2.0  0.00284313
14  3.5  7.82195e-05
14  3.0  0.00022883
12  11.5  6.0903e-10
12  12.0  3.4753e-10
14  4.5  1.11054e-05
14  4.0  2.87553e-05
14  5.0  4.30509e-06
14  6.0  8.43776e-07
14  5.5  1.91532e-06
14  6.5  3.80525e-07
14  7.0  1.88611e-07
14  7.5  9.27358e-08
14  8.0  4.63415e-08
14  9.5  6.33638e-09
14  8.5  2.31024e-08
14  9.0  1.22588e-08
16  0.2  0.070362
14  10.0  3.53781e-09
16  0.3  0.101403
16  0.4  0.116145
16  0.5  0.116891
16  0.7  0.0909998
16  0.6  0.108099
16  0.8  0.0745673
16  0.9  0.0584435
14  10.5  1.89238e-09
16  1.1  0.0347368
16  1.0  0.0454406
16  1.2  0.0261454
16  1.3  0.0197555
16  1.4  0.0148506
16  1.5  0.0111409
16  1.6  0.00833923
16  1.7  0.0062811
14  11.0  1.0673e-09
16  1.8  0.00480717
16  1.9  0.00355643
16  2.5  0.000725323
16  2.0  0.00273882
16  3.0  0.000223259
16  3.5  7.49846e-05
14  11.5  6.04032e-10
14  12.0  3.43381e-10
16  4.0  2.72947e-05
16  4.5  1.03317e-05
16  5.0  4.24418e-06
16  5.5  1.83194e-06
16  6.0  8.33061e-07
16  6.5  3.85898e-07
16  7.0  1.83451e-07
16  7.5  8.97629e-08
16  8.0  4.49415e-08
16  9.5  6.24843e-09
16  9.0  1.15903e-08
16  8.5  2.25889e-08
16  10.0  3.38659e-09
18  0.2  0.0694161
18  0.3  0.100005
18  0.5  0.116244
18  0.4  0.114416
18  0.6  0.1042
16  10.5  1.8346e-09
18  0.7  0.089727
18  0.9  0.0566307
18  0.8  0.0724785
18  1.0  0.0440781
18  1.1  0.0332552
18  1.2  0.025162
18  1.3  0.0189617
18  1.4  0.013882
16  11.0  1.03528e-09
18  1.5  0.0106405
18  1.7  0.0060491
18  1.6  0.00798539
18  1.8  0.00455891
18  1.9  0.00348972
18  2.0  0.00263677
18  2.5  0.00069899
18  3.5  7.24208e-05
18  3.0  0.000212239
16  11.5  5.65101e-10
16  12.0  3.27867e-10
18  4.0  2.61104e-05
18  4.5  1.01759e-05
18  5.0  4.06177e-06
18  5.5  1.76591e-06
18  7.5  8.44564e-08
18  6.0  7.5448e-07
18  6.5  3.60375e-07
18  7.0  1.73325e-07
18  8.0  4.21847e-08
18  8.5  2.14782e-08
18  9.5  6.03648e-09
18  9.0  1.10662e-08
18  10.0  3.19391e-09
2  0.2  0.0712445
2  0.3  0.102677
18  10.5  1.77657e-09
2  0.4  0.119798
2  0.5  0.122839
2  0.6  0.1147
2  0.7  0.0975127
2  0.8  0.0812857
2  0.9  0.0637666
2  1.0  0.0499205
2  1.1  0.0385673
2  1.2  0.0290667
2  1.3  0.0220469
18  11.0  1.00153e-09
2  1.4  0.0165675
2  1.6  0.00929863
2  1.5  0.0124072
2  1.7  0.00711774
2  1.8  0.00539013
2  1.9  0.00413611
2  2.0  0.00313692
2  2.5  0.000836421
2  3.0  0.000258203
2  3.5  8.61961e-05
18  11.5  5.59148e-10
18  12.0  3.15273e-10
2  4.5  1.19889e-05
2  4.0  3.13853e-05
2  5.0  5.01489e-06
2  5.5  2.17068e-06
2  6.0  9.50959e-07
2  7.5  9.79738e-08
2  6.5  4.29962e-07
2  7.0  2.08934e-07
2  8.0  5.15668e-08
2  8.5  2.56537e-08
2  9.0  1.36598e-08
2  10.5  2.17558e-09
2  9.5  7.08611e-09
20  0.2  0.0688888
2  11.0  1.17421e-09
20  0.3  0.0971791
20  0.4  0.111043
20  0.5  0.112201
2  10.0  3.84301e-09
20  0.6  0.102349
20  0.7  0.0856261
20  0.8  0.0699543
20  0.9  0.0542336
20  1.0  0.0416088
20  1.1  0.0321499
2  12.0  3.78095e-10
20  1.2  0.0240475
20  1.3  0.0179845
20  1.4  0.0133338
20  1.5  0.0100404
20  1.6  0.00778953
20  1.7  0.00565854
20  1.9  0.00330142
20  1.8  0.00437561
20  2.5  0.000688151
20  2.0  0.00246783
20  3.5  6.95953e-05
20  3.0  0.000204224
20  4.0  2.48127e-05
2  11.5  6.56463e-10
20  4.5  9.17696e-06
20  5.0  3.91245e-06
20  5.5  1.6555e-06
20  6.0  7.54342e-07
20  8.0  4.03184e-08
20  6.5  3.35354e-07
20  7.0  1.64031e-07
20  7.5  7.95556e-08
20  9.0  1.07978e-08
20  8.5  2.03791e-08
20  9.5  5.50983e-09
20  10.0  3.03652e-09
22  0.2  0.0679903
22  0.3  0.094977
22  0.4  0.108644
22  0.5  0.108555
20  10.5  1.6884e-09
22  0.6  0.098079
22  0.7  0.0813136
22  0.8  0.0668103
22  0.9  0.0518497
22  1.1  0.0303878
22  1.0  0.0395976
22  1.2  0.0226726
22  1.3  0.0170744
22  1.4  0.0130294
22  1.5  0.00968963
22  1.6  0.00708788
22  1.7  0.00536502
20  11.0  9.21706e-10
22  1.8  0.00408965
22  1.9  0.00304771
22  2.5  0.000633267
22  2.0  0.00234539
22  3.0  0.000182528
22  3.5  6.39251e-05
20  11.5  5.14172e-10
22  4.0  2.23228e-05
20  12.0  2.93066e-10
22  4.5  8.82977e-06
22  5.0  3.66155e-06
22  5.5  1.51548e-06
22  7.5  7.18464e-08
22  6.0  6.6134e-07
22  6.5  3.21015e-07
22  8.5  1.90369e-08
22  7.0  1.53732e-07
22  8.0  3.72471e-08
22  9.0  9.76133e-09
22  10.0  2.82597e-09
22  9.5  5.17615e-09
24  0.2  0.0656502
22  10.5  1.50839e-09
24  0.3  0.0928927
24  0.4  0.105939
24  0.5  0.104299
24  0.7  0.0769113
24  0.6  0.0931123
22  12.0  2.73234e-10
24  0.8  0.0621668
24  0.9  0.0482759
24  1.0  0.0360882
24  1.1  0.0277543
24  1.2  0.0210356
24  1.3  0.0155417
24  1.4  0.0116902
24  1.5  0.00879627
24  1.6  0.00647013
24  1.7  0.00500135
24  1.8  0.00369756
24  1.9  0.00279128
24  2.0  0.00210315
24  2.5  0.000582447
22  11.0  8.6681e-10
24  3.0  0.000171553
24  3.5  5.80366e-05
22  11.5  4.88819e-10
24  4.0  2.06032e-05
24  5.0  3.22298e-06
24  4.5  8.1261e-06
24  5.5  1.42834e-06
24  6.0  6.3575e-07
24  6.5  2.90209e-07
24  7.0  1.3264e-07
24  7.5  6.77019e-08
24  8.0  3.37145e-08
24  8.5  1.68312e-08
24  9.5  4.59122e-09
24  9.0  8.69732e-09
24  10.0  2.56419e-09
26  0.2  0.0649678
26  0.3  0.0897551
24  10.5  1.42768e-09
26  0.4  0.100655
26  0.5  0.0971579
26  0.6  0.085993
26  0.7  0.0710277
26  0.8  0.0568955
26  0.9  0.0440704
26  1.0  0.0332752
26  1.1  0.0250241
26  1.2  0.0188084
26  1.4  0.0105647
26  1.3  0.0144539
26  1.5  0.00775786
26  1.6  0.00579213
26  1.7  0.00431647
24  11.0  7.66044e-10
26  1.8  0.00307035
26  1.9  0.00245208
26  2.0  0.00187971
26  2.5  0.000518219
26  3.0  0.000152931
26  3.5  5.25966e-05
24  11.5  4.51228e-10
24  12.0  2.49104e-10
26  4.0  1.78076e-05
26  4.5  6.79087e-06
26  5.0  2.98327e-06
26  5.5  1.22607e-06
26  6.0  5.57369e-07
26  6.5  2.54625e-07
26  7.0  1.1755e-07
26  7.5  6.02797e-08
26  8.0  2.91281e-08
26  9.5  4.22722e-09
26  8.5  1.51619e-08
26  9.0  7.88161e-09
26  10.5  1.26956e-09
26  10.0  2.27848e-09
28  0.2  0.0613285
28  0.3  0.0847105
28  0.4  0.0922951
28  0.5  0.0896882
28  0.6  0.0773671
28  0.7  0.0620698
28  0.9  0.0379961
28  0.8  0.049874
28  1.0  0.0284504
28  1.1  0.0219282
28  1.2  0.0160083
26  11.0  6.80952e-10
28  1.3  0.0120429
28  1.5  0.00668394
28  1.4  0.00884698
28  1.6  0.00504164
28  1.8  0.00276578
28  1.7  0.00369736
28  1.9  0.00207237
28  2.5  0.000428628
28  2.0  0.00156507
28  3.0  0.000129249
28  3.5  4.31438e-05
26  11.5  3.90236e-10
28  4.0  1.57127e-05
26  12.0  2.24933e-10
28  5.0  2.38624e-06
28  5.5  9.91965e-07
28  4.5  6.09401e-06
28  6.0  4.43548e-07
28  6.5  2.19037e-07
28  7.0  1.02269e-07
28  7.5  4.88717e-08
28  8.0  2.42598e-08
28  8.5  1.27733e-08
28  9.0  6.6878e-09
28  10.5  1.03899e-09
28  9.5  3.42215e-09
28  10.0  1.90223e-09
30  0.2  0.0569863
30  0.3  0.0775688
30  0.4  0.0826028
30  0.5  0.0770217
30  0.6  0.0656391
30  0.7  0.051511
30  0.8  0.0414739
30  0.9  0.0313173
30  1.0  0.023741
30  1.1  0.0175404
30  1.2  0.0129859
30  1.3  0.00964475
30  1.4  0.00691918
30  1.5  0.00529638
30  1.7  0.00292079
30  1.6  0.00395085
28  11.0  5.76313e-10
30  1.8  0.00213461
30  1.9  0.00167216
30  2.0  0.00124646
30  2.5  0.000332434
30  3.0  0.000103585
30  3.5  3.34604e-05
28  11.5  3.3406e-10
28  12.0  1.85541e-10
30  4.0  1.22068e-05
30  4.5  4.63489e-06
30  5.0  1.81907e-06
30  5.5  8.00936e-07
30  6.0  3.59374e-07
30  7.5  3.93917e-08
30  8.0  1.96889e-08
30  6.5  1.68566e-07
30  7.0  7.95945e-08
30  8.5  9.92292e-09
30  9.0  5.19796e-09
30  9.5  2.73982e-09
30  10.0  1.49888e-09
30  10.5  8.20482e-10
32  0.2  0.0514906
32  0.3  0.0663956
32  0.4  0.0685874
32  0.5  0.0622179
32  0.6  0.0509182
30  12.0  1.46417e-10
32  0.7  0.0405929
32  0.8  0.0310879
32  0.9  0.0235539
32  1.0  0.0173806
32  1.1  0.0128428
32  1.2  0.00934737
32  1.4  0.00516618
30  11.0  4.66894e-10
32  1.5  0.0038198
32  1.3  0.00693581
32  1.6  0.00285517
32  1.7  0.00214122
32  1.8  0.00159278
32  1.9  0.00119129
32  2.5  0.000234564
32  3.0  7.21449e-05
32  2.0  0.000896991
30  11.5  2.52316e-10
32  3.5  2.42825e-05
32  4.0  8.4061e-06
32  4.5  3.19039e-06
32  5.0  1.30142e-06
32  5.5  5.58999e-07
32  6.0  2.62133e-07
32  7.0  5.63896e-08
32  6.5  1.2119e-07
32  7.5  2.72651e-08
32  8.0  1.40343e-08
32  8.5  7.17273e-09
32  9.0  3.7965e-09
32  9.5  1.94488e-09
32  10.0  1.07324e-09
4  0.2  0.0721884
32  10.5  5.86597e-10
4  0.3  0.103363
4  0.4  0.120586
4  0.5  0.123439
4  0.6  0.113613
32  11.0  3.32525e-10
4  0.7  0.0988012
4  0.8  0.0807703
4  1.0  0.0501491
4  0.9  0.0636679
4  1.1  0.037876
4  1.2  0.0284061
4  1.3  0.0218017
4  1.4  0.0165137
4  1.6  0.00936067
4  1.5  0.0123644
4  1.7  0.00703798
4  1.8  0.00533236
4  1.9  0.00414079
4  2.0  0.00312913
4  3.5  8.45727e-05
4  3.0  0.000257381
4  2.5  0.000839613
32  11.5  1.82581e-10
32  12.0  1.05584e-10
4  4.5  1.20808e-05
4  4.0  3.09993e-05
4  5.0  4.98449e-06
4  5.5  2.12933e-06
4  6.0  9.40878e-07
4  6.5  4.31127e-07
4  7.0  2.06705e-07
4  7.5  9.80152e-08
4  8.0  5.08954e-08
4  8.5  2.58591e-08
4  9.0  1.31337e-08
4  10.0  3.86842e-09
4  10.5  2.12256e-09
4  9.5  7.17111e-09
6  0.2  0.0711593
6  0.3  0.103143
6  0.4  0.119479
6  0.5  0.123558
6  0.6  0.114258
6  0.7  0.0976002
6  0.8  0.0803815
6  0.9  0.0637784
6  1.0  0.0492087
6  1.1  0.0377982
6  1.2  0.0287248
6  1.3  0.0217905
4  11.0  1.17358e-09
6  1.4  0.0164621
6  1.5  0.0122452
6  1.6  0.00923614
6  1.7  0.00698956
6  1.8  0.00526527
6  2.0  0.00300589
6  1.9  0.00401233
6  2.5  0.000838571
6  3.0  0.000245148
6  3.5  8.28833e-05
4  11.5  6.53873e-10
4  12.0  3.7745e-10
6  4.0  3.04181e-05
6  4.5  1.21971e-05
6  5.0  4.90607e-06
6  5.5  2.07658e-06
6  6.0  9.18595e-07
6  6.5  4.31416e-07
6  7.0  2.06483e-07
6  7.5  9.69076e-08
6  8.0  4.82768e-08
6  8.5  2.56508e-08
6  9.0  1.35036e-08
6  10.5  2.11011e-09
6  9.5  7.08162e-09
8  0.2  0.0726655
6  10.0  3.89901e-09
8  0.3  0.102818
8  0.4  0.118945
8  0.5  0.122883
8  0.6  0.113485
8  0.7  0.0951687
8  0.8  0.0789249
6  12.0  3.77349e-10
8  1.0  0.0482123
8  0.9  0.0628356
8  1.1  0.0372819
8  1.2  0.0284352
8  1.4  0.0160793
8  1.3  0.0216588
8  1.6  0.00929955
8  1.5  0.0121119
8  1.7  0.0070116
6  11.5  6.50531e-10
8  1.8  0.00523218
8  1.9  0.00403295
8  2.0  0.0030177
8  2.5  0.000843795
8  3.0  0.000245556
8  3.5  8.46365e-05
6  11.0  1.15345e-09
8  4.5  1.17056e-05
8  4.0  3.07481e-05
8  5.0  4.8114e-06
8  5.5  2.03775e-06
8  6.0  9.04156e-07
8  6.5  4.19251e-07
8  7.0  1.96107e-07
8  7.5  9.81491e-08
8  8.0  4.9453e-08
8  8.5  2.47415e-08
8  9.0  1.30867e-08
8  10.0  3.77807e-09
8  10.5  2.0712e-09
8  9.5  6.85639e-09
8  12.0  3.67319e-10
8  11.0  1.142e-09
8  11.5  6.63491e-10
