# exclusive D0 cross section, Pb target, LHAPDF fragmentation, An0n channel
# generated      : 2026-08-20 10:20:19 EEST
# calls          : 1e5 below 4.0 GeV, 2e3 above (see EXCL_PT_THRESHOLD) (VEGAS calls per point, see CALLS_EXCL/CALLS_EXCL_FACTORIZED/CALLS_DIFF)
# dipole samples : data/Pb/mve/glauber_mve_<b>
# pD0 sweep      : 0.2 0.3 0.4 0.5 0.6 0.7 0.8 0.9 1.0 1.1 1.2 1.3 1.4 1.5 1.6 1.7 1.8 1.9 2.0 2.5 3.0 3.5 4.0 4.5 5.0 5.5 6.0 6.5 7.0 7.5 8.0 8.5 9.0 9.5 10.0 10.5 11.0 11.5 12.0
# fixed rapidity y : 1.0
# ============================================================
# b  pD0  dsigma_dyd2pD0
0  0.5  1.46061
0  0.2  3.17624
0  0.3  2.53348
0  0.4  1.95089
0  0.6  1.07293
0  0.7  0.777016
0  1.1  0.20705
0  0.8  0.558771
0  0.9  0.400418
0  1.2  0.14834
0  1.0  0.286941
0  1.5  0.0575398
0  1.4  0.0782318
0  1.3  0.106559
0  1.6  0.0414444
0  1.7  0.0302067
0  1.8  0.0226748
0  1.9  0.0168723
0  2.0  0.012489
0  2.5  0.00321652
0  3.0  0.00075794
0  3.5  0.000286547
0  4.5  3.51996e-05
0  5.0  1.40157e-05
0  4.0  9.49573e-05
0  5.5  5.91203e-06
0  6.0  2.65043e-06
0  6.5  1.24345e-06
0  8.0  1.63551e-07
0  7.0  6.07393e-07
0  7.5  3.07947e-07
0  8.5  8.85039e-08
0  9.0  4.92617e-08
0  9.5  2.81255e-08
10  0.2  3.02443
0  10.5  9.9772e-09
0  10.0  1.65876e-08
10  0.3  2.40716
10  0.4  1.85085
10  0.5  1.38259
10  0.6  1.01283
0  11.0  6.12081e-09
10  0.7  0.732202
10  0.8  0.526075
10  0.9  0.376105
10  1.0  0.268616
10  1.1  0.192729
10  1.2  0.138166
10  1.3  0.0999376
10  1.4  0.0727222
10  1.5  0.0522144
10  1.6  0.0383134
10  1.7  0.0283852
10  1.8  0.0211443
10  1.9  0.0155805
10  2.0  0.0114377
0  11.5  3.8222e-09
10  3.0  0.000732415
10  2.5  0.00300455
10  3.5  0.000337149
0  12.0  2.41318e-09
10  5.0  1.28113e-05
10  4.0  8.69455e-05
10  6.0  2.39861e-06
10  4.5  3.22532e-05
10  6.5  1.12844e-06
10  5.5  5.4003e-06
10  7.0  5.54474e-07
10  8.0  1.48506e-07
10  7.5  2.78692e-07
10  8.5  8.0259e-08
10  9.5  2.5729e-08
10  9.0  4.47906e-08
10  10.5  9.0833e-09
12  0.2  2.95305
12  0.3  2.34914
12  0.4  1.80446
10  10.0  1.50678e-08
12  0.5  1.34728
12  0.6  0.986345
12  0.7  0.712399
12  0.8  0.511409
10  11.0  5.55477e-09
12  0.9  0.365546
12  1.0  0.260316
12  1.1  0.186532
12  1.2  0.134384
12  1.3  0.0959451
12  1.4  0.0704026
10  11.5  3.46924e-09
12  1.5  0.0517606
12  1.6  0.0372827
12  1.7  0.0270169
12  1.8  0.0204193
12  1.9  0.0151586
12  2.0  0.0112358
12  2.5  0.00290717
12  3.0  0.000690578
12  3.5  0.000254404
10  12.0  2.18973e-09
12  4.5  3.08713e-05
12  5.0  1.22815e-05
12  4.0  8.33892e-05
12  6.0  2.29745e-06
12  6.5  1.08342e-06
12  5.5  5.16144e-06
12  7.0  5.3052e-07
12  8.0  1.41909e-07
12  8.5  7.66185e-08
12  7.5  2.68241e-07
12  9.5  2.45593e-08
12  9.0  4.28135e-08
12  10.0  1.4399e-08
14  0.2  2.86578
14  0.3  2.27799
14  0.4  1.74748
12  10.5  8.66409e-09
14  0.5  1.30308
14  0.6  0.953108
14  0.7  0.687482
14  0.8  0.493195
12  11.0  5.30473e-09
14  0.9  0.351801
14  1.0  0.250758
14  1.1  0.179258
14  1.3  0.0921152
12  11.5  3.3128e-09
14  1.2  0.127911
14  1.4  0.0664717
14  1.5  0.0488923
14  1.6  0.0358305
14  1.7  0.0258769
14  1.8  0.0190725
14  1.9  0.0142227
14  2.0  0.0107576
14  2.5  0.00270883
14  3.0  0.000803114
14  3.5  0.000333796
12  12.0  2.09074e-09
14  4.5  2.92808e-05
14  5.0  1.16349e-05
14  4.0  7.90905e-05
14  6.0  2.17711e-06
14  5.5  4.89465e-06
14  6.5  1.02643e-06
14  7.0  4.99786e-07
14  7.5  2.53784e-07
14  8.5  7.27492e-08
14  8.0  1.33794e-07
14  9.5  2.32171e-08
14  9.0  4.04811e-08
14  10.5  8.1639e-09
16  0.2  2.76289
14  10.0  1.35981e-08
16  0.3  2.18992
16  0.4  1.67932
16  0.5  1.25022
16  0.6  0.912542
14  11.0  5.01106e-09
16  0.7  0.657465
16  0.8  0.470814
16  0.9  0.335598
16  1.0  0.239289
16  1.1  0.170692
16  1.2  0.122118
16  1.3  0.0876019
14  11.5  3.12708e-09
16  1.5  0.0456531
16  1.4  0.0631117
16  1.6  0.033383
16  1.7  0.0248188
16  1.8  0.0184944
16  2.0  0.0100183
16  1.9  0.0135761
16  2.5  0.0025167
16  3.5  0.000268921
16  3.0  0.000639488
14  12.0  1.97397e-09
16  5.0  1.07966e-05
16  4.5  2.74165e-05
16  5.5  4.53382e-06
16  6.0  2.04624e-06
16  4.0  7.41388e-05
16  6.5  9.54195e-07
16  7.0  4.68768e-07
16  7.5  2.3759e-07
16  8.0  1.24437e-07
16  8.5  6.7844e-08
16  9.0  3.7783e-08
16  9.5  2.16523e-08
16  10.5  7.63027e-09
18  0.2  2.63577
16  10.0  1.26738e-08
16  11.0  4.66579e-09
18  0.3  2.08895
18  0.4  1.59765
18  0.5  1.18747
18  0.6  0.865705
18  0.7  0.622099
16  11.5  2.91049e-09
18  0.8  0.444154
18  0.9  0.316419
18  1.0  0.224572
18  1.1  0.160226
18  1.2  0.115179
18  1.3  0.0818926
18  1.4  0.0600486
18  1.5  0.0429326
18  1.6  0.0311119
18  1.7  0.0232687
18  1.8  0.0173053
18  1.9  0.0126017
18  2.0  0.00925478
18  2.5  0.00237818
18  3.0  0.000561697
18  3.5  0.000198315
18  4.5  2.51781e-05
16  12.0  1.8362e-09
18  4.0  6.8463e-05
18  5.0  1.00184e-05
18  6.0  1.88131e-06
18  5.5  4.21065e-06
18  6.5  8.80292e-07
18  7.0  4.30262e-07
18  9.0  3.42417e-08
18  7.5  2.17305e-07
18  8.0  1.14153e-07
18  8.5  6.18919e-08
18  9.5  1.98355e-08
18  10.5  6.97887e-09
18  10.0  1.1611e-08
2  0.2  3.17062
2  0.3  2.52913
18  11.0  4.26684e-09
2  0.4  1.94697
2  0.5  1.45653
2  0.6  1.07021
18  11.5  2.66328e-09
2  0.7  0.775971
2  0.8  0.558071
2  0.9  0.399638
2  1.0  0.286074
2  1.1  0.205448
2  1.2  0.147991
2  1.4  0.0780358
2  1.3  0.106501
2  1.5  0.0573216
2  1.7  0.030236
2  1.6  0.040999
2  1.8  0.0224043
2  1.9  0.0169312
2  2.0  0.0125319
2  2.5  0.00327528
2  3.0  0.00092735
2  3.5  0.000329937
18  12.0  1.67905e-09
2  4.5  3.50815e-05
2  5.0  1.39682e-05
2  4.0  9.46404e-05
2  5.5  5.89158e-06
2  6.0  2.64122e-06
2  8.0  1.62953e-07
2  6.5  1.23723e-06
2  7.0  6.05365e-07
2  7.5  3.06881e-07
2  8.5  8.7556e-08
2  9.0  4.90838e-08
2  9.5  2.81758e-08
20  0.2  2.4828
2  10.5  9.94011e-09
20  0.3  1.9661
20  0.4  1.5006
2  10.0  1.65274e-08
20  0.5  1.11266
20  0.6  0.808658
20  0.7  0.580187
20  0.8  0.413198
20  0.9  0.293047
20  1.0  0.208445
20  1.1  0.148549
2  11.0  6.09839e-09
20  1.2  0.10598
20  1.3  0.0754527
20  1.5  0.0401958
20  1.4  0.0555799
20  1.6  0.0292971
20  1.7  0.0212523
20  1.8  0.0157516
20  1.9  0.0115376
2  11.5  3.80821e-09
20  2.0  0.00864991
20  2.5  0.00219137
20  3.0  0.000499108
20  3.5  0.000225285
20  5.0  8.94874e-06
20  4.0  6.18067e-05
2  12.0  2.39818e-09
20  4.5  2.27909e-05
20  6.0  1.69209e-06
20  6.5  7.82946e-07
20  5.5  3.79449e-06
20  7.0  3.85994e-07
20  7.5  1.95934e-07
20  8.5  5.55072e-08
20  8.0  1.02442e-07
20  9.0  3.09792e-08
20  9.5  1.77722e-08
20  10.5  6.2479e-09
20  10.0  1.03995e-08
22  0.2  2.30392
22  0.3  1.81792
20  11.0  3.81786e-09
22  0.4  1.38409
22  0.5  1.02302
22  0.6  0.741821
22  0.7  0.530342
22  0.8  0.377078
22  0.9  0.266336
22  1.0  0.188664
20  11.5  2.38248e-09
22  1.1  0.134063
22  1.2  0.0953386
22  1.3  0.0682086
22  1.4  0.0496391
22  1.5  0.0359477
22  1.6  0.0256508
22  1.7  0.0188918
22  1.8  0.0139713
22  1.9  0.010296
22  2.0  0.00766442
22  2.5  0.00198187
22  3.0  0.000531286
22  3.5  0.000156245
20  12.0  1.50182e-09
22  5.0  7.85296e-06
22  4.0  5.43514e-05
22  4.5  2.00048e-05
22  6.0  1.48342e-06
22  5.5  3.32004e-06
22  7.0  3.37337e-07
22  6.5  6.8479e-07
22  7.5  1.70837e-07
22  8.0  8.92708e-08
22  9.5  1.5389e-08
22  8.5  4.80183e-08
22  9.0  2.69858e-08
22  10.0  9.06965e-09
24  0.2  2.08346
22  10.5  5.42524e-09
24  0.3  1.64083
24  0.4  1.24446
24  0.5  0.916697
22  11.0  3.31448e-09
24  0.6  0.661689
24  0.7  0.471901
24  0.8  0.334311
24  0.9  0.235524
24  1.0  0.166058
24  1.1  0.118049
24  1.2  0.083557
24  1.3  0.0602811
24  1.4  0.0425287
24  1.5  0.0312046
24  1.6  0.0226768
24  1.7  0.0162597
22  11.5  2.06731e-09
24  1.8  0.0120227
24  1.9  0.0090454
24  2.0  0.00648966
24  2.5  0.00159815
24  3.0  0.000454489
24  3.5  0.000151766
24  4.5  1.67338e-05
22  12.0  1.30604e-09
24  5.0  6.6744e-06
24  4.0  4.61822e-05
24  5.5  2.79139e-06
24  7.0  2.79669e-07
24  6.0  1.24332e-06
24  6.5  5.79687e-07
24  7.5  1.42956e-07
24  8.0  7.48326e-08
24  8.5  4.03233e-08
24  9.0  2.25797e-08
24  9.5  1.28496e-08
24  10.5  4.51517e-09
24  11.0  2.75914e-09
24  10.0  7.55487e-09
26  0.2  1.81992
26  0.3  1.42751
26  0.4  1.07645
26  0.5  0.789086
26  0.6  0.566948
26  0.7  0.402433
26  0.9  0.198922
26  0.8  0.283094
26  1.0  0.139851
26  1.1  0.0985595
26  1.2  0.0698183
26  1.3  0.0492696
24  11.5  1.7194e-09
26  1.4  0.0352025
26  1.5  0.0252624
26  1.6  0.0183302
26  1.7  0.0134278
26  1.9  0.00723912
26  1.8  0.0097946
26  2.0  0.00547246
26  2.5  0.00134523
26  3.0  0.000286502
26  3.5  0.00011946
26  4.5  1.33297e-05
26  5.0  5.24938e-06
24  12.0  1.08534e-09
26  5.5  2.20137e-06
26  4.0  3.6888e-05
26  6.0  9.76215e-07
26  7.5  1.1121e-07
26  7.0  2.23104e-07
26  6.5  4.56761e-07
26  8.0  5.80302e-08
26  9.0  1.77598e-08
26  8.5  3.17155e-08
26  9.5  1.00759e-08
26  10.5  3.53447e-09
26  10.0  5.89247e-09
28  0.2  1.50275
28  0.3  1.173
26  11.0  2.15858e-09
28  0.4  0.879794
28  0.5  0.640275
28  0.6  0.457069
28  0.7  0.321473
28  0.8  0.2253
28  0.9  0.157473
28  1.0  0.110017
26  11.5  1.34282e-09
28  1.1  0.0771953
28  1.2  0.0542527
28  1.3  0.038965
28  1.4  0.0276106
28  1.5  0.0195207
28  1.6  0.0145565
28  1.7  0.0102049
28  1.8  0.00756479
28  1.9  0.00549993
28  2.0  0.00400089
28  2.5  0.00102175
28  3.0  0.000230353
28  3.5  0.000104407
26  12.0  8.46853e-10
28  5.0  3.87383e-06
28  4.0  2.71845e-05
28  5.5  1.61917e-06
28  4.5  9.87404e-06
28  6.0  7.15266e-07
28  7.5  8.03309e-08
28  6.5  3.30729e-07
28  7.0  1.59739e-07
28  8.0  4.24616e-08
28  9.0  1.27196e-08
28  8.5  2.28586e-08
28  10.5  2.54289e-09
28  9.5  7.19667e-09
28  10.0  4.22994e-09
30  0.2  1.14395
30  0.3  0.886004
28  11.0  1.53925e-09
30  0.4  0.65963
30  0.5  0.476088
30  0.6  0.336739
30  0.7  0.235324
30  0.8  0.163487
30  0.9  0.112942
28  11.5  9.56514e-10
30  1.0  0.0786055
30  1.2  0.0384653
30  1.1  0.0548382
30  1.3  0.0273279
30  1.4  0.0189906
30  1.5  0.0138539
30  1.6  0.00966893
30  1.7  0.00705391
30  1.8  0.00518983
30  2.0  0.00287701
28  12.0  6.04825e-10
30  1.9  0.00384055
30  2.5  0.000668706
30  3.0  0.000139303
30  3.5  8.18934e-05
30  4.0  1.77065e-05
30  4.5  6.41023e-06
30  5.0  2.50297e-06
30  5.5  1.03833e-06
30  6.0  4.56336e-07
30  6.5  2.11248e-07
30  7.0  1.02134e-07
30  8.0  2.68684e-08
30  7.5  5.13483e-08
30  9.0  8.01484e-09
30  10.0  2.65218e-09
30  8.5  1.44122e-08
30  9.5  4.53296e-09
32  0.2  0.778734
30  10.5  1.58017e-09
32  0.3  0.597247
32  0.4  0.439972
32  0.5  0.313828
32  0.6  0.21945
32  0.7  0.151707
32  0.8  0.104313
32  0.9  0.0715176
32  1.0  0.0492258
32  1.1  0.0340632
32  1.2  0.0238115
32  1.3  0.0166023
30  11.0  9.60698e-10
32  1.4  0.0117894
32  1.5  0.00840526
32  1.6  0.00579205
32  1.7  0.00424753
32  1.8  0.0031263
32  2.0  0.00157448
32  1.9  0.00226958
32  2.5  0.000367948
30  11.5  5.93678e-10
32  3.0  7.26174e-05
32  3.5  3.6838e-05
30  12.0  3.77378e-10
32  4.0  9.89543e-06
32  4.5  3.54843e-06
32  5.0  1.37307e-06
32  6.0  2.48217e-07
32  5.5  5.67167e-07
32  6.5  1.14133e-07
32  7.0  5.50643e-08
32  7.5  2.75339e-08
32  9.0  4.25442e-09
32  8.5  7.69182e-09
32  8.0  1.42905e-08
32  10.0  1.39735e-09
32  9.5  2.41348e-09
32  10.5  8.31927e-10
32  11.5  3.11647e-10
4  0.2  3.1529
4  0.3  2.51399
4  0.4  1.93491
4  0.5  1.44979
4  0.6  1.06317
4  0.7  0.769585
4  0.8  0.554162
4  0.9  0.397246
4  1.0  0.28352
4  1.1  0.204176
4  1.2  0.147184
4  1.3  0.105407
4  1.4  0.077462
4  1.5  0.0566864
4  1.6  0.0409118
4  1.8  0.0224673
4  1.7  0.0302342
4  1.9  0.0169014
4  2.0  0.0125469
32  11.0  5.05318e-10
4  3.0  0.000804257
4  2.5  0.00319348
4  3.5  0.000296817
32  12.0  1.96681e-10
4  5.0  1.38255e-05
4  4.0  9.36874e-05
4  4.5  3.47385e-05
4  6.0  2.61355e-06
4  5.5  5.82965e-06
4  6.5  1.22404e-06
4  8.0  1.61213e-07
4  7.0  5.98951e-07
4  7.5  3.03591e-07
4  8.5  8.725e-08
4  9.0  4.85481e-08
4  9.5  2.7876e-08
6  0.2  3.12336
4  10.5  9.83038e-09
6  0.3  2.48851
6  0.4  1.9154
4  10.0  1.63457e-08
6  0.5  1.4343
6  0.6  1.05145
6  0.7  0.761863
6  0.9  0.392644
6  0.8  0.547261
6  1.0  0.281011
4  11.0  6.03086e-09
6  1.1  0.201596
6  1.2  0.144879
6  1.3  0.104093
6  1.4  0.0752598
6  1.6  0.0404899
6  1.5  0.0544314
6  1.7  0.0297708
6  1.8  0.0220682
4  11.5  3.76602e-09
6  1.9  0.0162943
6  2.0  0.0120532
6  3.0  0.000718736
6  2.5  0.0031882
6  3.5  0.000358459
4  12.0  2.37762e-09
6  4.5  3.41346e-05
6  5.0  1.35883e-05
6  4.0  9.20706e-05
6  6.0  2.54686e-06
6  5.5  5.72861e-06
6  7.5  2.94615e-07
6  8.0  1.58176e-07
6  6.5  1.2031e-06
6  7.0  5.86758e-07
6  8.5  8.56504e-08
6  9.0  4.76603e-08
6  9.5  2.73603e-08
8  0.2  3.08014
6  10.5  9.66137e-09
8  0.3  2.45207
6  10.0  1.60443e-08
8  0.4  1.88712
8  0.5  1.41181
8  0.6  1.03501
8  0.7  0.748561
8  0.8  0.537932
8  0.9  0.385256
8  1.0  0.275926
8  1.2  0.142743
8  1.1  0.197666
8  1.3  0.101863
8  1.4  0.0748372
6  11.0  5.91803e-09
8  1.5  0.0536142
8  1.6  0.0391582
8  1.7  0.0290893
8  1.8  0.0213362
8  1.9  0.0158405
6  11.5  3.69564e-09
8  2.0  0.0119374
8  3.0  0.00100594
8  2.5  0.00315209
8  3.5  0.000286776
6  12.0  2.33303e-09
8  4.5  3.32968e-05
8  5.0  1.3252e-05
8  6.0  2.48189e-06
8  4.0  8.98239e-05
8  6.5  1.16907e-06
8  5.5  5.587e-06
8  7.0  5.74239e-07
8  8.0  1.53889e-07
8  7.5  2.90427e-07
8  8.5  8.30235e-08
8  9.5  2.67148e-08
8  9.0  4.64014e-08
8  10.5  9.41517e-09
8  10.0  1.56204e-08
8  11.0  5.76008e-09
8  11.5  3.59673e-09
8  12.0  2.27045e-09
