# exclusive D0 cross section, Pb target, LHAPDF fragmentation, An0n channel
# generated      : 2026-08-20 10:20:19 EEST
# calls          : 1e5 below 4.0 GeV, 2e3 above (see EXCL_PT_THRESHOLD) (VEGAS calls per point, see CALLS_EXCL/CALLS_EXCL_FACTORIZED/CALLS_DIFF)
# dipole samples : data/Pb/mve/glauber_mve_<b>
# pD0 sweep      : 0.2 0.3 0.4 0.5 0.6 0.7 0.8 0.9 1.0 1.1 1.2 1.3 1.4 1.5 1.6 1.7 1.8 1.9 2.0 2.5 3.0 3.5 4.0 4.5 5.0 5.5 6.0 6.5 7.0 7.5 8.0 8.5 9.0 9.5 10.0 10.5 11.0 11.5 12.0
# fixed rapidity y : 0.0
# ============================================================
# b  pD0  dsigma_dyd2pD0
0  0.3  2.87387
0  0.4  2.21631
0  0.2  3.60027
0  0.5  1.66384
0  0.6  1.22418
0  0.7  0.888382
0  0.8  0.641371
0  0.9  0.461359
0  1.0  0.33152
0  1.1  0.23785
0  1.2  0.171908
0  1.5  0.0667343
0  1.3  0.124125
0  1.4  0.0900199
0  1.6  0.0494717
0  1.8  0.0270963
0  1.7  0.03657
0  1.9  0.0208712
0  2.0  0.015608
0  2.5  0.00405007
0  3.0  0.0010087
0  3.5  0.000408417
0  4.0  0.000124519
0  5.0  1.93675e-05
0  5.5  8.47984e-06
0  4.5  4.80481e-05
0  6.0  3.91633e-06
0  7.5  5.07996e-07
0  6.5  1.89784e-06
0  7.0  9.63398e-07
0  8.0  2.78011e-07
0  8.5  1.56731e-07
0  9.0  9.14825e-08
0  11.0  1.32783e-08
0  9.5  5.43921e-08
10  0.2  3.412
10  0.3  2.72029
0  10.0  3.34777e-08
10  0.4  2.09349
10  0.5  1.56705
0  10.5  2.10013e-08
10  0.7  0.832839
10  0.6  1.15089
10  0.8  0.599653
10  0.9  0.430243
10  1.1  0.222296
10  1.0  0.308566
10  1.2  0.159842
10  1.3  0.114868
10  1.4  0.0832816
10  1.6  0.0455276
10  1.5  0.0608111
10  1.7  0.0336466
10  1.8  0.0244158
10  1.9  0.0185767
10  2.0  0.0134703
10  2.5  0.0037124
10  3.0  0.000908695
10  3.5  0.00035265
10  4.0  0.000113375
0  11.5  8.76302e-09
10  4.5  4.32379e-05
0  12.0  5.83202e-09
10  5.5  7.70677e-06
10  5.0  1.77874e-05
10  6.5  1.71579e-06
10  6.0  3.55877e-06
10  8.0  2.51002e-07
10  7.0  8.76226e-07
10  7.5  4.63128e-07
10  8.5  1.42211e-07
10  9.0  8.28444e-08
10  9.5  4.92517e-08
12  0.2  3.32485
12  0.3  2.64884
10  10.0  3.01398e-08
12  0.4  2.03694
12  0.5  1.52101
12  0.6  1.11796
12  0.7  0.808928
12  0.8  0.581544
12  0.9  0.415981
12  1.0  0.298334
10  10.5  1.90262e-08
12  1.1  0.213908
12  1.2  0.155224
12  1.3  0.110933
12  1.4  0.0821971
12  1.5  0.0592986
12  1.7  0.0327021
12  1.6  0.0428636
12  1.9  0.0177143
12  1.8  0.0238879
12  2.5  0.00352453
10  11.0  1.21945e-08
12  2.0  0.0133988
12  3.0  0.000995771
12  3.5  0.000291127
10  11.5  7.93778e-09
10  12.0  5.28973e-09
12  4.5  4.10573e-05
12  4.0  0.000108925
12  5.0  1.69947e-05
12  5.5  7.37563e-06
12  6.0  3.40017e-06
12  8.0  2.39471e-07
12  6.5  1.64881e-06
12  7.0  8.38238e-07
12  7.5  4.42117e-07
12  8.5  1.35653e-07
12  9.0  7.90915e-08
12  10.5  1.80824e-08
12  9.5  4.70028e-08
14  0.2  3.21976
12  10.0  2.87616e-08
14  0.3  2.56094
14  0.4  1.96454
14  0.5  1.467
14  0.6  1.07583
14  0.7  0.777862
14  0.8  0.558502
14  0.9  0.399762
14  1.0  0.286085
14  1.1  0.20674
14  1.2  0.147479
14  1.3  0.107993
14  1.4  0.0783216
14  1.5  0.0556701
14  1.6  0.0406442
12  11.0  1.15786e-08
14  1.7  0.0311633
14  1.9  0.01701
14  1.8  0.0227874
14  2.0  0.0131342
14  2.5  0.00304826
14  3.0  0.000984748
14  3.5  0.000287213
12  11.5  7.57183e-09
12  12.0  5.0457e-09
14  4.0  0.000103414
14  4.5  3.90877e-05
14  5.0  1.60618e-05
14  6.5  1.54307e-06
14  5.5  6.96579e-06
14  6.0  3.21131e-06
14  8.0  2.25905e-07
14  7.0  7.90012e-07
14  7.5  4.17132e-07
14  8.5  1.28166e-07
14  10.5  1.70925e-08
14  9.0  7.45278e-08
14  9.5  4.43176e-08
14  10.0  2.71485e-08
16  0.2  3.09237
16  0.3  2.4569
16  0.4  1.88342
16  0.5  1.40449
16  0.6  1.0273
16  0.7  0.741212
16  0.8  0.531104
16  0.9  0.379751
16  1.0  0.271378
16  1.1  0.194577
16  1.3  0.101892
16  1.2  0.139256
16  1.4  0.073482
16  1.5  0.0523832
16  1.6  0.0384162
16  1.7  0.0286823
14  11.0  1.09059e-08
16  1.8  0.0214902
16  1.9  0.0155421
16  2.0  0.0119629
16  2.5  0.00288063
16  3.0  0.000598891
16  3.5  0.000270503
14  11.5  7.13712e-09
16  4.0  9.66624e-05
14  12.0  4.75929e-09
16  5.0  1.48185e-05
16  4.5  3.62116e-05
16  5.5  6.48025e-06
16  6.0  2.97825e-06
16  6.5  1.43475e-06
16  7.5  3.87146e-07
16  7.0  7.34915e-07
16  9.0  6.9429e-08
16  8.0  2.11243e-07
16  8.5  1.19186e-07
16  10.5  1.58641e-08
16  9.5  4.12014e-08
18  0.2  2.93821
16  10.0  2.52231e-08
18  0.3  2.32822
18  0.4  1.78384
18  0.5  1.32815
18  0.6  0.967615
18  0.7  0.698108
18  0.8  0.500299
18  0.9  0.356271
18  1.0  0.253913
18  1.1  0.182019
18  1.2  0.130223
18  1.3  0.0934104
18  1.4  0.0674616
16  11.0  1.01338e-08
18  1.5  0.0498562
18  1.6  0.0358594
18  1.7  0.0271719
18  1.8  0.0201332
18  1.9  0.0145715
18  2.0  0.011237
18  3.0  0.000777238
18  2.5  0.00265782
18  3.5  0.000407674
16  11.5  6.62661e-09
18  5.0  1.35891e-05
16  12.0  4.41893e-09
18  5.5  5.93301e-06
18  6.0  2.72811e-06
18  4.0  8.88796e-05
18  4.5  3.34718e-05
18  6.5  1.31136e-06
18  7.5  3.56538e-07
18  7.0  6.71794e-07
18  8.0  1.92889e-07
18  8.5  1.08883e-07
18  9.0  6.32907e-08
18  9.5  3.76477e-08
18  10.0  2.31733e-08
2  0.2  3.59288
2  0.3  2.86784
2  0.4  2.20926
18  10.5  1.45036e-08
2  0.5  1.66007
2  0.6  1.22293
2  0.7  0.88601
2  0.8  0.639404
2  0.9  0.459707
2  1.0  0.33042
18  11.0  9.14474e-09
2  1.1  0.238117
2  1.2  0.171946
2  1.3  0.124423
2  1.4  0.0899587
2  1.5  0.0654586
2  1.6  0.0481041
2  1.7  0.0367739
2  1.8  0.027046
2  1.9  0.0200108
2  2.0  0.0151665
2  2.5  0.00378207
2  3.0  0.00117774
2  3.5  0.00040876
18  11.5  6.05361e-09
2  4.0  0.000124065
18  12.0  4.04344e-09
2  5.5  8.44922e-06
2  4.5  4.77515e-05
2  5.0  1.94748e-05
2  6.0  3.90207e-06
2  7.5  5.06258e-07
2  7.0  9.68671e-07
2  6.5  1.8913e-06
2  8.0  2.77107e-07
2  10.0  3.31395e-08
2  8.5  1.56143e-07
2  9.0  9.11953e-08
2  9.5  5.41864e-08
2  11.0  1.32237e-08
20  0.2  2.75583
20  0.3  2.18177
20  0.4  1.66351
20  0.5  1.23555
20  0.6  0.900418
20  0.7  0.646938
20  0.8  0.46151
20  0.9  0.328327
20  1.0  0.234436
20  1.1  0.166857
20  1.2  0.11936
20  1.3  0.0855074
20  1.4  0.0633678
20  1.5  0.0443938
20  1.6  0.0331775
20  1.7  0.0238076
2  10.5  2.09238e-08
20  1.8  0.0183263
20  1.9  0.0133654
20  2.0  0.0103446
20  2.5  0.00234992
20  3.0  0.000611267
20  3.5  0.000229192
20  4.0  8.03039e-05
2  11.5  8.72993e-09
2  12.0  5.81023e-09
20  4.5  3.00538e-05
20  6.0  2.44348e-06
20  5.0  1.22966e-05
20  5.5  5.33427e-06
20  7.5  3.18434e-07
20  6.5  1.19226e-06
20  7.0  6.04871e-07
20  8.0  1.72491e-07
20  8.5  9.72441e-08
20  9.0  5.67567e-08
20  9.5  3.36037e-08
20  10.0  2.06199e-08
22  0.2  2.53729
22  0.3  2.00467
22  0.4  1.52585
20  10.5  1.28837e-08
22  0.5  1.12945
22  0.6  0.818737
22  0.7  0.587497
22  0.8  0.417928
22  0.9  0.29641
22  1.0  0.2109
22  1.1  0.150245
22  1.2  0.10798
20  11.0  8.25693e-09
22  1.3  0.0762864
22  1.4  0.0560226
22  1.5  0.0406477
22  1.6  0.029028
22  1.7  0.0218535
22  1.8  0.0163981
22  1.9  0.0121159
22  2.0  0.00859527
22  2.5  0.00209564
22  3.0  0.000495894
22  3.5  0.000284979
20  11.5  5.39914e-09
20  12.0  3.58463e-09
22  4.0  7.00748e-05
22  5.0  1.06058e-05
22  5.5  4.65317e-06
22  4.5  2.6207e-05
22  6.0  2.13539e-06
22  6.5  1.03562e-06
22  7.5  2.7448e-07
22  7.0  5.22298e-07
22  8.0  1.46896e-07
22  8.5  8.4215e-08
22  9.0  4.91244e-08
22  11.0  7.07713e-09
22  9.5  2.90956e-08
24  0.2  2.27545
22  10.0  1.78373e-08
24  0.3  1.79219
24  0.4  1.35723
24  0.5  1.002
24  0.6  0.724055
24  0.7  0.516655
24  0.8  0.366378
24  0.9  0.258805
22  10.5  1.11372e-08
24  1.0  0.183475
24  1.1  0.130274
24  1.2  0.0933391
24  1.3  0.0668429
24  1.4  0.0477658
24  1.6  0.0255834
24  1.5  0.0340874
24  1.7  0.0187348
24  1.8  0.013465
24  1.9  0.0101138
24  2.0  0.00776232
24  2.5  0.00180939
24  3.0  0.000623654
24  3.5  0.000183992
22  11.5  4.66717e-09
24  4.0  5.87001e-05
24  5.0  8.84954e-06
22  12.0  3.10105e-09
24  4.5  2.19325e-05
24  5.5  3.87616e-06
24  6.0  1.77909e-06
24  6.5  8.61982e-07
24  7.0  4.34747e-07
24  7.5  2.28072e-07
24  8.0  1.23971e-07
24  8.5  6.99423e-08
24  9.0  4.06749e-08
24  9.5  2.41254e-08
24  11.5  3.83479e-09
24  10.0  1.47639e-08
26  0.2  1.96099
26  0.3  1.53674
26  0.4  1.16099
24  10.5  9.23224e-09
26  0.5  0.851353
26  0.6  0.61201
26  0.7  0.434552
26  0.8  0.306654
26  0.9  0.216116
26  1.0  0.152173
24  11.0  5.90037e-09
26  1.1  0.107416
26  1.3  0.0539785
26  1.2  0.0760908
26  1.4  0.0393149
26  1.5  0.0278586
26  1.6  0.02041
26  1.7  0.0148627
26  1.9  0.00807021
26  1.8  0.0111005
26  2.0  0.00603168
26  2.5  0.00148435
26  3.0  0.0004269
26  3.5  0.000142097
26  4.0  4.64146e-05
24  12.0  2.56521e-09
26  4.5  1.72939e-05
26  5.5  3.04661e-06
26  5.0  7.00913e-06
26  6.0  1.39441e-06
26  6.5  6.68934e-07
26  7.0  3.3798e-07
26  7.5  1.76126e-07
26  8.0  9.73715e-08
26  8.5  5.45159e-08
26  9.0  3.16403e-08
26  9.5  1.87833e-08
26  11.5  2.98447e-09
26  10.0  1.14733e-08
28  0.2  1.593
28  0.3  1.24105
28  0.4  0.930688
28  0.5  0.677982
28  0.6  0.483515
26  10.5  7.17846e-09
28  0.7  0.341153
28  0.8  0.239182
28  0.9  0.167279
28  1.0  0.117498
28  1.2  0.0580757
28  1.1  0.0824375
26  11.0  4.59487e-09
28  1.4  0.0292679
28  1.3  0.0411364
28  1.5  0.0213498
28  1.6  0.0156144
28  1.7  0.0112656
28  1.8  0.0082754
28  1.9  0.0062391
28  2.0  0.004433
28  2.5  0.00109832
28  3.0  0.000331901
28  3.5  0.000111996
26  12.0  1.99173e-09
28  4.0  3.35377e-05
28  5.0  4.99827e-06
28  5.5  2.19395e-06
28  4.5  1.2523e-05
28  7.0  2.39468e-07
28  6.0  9.98719e-07
28  6.5  4.78231e-07
28  7.5  1.27314e-07
28  9.0  2.23097e-08
28  8.0  6.87774e-08
28  8.5  3.86951e-08
28  9.5  1.33094e-08
28  11.0  3.22729e-09
28  10.0  8.13777e-09
30  0.2  1.18256
30  0.3  0.915564
28  10.5  5.08195e-09
30  0.4  0.680043
30  0.5  0.490569
30  0.6  0.347702
30  0.7  0.242607
30  0.8  0.168712
30  0.9  0.116923
30  1.0  0.0816795
30  1.2  0.0400059
30  1.1  0.0570717
30  1.3  0.0286022
30  1.4  0.0202005
30  1.5  0.0145445
30  1.6  0.0103288
30  1.7  0.00772752
30  1.8  0.00548165
30  1.9  0.00407977
30  2.0  0.00313777
30  2.5  0.000674573
30  3.0  0.000213007
30  3.5  4.78913e-05
28  11.5  2.103e-09
30  4.0  2.13661e-05
28  12.0  1.40994e-09
30  4.5  7.9445e-06
30  5.0  3.16319e-06
30  5.5  1.38557e-06
30  6.0  6.2749e-07
30  6.5  3.02103e-07
30  7.0  1.51656e-07
30  8.0  4.30593e-08
30  7.5  7.94247e-08
30  8.5  2.40309e-08
30  9.0  1.39035e-08
30  9.5  8.23486e-09
30  10.0  5.03122e-09
32  0.2  0.776746
30  10.5  3.14731e-09
32  0.3  0.595405
32  0.4  0.438182
32  0.5  0.311917
32  0.6  0.218186
32  0.7  0.150761
32  0.8  0.103723
32  0.9  0.0713222
32  1.0  0.0492484
32  1.1  0.0340205
32  1.2  0.0240616
32  1.3  0.0168201
32  1.4  0.0116701
30  11.0  2.00381e-09
32  1.5  0.00841284
32  1.6  0.00608143
32  1.8  0.00315557
32  1.7  0.00434459
32  2.0  0.00174577
32  1.9  0.00236471
32  3.0  0.000157705
30  11.5  1.31126e-09
32  2.5  0.000398873
32  3.5  3.70288e-05
30  12.0  8.70372e-10
32  4.5  4.22086e-06
32  4.0  1.15132e-05
32  5.0  1.71646e-06
32  5.5  7.31819e-07
32  6.5  1.57566e-07
32  6.0  3.32358e-07
32  8.0  2.21626e-08
32  7.0  7.91928e-08
32  7.5  4.12537e-08
32  8.5  1.24895e-08
32  9.0  7.21691e-09
32  9.5  4.26304e-09
32  10.0  2.60145e-09
4  0.2  3.57247
4  0.3  2.84987
4  0.4  2.19663
4  0.5  1.64865
4  0.6  1.21065
4  0.7  0.879497
32  10.5  1.62541e-09
4  0.8  0.634852
4  0.9  0.45685
4  1.0  0.32784
4  1.1  0.236083
4  1.2  0.169899
4  1.3  0.122723
4  1.4  0.0893649
4  1.5  0.0648822
4  1.6  0.0479411
4  1.7  0.035334
4  1.8  0.0267893
4  1.9  0.019941
4  2.0  0.0144603
4  2.5  0.00364485
32  11.0  1.03337e-09
4  3.0  0.000972013
4  3.5  0.000222745
32  11.5  6.72967e-10
4  4.0  0.000122736
4  5.0  1.90951e-05
32  12.0  4.46638e-10
4  5.5  8.35804e-06
4  4.5  4.72485e-05
4  6.5  1.85979e-06
4  6.0  3.85927e-06
4  7.5  5.00082e-07
4  8.0  2.72147e-07
4  7.0  9.49451e-07
4  8.5  1.54397e-07
4  9.0  9.01947e-08
4  9.5  5.35729e-08
4  11.0  1.30776e-08
6  0.2  3.53541
4  10.5  2.06012e-08
6  0.3  2.81954
6  0.4  2.17267
4  10.0  3.27894e-08
6  0.5  1.62938
6  0.6  1.19731
6  0.7  0.86954
6  0.8  0.626343
6  0.9  0.450433
6  1.0  0.323506
6  1.1  0.232933
6  1.2  0.168306
6  1.3  0.121001
6  1.5  0.0650429
6  1.4  0.0874889
6  1.6  0.0468662
6  1.7  0.0347343
6  1.8  0.0258104
6  1.9  0.0197233
6  2.0  0.0141384
6  2.5  0.00393712
6  3.5  0.000512493
6  3.0  0.00101612
6  4.0  0.000120526
4  11.5  8.6367e-09
6  5.0  1.87524e-05
4  12.0  5.75531e-09
6  5.5  8.20412e-06
6  4.5  4.6392e-05
6  6.5  1.82711e-06
6  6.0  3.78791e-06
6  8.0  2.67291e-07
6  7.0  9.31334e-07
6  7.5  4.91769e-07
6  8.5  1.5151e-07
6  9.0  8.85195e-08
6  9.5  5.25482e-08
6  11.0  1.28244e-08
8  0.2  3.48187
8  0.3  2.77698
6  10.0  3.21789e-08
8  0.4  2.1383
8  0.5  1.60101
8  0.6  1.17477
8  0.7  0.853948
8  0.8  0.614879
8  0.9  0.441323
6  10.5  2.03075e-08
8  1.0  0.317322
8  1.1  0.227975
8  1.2  0.165118
8  1.3  0.118338
8  1.4  0.0859217
8  1.5  0.0623307
8  1.6  0.0460015
8  1.7  0.0345845
8  1.8  0.0260646
8  2.0  0.0136516
8  1.9  0.0191091
8  2.5  0.00387544
8  3.0  0.000897332
8  3.5  0.000165375
6  11.5  8.46521e-09
8  4.0  0.000117413
8  5.0  1.82648e-05
6  12.0  5.64599e-09
8  5.5  7.98476e-06
8  4.5  4.49337e-05
8  6.5  1.77816e-06
8  6.0  3.68784e-06
8  7.5  4.73278e-07
8  8.0  2.6033e-07
8  7.0  9.06508e-07
8  8.5  1.47371e-07
8  9.0  8.61157e-08
8  9.5  5.11054e-08
8  10.5  1.96778e-08
8  10.0  3.13217e-08
8  11.0  1.26233e-08
8  11.5  8.23447e-09
8  12.0  5.48546e-09
