# exclusive D0 cross section, Pb target, LHAPDF fragmentation, An0n channel
# generated      : 2026-08-20 10:20:43 EEST
# calls          : 1e5 below 4.0 GeV, 2e3 above (see EXCL_PT_THRESHOLD) (VEGAS calls per point, see CALLS_EXCL/CALLS_EXCL_FACTORIZED/CALLS_DIFF)
# dipole samples : data/Pb/mve/glauber_mve_<b>
# pD0 sweep      : 0.2 0.3 0.4 0.5 0.6 0.7 0.8 0.9 1.0 1.1 1.2 1.3 1.4 1.5 1.6 1.7 1.8 1.9 2.0 2.5 3.0 3.5 4.0 4.5 5.0 5.5 6.0 6.5 7.0 7.5 8.0 8.5 9.0 9.5 10.0 10.5 11.0 11.5 12.0
# fixed rapidity y : 2.0
# ============================================================
# b  pD0  dsigma_dyd2pD0
0  0.3  1.21008
0  0.2  1.47233
0  0.5  0.735838
0  0.4  0.959023
0  0.8  0.294524
0  0.6  0.551069
0  0.7  0.405146
0  0.9  0.212227
0  1.0  0.152506
0  1.1  0.109435
0  1.3  0.0566311
0  1.2  0.0785617
0  1.4  0.0409504
0  1.6  0.0217313
0  1.5  0.0296425
0  1.8  0.011798
0  1.7  0.0157045
0  1.9  0.00873985
0  2.5  0.00150411
0  2.0  0.00633147
0  3.0  0.000421689
0  3.5  0.000130884
0  4.0  3.94285e-05
0  4.5  1.37622e-05
0  5.0  5.12495e-06
0  5.5  2.03118e-06
0  6.0  8.53346e-07
0  6.5  3.71525e-07
0  7.0  1.69127e-07
0  7.5  8.04172e-08
0  8.0  3.93716e-08
0  8.5  1.9902e-08
0  10.5  1.68162e-09
0  9.0  1.03381e-08
0  9.5  5.51285e-09
0  10.0  3.00443e-09
10  0.2  1.40693
10  0.3  1.15437
10  0.4  0.913765
10  0.5  0.700486
10  0.6  0.523151
10  0.7  0.383887
10  0.8  0.278303
10  0.9  0.200117
10  1.0  0.143661
10  1.1  0.102814
0  11.5  5.51062e-10
10  1.2  0.0739494
10  1.3  0.0532245
10  1.4  0.0383217
10  1.6  0.0204024
10  1.5  0.0277528
10  1.7  0.0148832
10  1.8  0.0109839
10  1.9  0.00814484
0  11.0  9.4419e-10
10  2.0  0.00589214
10  2.5  0.00139088
10  3.0  0.000359878
10  3.5  0.000130278
0  12.0  3.23135e-10
10  4.0  3.62322e-05
10  4.5  1.26442e-05
10  5.0  4.70356e-06
10  6.0  7.81086e-07
10  5.5  1.86189e-06
10  6.5  3.39832e-07
10  7.0  1.55176e-07
10  7.5  7.34631e-08
10  8.0  3.59321e-08
10  8.5  1.81633e-08
10  9.0  9.4333e-09
10  9.5  5.02638e-09
10  10.0  2.73798e-09
12  0.2  1.37681
12  0.3  1.12908
10  11.5  5.01679e-10
12  0.4  0.893103
12  0.5  0.684457
10  10.5  1.52375e-09
12  0.6  0.510611
12  0.7  0.374057
12  0.8  0.271257
10  11.0  8.6479e-10
12  0.9  0.194737
12  1.0  0.139803
12  1.2  0.0717167
12  1.1  0.100086
12  1.4  0.037125
12  1.3  0.0515797
12  1.6  0.0195569
12  1.5  0.0268334
12  1.9  0.00789456
12  1.7  0.0141852
12  1.8  0.0103742
12  2.0  0.00568959
12  2.5  0.00136493
12  3.5  0.000108161
12  3.0  0.000361557
10  12.0  2.9396e-10
12  4.0  3.48681e-05
12  4.5  1.21437e-05
12  5.0  4.51447e-06
12  5.5  1.78632e-06
12  6.0  7.46146e-07
12  6.5  3.2579e-07
12  7.0  1.48606e-07
12  7.5  7.03643e-08
12  8.0  3.44048e-08
12  8.5  1.7388e-08
12  9.0  9.02796e-09
12  9.5  4.80556e-09
12  10.0  2.61876e-09
14  0.2  1.33974
12  10.5  1.43729e-09
14  0.3  1.09773
14  0.4  0.867184
14  0.5  0.663634
14  0.6  0.494844
12  11.5  4.80044e-10
14  0.8  0.262156
14  0.7  0.362171
14  0.9  0.188419
14  1.0  0.134819
14  1.1  0.0963571
14  1.2  0.0690085
12  11.0  8.32457e-10
14  1.3  0.0496182
14  1.4  0.035695
14  1.5  0.0259987
14  1.6  0.0186574
14  1.8  0.0101532
14  1.7  0.0136086
14  1.9  0.00761234
14  2.0  0.0054586
14  2.5  0.00127012
14  3.0  0.000354684
14  3.5  0.00011275
12  12.0  2.81e-10
14  4.0  3.31912e-05
14  4.5  1.15444e-05
14  5.0  4.29626e-06
14  5.5  1.69628e-06
14  6.5  3.10222e-07
14  6.0  7.06674e-07
14  7.0  1.40713e-07
14  7.5  6.66671e-08
14  8.0  3.25826e-08
14  9.0  8.52594e-09
14  8.5  1.6455e-08
14  9.5  4.55028e-09
14  10.0  2.47804e-09
16  0.2  1.29409
16  0.3  1.05958
14  11.5  4.50828e-10
16  0.4  0.836599
14  10.5  1.36587e-09
16  0.5  0.638842
16  0.6  0.475562
16  0.7  0.348016
16  0.9  0.180103
16  0.8  0.251333
16  1.0  0.128922
16  1.1  0.0921088
16  1.2  0.0659016
16  1.3  0.0473137
16  1.4  0.033984
14  11.0  7.81734e-10
16  1.5  0.0245268
16  1.6  0.0177664
16  1.7  0.0129381
16  1.8  0.00966163
16  1.9  0.00713911
16  2.0  0.00517411
16  2.5  0.00122452
16  3.0  0.000353337
16  3.5  9.78039e-05
14  12.0  2.6548e-10
16  4.0  3.11882e-05
16  5.0  4.03194e-06
16  4.5  1.07837e-05
16  5.5  1.58919e-06
16  6.5  2.91082e-07
16  7.5  6.30543e-08
16  6.0  6.62325e-07
16  7.0  1.31631e-07
16  8.0  3.04541e-08
16  8.5  1.53765e-08
16  9.0  7.98109e-09
16  9.5  4.24559e-09
16  10.0  2.31051e-09
16  11.5  4.22024e-10
18  0.2  1.23994
16  10.5  1.28593e-09
18  0.3  1.01396
18  0.4  0.799131
18  0.5  0.609537
18  0.6  0.452922
18  0.7  0.330365
18  0.8  0.238686
18  0.9  0.170643
18  1.0  0.122039
18  1.1  0.0869191
18  1.2  0.0620634
18  1.3  0.0445188
18  1.4  0.0319843
16  11.0  7.29074e-10
18  1.6  0.016775
18  1.5  0.0230751
18  1.7  0.0122571
18  1.8  0.00899889
18  1.9  0.00672299
18  2.0  0.00485684
18  2.5  0.00111204
18  3.0  0.000303039
18  3.5  9.0132e-05
16  12.0  2.47464e-10
18  4.0  2.88949e-05
18  5.0  3.72385e-06
18  6.0  6.13299e-07
18  4.5  9.97579e-06
18  6.5  2.67384e-07
18  5.5  1.46642e-06
18  7.5  5.80242e-08
18  7.0  1.21565e-07
18  8.0  2.80128e-08
18  8.5  1.41398e-08
18  9.0  7.32956e-09
18  9.5  3.90165e-09
18  10.0  2.115e-09
2  0.2  1.46984
2  0.3  1.20798
2  0.4  0.95728
2  0.5  0.734449
2  0.6  0.550066
2  0.7  0.404254
18  10.5  1.18001e-09
2  0.9  0.211447
2  0.8  0.293705
2  1.0  0.152158
2  1.1  0.109176
2  1.2  0.0783409
2  1.3  0.0564858
2  1.4  0.0408145
2  1.5  0.02956
2  1.6  0.0217188
2  1.8  0.0117523
18  11.0  6.69014e-10
2  1.7  0.0156566
2  1.9  0.00871606
2  2.5  0.00149708
2  2.0  0.00631401
2  3.0  0.000427943
2  3.5  0.000132753
18  11.5  3.83307e-10
18  12.0  2.26895e-10
2  4.0  3.93073e-05
2  4.5  1.37167e-05
2  5.0  5.10822e-06
2  6.0  8.50414e-07
2  5.5  2.02447e-06
2  6.5  3.70257e-07
2  7.0  1.68957e-07
2  7.5  8.01419e-08
2  8.0  3.92356e-08
2  8.5  1.98305e-08
2  9.0  1.03024e-08
2  9.5  5.49479e-09
2  10.0  2.99394e-09
20  0.2  1.17447
20  0.3  0.960088
20  0.4  0.754943
2  10.5  1.66625e-09
20  0.5  0.574341
20  0.6  0.425752
20  0.7  0.310252
20  0.8  0.223171
20  0.9  0.159894
20  1.0  0.113745
20  1.1  0.0809578
20  1.2  0.057709
20  1.3  0.0412543
20  1.5  0.0214208
20  1.4  0.0295813
20  1.6  0.0155507
20  1.7  0.0114454
20  1.9  0.00617601
20  1.8  0.00817104
2  11.0  9.4632e-10
20  2.0  0.00447022
20  2.5  0.00102013
20  3.5  7.32368e-05
20  3.0  0.000272893
2  11.5  5.47401e-10
2  12.0  3.21973e-10
20  4.0  2.62436e-05
20  4.5  9.09669e-06
20  5.0  3.37603e-06
20  6.0  5.54147e-07
20  6.5  2.41187e-07
20  5.5  1.32354e-06
20  7.5  5.21054e-08
20  7.0  1.09492e-07
20  8.0  2.52418e-08
20  8.5  1.27538e-08
20  9.0  6.59402e-09
20  9.5  3.50206e-09
20  10.0  1.90581e-09
22  0.2  1.0959
20  11.5  3.48583e-10
22  0.3  0.893573
22  0.4  0.701357
22  0.5  0.532251
22  0.6  0.393591
20  10.5  1.05944e-09
22  0.7  0.285977
22  0.8  0.20544
22  0.9  0.146195
22  1.0  0.103732
22  1.1  0.0738557
20  11.0  6.00068e-10
22  1.2  0.0525577
22  1.3  0.0375354
22  1.4  0.0268526
22  1.6  0.0140249
22  1.5  0.019456
22  1.7  0.0104166
22  1.9  0.0056
22  1.8  0.00733792
22  2.0  0.00407453
22  2.5  0.000931214
20  12.0  2.03956e-10
22  3.0  0.000255748
22  3.5  7.41355e-05
22  5.0  2.97606e-06
22  4.0  2.32069e-05
22  4.5  8.00405e-06
22  5.5  1.16865e-06
22  6.0  4.8603e-07
22  7.0  9.62966e-08
22  7.5  4.56035e-08
22  6.5  2.11261e-07
22  8.0  2.20909e-08
22  8.5  1.11243e-08
22  9.0  5.75936e-09
22  9.5  3.05906e-09
22  10.0  1.66206e-09
24  0.2  0.999164
22  10.5  9.23948e-10
24  0.3  0.812855
24  0.4  0.636321
24  0.5  0.481314
22  11.5  3.02599e-10
24  0.6  0.354713
24  0.7  0.256618
24  0.8  0.183667
24  0.9  0.13038
22  11.0  5.23051e-10
24  1.0  0.0925665
24  1.2  0.0464487
24  1.1  0.0655313
24  1.3  0.0331583
24  1.4  0.0236544
24  1.5  0.0169839
24  1.7  0.00914268
24  1.6  0.0122102
24  1.8  0.00639774
24  1.9  0.00479401
24  2.0  0.00351522
24  2.5  0.000782338
24  3.0  0.000214855
24  3.5  6.24653e-05
22  12.0  1.76868e-10
24  5.0  2.52881e-06
24  4.0  1.97968e-05
24  4.5  6.82025e-06
24  5.5  9.89613e-07
24  6.0  4.10935e-07
24  6.5  1.78281e-07
24  7.0  8.09616e-08
24  7.5  3.80952e-08
24  8.0  1.85798e-08
24  8.5  9.34203e-09
24  9.0  4.83004e-09
24  9.5  2.56383e-09
26  0.2  0.881859
26  0.3  0.715337
24  10.0  1.39074e-09
26  0.4  0.557902
26  0.5  0.419933
26  0.6  0.308024
26  0.7  0.221986
26  0.8  0.158127
26  0.9  0.11195
26  1.0  0.0787761
24  10.5  7.7239e-10
26  1.1  0.0556128
24  11.5  2.52925e-10
26  1.2  0.0393651
26  1.3  0.0279258
26  1.4  0.0199029
26  1.5  0.0143439
26  1.6  0.0102199
24  11.0  4.37017e-10
26  1.7  0.00738496
26  1.8  0.00543406
26  2.0  0.00292443
26  1.9  0.0039464
26  2.5  0.000642298
26  3.5  5.30949e-05
26  3.0  0.000177849
24  12.0  1.47849e-10
26  4.0  1.60318e-05
26  5.0  2.02817e-06
26  4.5  5.49456e-06
26  5.5  7.92631e-07
26  7.0  6.4677e-08
26  6.0  3.27725e-07
26  6.5  1.41534e-07
26  7.5  3.02705e-08
26  8.0  1.4722e-08
26  8.5  7.39833e-09
26  9.0  3.82106e-09
26  9.5  2.02469e-09
26  10.0  1.0972e-09
26  11.0  3.45177e-10
28  0.2  0.739912
26  10.5  6.08876e-10
28  0.3  0.597343
28  0.4  0.463255
28  0.5  0.346948
28  0.6  0.252932
28  0.7  0.181154
26  11.5  1.98759e-10
28  0.8  0.12821
28  0.9  0.0899878
28  1.0  0.0633529
28  1.2  0.0312676
28  1.1  0.044463
28  1.3  0.0221194
28  1.4  0.01569
28  1.5  0.0111459
28  1.6  0.0081444
28  1.7  0.00591579
28  1.8  0.00418592
28  2.0  0.00222953
28  1.9  0.00302765
28  2.5  0.000522811
28  3.0  0.000146452
28  3.5  3.64024e-05
26  12.0  1.16079e-10
28  4.0  1.19771e-05
28  5.0  1.50198e-06
28  4.5  4.08709e-06
28  5.5  5.84589e-07
28  6.0  2.41051e-07
28  6.5  1.04097e-07
28  7.0  4.70846e-08
28  7.5  2.208e-08
28  8.0  1.07304e-08
28  8.5  5.36863e-09
28  9.0  2.76727e-09
28  9.5  1.46433e-09
28  11.5  1.43229e-10
28  10.0  7.92855e-10
30  0.2  0.575506
30  0.3  0.462421
28  10.5  4.38827e-10
30  0.4  0.355959
30  0.5  0.26427
30  0.6  0.191212
30  0.7  0.135812
30  0.8  0.0953469
30  0.9  0.0666208
30  1.0  0.0464349
30  1.1  0.0324035
28  11.0  2.47548e-10
30  1.2  0.0226162
30  1.3  0.0158726
30  1.4  0.0111949
30  1.5  0.00797495
30  1.6  0.00564588
30  1.7  0.00406254
30  1.8  0.00291027
30  1.9  0.00211607
30  2.0  0.00156402
30  2.5  0.000347253
30  3.0  8.86243e-05
30  3.5  2.72351e-05
28  12.0  8.32303e-11
30  4.0  7.97989e-06
30  4.5  2.70586e-06
30  5.0  9.83883e-07
30  5.5  3.82918e-07
30  6.0  1.57114e-07
30  7.0  3.05194e-08
30  6.5  6.76809e-08
30  8.5  3.45709e-09
30  7.5  1.42264e-08
30  8.0  6.88309e-09
30  9.5  9.36799e-10
30  9.0  1.76481e-09
30  10.0  5.0421e-10
32  0.2  0.404356
32  0.3  0.322344
32  0.4  0.245691
32  0.5  0.180564
32  0.6  0.129108
32  0.7  0.0907156
32  0.8  0.0630155
32  0.9  0.04366
30  10.5  2.78438e-10
32  1.0  0.0301024
32  1.1  0.0208303
32  1.2  0.0144239
32  1.4  0.00704417
32  1.3  0.0100704
32  1.5  0.00496266
32  1.6  0.00358276
32  1.7  0.00249811
32  1.8  0.00179236
30  11.0  1.5659e-10
32  1.9  0.00129486
32  2.5  0.000190899
32  2.0  0.000956337
32  3.0  5.47391e-05
32  3.5  1.53598e-05
30  11.5  8.99517e-11
30  12.0  5.25365e-11
32  4.0  4.57701e-06
32  4.5  1.52693e-06
32  5.0  5.56459e-07
32  5.5  2.15021e-07
32  6.5  3.76869e-08
32  6.0  8.74828e-08
32  7.0  1.67899e-08
32  8.5  1.87148e-09
32  7.5  7.80069e-09
32  9.0  9.64191e-10
32  8.0  3.75857e-09
32  10.5  1.50357e-10
32  11.0  8.4191e-11
32  9.5  5.04668e-10
32  10.0  2.71079e-10
4  0.2  1.46222
4  0.3  1.20128
4  0.4  0.952021
4  0.5  0.730217
4  0.6  0.547091
4  0.7  0.401821
4  0.9  0.210555
4  0.8  0.292111
4  1.1  0.108401
4  1.0  0.1511
4  1.2  0.0777766
4  1.3  0.0561871
4  1.4  0.040535
4  1.5  0.0293272
4  1.7  0.0157681
4  1.6  0.0213206
4  1.8  0.0116586
4  1.9  0.00844433
4  2.0  0.00630076
4  2.5  0.00148229
4  3.0  0.000431192
4  3.5  0.000128433
32  11.5  4.79031e-11
32  12.0  2.79116e-11
4  4.0  3.89371e-05
4  4.5  1.35811e-05
4  5.0  5.05817e-06
4  6.0  8.41698e-07
4  5.5  2.00442e-06
4  6.5  3.66316e-07
4  7.0  1.67218e-07
4  7.5  7.93143e-08
4  8.0  3.88267e-08
4  8.5  1.9634e-08
4  9.0  1.01971e-08
4  9.5  5.43678e-09
4  10.0  2.96259e-09
6  0.2  1.44955
6  0.3  1.19015
6  0.4  0.942848
6  0.5  0.723007
6  0.6  0.541282
6  0.7  0.397326
6  0.8  0.288794
6  0.9  0.207733
6  1.0  0.149353
4  10.5  1.64848e-09
6  1.1  0.107128
6  1.2  0.0771582
6  1.3  0.0554003
6  1.4  0.0400078
6  1.5  0.0289805
6  1.6  0.0210748
6  1.7  0.0155539
4  11.0  9.36189e-10
6  1.8  0.0113169
6  2.0  0.00617314
6  1.9  0.00835177
6  2.5  0.00145892
6  3.0  0.000427459
6  3.5  0.000113444
4  11.5  5.41589e-10
4  12.0  3.18453e-10
6  4.0  3.83121e-05
6  4.5  1.33588e-05
6  5.0  4.96775e-06
6  6.0  8.27047e-07
6  5.5  1.97055e-06
6  6.5  3.60512e-07
6  7.0  1.64341e-07
6  7.5  7.79324e-08
6  8.0  3.81423e-08
6  8.5  1.92733e-08
6  9.0  1.00178e-08
6  9.5  5.33624e-09
6  10.0  2.90925e-09
8  0.2  1.4313
8  0.3  1.17472
8  0.4  0.930142
8  0.5  0.713503
8  0.6  0.533269
8  0.7  0.391432
6  10.5  1.61884e-09
8  0.8  0.284372
8  0.9  0.204929
8  1.0  0.146981
8  1.1  0.105316
8  1.2  0.075623
8  1.3  0.0544608
6  11.0  9.27591e-10
8  1.4  0.0392453
8  1.6  0.0208037
8  1.5  0.0284336
8  1.7  0.0152989
8  1.8  0.0112891
8  1.9  0.00818521
6  11.5  5.31789e-10
8  2.0  0.00602366
8  2.5  0.00143141
8  3.0  0.000402902
8  3.5  0.000106303
6  12.0  3.12624e-10
8  4.0  3.74191e-05
8  4.5  1.30488e-05
8  5.0  4.84782e-06
8  6.0  8.06885e-07
8  5.5  1.92311e-06
8  6.5  3.51318e-07
8  7.0  1.60307e-07
8  7.5  7.59838e-08
8  8.0  3.71812e-08
8  8.5  1.87876e-08
8  9.0  9.76056e-09
8  9.5  5.20187e-09
8  10.0  2.83466e-09
8  10.5  1.57713e-09
8  11.5  5.19934e-10
8  11.0  8.95319e-10
8  12.0  3.04443e-10
