# diffractive D0 cross section, Pb target, LHAPDF fragmentation, An0n channel
# generated      : 2026-08-19 15:24:08 EEST
# calls          : 1e5 (VEGAS calls per point, see CALLS_EXCL/CALLS_EXCL_FACTORIZED/CALLS_DIFF)
# dipole samples : data/Pb/bk_posterior/member_0004/glauber_mve_<b>
# pD0 sweep      : 0.2 0.3 0.4 0.5 0.6 0.7 0.8 0.9 1.0 1.1 1.2 1.3 1.4 1.5 1.6 1.7 1.8 1.9 2.0 2.5 3.0 3.5 4.0 4.5 5.0 5.5 6.0 6.5 7.0 7.5 8.0 8.5 9.0 9.5 10.0 10.5 11.0 11.5 12.0
# fixed rapidity y : 0.0
# ============================================================
# b  pD0  dsigma_dyd2pD0
0  0.2  0.547043
0  0.3  0.792856
0  0.4  1.00196
0  0.5  1.11882
0  0.6  1.12669
0  0.8  0.969784
0  0.9  0.862473
0  0.7  1.08704
0  1.0  0.740005
0  1.1  0.629129
0  1.4  0.3708
0  1.2  0.524616
0  1.3  0.440198
0  1.5  0.305771
0  1.7  0.207212
0  1.6  0.253882
0  1.9  0.145503
0  1.8  0.174921
0  2.5  0.0544937
0  2.0  0.122485
0  3.0  0.0260472
0  3.5  0.0132593
0  4.0  0.0072933
0  4.5  0.00427416
0  5.0  0.00264613
0  5.5  0.00167085
0  6.0  0.00106355
0  7.5  0.000340313
0  6.5  0.000713159
0  7.0  0.000489789
0  9.5  9.90398e-05
0  8.0  0.000246375
0  8.5  0.000176858
0  9.0  0.000130587
0  10.0  7.41854e-05
10  0.2  0.543643
10  0.3  0.789428
10  0.4  0.985833
10  0.5  1.08665
0  12.0  2.69586e-05
10  0.6  1.09731
0  10.5  5.74696e-05
10  0.7  1.04747
10  0.8  0.947223
10  0.9  0.833748
10  1.0  0.717656
10  1.1  0.60688
10  1.3  0.415393
10  1.2  0.506502
10  1.4  0.349114
0  11.0  4.36686e-05
10  1.5  0.293112
10  1.6  0.240704
10  1.8  0.165203
10  1.7  0.201776
10  1.9  0.14089
10  2.0  0.117966
10  2.5  0.0513233
10  3.0  0.0244854
10  3.5  0.0126978
0  11.5  3.3216e-05
10  4.0  0.00693811
10  4.5  0.00408154
10  5.0  0.00250622
10  5.5  0.00155828
10  7.5  0.000323353
10  7.0  0.000462507
10  6.0  0.00101106
10  6.5  0.000668788
10  8.0  0.000232445
10  8.5  0.000169909
10  9.0  0.000127136
10  9.5  9.26746e-05
10  10.0  6.99782e-05
12  0.2  0.53803
12  0.3  0.77026
12  0.4  0.970577
12  0.5  1.08949
10  10.5  5.32402e-05
12  0.6  1.10641
12  0.7  1.03199
12  0.8  0.939884
12  0.9  0.829557
12  1.0  0.698351
12  1.1  0.59475
12  1.2  0.493765
10  11.0  4.11516e-05
12  1.3  0.41294
12  1.4  0.348037
12  1.5  0.283142
12  1.6  0.236221
12  1.7  0.195011
12  1.8  0.163454
12  1.9  0.134446
12  2.0  0.11427
12  2.5  0.0505213
12  3.0  0.0241753
12  3.5  0.0124675
10  11.5  3.21155e-05
10  12.0  2.56518e-05
12  4.0  0.00683719
12  5.5  0.00151333
12  4.5  0.00399294
12  5.0  0.0023971
12  7.5  0.000325849
12  6.0  0.000983548
12  6.5  0.000659439
12  7.0  0.000455914
12  8.0  0.000233535
12  8.5  0.000164763
12  9.0  0.000124351
12  9.5  9.00167e-05
12  10.5  5.17778e-05
14  0.2  0.535542
12  10.0  6.72601e-05
14  0.3  0.771286
14  0.4  0.956107
14  0.5  1.07646
14  0.6  1.08625
14  0.7  1.02219
14  0.8  0.922
14  0.9  0.805991
14  1.0  0.690318
14  1.1  0.584379
14  1.2  0.48913
14  1.3  0.404234
14  1.4  0.331734
14  1.5  0.280029
12  11.0  4.0078e-05
14  1.6  0.232514
14  1.7  0.193123
14  1.9  0.132284
14  1.8  0.161591
12  11.5  3.07172e-05
14  2.5  0.0491523
14  2.0  0.112206
14  3.0  0.0234912
14  3.5  0.0122282
12  12.0  2.46426e-05
14  4.0  0.00661097
14  4.5  0.00391462
14  6.0  0.000959974
14  5.0  0.00234831
14  5.5  0.00147251
14  7.0  0.000439237
14  7.5  0.0003076
14  6.5  0.000646337
14  9.5  8.96148e-05
14  8.0  0.000220062
14  8.5  0.000163792
14  9.0  0.000120799
14  11.0  3.8695e-05
16  0.2  0.528698
16  0.3  0.751722
14  10.0  6.6519e-05
16  0.4  0.959013
16  0.5  1.06674
16  0.6  1.05846
14  10.5  5.2028e-05
16  0.7  1.01466
16  0.8  0.896679
16  0.9  0.791374
16  1.0  0.668003
16  1.1  0.567716
16  1.2  0.479184
16  1.3  0.391254
16  1.4  0.32912
16  1.5  0.273434
16  1.6  0.22268
16  1.7  0.187537
16  1.8  0.152952
16  1.9  0.130362
16  2.0  0.108633
16  2.5  0.0472977
16  3.0  0.0219762
14  11.5  3.01855e-05
16  3.5  0.0116979
14  12.0  2.37223e-05
16  4.0  0.00649425
16  4.5  0.00377376
16  5.0  0.00225763
16  5.5  0.00141042
16  6.0  0.000926729
16  7.0  0.000422502
16  7.5  0.000303847
16  6.5  0.000621505
16  8.0  0.000216931
16  8.5  0.000153817
16  9.0  0.000116104
16  9.5  8.66334e-05
16  11.0  3.74322e-05
16  10.0  6.52146e-05
18  0.2  0.522846
18  0.3  0.751255
18  0.4  0.941139
16  10.5  4.92595e-05
18  0.5  1.04296
18  0.6  1.03515
18  0.7  0.988624
18  0.8  0.870536
18  0.9  0.770599
18  1.0  0.644236
18  1.1  0.548833
18  1.2  0.451978
18  1.4  0.314939
18  1.3  0.378141
18  1.5  0.259542
18  1.7  0.176525
18  1.6  0.214175
16  11.5  2.89399e-05
18  1.8  0.150213
18  1.9  0.12432
18  2.0  0.104377
18  3.0  0.0217835
18  2.5  0.044972
18  3.5  0.0111191
16  12.0  2.33824e-05
18  5.5  0.00134671
18  4.0  0.00612119
18  4.5  0.00355696
18  5.0  0.00222817
18  7.0  0.000402257
18  6.0  0.000910805
18  7.5  0.000284105
18  6.5  0.000594817
18  8.0  0.000202428
18  8.5  0.000146951
18  9.0  0.000110649
18  9.5  8.1017e-05
18  11.0  3.56428e-05
18  10.0  6.22395e-05
2  0.2  0.539798
2  0.3  0.776257
2  0.4  1.00338
18  12.0  2.23061e-05
18  10.5  4.65339e-05
2  0.5  1.11999
2  0.6  1.14538
2  0.7  1.06845
2  0.8  0.979175
2  0.9  0.853779
2  1.0  0.741011
2  1.1  0.62578
2  1.2  0.528191
2  1.3  0.441493
2  1.4  0.362689
2  1.5  0.307031
2  1.6  0.252937
2  1.7  0.211293
2  1.8  0.176912
2  1.9  0.147156
2  2.5  0.0552502
2  2.0  0.123071
2  3.0  0.0262158
18  11.5  2.81274e-05
2  3.5  0.0133557
2  4.0  0.00733085
2  4.5  0.00429679
2  5.0  0.00262908
2  5.5  0.00165609
2  6.0  0.00106592
2  7.5  0.000342364
2  6.5  0.000716852
2  7.0  0.000486279
2  9.5  9.69639e-05
2  8.0  0.000245549
2  8.5  0.000182015
2  9.0  0.000131065
2  10.0  7.28101e-05
20  0.2  0.51431
20  0.3  0.745274
2  10.5  5.61739e-05
20  0.4  0.927735
20  0.5  1.0113
20  0.6  1.008
20  0.7  0.950939
20  0.8  0.845622
20  0.9  0.730988
20  1.0  0.621198
20  1.1  0.522891
20  1.2  0.438731
2  11.0  4.31444e-05
20  1.3  0.35495
20  1.4  0.30206
20  1.5  0.245057
20  1.6  0.203056
20  1.7  0.169455
20  2.0  0.100292
20  1.8  0.142226
20  1.9  0.115994
20  2.5  0.0427943
20  3.0  0.0204495
20  3.5  0.0104269
2  11.5  3.43639e-05
2  12.0  2.68432e-05
20  5.5  0.00128813
20  4.0  0.00585868
20  4.5  0.00334861
20  5.0  0.00203657
20  6.0  0.000834381
20  7.5  0.000267643
20  6.5  0.000563939
20  7.0  0.000381293
20  8.0  0.000192136
20  8.5  0.000142836
20  9.0  0.000105165
20  9.5  7.71307e-05
20  11.0  3.45372e-05
22  0.2  0.501814
20  10.0  5.82303e-05
22  0.3  0.729509
22  0.4  0.903399
20  10.5  4.35454e-05
22  0.5  0.976402
22  0.6  0.986632
20  12.0  2.03772e-05
22  0.7  0.909972
22  0.8  0.806893
22  0.9  0.700938
22  1.0  0.593973
22  1.2  0.407799
22  1.1  0.499255
22  1.3  0.336673
22  1.4  0.280479
22  1.5  0.23076
22  1.6  0.192408
22  1.7  0.158003
22  1.9  0.110752
22  1.8  0.132302
20  11.5  2.63321e-05
22  2.0  0.0924732
22  2.5  0.0406398
22  3.0  0.019069
22  3.5  0.00975697
22  4.0  0.00535236
22  4.5  0.00317892
22  5.0  0.00193959
22  5.5  0.00119563
22  7.0  0.000366317
22  6.0  0.000779413
22  7.5  0.000250708
22  8.0  0.000182931
22  6.5  0.000515622
22  8.5  0.000133292
22  10.5  4.17702e-05
22  9.0  9.72293e-05
22  9.5  7.12661e-05
22  11.0  3.13774e-05
22  10.0  5.32813e-05
24  0.2  0.491272
24  0.3  0.708481
24  0.4  0.87438
24  0.5  0.932817
24  0.6  0.931019
24  0.7  0.853467
24  0.9  0.648888
24  0.8  0.755765
24  1.0  0.551186
24  1.1  0.453469
24  1.2  0.376865
24  1.3  0.31393
24  1.4  0.259944
24  1.5  0.214939
24  1.6  0.177027
24  1.7  0.146051
24  1.8  0.121112
24  1.9  0.100623
24  2.0  0.0841713
24  2.5  0.0363152
24  3.0  0.0173691
24  3.5  0.00888901
22  11.5  2.48948e-05
22  12.0  1.91641e-05
24  4.0  0.00491838
24  4.5  0.00284445
24  5.0  0.00172808
24  5.5  0.00108928
24  6.5  0.000479731
24  6.0  0.000722448
24  7.5  0.000228189
24  7.0  0.000334077
24  9.0  8.68967e-05
24  8.0  0.000164541
24  8.5  0.000120699
24  10.5  3.70326e-05
24  9.5  6.52012e-05
24  10.0  4.84341e-05
26  0.2  0.473506
26  0.3  0.68929
26  0.4  0.827896
26  0.5  0.88238
26  0.6  0.862831
26  0.7  0.793131
26  0.8  0.697948
26  0.9  0.600466
26  1.0  0.49978
26  1.1  0.408089
26  1.2  0.338045
26  1.3  0.280767
24  11.0  2.90495e-05
26  1.5  0.188333
26  1.4  0.233767
26  1.6  0.15693
26  1.7  0.130091
26  1.8  0.107644
26  1.9  0.0898476
26  2.0  0.0747794
26  3.0  0.015327
26  2.5  0.0323371
26  3.5  0.00781826
24  11.5  2.2336e-05
26  4.0  0.00437811
24  12.0  1.7127e-05
26  6.0  0.000625793
26  4.5  0.00248523
26  5.0  0.00156385
26  5.5  0.000958542
26  6.5  0.000417631
26  7.0  0.000286886
26  7.5  0.000205388
26  8.0  0.000142093
26  8.5  0.000105999
26  10.5  3.33661e-05
26  9.0  7.57524e-05
26  9.5  5.82029e-05
26  10.0  4.30189e-05
28  0.2  0.453459
28  0.3  0.647188
28  0.4  0.764567
28  0.5  0.809929
28  0.6  0.768244
28  0.7  0.702336
28  0.8  0.608799
28  0.9  0.513872
28  1.0  0.424959
28  1.1  0.353808
28  1.2  0.293653
28  1.3  0.239548
28  1.5  0.16182
28  1.4  0.199829
26  11.0  2.51526e-05
28  1.6  0.134392
28  1.7  0.110084
28  1.8  0.0907992
28  1.9  0.0760938
28  2.0  0.063409
26  11.5  1.96809e-05
28  2.5  0.0272249
28  3.0  0.0129227
28  3.5  0.00659617
26  12.0  1.56129e-05
28  4.0  0.00364286
28  4.5  0.00209821
28  5.0  0.00126954
28  6.0  0.000538112
28  6.5  0.000351048
28  5.5  0.000805925
28  7.0  0.000245842
28  8.5  8.81351e-05
28  7.5  0.000166625
28  9.5  4.80394e-05
28  8.0  0.000123595
28  9.0  6.49337e-05
28  11.0  2.1204e-05
30  0.2  0.42976
30  0.3  0.59429
28  10.0  3.65364e-05
30  0.4  0.689872
30  0.5  0.699412
28  10.5  2.78337e-05
30  0.6  0.654157
30  0.7  0.583963
30  0.8  0.501563
30  0.9  0.421553
30  1.0  0.347442
30  1.1  0.291842
30  1.2  0.236442
30  1.3  0.193814
30  1.4  0.158616
30  1.5  0.128518
30  1.6  0.106167
30  1.7  0.0871436
30  1.8  0.0715956
30  2.0  0.0501072
30  1.9  0.0606238
30  3.0  0.0102971
30  2.5  0.0214997
30  3.5  0.00523578
28  11.5  1.64472e-05
28  12.0  1.27956e-05
30  6.0  0.000421109
30  4.0  0.00291081
30  4.5  0.00168131
30  5.0  0.00100512
30  5.5  0.000645694
30  6.5  0.000281505
30  7.0  0.000192192
30  7.5  0.000134952
30  8.0  9.54503e-05
30  9.5  3.74387e-05
30  8.5  6.82834e-05
30  10.0  2.86595e-05
30  9.0  5.11823e-05
30  11.0  1.65587e-05
32  0.2  0.374571
32  0.3  0.513269
32  0.4  0.565614
30  12.0  9.86781e-06
32  0.5  0.562083
32  0.6  0.51553
32  0.7  0.44922
32  0.8  0.381865
30  10.5  2.11302e-05
32  0.9  0.317579
32  1.0  0.260881
32  1.2  0.172393
32  1.1  0.213605
32  1.3  0.140413
32  1.5  0.0950181
32  1.4  0.114774
32  1.7  0.0638079
32  1.6  0.0770694
32  1.8  0.0518604
32  1.9  0.0437283
32  2.0  0.0362206
32  3.0  0.00705462
32  2.5  0.0154987
32  3.5  0.00365921
30  11.5  1.30856e-05
32  5.0  0.000718525
32  4.0  0.002107
32  4.5  0.00118816
32  5.5  0.000450845
32  6.0  0.000293323
32  6.5  0.000198
32  7.0  0.000135246
32  7.5  9.38603e-05
32  8.0  6.81354e-05
32  8.5  4.89573e-05
32  9.0  3.5656e-05
32  9.5  2.65179e-05
32  10.0  2.04657e-05
34  0.2  0.314911
32  11.5  9.16626e-06
34  0.3  0.407947
34  0.4  0.425533
32  10.5  1.57323e-05
34  0.5  0.404308
34  0.6  0.357865
34  0.7  0.312273
34  0.8  0.257215
34  0.9  0.211629
34  1.1  0.139091
34  1.0  0.172162
34  1.2  0.111969
34  1.3  0.0941291
34  1.4  0.0748468
34  1.6  0.0498685
34  1.5  0.061444
34  1.7  0.0407575
34  1.8  0.0338088
34  2.0  0.023467
34  1.9  0.028209
32  11.0  1.17021e-05
34  2.5  0.00998446
34  3.0  0.00477219
34  3.5  0.00240708
32  12.0  7.11587e-06
34  4.0  0.00132755
34  4.5  0.000761033
34  5.0  0.000459392
34  5.5  0.000289585
34  6.0  0.000188849
34  6.5  0.000126052
34  7.0  8.75581e-05
34  7.5  5.97646e-05
34  8.0  4.2763e-05
34  9.5  1.67523e-05
34  8.5  3.1241e-05
34  9.0  2.34187e-05
34  11.0  7.46017e-06
4  0.2  0.539304
34  10.0  1.27913e-05
4  0.3  0.791427
4  0.4  1.00047
4  0.5  1.09721
34  10.5  9.75104e-06
4  0.6  1.13858
4  0.7  1.06784
4  0.8  0.968576
4  0.9  0.859053
4  1.0  0.732288
4  1.1  0.623858
4  1.3  0.441296
4  1.2  0.525769
4  1.4  0.361016
4  1.6  0.25094
4  1.5  0.302188
4  1.7  0.207668
4  1.8  0.174373
4  1.9  0.14747
4  2.0  0.12124
4  2.5  0.0535039
4  3.0  0.025181
4  3.5  0.0133595
34  11.5  6.00153e-06
34  12.0  4.56076e-06
4  5.0  0.0025668
4  4.0  0.00744667
4  4.5  0.00420962
4  5.5  0.00162128
4  6.0  0.00108601
4  7.5  0.000337802
4  6.5  0.000713569
4  7.0  0.000483497
4  9.5  9.82108e-05
4  8.0  0.000243302
4  8.5  0.000176172
4  9.0  0.000129194
6  0.2  0.538301
4  10.0  7.42007e-05
4  11.0  4.28256e-05
6  0.3  0.787041
6  0.4  0.995152
6  0.5  1.10128
6  0.6  1.11962
4  10.5  5.54887e-05
6  0.7  1.07236
6  0.8  0.962061
6  0.9  0.85547
6  1.0  0.726805
6  1.1  0.625737
6  1.2  0.512684
6  1.3  0.429932
6  1.4  0.360727
6  1.5  0.301269
6  1.6  0.247066
6  1.7  0.207778
6  1.8  0.173309
6  2.0  0.120898
6  1.9  0.144118
6  2.5  0.0531594
6  3.5  0.0131948
6  3.0  0.0253992
4  11.5  3.32398e-05
4  12.0  2.60972e-05
6  5.0  0.00254357
6  4.0  0.00724834
6  4.5  0.00421348
6  5.5  0.00161189
6  6.0  0.00104567
6  7.5  0.000344736
6  6.5  0.000711291
6  7.0  0.000494026
6  9.5  9.85383e-05
6  8.0  0.000240651
6  8.5  0.000178211
6  9.0  0.000131794
8  0.2  0.543791
8  0.3  0.789975
6  10.0  7.20824e-05
8  0.4  0.983946
8  0.5  1.10899
8  0.6  1.10618
8  0.7  1.05798
6  10.5  5.49909e-05
8  0.8  0.966808
8  1.0  0.72596
8  0.9  0.840929
8  1.1  0.617423
8  1.2  0.519315
8  1.3  0.423106
8  1.4  0.354823
8  1.5  0.296851
8  1.6  0.245599
8  1.8  0.170578
8  1.7  0.205903
6  11.0  4.37079e-05
8  1.9  0.142697
8  2.0  0.118397
8  2.5  0.0528301
8  3.0  0.025183
8  3.5  0.0131706
6  11.5  3.28582e-05
6  12.0  2.65129e-05
8  5.0  0.00251809
8  4.0  0.00714283
8  4.5  0.00417836
8  6.5  0.000694634
8  7.5  0.000330609
8  5.5  0.00159317
8  6.0  0.00103867
8  7.0  0.000471731
8  9.5  9.45681e-05
8  8.0  0.000237213
8  8.5  0.000169095
8  9.0  0.000129368
8  10.0  7.29758e-05
8  10.5  5.42388e-05
8  11.0  4.30157e-05
8  11.5  3.29976e-05
8  12.0  2.54018e-05
