# exclusive D0 cross section, Pb target, HymnD fragmentation, An0n channel
# generated      : 2026-08-20 11:00:16 EEST
# calls          : 1e5 below 4.0 GeV, 2e3 above (see EXCL_PT_THRESHOLD) (VEGAS calls per point, see CALLS_EXCL/CALLS_EXCL_FACTORIZED/CALLS_DIFF)
# dipole samples : data/Pb/bk_posterior/member_0004/glauber_mve_<b>
# pD0 sweep      : 0.2 0.3 0.4 0.5 0.6 0.7 0.8 0.9 1.0 1.1 1.2 1.3 1.4 1.5 1.6 1.7 1.8 1.9 2.0 2.5 3.0 3.5 4.0 4.5 5.0 5.5 6.0 6.5 7.0 7.5 8.0 8.5 9.0 9.5 10.0 10.5 11.0 11.5 12.0
# fixed rapidity y : 0.0
# ============================================================
# b  pD0  dsigma_dyd2pD0
0  0.3  2.70133
0  0.5  1.61573
0  0.2  3.32875
0  0.4  2.11863
0  0.7  0.88372
0  0.9  0.466253
0  0.6  1.2039
0  0.8  0.643526
0  1.0  0.337706
0  1.1  0.246633
0  1.3  0.130224
0  1.2  0.178059
0  1.5  0.0708673
0  1.7  0.0386601
0  1.4  0.0943924
0  1.6  0.0506466
0  1.8  0.0286333
0  2.0  0.016231
0  1.9  0.0212567
0  3.0  0.00129376
0  2.5  0.00411437
0  3.5  0.000297818
0  4.0  0.000134892
0  4.5  5.12792e-05
0  5.5  9.02258e-06
0  5.0  2.10247e-05
0  6.0  4.15975e-06
0  7.0  1.00558e-06
0  6.5  1.99177e-06
0  7.5  5.24105e-07
0  8.0  2.81881e-07
0  8.5  1.56809e-07
0  9.0  9.01379e-08
0  9.5  5.29347e-08
0  10.0  3.19768e-08
10  0.2  3.15906
10  0.3  2.56069
10  0.4  2.00458
0  10.5  1.96955e-08
10  0.5  1.52547
10  0.6  1.13367
10  0.7  0.830005
10  0.8  0.603563
10  0.9  0.435771
10  1.0  0.314692
10  1.1  0.229409
10  1.2  0.16498
0  11.0  1.24637e-08
10  1.3  0.119722
10  1.4  0.0871968
10  1.5  0.0642707
10  1.6  0.0480755
10  1.7  0.0360476
10  1.8  0.0264507
10  2.0  0.0147634
10  1.9  0.019723
0  11.5  8.02253e-09
0  12.0  5.17012e-09
10  2.5  0.00374651
10  3.5  0.000361554
10  3.0  0.000987761
10  4.0  0.000123207
10  4.5  4.67223e-05
10  5.0  1.906e-05
10  5.5  8.27199e-06
10  6.0  3.78156e-06
10  6.5  1.81027e-06
10  7.5  4.75165e-07
10  7.0  9.09049e-07
10  8.0  2.57102e-07
10  8.5  1.42252e-07
10  9.0  8.16655e-08
10  9.5  4.80734e-08
10  10.0  2.89697e-08
12  0.2  3.08193
10  10.5  1.79197e-08
12  0.3  2.4952
12  0.4  1.95196
12  0.5  1.48177
12  0.6  1.10139
12  0.7  0.806373
12  0.8  0.584143
12  0.9  0.422361
12  1.0  0.304457
12  1.2  0.159966
12  1.1  0.220065
12  1.4  0.0847407
12  1.3  0.115587
10  12.0  4.73987e-09
10  11.0  1.1257e-08
12  1.5  0.0626946
12  1.6  0.0461222
12  1.8  0.0252636
12  1.7  0.0335571
12  1.9  0.0186702
12  2.0  0.0140514
12  3.0  0.00112247
12  2.5  0.00375462
10  11.5  7.26412e-09
12  3.5  0.000392154
12  4.5  4.46974e-05
12  5.0  1.82447e-05
12  4.0  0.000118854
12  5.5  7.90547e-06
12  7.5  4.529e-07
12  6.0  3.61386e-06
12  6.5  1.72862e-06
12  8.0  2.44992e-07
12  7.0  8.69341e-07
12  8.5  1.35804e-07
12  9.0  7.78519e-08
12  9.5  4.59108e-08
12  10.0  2.76394e-08
14  0.2  2.98541
14  0.3  2.41715
14  0.4  1.88615
14  0.5  1.43072
14  0.6  1.06053
12  10.5  1.7041e-08
14  0.7  0.776182
14  0.8  0.563402
14  0.9  0.406121
12  11.0  1.07354e-08
14  1.0  0.29239
14  1.1  0.211099
14  1.2  0.153351
14  1.4  0.0811682
14  1.3  0.110345
14  1.5  0.0586424
14  1.6  0.0438061
14  1.8  0.0243967
14  1.7  0.0320785
14  1.9  0.0180394
14  2.0  0.0134794
12  12.0  4.52008e-09
14  2.5  0.00326165
14  3.0  0.00114566
14  3.5  0.00045543
12  11.5  6.863e-09
14  4.0  0.000111794
14  4.5  4.22897e-05
14  5.0  1.72489e-05
14  5.5  7.40409e-06
14  6.0  3.41428e-06
14  7.5  4.28063e-07
14  6.5  1.63236e-06
14  8.0  2.30103e-07
14  7.0  8.19711e-07
14  8.5  1.28093e-07
14  9.0  7.33344e-08
14  9.5  4.32226e-08
14  11.5  6.47191e-09
14  10.0  2.60742e-08
16  0.2  2.87046
16  0.3  2.31971
16  0.4  1.80937
14  10.5  1.60664e-08
16  0.5  1.36893
16  0.6  1.01417
16  0.7  0.740521
16  0.8  0.536688
14  11.0  1.01195e-08
16  0.9  0.386418
16  1.0  0.277804
16  1.1  0.200562
16  1.2  0.145652
16  1.3  0.105802
16  1.4  0.0763757
16  1.5  0.0559871
16  1.6  0.0405482
16  1.8  0.0227697
16  1.7  0.0304857
16  2.0  0.0130109
16  1.9  0.0168652
16  2.5  0.00330097
16  3.0  0.00100381
16  3.5  0.000379105
14  12.0  4.27883e-09
16  4.5  3.94755e-05
16  4.0  0.000104646
16  5.0  1.61602e-05
16  5.5  6.97182e-06
16  7.0  7.65555e-07
16  7.5  3.98198e-07
16  6.0  3.18203e-06
16  6.5  1.52745e-06
16  8.0  2.12249e-07
16  8.5  1.19141e-07
16  10.0  2.40635e-08
16  9.0  6.84281e-08
16  9.5  4.02171e-08
18  0.2  2.73316
18  0.3  2.2043
18  0.4  1.71694
18  0.5  1.29758
18  0.6  0.960031
16  12.0  3.92318e-09
18  0.7  0.697763
16  10.5  1.49501e-08
18  0.8  0.504736
18  0.9  0.362823
18  1.0  0.260542
18  1.1  0.188004
18  1.2  0.135074
18  1.3  0.0977954
18  1.4  0.0708482
18  1.5  0.0522908
18  1.7  0.028485
18  1.6  0.0382618
16  11.0  9.40638e-09
18  1.8  0.0210121
18  1.9  0.0157514
18  2.0  0.0120448
18  2.5  0.00297433
18  3.0  0.000719956
16  11.5  6.03485e-09
18  3.5  0.000372605
18  5.5  6.31307e-06
18  4.0  9.60818e-05
18  4.5  3.64041e-05
18  5.0  1.48138e-05
18  7.5  3.64288e-07
18  6.0  2.91558e-06
18  6.5  1.39748e-06
18  7.0  6.97962e-07
18  8.0  1.9596e-07
18  8.5  1.0897e-07
18  9.0  6.25488e-08
18  9.5  3.67916e-08
18  10.0  2.21785e-08
2  0.2  3.32216
2  0.3  2.6978
18  10.5  1.36461e-08
2  0.4  2.11586
2  0.5  1.61113
2  0.6  1.20112
2  0.7  0.881742
2  0.8  0.641993
2  0.9  0.465147
18  12.0  3.59792e-09
2  1.0  0.33608
2  1.1  0.244439
2  1.2  0.17683
2  1.3  0.129951
18  11.0  8.58612e-09
2  1.4  0.0940871
2  1.5  0.0685416
2  1.6  0.0511628
2  1.7  0.0379969
2  1.8  0.0278943
2  1.9  0.0212517
2  2.0  0.015829
2  2.5  0.00414651
2  3.0  0.00118647
18  11.5  5.53602e-09
2  3.5  0.0003187
2  4.0  0.000134435
2  4.5  5.10983e-05
2  5.5  8.989e-06
2  5.0  2.09517e-05
2  6.0  4.14469e-06
2  6.5  1.98458e-06
2  8.0  2.7943e-07
2  7.0  9.93128e-07
2  7.5  5.20377e-07
2  8.5  1.56227e-07
2  9.0  8.75287e-08
2  9.5  5.29019e-08
2  10.0  3.18372e-08
20  0.2  2.56866
20  0.3  2.06823
20  0.4  1.60702
20  0.5  1.20965
2  10.5  1.96324e-08
20  0.6  0.893917
20  0.7  0.64863
20  0.8  0.467625
20  0.9  0.335488
20  1.0  0.240209
20  1.1  0.17311
20  1.2  0.124843
2  11.0  1.24002e-08
20  1.4  0.0654889
20  1.3  0.0905052
20  1.6  0.035292
20  1.5  0.0472004
2  12.0  5.19589e-09
20  1.8  0.0189958
20  1.7  0.0257731
20  2.0  0.0108478
20  1.9  0.0142454
20  2.5  0.00271445
20  3.0  0.000728534
20  3.5  0.000302127
2  11.5  7.98711e-09
20  5.0  1.32021e-05
20  5.5  5.65741e-06
20  4.0  8.65476e-05
20  4.5  3.27129e-05
20  6.0  2.61368e-06
20  7.5  3.25614e-07
20  6.5  1.24654e-06
20  7.0  6.26174e-07
20  8.0  1.76e-07
20  8.5  9.73526e-08
20  10.0  1.96423e-08
20  9.0  5.58917e-08
20  9.5  3.30757e-08
22  0.2  2.37006
20  12.0  3.19096e-09
22  0.3  1.90294
20  10.5  1.22436e-08
22  0.4  1.4757
22  0.5  1.10791
22  0.6  0.814674
22  0.7  0.590727
22  0.8  0.423741
22  0.9  0.303394
22  1.0  0.217481
22  1.1  0.155446
22  1.2  0.111407
20  11.0  7.66154e-09
22  1.4  0.058758
22  1.3  0.080142
22  1.5  0.0430794
22  1.6  0.0319895
22  1.7  0.0234828
22  1.8  0.0172963
22  1.9  0.012727
22  2.0  0.00940606
22  2.5  0.00238912
22  3.0  0.000603112
22  3.5  0.000322159
20  11.5  4.9257e-09
22  5.0  1.14421e-05
22  5.5  4.93495e-06
22  4.0  7.55839e-05
22  4.5  2.85514e-05
22  6.0  2.27403e-06
22  6.5  1.08359e-06
22  7.0  5.43639e-07
22  7.5  2.83685e-07
22  8.0  1.51884e-07
22  8.5  8.4641e-08
22  9.0  4.84808e-08
22  9.5  2.84834e-08
22  10.0  1.71508e-08
24  0.2  2.13267
24  0.3  1.7085
22  10.5  1.0546e-08
24  0.4  1.31951
24  0.5  0.986249
22  11.0  6.63089e-09
24  0.6  0.723354
24  0.7  0.52185
24  0.8  0.37289
24  0.9  0.266197
24  1.0  0.189566
24  1.1  0.135315
24  1.2  0.0967139
24  1.3  0.0694841
24  1.4  0.0509793
24  1.5  0.0364856
24  1.6  0.0265153
24  1.7  0.0199534
24  1.8  0.0147803
24  1.9  0.0110612
24  2.0  0.00819571
24  2.5  0.00207405
24  3.0  0.00050107
24  3.5  0.000238264
22  11.5  4.27838e-09
22  12.0  2.78385e-09
24  5.0  9.63131e-06
24  4.0  6.38388e-05
24  4.5  2.39206e-05
24  5.5  4.16302e-06
24  6.0  1.88945e-06
24  7.0  4.54556e-07
24  6.5  9.0622e-07
24  7.5  2.34894e-07
24  8.0  1.26345e-07
24  8.5  7.02553e-08
24  9.0  4.02295e-08
24  9.5  2.36262e-08
24  10.0  1.42447e-08
26  0.2  1.84731
26  0.3  1.4752
24  10.5  8.74385e-09
26  0.4  1.1336
24  12.0  2.29393e-09
26  0.5  0.843155
26  0.6  0.614962
26  0.7  0.440444
24  11.0  5.48949e-09
26  0.8  0.313636
26  0.9  0.222531
26  1.0  0.157861
26  1.1  0.112228
26  1.2  0.0803819
26  1.3  0.0572009
26  1.4  0.0411366
26  1.6  0.0222184
26  1.5  0.0296953
26  1.7  0.0160414
26  1.8  0.0118835
26  1.9  0.00888172
26  2.0  0.00662274
26  2.5  0.0016982
26  3.0  0.000469141
26  3.5  0.00011372
24  11.5  3.52466e-09
26  5.0  7.65071e-06
26  4.0  5.05769e-05
26  4.5  1.88979e-05
26  5.5  3.28242e-06
26  7.5  1.82977e-07
26  6.0  1.49067e-06
26  6.5  7.12062e-07
26  7.0  3.54227e-07
26  8.0  9.87813e-08
26  8.5  5.48629e-08
26  10.0  1.10063e-08
26  9.0  3.1473e-08
26  9.5  1.84154e-08
26  11.0  4.25889e-09
28  0.2  1.51228
28  0.3  1.19912
26  10.5  6.8062e-09
28  0.4  0.916949
28  0.5  0.676935
28  0.6  0.489852
28  0.7  0.348936
28  0.8  0.246873
28  0.9  0.173833
28  1.1  0.0869557
28  1.0  0.122757
28  1.2  0.0617341
28  1.4  0.0319948
28  1.3  0.0438874
28  1.6  0.016944
28  1.5  0.0225845
28  1.7  0.012426
28  1.8  0.0090129
28  2.5  0.00124312
28  1.9  0.00669947
28  2.0  0.00497395
28  3.0  0.000309379
26  11.5  2.73751e-09
28  3.5  0.000176395
26  12.0  1.79521e-09
28  4.0  3.68096e-05
28  4.5  1.36896e-05
28  5.0  5.51905e-06
28  5.5  2.36208e-06
28  7.0  2.51559e-07
28  7.5  1.31127e-07
28  6.0  1.06982e-06
28  6.5  5.07725e-07
28  8.0  7.03185e-08
28  8.5  3.89753e-08
28  9.0  2.23714e-08
28  9.5  1.30686e-08
28  10.0  7.82579e-09
30  0.2  1.13562
28  10.5  4.82071e-09
30  0.3  0.895286
30  0.4  0.677795
30  0.5  0.496891
30  0.6  0.35607
30  0.7  0.251051
28  11.0  3.02518e-09
30  0.8  0.176217
30  0.9  0.123251
30  1.0  0.0861411
30  1.1  0.0606703
30  1.2  0.0427893
30  1.3  0.0305789
30  1.5  0.0157716
30  1.4  0.0215814
30  1.6  0.0114879
30  1.7  0.00827509
30  1.8  0.00602944
30  1.9  0.00460883
30  2.0  0.00325523
30  2.5  0.000656436
28  11.5  1.93533e-09
30  3.0  0.000247799
30  3.5  0.000100059
28  12.0  1.26895e-09
30  4.5  8.7348e-06
30  5.0  3.49052e-06
30  4.0  2.34942e-05
30  5.5  1.49551e-06
30  6.0  6.74866e-07
30  6.5  3.19152e-07
30  7.0  1.58803e-07
30  7.5  8.23966e-08
30  8.0  4.39983e-08
30  8.5  2.43138e-08
30  9.0  1.38524e-08
30  9.5  8.12397e-09
30  10.0  4.85237e-09
30  11.0  1.86055e-09
32  0.2  0.760646
32  0.3  0.593965
30  10.5  2.9896e-09
32  0.4  0.444749
32  0.5  0.321948
32  0.6  0.22807
32  0.7  0.159259
32  0.8  0.110369
32  0.9  0.0766679
32  1.0  0.0529211
32  1.2  0.0260898
32  1.1  0.0368613
32  1.3  0.0183482
32  1.4  0.0128326
32  1.5  0.00922621
32  1.6  0.00650891
32  1.7  0.00495225
32  1.8  0.0035222
32  1.9  0.00259554
32  2.0  0.0019197
32  2.5  0.000451039
32  3.0  0.000125682
32  3.5  5.43035e-05
30  11.5  1.19864e-09
32  4.5  4.72994e-06
30  12.0  7.82869e-10
32  4.0  1.28826e-05
32  5.0  1.88067e-06
32  5.5  8.01866e-07
32  6.5  1.70309e-07
32  6.0  3.59766e-07
32  7.0  8.41928e-08
32  8.0  2.2922e-08
32  7.5  4.31881e-08
32  8.5  1.27103e-08
32  9.0  7.21491e-09
32  9.5  4.22396e-09
32  10.0  2.52035e-09
34  0.2  0.446981
34  0.3  0.345168
34  0.4  0.254928
34  0.5  0.181583
34  0.6  0.12687
32  10.5  1.54725e-09
34  0.7  0.0872335
34  0.8  0.0597423
34  0.9  0.0408963
34  1.0  0.0280349
34  1.1  0.019262
34  1.2  0.0133463
34  1.3  0.0092952
34  1.4  0.00662794
32  11.0  9.67823e-10
34  1.5  0.00464158
34  1.6  0.0033688
34  1.7  0.00239239
34  1.8  0.00180559
34  1.9  0.00126357
34  2.5  0.000226647
34  2.0  0.000955762
34  3.0  7.6758e-05
34  3.5  4.02094e-05
32  11.5  6.17852e-10
34  5.0  8.35578e-07
32  12.0  4.01944e-10
34  4.0  5.87994e-06
34  4.5  2.14551e-06
34  6.5  7.50053e-08
34  5.5  3.55859e-07
34  7.0  3.64221e-08
34  7.5  1.86816e-08
34  6.0  1.58259e-07
34  8.0  9.95393e-09
34  8.5  5.46143e-09
34  9.0  3.09251e-09
34  9.5  1.79925e-09
34  11.0  4.06848e-10
34  10.0  1.07372e-09
4  0.2  3.30267
4  0.3  2.68028
34  10.5  6.55571e-10
4  0.4  2.10072
4  0.5  1.60041
4  0.6  1.19269
4  0.7  0.875543
4  0.8  0.637076
4  0.9  0.461677
4  1.0  0.334021
4  1.1  0.243229
4  1.2  0.176047
4  1.3  0.127486
4  1.5  0.0703356
4  1.4  0.0929117
4  1.6  0.0506456
4  1.7  0.0375705
4  1.8  0.0283059
4  1.9  0.0214801
4  2.0  0.0162972
4  3.0  0.000962036
4  2.5  0.00397298
4  3.5  0.000558522
34  11.5  2.607e-10
34  12.0  1.7039e-10
4  4.0  0.00013306
4  4.5  5.05557e-05
4  5.5  8.8879e-06
4  5.0  2.06696e-05
4  6.0  4.09944e-06
4  6.5  1.96312e-06
4  7.0  9.82297e-07
4  7.5  5.15969e-07
4  8.0  2.77948e-07
4  8.5  1.54497e-07
4  9.0  8.88033e-08
4  9.5  5.21563e-08
4  10.0  3.14809e-08
6  0.2  3.27106
6  0.3  2.65203
4  10.5  1.94122e-08
6  0.4  2.07888
6  0.6  1.1792
6  0.5  1.58396
6  0.7  0.864359
6  0.8  0.629774
6  0.9  0.45522
6  1.0  0.329694
6  1.1  0.238905
6  1.2  0.172822
4  11.0  1.22601e-08
6  1.3  0.125429
6  1.4  0.0916032
6  1.6  0.050077
6  1.5  0.0669081
6  1.7  0.0367746
6  1.8  0.0280767
6  1.9  0.020529
6  2.0  0.0157038
6  2.5  0.00405139
6  3.0  0.00116763
6  3.5  0.000410458
4  11.5  7.8902e-09
6  4.0  0.000130773
4  12.0  5.18153e-09
6  5.5  8.71791e-06
6  4.5  5.00624e-05
6  5.0  2.04402e-05
6  6.0  4.02397e-06
6  6.5  1.92732e-06
6  7.0  9.64806e-07
6  7.5  5.05785e-07
6  8.0  2.72576e-07
6  8.5  1.5157e-07
6  9.5  5.12379e-08
6  9.0  8.71323e-08
6  10.0  3.08841e-08
8  0.2  3.22391
6  10.5  1.90493e-08
8  0.3  2.61414
8  0.4  2.0464
8  0.5  1.55706
8  0.6  1.15947
8  0.7  0.84873
6  11.0  1.20107e-08
8  0.8  0.618381
8  0.9  0.447395
8  1.0  0.323538
8  1.1  0.234163
8  1.2  0.169413
8  1.3  0.123016
8  1.4  0.0898402
8  1.6  0.0493035
8  1.5  0.0664453
8  1.7  0.0366122
8  1.8  0.0272458
8  2.0  0.0148945
8  1.9  0.0204463
8  2.5  0.00416038
6  12.0  5.04613e-09
8  3.0  0.00101365
8  3.5  0.000459766
6  11.5  7.76364e-09
8  4.0  0.000127495
8  4.5  4.83711e-05
8  5.0  1.98383e-05
8  5.5  8.57274e-06
8  6.0  3.91816e-06
8  7.0  9.56404e-07
8  6.5  1.87599e-06
8  7.5  4.92893e-07
8  8.0  2.64848e-07
8  8.5  1.47488e-07
8  9.0  8.47955e-08
8  9.5  4.98242e-08
8  10.0  3.00485e-08
8  10.5  1.85306e-08
8  11.0  1.17028e-08
8  11.5  7.54509e-09
8  12.0  4.92595e-09
