# exclusive D0 cross section, Pb target, HymnD fragmentation, An0n channel
# generated      : 2026-08-20 11:04:20 EEST
# calls          : 1e5 below 4.0 GeV, 2e3 above (see EXCL_PT_THRESHOLD) (VEGAS calls per point, see CALLS_EXCL/CALLS_EXCL_FACTORIZED/CALLS_DIFF)
# dipole samples : data/Pb/bk_posterior/member_0063/glauber_mve_<b>
# pD0 sweep      : 0.2 0.3 0.4 0.5 0.6 0.7 0.8 0.9 1.0 1.1 1.2 1.3 1.4 1.5 1.6 1.7 1.8 1.9 2.0 2.5 3.0 3.5 4.0 4.5 5.0 5.5 6.0 6.5 7.0 7.5 8.0 8.5 9.0 9.5 10.0 10.5 11.0 11.5 12.0
# fixed rapidity y : 2.0
# ============================================================
# b  pD0  dsigma_dyd2pD0
0  0.3  1.42853
0  0.2  1.77291
0  0.4  1.10772
0  0.5  0.834003
0  0.8  0.31851
0  0.6  0.613601
0  0.9  0.226991
0  0.7  0.44452
0  1.2  0.0819672
0  1.0  0.161348
0  1.3  0.0584038
0  1.1  0.114861
0  1.5  0.0306721
0  1.4  0.041989
0  1.7  0.0162009
0  1.6  0.0217328
0  1.8  0.0115355
0  1.9  0.00848923
0  2.0  0.00626441
0  3.0  0.000388203
0  2.5  0.00150225
0  3.5  0.000100772
0  5.0  4.61616e-06
0  5.5  1.80144e-06
0  4.0  3.63133e-05
0  4.5  1.25151e-05
0  6.0  7.4829e-07
0  6.5  3.21e-07
0  7.0  1.44906e-07
0  7.5  6.78162e-08
0  8.5  1.65084e-08
0  9.0  8.49405e-09
0  8.0  3.2854e-08
0  10.0  2.3822e-09
0  9.5  4.42595e-09
10  0.2  1.69518
0  10.5  1.31149e-09
10  0.3  1.36297
10  0.4  1.05707
10  0.5  0.793797
10  0.6  0.58235
10  0.7  0.421638
10  0.9  0.214678
10  0.8  0.301294
10  1.0  0.15198
10  1.1  0.108114
0  11.0  7.35279e-10
10  1.2  0.0769832
10  1.3  0.0548873
10  1.4  0.0394151
10  1.5  0.0281887
10  1.6  0.0204486
10  1.7  0.0147382
10  1.8  0.0107828
10  1.9  0.00795316
10  2.0  0.00584098
10  2.5  0.00141342
10  3.0  0.000358966
10  3.5  0.000120549
0  11.5  4.19901e-10
10  4.5  1.15195e-05
0  12.0  2.43891e-10
10  5.0  4.23833e-06
10  4.0  3.34936e-05
10  6.0  6.85677e-07
10  5.5  1.65254e-06
10  6.5  2.94933e-07
10  7.0  1.32597e-07
10  7.5  6.20641e-08
10  8.0  2.99809e-08
10  8.5  1.49616e-08
10  10.0  2.17664e-09
10  9.0  7.69335e-09
10  9.5  4.03452e-09
12  0.2  1.66001
12  0.3  1.33356
12  0.4  1.03307
12  0.5  0.775303
12  0.6  0.568837
12  0.7  0.410894
12  0.8  0.293685
10  10.5  1.19489e-09
12  0.9  0.208871
12  1.0  0.147788
12  1.2  0.0751688
12  1.1  0.105019
12  1.3  0.0532453
10  11.0  6.70028e-10
12  1.4  0.0380275
12  1.5  0.0273344
12  1.7  0.0144648
12  1.6  0.0199088
12  1.8  0.0106789
12  1.9  0.00763998
12  2.0  0.00574985
12  2.5  0.00133644
12  3.0  0.000355122
12  3.5  0.000111623
10  11.5  3.82393e-10
10  12.0  2.21919e-10
12  5.0  4.06911e-06
12  4.0  3.21945e-05
12  4.5  1.10341e-05
12  5.5  1.58571e-06
12  6.0  6.54673e-07
12  6.5  2.82825e-07
12  7.0  1.27104e-07
12  7.5  5.93559e-08
12  8.0  2.87485e-08
12  8.5  1.43163e-08
12  9.0  7.34884e-09
12  9.5  3.86473e-09
12  10.0  2.08047e-09
12  10.5  1.14318e-09
14  0.2  1.6155
14  0.4  1.0036
14  0.3  1.29718
14  0.5  0.752464
14  0.6  0.551472
14  0.7  0.39787
14  0.8  0.284135
14  0.9  0.201285
12  12.0  2.13828e-10
14  1.0  0.142972
12  11.0  6.37244e-10
14  1.1  0.1012
14  1.2  0.0719191
14  1.3  0.0512514
14  1.4  0.0366726
14  1.5  0.0263036
14  1.6  0.0192267
14  1.7  0.0141141
14  1.8  0.0102092
14  1.9  0.0073542
14  2.0  0.00540173
14  3.0  0.000308833
14  2.5  0.00127808
14  3.5  8.64347e-05
12  11.5  3.65702e-10
14  4.5  1.05499e-05
14  5.0  3.86682e-06
14  4.0  3.06323e-05
14  6.0  6.24362e-07
14  5.5  1.50585e-06
14  6.5  2.67265e-07
14  7.0  1.20507e-07
14  7.5  5.62557e-08
14  8.0  2.72207e-08
14  8.5  1.35592e-08
14  9.0  6.95879e-09
14  9.5  3.65645e-09
14  10.0  1.9674e-09
16  0.2  1.56198
16  0.3  1.25395
14  12.0  2.01877e-10
16  0.4  0.967967
16  0.5  0.7248
16  0.6  0.530535
14  10.5  1.08179e-09
16  0.7  0.382238
16  0.9  0.193003
16  0.8  0.272386
16  1.0  0.136396
16  1.1  0.0966457
16  1.2  0.0690784
16  1.3  0.0489064
16  1.4  0.0349213
14  11.0  6.05991e-10
16  1.5  0.0249696
16  1.7  0.0133671
16  1.6  0.018221
16  1.8  0.00955206
16  2.0  0.00528203
16  1.9  0.00695774
16  2.5  0.0011209
16  3.0  0.000295334
16  3.5  8.18246e-05
14  11.5  3.4576e-10
16  5.0  3.62934e-06
16  4.0  2.88145e-05
16  4.5  9.876e-06
16  6.0  5.84593e-07
16  5.5  1.41237e-06
16  6.5  2.5081e-07
16  7.0  1.12816e-07
16  7.5  5.2662e-08
16  8.0  2.54737e-08
16  8.5  1.26754e-08
16  9.0  6.50268e-09
16  9.5  3.41497e-09
18  0.2  1.49783
16  10.0  1.8376e-09
18  0.3  1.20049
18  0.4  0.925934
18  0.5  0.692349
18  0.6  0.505631
18  0.7  0.36358
18  0.8  0.258789
18  0.9  0.183229
18  1.0  0.129538
16  10.5  1.00991e-09
18  1.2  0.0649061
18  1.1  0.0913991
18  1.4  0.0329084
18  1.3  0.0460251
18  1.5  0.0238981
18  1.6  0.0168374
18  1.7  0.0121493
16  11.0  5.6544e-10
18  1.8  0.00892786
18  1.9  0.00654281
18  3.0  0.000276864
18  2.5  0.00107522
18  2.0  0.00481787
18  3.5  8.61741e-05
16  11.5  3.22426e-10
16  12.0  1.872e-10
18  4.5  9.14652e-06
18  5.0  3.3552e-06
18  4.0  2.67259e-05
18  6.0  5.39187e-07
18  5.5  1.30443e-06
18  6.5  2.30997e-07
18  7.0  1.03964e-07
18  7.5  4.85098e-08
18  8.0  2.34615e-08
18  10.0  1.69791e-09
18  8.5  1.16602e-08
18  10.5  9.2599e-10
18  9.0  5.97968e-09
18  9.5  3.13452e-09
2  0.2  1.76992
2  0.3  1.42607
2  0.4  1.10611
2  0.5  0.83272
2  0.6  0.612309
2  0.7  0.443613
2  0.8  0.31812
2  0.9  0.226357
2  1.0  0.161078
2  1.1  0.114538
18  11.5  2.96413e-10
2  1.2  0.0817773
2  1.3  0.0583425
2  1.5  0.0305461
2  1.4  0.0418657
2  1.6  0.021709
2  1.7  0.0161561
18  11.0  5.18883e-10
2  1.8  0.01154
2  1.9  0.0084668
2  2.0  0.00624083
2  2.5  0.00150466
2  3.0  0.000400126
2  3.5  0.000121331
18  12.0  1.71675e-10
2  5.0  4.60115e-06
2  4.0  3.62453e-05
2  4.5  1.24742e-05
2  6.0  7.45846e-07
2  6.5  3.20322e-07
2  5.5  1.79678e-06
2  7.0  1.44421e-07
2  7.5  6.75843e-08
2  8.5  1.64494e-08
2  9.0  8.46501e-09
2  8.0  3.27438e-08
2  10.0  2.37409e-09
2  9.5  4.4107e-09
2  11.0  7.35808e-10
20  0.2  1.42107
20  0.3  1.13701
20  0.4  0.875317
20  0.5  0.652792
20  0.6  0.475987
20  0.7  0.341329
20  0.8  0.242426
2  10.5  1.30681e-09
20  0.9  0.171381
20  1.1  0.0851579
20  1.0  0.121002
20  1.3  0.0429484
20  1.2  0.0603629
20  1.4  0.0304714
20  1.5  0.0218026
20  1.6  0.0156841
20  1.7  0.0115052
20  1.9  0.00605794
20  1.8  0.00821623
20  2.0  0.00437144
20  3.0  0.000291082
20  2.5  0.0010539
20  3.5  7.17567e-05
2  11.5  4.184e-10
2  12.0  2.43014e-10
20  4.5  8.29278e-06
20  5.0  3.04242e-06
20  4.0  2.42541e-05
20  5.5  1.18086e-06
20  6.0  4.85185e-07
20  8.0  2.12846e-08
20  6.5  2.08578e-07
20  7.0  9.39204e-08
20  7.5  4.37734e-08
20  10.0  1.52689e-09
20  8.5  1.05024e-08
20  9.0  5.38598e-09
20  9.5  2.81949e-09
20  11.0  4.69683e-10
22  0.2  1.32708
22  0.3  1.05989
22  0.4  0.813864
22  0.5  0.606075
22  0.6  0.440467
22  0.7  0.314602
22  0.8  0.223183
22  0.9  0.157446
22  1.0  0.110252
22  1.2  0.0551345
22  1.1  0.0777597
22  1.3  0.0387941
20  10.5  8.33324e-10
22  1.4  0.0276469
22  1.6  0.0143267
22  1.5  0.0197127
22  1.7  0.0103188
22  1.8  0.00740725
22  1.9  0.00549093
22  2.0  0.00395491
22  3.0  0.000227979
22  2.5  0.000940492
22  3.5  6.32761e-05
20  11.5  2.65929e-10
20  12.0  1.53999e-10
22  4.0  2.1509e-05
22  4.5  7.32839e-06
22  5.0  2.67994e-06
22  6.0  4.29508e-07
22  5.5  1.04041e-06
22  8.0  1.86749e-08
22  6.5  1.83699e-07
22  7.0  8.23455e-08
22  7.5  3.83677e-08
22  8.5  9.2094e-09
22  9.0  4.711e-09
22  9.5  2.46802e-09
22  11.5  2.32502e-10
22  10.0  1.32504e-09
24  0.2  1.21294
24  0.3  0.966406
24  0.4  0.740005
24  0.5  0.548669
24  0.6  0.397521
22  10.5  7.26686e-10
24  0.7  0.283232
24  0.8  0.20015
24  0.9  0.140346
24  1.0  0.0984005
24  1.1  0.0690329
24  1.2  0.0485426
24  1.3  0.034499
24  1.4  0.024484
24  1.5  0.0176363
24  1.6  0.012685
24  1.8  0.00648554
24  1.7  0.0088914
24  1.9  0.00467524
24  2.0  0.00354991
22  11.0  4.06552e-10
24  3.0  0.000214246
24  2.5  0.000805647
24  3.5  6.18476e-05
22  12.0  1.34259e-10
24  4.0  1.83734e-05
24  4.5  6.24275e-06
24  5.0  2.27711e-06
24  5.5  8.82374e-07
24  6.0  3.61338e-07
24  6.5  1.54913e-07
24  7.0  6.9566e-08
24  7.5  3.23827e-08
24  9.0  3.9619e-09
24  8.0  1.55784e-08
24  8.5  7.69374e-09
24  9.5  2.06862e-09
24  10.0  1.11028e-09
26  0.2  1.07339
26  0.3  0.852256
24  10.5  6.09461e-10
26  0.4  0.650169
26  0.5  0.4797
26  0.6  0.345923
26  0.7  0.245584
26  0.8  0.172238
24  11.0  3.40695e-10
26  0.9  0.120638
26  1.0  0.0842899
26  1.1  0.0587888
26  1.2  0.0414325
26  1.4  0.0206977
26  1.3  0.0291845
26  1.5  0.0148222
26  1.7  0.00770573
26  1.6  0.0103825
26  1.8  0.00541117
26  1.9  0.00393802
26  2.0  0.00293761
26  2.5  0.000621266
26  3.0  0.000184969
26  3.5  4.38526e-05
24  11.5  1.93846e-10
24  12.0  1.123e-10
26  4.5  5.04317e-06
26  4.0  1.48949e-05
26  5.0  1.82664e-06
26  5.5  7.08456e-07
26  6.0  2.89205e-07
26  6.5  1.238e-07
26  7.0  5.54384e-08
26  7.5  2.57551e-08
26  8.5  6.18637e-09
26  8.0  1.24592e-08
26  10.0  8.83276e-10
26  9.0  3.13104e-09
26  9.5  1.63697e-09
28  0.2  0.904901
28  0.3  0.714994
28  0.4  0.542407
28  0.5  0.397912
26  10.5  4.81231e-10
28  0.6  0.285036
28  0.7  0.200826
28  0.8  0.140399
28  0.9  0.0974389
26  11.0  2.68441e-10
28  1.0  0.0678291
28  1.1  0.0472879
28  1.2  0.0329888
28  1.3  0.0230165
28  1.4  0.0163204
28  1.6  0.00843537
28  1.5  0.01146
28  1.7  0.00604838
28  1.8  0.00432533
28  1.9  0.00305859
28  2.0  0.00223503
28  2.5  0.000514415
28  3.0  0.000123495
28  3.5  3.57599e-05
26  11.5  1.50125e-10
26  12.0  8.83546e-11
28  4.5  3.76557e-06
28  4.0  1.11797e-05
28  5.5  5.2586e-07
28  5.0  1.36269e-06
28  6.0  2.13454e-07
28  6.5  9.10991e-08
28  7.0  4.06115e-08
28  7.5  1.8837e-08
28  8.0  9.02304e-09
28  8.5  4.46967e-09
28  9.0  2.27644e-09
28  9.5  1.18739e-09
28  10.0  6.35685e-10
30  0.2  0.709626
30  0.3  0.557107
30  0.4  0.419367
30  0.5  0.305142
30  0.6  0.21676
30  0.7  0.151549
28  10.5  3.47423e-10
30  0.8  0.105125
30  0.9  0.0725374
30  1.0  0.049945
30  1.1  0.034531
30  1.2  0.0239511
30  1.3  0.0166529
30  1.4  0.0117632
30  1.5  0.00821356
30  1.6  0.00579502
28  11.0  1.93653e-10
30  1.8  0.00307904
30  1.9  0.0022098
30  1.7  0.00413926
30  2.0  0.00157371
28  11.5  1.1008e-10
30  3.0  9.4877e-05
30  2.5  0.000345928
30  3.5  2.69572e-05
28  12.0  6.36238e-11
30  4.5  2.50108e-06
30  4.0  7.4726e-06
30  5.0  8.975e-07
30  5.5  3.44408e-07
30  6.0  1.39626e-07
30  6.5  5.93481e-08
30  7.0  2.63604e-08
30  7.5  1.21814e-08
30  8.0  5.8392e-09
30  8.5  2.87414e-09
30  10.0  4.06384e-10
30  9.0  1.459e-09
30  9.5  7.59651e-10
32  0.2  0.504368
32  0.3  0.392647
32  0.4  0.292586
32  0.5  0.210591
32  0.6  0.147845
32  0.7  0.102242
30  10.5  2.21362e-10
32  0.8  0.0701234
32  0.9  0.0479027
32  1.0  0.0326858
32  1.2  0.0154481
32  1.1  0.0224275
32  1.4  0.007467
32  1.3  0.010668
32  1.5  0.00525559
32  1.6  0.00364436
32  1.7  0.00268716
32  1.8  0.00184
32  1.9  0.00132995
32  2.0  0.000964552
32  2.5  0.000209907
32  3.0  5.49265e-05
30  11.0  1.23146e-10
32  3.5  1.14573e-05
30  11.5  6.97968e-11
30  12.0  4.01868e-11
32  4.5  1.43279e-06
32  4.0  4.32133e-06
32  5.5  1.94687e-07
32  5.0  5.10929e-07
32  6.0  7.81699e-08
32  6.5  3.30906e-08
32  8.5  1.57738e-09
32  7.0  1.46203e-08
32  8.0  3.20735e-09
32  7.5  6.71583e-09
32  9.0  7.9649e-10
32  9.5  4.12561e-10
32  10.0  2.19424e-10
34  0.2  0.320206
34  0.3  0.246622
34  0.4  0.181509
34  0.5  0.128779
34  0.7  0.0608787
32  10.5  1.19354e-10
34  0.6  0.0892708
34  0.8  0.0412256
34  0.9  0.0278017
34  1.0  0.0188025
34  1.1  0.0127657
34  1.2  0.00868504
32  11.0  6.62312e-11
34  1.5  0.00292324
34  1.3  0.00594598
34  1.4  0.00412114
34  1.6  0.00198284
34  1.8  0.000995392
34  1.7  0.00140086
34  2.0  0.000508956
34  1.9  0.000717606
34  2.5  0.000105034
34  3.0  2.8893e-05
34  3.5  8.39019e-06
32  11.5  3.74681e-11
34  5.0  2.48668e-07
32  12.0  2.15398e-11
34  4.5  6.95635e-07
34  4.0  2.12279e-06
34  5.5  9.20571e-08
34  7.0  6.82245e-09
34  6.0  3.68724e-08
34  6.5  1.54785e-08
34  7.5  3.09803e-09
34  8.0  1.46543e-09
34  8.5  7.16294e-10
34  9.5  1.85981e-10
34  9.0  3.60385e-10
34  10.0  9.86397e-11
34  11.5  1.67467e-11
4  0.2  1.76154
4  0.3  1.41877
4  0.4  1.10026
34  10.5  5.34349e-11
4  0.5  0.82793
4  0.6  0.60888
4  0.7  0.441004
4  0.8  0.315906
4  0.9  0.225087
4  1.0  0.159923
34  11.0  2.9568e-11
4  1.1  0.114036
4  1.2  0.0813458
4  1.3  0.0580047
4  1.4  0.0415522
4  1.6  0.021697
4  1.5  0.0297835
4  1.7  0.0160576
4  1.9  0.00839895
4  1.8  0.0114285
4  2.0  0.00613806
4  3.0  0.000420272
4  2.5  0.00152094
4  3.5  0.000115122
34  12.0  9.48801e-12
4  5.0  4.55605e-06
4  4.0  3.59101e-05
4  4.5  1.23493e-05
4  6.0  7.38496e-07
4  5.5  1.77892e-06
4  6.5  3.16781e-07
4  7.0  1.42954e-07
4  8.5  1.62745e-08
4  7.5  6.68817e-08
4  9.0  8.37717e-09
4  8.0  3.23956e-08
4  10.0  2.37294e-09
4  9.5  4.36465e-09
6  0.2  1.74564
6  0.3  1.40486
4  10.5  1.29274e-09
6  0.4  1.0899
6  0.5  0.819874
6  0.6  0.602696
6  0.7  0.436405
6  0.8  0.312606
6  0.9  0.222847
6  1.0  0.157821
6  1.1  0.112395
6  1.2  0.0800681
6  1.3  0.0572798
6  1.5  0.0299321
6  1.4  0.0410124
6  1.6  0.0214954
4  11.0  7.24858e-10
6  1.7  0.0154087
6  1.8  0.0112964
6  2.5  0.00136641
6  1.9  0.00828175
6  2.0  0.00609293
6  3.0  0.000360129
6  3.5  0.000119857
4  11.5  4.13827e-10
4  12.0  2.40406e-10
6  5.0  4.48092e-06
6  4.0  3.5339e-05
6  6.0  7.26263e-07
6  4.5  1.21238e-05
6  5.5  1.74898e-06
6  6.5  3.11159e-07
6  8.0  3.19534e-08
6  7.0  1.40506e-07
6  7.5  6.5695e-08
6  8.5  1.59819e-08
6  9.0  8.22968e-09
6  10.0  2.3091e-09
6  9.5  4.28404e-09
8  0.2  1.72431
8  0.3  1.38777
8  0.4  1.07552
8  0.5  0.808362
8  0.6  0.594132
8  0.7  0.429947
8  0.8  0.307715
8  0.9  0.218521
8  1.0  0.155217
6  10.5  1.26935e-09
8  1.1  0.11048
8  1.2  0.0787207
8  1.3  0.0562246
8  1.4  0.0401497
8  1.5  0.0290212
8  1.6  0.0210705
8  1.7  0.0155965
6  11.0  7.12062e-10
8  1.8  0.0110376
8  2.0  0.00611101
8  1.9  0.00812534
8  2.5  0.00145452
8  3.0  0.000403426
8  3.5  0.000124176
6  11.5  4.06475e-10
8  4.5  1.19e-05
6  12.0  2.35989e-10
8  5.0  4.37532e-06
8  6.0  7.0879e-07
8  4.0  3.45676e-05
8  5.5  1.70672e-06
8  6.5  3.04674e-07
8  8.0  3.10919e-08
8  7.0  1.3706e-07
8  8.5  1.55505e-08
8  7.5  6.41271e-08
8  9.0  8.02109e-09
8  10.0  2.25053e-09
8  9.5  4.15166e-09
8  10.5  1.23633e-09
8  11.0  6.93585e-10
8  11.5  3.95964e-10
8  12.0  2.29829e-10
