# exclusive D0 cross section, Pb target, LHAPDF fragmentation, An0n channel
# generated      : 2026-08-19 15:27:11 EEST
# calls          : 1e5 below 4.0 GeV, 2e3 above (see EXCL_PT_THRESHOLD) (VEGAS calls per point, see CALLS_EXCL/CALLS_EXCL_FACTORIZED/CALLS_DIFF)
# dipole samples : data/Pb/bk_posterior/member_0063/glauber_mve_<b>
# pD0 sweep      : 0.2 0.3 0.4 0.5 0.6 0.7 0.8 0.9 1.0 1.1 1.2 1.3 1.4 1.5 1.6 1.7 1.8 1.9 2.0 2.5 3.0 3.5 4.0 4.5 5.0 5.5 6.0 6.5 7.0 7.5 8.0 8.5 9.0 9.5 10.0 10.5 11.0 11.5 12.0
# fixed rapidity y : 1.0
# ============================================================
# b  pD0  dsigma_dyd2pD0
0  0.2  2.9135
0  0.3  2.35812
0  0.5  1.41245
0  0.4  1.85075
0  0.6  1.05774
0  0.8  0.573867
0  0.7  0.781775
0  1.0  0.306228
0  0.9  0.419005
0  1.1  0.224599
0  1.3  0.121793
0  1.2  0.164732
0  1.4  0.0900278
0  1.5  0.0670995
0  1.6  0.0502677
0  1.7  0.0378456
0  1.9  0.0217427
0  1.8  0.0286999
0  2.0  0.0169318
0  2.5  0.00440608
0  3.0  0.00126552
0  3.5  0.000457903
0  4.5  6.58906e-05
0  5.0  2.757e-05
0  4.0  0.000169935
0  5.5  1.21444e-05
0  6.0  5.62337e-06
0  7.5  7.09663e-07
0  6.5  2.71638e-06
0  7.0  1.35831e-06
0  8.0  3.81114e-07
0  8.5  2.09483e-07
0  9.0  1.18814e-07
0  9.5  6.897e-08
0  10.0  4.11482e-08
0  11.0  1.53956e-08
10  0.2  2.77666
10  0.3  2.24481
0  10.5  2.4753e-08
10  0.4  1.75853
10  0.5  1.33971
10  0.6  1.00095
10  0.7  0.737999
10  0.8  0.541225
10  0.9  0.394557
0  11.5  9.68134e-09
10  1.0  0.287658
10  1.1  0.210132
10  1.3  0.113861
10  1.2  0.153775
10  1.4  0.0843981
10  1.5  0.062442
10  1.6  0.0466662
10  1.7  0.0350186
10  1.8  0.0271064
10  1.9  0.0201403
10  2.0  0.0153796
10  2.5  0.00414757
10  3.0  0.00121658
10  3.5  0.000523165
0  12.0  6.17608e-09
10  4.5  6.07479e-05
10  4.0  0.00015625
10  5.5  1.11274e-05
10  5.0  2.52775e-05
10  6.0  5.13239e-06
10  6.5  2.48001e-06
10  7.5  6.46872e-07
10  7.0  1.24209e-06
10  8.0  3.46556e-07
10  8.5  1.90765e-07
10  9.0  1.08223e-07
10  9.5  6.27668e-08
10  10.5  2.26298e-08
12  0.2  2.71264
12  0.3  2.19122
10  10.0  3.74361e-08
12  0.4  1.71441
10  11.0  1.39889e-08
12  0.5  1.30658
12  0.6  0.974844
12  0.7  0.717921
12  0.8  0.525523
12  0.9  0.38351
12  1.0  0.279262
12  1.1  0.203852
12  1.2  0.149165
12  1.4  0.0811988
12  1.3  0.109922
12  1.5  0.0603456
12  1.6  0.0455957
10  11.5  8.78534e-09
12  1.7  0.0338059
12  1.8  0.0259776
12  1.9  0.0194258
12  2.5  0.00402352
12  2.0  0.0147355
12  3.0  0.00118786
12  3.5  0.00036534
12  5.0  2.39986e-05
10  12.0  5.60372e-09
12  5.5  1.05612e-05
12  4.0  0.000149486
12  4.5  5.81949e-05
12  6.0  4.91668e-06
12  6.5  2.37422e-06
12  7.0  1.18229e-06
12  7.5  6.18924e-07
12  8.0  3.32278e-07
12  8.5  1.82451e-07
12  9.0  1.0376e-07
12  9.5  6.00083e-08
12  10.5  2.16501e-08
12  10.0  3.57814e-08
14  0.2  2.63338
14  0.3  2.12792
14  0.4  1.66306
14  0.5  1.26465
12  11.0  1.33649e-08
14  0.6  0.942311
14  0.7  0.693716
14  0.8  0.506993
14  0.9  0.369249
14  1.1  0.196083
14  1.0  0.26871
14  1.2  0.143734
14  1.3  0.105692
14  1.4  0.0776751
14  1.6  0.0432068
14  1.5  0.0577109
14  1.7  0.0327153
14  1.8  0.0249605
14  2.0  0.014222
14  1.9  0.0184941
14  2.5  0.00375133
14  3.0  0.00116327
14  3.5  0.000330394
12  12.0  5.34581e-09
12  11.5  8.39718e-09
14  5.5  1.00101e-05
14  5.0  2.29613e-05
14  4.0  0.000141866
14  4.5  5.55127e-05
14  6.0  4.57946e-06
14  6.5  2.24801e-06
14  7.5  5.84745e-07
14  7.0  1.12062e-06
14  8.0  3.13466e-07
14  8.5  1.72505e-07
14  9.0  9.81554e-08
14  9.5  5.67184e-08
16  0.2  2.54008
14  10.0  3.38119e-08
16  0.3  2.04846
16  0.4  1.60005
16  0.5  1.21434
16  0.6  0.904071
14  11.0  1.26254e-08
16  0.7  0.664287
16  0.8  0.48453
14  10.5  2.03703e-08
16  0.9  0.353272
16  1.0  0.256676
16  1.1  0.186658
16  1.2  0.136282
16  1.3  0.10009
16  1.4  0.0739012
16  1.5  0.0549845
16  1.7  0.030932
16  1.6  0.0407743
16  1.8  0.0230769
16  1.9  0.0176085
16  2.0  0.0134887
16  2.5  0.00353271
16  3.5  0.000364584
16  3.0  0.00109471
14  11.5  7.92784e-09
14  12.0  5.05205e-09
16  4.5  5.19357e-05
16  5.5  9.34844e-06
16  4.0  0.000133052
16  5.0  2.15633e-05
16  6.0  4.3325e-06
16  6.5  2.10062e-06
16  7.0  1.04741e-06
16  9.0  9.08539e-08
16  7.5  5.46468e-07
16  8.0  2.92082e-07
16  10.0  3.1701e-08
16  8.5  1.60972e-07
16  9.5  5.28897e-08
16  10.5  1.90986e-08
18  0.2  2.42946
18  0.3  1.95556
18  0.4  1.52396
16  11.0  1.17645e-08
18  0.5  1.15553
18  0.6  0.858208
18  0.7  0.629293
18  0.8  0.459083
18  0.9  0.332693
18  1.0  0.241534
18  1.1  0.175503
18  1.2  0.128761
18  1.3  0.0943914
18  1.4  0.0692351
18  1.5  0.0512982
18  1.6  0.0383989
18  1.7  0.0284737
18  1.9  0.0166312
18  1.8  0.021909
18  2.0  0.0122878
18  2.5  0.00333482
16  11.5  7.37049e-09
18  3.0  0.00105849
18  3.5  0.000289397
16  12.0  4.70538e-09
18  5.5  8.64582e-06
18  4.0  0.000123272
18  4.5  4.79083e-05
18  5.0  1.98148e-05
18  6.5  1.89484e-06
18  6.0  4.00561e-06
18  7.0  9.62454e-07
18  7.5  5.00324e-07
18  8.0  2.70884e-07
18  8.5  1.47335e-07
18  10.0  2.90153e-08
18  9.0  8.38799e-08
18  9.5  4.84938e-08
2  0.2  2.90833
2  0.3  2.35369
18  11.0  1.07848e-08
2  0.4  1.84705
2  0.5  1.41077
2  0.6  1.05557
2  0.7  0.780245
18  10.5  1.74642e-08
2  0.8  0.572399
2  0.9  0.418083
2  1.0  0.305532
2  1.1  0.223861
2  1.2  0.164373
2  1.3  0.121387
2  1.4  0.0896343
2  1.5  0.0667121
2  1.7  0.0376996
2  1.6  0.0498649
2  1.8  0.0286706
2  1.9  0.0216226
2  2.0  0.016795
2  2.5  0.00447619
2  3.0  0.00125766
2  3.5  0.00055256
18  11.5  6.75662e-09
2  4.5  6.56862e-05
18  12.0  4.30998e-09
2  4.0  0.000169895
2  5.0  2.7477e-05
2  5.5  1.21036e-05
2  6.5  2.70082e-06
2  7.5  7.06733e-07
2  6.0  5.58754e-06
2  7.0  1.35038e-06
2  8.0  3.79916e-07
2  8.5  2.08727e-07
2  9.0  1.18394e-07
2  9.5  6.87231e-08
2  10.0  4.10013e-08
20  0.2  2.29231
20  0.3  1.84309
20  0.4  1.43365
2  11.0  1.53394e-08
20  0.5  1.08399
2  10.5  2.47907e-08
20  0.6  0.803407
20  0.8  0.427081
20  0.7  0.588277
20  0.9  0.309479
20  1.0  0.224173
20  1.1  0.16285
20  1.2  0.118976
2  11.5  9.64415e-09
20  1.3  0.0867302
20  1.4  0.0637162
20  1.5  0.0471629
20  1.6  0.0354714
20  1.8  0.019817
20  1.7  0.0262144
20  1.9  0.0153384
20  2.0  0.0113143
20  3.0  0.000946874
20  2.5  0.00295264
2  12.0  6.15616e-09
20  3.5  0.000277779
20  4.5  4.32735e-05
20  4.0  0.000111096
20  5.5  7.84349e-06
20  5.0  1.78889e-05
20  6.0  3.58166e-06
20  7.5  4.47004e-07
20  6.5  1.73805e-06
20  7.0  8.65544e-07
20  8.0  2.40933e-07
20  10.0  2.59654e-08
20  8.5  1.32547e-07
20  9.0  7.51604e-08
20  9.5  4.35091e-08
20  10.5  1.56657e-08
22  0.2  2.12932
22  0.3  1.70928
22  0.4  1.32507
22  0.5  0.999897
22  0.6  0.737701
22  0.7  0.539266
22  0.8  0.390439
20  11.5  6.06569e-09
22  0.9  0.282166
22  1.0  0.203736
22  1.1  0.147645
22  1.2  0.107222
22  1.3  0.0785319
22  1.4  0.0576052
22  1.5  0.0424537
22  1.6  0.0315835
22  1.7  0.0235526
22  1.8  0.0178609
20  11.0  9.62085e-09
22  1.9  0.0136276
22  2.0  0.0103321
22  3.0  0.000828908
22  2.5  0.00268264
22  3.5  0.000229829
20  12.0  3.85773e-09
22  4.5  3.7733e-05
22  4.0  9.8063e-05
22  5.5  6.8821e-06
22  5.0  1.57128e-05
22  7.0  7.52415e-07
22  7.5  3.89366e-07
22  6.5  1.52035e-06
22  6.0  3.15142e-06
22  8.0  2.10286e-07
22  8.5  1.15716e-07
22  9.0  6.54389e-08
22  9.5  3.78977e-08
22  10.5  1.36499e-08
22  10.0  2.25268e-08
22  11.5  5.29289e-09
24  0.2  1.93017
24  0.3  1.54703
22  11.0  8.4034e-09
24  0.4  1.1958
24  0.5  0.89806
24  0.6  0.661184
24  0.7  0.480969
24  0.8  0.347326
24  0.9  0.250001
24  1.0  0.179807
24  1.1  0.129888
24  1.3  0.0688997
24  1.2  0.0942167
24  1.4  0.0503148
24  1.5  0.0370977
24  1.6  0.0276207
24  1.7  0.0204335
22  12.0  3.35914e-09
24  1.8  0.015373
24  1.9  0.0116247
24  2.0  0.00884603
24  2.5  0.00237721
24  3.0  0.000727971
24  3.5  0.000267706
24  5.0  1.32814e-05
24  4.0  8.3237e-05
24  4.5  3.22097e-05
24  5.5  5.79743e-06
24  6.5  1.26558e-06
24  6.0  2.65373e-06
24  7.0  6.35852e-07
24  7.5  3.295e-07
24  8.0  1.76653e-07
24  10.0  1.8909e-08
24  8.5  9.68991e-08
24  9.0  5.47718e-08
24  9.5  3.17681e-08
26  0.2  1.69194
24  10.5  1.13777e-08
26  0.3  1.34891
26  0.4  1.03841
26  0.5  0.776755
24  11.0  7.00987e-09
26  0.6  0.569232
26  0.7  0.412177
26  0.8  0.296214
26  0.9  0.212021
26  1.0  0.152112
26  1.1  0.109559
26  1.2  0.0791538
26  1.3  0.0573337
26  1.4  0.0420962
26  1.6  0.0230707
26  1.5  0.0307911
26  1.9  0.00964164
26  1.7  0.0168928
26  1.8  0.012682
26  2.0  0.00732996
26  3.5  0.000248605
26  2.5  0.00188786
26  3.0  0.000560982
24  11.5  4.37039e-09
24  12.0  2.78174e-09
26  4.0  6.66771e-05
26  4.5  2.57638e-05
26  6.0  2.0943e-06
26  5.0  1.05728e-05
26  5.5  4.59878e-06
26  6.5  1.01345e-06
26  8.0  1.37413e-07
26  7.5  2.61368e-07
26  7.0  5.02838e-07
26  8.5  7.6393e-08
26  10.0  1.48708e-08
26  9.0  4.31193e-08
26  9.5  2.49336e-08
26  10.5  8.93842e-09
28  0.2  1.40481
28  0.3  1.11598
28  0.4  0.854082
28  0.5  0.634433
28  0.6  0.461915
28  0.7  0.331872
28  0.8  0.237105
28  0.9  0.168712
28  1.0  0.120486
28  1.2  0.0620438
28  1.1  0.0861762
26  11.0  5.47698e-09
28  1.3  0.044851
28  1.4  0.0327602
28  1.5  0.0238843
28  1.6  0.0177984
28  1.7  0.0131922
28  1.8  0.00982662
28  1.9  0.00727022
28  2.0  0.00551975
28  2.5  0.00142104
28  3.0  0.000420218
28  3.5  0.000101237
26  11.5  3.43001e-09
26  12.0  2.17206e-09
28  4.0  4.95662e-05
28  5.0  7.78713e-06
28  4.5  1.89663e-05
28  6.5  7.3497e-07
28  5.5  3.35988e-06
28  6.0  1.53625e-06
28  7.0  3.66982e-07
28  7.5  1.88602e-07
28  8.0  1.00435e-07
28  8.5  5.4999e-08
28  9.5  1.80007e-08
28  9.0  3.10616e-08
28  10.0  1.06403e-08
28  11.0  3.92509e-09
30  0.2  1.07894
30  0.3  0.851034
30  0.4  0.646475
30  0.5  0.475993
30  0.6  0.343428
30  0.7  0.2448
30  0.8  0.173305
28  10.5  6.3982e-09
30  0.9  0.122602
30  1.0  0.0868845
30  1.1  0.0616441
30  1.2  0.0441053
30  1.3  0.0319277
30  1.5  0.0168524
30  1.4  0.0229173
30  1.7  0.00923544
30  1.8  0.0069715
30  1.6  0.0122359
30  2.0  0.003869
30  1.9  0.00503625
30  3.0  0.000318937
30  2.5  0.000983993
30  3.5  6.57333e-05
28  11.5  2.44643e-09
28  12.0  1.56235e-09
30  4.0  3.2565e-05
30  4.5  1.23997e-05
30  5.0  5.06177e-06
30  6.0  9.93964e-07
30  5.5  2.18615e-06
30  6.5  4.71931e-07
30  7.5  1.20643e-07
30  7.0  2.34283e-07
30  8.5  3.45568e-08
30  8.0  6.39781e-08
30  9.0  1.96541e-08
30  9.5  1.13148e-08
30  10.5  4.03772e-09
30  10.0  6.67916e-09
32  0.2  0.744099
32  0.3  0.582147
32  0.4  0.437463
32  0.5  0.318076
30  11.0  2.47742e-09
32  0.6  0.227094
32  0.7  0.160112
32  0.8  0.112406
32  1.0  0.055401
32  0.9  0.0785942
32  1.1  0.0388786
32  1.2  0.0275736
30  12.0  9.79524e-10
32  1.3  0.0197035
32  1.4  0.0141219
32  1.5  0.0102554
32  1.6  0.00749767
32  1.7  0.00558781
32  1.8  0.00414467
32  1.9  0.00307358
32  2.5  0.000574809
32  2.0  0.00225955
32  3.0  0.000159157
32  3.5  4.56442e-05
30  11.5  1.53983e-09
32  4.0  1.8427e-05
32  4.5  6.949e-06
32  5.5  1.20617e-06
32  5.0  2.81236e-06
32  6.0  5.45873e-07
32  6.5  2.57506e-07
32  7.0  1.27122e-07
32  7.5  6.51472e-08
32  8.0  3.44351e-08
32  9.0  1.05679e-08
32  8.5  1.86794e-08
32  9.5  6.07825e-09
32  10.0  3.56431e-09
34  0.2  0.4543
32  10.5  2.14647e-09
34  0.3  0.351349
34  0.4  0.260731
34  0.5  0.187209
34  0.6  0.131695
34  0.7  0.0917721
34  0.8  0.0636217
34  0.9  0.0438533
34  1.0  0.0305692
34  1.1  0.0213448
34  1.3  0.0105924
34  1.2  0.0149266
34  1.4  0.00757557
34  1.5  0.00544951
34  1.6  0.00398486
34  1.7  0.00292403
34  1.8  0.0021018
32  11.0  1.30653e-09
34  1.9  0.00154454
34  2.0  0.00116423
34  3.0  9.09839e-05
34  2.5  0.000294018
34  3.5  3.41133e-05
32  11.5  8.14123e-10
32  12.0  5.14603e-10
34  5.0  1.29544e-06
34  4.0  8.74177e-06
34  5.5  5.57441e-07
34  4.5  3.26367e-06
34  6.0  2.50044e-07
34  7.0  5.71797e-08
34  7.5  2.9255e-08
34  6.5  1.17194e-07
34  8.0  1.53542e-08
34  8.5  8.35999e-09
34  9.5  2.67892e-09
34  9.0  4.66119e-09
34  10.0  1.5659e-09
34  10.5  9.37736e-10
4  0.2  2.89137
4  0.3  2.34012
4  0.4  1.83699
34  12.0  2.23486e-10
4  0.5  1.40096
4  0.6  1.04893
4  0.7  0.774977
4  0.8  0.569008
4  0.9  0.415217
4  1.0  0.302965
4  1.1  0.222792
4  1.2  0.163103
4  1.3  0.12017
4  1.4  0.0888549
4  1.5  0.0664538
4  1.6  0.0495546
4  1.7  0.0378161
34  11.0  5.70434e-10
4  1.8  0.0280762
4  1.9  0.0219702
4  2.0  0.0166164
4  2.5  0.00450934
4  3.0  0.00142747
4  3.5  0.00042336
34  11.5  3.54179e-10
4  4.0  0.00016821
4  4.5  6.54405e-05
4  5.0  2.72952e-05
4  5.5  1.20082e-05
4  6.0  5.54593e-06
4  6.5  2.6767e-06
4  7.5  7.01801e-07
4  7.0  1.33569e-06
4  8.0  3.75614e-07
4  8.5  2.06466e-07
4  9.0  1.17143e-07
4  9.5  6.79811e-08
4  10.0  4.05594e-08
6  0.2  2.86607
6  0.3  2.31898
6  0.4  1.81805
4  11.0  1.51705e-08
6  0.5  1.38718
6  0.6  1.03739
6  0.7  0.76612
6  0.8  0.562205
6  0.9  0.410367
6  1.0  0.299446
4  11.5  9.53788e-09
6  1.2  0.160706
4  10.5  2.45193e-08
6  1.1  0.219219
6  1.4  0.087956
6  1.3  0.1187
6  1.5  0.0653774
6  1.6  0.0489847
6  1.7  0.036583
6  1.8  0.027901
6  1.9  0.0208872
6  2.0  0.0163358
6  2.5  0.00441525
6  3.0  0.00139119
6  3.5  0.000391514
4  12.0  6.08577e-09
6  4.0  0.000165389
6  4.5  6.42367e-05
6  5.0  2.6811e-05
6  6.0  5.44768e-06
6  5.5  1.17967e-05
6  6.5  2.62987e-06
6  7.0  1.31188e-06
6  7.5  6.87128e-07
6  8.0  3.68986e-07
6  8.5  2.02729e-07
6  9.0  1.15028e-07
6  9.5  6.67456e-08
6  10.0  3.98209e-08
6  11.0  1.48901e-08
8  0.2  2.8264
8  0.3  2.28792
8  0.4  1.79264
6  10.5  2.41051e-08
8  0.5  1.36677
8  0.6  1.02137
8  0.7  0.75403
6  11.5  9.3586e-09
8  0.8  0.552368
8  0.9  0.403382
8  1.0  0.294266
8  1.1  0.21595
8  1.2  0.158079
8  1.3  0.116311
8  1.4  0.0862196
8  1.5  0.06437
8  1.6  0.0484453
8  1.8  0.0276731
8  1.7  0.0360086
8  1.9  0.020972
8  2.0  0.015787
8  2.5  0.00430104
8  3.5  0.000505646
8  3.0  0.00131979
6  12.0  5.97275e-09
8  4.0  0.000161423
8  4.5  6.26628e-05
8  5.0  2.61456e-05
8  6.0  5.31286e-06
8  5.5  1.14828e-05
8  6.5  2.56584e-06
8  7.5  6.69537e-07
8  7.0  1.28482e-06
8  8.0  3.57884e-07
8  8.5  1.97522e-07
8  9.0  1.12091e-07
8  9.5  6.50088e-08
8  10.5  2.34558e-08
8  10.0  3.87822e-08
8  11.0  1.44969e-08
8  11.5  9.10759e-09
8  12.0  5.81092e-09
