# exclusive D0 cross section, Pb target, HymnD fragmentation, An0n channel
# generated      : 2026-08-20 12:11:21 EEST
# calls          : 1e5 below 4.0 GeV, 2e3 above (see EXCL_PT_THRESHOLD) (VEGAS calls per point, see CALLS_EXCL/CALLS_EXCL_FACTORIZED/CALLS_DIFF)
# dipole samples : data/Pb/bk_posterior/member_0099/glauber_mve_<b>
# pD0 sweep      : 0.2 0.3 0.4 0.5 0.6 0.7 0.8 0.9 1.0 1.1 1.2 1.3 1.4 1.5 1.6 1.7 1.8 1.9 2.0 2.5 3.0 3.5 4.0 4.5 5.0 5.5 6.0 6.5 7.0 7.5 8.0 8.5 9.0 9.5 10.0 10.5 11.0 11.5 12.0
# fixed rapidity y : 3.0
# ============================================================
# b  pD0  dsigma_dyd2pD0
0  0.2  0.546313
0  0.3  0.433882
0  0.5  0.243719
0  0.4  0.330749
0  0.8  0.0863076
0  0.6  0.175244
0  0.7  0.123683
0  0.9  0.0597733
0  1.0  0.0412755
0  1.1  0.0284637
0  1.2  0.0196425
0  1.3  0.0135802
0  1.4  0.00942161
0  1.5  0.00656611
0  1.6  0.00460296
0  1.8  0.00228689
0  1.7  0.00323702
0  1.9  0.00161418
0  2.0  0.00115938
0  2.5  0.000226211
0  3.0  4.7916e-05
0  3.5  1.17624e-05
0  4.0  3.11801e-06
0  4.5  8.79723e-07
0  5.0  2.67404e-07
0  5.5  8.6065e-08
0  6.0  2.92221e-08
0  6.5  1.04294e-08
0  7.0  3.88636e-09
0  7.5  1.49919e-09
0  8.0  5.99157e-10
0  10.0  2.03903e-11
0  8.5  2.47124e-10
0  9.0  1.04699e-10
0  9.5  4.56267e-11
10  0.2  0.523936
10  0.3  0.415501
10  0.4  0.316453
10  0.5  0.232822
10  0.6  0.166969
10  0.7  0.117657
10  0.8  0.0819614
0  12.0  9.83281e-13
10  0.9  0.0565611
10  1.0  0.0391916
10  1.1  0.0268987
10  1.2  0.0185458
10  1.3  0.0128159
10  1.4  0.00888308
0  10.5  9.36309e-12
10  1.5  0.00618087
10  1.6  0.00429497
10  1.7  0.00302405
10  1.9  0.00154021
10  1.8  0.00212594
0  11.0  4.29457e-12
10  2.0  0.00107274
10  2.5  0.000210681
10  3.0  4.44602e-05
10  3.5  1.06154e-05
0  11.5  2.03572e-12
10  4.5  8.17966e-07
10  4.0  2.87488e-06
10  5.0  2.45877e-07
10  5.5  7.91274e-08
10  7.0  3.58456e-09
10  6.0  2.68026e-08
10  6.5  9.56916e-09
10  7.5  1.37367e-09
10  8.0  5.48369e-10
10  8.5  2.26177e-10
10  10.0  1.86555e-11
10  9.0  9.57903e-11
10  11.0  3.92417e-12
10  9.5  4.17515e-11
12  0.2  0.51358
12  0.3  0.40691
12  0.4  0.309567
12  0.5  0.227677
12  0.6  0.163101
12  0.7  0.114905
12  0.8  0.0800089
12  0.9  0.0552493
12  1.0  0.0381764
10  10.5  8.45635e-12
12  1.1  0.026172
12  1.2  0.0180287
12  1.3  0.0125326
12  1.4  0.0086793
12  1.5  0.00599119
12  1.6  0.00418989
12  1.7  0.00292632
12  1.8  0.00208354
12  1.9  0.00149768
12  2.0  0.00106832
12  2.5  0.000201674
12  3.0  4.34967e-05
12  3.5  1.03069e-05
10  11.5  1.85692e-12
10  12.0  8.92993e-13
12  4.0  2.75905e-06
12  4.5  7.80135e-07
12  5.0  2.36535e-07
12  5.5  7.60232e-08
12  7.0  3.4405e-09
12  6.0  2.57727e-08
12  6.5  9.18842e-09
12  7.5  1.31646e-09
12  8.0  5.2574e-10
12  8.5  2.16608e-10
12  9.0  9.18562e-11
12  9.5  3.99979e-11
12  11.0  3.76546e-12
12  11.5  1.7832e-12
14  0.2  0.500963
14  0.3  0.3965
12  10.0  1.77816e-11
14  0.4  0.301439
14  0.5  0.221491
14  0.6  0.158511
14  0.7  0.111549
14  0.9  0.0535248
14  0.8  0.0775741
12  10.5  8.10022e-12
14  1.0  0.0368609
14  1.2  0.0174579
14  1.1  0.0253086
14  1.3  0.0121039
14  1.4  0.00835912
14  1.5  0.00580132
14  1.6  0.00404805
14  1.7  0.00282355
14  1.8  0.00197677
14  1.9  0.00140552
14  2.0  0.0010073
14  2.5  0.000191783
14  3.0  4.1818e-05
14  3.5  9.7124e-06
12  12.0  8.54581e-13
14  4.0  2.63407e-06
14  4.5  7.43504e-07
14  5.0  2.25065e-07
14  5.5  7.23574e-08
14  6.0  2.45047e-08
14  7.5  1.2529e-09
14  6.5  8.7304e-09
14  7.0  3.24334e-09
14  9.5  3.82516e-11
14  8.0  4.98774e-10
14  10.0  1.693e-11
14  8.5  2.05314e-10
14  9.0  8.72204e-11
16  0.2  0.485403
16  0.3  0.38435
16  0.4  0.291592
16  0.5  0.213924
16  0.6  0.152906
16  0.7  0.107432
16  0.8  0.0746292
14  10.5  7.67113e-12
16  0.9  0.0514999
16  1.0  0.0353483
16  1.1  0.0242574
16  1.2  0.0166706
14  11.0  3.55487e-12
16  1.3  0.0115248
16  1.4  0.00800227
16  1.6  0.00385692
16  1.5  0.00550937
16  1.7  0.00269185
16  1.8  0.00192806
16  2.0  0.000965337
16  1.9  0.0013404
16  2.5  0.000186996
14  11.5  1.68242e-12
16  3.0  3.835e-05
16  3.5  9.17001e-06
16  4.5  7.05554e-07
14  12.0  8.09026e-13
16  4.0  2.48113e-06
16  5.0  2.1171e-07
16  5.5  6.79851e-08
16  6.0  2.30316e-08
16  6.5  8.19355e-09
16  7.0  3.0413e-09
16  7.5  1.17152e-09
16  8.0  4.67203e-10
16  8.5  1.91896e-10
16  10.0  1.58618e-11
16  9.0  8.14959e-11
16  9.5  3.54146e-11
16  11.0  3.33114e-12
18  0.2  0.466717
16  11.5  1.57572e-12
18  0.3  0.36909
18  0.4  0.279754
18  0.5  0.204834
18  0.6  0.146176
18  0.8  0.0711061
18  0.7  0.102523
18  0.9  0.0489277
18  1.1  0.023071
18  1.0  0.0335537
18  1.2  0.0158138
18  1.3  0.0108824
18  1.4  0.00749732
16  10.5  7.1692e-12
18  1.5  0.00524933
18  1.6  0.00363027
18  1.8  0.00181083
18  1.7  0.00253221
18  1.9  0.00126019
18  2.0  0.000908292
18  2.5  0.000173118
18  3.0  3.49259e-05
18  3.5  8.43507e-06
16  12.0  7.54691e-13
18  4.0  2.31423e-06
18  4.5  6.49445e-07
18  5.0  1.96222e-07
18  6.5  7.62344e-09
18  5.5  6.29089e-08
18  6.0  2.13106e-08
18  7.5  1.08819e-09
18  7.0  2.807e-09
18  9.0  7.4461e-11
18  8.0  4.30719e-10
18  9.5  3.26148e-11
18  8.5  1.7754e-10
18  11.0  3.06697e-12
2  0.2  0.545428
18  10.0  1.44746e-11
2  0.3  0.433178
2  0.4  0.330124
2  0.5  0.243391
2  0.6  0.174885
2  0.7  0.123353
2  0.8  0.0861274
2  0.9  0.0597049
18  10.5  6.59501e-12
2  1.0  0.0411726
2  1.1  0.0283997
2  1.2  0.0195972
2  1.3  0.0135491
2  1.4  0.00940414
2  1.5  0.00655486
2  1.6  0.00458328
2  1.9  0.00164408
2  1.7  0.00322932
2  1.8  0.00230271
2  2.5  0.00022458
18  11.5  1.44359e-12
2  3.0  4.77852e-05
2  2.0  0.0011519
2  3.5  1.13689e-05
2  4.0  3.11005e-06
18  12.0  6.92961e-13
2  4.5  8.77001e-07
2  5.0  2.66559e-07
2  5.5  8.57813e-08
2  6.0  2.91289e-08
2  6.5  1.03951e-08
2  7.0  3.87377e-09
2  7.5  1.4919e-09
2  8.0  5.97151e-10
2  10.0  2.03249e-11
2  8.5  2.46359e-10
2  9.0  1.04386e-10
2  9.5  4.54746e-11
2  11.0  4.28685e-12
20  0.2  0.444208
20  0.3  0.350674
20  0.4  0.26535
20  0.5  0.193913
2  10.5  9.23752e-12
20  0.6  0.138099
20  0.7  0.0966719
2  12.0  9.79826e-13
20  0.8  0.0669066
20  0.9  0.0459479
20  1.0  0.0314185
20  1.1  0.0215464
20  1.2  0.0147426
20  1.3  0.010135
20  1.4  0.00703268
20  1.5  0.004874
20  1.7  0.0023811
20  1.6  0.00336248
20  1.8  0.0016552
20  1.9  0.00117653
20  2.5  0.000158079
20  2.0  0.000829166
20  3.0  3.2742e-05
20  3.5  8.14911e-06
2  11.5  2.02877e-12
20  4.5  5.98395e-07
20  4.0  2.10562e-06
20  5.0  1.78412e-07
20  6.5  6.87839e-09
20  5.5  5.71084e-08
20  7.0  2.55957e-09
20  6.0  1.93321e-08
20  7.5  9.77674e-10
20  8.0  3.89049e-10
20  8.5  1.59916e-10
20  9.0  6.76834e-11
20  9.5  2.93868e-11
20  10.0  1.30542e-11
22  0.2  0.416698
22  0.3  0.328239
22  0.4  0.247844
20  10.5  5.93698e-12
22  0.5  0.180742
22  0.6  0.128387
22  0.7  0.0896863
22  0.8  0.0618925
22  0.9  0.0423782
22  1.0  0.0289207
22  1.1  0.0198399
22  1.2  0.0135253
22  1.3  0.00928015
22  1.5  0.0044351
22  1.4  0.00643422
20  11.0  2.74899e-12
22  1.6  0.00304986
22  1.8  0.00150478
22  1.7  0.00213343
22  1.9  0.00106633
22  2.0  0.000755361
22  3.0  2.89085e-05
22  2.5  0.000140449
22  3.5  7.4288e-06
20  11.5  1.29884e-12
20  12.0  6.2164e-13
22  4.0  1.87453e-06
22  4.5  5.25135e-07
22  5.0  1.58022e-07
22  6.0  1.72883e-08
22  5.5  5.05283e-08
22  6.5  6.03337e-09
22  7.0  2.2368e-09
22  7.5  8.59467e-10
22  9.0  5.96403e-11
22  8.0  3.41812e-10
22  8.5  1.40391e-10
22  10.5  5.25468e-12
22  9.5  2.57402e-11
24  0.2  0.382947
22  10.0  1.14338e-11
24  0.3  0.301008
24  0.4  0.22663
24  0.5  0.164774
24  0.6  0.116699
24  0.7  0.0811821
22  11.5  1.13867e-12
24  0.9  0.0381637
24  0.8  0.0558503
24  1.0  0.0259425
24  1.1  0.0176975
24  1.2  0.0120682
22  11.0  2.40488e-12
24  1.3  0.00825226
24  1.4  0.00567202
24  1.5  0.00391953
22  12.0  5.45748e-13
24  1.6  0.00270609
24  1.7  0.00188231
24  1.8  0.00131586
24  2.0  0.000655725
24  1.9  0.000927167
24  3.0  2.58959e-05
24  2.5  0.000123283
24  3.5  6.36502e-06
24  4.0  1.61087e-06
24  4.5  4.49932e-07
24  5.0  1.35057e-07
24  5.5  4.30825e-08
24  6.0  1.46072e-08
24  8.0  2.90267e-10
24  6.5  5.1337e-09
24  7.0  1.89589e-09
24  7.5  7.27546e-10
24  8.5  1.18638e-10
24  9.0  5.01247e-11
24  9.5  2.16751e-11
24  10.0  9.62536e-12
26  0.2  0.341458
26  0.3  0.267632
24  10.5  4.36869e-12
26  0.4  0.20072
26  0.5  0.145275
26  0.6  0.102409
26  0.7  0.0709035
26  0.8  0.0485846
26  0.9  0.0330808
26  1.0  0.0224292
26  1.1  0.0152339
26  1.2  0.0103585
26  1.3  0.00705541
26  1.5  0.00333144
26  1.4  0.00483093
24  11.5  9.55298e-13
26  1.6  0.00229074
26  1.7  0.00159542
26  1.8  0.00112476
26  1.9  0.000777411
26  2.0  0.000548134
26  2.5  0.000103489
26  3.0  2.29668e-05
24  11.0  2.01453e-12
26  3.5  5.40322e-06
24  12.0  4.55789e-13
26  4.0  1.31482e-06
26  4.5  3.65645e-07
26  5.0  1.09377e-07
26  5.5  3.47733e-08
26  6.0  1.16886e-08
26  6.5  4.12414e-09
26  8.0  2.32131e-10
26  7.0  1.52265e-09
26  8.5  9.4579e-11
26  7.5  5.81749e-10
26  9.5  1.73373e-11
26  9.0  3.98296e-11
28  0.2  0.290892
26  10.0  7.63736e-12
28  0.3  0.226976
28  0.4  0.169224
28  0.5  0.121853
28  0.6  0.0854362
28  0.7  0.0588245
26  10.5  3.46462e-12
28  0.8  0.040089
28  0.9  0.0271219
28  1.0  0.0183449
28  1.1  0.0123553
28  1.2  0.0083595
28  1.3  0.0056787
26  11.0  1.60081e-12
28  1.5  0.00265048
28  1.4  0.00386652
28  1.6  0.00181665
28  1.7  0.00128057
28  1.8  0.000875968
28  1.9  0.000615231
28  2.0  0.000432173
28  2.5  8.05241e-05
28  3.0  1.5726e-05
28  3.5  3.62803e-06
26  11.5  7.53092e-13
26  12.0  3.60697e-13
28  4.0  9.94859e-07
28  4.5  2.753e-07
28  5.0  8.18993e-08
28  5.5  2.59365e-08
28  7.5  4.2997e-10
28  6.0  8.69841e-09
28  6.5  3.05384e-09
28  7.0  1.12206e-09
28  8.0  1.69691e-10
28  10.0  5.58504e-12
28  8.5  6.92839e-11
28  9.0  2.91358e-11
28  9.5  1.26045e-11
28  11.0  1.17054e-12
30  0.2  0.231292
30  0.3  0.179443
30  0.4  0.132917
30  0.5  0.0949087
30  0.6  0.0660207
28  12.0  2.64383e-13
30  0.8  0.0304767
30  0.7  0.0451135
30  0.9  0.0204957
28  10.5  2.52008e-12
30  1.0  0.0137145
30  1.1  0.00921072
30  1.2  0.00619562
30  1.3  0.0041792
30  1.4  0.00282567
30  1.5  0.00193814
30  1.6  0.00132638
30  1.7  0.000914753
30  1.8  0.000630605
30  1.9  0.000440609
30  2.0  0.000307325
30  2.5  5.55444e-05
30  3.0  1.04628e-05
30  3.5  2.64614e-06
28  11.5  5.46438e-13
30  4.0  6.75674e-07
30  4.5  1.85363e-07
30  5.0  5.48509e-08
30  5.5  1.72415e-08
30  6.0  5.79866e-09
30  7.0  7.42772e-10
30  8.0  1.11176e-10
30  6.5  2.01312e-09
30  7.5  2.80324e-10
30  9.0  1.89278e-11
30  8.5  4.50017e-11
30  10.5  1.61886e-12
30  9.5  8.1124e-12
32  0.2  0.16757
32  0.3  0.128952
30  10.0  3.58671e-12
30  11.5  3.51629e-13
32  0.4  0.0946408
32  0.5  0.0668618
32  0.6  0.0459824
32  0.7  0.0311239
32  0.8  0.0208363
32  0.9  0.0138747
30  12.0  1.6885e-13
32  1.0  0.0092064
32  1.1  0.00613576
32  1.2  0.00408634
32  1.3  0.00273711
32  1.4  0.00184114
32  1.5  0.00125576
32  1.6  0.000847878
32  1.7  0.000580354
32  1.8  0.000400941
30  11.0  7.45498e-13
32  1.9  0.000279313
32  2.0  0.000198362
32  2.5  3.37556e-05
32  3.5  1.57092e-06
32  3.0  7.24086e-06
32  5.0  3.17848e-08
32  4.0  3.97027e-07
32  4.5  1.08094e-07
32  5.5  9.88894e-09
32  6.0  3.26911e-09
32  7.5  1.56948e-10
32  6.5  1.13744e-09
32  7.0  4.13745e-10
32  8.0  6.14563e-11
32  8.5  2.48961e-11
32  9.0  1.04094e-11
32  9.5  4.46899e-12
32  10.0  1.96467e-12
34  0.2  0.108951
34  0.3  0.0830246
32  10.5  8.83317e-13
34  0.4  0.060165
34  0.5  0.0419917
34  0.6  0.0285233
34  0.8  0.0125612
34  0.7  0.0190411
34  0.9  0.00828714
34  1.0  0.00545363
32  12.0  9.09107e-14
34  1.1  0.00357739
34  1.3  0.00157968
34  1.2  0.00236751
34  1.4  0.00104853
34  1.5  0.000707104
34  1.6  0.000475571
34  1.7  0.000326046
34  1.8  0.000221045
34  2.0  0.000107455
32  11.0  4.04439e-13
34  1.9  0.000150923
34  2.5  1.85536e-05
34  3.0  3.60815e-06
34  3.5  7.91066e-07
32  11.5  1.89211e-13
34  5.5  4.84211e-09
34  5.0  1.55353e-08
34  4.0  1.99429e-07
34  4.5  5.35637e-08
34  7.5  7.37659e-11
34  6.0  1.57276e-09
34  6.5  5.42293e-10
34  7.0  1.95557e-10
34  8.0  2.86584e-11
34  8.5  1.15541e-11
34  10.0  8.97654e-13
34  9.0  4.79521e-12
34  9.5  2.04509e-12
34  11.5  8.55461e-14
4  0.2  0.542763
4  0.3  0.431036
4  0.4  0.328398
4  0.5  0.24212
4  0.6  0.173894
4  0.7  0.122765
4  0.8  0.0856412
34  10.5  4.01122e-13
4  0.9  0.0593579
4  1.0  0.0410325
4  1.1  0.0282178
4  1.2  0.0194674
4  1.3  0.0134565
4  1.4  0.00940202
4  1.5  0.00650472
34  11.0  1.83177e-13
4  1.6  0.00460231
4  1.7  0.00320599
4  1.9  0.00162997
4  1.8  0.00224249
4  2.0  0.00115774
4  2.5  0.000224087
4  3.0  4.73552e-05
4  3.5  1.1498e-05
34  12.0  4.03838e-14
4  5.0  2.64345e-07
4  4.0  3.06928e-06
4  4.5  8.68808e-07
4  5.5  8.49219e-08
4  6.0  2.88508e-08
4  6.5  1.02932e-08
4  7.0  3.83245e-09
4  7.5  1.47866e-09
4  8.0  5.91121e-10
4  10.0  2.01208e-11
4  8.5  2.43965e-10
4  9.0  1.03274e-10
4  9.5  4.50122e-11
4  11.0  4.22623e-12
6  0.2  0.538523
6  0.3  0.427375
6  0.4  0.325746
4  10.5  9.14144e-12
6  0.5  0.239926
6  0.6  0.172245
6  0.7  0.121599
4  12.0  9.69477e-13
6  0.8  0.0847087
6  0.9  0.0587461
6  1.0  0.0404942
6  1.1  0.0279125
6  1.2  0.019239
6  1.3  0.0133034
6  1.4  0.00922921
6  1.5  0.0064334
6  1.6  0.00452621
6  1.7  0.00316692
6  1.8  0.00221774
6  1.9  0.00160253
6  2.0  0.00112734
6  2.5  0.000220903
6  3.0  4.65648e-05
6  3.5  1.14152e-05
4  11.5  2.00761e-12
6  5.0  2.60151e-07
6  4.0  3.02375e-06
6  4.5  8.55298e-07
6  5.5  8.3561e-08
6  6.0  2.83756e-08
6  7.5  1.45633e-09
6  6.5  1.01202e-08
6  7.0  3.7662e-09
6  8.5  2.42232e-10
6  8.0  5.8096e-10
6  10.0  1.95857e-11
6  9.0  1.01525e-10
6  11.0  4.15225e-12
6  9.5  4.42407e-11
8  0.2  0.532258
8  0.3  0.422369
6  10.5  8.97327e-12
8  0.4  0.321696
8  0.5  0.236831
8  0.6  0.170015
8  0.7  0.119781
8  0.8  0.0835251
8  1.0  0.0400027
8  0.9  0.0578372
8  1.1  0.0274775
8  1.2  0.0189511
8  1.3  0.0130893
8  1.4  0.00907671
8  1.5  0.006311
8  1.7  0.00311169
8  1.6  0.00440942
8  1.8  0.0021837
8  1.9  0.00156217
8  2.0  0.00113264
8  2.5  0.00021516
8  3.0  4.56876e-05
8  3.5  1.10251e-05
6  11.5  1.97145e-12
6  12.0  9.48727e-13
8  4.0  2.95597e-06
8  4.5  8.36335e-07
8  5.0  2.53559e-07
8  5.5  8.16727e-08
8  6.0  2.77052e-08
8  7.5  1.41488e-09
8  6.5  9.87761e-09
8  7.0  3.67727e-09
8  8.0  5.66655e-10
8  8.5  2.33818e-10
8  10.0  1.92925e-11
8  9.0  9.90313e-11
8  9.5  4.31048e-11
8  11.0  4.05324e-12
8  10.5  8.74638e-12
8  11.5  1.9209e-12
8  12.0  9.24756e-13
