# diffractive D0 cross section, Pb target, HymnD fragmentation, An0n channel
# generated      : 2026-08-20 10:20:23 EEST
# calls          : 1e5 (VEGAS calls per point, see CALLS_EXCL/CALLS_EXCL_FACTORIZED/CALLS_DIFF)
# dipole samples : data/Pb/mve/glauber_mve_<b>
# pD0 sweep      : 0.2 0.3 0.4 0.5 0.6 0.7 0.8 0.9 1.0 1.1 1.2 1.3 1.4 1.5 1.6 1.7 1.8 1.9 2.0 2.5 3.0 3.5 4.0 4.5 5.0 5.5 6.0 6.5 7.0 7.5 8.0 8.5 9.0 9.5 10.0 10.5 11.0 11.5 12.0
# fixed rapidity y : 3.0
# ============================================================
# b  pD0  dsigma_dyd2pD0
0  0.2  0.0614401
0  0.4  0.110032
0  0.3  0.0913988
0  0.5  0.116597
0  0.6  0.110645
0  0.7  0.096763
0  0.8  0.0788523
0  1.0  0.049864
0  0.9  0.0626005
0  1.1  0.0373825
0  1.2  0.0284332
0  1.3  0.0213743
0  1.4  0.0165355
0  1.5  0.0122917
0  1.7  0.00713762
0  1.6  0.00928208
0  1.8  0.00532527
0  2.0  0.0030595
0  1.9  0.00405382
0  3.0  0.000250699
0  2.5  0.000854022
0  3.5  8.52401e-05
0  5.5  2.03399e-06
0  4.0  3.05654e-05
0  4.5  1.1681e-05
0  5.0  4.89378e-06
0  6.0  9.49315e-07
0  6.5  4.22586e-07
0  7.0  2.07033e-07
0  7.5  9.81301e-08
0  8.0  4.96817e-08
0  8.5  2.5643e-08
0  9.0  1.33956e-08
0  9.5  7.20837e-09
0  11.0  1.20685e-09
0  10.0  3.88035e-09
10  0.2  0.0608972
10  0.3  0.0895671
10  0.4  0.108516
0  10.5  2.21584e-09
10  0.5  0.113379
10  0.6  0.107954
10  0.7  0.0943336
10  0.8  0.0770093
10  0.9  0.0610062
10  1.0  0.0479213
10  1.1  0.035129
10  1.2  0.0276268
10  1.3  0.0208572
10  1.4  0.0157459
10  1.5  0.0118515
10  1.6  0.00881813
10  1.7  0.00668921
0  12.0  3.85505e-10
10  1.8  0.00508374
10  1.9  0.00388726
10  2.0  0.00294695
0  11.5  6.83512e-10
10  2.5  0.000800635
10  3.0  0.000239719
10  3.5  8.0597e-05
10  4.0  2.88945e-05
10  4.5  1.13784e-05
10  5.0  4.58839e-06
10  5.5  2.02404e-06
10  7.5  9.49517e-08
10  6.0  8.87359e-07
10  6.5  4.12727e-07
10  7.0  1.98194e-07
10  8.0  4.89018e-08
10  8.5  2.43507e-08
10  10.0  3.75826e-09
10  9.0  1.26756e-08
10  9.5  6.96671e-09
12  0.2  0.060654
12  0.3  0.0897648
12  0.4  0.107243
12  0.5  0.113525
10  10.5  2.09209e-09
12  0.6  0.106549
12  0.7  0.0913164
12  0.8  0.075965
10  11.0  1.15748e-09
12  0.9  0.0602768
12  1.0  0.0466747
12  1.1  0.035835
12  1.3  0.0205865
12  1.2  0.0268843
12  1.4  0.0153945
12  1.5  0.011541
12  1.6  0.00862528
12  1.7  0.00654839
12  1.8  0.00497118
12  2.0  0.00288068
12  1.9  0.00374376
10  11.5  6.50552e-10
12  3.0  0.00024135
12  2.5  0.000782727
12  3.5  7.88695e-05
10  12.0  3.60004e-10
12  4.0  2.95271e-05
12  4.5  1.10177e-05
12  5.0  4.48246e-06
12  5.5  1.96727e-06
12  6.0  8.541e-07
12  6.5  4.0786e-07
12  7.0  1.96308e-07
12  7.5  9.50707e-08
12  8.0  4.60863e-08
12  8.5  2.46454e-08
12  10.0  3.68096e-09
12  9.0  1.28761e-08
12  9.5  6.62762e-09
14  0.2  0.0603691
14  0.3  0.0891468
14  0.4  0.106993
14  0.5  0.113409
14  0.6  0.105786
12  10.5  2.03485e-09
14  0.7  0.0916197
14  0.8  0.0749896
14  1.0  0.0453322
14  0.9  0.0588738
14  1.1  0.0353367
14  1.2  0.0267304
12  11.0  1.10622e-09
14  1.3  0.0199219
14  1.4  0.0149528
14  1.5  0.0112704
14  1.6  0.00846138
14  1.7  0.00649128
14  1.8  0.00484708
12  11.5  6.22182e-10
14  1.9  0.00365248
14  2.0  0.00281193
14  2.5  0.000765471
14  3.0  0.000228689
14  3.5  7.76588e-05
12  12.0  3.59524e-10
14  4.0  2.74166e-05
14  4.5  1.09367e-05
14  5.0  4.505e-06
14  5.5  1.92275e-06
14  7.0  1.79314e-07
14  6.0  8.2831e-07
14  6.5  3.9674e-07
14  7.5  9.18965e-08
14  8.0  4.66351e-08
14  9.5  6.47375e-09
14  8.5  2.31159e-08
14  10.5  1.92423e-09
14  9.0  1.23893e-08
14  10.0  3.51058e-09
16  0.2  0.0595594
16  0.3  0.0894696
16  0.4  0.106531
16  0.5  0.110346
16  0.6  0.104253
16  0.7  0.0890768
16  0.8  0.0731175
16  0.9  0.0577517
16  1.0  0.0443417
16  1.1  0.0344059
14  11.0  1.09055e-09
16  1.2  0.0255599
16  1.3  0.0193513
16  1.4  0.0145175
16  1.5  0.0108813
16  1.6  0.00818578
16  1.7  0.00631102
16  1.8  0.00470375
16  1.9  0.00356997
16  2.0  0.00267588
16  2.5  0.000720763
16  3.0  0.000221272
16  3.5  7.62873e-05
14  11.5  6.05083e-10
14  12.0  3.4939e-10
16  4.0  2.66332e-05
16  4.5  1.07861e-05
16  5.0  4.28651e-06
16  5.5  1.76691e-06
16  6.0  7.9628e-07
16  6.5  3.77587e-07
16  7.0  1.80524e-07
16  7.5  9.05172e-08
16  8.0  4.37623e-08
16  9.5  6.45449e-09
16  8.5  2.27425e-08
16  9.0  1.16941e-08
16  10.5  1.85866e-09
16  10.0  3.43756e-09
18  0.2  0.0592774
18  0.3  0.0875319
18  0.4  0.104394
18  0.5  0.108815
18  0.6  0.101538
18  0.7  0.0873448
18  0.8  0.0711284
16  11.0  1.04973e-09
18  0.9  0.0556925
16  12.0  3.34467e-10
18  1.0  0.0431298
18  1.1  0.0327261
18  1.3  0.0185389
18  1.2  0.0248081
18  1.4  0.0139933
18  1.5  0.0104519
18  1.6  0.00802219
18  1.7  0.00598824
18  1.8  0.00448355
18  1.9  0.00342021
18  2.0  0.00260659
18  2.5  0.000715091
16  11.5  5.93402e-10
18  3.0  0.000213734
18  3.5  6.9605e-05
18  4.0  2.60391e-05
18  4.5  1.00215e-05
18  5.0  3.94163e-06
18  5.5  1.72505e-06
18  7.0  1.74673e-07
18  6.0  7.67131e-07
18  6.5  3.63636e-07
18  7.5  8.5251e-08
18  8.0  4.32091e-08
18  9.5  6.03979e-09
18  8.5  2.18011e-08
18  10.5  1.80039e-09
18  9.0  1.14502e-08
18  10.0  3.27572e-09
2  0.2  0.0615122
18  11.0  1.00434e-09
2  0.3  0.0911877
2  0.4  0.110211
2  0.5  0.116626
2  0.6  0.110532
2  0.7  0.0962343
2  0.8  0.0793231
2  1.0  0.0494664
2  0.9  0.0629405
2  1.1  0.037556
2  1.3  0.0215777
2  1.2  0.0289138
2  1.4  0.0164535
2  1.5  0.0123595
2  1.6  0.0093722
2  1.8  0.00537471
2  1.7  0.00701194
2  2.0  0.00307116
2  1.9  0.00400437
2  2.5  0.000827557
2  3.0  0.000248562
2  3.5  8.54797e-05
18  11.5  5.63215e-10
18  12.0  3.23843e-10
2  4.0  3.05733e-05
2  4.5  1.21438e-05
2  5.0  4.9826e-06
2  5.5  2.11097e-06
2  6.0  9.61462e-07
2  7.5  9.82647e-08
2  6.5  4.34677e-07
2  7.0  2.10009e-07
2  8.0  5.13172e-08
2  8.5  2.65533e-08
2  9.0  1.39582e-08
2  9.5  7.26537e-09
2  10.0  3.87303e-09
20  0.2  0.0582894
20  0.3  0.0862391
2  11.0  1.20252e-09
20  0.4  0.102834
20  0.5  0.106959
2  10.5  2.20307e-09
20  0.7  0.0835288
20  0.6  0.0985434
20  0.8  0.0686836
20  1.0  0.0413248
20  0.9  0.05382
20  1.1  0.0320392
20  1.2  0.0238369
20  1.3  0.0176391
20  1.4  0.0132806
20  1.5  0.010291
20  1.6  0.00767574
20  1.7  0.00572557
20  1.8  0.00415094
20  1.9  0.00322026
20  2.0  0.00242656
2  11.5  6.63257e-10
20  2.5  0.000653818
2  12.0  4.01999e-10
20  3.0  0.000204581
20  3.5  6.80126e-05
20  4.0  2.4594e-05
20  4.5  9.1256e-06
20  5.0  3.82442e-06
20  5.5  1.65375e-06
20  7.5  7.68917e-08
20  6.0  7.25125e-07
20  6.5  3.42631e-07
20  7.0  1.65819e-07
20  9.0  1.08348e-08
20  8.0  3.97687e-08
20  8.5  2.06305e-08
20  9.5  5.7208e-09
20  10.5  1.6711e-09
20  10.0  3.21372e-09
20  11.5  5.43687e-10
22  0.2  0.0575561
22  0.3  0.0851614
22  0.4  0.100434
22  0.5  0.103295
22  0.7  0.0807998
22  0.6  0.094374
22  0.9  0.0509439
22  0.8  0.0654887
22  1.0  0.0396036
20  11.0  9.45428e-10
22  1.1  0.0298494
22  1.2  0.0222804
22  1.3  0.0169712
22  1.4  0.0125623
22  1.5  0.00931893
22  1.6  0.00699725
22  1.7  0.00522707
22  1.9  0.00303207
22  1.8  0.0039576
22  2.5  0.000639115
22  2.0  0.0022671
22  3.0  0.000189669
22  3.5  6.37248e-05
20  12.0  3.049e-10
22  4.0  2.30844e-05
22  4.5  8.91967e-06
22  5.0  3.59586e-06
22  5.5  1.54283e-06
22  7.0  1.52456e-07
22  6.0  6.96188e-07
22  6.5  3.23339e-07
22  8.5  1.85619e-08
22  7.5  7.43254e-08
22  8.0  3.75599e-08
22  9.5  5.5763e-09
22  10.0  2.82304e-09
22  10.5  1.58988e-09
22  9.0  1.00652e-08
24  0.2  0.0570075
24  0.3  0.0823191
24  0.4  0.0974683
24  0.5  0.0976696
24  0.6  0.089465
24  0.7  0.0749516
24  0.8  0.0616799
24  0.9  0.0480411
24  1.0  0.0361762
24  1.1  0.0273584
24  1.2  0.0204863
24  1.3  0.0154674
24  1.4  0.011791
22  11.0  8.62867e-10
24  1.5  0.00859564
24  1.6  0.00642552
24  1.7  0.00479838
24  1.8  0.00364355
24  1.9  0.00268874
22  11.5  5.02275e-10
24  2.0  0.0021212
24  3.0  0.000172261
24  2.5  0.000559876
24  3.5  5.68175e-05
22  12.0  2.76481e-10
24  4.0  2.08136e-05
24  4.5  8.10499e-06
24  5.0  3.16079e-06
24  5.5  1.4305e-06
24  7.5  6.915e-08
24  6.0  6.02733e-07
24  6.5  2.93488e-07
24  7.0  1.31443e-07
24  8.5  1.76039e-08
24  9.5  4.74047e-09
24  8.0  3.29412e-08
24  9.0  8.88825e-09
24  10.0  2.5714e-09
26  0.2  0.055127
26  0.3  0.0801442
24  10.5  1.40891e-09
26  0.4  0.0922508
26  0.5  0.0932537
26  0.6  0.0839966
26  0.7  0.0697757
26  0.8  0.0556968
24  12.0  2.52046e-10
26  0.9  0.0430654
26  1.0  0.0325455
26  1.1  0.0247991
26  1.2  0.0184688
26  1.3  0.0138401
26  1.4  0.0101837
26  1.5  0.00770347
26  1.6  0.00561582
24  11.0  8.07592e-10
26  1.8  0.00318741
26  1.7  0.00421459
26  2.0  0.00183004
26  1.9  0.00246028
26  3.0  0.000151331
26  2.5  0.000503203
24  11.5  4.48695e-10
26  3.5  5.05776e-05
26  4.0  1.80666e-05
26  4.5  7.16028e-06
26  5.0  2.94811e-06
26  5.5  1.26023e-06
26  6.0  5.55538e-07
26  6.5  2.56001e-07
26  7.0  1.21527e-07
26  7.5  5.88017e-08
26  8.5  1.52754e-08
26  9.5  4.17802e-09
26  8.0  2.96791e-08
26  9.0  7.83918e-09
26  10.5  1.22943e-09
26  11.5  4.02095e-10
26  10.0  2.41662e-09
28  0.2  0.0530957
28  0.3  0.0754363
28  0.4  0.0865184
28  0.5  0.0849137
28  0.6  0.0746681
28  0.7  0.0610453
28  0.8  0.0494211
28  1.0  0.0286149
28  0.9  0.0375287
28  1.1  0.0213046
28  1.2  0.0159586
28  1.3  0.0119787
28  1.4  0.00868878
26  11.0  7.08006e-10
28  1.5  0.00646312
28  1.6  0.00482312
28  1.8  0.00278767
28  1.7  0.00359611
28  1.9  0.00203319
28  2.0  0.0015638
28  2.5  0.000410468
28  3.5  4.13426e-05
28  3.0  0.000127117
26  12.0  2.31893e-10
28  4.0  1.55486e-05
28  4.5  5.97813e-06
28  5.0  2.31538e-06
28  5.5  9.86444e-07
28  6.0  4.69311e-07
28  7.5  4.99952e-08
28  6.5  2.05802e-07
28  7.0  1.02872e-07
28  8.0  2.56081e-08
28  9.5  3.62286e-09
28  8.5  1.29612e-08
28  9.0  6.5696e-09
28  10.0  1.98911e-09
30  0.2  0.0494102
30  0.3  0.0693036
28  10.5  1.06766e-09
30  0.4  0.0769995
30  0.5  0.0737741
30  0.6  0.0630819
30  0.7  0.0513363
28  12.0  1.92248e-10
30  0.8  0.0405144
30  0.9  0.0311805
30  1.0  0.0234112
30  1.2  0.0130127
30  1.1  0.017384
28  11.0  5.88827e-10
30  1.3  0.00958823
30  1.4  0.00699516
30  1.5  0.00517244
30  1.7  0.00283981
30  1.6  0.00383615
30  1.9  0.00162562
30  1.8  0.00217965
30  2.0  0.00123851
30  2.5  0.000330693
28  11.5  3.35056e-10
30  3.0  0.000100664
30  3.5  3.40351e-05
30  4.0  1.17445e-05
30  4.5  4.48396e-06
30  5.0  1.88054e-06
30  5.5  8.04636e-07
30  6.0  3.75115e-07
30  7.0  7.77468e-08
30  7.5  3.9249e-08
30  6.5  1.63994e-07
30  8.0  1.99433e-08
30  8.5  1.01462e-08
30  10.0  1.53351e-09
30  9.0  5.28115e-09
30  9.5  2.8191e-09
32  0.2  0.0447938
32  0.3  0.0606287
30  10.5  8.22924e-10
32  0.4  0.0639163
32  0.5  0.0585051
30  11.5  2.66168e-10
32  0.6  0.049718
32  0.7  0.0397376
32  0.8  0.0305861
30  11.0  4.74342e-10
32  0.9  0.0232427
32  1.0  0.0172285
32  1.1  0.0128976
32  1.2  0.00926872
32  1.3  0.00715794
32  1.4  0.00503988
32  1.5  0.00380344
30  12.0  1.46901e-10
32  1.6  0.00281167
32  1.7  0.00209186
32  1.8  0.00157263
32  2.5  0.000223082
32  1.9  0.00115709
32  2.0  0.000882167
32  3.0  7.3001e-05
32  3.5  2.41345e-05
32  4.0  8.23139e-06
32  4.5  3.25591e-06
32  5.0  1.33111e-06
32  5.5  5.66579e-07
32  6.0  2.53809e-07
32  6.5  1.16594e-07
32  7.0  5.50025e-08
32  8.0  1.31639e-08
32  7.5  2.81159e-08
32  9.0  3.74337e-09
32  8.5  7.23361e-09
32  9.5  1.86258e-09
32  10.5  5.96194e-10
32  10.0  1.08979e-09
4  0.2  0.0611804
32  11.5  1.91737e-10
4  0.3  0.0909083
4  0.4  0.11044
32  11.0  3.26476e-10
4  0.5  0.116991
4  0.6  0.11032
4  0.7  0.0963055
4  0.8  0.0789813
4  0.9  0.0624298
4  1.0  0.0488251
4  1.1  0.0371935
4  1.2  0.0283948
4  1.3  0.0214603
4  1.4  0.0161867
4  1.5  0.0123072
4  1.6  0.00940005
4  1.7  0.00679611
4  1.8  0.00527036
4  1.9  0.00397425
4  2.0  0.00302847
4  2.5  0.000821362
4  3.5  8.36265e-05
4  3.0  0.000249098
32  12.0  1.06115e-10
4  4.0  3.0679e-05
4  4.5  1.17256e-05
4  5.0  4.93058e-06
4  5.5  2.12013e-06
4  6.0  9.33303e-07
4  6.5  4.21206e-07
4  7.0  2.06403e-07
4  7.5  1.00243e-07
4  8.0  5.02837e-08
4  8.5  2.62227e-08
4  9.0  1.36958e-08
4  10.0  3.9469e-09
4  9.5  7.27494e-09
6  0.2  0.0610849
4  11.5  6.73062e-10
6  0.3  0.0904366
6  0.4  0.109756
6  0.5  0.115922
6  0.6  0.110327
4  10.5  2.11522e-09
6  0.7  0.0951915
6  0.8  0.0783156
6  0.9  0.0622721
6  1.0  0.0482747
6  1.1  0.0375455
6  1.3  0.0213524
6  1.2  0.0283239
6  1.5  0.0121331
6  1.4  0.0161398
6  1.7  0.00694295
6  1.6  0.00916135
6  1.8  0.00532995
4  11.0  1.18269e-09
6  1.9  0.00397083
6  2.0  0.00300359
6  2.5  0.000821361
6  3.0  0.000248024
6  3.5  8.40183e-05
4  12.0  3.81911e-10
6  5.5  2.00448e-06
6  4.0  3.06252e-05
6  4.5  1.19851e-05
6  5.0  4.92703e-06
6  6.0  9.31573e-07
6  7.5  9.7143e-08
6  6.5  4.22364e-07
6  7.0  2.04785e-07
6  8.0  4.8998e-08
6  8.5  2.60351e-08
6  10.0  3.87348e-09
6  9.0  1.34311e-08
6  9.5  7.42558e-09
8  0.2  0.0610677
8  0.3  0.0904855
6  10.5  2.10214e-09
8  0.4  0.109157
8  0.5  0.115853
8  0.6  0.109077
8  0.7  0.0954315
8  0.8  0.0779821
8  0.9  0.061417
8  1.0  0.0481463
8  1.1  0.0369416
8  1.3  0.02099
8  1.2  0.027977
6  11.0  1.18586e-09
8  1.4  0.0159856
8  1.5  0.0121359
8  1.6  0.00890935
8  1.7  0.00684609
8  1.8  0.00512987
8  2.0  0.00296067
8  1.9  0.00393006
6  12.0  3.84944e-10
8  3.0  0.000246815
8  2.5  0.000809077
6  11.5  6.61332e-10
8  3.5  8.27403e-05
8  5.5  1.99513e-06
8  4.0  3.05027e-05
8  4.5  1.18178e-05
8  5.0  4.54689e-06
8  6.0  9.06443e-07
8  6.5  4.17052e-07
8  7.0  2.01485e-07
8  7.5  9.54577e-08
8  8.0  5.02194e-08
8  10.0  3.81531e-09
8  8.5  2.5416e-08
8  9.0  1.33371e-08
8  9.5  7.04734e-09
8  10.5  2.09461e-09
8  11.0  1.1884e-09
8  11.5  6.66275e-10
8  12.0  3.76667e-10
