# exclusive D0 cross section, Pb target, LHAPDF fragmentation, An0n channel
# generated      : 2026-08-20 10:20:43 EEST
# calls          : 1e5 below 4.0 GeV, 2e3 above (see EXCL_PT_THRESHOLD) (VEGAS calls per point, see CALLS_EXCL/CALLS_EXCL_FACTORIZED/CALLS_DIFF)
# dipole samples : data/Pb/mve/glauber_mve_<b>
# pD0 sweep      : 0.2 0.3 0.4 0.5 0.6 0.7 0.8 0.9 1.0 1.1 1.2 1.3 1.4 1.5 1.6 1.7 1.8 1.9 2.0 2.5 3.0 3.5 4.0 4.5 5.0 5.5 6.0 6.5 7.0 7.5 8.0 8.5 9.0 9.5 10.0 10.5 11.0 11.5 12.0
# fixed rapidity y : 2.0
# ============================================================
# b  pD0  dsigma_dyd2pD0
0  0.5  0.833147
0  0.2  1.75823
0  0.3  1.42067
0  0.4  1.10531
0  0.6  0.612399
0  0.7  0.442662
0  0.9  0.225496
0  0.8  0.31689
0  1.2  0.0808042
0  1.0  0.159904
0  1.4  0.0411422
0  1.1  0.11327
0  1.5  0.0296044
0  1.3  0.0573146
0  1.6  0.0213806
0  1.7  0.0156936
0  1.8  0.0115149
0  1.9  0.00819755
0  2.0  0.00607664
0  3.0  0.000389253
0  2.5  0.00143983
0  3.5  9.91882e-05
0  4.0  3.41325e-05
0  4.5  1.17246e-05
0  5.0  4.31297e-06
0  5.5  1.69768e-06
0  6.0  7.01701e-07
0  6.5  3.04468e-07
0  7.0  1.37956e-07
0  7.5  6.49371e-08
0  8.0  3.16061e-08
0  8.5  1.58858e-08
0  9.5  4.34527e-09
0  10.5  1.31568e-09
0  9.0  8.19684e-09
10  0.2  1.68007
0  10.0  2.35342e-09
10  0.3  1.35661
10  0.4  1.05312
10  0.5  0.791661
10  0.6  0.58091
10  0.7  0.419325
10  0.8  0.299774
10  0.9  0.211841
10  1.0  0.150496
10  1.1  0.106367
10  1.2  0.0755015
10  1.5  0.0278255
10  1.3  0.0537677
10  1.4  0.0382966
10  1.6  0.0201623
10  1.7  0.0146786
10  1.8  0.0107713
10  1.9  0.00781473
10  2.5  0.00128997
10  2.0  0.00562255
0  11.0  7.38544e-10
10  3.0  0.000361125
10  3.5  8.64064e-05
0  12.0  2.49766e-10
0  11.5  4.25335e-10
10  4.0  3.14462e-05
10  4.5  1.0789e-05
10  5.0  3.95758e-06
10  5.5  1.55553e-06
10  6.0  6.42228e-07
10  6.5  2.78489e-07
10  7.0  1.26206e-07
10  7.5  5.92808e-08
10  8.0  2.8811e-08
10  8.5  1.44885e-08
10  10.5  1.18778e-09
10  9.0  7.46973e-09
10  9.5  3.96009e-09
12  0.2  1.64439
10  10.0  2.14361e-09
12  0.3  1.32677
12  0.5  0.773124
12  0.4  1.02884
12  0.6  0.566391
12  0.7  0.408466
12  0.8  0.291581
12  0.9  0.206325
12  1.0  0.146031
12  1.1  0.103223
12  1.2  0.0732876
12  1.3  0.0521346
12  1.4  0.0370697
12  1.5  0.0265823
12  1.6  0.019201
12  1.7  0.0142485
12  1.8  0.0104366
10  11.0  6.72025e-10
12  1.9  0.00738688
12  2.0  0.00544397
12  3.0  0.000341806
12  2.5  0.00125828
10  12.0  2.27083e-10
12  3.5  8.46505e-05
10  11.5  3.87063e-10
12  4.0  3.02396e-05
12  4.5  1.03457e-05
12  5.0  3.79927e-06
12  5.5  1.48849e-06
12  6.0  6.15721e-07
12  6.5  2.67129e-07
12  7.0  1.20909e-07
12  7.5  5.67496e-08
12  8.0  2.76241e-08
12  8.5  1.38622e-08
12  10.5  1.13648e-09
12  9.0  7.15266e-09
12  9.5  3.78853e-09
14  0.2  1.59917
12  10.0  2.0505e-09
14  0.3  1.28863
14  0.4  0.999456
12  11.0  6.47043e-10
14  0.5  0.74942
14  0.6  0.54902
14  0.7  0.39548
14  0.8  0.281867
14  0.9  0.199856
14  1.0  0.140636
14  1.1  0.0995893
14  1.2  0.0705176
14  1.4  0.035802
14  1.3  0.0501243
14  1.6  0.0187891
14  1.5  0.0256199
14  1.7  0.0132336
14  1.8  0.00987105
14  1.9  0.00706974
14  2.0  0.00524623
14  3.0  0.000294569
14  2.5  0.00121171
14  3.5  8.32823e-05
12  11.5  3.69567e-10
12  12.0  2.16313e-10
14  4.0  2.863e-05
14  4.5  9.83053e-06
14  5.0  3.60656e-06
14  5.5  1.41611e-06
14  6.0  5.84082e-07
14  6.5  2.53393e-07
14  7.0  1.14577e-07
14  7.5  5.37417e-08
14  8.0  2.61619e-08
14  8.5  1.31182e-08
14  9.0  6.77063e-09
14  9.5  3.58321e-09
14  10.0  1.9407e-09
16  0.2  1.54629
16  0.3  1.24406
14  10.5  1.07459e-09
16  0.4  0.963232
16  0.5  0.721718
16  0.6  0.527761
16  0.7  0.379603
16  0.8  0.270125
16  0.9  0.19131
16  1.0  0.134839
16  1.1  0.0950254
16  1.2  0.0672865
16  1.3  0.0476911
14  11.0  6.0733e-10
16  1.4  0.0342046
16  1.5  0.0242851
16  1.6  0.0178589
16  1.7  0.0129763
16  1.8  0.00922297
16  1.9  0.00679503
16  2.0  0.00495771
16  2.5  0.00114197
16  3.0  0.000317768
16  3.5  9.29708e-05
14  11.5  3.49237e-10
14  12.0  2.04404e-10
16  4.5  9.24573e-06
16  4.0  2.69739e-05
16  5.0  3.39016e-06
16  5.5  1.32655e-06
16  6.0  5.47064e-07
16  6.5  2.3706e-07
16  7.0  1.07178e-07
16  7.5  5.02507e-08
16  8.0  2.44354e-08
16  8.5  1.22469e-08
16  9.0  6.32206e-09
16  9.5  3.34616e-09
16  10.0  1.81002e-09
18  0.2  1.48074
18  0.3  1.19043
16  10.5  1.00325e-09
18  0.4  0.92038
18  0.5  0.688199
18  0.6  0.502349
18  0.8  0.256051
18  0.7  0.360695
18  0.9  0.180858
18  1.0  0.127509
18  1.1  0.0897166
18  1.2  0.0634741
16  11.0  5.66187e-10
18  1.3  0.0450089
18  1.5  0.02297
18  1.4  0.031996
18  1.7  0.0119678
18  1.6  0.0163609
18  1.8  0.00856516
18  1.9  0.00624113
18  2.0  0.00468084
18  2.5  0.00106106
18  3.5  8.64177e-05
18  3.0  0.000277229
16  11.5  3.25929e-10
16  12.0  1.90695e-10
18  4.0  2.49794e-05
18  4.5  8.53211e-06
18  5.0  3.1322e-06
18  5.5  1.22342e-06
18  6.0  5.04356e-07
18  6.5  2.17881e-07
18  7.0  9.85497e-08
18  7.5  4.62421e-08
18  8.0  2.24404e-08
18  9.5  3.07492e-09
18  8.5  1.12606e-08
18  10.0  1.67738e-09
18  9.0  5.80813e-09
18  10.5  9.21768e-10
2  0.2  1.75572
2  0.3  1.41648
2  0.4  1.10406
2  0.5  0.830996
2  0.6  0.611171
2  0.7  0.441762
2  0.8  0.316311
2  0.9  0.224575
2  1.0  0.15954
2  1.1  0.112893
2  1.2  0.0804285
18  11.0  5.19349e-10
2  1.4  0.0410563
2  1.3  0.0572451
2  1.6  0.0215591
2  1.5  0.0292972
2  1.7  0.0152517
2  1.8  0.0114845
2  2.0  0.00606105
2  1.9  0.00818303
2  2.5  0.00144176
2  3.5  0.000121575
2  3.0  0.000353561
18  11.5  2.98619e-10
18  12.0  1.74639e-10
2  4.0  3.40255e-05
2  4.5  1.16861e-05
2  5.0  4.29871e-06
2  5.5  1.6919e-06
2  6.0  6.99352e-07
2  6.5  3.03437e-07
2  7.0  1.37489e-07
2  7.5  6.47243e-08
2  8.0  3.14866e-08
2  8.5  1.58301e-08
2  10.5  1.31093e-09
2  9.0  8.16783e-09
2  9.5  4.32853e-09
20  0.2  1.40292
2  10.0  2.34471e-09
20  0.3  1.12651
20  0.4  0.868662
20  0.5  0.648507
20  0.6  0.47198
20  0.7  0.33828
20  0.8  0.239625
20  0.9  0.168724
20  1.0  0.118804
20  1.1  0.0833827
20  1.2  0.0589108
20  1.3  0.0416717
20  1.4  0.0295828
20  1.5  0.0212278
20  1.6  0.0154744
20  1.7  0.0108758
20  1.8  0.00794433
2  11.0  7.35949e-10
20  1.9  0.00577499
20  2.0  0.00430899
20  2.5  0.0010009
20  3.5  7.48602e-05
20  3.0  0.000265545
2  12.0  2.48863e-10
2  11.5  4.23766e-10
20  4.0  2.27256e-05
20  4.5  7.72989e-06
20  5.0  2.83143e-06
20  6.5  1.97867e-07
20  5.5  1.10668e-06
20  6.0  4.55638e-07
20  7.0  8.89282e-08
20  7.5  4.16944e-08
20  8.0  2.0216e-08
20  8.5  1.01293e-08
20  10.5  8.31737e-10
20  9.0  5.22567e-09
20  9.5  2.76019e-09
20  11.0  4.71074e-10
20  10.0  1.49392e-09
22  0.2  1.30782
22  0.3  1.04789
22  0.4  0.806538
22  0.5  0.600316
22  0.6  0.436085
22  0.7  0.311491
22  0.8  0.220095
22  0.9  0.154672
22  1.0  0.108507
22  1.1  0.0761661
22  1.3  0.0379864
22  1.2  0.0538788
22  1.4  0.0271099
22  1.5  0.0191434
22  1.6  0.0137789
22  1.7  0.00995262
22  1.8  0.00711026
22  1.9  0.00515376
22  2.0  0.00376813
22  2.5  0.000878198
22  3.0  0.000200945
22  3.5  6.07424e-05
20  11.5  2.6799e-10
20  12.0  1.56541e-10
22  5.5  9.83254e-07
22  4.0  2.00816e-05
22  4.5  6.83708e-06
22  5.0  2.49742e-06
22  6.0  3.97283e-07
22  6.5  1.72979e-07
22  7.0  7.78949e-08
22  7.5  3.65079e-08
22  8.0  1.76898e-08
22  8.5  8.86181e-09
22  9.0  4.57666e-09
22  9.5  2.4103e-09
22  10.0  1.30296e-09
24  0.2  1.19244
22  11.0  4.06872e-10
22  10.5  7.205e-10
24  0.3  0.952887
24  0.4  0.731225
24  0.5  0.542678
24  0.6  0.392685
24  0.7  0.279475
24  0.8  0.196761
24  0.9  0.137927
24  1.0  0.0963271
24  1.1  0.0673764
24  1.2  0.0474451
24  1.3  0.0333219
24  1.4  0.02371
24  1.5  0.0168343
24  1.6  0.0121726
24  1.7  0.00882135
24  1.8  0.0061785
24  1.9  0.00450703
24  2.0  0.00330064
24  2.5  0.000761577
24  3.0  0.000191599
24  3.5  5.26056e-05
22  11.5  2.33191e-10
22  12.0  1.36336e-10
24  5.0  2.12481e-06
24  4.0  1.71112e-05
24  4.5  5.81343e-06
24  5.5  8.25395e-07
24  6.0  3.38288e-07
24  6.5  1.45833e-07
24  7.0  6.57002e-08
24  8.5  7.46835e-09
24  7.5  3.05767e-08
24  8.0  1.48651e-08
24  9.0  3.82561e-09
24  9.5  2.01972e-09
24  10.0  1.08909e-09
24  11.5  1.95833e-10
24  10.5  6.01906e-10
26  0.2  1.05224
26  0.3  0.837894
26  0.4  0.640348
26  0.5  0.472825
26  0.6  0.340553
26  0.7  0.240981
26  0.8  0.169054
24  11.0  3.39183e-10
26  0.9  0.117891
26  1.0  0.0820297
26  1.1  0.0572198
26  1.2  0.040029
26  1.3  0.0281101
26  1.5  0.0140538
26  1.4  0.0198104
26  1.6  0.00996756
26  1.7  0.0072138
26  1.9  0.0038464
26  1.8  0.00515221
26  2.0  0.00274392
26  2.5  0.000583892
26  3.0  0.000150045
26  3.5  5.15304e-05
24  12.0  1.13733e-10
26  4.0  1.38514e-05
26  4.5  4.67981e-06
26  5.0  1.70386e-06
26  5.5  6.59064e-07
26  6.0  2.70298e-07
26  6.5  1.16218e-07
26  7.0  5.22133e-08
26  7.5  2.43953e-08
26  8.5  5.90194e-09
26  8.0  1.17915e-08
26  9.0  3.02235e-09
26  9.5  1.59265e-09
26  10.0  8.58724e-10
28  0.2  0.882387
28  0.3  0.699313
28  0.4  0.531435
28  0.5  0.390089
26  10.5  4.73759e-10
28  0.6  0.279174
28  0.7  0.196502
28  0.8  0.136929
28  0.9  0.0952157
28  1.0  0.0657993
28  1.1  0.0455462
28  1.2  0.0318221
26  11.0  2.66839e-10
28  1.3  0.0221797
28  1.4  0.0156177
28  1.5  0.0110701
28  1.6  0.00797822
28  1.7  0.00571678
28  1.8  0.00402195
28  1.9  0.00291128
28  2.0  0.00211724
28  2.5  0.000474364
28  3.0  0.000127728
28  3.5  3.23444e-05
26  11.5  1.53026e-10
26  12.0  8.92872e-11
28  4.0  1.03329e-05
28  4.5  3.47748e-06
28  5.0  1.26005e-06
28  5.5  4.87292e-07
28  6.0  1.98771e-07
28  6.5  8.52818e-08
28  7.5  1.78247e-08
28  7.0  3.81503e-08
28  8.5  4.28298e-09
28  8.0  8.57323e-09
28  10.0  6.22181e-10
28  9.0  2.18914e-09
28  9.5  1.15077e-09
28  11.0  1.92762e-10
30  0.2  0.686378
30  0.3  0.541069
30  0.4  0.407743
30  0.5  0.297104
28  10.5  3.41412e-10
30  0.6  0.210551
30  0.7  0.146898
30  0.8  0.101585
30  0.9  0.0698311
30  1.0  0.0480764
30  1.1  0.0331529
30  1.3  0.0159554
30  1.2  0.0228885
30  1.4  0.0111558
30  1.5  0.00779058
30  1.6  0.00560349
30  1.7  0.00392553
30  1.8  0.00287253
30  1.9  0.00203188
30  2.0  0.001487
30  2.5  0.000305006
30  3.0  8.11262e-05
30  3.5  2.04217e-05
28  11.5  1.09824e-10
28  12.0  6.40434e-11
30  4.5  2.29964e-06
30  4.0  6.85886e-06
30  5.0  8.27764e-07
30  5.5  3.17875e-07
30  6.0  1.29411e-07
30  6.5  5.51414e-08
30  7.0  2.46429e-08
30  7.5  1.14327e-08
30  8.0  5.49876e-09
30  10.0  3.96451e-10
30  8.5  2.73295e-09
30  9.0  1.39638e-09
30  9.5  7.32016e-10
32  0.2  0.481219
32  0.3  0.376452
32  0.4  0.28082
30  10.5  2.16361e-10
32  0.5  0.202093
32  0.6  0.141602
32  0.7  0.0979048
32  0.8  0.0670959
32  0.9  0.0456037
32  1.0  0.0310826
32  1.1  0.0212218
32  1.2  0.0145771
30  11.0  1.21343e-10
32  1.3  0.0100913
32  1.4  0.00697676
32  1.5  0.00485925
32  1.6  0.00339987
32  1.7  0.00249624
32  1.9  0.00125601
32  1.8  0.00173225
30  11.5  6.93579e-11
32  2.0  0.000896521
32  2.5  0.00018375
32  3.0  4.85373e-05
32  3.5  1.41847e-05
30  12.0  4.03294e-11
32  4.0  3.93345e-06
32  4.5  1.30361e-06
32  5.0  4.66099e-07
32  5.5  1.77686e-07
32  6.0  7.17441e-08
32  6.5  3.04894e-08
32  7.0  1.35322e-08
32  7.5  6.25676e-09
32  8.0  2.99662e-09
32  8.5  1.48088e-09
32  9.0  7.54155e-10
32  9.5  3.94415e-10
32  10.0  2.11185e-10
4  0.2  1.74637
4  0.3  1.41061
4  0.4  1.09746
32  10.5  1.1572e-10
4  0.5  0.826398
4  0.6  0.607396
4  0.7  0.439098
4  0.8  0.314348
4  0.9  0.223407
4  1.1  0.111953
4  1.0  0.158331
32  11.0  6.47186e-11
4  1.3  0.0568054
4  1.2  0.0796778
4  1.4  0.0407953
4  1.5  0.0290645
4  1.6  0.0209966
4  1.7  0.0155592
4  1.8  0.0113794
4  1.9  0.00818706
4  3.0  0.000349369
4  2.0  0.00595208
4  2.5  0.00140589
4  3.5  0.000121745
32  11.5  3.68945e-11
32  12.0  2.14139e-11
4  4.0  3.36882e-05
4  4.5  1.15717e-05
4  5.0  4.25604e-06
4  5.5  1.67488e-06
4  6.0  6.92286e-07
4  6.5  3.00331e-07
4  7.0  1.36088e-07
4  7.5  6.3997e-08
4  8.0  3.11465e-08
4  8.5  1.56625e-08
4  10.5  1.29447e-09
4  9.0  8.08024e-09
4  9.5  4.24093e-09
4  10.0  2.3193e-09
6  0.2  1.7312
6  0.3  1.39768
6  0.4  1.08707
6  0.5  0.818269
6  0.6  0.601197
6  0.7  0.434505
6  0.8  0.310438
6  0.9  0.220378
6  1.1  0.110622
6  1.0  0.156336
6  1.2  0.0791016
6  1.3  0.0562364
6  1.4  0.0400678
6  1.5  0.0286874
6  1.6  0.0206214
6  1.7  0.0150088
6  1.8  0.0112082
4  11.0  7.28056e-10
6  1.9  0.00821267
6  2.5  0.0013971
6  2.0  0.00589905
6  3.0  0.000345924
4  12.0  2.46249e-10
6  3.5  9.21381e-05
4  11.5  4.19481e-10
6  4.0  3.31978e-05
6  4.5  1.13829e-05
6  5.0  4.1846e-06
6  5.5  1.64607e-06
6  6.0  6.80433e-07
6  6.5  2.95175e-07
6  7.0  1.33748e-07
6  7.5  6.28739e-08
6  8.0  3.05909e-08
6  8.5  1.53837e-08
6  10.5  1.26815e-09
6  9.0  7.93802e-09
6  9.5  4.19578e-09
6  10.0  2.27727e-09
8  0.2  1.70896
8  0.3  1.37984
8  0.4  1.07223
8  0.5  0.806636
8  0.6  0.592388
8  0.7  0.427862
8  0.8  0.305723
8  0.9  0.217254
8  1.0  0.153744
8  1.1  0.108912
8  1.2  0.0775865
8  1.4  0.0393655
8  1.3  0.0552353
8  1.5  0.0281472
8  1.6  0.0202635
8  1.7  0.0148783
8  1.8  0.01083
8  1.9  0.00804334
6  11.0  7.14792e-10
8  3.0  0.000377661
8  2.0  0.00581843
6  12.0  2.41697e-10
8  2.5  0.00136357
8  3.5  9.45905e-05
6  11.5  4.11281e-10
8  4.0  3.23792e-05
8  4.5  1.11332e-05
8  5.0  4.08504e-06
8  5.5  1.60624e-06
8  6.0  6.63741e-07
8  6.5  2.87964e-07
8  7.0  1.3044e-07
8  7.5  6.13153e-08
8  8.0  2.98103e-08
8  8.5  1.4998e-08
8  10.5  1.23012e-09
8  9.0  7.73562e-09
8  9.5  4.09955e-09
8  10.0  2.21908e-09
8  11.0  6.95957e-10
8  12.0  2.35227e-10
8  11.5  4.00783e-10
