# exclusive D0 cross section, Pb target, LHAPDF fragmentation, An0n channel
# generated      : 2026-08-24 16:54:18 EEST
# calls          : 1e5 below 4.0 GeV, 2e3 above (see EXCL_PT_THRESHOLD) (VEGAS calls per point, see CALLS_EXCL/CALLS_EXCL_FACTORIZED/CALLS_DIFF)
# dipole samples : data/Pb/mve/glauber_mve_<b>
# pD0 sweep      : 0.2 0.3 0.4 0.5 0.6 0.7 0.8 0.9 1.0 1.1 1.2 1.3 1.4 1.5 1.6 1.7 1.8 1.9 2.0 2.5 3.0 3.5 4.0 4.5 5.0 5.5 6.0 6.5 7.0 7.5 8.0 8.5 9.0 9.5 10.0 10.5 11.0 11.5 12.0
# fixed rapidity y : 1.5
# ============================================================
# b  pD0  dsigma_dyd2pD0
0  0.2  2.98651
0  0.3  2.1337
0  0.4  1.5347
0  0.5  1.0945
0  0.6  0.777055
0  0.7  0.547788
0  0.8  0.385078
0  0.9  0.270945
0  1.0  0.19111
0  1.1  0.135152
0  1.2  0.0968776
0  1.3  0.0682805
0  1.4  0.0500407
0  1.5  0.0361891
0  1.6  0.0267175
0  1.7  0.0189377
0  1.8  0.0140824
0  1.9  0.0103828
0  2.0  0.00780462
0  2.5  0.00187847
0  3.0  0.000528802
0  3.5  0.000120367
0  4.0  5.34733e-05
0  4.5  1.93747e-05
0  5.0  7.5392e-06
0  5.5  3.10877e-06
0  6.0  1.35944e-06
0  6.5  6.22436e-07
0  7.0  2.96468e-07
0  7.5  1.46845e-07
0  8.0  7.54933e-08
0  8.5  4.0011e-08
0  9.0  2.1694e-08
0  9.5  1.21073e-08
0  10.0  6.91941e-09
0  10.5  4.03827e-09
0  11.0  2.39914e-09
0  11.5  1.45269e-09
0  12.0  9.00015e-10
10  0.2  2.84579
10  0.3  2.02797
10  0.4  1.4555
10  0.5  1.03723
10  0.6  0.734247
10  0.7  0.517315
10  0.8  0.363336
10  0.9  0.254779
10  1.0  0.180342
10  1.1  0.126705
10  1.2  0.0902866
10  1.3  0.0651234
10  1.4  0.0456836
10  1.5  0.0336821
10  1.6  0.0247536
10  1.7  0.0174953
10  1.8  0.0130773
10  1.9  0.00971182
10  2.0  0.0072444
10  2.5  0.00176491
10  3.0  0.000411898
10  3.5  0.000186852
10  4.0  4.91069e-05
10  4.5  1.77532e-05
10  5.0  6.87195e-06
10  5.5  2.84438e-06
10  6.0  1.24292e-06
10  6.5  5.6902e-07
10  7.0  2.70877e-07
10  7.5  1.3381e-07
10  8.0  6.89188e-08
10  8.5  3.64739e-08
10  9.0  1.97633e-08
10  9.5  1.10715e-08
10  10.0  6.29158e-09
10  10.5  3.6745e-09
10  11.0  2.1824e-09
10  11.5  1.32003e-09
10  12.0  8.17969e-10
12  0.2  2.77957
12  0.3  1.98139
12  0.4  1.4218
12  0.5  1.0101
12  0.6  0.715075
12  0.7  0.503239
12  0.8  0.353452
12  0.9  0.2479
12  1.0  0.174151
12  1.1  0.123377
12  1.2  0.0869578
12  1.3  0.0618725
12  1.4  0.0442011
12  1.5  0.0318332
12  1.6  0.0236204
12  1.7  0.01692
12  1.8  0.0125503
12  1.9  0.009249
12  2.0  0.00682656
12  2.5  0.00171318
12  3.0  0.00044566
12  3.5  0.00013268
12  4.0  4.70986e-05
12  4.5  1.69967e-05
12  5.0  6.58468e-06
12  5.5  2.7262e-06
12  6.0  1.1913e-06
12  6.5  5.44503e-07
12  7.0  2.59406e-07
12  7.5  1.28069e-07
12  8.0  6.5831e-08
12  8.5  3.4892e-08
12  9.0  1.89044e-08
12  9.5  1.05305e-08
12  10.0  6.00609e-09
12  10.5  3.50554e-09
12  11.0  2.08452e-09
12  11.5  1.26091e-09
12  12.0  7.81333e-10
14  0.2  2.69823
14  0.3  1.9219
14  0.4  1.37697
14  0.5  0.979615
14  0.6  0.690291
14  0.7  0.48574
14  0.8  0.340339
14  0.9  0.239118
14  1.0  0.167893
14  1.1  0.117936
14  1.2  0.0835843
14  1.3  0.0593773
14  1.4  0.0424558
14  1.5  0.0309413
14  1.6  0.0225113
14  1.7  0.0160519
14  1.8  0.0120532
14  1.9  0.00908842
14  2.0  0.00661368
14  2.5  0.00160929
14  3.0  0.000455281
14  3.5  0.000141034
14  4.0  4.47092e-05
14  4.5  1.61452e-05
14  5.0  6.25715e-06
14  5.5  2.57588e-06
14  6.0  1.12826e-06
14  6.5  5.15899e-07
14  7.0  2.45945e-07
14  7.5  1.21301e-07
14  8.0  6.26117e-08
14  8.5  3.29128e-08
14  9.0  1.7893e-08
14  9.5  9.95535e-09
14  10.0  5.6997e-09
14  10.5  3.32292e-09
14  11.0  1.97567e-09
14  11.5  1.19181e-09
14  12.0  7.37102e-10
16  0.2  2.60128
16  0.3  1.84898
16  0.4  1.32371
16  0.5  0.941274
16  0.6  0.663267
16  0.7  0.46515
16  0.8  0.326023
16  0.9  0.228775
16  1.0  0.160001
16  1.1  0.112638
16  1.2  0.079644
16  1.3  0.0571738
16  1.4  0.04027
16  1.5  0.0289109
16  1.6  0.0213403
16  1.7  0.015674
16  1.8  0.0113604
16  1.9  0.00843725
16  2.0  0.00611478
16  2.5  0.00149719
16  3.0  0.000359482
16  3.5  0.000140573
16  4.0  4.18376e-05
16  4.5  1.51365e-05
16  5.0  5.85455e-06
16  5.5  2.419e-06
16  6.0  1.05561e-06
16  6.5  4.81884e-07
16  7.0  2.29565e-07
16  7.5  1.13638e-07
16  8.0  5.83488e-08
16  8.5  3.07037e-08
16  9.0  1.66735e-08
16  9.5  9.32979e-09
16  10.0  5.29451e-09
16  10.5  3.09647e-09
16  11.0  1.84284e-09
16  11.5  1.1108e-09
16  12.0  6.86702e-10
18  0.2  2.48327
18  0.3  1.76572
18  0.4  1.25842
18  0.5  0.895196
18  0.6  0.629833
18  0.7  0.440817
18  0.8  0.308701
18  0.9  0.215575
18  1.0  0.150496
18  1.1  0.105869
18  1.2  0.0753584
18  1.3  0.0539249
18  1.4  0.0380501
18  1.5  0.0277004
18  1.6  0.0202547
18  1.7  0.0147482
18  1.8  0.0106361
18  1.9  0.00778814
18  2.0  0.00570148
18  2.5  0.00142483
18  3.0  0.00034507
18  3.5  9.80387e-05
18  4.0  3.85219e-05
18  4.5  1.40204e-05
18  5.0  5.41359e-06
18  5.5  2.22912e-06
18  6.0  9.70397e-07
18  6.5  4.42988e-07
18  7.0  2.11207e-07
18  7.5  1.04371e-07
18  8.0  5.35883e-08
18  8.5  2.82873e-08
18  9.0  1.53167e-08
18  9.5  8.54674e-09
18  10.0  4.872e-09
18  10.5  2.83783e-09
18  11.0  1.68795e-09
18  11.5  1.01653e-09
18  12.0  6.28543e-10
2  0.2  2.98206
2  0.3  2.12998
2  0.4  1.53025
2  0.5  1.09336
2  0.6  0.775093
2  0.7  0.546718
2  0.8  0.384222
2  0.9  0.270246
2  1.0  0.191466
2  1.1  0.134735
2  1.2  0.0957114
2  1.3  0.0681544
2  1.4  0.0499077
2  1.5  0.0360781
2  1.6  0.0266364
2  1.7  0.0191114
2  1.8  0.0140731
2  1.9  0.0103722
2  2.0  0.00778842
2  2.5  0.00187932
2  3.0  0.000515731
2  3.5  0.000143176
2  4.0  5.32832e-05
2  4.5  1.93107e-05
2  5.0  7.51399e-06
2  5.5  3.09816e-06
2  6.0  1.35454e-06
2  6.5  6.20342e-07
2  7.0  2.9557e-07
2  7.5  1.46329e-07
2  8.0  7.52267e-08
2  8.5  3.98717e-08
2  9.0  2.16181e-08
2  9.5  1.20662e-08
2  10.0  6.89437e-09
2  10.5  4.02496e-09
2  11.0  2.39136e-09
2  11.5  1.44742e-09
2  12.0  8.96771e-10
20  0.2  2.3403
20  0.3  1.66226
20  0.4  1.18546
20  0.5  0.839589
20  0.6  0.589636
20  0.7  0.412044
20  0.8  0.28689
20  0.9  0.200383
20  1.0  0.139868
20  1.1  0.0982964
20  1.2  0.0691521
20  1.3  0.0489061
20  1.4  0.0349225
20  1.5  0.0250125
20  1.6  0.0180856
20  1.7  0.0133883
20  1.8  0.00998922
20  1.9  0.0074005
20  2.0  0.00529342
20  2.5  0.00128686
20  3.0  0.000331041
20  3.5  9.55545e-05
20  4.0  3.50118e-05
20  4.5  1.26481e-05
20  5.0  4.89515e-06
20  5.5  2.02082e-06
20  6.0  8.76842e-07
20  6.5  4.00221e-07
20  7.0  1.89799e-07
20  7.5  9.38371e-08
20  8.0  4.78954e-08
20  8.5  2.54181e-08
20  9.0  1.37493e-08
20  9.5  7.69434e-09
20  10.0  4.35622e-09
20  10.5  2.54476e-09
20  11.0  1.50578e-09
20  11.5  9.10734e-10
20  12.0  5.63103e-10
22  0.2  2.1743
22  0.3  1.54073
22  0.4  1.09624
22  0.5  0.773391
22  0.6  0.541613
22  0.7  0.377083
22  0.8  0.262694
22  0.9  0.182523
22  1.0  0.127903
22  1.1  0.0892363
22  1.2  0.0626079
22  1.3  0.0441188
22  1.4  0.0321592
22  1.5  0.0232648
22  1.6  0.0166546
22  1.7  0.0117987
22  1.8  0.00891902
22  1.9  0.00651535
22  2.0  0.00484194
22  2.5  0.00117264
22  3.0  0.000273028
22  3.5  0.000110133
22  4.0  3.10978e-05
22  4.5  1.11424e-05
22  5.0  4.31651e-06
22  5.5  1.77269e-06
22  6.0  7.67905e-07
22  6.5  3.49728e-07
22  7.0  1.66326e-07
22  7.5  8.20051e-08
22  8.0  4.19153e-08
22  8.5  2.21847e-08
22  9.0  1.19927e-08
22  9.5  6.70222e-09
22  10.0  3.79251e-09
22  10.5  2.20261e-09
22  11.0  1.31479e-09
22  11.5  7.91947e-10
24  0.2  1.97075
22  12.0  4.89467e-10
24  0.3  1.39293
24  0.4  0.986916
24  0.5  0.694768
24  0.6  0.484898
24  0.7  0.337179
24  0.8  0.233334
24  0.9  0.161969
24  1.0  0.112795
24  1.1  0.0785721
24  1.2  0.0549817
24  1.3  0.0386604
24  1.4  0.0273881
24  1.5  0.0196468
24  1.6  0.014591
24  1.7  0.0106025
24  1.8  0.00772805
24  1.9  0.00560889
24  2.0  0.00419187
24  2.5  0.00101695
24  3.0  0.000230436
24  3.5  6.93834e-05
24  4.0  2.62877e-05
24  4.5  9.33098e-06
24  5.0  3.64884e-06
24  5.5  1.49193e-06
24  6.0  6.4783e-07
24  6.5  2.94814e-07
24  7.0  1.39679e-07
24  7.5  6.89249e-08
24  8.0  3.52468e-08
24  8.5  1.85718e-08
24  9.0  1.00341e-08
24  9.5  5.57338e-09
24  10.0  3.16825e-09
24  10.5  1.84236e-09
24  11.0  1.09772e-09
24  11.5  6.64814e-10
24  12.0  4.07761e-10
26  0.2  1.72294
26  0.3  1.21326
26  0.4  0.857517
26  0.5  0.600287
26  0.6  0.41726
26  0.7  0.288346
26  0.8  0.198708
26  0.9  0.137636
26  1.0  0.0954292
26  1.1  0.0664484
26  1.2  0.0466303
26  1.3  0.0323554
26  1.4  0.0228526
26  1.5  0.0168434
26  1.6  0.0120756
26  1.7  0.00866749
26  1.8  0.00630902
26  1.9  0.00465327
26  2.0  0.00341612
26  2.5  0.000814705
26  3.0  0.000167909
26  3.5  6.55917e-05
26  4.0  2.11087e-05
26  4.5  7.55835e-06
26  5.0  2.87393e-06
26  5.5  1.19255e-06
26  6.0  5.15287e-07
26  6.5  2.33589e-07
26  7.0  1.11184e-07
26  7.5  5.44658e-08
26  8.0  2.78436e-08
26  8.5  1.4596e-08
26  9.0  7.90463e-09
26  9.5  4.39745e-09
26  10.0  2.48925e-09
26  10.5  1.4462e-09
26  11.0  8.60699e-10
26  11.5  5.19106e-10
28  0.2  1.42825
28  0.3  1.00162
26  12.0  3.17596e-10
28  0.4  0.703806
28  0.5  0.489213
28  0.6  0.338235
28  0.7  0.232039
28  0.8  0.159325
28  0.9  0.109337
28  1.0  0.0756942
28  1.1  0.0520513
28  1.2  0.0362705
28  1.3  0.0252891
28  1.4  0.017851
28  1.5  0.012983
28  1.6  0.00935569
28  1.7  0.00664289
28  1.8  0.00489936
28  1.9  0.00357608
28  2.0  0.00253356
28  2.5  0.000621905
28  3.0  0.000134872
28  3.5  5.54824e-05
28  4.0  1.56673e-05
28  4.5  5.58317e-06
28  5.0  2.13471e-06
28  5.5  8.67207e-07
28  6.0  3.76848e-07
28  6.5  1.70456e-07
28  7.0  8.02089e-08
28  7.5  3.94909e-08
28  8.0  2.00911e-08
28  8.5  1.05377e-08
28  9.0  5.69532e-09
28  9.5  3.16138e-09
28  10.0  1.78896e-09
28  10.5  1.03619e-09
28  11.0  6.20129e-10
28  11.5  3.6869e-10
30  0.2  1.09358
30  0.3  0.760591
28  12.0  2.27897e-10
30  0.4  0.529795
30  0.5  0.366357
30  0.6  0.250908
30  0.7  0.171007
30  0.8  0.11634
30  0.9  0.0793848
30  1.0  0.0546747
30  1.1  0.0373724
30  1.2  0.0259438
30  1.3  0.0179358
30  1.4  0.0126166
30  1.5  0.00911371
30  1.6  0.00637003
30  1.7  0.00468208
30  1.8  0.0033325
30  1.9  0.00239685
30  2.0  0.00177279
30  2.5  0.000409728
30  3.0  9.23759e-05
30  3.5  2.92921e-05
30  4.0  1.03705e-05
30  4.5  3.66878e-06
30  5.0  1.40178e-06
30  5.5  5.69815e-07
30  6.0  2.42976e-07
30  6.5  1.09507e-07
30  7.0  5.15104e-08
30  7.5  2.52875e-08
30  8.0  1.28502e-08
30  8.5  6.70192e-09
30  9.0  3.61196e-09
30  9.5  1.99694e-09
30  10.0  1.12821e-09
30  10.5  6.53762e-10
30  11.0  3.8629e-10
30  11.5  2.33182e-10
30  12.0  1.42275e-10
32  0.2  0.74914
32  0.3  0.519013
32  0.4  0.357877
32  0.5  0.244083
32  0.6  0.165372
32  0.7  0.111641
32  0.8  0.0752998
32  0.9  0.0509418
32  1.0  0.0344911
32  1.1  0.0235323
32  1.2  0.0161207
32  1.3  0.0111563
32  1.4  0.00774502
32  1.5  0.00560493
32  1.6  0.00396946
32  1.7  0.00284332
32  1.8  0.0020369
32  1.9  0.00147666
32  2.0  0.00109333
32  2.5  0.000244687
32  3.0  5.51165e-05
32  3.5  2.53971e-05
32  4.0  5.85546e-06
32  4.5  2.0458e-06
32  5.0  7.7806e-07
32  5.5  3.13362e-07
32  6.0  1.33632e-07
32  6.5  5.9951e-08
32  7.0  2.80433e-08
32  7.5  1.36623e-08
32  8.0  6.91648e-09
32  8.5  3.61455e-09
32  9.0  1.93491e-09
32  9.5  1.06549e-09
32  10.0  6.02858e-10
32  10.5  3.47327e-10
32  11.0  2.05214e-10
32  11.5  1.23119e-10
32  12.0  7.51852e-11
4  0.2  2.96439
4  0.3  2.11758
4  0.4  1.52303
4  0.5  1.08657
4  0.6  0.770539
4  0.7  0.542797
4  0.8  0.381624
4  0.9  0.268765
4  1.0  0.189693
4  1.1  0.133572
4  1.2  0.0948933
4  1.3  0.0675312
4  1.4  0.0491275
4  1.5  0.0349496
4  1.6  0.0263952
4  1.7  0.0190204
4  1.8  0.0136004
4  1.9  0.0103085
4  2.0  0.0077073
4  2.5  0.00185014
4  3.0  0.000485256
4  3.5  0.00013863
4  4.0  5.27283e-05
4  4.5  1.9119e-05
4  5.0  7.43873e-06
4  5.5  3.06655e-06
4  6.0  1.34101e-06
4  6.5  6.1377e-07
4  7.0  2.92926e-07
4  7.5  1.44796e-07
4  8.0  7.44364e-08
4  8.5  3.94521e-08
4  9.0  2.13877e-08
4  9.5  1.19381e-08
4  10.0  6.81712e-09
4  10.5  3.9848e-09
4  11.0  2.36469e-09
4  11.5  1.43162e-09
4  12.0  8.87005e-10
6  0.2  2.93802
6  0.3  2.09688
6  0.4  1.50721
6  0.5  1.07533
6  0.6  0.761929
6  0.7  0.536572
6  0.8  0.377128
6  0.9  0.265767
6  1.0  0.187015
6  1.1  0.132011
6  1.2  0.0936512
6  1.3  0.0666173
6  1.4  0.0478907
6  1.5  0.0344178
6  1.6  0.025338
6  1.7  0.0184545
6  1.8  0.0137547
6  1.9  0.0102102
6  2.0  0.00755533
6  2.5  0.00182699
6  3.0  0.000509651
6  3.5  0.000127928
6  4.0  5.18321e-05
6  4.5  1.87985e-05
6  5.0  7.31275e-06
6  5.5  3.0149e-06
6  6.0  1.31759e-06
6  6.5  6.02785e-07
6  7.0  2.87578e-07
6  7.5  1.42183e-07
6  8.0  7.31248e-08
6  8.5  3.87504e-08
6  9.0  2.10027e-08
6  9.5  1.17143e-08
6  10.0  6.74778e-09
6  10.5  3.9166e-09
6  11.0  2.33173e-09
6  11.5  1.40559e-09
6  12.0  8.70675e-10
8  0.2  2.89827
8  0.3  2.06871
8  0.4  1.48341
8  0.5  1.05884
8  0.6  0.750137
8  0.7  0.528444
8  0.8  0.371043
8  0.9  0.261257
8  1.0  0.183723
8  1.1  0.12969
8  1.2  0.0918888
8  1.3  0.0654742
8  1.4  0.0474496
8  1.5  0.0338859
8  1.6  0.0253364
8  1.7  0.0183835
8  1.8  0.0134472
8  1.9  0.00995544
8  2.0  0.0074174
8  2.5  0.00181905
8  3.0  0.000501836
8  3.5  0.000133212
8  4.0  5.0651e-05
8  4.5  1.83476e-05
8  5.0  7.14e-06
8  5.5  2.93984e-06
8  6.0  1.2847e-06
8  6.5  5.87608e-07
8  7.0  2.80204e-07
8  7.5  1.38518e-07
8  8.0  7.13842e-08
8  8.5  3.77601e-08
8  9.0  2.04608e-08
8  9.5  1.14121e-08
8  10.0  6.51626e-09
8  10.5  3.81026e-09
8  11.0  2.25862e-09
8  11.5  1.36869e-09
8  12.0  8.47799e-10
