# diffractive D0 cross section, Pb target, LHAPDF fragmentation, An0n channel
# generated      : 2026-08-20 10:21:43 EEST
# calls          : 1e5 (VEGAS calls per point, see CALLS_EXCL/CALLS_EXCL_FACTORIZED/CALLS_DIFF)
# dipole samples : data/Pb/mve/glauber_mve_<b>
# pD0 sweep      : 0.2 0.3 0.4 0.5 0.6 0.7 0.8 0.9 1.0 1.1 1.2 1.3 1.4 1.5 1.6 1.7 1.8 1.9 2.0 2.5 3.0 3.5 4.0 4.5 5.0 5.5 6.0 6.5 7.0 7.5 8.0 8.5 9.0 9.5 10.0 10.5 11.0 11.5 12.0
# fixed rapidity y : 3.0
# ============================================================
# b  pD0  dsigma_dyd2pD0
0  0.2  0.0666914
0  0.4  0.116241
0  0.3  0.0978119
0  0.5  0.120958
0  0.6  0.113341
0  0.7  0.0955669
0  0.9  0.0628659
0  0.8  0.0793712
0  1.0  0.0484719
0  1.3  0.0215581
0  1.1  0.0378671
0  1.2  0.0289719
0  1.5  0.0123401
0  1.4  0.0164957
0  1.6  0.00938091
0  1.7  0.00708552
0  2.0  0.003105
0  1.8  0.005287
0  1.9  0.00407427
0  2.5  0.000861704
0  3.0  0.000264258
0  3.5  9.02865e-05
0  4.0  3.24279e-05
0  4.5  1.28686e-05
0  5.0  5.32496e-06
0  6.0  9.71141e-07
0  5.5  2.26377e-06
0  7.5  1.09725e-07
0  8.0  5.72108e-08
0  6.5  4.79336e-07
0  7.0  2.29042e-07
0  9.0  1.52009e-08
0  8.5  2.96211e-08
0  9.5  7.97188e-09
0  10.0  4.4244e-09
10  0.2  0.0655703
10  0.3  0.0966052
10  0.4  0.114823
10  0.5  0.119005
10  0.6  0.111557
0  10.5  2.38421e-09
10  0.7  0.0957975
10  0.8  0.0777362
10  0.9  0.0616691
10  1.0  0.0476787
10  1.1  0.0363289
10  1.2  0.0277587
10  1.3  0.0210432
10  1.4  0.0158956
10  1.5  0.011906
10  1.7  0.00679603
10  1.6  0.00900307
0  12.0  4.41298e-10
0  11.0  1.3682e-09
10  1.9  0.00394542
10  1.8  0.00517638
10  2.0  0.00299731
10  2.5  0.000820989
10  3.0  0.000256378
10  3.5  8.38116e-05
0  11.5  7.56578e-10
10  4.5  1.20769e-05
10  6.0  9.29851e-07
10  4.0  3.07898e-05
10  5.0  5.08917e-06
10  5.5  2.16859e-06
10  6.5  4.47749e-07
10  7.0  2.11404e-07
10  8.0  5.18147e-08
10  7.5  1.07471e-07
10  8.5  2.82797e-08
10  9.0  1.41692e-08
10  9.5  7.55826e-09
10  11.0  1.31165e-09
10  10.0  4.15008e-09
12  0.2  0.0647951
12  0.3  0.0954034
12  0.4  0.114746
12  0.5  0.116567
12  0.6  0.109989
12  0.7  0.0942778
12  0.8  0.0759305
12  0.9  0.0608803
12  1.0  0.0472356
10  10.5  2.32747e-09
12  1.1  0.0359293
12  1.2  0.028018
12  1.3  0.0207383
12  1.4  0.0155651
12  1.5  0.0117117
12  1.6  0.00881992
12  1.7  0.00667828
12  1.9  0.00379785
10  12.0  4.23862e-10
12  1.8  0.0050813
12  2.0  0.00272607
12  3.0  0.000242626
12  2.5  0.000800689
12  3.5  8.35614e-05
10  11.5  7.34684e-10
12  4.5  1.17103e-05
12  4.0  3.0924e-05
12  6.0  9.39532e-07
12  5.0  4.93935e-06
12  5.5  2.03922e-06
12  6.5  4.36472e-07
12  7.0  2.05029e-07
12  7.5  1.04959e-07
12  8.0  5.3222e-08
12  8.5  2.67928e-08
12  9.0  1.41877e-08
12  9.5  7.39567e-09
12  10.0  4.12684e-09
14  0.2  0.0647501
14  0.3  0.0955061
14  0.4  0.112636
14  0.5  0.115861
14  0.6  0.107177
12  10.5  2.25064e-09
14  0.7  0.0926394
14  0.8  0.0754388
14  0.9  0.0592023
14  1.0  0.0460567
14  1.1  0.0349435
14  1.2  0.0266237
14  1.3  0.0201471
14  1.4  0.0152263
12  11.0  1.24918e-09
14  1.5  0.0114196
14  1.7  0.00652489
14  1.6  0.0085599
14  1.9  0.00378817
14  1.8  0.00487525
14  2.0  0.00285091
14  2.5  0.00077865
14  3.0  0.000239289
14  3.5  8.15217e-05
12  11.5  7.21233e-10
12  12.0  4.14597e-10
14  4.0  2.9192e-05
14  4.5  1.13382e-05
14  5.0  4.66023e-06
14  6.0  8.68054e-07
14  5.5  1.95789e-06
14  6.5  4.30819e-07
14  7.0  2.1021e-07
14  8.0  5.12759e-08
14  7.5  1.0196e-07
14  8.5  2.61908e-08
14  10.0  4.01455e-09
14  9.0  1.36081e-08
14  9.5  7.1586e-09
14  11.0  1.23691e-09
16  0.2  0.0644135
16  0.3  0.0945021
16  0.4  0.112641
16  0.5  0.114741
16  0.6  0.106379
16  0.7  0.0910436
14  10.5  2.22104e-09
16  0.8  0.0733988
16  0.9  0.0584021
16  1.0  0.0448336
16  1.1  0.0343621
16  1.2  0.0259645
16  1.3  0.0196499
16  1.4  0.0146206
16  1.5  0.0110881
16  1.6  0.00841269
16  1.7  0.00627507
14  12.0  4.01344e-10
16  1.8  0.00478304
16  1.9  0.00359887
16  2.5  0.000750885
16  3.0  0.000236661
16  2.0  0.00273622
16  3.5  8.05188e-05
14  11.5  6.98917e-10
16  4.0  2.90209e-05
16  4.5  1.12082e-05
16  6.0  8.51758e-07
16  5.0  4.44094e-06
16  5.5  1.9021e-06
16  8.0  4.74051e-08
16  6.5  4.14386e-07
16  7.0  1.99646e-07
16  7.5  9.43904e-08
16  8.5  2.57042e-08
16  9.0  1.33452e-08
16  9.5  7.11547e-09
16  10.0  3.76964e-09
16  11.0  1.1787e-09
18  0.2  0.0642224
16  10.5  2.15222e-09
18  0.3  0.0944413
18  0.4  0.110092
18  0.5  0.111929
18  0.6  0.104044
18  0.7  0.088693
18  0.8  0.0718323
18  0.9  0.0566892
18  1.0  0.0435422
18  1.1  0.0327795
18  1.2  0.025227
18  1.3  0.0187825
18  1.4  0.0144013
18  1.5  0.0104966
18  1.6  0.00810191
18  1.7  0.00605391
18  1.9  0.00349297
18  1.8  0.00455501
18  2.0  0.00264215
16  11.5  6.74311e-10
18  3.0  0.00022025
18  2.5  0.000725218
18  3.5  7.5546e-05
16  12.0  3.73391e-10
18  4.5  1.09642e-05
18  5.5  1.80297e-06
18  4.0  2.62476e-05
18  5.0  4.17408e-06
18  6.0  8.78926e-07
18  7.5  9.48915e-08
18  6.5  3.7926e-07
18  7.0  1.92626e-07
18  8.0  4.67429e-08
18  10.0  3.68673e-09
18  8.5  2.40178e-08
18  9.0  1.24241e-08
18  9.5  6.67439e-09
18  11.0  1.14595e-09
2  0.2  0.0655815
2  0.3  0.0984461
18  11.5  6.35331e-10
2  0.4  0.115897
2  0.5  0.120836
2  0.6  0.112935
2  0.7  0.0986902
2  0.9  0.0632477
2  0.8  0.0798641
2  1.0  0.0492276
2  1.1  0.0379656
2  1.2  0.0288292
2  1.3  0.0218377
2  1.4  0.0163944
18  10.5  2.02922e-09
2  1.5  0.012354
2  1.6  0.00933324
2  1.7  0.00705309
2  1.8  0.005397
2  1.9  0.00410369
2  2.0  0.00306181
2  3.0  0.000271585
2  2.5  0.000847029
2  3.5  8.89845e-05
18  12.0  3.73648e-10
2  4.0  3.30656e-05
2  4.5  1.27256e-05
2  5.0  5.35143e-06
2  6.0  1.03112e-06
2  5.5  2.19111e-06
2  8.0  5.49772e-08
2  6.5  4.70545e-07
2  7.0  2.18499e-07
2  7.5  1.11505e-07
2  9.0  1.51378e-08
2  9.5  8.23919e-09
2  8.5  2.82949e-08
2  10.0  4.41962e-09
20  0.2  0.0633083
20  0.3  0.0921555
20  0.4  0.107866
20  0.5  0.110405
2  10.5  2.45038e-09
20  0.6  0.100425
20  0.7  0.0856684
20  0.8  0.0690507
20  0.9  0.0542635
20  1.0  0.0411803
2  11.5  7.65448e-10
20  1.1  0.0317384
20  1.3  0.0179599
20  1.2  0.0238433
20  1.4  0.0136739
20  1.6  0.00777437
20  1.5  0.0101338
20  1.7  0.0056957
2  11.0  1.3521e-09
20  1.8  0.0043312
20  2.0  0.00250522
20  1.9  0.0032596
20  2.5  0.000671231
20  3.0  0.000210944
20  3.5  7.26079e-05
2  12.0  4.3976e-10
20  4.5  1.01066e-05
20  4.0  2.60766e-05
20  6.0  7.94862e-07
20  5.0  4.05894e-06
20  5.5  1.78454e-06
20  7.5  8.35166e-08
20  6.5  3.75641e-07
20  7.0  1.75446e-07
20  8.0  4.43478e-08
20  9.5  6.39391e-09
20  10.0  3.49417e-09
20  8.5  2.29961e-08
20  9.0  1.16896e-08
22  0.2  0.062338
22  0.3  0.090856
22  0.4  0.104897
20  12.0  3.45408e-10
22  0.5  0.107247
20  10.5  1.93931e-09
22  0.6  0.0977212
22  0.7  0.0819198
22  0.8  0.0659558
20  11.0  1.07788e-09
22  0.9  0.0513449
22  1.0  0.0393835
22  1.1  0.0300926
22  1.2  0.0228569
22  1.3  0.016782
22  1.5  0.00955598
22  1.4  0.0124758
22  1.7  0.00537646
22  1.6  0.00721899
22  1.8  0.0040877
20  11.5  6.06223e-10
22  2.0  0.00233886
22  2.5  0.000643834
22  1.9  0.00305069
22  3.0  0.000197619
22  3.5  6.65201e-05
22  4.5  9.00921e-06
22  4.0  2.34741e-05
22  5.0  3.86013e-06
22  5.5  1.67368e-06
22  6.0  7.24263e-07
22  6.5  3.5074e-07
22  8.0  3.9593e-08
22  7.0  1.70219e-07
22  7.5  8.24998e-08
22  10.0  3.23755e-09
22  8.5  2.13336e-08
22  9.0  1.13031e-08
22  10.5  1.81004e-09
22  9.5  5.80172e-09
24  0.2  0.0611972
24  0.3  0.0881886
24  0.4  0.10164
24  0.5  0.10209
24  0.6  0.0911365
22  12.0  3.29343e-10
24  0.7  0.0773747
24  0.8  0.0616071
24  0.9  0.0479921
24  1.0  0.036027
24  1.2  0.0210777
24  1.1  0.0274431
24  1.3  0.0154555
24  1.4  0.0119716
24  1.5  0.00870255
24  1.6  0.00659021
24  1.7  0.0049145
24  1.8  0.0037867
24  1.9  0.00279175
24  2.0  0.00208854
22  11.0  9.74952e-10
24  2.5  0.000586071
24  3.0  0.000182108
24  3.5  6.13758e-05
22  11.5  5.56376e-10
24  4.0  2.13201e-05
24  4.5  8.56092e-06
24  5.0  3.53859e-06
24  6.5  3.07107e-07
24  5.5  1.53691e-06
24  6.0  6.79885e-07
24  7.0  1.49319e-07
24  7.5  7.47525e-08
24  8.0  3.77233e-08
24  8.5  2.01423e-08
24  9.0  1.01421e-08
24  10.5  1.62893e-09
24  9.5  5.37315e-09
26  0.2  0.0589987
24  10.0  2.96318e-09
26  0.3  0.0845111
26  0.4  0.0982997
26  0.5  0.0957862
24  12.0  2.87871e-10
26  0.6  0.0839425
26  0.7  0.0709314
26  0.8  0.0554861
26  0.9  0.0433395
26  1.0  0.0328559
26  1.1  0.0247835
26  1.2  0.0188661
26  1.4  0.0106828
26  1.3  0.0142469
26  1.5  0.0076185
26  1.6  0.00580892
24  11.0  8.83357e-10
26  1.7  0.00433866
26  1.8  0.0032687
26  1.9  0.00243862
26  2.0  0.00189159
26  2.5  0.000518823
26  3.0  0.000157463
26  3.5  5.10211e-05
24  11.5  5.02176e-10
26  4.0  1.92511e-05
26  4.5  7.22865e-06
26  5.5  1.37528e-06
26  5.0  3.1638e-06
26  7.0  1.33527e-07
26  6.0  6.00477e-07
26  8.0  3.38707e-08
26  6.5  2.8018e-07
26  7.5  6.67165e-08
26  8.5  1.66287e-08
26  10.0  2.55265e-09
26  9.0  8.6871e-09
26  10.5  1.43436e-09
26  9.5  4.66731e-09
28  0.2  0.0567162
28  0.3  0.0806325
28  0.4  0.0902342
28  0.5  0.0874771
28  0.6  0.0761467
26  12.0  2.57162e-10
28  0.7  0.0627271
28  0.8  0.0497492
28  0.9  0.0377984
28  1.0  0.0286537
28  1.1  0.02144
28  1.2  0.0160918
28  1.3  0.0119026
28  1.4  0.0088709
28  1.5  0.00662969
28  1.6  0.00492023
28  1.7  0.00362656
26  11.0  7.9779e-10
28  1.8  0.00272867
28  1.9  0.00211132
28  2.0  0.00157871
28  3.0  0.00012204
28  2.5  0.000437876
28  3.5  4.39872e-05
26  11.5  4.48285e-10
28  5.5  1.10565e-06
28  4.0  1.6551e-05
28  4.5  6.43826e-06
28  5.0  2.62517e-06
28  6.0  5.07815e-07
28  6.5  2.24281e-07
28  7.0  1.14631e-07
28  7.5  5.58725e-08
28  8.0  2.72162e-08
28  9.5  4.02351e-09
28  8.5  1.40654e-08
28  9.0  7.53171e-09
28  10.0  2.17977e-09
30  0.2  0.0531714
30  0.3  0.0743415
30  0.4  0.0795195
28  10.5  1.19741e-09
30  0.5  0.0756499
30  0.6  0.0649397
28  12.0  2.20946e-10
30  0.8  0.0407764
30  0.7  0.0520605
30  0.9  0.0313153
30  1.0  0.0233995
30  1.1  0.0171132
30  1.2  0.0130907
30  1.3  0.00960586
28  11.0  6.67402e-10
30  1.4  0.00706451
30  1.5  0.00524315
30  1.6  0.00391644
30  1.8  0.00217915
30  1.7  0.00294715
30  1.9  0.0016435
30  2.0  0.00122758
30  2.5  0.000347249
30  3.0  0.000101256
28  11.5  3.76857e-10
30  3.5  3.47353e-05
30  4.5  5.14191e-06
30  4.0  1.24341e-05
30  5.0  1.96943e-06
30  5.5  8.68306e-07
30  6.0  3.82692e-07
30  6.5  1.80229e-07
30  7.0  8.71204e-08
30  8.5  1.08719e-08
30  7.5  4.2255e-08
30  8.0  2.13674e-08
30  9.0  5.94927e-09
30  9.5  3.15628e-09
30  10.5  9.39125e-10
30  10.0  1.70492e-09
32  0.2  0.0479858
32  0.3  0.0649369
32  0.4  0.0667595
32  0.5  0.0610123
32  0.6  0.049619
30  12.0  1.72494e-10
32  0.7  0.0397547
32  0.8  0.0309229
32  0.9  0.0231901
32  1.0  0.0172953
30  11.0  5.28569e-10
32  1.2  0.00943262
32  1.1  0.012673
32  1.4  0.00526594
32  1.3  0.00695547
32  1.5  0.00388947
32  1.6  0.00286176
32  1.7  0.00216762
32  2.0  0.000909585
32  1.8  0.00158248
32  1.9  0.00118876
32  3.0  7.37734e-05
32  2.5  0.000245617
32  3.5  2.42844e-05
30  11.5  3.04799e-10
32  4.0  8.94979e-06
32  4.5  3.51498e-06
32  5.0  1.42214e-06
32  5.5  5.97877e-07
32  7.0  6.27812e-08
32  6.0  2.81285e-07
32  7.5  3.02727e-08
32  6.5  1.30056e-07
32  8.5  8.05247e-09
32  9.5  2.19238e-09
32  8.0  1.55756e-08
32  9.0  4.25252e-09
32  10.0  1.21368e-09
32  10.5  6.92332e-10
4  0.2  0.0662086
4  0.3  0.0982925
4  0.4  0.116418
4  0.5  0.12148
4  0.6  0.113689
4  0.7  0.0983759
4  0.9  0.0635692
4  0.8  0.0802181
4  1.0  0.0496179
4  1.1  0.0374829
4  1.2  0.0286061
4  1.3  0.0220294
4  1.5  0.0122349
4  1.4  0.0164445
32  11.0  3.74265e-10
4  1.6  0.00948947
4  1.7  0.0070502
4  1.8  0.00540346
4  1.9  0.00413669
4  2.0  0.00314384
4  2.5  0.000856806
4  3.0  0.000261226
32  11.5  2.1796e-10
4  3.5  8.79701e-05
32  12.0  1.23367e-10
4  4.0  3.19309e-05
4  4.5  1.24516e-05
4  5.0  5.12721e-06
4  6.0  9.99329e-07
4  5.5  2.29104e-06
4  8.0  5.6603e-08
4  6.5  4.53533e-07
4  7.0  2.26759e-07
4  7.5  1.11668e-07
4  8.5  2.88535e-08
4  9.5  8.13453e-09
4  9.0  1.5007e-08
4  10.0  4.43058e-09
6  0.2  0.0665151
6  0.3  0.0966456
6  0.4  0.115204
6  0.5  0.120178
6  0.6  0.112663
4  10.5  2.41525e-09
6  0.7  0.0972339
6  0.8  0.0792514
6  0.9  0.0624774
6  1.0  0.0490701
4  11.0  1.334e-09
6  1.1  0.0367161
6  1.2  0.0283214
6  1.3  0.021438
6  1.4  0.0162268
4  11.5  7.65079e-10
6  1.5  0.0122505
6  1.6  0.00924902
6  1.7  0.00698729
6  1.9  0.00401828
6  1.8  0.00529196
6  2.0  0.00309012
6  3.0  0.000263089
6  2.5  0.00084425
6  3.5  8.63847e-05
4  12.0  4.33743e-10
6  4.0  3.28507e-05
6  4.5  1.21801e-05
6  5.0  5.04558e-06
6  6.0  1.0071e-06
6  5.5  2.25008e-06
6  6.5  4.63717e-07
6  7.0  2.1415e-07
6  7.5  1.10803e-07
6  8.0  5.39424e-08
6  8.5  2.88288e-08
6  9.0  1.48346e-08
6  9.5  8.06862e-09
6  10.0  4.35538e-09
8  0.2  0.0659193
8  0.3  0.0971972
8  0.4  0.116366
6  10.5  2.35091e-09
8  0.5  0.12061
8  0.6  0.111976
8  0.7  0.096708
8  0.8  0.0783787
8  0.9  0.0623013
8  1.1  0.0373253
8  1.0  0.0481814
8  1.2  0.0282521
8  1.3  0.021182
8  1.4  0.0156115
6  11.0  1.34856e-09
8  1.5  0.0121353
8  1.6  0.00909244
8  1.7  0.00707367
8  1.9  0.00416289
8  1.8  0.00522493
6  11.5  7.6323e-10
8  2.0  0.00306809
8  2.5  0.000822752
8  3.0  0.000257009
8  3.5  8.69226e-05
6  12.0  4.3931e-10
8  4.0  3.16722e-05
8  4.5  1.25138e-05
8  5.0  5.25456e-06
8  6.0  9.81627e-07
8  5.5  2.22351e-06
8  6.5  4.40349e-07
8  8.0  5.5181e-08
8  7.0  2.18067e-07
8  7.5  1.09616e-07
8  9.0  1.5042e-08
8  8.5  2.8678e-08
8  9.5  7.91973e-09
8  10.0  4.24187e-09
8  11.5  7.49033e-10
8  10.5  2.39489e-09
8  11.0  1.33648e-09
8  12.0  4.40079e-10
