# diffractive D0 cross section, Pb target, LHAPDF fragmentation, An0n channel
# generated      : 2026-08-20 11:04:19 EEST
# calls          : 1e5 (VEGAS calls per point, see CALLS_EXCL/CALLS_EXCL_FACTORIZED/CALLS_DIFF)
# dipole samples : data/Pb/bk_posterior/member_0062/glauber_mve_<b>
# pD0 sweep      : 0.2 0.3 0.4 0.5 0.6 0.7 0.8 0.9 1.0 1.1 1.2 1.3 1.4 1.5 1.6 1.7 1.8 1.9 2.0 2.5 3.0 3.5 4.0 4.5 5.0 5.5 6.0 6.5 7.0 7.5 8.0 8.5 9.0 9.5 10.0 10.5 11.0 11.5 12.0
# fixed rapidity y : 3.0
# ============================================================
# b  pD0  dsigma_dyd2pD0
0  0.4  0.105958
0  0.3  0.0890324
0  0.2  0.0600487
0  0.5  0.109705
0  0.6  0.105858
0  0.9  0.0620452
0  0.7  0.0930756
0  0.8  0.077514
0  1.0  0.0485126
0  1.3  0.021779
0  1.1  0.0373776
0  1.2  0.0283935
0  1.4  0.0165302
0  1.5  0.0124437
0  1.6  0.00944033
0  1.7  0.00716805
0  1.8  0.00547107
0  1.9  0.00416681
0  2.0  0.0031886
0  2.5  0.000871338
0  3.0  0.000265234
0  3.5  9.02626e-05
0  5.0  5.17735e-06
0  4.0  3.24032e-05
0  4.5  1.27522e-05
0  5.5  2.32337e-06
0  6.0  1.03385e-06
0  7.5  1.15322e-07
0  7.0  2.29991e-07
0  6.5  4.66715e-07
0  8.0  5.69361e-08
0  8.5  2.94989e-08
0  9.0  1.56598e-08
0  9.5  8.43734e-09
0  10.0  4.47725e-09
10  0.2  0.0596757
10  0.3  0.087615
10  0.4  0.106093
10  0.5  0.110416
10  0.6  0.103828
0  10.5  2.40724e-09
10  0.7  0.0913359
10  0.8  0.0755602
10  0.9  0.0595578
10  1.0  0.0474042
0  11.0  1.37618e-09
10  1.1  0.0363832
10  1.3  0.0210349
10  1.2  0.0272759
10  1.4  0.0157922
10  1.6  0.0091925
10  1.5  0.0120028
10  1.7  0.00694209
10  1.8  0.00523035
10  1.9  0.0039802
10  2.0  0.00305923
10  3.0  0.000262407
10  2.5  0.000832582
10  3.5  8.71075e-05
0  11.5  7.69065e-10
0  12.0  4.44009e-10
10  4.0  3.18785e-05
10  4.5  1.26547e-05
10  5.0  5.07755e-06
10  5.5  2.17998e-06
10  6.0  9.94395e-07
10  7.5  1.03615e-07
10  6.5  4.42908e-07
10  7.0  2.17569e-07
10  9.0  1.46938e-08
10  8.0  5.44505e-08
10  8.5  2.80671e-08
10  10.0  4.11247e-09
10  9.5  7.68559e-09
10  11.5  7.34638e-10
12  0.2  0.0596161
12  0.3  0.0872909
12  0.4  0.103302
12  0.5  0.109685
12  0.6  0.100336
10  10.5  2.30566e-09
12  0.7  0.0900948
12  0.8  0.0743563
12  0.9  0.05887
12  1.0  0.0459556
12  1.1  0.0354853
12  1.2  0.0272664
12  1.3  0.0209078
12  1.4  0.0155874
10  11.0  1.29492e-09
12  1.5  0.011721
12  1.6  0.00889576
12  1.7  0.00675243
12  1.8  0.00512754
12  1.9  0.00389123
12  2.0  0.0029589
12  2.5  0.000819992
12  3.5  8.44325e-05
12  3.0  0.000251302
10  12.0  4.2031e-10
12  4.0  3.10981e-05
12  5.0  4.86374e-06
12  4.5  1.2211e-05
12  5.5  2.11038e-06
12  7.0  2.14861e-07
12  6.0  9.22652e-07
12  6.5  4.39656e-07
12  7.5  1.01374e-07
12  9.0  1.37404e-08
12  8.0  5.31259e-08
12  8.5  2.63663e-08
12  10.0  4.0534e-09
12  9.5  7.71453e-09
12  11.0  1.25403e-09
14  0.2  0.0588929
14  0.3  0.0876915
14  0.4  0.103026
14  0.5  0.10883
14  0.6  0.102403
14  0.7  0.0879903
14  0.8  0.0730798
14  0.9  0.0576575
14  1.0  0.0448263
12  10.5  2.26783e-09
14  1.2  0.0266786
14  1.1  0.0348626
14  1.4  0.0154062
14  1.3  0.0202792
14  1.5  0.0114583
14  1.6  0.00866723
14  1.8  0.00493855
14  1.7  0.00651671
14  2.0  0.00287642
14  1.9  0.00378254
14  2.5  0.000779457
14  3.0  0.000242826
14  3.5  8.19109e-05
12  11.5  7.14337e-10
12  12.0  4.14128e-10
14  4.0  2.93521e-05
14  4.5  1.14981e-05
14  5.0  5.0087e-06
14  5.5  2.01824e-06
14  6.0  9.27424e-07
14  7.5  1.03263e-07
14  6.5  4.33917e-07
14  7.0  2.14282e-07
14  8.0  5.18025e-08
14  8.5  2.67445e-08
14  10.0  3.95936e-09
14  9.0  1.33981e-08
14  9.5  7.35798e-09
14  10.5  2.22001e-09
16  0.2  0.0587637
16  0.3  0.0854687
16  0.4  0.100611
16  0.5  0.106463
16  0.6  0.100115
16  0.7  0.0863575
16  0.8  0.0709457
16  0.9  0.0567012
16  1.0  0.0439145
16  1.1  0.0331219
16  1.2  0.0257955
16  1.3  0.0194885
16  1.4  0.014739
16  1.5  0.0111378
14  11.0  1.2388e-09
16  1.6  0.00848587
14  11.5  6.9855e-10
16  1.7  0.00632788
16  1.9  0.00361979
16  1.8  0.00480942
16  2.0  0.00282903
16  2.5  0.000757945
16  3.5  7.72615e-05
16  3.0  0.000231305
16  4.5  1.13302e-05
14  12.0  3.96115e-10
16  4.0  2.90067e-05
16  5.0  4.49454e-06
16  5.5  2.00414e-06
16  6.0  8.96799e-07
16  6.5  4.18683e-07
16  7.0  2.02115e-07
16  7.5  9.92359e-08
16  8.5  2.54699e-08
16  8.0  5.06595e-08
16  9.0  1.30583e-08
16  9.5  7.15216e-09
16  11.0  1.20728e-09
18  0.2  0.0585172
16  10.0  3.87505e-09
18  0.3  0.0851739
18  0.4  0.101388
18  0.5  0.104301
18  0.6  0.0972131
18  0.7  0.0844245
18  0.8  0.0693514
16  10.5  2.18243e-09
18  0.9  0.0544018
18  1.0  0.0426538
18  1.1  0.0332417
18  1.2  0.0247634
18  1.3  0.0188926
18  1.4  0.0142074
18  1.5  0.0106809
18  1.6  0.00805231
18  1.8  0.00461643
18  1.7  0.00611502
18  1.9  0.00351676
18  2.0  0.00269914
18  2.5  0.000744716
18  3.0  0.000225914
18  3.5  7.55811e-05
16  11.5  6.6363e-10
16  12.0  3.79213e-10
18  4.0  2.80639e-05
18  4.5  1.09578e-05
18  5.0  4.37744e-06
18  6.0  8.69329e-07
18  5.5  1.84623e-06
18  7.0  1.94849e-07
18  8.0  4.74994e-08
18  6.5  4.06353e-07
18  7.5  9.39234e-08
18  8.5  2.39817e-08
18  10.0  3.62139e-09
18  9.0  1.26794e-08
18  9.5  6.69742e-09
18  11.0  1.16931e-09
2  0.2  0.0600571
2  0.3  0.0890446
2  0.4  0.10577
2  0.5  0.112074
2  0.6  0.105744
2  0.7  0.0932822
2  0.8  0.0768385
2  0.9  0.0620746
18  10.5  2.04429e-09
2  1.1  0.0379014
2  1.0  0.0486273
2  1.3  0.0218192
2  1.2  0.0287444
2  1.4  0.0163246
2  1.5  0.0124358
2  1.6  0.00951467
2  1.7  0.00711689
2  1.8  0.00548711
2  1.9  0.00415976
2  2.0  0.00317174
2  2.5  0.000878033
2  3.0  0.000263119
2  3.5  9.05201e-05
18  12.0  3.69465e-10
18  11.5  6.43922e-10
2  5.0  5.36987e-06
2  4.0  3.34089e-05
2  4.5  1.29125e-05
2  5.5  2.30384e-06
2  6.0  1.0241e-06
2  7.5  1.13556e-07
2  7.0  2.21986e-07
2  6.5  4.61999e-07
2  8.0  5.74373e-08
2  8.5  2.86645e-08
2  10.0  4.46895e-09
2  9.0  1.54587e-08
2  9.5  8.21886e-09
20  0.2  0.0572544
20  0.3  0.0837647
20  0.4  0.098738
20  0.5  0.102571
20  0.6  0.0955886
2  10.5  2.47169e-09
20  0.7  0.0817717
20  0.8  0.0667654
2  11.5  7.61135e-10
20  1.0  0.0409646
20  0.9  0.0529818
20  1.2  0.0240724
20  1.1  0.030658
20  1.3  0.0179224
2  11.0  1.36831e-09
20  1.4  0.0135974
20  1.5  0.0101431
20  1.6  0.00767341
20  1.7  0.00572134
20  1.8  0.00439504
20  1.9  0.00329798
20  2.0  0.00253816
20  2.5  0.000687709
20  3.0  0.000214529
20  3.5  7.22186e-05
20  4.5  1.02543e-05
2  12.0  4.38092e-10
20  4.0  2.65328e-05
20  5.0  4.224e-06
20  5.5  1.81341e-06
20  7.5  8.48874e-08
20  6.0  7.65978e-07
20  6.5  3.72436e-07
20  7.0  1.81436e-07
20  8.0  4.46059e-08
20  8.5  2.27106e-08
20  9.0  1.20791e-08
20  9.5  6.47363e-09
22  0.2  0.0563258
20  10.0  3.51339e-09
22  0.3  0.0821145
20  11.5  6.14333e-10
22  0.4  0.0960537
20  10.5  1.90502e-09
22  0.5  0.0988591
22  0.7  0.0778689
22  0.6  0.0917476
22  0.8  0.0634479
22  0.9  0.0500671
22  1.0  0.038905
22  1.1  0.0297896
22  1.2  0.0223345
22  1.3  0.016821
22  1.4  0.0126736
22  1.5  0.00959919
22  1.6  0.00719416
22  1.7  0.00540021
22  1.8  0.0040883
22  1.9  0.00323668
22  2.0  0.00240024
20  11.0  1.05207e-09
22  3.0  0.000197713
22  2.5  0.000653525
22  3.5  6.63394e-05
20  12.0  3.49403e-10
22  4.0  2.47836e-05
22  4.5  9.35788e-06
22  5.0  3.9208e-06
22  6.0  7.69305e-07
22  5.5  1.69261e-06
22  6.5  3.55574e-07
22  7.0  1.68492e-07
22  7.5  8.15494e-08
22  8.0  4.20178e-08
22  10.0  3.19383e-09
22  8.5  2.09156e-08
22  9.0  1.10955e-08
22  9.5  5.83398e-09
22  11.0  1.00777e-09
24  0.2  0.0557501
24  0.3  0.0800451
24  0.4  0.0940605
24  0.5  0.095102
24  0.6  0.0868195
22  10.5  1.74004e-09
24  0.8  0.0600258
24  0.7  0.0736949
24  0.9  0.0471499
24  1.0  0.0367883
24  1.1  0.0272247
24  1.2  0.0207036
24  1.3  0.0154733
24  1.4  0.0118219
24  1.5  0.00876263
24  1.6  0.00670867
24  1.7  0.00499615
24  1.8  0.00379199
24  1.9  0.00281233
24  2.0  0.00215321
24  3.0  0.000176842
24  2.5  0.000593716
24  3.5  6.01796e-05
22  11.5  5.72367e-10
22  12.0  3.17902e-10
24  4.0  2.09849e-05
24  4.5  8.40476e-06
24  5.0  3.53899e-06
24  6.0  6.97014e-07
24  5.5  1.53243e-06
24  8.0  3.78874e-08
24  6.5  3.19024e-07
24  7.0  1.52537e-07
24  7.5  7.56204e-08
24  9.0  9.86525e-09
24  10.0  2.98292e-09
24  8.5  1.89926e-08
24  9.5  5.44699e-09
26  0.2  0.0533665
26  0.3  0.0769284
26  0.4  0.0889707
26  0.5  0.0892641
24  11.5  5.19479e-10
26  0.6  0.080971
26  0.7  0.067426
26  0.8  0.055115
26  0.9  0.042644
26  1.0  0.0328484
26  1.2  0.0186151
26  1.1  0.0246897
24  10.5  1.62971e-09
26  1.3  0.013969
26  1.4  0.0103879
26  1.5  0.00784104
26  1.6  0.00587467
26  1.7  0.0044293
26  1.8  0.00336876
26  1.9  0.00253642
24  11.0  9.1505e-10
26  2.0  0.00189242
26  3.0  0.000157668
26  2.5  0.000527138
26  3.5  5.33297e-05
24  12.0  2.957e-10
26  4.0  1.96628e-05
26  4.5  7.66422e-06
26  5.0  3.19147e-06
26  6.5  2.84885e-07
26  5.5  1.38073e-06
26  7.5  6.45882e-08
26  6.0  6.04095e-07
26  7.0  1.2718e-07
26  8.0  3.25498e-08
26  10.0  2.5314e-09
26  8.5  1.67816e-08
26  9.0  8.83665e-09
26  9.5  4.76925e-09
28  0.2  0.051087
28  0.3  0.0736607
28  0.4  0.0830956
28  0.5  0.0814759
28  0.6  0.0719043
26  10.5  1.423e-09
28  0.7  0.0604555
28  0.8  0.0483762
28  0.9  0.0371703
28  1.0  0.0282402
28  1.1  0.0212499
26  11.0  7.85269e-10
28  1.2  0.0158742
28  1.3  0.0120528
28  1.4  0.00878478
28  1.6  0.00507446
28  1.5  0.00661701
28  1.7  0.00374531
28  1.8  0.00279781
28  1.9  0.00209016
28  2.5  0.00044141
26  12.0  2.56844e-10
28  2.0  0.00160407
26  11.5  4.69265e-10
28  3.0  0.000135716
28  3.5  4.36584e-05
28  4.0  1.61454e-05
28  5.0  2.52483e-06
28  4.5  6.22958e-06
28  6.0  5.10458e-07
28  5.5  1.12564e-06
28  6.5  2.2698e-07
28  7.0  1.13167e-07
28  7.5  5.62063e-08
28  9.0  7.66195e-09
28  8.0  2.72012e-08
28  8.5  1.46433e-08
28  10.0  2.23249e-09
28  9.5  4.04921e-09
30  0.2  0.0487982
30  0.3  0.066309
30  0.4  0.0744682
30  0.5  0.0706021
30  0.6  0.0606239
30  0.7  0.0506526
30  0.8  0.039585
28  10.5  1.21307e-09
30  0.9  0.0306702
30  1.0  0.0234451
30  1.1  0.0176381
30  1.2  0.0131491
28  11.0  6.87261e-10
30  1.3  0.00964544
30  1.4  0.00713075
30  1.5  0.0054428
30  1.6  0.00394122
30  1.7  0.00302904
30  1.8  0.0022254
30  1.9  0.00171843
30  2.5  0.000342034
30  2.0  0.00129183
30  3.0  0.000107465
28  11.5  3.84873e-10
30  3.5  3.62693e-05
28  12.0  2.21472e-10
30  4.5  5.0384e-06
30  5.0  1.99835e-06
30  4.0  1.26174e-05
30  5.5  8.37465e-07
30  6.0  3.91115e-07
30  6.5  1.78977e-07
30  7.0  9.03104e-08
30  7.5  4.26279e-08
30  8.0  2.19511e-08
30  8.5  1.11463e-08
30  10.5  9.49744e-10
30  9.5  3.16463e-09
30  9.0  5.91072e-09
32  0.2  0.0436394
32  0.3  0.0589442
30  10.0  1.70429e-09
32  0.4  0.0620007
32  0.5  0.0566965
32  0.6  0.0479994
32  0.7  0.0387039
32  0.8  0.0298733
32  0.9  0.0229006
32  1.0  0.0173099
32  1.1  0.0127109
32  1.2  0.0093244
32  1.3  0.00705299
32  1.4  0.00516354
32  1.5  0.00391769
32  1.7  0.00216841
32  1.6  0.0029207
32  1.8  0.00163133
30  11.0  5.3165e-10
32  1.9  0.00122964
32  2.0  0.000930103
32  2.5  0.000258529
32  3.0  7.80888e-05
32  3.5  2.59873e-05
30  12.0  1.71649e-10
30  11.5  3.01805e-10
32  4.5  3.37935e-06
32  4.0  9.10047e-06
32  5.0  1.43891e-06
32  5.5  6.11496e-07
32  7.5  3.11747e-08
32  6.0  2.80878e-07
32  6.5  1.29977e-07
32  7.0  6.04428e-08
32  9.0  4.15119e-09
32  8.0  1.5654e-08
32  8.5  8.09738e-09
32  9.5  2.17561e-09
32  10.0  1.23216e-09
34  0.2  0.0372185
34  0.3  0.0464992
34  0.4  0.0466258
32  10.5  6.70898e-10
34  0.5  0.0408156
32  12.0  1.23829e-10
34  0.6  0.0333209
34  0.7  0.0263891
34  0.9  0.0156069
34  0.8  0.0198913
34  1.0  0.0114945
32  11.0  3.74725e-10
34  1.1  0.00854972
34  1.2  0.00628615
34  1.3  0.00466671
34  1.5  0.00252604
34  1.4  0.00347064
34  1.6  0.00185566
34  1.7  0.00139613
34  1.8  0.00106765
34  1.9  0.000823044
34  2.0  0.000624525
34  2.5  0.000160601
34  3.0  4.76502e-05
34  3.5  1.56248e-05
32  11.5  2.16387e-10
34  4.0  5.7721e-06
34  4.5  2.20604e-06
34  5.0  9.08133e-07
34  5.5  3.8628e-07
34  7.0  3.93688e-08
34  7.5  1.97785e-08
34  6.0  1.80805e-07
34  6.5  8.35234e-08
34  8.0  1.00632e-08
34  10.0  7.88289e-10
34  8.5  5.09911e-09
34  9.0  2.71751e-09
34  9.5  1.43707e-09
34  11.0  2.40365e-10
4  0.2  0.0601315
4  0.3  0.0878736
34  11.5  1.37474e-10
4  0.4  0.105765
4  0.5  0.112241
4  0.6  0.105986
4  0.7  0.0918193
4  0.8  0.0766674
4  0.9  0.0613732
4  1.0  0.0477412
34  10.5  4.30455e-10
4  1.3  0.021932
4  1.1  0.0375622
4  1.2  0.0283618
4  1.4  0.0166404
4  1.5  0.0126166
4  1.7  0.00714654
4  1.6  0.00943584
4  1.9  0.00406394
4  1.8  0.00543514
4  2.0  0.00314982
4  2.5  0.000882702
4  3.0  0.000263777
4  3.5  9.03867e-05
34  12.0  7.85247e-11
4  5.0  5.3818e-06
4  4.0  3.32496e-05
4  4.5  1.2592e-05
4  5.5  2.28866e-06
4  6.0  1.01208e-06
4  7.0  2.19849e-07
4  6.5  4.77118e-07
4  7.5  1.10775e-07
4  8.0  5.73361e-08
4  8.5  2.92242e-08
4  10.0  4.38629e-09
4  9.0  1.53419e-08
4  9.5  8.11407e-09
6  0.2  0.0602962
6  0.3  0.0881725
6  0.4  0.10565
6  0.5  0.111633
6  0.6  0.105386
4  10.5  2.40907e-09
6  0.7  0.0928759
6  0.8  0.0757902
6  0.9  0.0613276
6  1.0  0.0471818
4  11.5  7.8494e-10
6  1.1  0.0373052
6  1.4  0.016499
6  1.2  0.0282698
6  1.3  0.0217345
4  11.0  1.33505e-09
6  1.5  0.0123867
6  1.6  0.0093236
6  1.8  0.00534377
6  1.7  0.00705761
6  1.9  0.00408317
6  2.5  0.000860707
6  2.0  0.00316185
6  3.0  0.000264395
6  3.5  9.00455e-05
4  12.0  4.36799e-10
6  5.0  5.23017e-06
6  4.0  3.31384e-05
6  4.5  1.25592e-05
6  5.5  2.15497e-06
6  7.0  2.23494e-07
6  6.0  9.87827e-07
6  6.5  4.89928e-07
6  7.5  1.12453e-07
6  9.0  1.50824e-08
6  8.0  5.67044e-08
6  8.5  2.85568e-08
6  10.0  4.40398e-09
6  9.5  7.83784e-09
8  0.2  0.0597415
6  11.5  7.62809e-10
8  0.3  0.0877573
8  0.4  0.105579
8  0.5  0.110645
8  0.6  0.104589
8  0.7  0.0905559
8  0.8  0.0756821
6  10.5  2.4155e-09
8  0.9  0.0604853
8  1.0  0.0479317
8  1.1  0.0368451
8  1.3  0.0213801
8  1.2  0.0279954
8  1.4  0.0164521
8  1.5  0.0121415
6  11.0  1.34721e-09
8  1.7  0.0068961
8  1.6  0.00914136
8  1.8  0.00524831
8  1.9  0.00401257
8  2.0  0.00307463
8  2.5  0.000848303
8  3.5  8.8579e-05
8  3.0  0.000263161
6  12.0  4.29209e-10
8  4.0  3.1898e-05
8  4.5  1.2423e-05
8  5.0  5.04679e-06
8  5.5  2.24629e-06
8  6.0  9.92531e-07
8  6.5  4.57769e-07
8  7.0  2.23299e-07
8  7.5  1.1032e-07
8  9.0  1.50861e-08
8  9.5  7.94719e-09
8  8.0  5.3706e-08
8  10.0  4.39378e-09
8  8.5  2.84974e-08
8  10.5  2.3337e-09
8  11.0  1.31797e-09
8  11.5  7.49107e-10
8  12.0  4.30813e-10
