# exclusive D0 cross section, Pb target, HymnD fragmentation, An0n channel
# generated      : 2026-08-20 11:04:19 EEST
# calls          : 1e5 below 4.0 GeV, 2e3 above (see EXCL_PT_THRESHOLD) (VEGAS calls per point, see CALLS_EXCL/CALLS_EXCL_FACTORIZED/CALLS_DIFF)
# dipole samples : data/Pb/bk_posterior/member_0062/glauber_mve_<b>
# pD0 sweep      : 0.2 0.3 0.4 0.5 0.6 0.7 0.8 0.9 1.0 1.1 1.2 1.3 1.4 1.5 1.6 1.7 1.8 1.9 2.0 2.5 3.0 3.5 4.0 4.5 5.0 5.5 6.0 6.5 7.0 7.5 8.0 8.5 9.0 9.5 10.0 10.5 11.0 11.5 12.0
# fixed rapidity y : -1.0
# ============================================================
# b  pD0  dsigma_dyd2pD0
0  0.2  3.0997
0  0.5  1.48492
0  0.4  1.95662
0  0.3  2.5073
0  0.6  1.09993
0  0.7  0.804049
0  0.8  0.582005
0  1.0  0.302401
0  0.9  0.419604
0  1.2  0.157894
0  1.1  0.217757
0  1.3  0.113094
0  1.5  0.0609944
0  1.6  0.0447714
0  1.4  0.0830809
0  1.7  0.0331675
0  1.9  0.0188919
0  1.8  0.0249284
0  2.0  0.014253
0  2.5  0.00374318
0  3.0  0.000820307
0  3.5  0.000305808
0  4.0  0.000109974
0  4.5  4.19973e-05
0  5.0  1.74444e-05
0  5.5  7.7074e-06
0  6.5  1.80357e-06
0  7.0  9.35554e-07
0  6.0  3.64692e-06
0  7.5  5.1293e-07
0  8.0  2.95594e-07
0  9.0  1.04277e-07
0  8.5  1.73293e-07
0  9.5  6.5101e-08
0  10.5  2.75417e-08
0  10.0  4.19469e-08
10  0.2  2.92633
10  0.3  2.36308
10  0.4  1.84011
0  12.0  8.96431e-09
10  0.5  1.3914
10  0.6  1.02907
10  0.7  0.749941
10  0.8  0.542296
10  0.9  0.39013
0  11.0  1.87389e-08
10  1.0  0.280813
10  1.1  0.201311
10  1.2  0.144317
10  1.4  0.0767424
10  1.3  0.104209
0  11.5  1.28843e-08
10  1.5  0.0562107
10  1.6  0.0413719
10  1.7  0.0300408
10  1.8  0.0226274
10  1.9  0.0170961
10  2.0  0.0131394
10  2.5  0.00326272
10  3.0  0.000884721
10  3.5  9.51984e-05
10  4.0  9.93309e-05
10  4.5  3.78937e-05
10  5.0  1.57829e-05
10  5.5  6.94256e-06
10  7.0  8.44186e-07
10  6.0  3.3015e-06
10  6.5  1.64626e-06
10  7.5  4.66262e-07
10  8.0  2.67386e-07
10  8.5  1.56717e-07
10  9.5  5.91285e-08
10  9.0  9.55088e-08
10  10.0  3.83979e-08
12  0.2  2.8459
10  10.5  2.53105e-08
10  11.0  1.68195e-08
12  0.3  2.29547
12  0.4  1.78709
12  0.5  1.35033
12  0.6  0.994608
12  0.7  0.725616
12  0.8  0.523417
12  0.9  0.376787
12  1.0  0.27049
12  1.1  0.193581
12  1.2  0.139249
12  1.3  0.100023
12  1.4  0.0725497
12  1.5  0.0541235
12  1.6  0.0386566
12  1.7  0.0293867
10  11.5  1.16782e-08
12  1.8  0.0225181
12  1.9  0.0164061
10  12.0  8.08458e-09
12  2.0  0.0124978
12  2.5  0.00325359
12  3.0  0.000713279
12  3.5  0.000298569
12  4.0  9.49205e-05
12  4.5  3.62717e-05
12  5.0  1.50497e-05
12  6.5  1.53829e-06
12  5.5  6.6276e-06
12  6.0  3.15235e-06
12  7.0  8.13985e-07
12  7.5  4.47064e-07
12  8.0  2.53136e-07
12  8.5  1.49492e-07
12  9.5  5.61126e-08
12  9.0  9.1247e-08
12  10.5  2.3664e-08
12  10.0  3.60974e-08
14  0.2  2.74573
14  0.3  2.2146
14  0.4  1.72091
14  0.5  1.29811
12  11.0  1.60339e-08
14  0.6  0.958021
14  0.7  0.69457
14  0.8  0.501432
12  11.5  1.10271e-08
14  0.9  0.360044
14  1.0  0.25833
14  1.1  0.185141
14  1.3  0.097119
14  1.2  0.132994
14  1.4  0.0699752
14  1.5  0.0500811
14  1.6  0.0368464
14  1.7  0.0274464
14  1.8  0.0198515
14  1.9  0.0151342
14  2.0  0.0113063
14  3.0  0.000674429
14  2.5  0.0028322
14  3.5  0.000260229
12  12.0  7.73636e-09
14  4.0  8.94128e-05
14  4.5  3.40475e-05
14  5.0  1.41857e-05
14  6.0  2.94686e-06
14  5.5  6.25033e-06
14  7.0  7.58059e-07
14  6.5  1.46532e-06
14  7.5  4.20866e-07
14  8.0  2.3893e-07
14  9.0  8.45505e-08
14  8.5  1.40583e-07
14  9.5  5.28398e-08
14  10.0  3.40164e-08
14  10.5  2.22777e-08
14  11.0  1.51268e-08
16  0.2  2.62992
16  0.3  2.11626
16  0.4  1.64288
16  0.5  1.23662
16  0.6  0.911278
16  0.7  0.66067
16  0.8  0.475244
16  0.9  0.34089
16  1.0  0.244416
16  1.1  0.175197
16  1.2  0.125129
16  1.3  0.0918496
16  1.4  0.0650529
16  1.5  0.0482913
16  1.7  0.0259677
16  1.6  0.034864
14  11.5  1.05001e-08
16  1.8  0.0187785
16  1.9  0.014532
16  2.5  0.00242038
16  2.0  0.0110699
16  3.0  0.000792219
16  3.5  0.000197745
14  12.0  7.2999e-09
16  4.0  8.32139e-05
16  4.5  3.17449e-05
16  5.5  5.81656e-06
16  6.5  1.34475e-06
16  5.0  1.30954e-05
16  6.0  2.73234e-06
16  7.5  3.90651e-07
16  7.0  7.13224e-07
16  8.0  2.22375e-07
16  8.5  1.29578e-07
16  9.0  7.84616e-08
16  10.5  2.08662e-08
16  11.0  1.39571e-08
16  9.5  4.96841e-08
16  10.0  3.19594e-08
18  0.2  2.48916
18  0.3  2.00002
18  0.4  1.54992
18  0.5  1.16296
18  0.6  0.854905
16  12.0  6.71176e-09
18  0.7  0.619425
18  0.8  0.444764
18  0.9  0.317511
18  1.0  0.227125
18  1.2  0.11715
18  1.1  0.162584
18  1.3  0.0834519
18  1.4  0.0606754
18  1.5  0.0433038
18  1.6  0.0326931
18  1.7  0.0238066
18  1.8  0.0176234
18  1.9  0.0131188
18  2.0  0.0101998
18  2.5  0.00240075
18  3.0  0.000661978
18  3.5  0.000313772
16  11.5  9.68587e-09
18  4.0  7.62733e-05
18  4.5  2.89463e-05
18  5.0  1.1923e-05
18  6.0  2.4925e-06
18  5.5  5.30585e-06
18  6.5  1.22623e-06
18  7.0  6.42399e-07
18  7.5  3.56215e-07
18  8.0  2.02922e-07
18  8.5  1.18747e-07
18  9.0  7.1543e-08
18  10.5  1.89814e-08
18  9.5  4.52667e-08
18  10.0  2.91089e-08
2  0.2  3.09324
18  11.0  1.26482e-08
2  0.3  2.50178
2  0.4  1.951
2  0.5  1.48072
18  12.0  6.17863e-09
2  0.6  1.09715
2  0.7  0.801334
2  0.8  0.580885
2  1.0  0.301845
2  0.9  0.418228
2  1.1  0.217074
2  1.2  0.157582
2  1.4  0.0829962
2  1.3  0.112545
18  11.5  8.78011e-09
2  1.5  0.0609711
2  1.6  0.0439418
2  1.7  0.0330513
2  1.8  0.0249126
2  1.9  0.0182062
2  2.0  0.0144331
2  2.5  0.00391862
2  3.0  0.00126777
2  3.5  0.000377994
2  4.0  0.000109555
2  4.5  4.18384e-05
2  5.0  1.73772e-05
2  5.5  7.67728e-06
2  6.5  1.79667e-06
2  7.0  9.31975e-07
2  6.0  3.63325e-06
2  7.5  5.10973e-07
2  9.0  1.03979e-07
2  8.0  2.93319e-07
2  8.5  1.72467e-07
2  9.5  6.49949e-08
2  10.0  4.17888e-08
2  10.5  2.75672e-08
20  0.2  2.32288
20  0.3  1.86252
20  0.4  1.43988
2  12.0  8.92112e-09
20  0.5  1.07952
20  0.6  0.790021
2  11.0  1.85518e-08
20  0.7  0.570651
20  0.8  0.408894
20  0.9  0.292151
20  1.0  0.207603
20  1.1  0.148096
20  1.2  0.106191
20  1.5  0.0401083
20  1.3  0.0758716
20  1.4  0.0545731
20  1.6  0.0294638
2  11.5  1.2842e-08
20  1.7  0.0217915
20  1.8  0.0162369
20  1.9  0.0121885
20  2.0  0.0090936
20  2.5  0.00232519
20  3.0  0.00064732
20  3.5  0.000108809
20  4.5  2.59032e-05
20  4.0  6.82212e-05
20  5.0  1.07291e-05
20  6.5  1.09272e-06
20  5.5  4.72914e-06
20  6.0  2.22132e-06
20  7.0  5.72273e-07
20  7.5  3.17068e-07
20  8.0  1.80729e-07
20  9.0  6.38888e-08
20  9.5  3.95828e-08
20  8.5  1.05802e-07
20  10.0  2.5967e-08
22  0.2  2.12513
20  11.0  1.13899e-08
22  0.3  1.69925
20  10.5  1.70903e-08
22  0.4  1.30897
22  0.5  0.976099
22  0.6  0.713342
22  0.7  0.513649
22  0.8  0.367579
22  0.9  0.260584
22  1.0  0.185384
22  1.1  0.132139
22  1.2  0.0943278
22  1.4  0.0490981
22  1.3  0.0671133
22  1.5  0.0347898
22  1.6  0.0257264
22  1.7  0.018843
22  1.8  0.0143448
22  1.9  0.0103611
22  2.0  0.00820163
22  2.5  0.00188622
22  3.0  0.00036971
22  3.5  0.000292297
20  11.5  7.88039e-09
20  12.0  5.53518e-09
22  4.0  5.87238e-05
22  4.5  2.24805e-05
22  5.0  9.20569e-06
22  6.0  1.92033e-06
22  5.5  4.08585e-06
22  6.5  9.43688e-07
22  7.0  4.94054e-07
22  7.5  2.70323e-07
22  8.0  1.53861e-07
22  8.5  9.14009e-08
22  9.0  5.58988e-08
22  10.0  2.21176e-08
22  9.5  3.48107e-08
22  11.0  9.77539e-09
22  10.5  1.46065e-08
24  0.2  1.88791
24  0.3  1.50486
24  0.4  1.15576
24  0.5  0.858808
22  11.5  6.74372e-09
24  0.6  0.624154
24  0.7  0.447472
24  0.8  0.317829
24  0.9  0.225542
24  1.0  0.15942
24  1.1  0.113582
22  12.0  4.71874e-09
24  1.2  0.079976
24  1.3  0.0576249
24  1.4  0.0413979
24  1.5  0.0304027
24  1.6  0.0220134
24  1.7  0.0160144
24  2.0  0.0064299
24  1.8  0.0119182
24  1.9  0.00897507
24  2.5  0.00149922
24  3.0  0.000350179
24  3.5  0.000139988
24  4.5  1.85823e-05
24  4.0  4.89957e-05
24  5.0  7.61245e-06
24  5.5  3.38242e-06
24  6.0  1.58714e-06
24  6.5  7.79723e-07
24  7.5  2.22969e-07
24  7.0  4.14565e-07
24  8.5  7.48487e-08
24  8.0  1.27521e-07
24  9.0  4.54526e-08
24  9.5  2.87274e-08
24  10.0  1.8524e-08
24  11.5  5.53464e-09
26  0.2  1.6078
26  0.3  1.27613
26  0.4  0.975663
24  10.5  1.20837e-08
24  11.0  8.11067e-09
26  0.5  0.720492
26  0.6  0.520693
26  0.7  0.370463
26  0.9  0.18548
26  0.8  0.261922
26  1.0  0.130695
26  1.1  0.0919509
26  1.2  0.0652661
26  1.3  0.0471497
26  1.4  0.0335318
26  1.5  0.0243792
26  1.6  0.017217
26  1.7  0.0129295
26  1.8  0.0094919
26  2.0  0.00553619
26  1.9  0.00716395
24  12.0  3.88144e-09
26  2.5  0.00113657
26  3.5  0.000212177
26  3.0  0.000266001
26  4.0  3.79668e-05
26  5.0  5.94022e-06
26  4.5  1.4448e-05
26  5.5  2.6228e-06
26  6.5  6.04192e-07
26  6.0  1.23063e-06
26  7.5  1.74643e-07
26  7.0  3.19455e-07
26  8.5  5.73293e-08
26  8.0  9.87538e-08
26  10.0  1.40984e-08
26  9.0  3.51334e-08
26  9.5  2.21693e-08
26  10.5  9.27227e-09
28  0.2  1.28333
26  11.0  6.27022e-09
28  0.3  1.01243
26  12.0  3.01125e-09
28  0.4  0.768711
28  0.5  0.563678
28  0.6  0.403892
28  0.7  0.285991
28  0.8  0.200657
28  0.9  0.140822
28  1.0  0.0985802
28  1.2  0.0490483
28  1.1  0.069009
28  1.3  0.0344943
28  1.4  0.0248667
26  11.5  4.33415e-09
28  1.5  0.0173215
28  1.6  0.0127291
28  1.7  0.00951795
28  1.8  0.00700603
28  1.9  0.00503513
28  2.0  0.00396126
28  2.5  0.00089958
28  3.0  0.00027997
28  3.5  0.000155591
28  4.5  1.02675e-05
28  4.0  2.70556e-05
28  6.0  8.68036e-07
28  5.0  4.19666e-06
28  5.5  1.85547e-06
28  6.5  4.29696e-07
28  7.0  2.21971e-07
28  7.5  1.22605e-07
28  8.0  6.96752e-08
28  8.5  4.10109e-08
28  9.0  2.46828e-08
28  10.5  6.5379e-09
28  9.5  1.55843e-08
28  11.5  3.01923e-09
28  10.0  1.00658e-08
30  0.2  0.929407
28  11.0  4.41035e-09
30  0.3  0.728419
30  0.4  0.547034
30  0.5  0.397646
30  0.6  0.282454
30  0.7  0.197614
30  0.8  0.137833
30  0.9  0.0957659
30  1.0  0.0664311
30  1.1  0.0463312
30  1.2  0.0323527
30  1.3  0.0229428
30  1.4  0.0161155
30  1.5  0.0115456
30  1.6  0.00824037
30  1.7  0.00617819
30  1.8  0.00448202
30  2.0  0.0023255
30  1.9  0.00346
30  2.5  0.000702891
30  3.0  0.000101383
30  3.5  7.89105e-05
28  12.0  2.1235e-09
30  4.5  6.36509e-06
30  5.0  2.60524e-06
30  4.0  1.68085e-05
30  5.5  1.15016e-06
30  7.0  1.36351e-07
30  6.0  5.36568e-07
30  6.5  2.6558e-07
30  7.5  7.53058e-08
30  8.0  4.28725e-08
30  9.0  1.51236e-08
30  8.5  2.51467e-08
30  10.5  4.00838e-09
30  10.0  6.0645e-09
30  11.0  2.68803e-09
30  9.5  9.54287e-09
32  0.2  0.589777
32  0.3  0.457211
32  0.4  0.339898
32  0.5  0.243559
32  0.6  0.171212
32  0.7  0.11839
32  0.8  0.0814622
32  0.9  0.0559955
32  1.0  0.0387759
32  1.1  0.0269253
30  11.5  1.8529e-09
32  1.2  0.0187424
32  1.3  0.0132251
32  1.4  0.00923171
32  1.5  0.00647502
32  1.6  0.00463089
32  1.7  0.00337468
30  12.0  1.29374e-09
32  1.8  0.00251558
32  1.9  0.00187996
32  2.0  0.00136282
32  2.5  0.000304914
32  3.0  9.68672e-05
32  3.5  4.72723e-05
32  4.0  8.7928e-06
32  4.5  3.29879e-06
32  5.0  1.34983e-06
32  5.5  5.94193e-07
32  6.0  2.75296e-07
32  7.0  7.00921e-08
32  8.0  2.15664e-08
32  6.5  1.36649e-07
32  7.5  3.8728e-08
32  9.5  4.83385e-09
32  8.5  1.28699e-08
32  9.0  7.78096e-09
32  10.5  2.04188e-09
32  10.0  3.11569e-09
34  0.2  0.320498
34  0.3  0.245504
34  0.4  0.179868
34  0.5  0.127329
34  0.6  0.08805
32  11.5  9.42526e-10
34  0.7  0.0600916
34  0.8  0.0408042
32  11.0  1.38851e-09
34  0.9  0.0277658
34  1.0  0.0189046
34  1.1  0.0129376
34  1.2  0.00886585
34  1.3  0.00623954
34  1.4  0.00441352
34  1.5  0.00308179
34  1.6  0.00222062
34  1.7  0.00158638
34  1.8  0.00116962
34  1.9  0.00082102
34  2.0  0.000620098
34  2.5  0.000125404
34  3.0  5.03027e-05
34  3.5  3.75559e-05
32  12.0  6.6441e-10
34  5.0  5.72171e-07
34  4.0  3.79517e-06
34  4.5  1.41392e-06
34  6.0  1.15764e-07
34  5.5  2.4897e-07
34  6.5  5.68914e-08
34  8.0  9.04722e-09
34  7.0  2.95944e-08
34  8.5  5.30194e-09
34  7.5  1.60543e-08
34  9.0  3.17812e-09
34  9.5  1.99931e-09
34  10.5  8.47227e-10
34  10.0  1.29181e-09
4  0.2  3.0733
4  0.3  2.48377
34  11.0  5.63301e-10
4  0.4  1.93805
4  0.5  1.47072
4  0.6  1.08909
4  0.7  0.79529
4  0.8  0.575533
4  0.9  0.414767
4  1.0  0.299025
4  1.1  0.214737
4  1.2  0.156223
4  1.4  0.0824555
4  1.3  0.111569
4  1.5  0.0601556
4  1.6  0.0433469
4  1.7  0.0326057
4  1.8  0.0248074
4  1.9  0.0182123
4  2.0  0.0138821
4  2.5  0.00356613
4  3.0  0.000993841
4  3.5  7.97007e-05
34  11.5  3.95656e-10
34  12.0  2.76703e-10
4  4.0  0.000108273
4  4.5  4.1362e-05
4  5.0  1.71794e-05
4  5.5  7.58807e-06
4  6.5  1.76727e-06
4  7.0  9.21238e-07
4  6.0  3.59233e-06
4  7.5  5.05103e-07
4  9.0  1.028e-07
4  8.0  2.91058e-07
4  8.5  1.70429e-07
4  9.5  6.42256e-08
4  11.0  1.80574e-08
4  10.0  4.1303e-08
6  0.2  3.03675
4  12.0  8.79141e-09
6  0.3  2.45807
6  0.4  1.91734
6  0.5  1.45169
6  0.6  1.07507
4  10.5  2.74959e-08
6  0.7  0.785286
6  0.8  0.568355
6  0.9  0.408496
6  1.0  0.294863
6  1.2  0.153943
6  1.1  0.211749
6  1.3  0.110848
6  1.4  0.0801263
6  1.5  0.0581041
6  1.6  0.0426554
6  1.7  0.032671
6  1.8  0.0243019
6  1.9  0.0178706
6  2.0  0.0138343
6  2.5  0.00337756
4  11.5  1.26715e-08
6  3.0  0.000915328
6  3.5  0.000426433
6  5.0  1.65955e-05
6  4.0  0.000106253
6  4.5  4.05673e-05
6  5.5  7.43685e-06
6  6.5  1.74142e-06
6  6.0  3.52414e-06
6  7.0  9.14299e-07
6  7.5  5.01573e-07
6  8.0  2.85306e-07
6  8.5  1.67058e-07
6  9.0  1.02266e-07
6  10.0  4.04881e-08
6  9.5  6.28028e-08
6  11.0  1.76756e-08
8  0.2  2.99041
8  0.3  2.41686
8  0.4  1.88397
6  12.0  8.65714e-09
8  0.5  1.42543
6  10.5  2.70498e-08
8  0.6  1.05524
8  0.7  0.769918
8  0.9  0.400825
8  0.8  0.556713
8  1.0  0.288998
8  1.1  0.207091
8  1.2  0.149281
8  1.3  0.107307
8  1.4  0.0794099
8  1.5  0.0577673
8  1.6  0.0424964
8  1.8  0.023882
8  1.7  0.0309835
6  11.5  1.24525e-08
8  1.9  0.0175385
8  2.0  0.0134968
8  2.5  0.00307596
8  3.0  0.000960286
8  3.5  0.000137751
8  4.0  0.000102942
8  4.5  3.94831e-05
8  5.0  1.63813e-05
8  5.5  7.22447e-06
8  6.0  3.4277e-06
8  6.5  1.69299e-06
8  7.0  8.87742e-07
8  7.5  4.8404e-07
8  8.0  2.77295e-07
8  8.5  1.62574e-07
8  9.5  6.1145e-08
8  9.0  9.91271e-08
8  10.0  3.93766e-08
8  10.5  2.62307e-08
8  11.5  1.19842e-08
8  11.0  1.76488e-08
8  12.0  8.43783e-09
