# diffractive D0 cross section, Pb target, LHAPDF fragmentation, An0n channel
# generated      : 2026-08-20 10:22:13 EEST
# calls          : 1e5 (VEGAS calls per point, see CALLS_EXCL/CALLS_EXCL_FACTORIZED/CALLS_DIFF)
# dipole samples : data/Pb/mve/glauber_mve_<b>
# pD0 sweep      : 0.2 0.3 0.4 0.5 0.6 0.7 0.8 0.9 1.0 1.1 1.2 1.3 1.4 1.5 1.6 1.7 1.8 1.9 2.0 2.5 3.0 3.5 4.0 4.5 5.0 5.5 6.0 6.5 7.0 7.5 8.0 8.5 9.0 9.5 10.0 10.5 11.0 11.5 12.0
# fixed rapidity y : 2.0
# ============================================================
# b  pD0  dsigma_dyd2pD0
0  0.2  0.19194
0  0.5  0.406575
0  0.3  0.286097
0  0.4  0.364612
0  0.6  0.411924
0  0.9  0.287172
0  0.7  0.37899
0  0.8  0.340036
0  1.0  0.237406
0  1.2  0.155462
0  1.1  0.192613
0  1.3  0.123772
0  1.4  0.0973013
0  1.5  0.0770229
0  1.6  0.0634205
0  1.7  0.048618
0  1.8  0.0391661
0  1.9  0.030911
0  2.5  0.00860562
0  2.0  0.0250567
0  3.5  0.00136764
0  3.0  0.00326171
0  5.0  0.000156899
0  4.0  0.000623515
0  4.5  0.000308684
0  6.0  4.53997e-05
0  5.5  8.43751e-05
0  7.0  1.57657e-05
0  7.5  9.37532e-06
0  6.5  2.55083e-05
0  8.0  5.68645e-06
0  8.5  3.5488e-06
0  9.0  2.36278e-06
0  9.5  1.54993e-06
0  10.0  1.01257e-06
10  0.2  0.189084
10  0.3  0.283679
10  0.4  0.365075
0  10.5  6.82762e-07
10  0.6  0.404083
10  0.5  0.401729
10  0.7  0.373387
10  0.8  0.327823
10  0.9  0.280052
10  1.0  0.226498
10  1.1  0.18463
10  1.2  0.147859
10  1.4  0.0923758
10  1.3  0.119475
10  1.5  0.0728459
0  11.0  4.6017e-07
10  1.7  0.0459135
10  1.6  0.0587427
10  1.8  0.0368925
10  1.9  0.029592
0  11.5  3.10242e-07
10  2.0  0.0236747
0  12.0  2.16774e-07
10  2.5  0.00818345
10  3.0  0.00306376
10  3.5  0.00131007
10  4.0  0.000590841
10  4.5  0.000293508
10  5.0  0.000148555
10  5.5  7.98586e-05
10  7.0  1.45858e-05
10  7.5  8.88651e-06
10  6.0  4.40573e-05
10  6.5  2.45088e-05
10  8.0  5.56353e-06
10  8.5  3.52876e-06
10  9.0  2.20081e-06
10  9.5  1.48156e-06
10  10.0  9.49256e-07
12  0.2  0.189684
12  0.3  0.284722
12  0.4  0.360701
12  0.5  0.396485
10  10.5  6.57354e-07
12  0.6  0.39823
12  0.7  0.368838
12  0.8  0.326265
12  0.9  0.274275
12  1.0  0.225376
12  1.1  0.182351
12  1.2  0.145514
12  1.3  0.116587
12  1.4  0.0918791
12  1.5  0.0715946
12  1.7  0.0455416
12  1.6  0.0591126
10  11.0  4.36059e-07
12  1.8  0.0362441
10  12.0  1.96661e-07
12  1.9  0.0287319
12  2.5  0.00797007
12  2.0  0.0230146
12  3.5  0.00126703
12  3.0  0.00302286
10  11.5  2.9406e-07
12  4.0  0.000587351
12  4.5  0.000285113
12  5.0  0.000146699
12  6.0  4.222e-05
12  5.5  7.39561e-05
12  7.5  8.75026e-06
12  6.5  2.40602e-05
12  7.0  1.45828e-05
12  8.0  5.26249e-06
12  8.5  3.43935e-06
12  9.0  2.18961e-06
12  9.5  1.41893e-06
12  10.0  9.17166e-07
14  0.2  0.186914
14  0.3  0.28084
12  11.5  2.94048e-07
14  0.4  0.354697
14  0.5  0.397187
14  0.6  0.390829
12  10.5  6.33371e-07
14  0.7  0.365013
14  0.9  0.267504
14  0.8  0.320915
14  1.0  0.220272
14  1.1  0.178255
14  1.2  0.141721
14  1.3  0.110623
14  1.4  0.0913142
14  1.5  0.0706857
14  1.6  0.056024
14  1.7  0.0441175
12  12.0  1.96087e-07
14  1.8  0.0352918
12  11.0  4.27335e-07
14  1.9  0.0277296
14  2.5  0.00785144
14  2.0  0.0223763
14  3.0  0.00293076
14  3.5  0.00124169
14  6.0  4.09767e-05
14  4.0  0.000562719
14  4.5  0.000273159
14  5.0  0.000140312
14  5.5  7.57442e-05
14  7.5  8.44355e-06
14  6.5  2.35865e-05
14  7.0  1.3962e-05
14  8.0  5.29731e-06
14  8.5  3.31092e-06
14  9.0  2.13353e-06
14  9.5  1.37225e-06
14  10.0  8.87629e-07
16  0.2  0.185511
16  0.3  0.277402
16  0.4  0.355428
14  10.5  6.19677e-07
16  0.5  0.389084
16  0.6  0.389159
16  0.7  0.358557
16  0.8  0.31322
16  0.9  0.262801
16  1.0  0.215504
16  1.1  0.173067
16  1.2  0.139119
16  1.3  0.10947
16  1.4  0.0871173
16  1.5  0.068638
16  1.6  0.0542113
16  1.7  0.0432299
14  12.0  1.99036e-07
16  1.8  0.0338022
14  11.0  4.1246e-07
16  1.9  0.0267938
16  2.0  0.0215148
16  2.5  0.00743564
16  3.5  0.00120822
16  3.0  0.0028128
14  11.5  2.74349e-07
16  4.0  0.000549215
16  6.0  4.01127e-05
16  4.5  0.000269232
16  5.0  0.000131248
16  5.5  7.14134e-05
16  7.0  1.36395e-05
16  7.5  8.16067e-06
16  6.5  2.28133e-05
16  8.0  5.04886e-06
16  8.5  3.2027e-06
16  9.0  2.05625e-06
16  9.5  1.33843e-06
18  0.2  0.18397
16  10.0  8.93023e-07
18  0.3  0.2742
16  11.0  4.03615e-07
18  0.4  0.349483
18  0.5  0.380198
18  0.6  0.38087
16  10.5  5.87324e-07
18  0.7  0.347686
18  0.8  0.304221
18  0.9  0.255363
18  1.0  0.207644
18  1.1  0.169943
16  11.5  2.59877e-07
18  1.2  0.13356
18  1.3  0.104219
18  1.4  0.0837736
18  1.5  0.0655573
18  1.6  0.0514779
18  1.7  0.0420574
18  1.8  0.0330117
18  1.9  0.0261745
18  2.0  0.020741
18  2.5  0.00711096
18  3.0  0.00271961
18  3.5  0.00114334
16  12.0  1.85425e-07
18  5.0  0.000130335
18  6.0  3.76014e-05
18  4.0  0.000521108
18  4.5  0.000254849
18  5.5  6.84808e-05
18  7.5  7.77655e-06
18  6.5  2.21587e-05
18  7.0  1.28406e-05
18  8.0  4.69248e-06
18  8.5  3.03712e-06
18  9.0  1.91535e-06
18  9.5  1.28244e-06
2  0.2  0.192319
2  0.3  0.286471
2  0.4  0.369495
18  10.0  8.31724e-07
2  0.5  0.405768
2  0.6  0.408689
2  0.7  0.384519
2  0.8  0.338538
2  0.9  0.289026
18  10.5  5.56694e-07
2  1.0  0.237079
2  1.1  0.192178
2  1.2  0.154954
2  1.3  0.123046
2  1.4  0.0973496
2  1.5  0.075863
2  1.6  0.0611827
18  11.0  3.82375e-07
2  1.7  0.0482851
2  1.8  0.0383927
2  1.9  0.0301095
2  2.0  0.0247247
2  2.5  0.00850374
2  3.0  0.00324555
18  11.5  2.58769e-07
2  3.5  0.00137724
18  12.0  1.80057e-07
2  5.0  0.000153054
2  4.0  0.000623622
2  4.5  0.000301785
2  5.5  8.17903e-05
2  7.0  1.54979e-05
2  6.0  4.57467e-05
2  7.5  9.38607e-06
2  6.5  2.64499e-05
2  8.0  5.76286e-06
2  8.5  3.54599e-06
2  9.0  2.35198e-06
2  9.5  1.53805e-06
2  10.0  9.95212e-07
20  0.2  0.18116
20  0.3  0.268112
20  0.4  0.339368
20  0.5  0.371266
2  10.5  6.80162e-07
20  0.6  0.362506
20  0.7  0.334868
20  0.8  0.293424
20  0.9  0.242937
20  1.0  0.199932
20  1.1  0.158827
20  1.3  0.0988503
20  1.2  0.127365
2  11.0  4.50224e-07
20  1.4  0.0800604
20  1.5  0.0630144
20  1.6  0.0497664
20  1.7  0.03909
20  1.8  0.0309778
20  2.0  0.0195503
2  12.0  2.19039e-07
20  1.9  0.0246723
20  2.5  0.00665786
2  11.5  3.11272e-07
20  3.0  0.00268278
20  3.5  0.00109363
20  6.0  3.59729e-05
20  4.0  0.000497369
20  4.5  0.000233206
20  5.0  0.00011957
20  5.5  6.45393e-05
20  7.0  1.21037e-05
20  6.5  2.06468e-05
20  7.5  7.39235e-06
20  8.0  4.60629e-06
20  9.5  1.21944e-06
20  8.5  2.85912e-06
20  9.0  1.80261e-06
22  0.2  0.178009
20  10.0  7.98854e-07
22  0.3  0.265866
22  0.4  0.333028
22  0.5  0.360484
22  0.6  0.350659
22  0.7  0.321636
22  0.8  0.279673
22  0.9  0.231987
20  10.5  5.37426e-07
22  1.0  0.189484
22  1.1  0.151894
22  1.2  0.120383
22  1.3  0.0947722
22  1.4  0.0747682
22  1.5  0.0590761
22  1.6  0.0454547
22  1.7  0.0363597
22  1.8  0.0258391
22  1.9  0.0230945
22  2.0  0.018324
20  11.0  3.65535e-07
22  2.5  0.00622158
22  3.0  0.00240365
22  3.5  0.00102128
20  11.5  2.39243e-07
20  12.0  1.73507e-07
22  4.0  0.000461314
22  4.5  0.000222216
22  5.0  0.000112179
22  6.0  3.32146e-05
22  5.5  5.92893e-05
22  6.5  1.93729e-05
22  7.0  1.12899e-05
22  7.5  6.83961e-06
22  8.0  4.21805e-06
22  8.5  2.67903e-06
22  9.0  1.66268e-06
22  9.5  1.11088e-06
24  0.2  0.177139
22  10.0  7.33207e-07
24  0.3  0.258009
24  0.4  0.321234
24  0.5  0.347277
24  0.6  0.338405
22  11.0  3.38589e-07
24  0.7  0.305728
24  0.8  0.261783
24  1.0  0.174128
24  0.9  0.216857
24  1.1  0.139686
24  1.2  0.109127
22  10.5  4.89984e-07
24  1.3  0.0875503
24  1.4  0.0690839
24  1.5  0.0537785
24  1.7  0.0336365
24  1.6  0.0427271
24  1.8  0.0263731
24  1.9  0.0212898
24  2.5  0.00568931
24  3.0  0.00219272
24  2.0  0.016636
24  3.5  0.000932344
22  11.5  2.33437e-07
22  12.0  1.51428e-07
24  5.0  0.000101811
24  4.0  0.000413668
24  4.5  0.000199679
24  5.5  5.44646e-05
24  6.0  2.97433e-05
24  6.5  1.76157e-05
24  7.0  1.00374e-05
24  7.5  6.08049e-06
24  8.0  3.73e-06
24  8.5  2.41818e-06
24  9.0  1.54174e-06
24  10.0  6.67351e-07
24  9.5  9.95138e-07
26  0.2  0.172134
26  0.3  0.250259
26  0.4  0.311658
26  0.5  0.331626
26  0.6  0.314192
24  10.5  4.30395e-07
26  0.7  0.280332
26  0.8  0.240042
26  0.9  0.198335
26  1.0  0.160045
26  1.1  0.127064
26  1.2  0.101199
24  11.0  3.05955e-07
26  1.3  0.0782256
26  1.4  0.0612606
26  1.5  0.0477539
26  1.6  0.0379943
26  1.7  0.0297803
26  1.8  0.0233478
26  2.0  0.014744
26  1.9  0.0186084
26  2.5  0.00501532
26  3.0  0.00194537
26  3.5  0.000827352
24  11.5  1.98434e-07
24  12.0  1.42516e-07
26  4.0  0.00036451
26  4.5  0.000180357
26  5.0  8.93379e-05
26  5.5  4.90134e-05
26  6.0  2.63224e-05
26  6.5  1.50533e-05
26  7.0  9.15254e-06
26  7.5  5.46921e-06
26  8.0  3.37058e-06
26  8.5  2.12797e-06
26  9.5  9.00267e-07
26  9.0  1.37123e-06
26  10.0  5.90361e-07
28  0.2  0.164652
28  0.3  0.238156
28  0.4  0.286988
28  0.5  0.299158
26  10.5  3.93795e-07
28  0.6  0.280681
28  0.7  0.247029
28  0.8  0.211043
26  11.0  2.59577e-07
28  0.9  0.172698
28  1.0  0.138742
28  1.1  0.109157
28  1.2  0.0862424
28  1.3  0.0661703
28  1.4  0.0522884
28  1.5  0.0404782
28  1.6  0.0318692
28  1.7  0.0257465
26  11.5  1.82621e-07
28  1.8  0.0200922
28  1.9  0.0162296
28  2.5  0.00431917
28  2.0  0.012672
28  3.0  0.00157325
28  3.5  0.000679927
26  12.0  1.26029e-07
28  4.5  0.000147823
28  5.0  7.65438e-05
28  4.0  0.000303596
28  5.5  3.93119e-05
28  6.0  2.25028e-05
28  6.5  1.28251e-05
28  7.0  7.68073e-06
28  7.5  4.5403e-06
28  8.0  2.73108e-06
28  8.5  1.7166e-06
28  10.0  4.95789e-07
28  9.0  1.16158e-06
28  10.5  3.31293e-07
28  9.5  7.48962e-07
30  0.2  0.152227
30  0.3  0.217789
30  0.4  0.257687
30  0.5  0.2597
30  0.6  0.24202
30  0.7  0.209584
30  0.8  0.173719
30  0.9  0.140676
30  1.0  0.11224
30  1.1  0.0871278
30  1.2  0.0689782
30  1.3  0.0534611
30  1.4  0.0416792
30  1.5  0.0324206
30  1.7  0.0197591
28  11.0  2.18854e-07
30  1.6  0.0253562
30  1.8  0.0155866
30  1.9  0.0124819
30  2.0  0.00997521
30  2.5  0.00337911
30  3.5  0.000545519
30  3.0  0.00129593
28  11.5  1.48285e-07
28  12.0  1.06021e-07
30  4.0  0.000241961
30  5.0  5.95525e-05
30  5.5  3.19508e-05
30  4.5  0.000118919
30  6.0  1.78185e-05
30  7.5  3.5937e-06
30  6.5  1.01502e-05
30  7.0  5.84786e-06
30  9.0  8.88471e-07
30  8.0  2.18732e-06
30  8.5  1.36064e-06
30  9.5  5.84008e-07
30  10.0  3.88411e-07
32  0.2  0.137937
32  0.3  0.188159
30  10.5  2.61985e-07
32  0.4  0.219801
32  0.5  0.209005
32  0.6  0.189929
32  0.7  0.159544
32  0.8  0.131989
32  0.9  0.10387
32  1.1  0.0665536
32  1.0  0.0824133
30  11.0  1.776e-07
32  1.2  0.0497476
32  1.3  0.0398371
32  1.4  0.0302577
32  1.5  0.0236396
32  1.6  0.0188127
32  1.8  0.0113484
32  1.7  0.0145917
32  2.0  0.0071417
32  1.9  0.00912094
32  3.0  0.000913657
32  2.5  0.00244235
30  11.5  1.21511e-07
32  3.5  0.000390955
30  12.0  8.2719e-08
32  4.5  8.59181e-05
32  5.0  4.14654e-05
32  4.0  0.000176113
32  6.0  1.23232e-05
32  5.5  2.31581e-05
32  6.5  7.42731e-06
32  7.0  4.17821e-06
32  8.5  9.95529e-07
32  7.5  2.6589e-06
32  8.0  1.59971e-06
32  9.0  6.52139e-07
32  9.5  4.05531e-07
32  10.0  2.78915e-07
4  0.2  0.192483
4  0.3  0.286283
4  0.4  0.368135
32  10.5  1.85007e-07
4  0.5  0.403007
4  0.6  0.41129
4  0.7  0.382743
4  0.8  0.338939
4  0.9  0.286933
4  1.0  0.236932
4  1.1  0.190765
4  1.2  0.156137
4  1.3  0.121489
4  1.4  0.09692
4  1.5  0.0770942
32  11.0  1.25353e-07
4  1.6  0.061178
4  1.7  0.0484553
4  1.8  0.0384692
4  1.9  0.0306821
4  2.0  0.0246698
4  2.5  0.00844585
4  3.5  0.00136408
4  3.0  0.00322749
32  11.5  8.6068e-08
32  12.0  5.94753e-08
4  5.0  0.000152268
4  4.0  0.000626549
4  4.5  0.000301757
4  5.5  8.17738e-05
4  7.0  1.51309e-05
4  6.0  4.51452e-05
4  7.5  9.32945e-06
4  6.5  2.60167e-05
4  8.0  5.67056e-06
4  8.5  3.66192e-06
4  10.0  1.01131e-06
4  9.0  2.34408e-06
4  9.5  1.54195e-06
6  0.2  0.189979
6  0.3  0.284079
6  0.4  0.361448
6  0.5  0.409926
4  10.5  6.79797e-07
6  0.6  0.406194
6  0.7  0.383305
6  0.8  0.336476
6  0.9  0.285698
4  12.0  2.05853e-07
6  1.0  0.233135
6  1.1  0.188672
6  1.3  0.120159
6  1.2  0.151542
4  11.0  4.5908e-07
6  1.5  0.0772625
6  1.4  0.0964461
6  1.6  0.0601875
6  1.7  0.0472029
4  11.5  3.05132e-07
6  1.8  0.0380778
6  2.0  0.0244375
6  1.9  0.0306776
6  2.5  0.00854215
6  3.0  0.00319392
6  3.5  0.00135171
6  4.0  0.000620886
6  5.0  0.000153875
6  4.5  0.000300574
6  5.5  8.12937e-05
6  7.0  1.53015e-05
6  7.5  9.21156e-06
6  6.0  4.60017e-05
6  6.5  2.58596e-05
6  8.0  5.64182e-06
6  8.5  3.56576e-06
6  9.0  2.31695e-06
6  9.5  1.52602e-06
6  10.5  6.68899e-07
6  10.0  1.00801e-06
8  0.2  0.189324
8  0.3  0.283992
8  0.4  0.36106
8  0.5  0.404352
8  0.6  0.399855
8  0.7  0.376972
8  0.8  0.335193
8  0.9  0.278816
8  1.0  0.231176
8  1.1  0.188184
8  1.2  0.150868
6  11.0  4.47756e-07
8  1.3  0.119346
8  1.4  0.0955316
8  1.5  0.0755657
8  1.6  0.0593625
8  1.8  0.0375487
8  1.7  0.0472237
8  1.9  0.0294448
6  12.0  2.08899e-07
6  11.5  3.09233e-07
8  2.0  0.0239386
8  2.5  0.00818781
8  3.5  0.00136293
8  3.0  0.00311702
8  4.0  0.000615695
8  5.0  0.000151341
8  4.5  0.000296608
8  5.5  8.07565e-05
8  7.0  1.49428e-05
8  6.0  4.35912e-05
8  7.5  9.06993e-06
8  6.5  2.62968e-05
8  8.0  5.66821e-06
8  8.5  3.57008e-06
8  9.0  2.27593e-06
8  9.5  1.4922e-06
8  10.0  9.82539e-07
8  10.5  6.55088e-07
8  11.0  4.47435e-07
8  12.0  2.08083e-07
8  11.5  2.95255e-07
