# exclusive D0 cross section, Pb target, HymnD fragmentation, An0n channel
# generated      : 2026-08-20 10:21:43 EEST
# calls          : 1e5 below 4.0 GeV, 2e3 above (see EXCL_PT_THRESHOLD) (VEGAS calls per point, see CALLS_EXCL/CALLS_EXCL_FACTORIZED/CALLS_DIFF)
# dipole samples : data/Pb/mve/glauber_mve_<b>
# pD0 sweep      : 0.2 0.3 0.4 0.5 0.6 0.7 0.8 0.9 1.0 1.1 1.2 1.3 1.4 1.5 1.6 1.7 1.8 1.9 2.0 2.5 3.0 3.5 4.0 4.5 5.0 5.5 6.0 6.5 7.0 7.5 8.0 8.5 9.0 9.5 10.0 10.5 11.0 11.5 12.0
# fixed rapidity y : 1.0
# ============================================================
# b  pD0  dsigma_dyd2pD0
0  0.3  2.61323
0  0.5  1.5077
0  0.2  3.27587
0  0.4  2.01244
0  0.8  0.574721
0  0.6  1.10499
0  0.7  0.799558
0  0.9  0.410689
0  1.2  0.151566
0  1.1  0.211243
0  1.0  0.293626
0  1.3  0.109434
0  1.5  0.0570398
0  1.4  0.0791975
0  1.8  0.0230145
0  1.6  0.0416357
0  1.9  0.0171162
0  1.7  0.0304996
0  2.0  0.0125676
0  2.5  0.00323837
0  3.0  0.00073564
0  3.5  0.000268421
0  4.5  3.4587e-05
0  4.0  9.43051e-05
0  5.0  1.3844e-05
0  5.5  5.82766e-06
0  6.0  2.60298e-06
0  7.0  5.97359e-07
0  6.5  1.22051e-06
0  8.5  8.67968e-08
0  8.0  1.598e-07
0  7.5  3.02354e-07
0  9.5  2.77092e-08
0  9.0  4.82619e-08
0  11.0  5.94587e-09
0  10.0  1.62098e-08
10  0.2  3.1178
10  0.3  2.48376
10  0.4  1.90843
10  0.5  1.42593
0  10.5  9.73086e-09
10  0.6  1.04451
10  0.7  0.7543
10  0.8  0.540374
0  11.5  3.73273e-09
10  0.9  0.386428
10  1.0  0.275214
10  1.1  0.197322
10  1.2  0.140971
10  1.3  0.10105
10  1.4  0.0729771
10  1.6  0.0395817
0  12.0  2.37013e-09
10  1.5  0.0528888
10  1.8  0.021527
10  1.7  0.0287903
10  1.9  0.01575
10  2.0  0.0116984
10  2.5  0.00299825
10  3.0  0.000728456
10  3.5  0.000253764
10  4.0  8.6325e-05
10  5.0  1.26526e-05
10  6.0  2.38208e-06
10  4.5  3.18199e-05
10  5.5  5.32167e-06
10  6.5  1.10768e-06
10  8.0  1.43728e-07
10  7.0  5.4535e-07
10  7.5  2.75209e-07
10  8.5  7.89282e-08
10  9.5  2.52318e-08
10  10.5  8.7664e-09
10  9.0  4.38672e-08
10  11.0  5.40057e-09
10  10.0  1.47314e-08
12  0.2  3.04725
12  0.3  2.42385
12  0.4  1.86177
12  0.5  1.38888
12  0.6  1.01583
12  0.7  0.732994
12  0.8  0.524992
12  0.9  0.374862
12  1.0  0.267331
12  1.1  0.191166
12  1.2  0.136767
10  11.5  3.38867e-09
12  1.3  0.0979692
12  1.4  0.0707294
12  1.5  0.0512595
12  1.6  0.03735
12  1.7  0.0273173
12  1.8  0.0206884
12  1.9  0.0152858
10  12.0  2.14938e-09
12  2.0  0.0114089
12  2.5  0.00285506
12  3.0  0.000697382
12  3.5  0.000279384
12  5.0  1.21227e-05
12  4.0  8.2707e-05
12  4.5  3.04946e-05
12  6.0  2.27992e-06
12  5.5  5.09574e-06
12  6.5  1.05497e-06
12  7.0  5.21188e-07
12  8.0  1.37842e-07
12  7.5  2.63067e-07
12  8.5  7.53405e-08
12  9.5  2.40885e-08
12  9.0  4.19165e-08
12  11.0  5.15534e-09
12  10.0  1.40699e-08
14  0.2  2.95612
14  0.3  2.35171
14  0.4  1.80306
14  0.5  1.34406
14  0.6  0.981189
14  0.7  0.7074
12  10.5  8.43884e-09
14  0.8  0.506425
14  0.9  0.360654
14  1.0  0.256401
14  1.1  0.183631
12  11.5  3.2358e-09
14  1.2  0.131243
14  1.3  0.0940126
14  1.4  0.0680502
14  1.5  0.0490671
14  1.6  0.0356347
14  1.7  0.0266348
12  12.0  2.05176e-09
14  1.8  0.0198179
14  1.9  0.0146258
14  2.0  0.0108944
14  2.5  0.00272906
14  3.5  0.000222876
14  3.0  0.000562284
14  5.0  1.1483e-05
14  4.0  7.84388e-05
14  4.5  2.89212e-05
14  6.0  2.1575e-06
14  5.5  4.82731e-06
14  7.0  4.87266e-07
14  7.5  2.46333e-07
14  6.5  1.00465e-06
14  8.0  1.31489e-07
14  9.0  3.94147e-08
14  8.5  7.12804e-08
14  9.5  2.27569e-08
14  11.0  4.86536e-09
14  10.0  1.32909e-08
16  0.2  2.84885
16  0.3  2.26183
14  10.5  8.0368e-09
16  0.4  1.73237
16  0.5  1.28936
16  0.6  0.940192
16  0.7  0.676451
16  0.8  0.483382
16  0.9  0.344194
16  1.0  0.244543
14  11.5  3.05437e-09
16  1.1  0.174513
16  1.2  0.12463
16  1.3  0.0898177
16  1.5  0.0475523
16  1.4  0.0641042
14  12.0  1.9373e-09
16  1.6  0.034666
16  1.7  0.0249909
16  1.8  0.0186605
16  1.9  0.0136675
16  2.0  0.0102802
16  2.5  0.00245234
16  3.0  0.000627885
16  3.5  0.00026729
16  4.0  7.36415e-05
16  5.0  1.07491e-05
16  4.5  2.70317e-05
16  6.0  2.01296e-06
16  5.5  4.5129e-06
16  7.5  2.30367e-07
16  8.0  1.21174e-07
16  6.5  9.38029e-07
16  7.0  4.57765e-07
16  8.5  6.63367e-08
16  9.5  2.12281e-08
16  9.0  3.67103e-08
16  11.0  4.52502e-09
16  10.0  1.239e-08
18  0.2  2.71744
18  0.3  2.1563
18  0.4  1.64818
18  0.5  1.22468
18  0.6  0.89131
16  10.5  7.41978e-09
18  0.7  0.640688
18  0.8  0.456493
18  0.9  0.323836
16  11.5  2.84251e-09
18  1.0  0.230501
18  1.1  0.163615
18  1.2  0.116722
18  1.4  0.0600984
18  1.3  0.0834452
18  1.5  0.0443204
18  1.6  0.0321455
18  1.7  0.0234367
18  1.8  0.0174078
16  12.0  1.80343e-09
18  1.9  0.0125752
18  2.0  0.00959543
18  3.0  0.000650908
18  2.5  0.00241506
18  3.5  0.000239862
18  4.0  6.79384e-05
18  4.5  2.4917e-05
18  5.0  9.86903e-06
18  5.5  4.15058e-06
18  6.0  1.84927e-06
18  6.5  8.61587e-07
18  7.0  4.20275e-07
18  8.0  1.12512e-07
18  7.5  2.12973e-07
18  8.5  6.09096e-08
18  9.5  1.9435e-08
18  9.0  3.38038e-08
18  11.0  4.1393e-09
18  10.0  1.13498e-08
2  0.2  3.27048
2  0.3  2.60852
2  0.4  2.00852
2  0.5  1.50226
2  0.6  1.10314
18  10.5  6.78835e-09
2  0.7  0.798745
2  0.8  0.573243
2  0.9  0.409728
2  1.0  0.293466
2  1.1  0.210294
2  1.3  0.109497
2  1.2  0.151167
2  1.4  0.0790565
2  1.5  0.056716
2  1.6  0.0414407
2  1.7  0.0310413
2  1.8  0.0225001
2  1.9  0.0168432
2  2.0  0.0128627
18  11.5  2.60063e-09
2  2.5  0.0032775
2  3.0  0.000854992
18  12.0  1.64972e-09
2  3.5  0.000318182
2  4.5  3.44604e-05
2  4.0  9.39906e-05
2  5.0  1.37966e-05
2  5.5  5.80769e-06
2  6.0  2.5939e-06
2  7.0  5.95261e-07
2  6.5  1.21621e-06
2  8.5  8.6475e-08
2  8.0  1.5922e-07
2  7.5  3.01085e-07
2  9.5  2.7649e-08
2  9.0  4.80859e-08
2  11.0  5.92405e-09
2  10.0  1.61509e-08
20  0.2  2.56309
20  0.3  2.0296
20  0.4  1.54767
2  10.5  9.69518e-09
20  0.5  1.1476
20  0.6  0.833273
20  0.7  0.596599
20  0.8  0.424488
20  0.9  0.300918
20  1.0  0.21308
20  1.1  0.151099
20  1.2  0.108065
20  1.3  0.0769891
20  1.4  0.0563913
20  1.6  0.0294995
20  1.5  0.0399045
20  1.7  0.0215645
2  12.0  2.36139e-09
20  1.8  0.0156474
20  1.9  0.0117157
20  2.0  0.00867231
20  3.0  0.000450038
20  2.5  0.00214945
2  11.5  3.68807e-09
20  3.5  0.000178551
20  4.5  2.23175e-05
20  5.0  8.91519e-06
20  4.0  6.12722e-05
20  5.5  3.73835e-06
20  6.0  1.66357e-06
20  7.0  3.79941e-07
20  6.5  7.7419e-07
20  8.0  1.01033e-07
20  7.5  1.91243e-07
20  8.5  5.4622e-08
20  9.5  1.74207e-08
20  9.0  3.02951e-08
20  10.0  1.0161e-08
22  0.2  2.37355
20  10.5  6.07745e-09
22  0.3  1.87601
22  0.4  1.42797
22  0.5  1.05394
22  0.6  0.763074
22  0.7  0.545487
22  0.8  0.387675
20  11.5  2.32535e-09
22  0.9  0.273522
22  1.0  0.193134
22  1.1  0.137088
22  1.2  0.0975683
20  11.0  3.71775e-09
22  1.3  0.0693273
22  1.4  0.049639
22  1.5  0.0367103
22  1.6  0.0262991
22  1.7  0.0191527
22  1.9  0.0103469
22  1.8  0.0141254
22  2.0  0.0076701
20  12.0  1.475e-09
22  2.5  0.00189043
22  3.0  0.000393749
22  3.5  0.000187804
22  4.5  1.96887e-05
22  4.0  5.39437e-05
22  5.5  3.25593e-06
22  5.0  7.78906e-06
22  6.0  1.45717e-06
22  7.5  1.65567e-07
22  7.0  3.31619e-07
22  6.5  6.76863e-07
22  8.0  8.79718e-08
22  9.0  2.64413e-08
22  8.5  4.74187e-08
22  9.5  1.50818e-08
22  10.0  8.82903e-09
24  0.2  2.15004
24  0.3  1.69284
24  0.4  1.28396
22  10.5  5.28048e-09
24  0.5  0.945134
24  0.6  0.681887
24  0.7  0.485282
22  12.0  1.27682e-09
24  0.8  0.34333
24  0.9  0.241109
24  1.1  0.120374
24  1.0  0.169892
24  1.2  0.0854259
22  11.5  2.01794e-09
22  11.0  3.22699e-09
24  1.3  0.0612132
24  1.5  0.0317242
24  1.4  0.0435087
24  1.7  0.0166654
24  1.6  0.0224534
24  1.8  0.0121744
24  1.9  0.00901211
24  2.0  0.00676107
24  2.5  0.00167605
24  3.0  0.000378973
24  3.5  0.000187867
24  4.0  4.56423e-05
24  4.5  1.67104e-05
24  5.0  6.56515e-06
24  6.5  5.70156e-07
24  6.0  1.22381e-06
24  5.5  2.75236e-06
24  7.5  1.39831e-07
24  8.5  3.94962e-08
24  7.0  2.75948e-07
24  8.0  7.34517e-08
24  10.0  7.32315e-09
24  9.5  1.25303e-08
24  9.0  2.19849e-08
24  11.5  1.66739e-09
26  0.2  1.87605
26  0.3  1.4694
26  0.4  1.11112
26  0.5  0.813639
26  0.6  0.583615
26  0.7  0.413408
24  10.5  4.3986e-09
26  0.8  0.290807
26  1.0  0.142766
24  12.0  1.05912e-09
26  0.9  0.203911
26  1.1  0.100923
26  1.2  0.0710461
26  1.3  0.0507427
26  1.4  0.0365493
24  11.0  2.68543e-09
26  1.5  0.0256454
26  1.6  0.0187672
26  1.7  0.0139065
26  1.8  0.0100671
26  1.9  0.00714345
26  2.0  0.0055473
26  2.5  0.00132369
26  3.0  0.000281803
26  3.5  0.000135835
26  5.5  2.16501e-06
26  4.0  3.64933e-05
26  4.5  1.3327e-05
26  5.0  5.22389e-06
26  6.5  4.44738e-07
26  7.5  1.09601e-07
26  6.0  9.64916e-07
26  8.5  3.11354e-08
26  8.0  5.76952e-08
26  7.0  2.17662e-07
26  10.0  5.70401e-09
26  9.0  1.72452e-08
26  10.5  3.44823e-09
26  9.5  9.86011e-09
28  0.2  1.54911
26  11.0  2.10181e-09
28  0.3  1.20928
28  0.4  0.9071
28  0.5  0.660299
28  0.6  0.470945
28  0.7  0.331392
28  0.8  0.231427
28  0.9  0.16142
28  1.0  0.112336
28  1.1  0.0788082
28  1.2  0.0553233
28  1.3  0.0396701
26  11.5  1.31074e-09
28  1.4  0.0276952
28  1.5  0.0198086
28  1.6  0.0142764
28  1.7  0.0103944
26  12.0  8.2949e-10
28  1.8  0.0076118
28  1.9  0.00553729
28  2.0  0.00415671
28  2.5  0.0009806
28  3.0  0.000198904
28  3.5  0.000113166
28  5.0  3.80689e-06
28  4.5  9.76117e-06
28  4.0  2.69059e-05
28  5.5  1.59476e-06
28  6.0  7.00453e-07
28  7.5  7.95739e-08
28  6.5  3.26311e-07
28  7.0  1.57339e-07
28  8.5  2.2389e-08
28  8.0  4.14964e-08
28  9.0  1.23718e-08
28  9.5  7.05989e-09
28  10.0  4.11853e-09
28  10.5  2.45499e-09
30  0.2  1.17974
30  0.3  0.914488
30  0.4  0.680417
30  0.5  0.490776
30  0.6  0.346668
28  11.0  1.50096e-09
30  0.7  0.241784
30  0.8  0.167566
30  1.0  0.0802358
30  0.9  0.115932
30  1.1  0.0559575
30  1.2  0.0389488
30  1.3  0.0275402
30  1.4  0.019582
30  1.5  0.013733
30  1.7  0.00727967
28  11.5  9.33335e-10
30  1.6  0.00980683
30  2.0  0.00272124
30  1.9  0.00381164
30  1.8  0.00519793
30  2.5  0.000657075
30  3.0  0.000202438
30  3.5  7.39232e-05
28  12.0  5.89631e-10
30  4.5  6.28325e-06
30  5.0  2.47037e-06
30  5.5  1.01974e-06
30  4.0  1.76046e-05
30  6.0  4.50766e-07
30  6.5  2.07456e-07
30  7.5  5.04991e-08
30  7.0  1.00094e-07
30  8.0  2.62918e-08
30  8.5  1.40566e-08
30  9.0  7.79063e-09
30  9.5  4.44282e-09
30  10.0  2.58157e-09
32  0.2  0.80282
32  0.3  0.6162
32  0.4  0.453956
32  0.5  0.323393
30  11.0  9.38137e-10
32  0.6  0.226031
32  0.7  0.155884
30  10.5  1.54101e-09
32  0.9  0.0732233
32  0.8  0.106825
32  1.0  0.0503462
30  11.5  5.82334e-10
32  1.2  0.0242146
32  1.1  0.0346827
32  1.3  0.0168528
32  1.4  0.0119643
32  1.5  0.0084339
32  1.6  0.00607133
32  1.7  0.00430098
32  1.9  0.00219289
32  1.8  0.00311306
32  2.0  0.00157507
32  2.5  0.000383947
32  3.0  8.06758e-05
32  3.5  4.51003e-05
30  12.0  3.65334e-10
32  4.0  9.79417e-06
32  4.5  3.5109e-06
32  5.0  1.35718e-06
32  5.5  5.6001e-07
32  6.5  1.12469e-07
32  6.0  2.43907e-07
32  7.5  2.70615e-08
32  7.0  5.38908e-08
32  8.0  1.39784e-08
32  9.0  4.15451e-09
32  8.5  7.49438e-09
32  10.0  1.36535e-09
32  9.5  2.3413e-09
32  10.5  8.11714e-10
4  0.2  3.25167
32  11.0  4.92223e-10
4  0.3  2.59321
4  0.4  1.99689
4  0.5  1.49423
4  0.6  1.09585
32  11.5  3.04571e-10
4  0.7  0.792975
4  0.8  0.569059
4  0.9  0.407708
4  1.0  0.290485
4  1.1  0.208446
4  1.2  0.150022
4  1.3  0.107409
4  1.4  0.0783104
4  1.5  0.0576503
32  12.0  1.91728e-10
4  1.6  0.0411481
4  1.8  0.0230479
4  1.7  0.0302392
4  1.9  0.0167054
4  2.0  0.012486
4  2.5  0.00335036
4  3.0  0.000733695
4  3.5  0.000295522
4  4.0  9.30455e-05
4  5.0  1.36563e-05
4  4.5  3.43005e-05
4  5.5  5.74772e-06
4  6.0  2.56666e-06
4  7.0  5.89068e-07
4  7.5  2.99601e-07
4  6.5  1.20514e-06
4  8.5  8.55739e-08
4  8.0  1.57452e-07
4  9.5  2.73477e-08
4  9.0  4.75714e-08
4  11.0  5.85838e-09
4  10.0  1.59739e-08
6  0.2  3.22123
4  10.5  9.58814e-09
6  0.3  2.56785
6  0.4  1.97676
6  0.5  1.47831
6  0.6  1.08349
4  11.5  3.67762e-09
6  0.7  0.783621
6  0.8  0.5633
6  0.9  0.402251
6  1.0  0.287104
6  1.1  0.205727
6  1.2  0.147997
6  1.3  0.105713
6  1.4  0.0763123
6  1.5  0.0567018
6  1.7  0.0301461
4  12.0  2.33517e-09
6  1.6  0.0404296
6  1.8  0.0226309
6  1.9  0.0164495
6  2.0  0.0121096
6  3.0  0.000977226
6  2.5  0.00319147
6  3.5  0.000419212
6  4.5  3.34989e-05
6  4.0  9.14505e-05
6  5.0  1.34181e-05
6  5.5  5.64739e-06
6  6.0  2.52586e-06
6  6.5  1.18388e-06
6  7.5  2.93796e-07
6  7.0  5.74868e-07
6  8.0  1.54678e-07
6  8.5  8.39189e-08
6  9.5  2.68435e-08
6  9.0  4.66943e-08
6  10.0  1.56783e-08
6  11.0  5.75039e-09
8  0.2  3.175
6  10.5  9.40935e-09
8  0.3  2.53106
8  0.4  1.94758
8  0.5  1.45549
8  0.6  1.06683
8  0.7  0.770871
8  0.8  0.55366
8  0.9  0.39556
8  1.0  0.281644
8  1.1  0.202478
8  1.2  0.145666
8  1.3  0.103855
6  11.5  3.60918e-09
8  1.4  0.0749197
8  1.5  0.0543843
8  1.6  0.0398722
8  1.7  0.0296698
8  1.8  0.0216049
6  12.0  2.29122e-09
8  1.9  0.0161051
8  2.0  0.0119796
8  2.5  0.00311155
8  3.0  0.000685224
8  3.5  0.000280835
8  4.0  8.92166e-05
8  5.0  1.30865e-05
8  4.5  3.28795e-05
8  6.0  2.46886e-06
8  5.5  5.50552e-06
8  6.5  1.15365e-06
8  8.0  1.4904e-07
8  7.0  5.61719e-07
8  7.5  2.85193e-07
8  8.5  8.17368e-08
8  9.0  4.54648e-08
8  9.5  2.61013e-08
8  10.0  1.52593e-08
8  11.0  5.59794e-09
8  10.5  9.15849e-09
8  11.5  3.51259e-09
8  12.0  2.2294e-09
