# diffractive D0 cross section, Pb target, LHAPDF fragmentation, An0n channel
# generated      : 2026-08-20 11:00:18 EEST
# calls          : 1e5 (VEGAS calls per point, see CALLS_EXCL/CALLS_EXCL_FACTORIZED/CALLS_DIFF)
# dipole samples : data/Pb/bk_posterior/member_0005/glauber_mve_<b>
# pD0 sweep      : 0.2 0.3 0.4 0.5 0.6 0.7 0.8 0.9 1.0 1.1 1.2 1.3 1.4 1.5 1.6 1.7 1.8 1.9 2.0 2.5 3.0 3.5 4.0 4.5 5.0 5.5 6.0 6.5 7.0 7.5 8.0 8.5 9.0 9.5 10.0 10.5 11.0 11.5 12.0
# fixed rapidity y : -1.0
# ============================================================
# b  pD0  dsigma_dyd2pD0
0  0.4  1.07006
0  0.3  0.847865
0  0.2  0.589177
0  0.5  1.20202
0  0.6  1.20232
0  0.7  1.14808
0  0.8  1.02707
0  0.9  0.905422
0  1.0  0.762464
0  1.1  0.650926
0  1.2  0.5386
0  1.5  0.302329
0  1.3  0.448151
0  1.6  0.250939
0  1.4  0.370224
0  1.7  0.204652
0  1.9  0.138484
0  1.8  0.171817
0  3.0  0.0227809
0  2.0  0.118316
0  2.5  0.0498471
0  3.5  0.0115787
0  5.5  0.00133639
0  4.0  0.00633074
0  4.5  0.00355947
0  5.0  0.00216396
0  6.0  0.000849619
0  6.5  0.0005565
0  7.5  0.000263129
0  7.0  0.000380984
0  8.0  0.000186459
0  9.0  9.88042e-05
0  8.5  0.000133446
0  9.5  7.18105e-05
0  11.0  3.09044e-05
0  10.0  5.44024e-05
10  0.2  0.584352
0  10.5  4.04965e-05
10  0.3  0.845929
10  0.4  1.06184
10  0.5  1.17234
10  0.6  1.17177
10  0.7  1.12593
10  0.8  1.0072
10  0.9  0.879851
10  1.0  0.74591
10  1.2  0.514472
10  1.1  0.621901
10  1.3  0.429745
10  1.4  0.353197
10  1.5  0.291576
10  1.6  0.240609
10  1.7  0.198966
10  1.8  0.164699
10  1.9  0.137402
10  2.0  0.111138
0  11.5  2.41485e-05
10  2.5  0.0475818
10  3.0  0.021971
10  3.5  0.011036
0  12.0  1.84448e-05
10  4.0  0.00591927
10  4.5  0.00339228
10  5.0  0.00206116
10  5.5  0.00124801
10  6.0  0.000806863
10  7.0  0.000366367
10  6.5  0.000536198
10  7.5  0.000253288
10  8.0  0.000178717
10  8.5  0.000129407
10  9.0  9.29627e-05
10  10.0  5.13985e-05
10  10.5  3.85934e-05
10  9.5  6.96411e-05
10  11.0  2.94995e-05
12  0.2  0.581489
12  0.3  0.8436
10  12.0  1.7778e-05
12  0.4  1.05227
12  0.6  1.16695
12  0.5  1.16557
12  0.7  1.09684
10  11.5  2.25445e-05
12  0.8  0.990708
12  0.9  0.86189
12  1.1  0.610728
12  1.0  0.731238
12  1.2  0.513473
12  1.3  0.421189
12  1.4  0.348529
12  1.5  0.286946
12  1.6  0.233503
12  1.8  0.158783
12  1.7  0.194405
12  1.9  0.133599
12  2.0  0.109486
12  2.5  0.0469875
12  3.0  0.0213761
12  3.5  0.0107633
12  5.5  0.00122688
12  4.0  0.00579303
12  4.5  0.00337275
12  5.0  0.00195517
12  6.0  0.000791108
12  7.5  0.000245321
12  6.5  0.000522626
12  7.0  0.000357911
12  9.0  9.04236e-05
12  8.0  0.000173047
12  10.0  4.98183e-05
12  9.5  6.81299e-05
12  8.5  0.000124633
14  0.2  0.577471
14  0.3  0.814753
14  0.4  1.04685
12  10.5  3.75807e-05
14  0.5  1.14738
12  11.5  2.2177e-05
14  0.6  1.15002
14  0.7  1.08695
12  11.0  2.90272e-05
14  0.8  0.971634
14  0.9  0.842732
14  1.1  0.597256
14  1.0  0.722203
14  1.2  0.49971
14  1.3  0.409973
12  12.0  1.71302e-05
14  1.4  0.338789
14  1.5  0.279163
14  1.6  0.228647
14  1.7  0.188735
14  1.9  0.128364
14  1.8  0.156506
14  2.0  0.105869
14  3.0  0.0207891
14  2.5  0.0455209
14  3.5  0.0104146
14  5.5  0.00121517
14  4.0  0.00569081
14  4.5  0.00320179
14  5.0  0.00191277
14  6.0  0.000765087
14  7.5  0.00023795
14  6.5  0.000506162
14  7.0  0.000343242
14  8.0  0.000168463
14  8.5  0.000121873
14  9.0  8.69889e-05
14  9.5  6.45308e-05
14  10.0  4.86271e-05
16  0.2  0.571225
16  0.3  0.823029
14  10.5  3.59839e-05
16  0.4  1.02592
16  0.5  1.12384
16  0.6  1.13167
16  0.7  1.05702
16  0.8  0.949252
14  11.5  2.13546e-05
16  0.9  0.8264
16  1.0  0.698855
14  11.0  2.76943e-05
16  1.1  0.585372
16  1.2  0.487057
16  1.3  0.399675
16  1.4  0.323301
16  1.6  0.222596
16  1.5  0.268821
14  12.0  1.66558e-05
16  1.7  0.182949
16  1.8  0.150664
16  1.9  0.124728
16  2.5  0.0423726
16  2.0  0.103537
16  3.0  0.0200025
16  3.5  0.0100541
16  5.5  0.00116721
16  4.0  0.00541212
16  4.5  0.00314618
16  5.0  0.00184947
16  6.0  0.000737723
16  7.0  0.000329055
16  6.5  0.000489043
16  7.5  0.000229918
16  9.5  6.26763e-05
16  8.0  0.000163918
16  8.5  0.00011841
16  10.0  4.64885e-05
16  9.0  8.51192e-05
16  10.5  3.51395e-05
16  11.5  2.04492e-05
18  0.2  0.565298
18  0.3  0.820656
18  0.4  1.0109
18  0.5  1.10081
18  0.6  1.11824
18  0.7  1.03429
16  11.0  2.69982e-05
18  0.8  0.924583
18  0.9  0.789584
18  1.0  0.670883
18  1.1  0.563442
18  1.2  0.468086
18  1.3  0.385293
18  1.4  0.316046
18  1.6  0.211159
18  1.5  0.258999
18  1.7  0.173182
18  1.9  0.1195
18  1.8  0.14537
18  2.0  0.0999125
18  2.5  0.0415801
18  3.0  0.0193752
18  3.5  0.0098365
16  12.0  1.59712e-05
18  5.5  0.00110312
18  4.0  0.00529322
18  4.5  0.00294563
18  5.0  0.00176084
18  6.0  0.000703937
18  7.0  0.00032129
18  8.0  0.000153796
18  6.5  0.00046572
18  7.5  0.000221594
18  9.0  8.21615e-05
18  8.5  0.000110681
18  10.0  4.49934e-05
18  9.5  6.01079e-05
18  10.5  3.3998e-05
2  0.2  0.600374
2  0.3  0.848246
2  0.4  1.07839
2  0.5  1.20055
2  0.6  1.20539
18  11.0  2.56756e-05
2  0.7  1.15066
2  0.8  1.02732
2  0.9  0.908944
18  12.0  1.53686e-05
2  1.0  0.766858
2  1.1  0.652205
2  1.3  0.440945
2  1.2  0.541955
2  1.4  0.368424
2  1.5  0.298604
2  1.6  0.251512
2  1.7  0.206923
2  1.8  0.171712
18  11.5  1.98822e-05
2  1.9  0.141636
2  2.0  0.119124
2  2.5  0.0495428
2  3.0  0.0233884
2  3.5  0.0115486
2  4.0  0.00621124
2  4.5  0.0035397
2  5.0  0.00215365
2  5.5  0.00134306
2  6.0  0.000846849
2  7.0  0.000388234
2  6.5  0.000561176
2  7.5  0.000262517
2  9.0  9.72746e-05
2  8.0  0.000190332
2  8.5  0.000133709
2  9.5  7.13904e-05
2  11.0  3.09324e-05
2  10.0  5.36177e-05
20  0.2  0.555299
20  0.3  0.80495
20  0.4  0.996614
20  0.5  1.07752
2  10.5  4.11928e-05
20  0.6  1.06435
20  0.7  1.00958
20  0.8  0.885623
20  0.9  0.770089
20  1.0  0.651531
20  1.1  0.541718
20  1.2  0.442713
20  1.3  0.366357
20  1.4  0.303614
20  1.5  0.247545
20  1.7  0.167398
20  1.6  0.202598
20  1.8  0.137506
20  1.9  0.113804
2  11.5  2.40931e-05
20  2.5  0.0397261
20  2.0  0.0946735
20  3.0  0.0181508
20  3.5  0.00928739
2  12.0  1.83958e-05
20  5.5  0.00103836
20  4.5  0.00284427
20  4.0  0.0048978
20  5.0  0.00169554
20  6.0  0.000667363
20  7.0  0.000299194
20  8.0  0.000145787
20  6.5  0.000440043
20  7.5  0.00020708
20  9.0  7.67684e-05
20  8.5  0.000104262
20  9.5  5.63347e-05
20  11.0  2.42871e-05
20  10.5  3.25221e-05
20  10.0  4.25659e-05
22  0.2  0.543366
22  0.3  0.789596
22  0.4  0.972107
22  0.5  1.05471
22  0.6  1.03458
22  0.7  0.962339
22  0.8  0.848867
22  0.9  0.731306
22  1.0  0.60903
22  1.1  0.51019
22  1.2  0.414743
22  1.3  0.340221
20  12.0  1.47186e-05
22  1.4  0.285113
20  11.5  1.88958e-05
22  1.6  0.189012
22  1.5  0.232371
22  1.7  0.156506
22  1.8  0.129687
22  1.9  0.105771
22  2.5  0.0369769
22  3.0  0.0169633
22  2.0  0.0886677
22  3.5  0.0084742
22  4.0  0.00464854
22  5.5  0.000961443
22  4.5  0.00262013
22  5.0  0.00158489
22  6.0  0.000631286
22  7.5  0.000192529
22  7.0  0.000276904
22  6.5  0.000409854
22  9.0  7.02832e-05
22  8.0  0.000135902
22  8.5  9.73113e-05
22  9.5  5.25649e-05
22  10.5  2.95929e-05
22  11.5  1.73303e-05
22  10.0  3.93283e-05
24  0.2  0.530278
24  0.3  0.766368
24  0.4  0.93173
24  0.5  1.00274
24  0.6  0.993989
24  0.7  0.90615
24  0.8  0.79555
24  0.9  0.682003
24  1.0  0.570574
22  11.0  2.26428e-05
24  1.1  0.474528
24  1.3  0.316217
24  1.2  0.388971
24  1.4  0.260139
24  1.5  0.213154
24  1.7  0.143077
24  1.6  0.174746
24  1.8  0.118039
24  2.0  0.0803643
24  1.9  0.0971381
24  2.5  0.0336322
24  3.0  0.0155008
24  3.5  0.00770223
22  12.0  1.34772e-05
24  5.5  0.000890672
24  4.5  0.00234675
24  4.0  0.00413626
24  5.0  0.00140292
24  7.0  0.000253545
24  6.0  0.00056937
24  7.5  0.000173474
24  8.0  0.000124144
24  6.5  0.000378099
24  9.5  4.75073e-05
24  8.5  8.96422e-05
24  10.0  3.5502e-05
24  9.0  6.42691e-05
24  10.5  2.71131e-05
24  11.5  1.60762e-05
26  0.2  0.509918
26  0.3  0.729854
26  0.4  0.887856
26  0.5  0.932587
26  0.6  0.919338
26  0.7  0.832917
24  11.0  2.05121e-05
26  0.8  0.727238
26  0.9  0.62239
26  1.0  0.512947
26  1.2  0.344226
26  1.1  0.424997
26  1.3  0.283949
26  1.4  0.233263
26  1.5  0.185101
26  1.6  0.155372
26  1.7  0.126783
26  1.8  0.102093
26  2.0  0.070251
26  1.9  0.0867596
26  2.5  0.02929
26  3.0  0.0137113
26  3.5  0.00681999
24  12.0  1.22456e-05
26  5.5  0.000787384
26  4.0  0.00368474
26  4.5  0.00208659
26  5.0  0.0012343
26  6.0  0.000505902
26  7.0  0.000221906
26  7.5  0.000157346
26  6.5  0.000333272
26  8.0  0.000109073
26  9.5  4.18883e-05
26  8.5  7.79603e-05
26  9.0  5.64998e-05
26  10.0  3.12617e-05
26  10.5  2.40461e-05
26  11.0  1.83077e-05
28  0.2  0.484906
28  0.3  0.690937
28  0.4  0.824609
28  0.5  0.863061
28  0.6  0.819672
28  0.7  0.742117
28  0.8  0.63985
28  0.9  0.540149
28  1.0  0.44431
28  1.1  0.365878
28  1.2  0.295659
28  1.3  0.244171
26  12.0  1.08208e-05
28  1.4  0.198399
28  1.6  0.131958
28  1.5  0.161295
26  11.5  1.40043e-05
28  1.8  0.0889674
28  1.7  0.107685
28  1.9  0.0735835
28  2.0  0.0593121
28  2.5  0.0248695
28  3.0  0.0114729
28  3.5  0.00580589
28  4.5  0.00179165
28  4.0  0.00314605
28  5.0  0.00106414
28  5.5  0.000658301
28  6.5  0.000275853
28  6.0  0.000421233
28  7.5  0.000128901
28  7.0  0.000189694
28  8.0  9.11689e-05
28  8.5  6.63424e-05
28  9.0  4.79486e-05
28  9.5  3.48247e-05
28  10.0  2.6863e-05
30  0.2  0.448665
28  10.5  1.96809e-05
28  11.0  1.5431e-05
30  0.3  0.630884
30  0.4  0.725867
30  0.5  0.746753
30  0.6  0.697308
30  0.7  0.615573
28  11.5  1.18156e-05
30  0.8  0.52918
30  0.9  0.437561
30  1.0  0.361536
30  1.1  0.296824
30  1.2  0.240901
30  1.3  0.19611
30  1.4  0.156088
30  1.5  0.127739
30  1.6  0.104202
30  1.7  0.0860254
30  1.8  0.069275
30  2.0  0.048928
30  1.9  0.0570906
30  2.5  0.0198118
30  3.0  0.00909611
30  3.5  0.00450226
28  12.0  9.14669e-06
30  5.5  0.000522978
30  4.0  0.00243867
30  4.5  0.00138318
30  5.0  0.000820529
30  6.0  0.000326725
30  7.5  0.000103454
30  6.5  0.000219098
30  8.0  7.28794e-05
30  7.0  0.000148613
30  8.5  5.10792e-05
30  9.0  3.81376e-05
30  9.5  2.74768e-05
30  10.5  1.58806e-05
30  10.0  2.0566e-05
32  0.2  0.402526
30  11.0  1.18504e-05
32  0.3  0.546709
32  0.4  0.607063
32  0.5  0.595966
32  0.6  0.544641
30  11.5  9.12067e-06
32  0.7  0.473011
32  0.8  0.399768
32  0.9  0.330162
32  1.0  0.27235
32  1.1  0.217956
32  1.2  0.177751
32  1.3  0.14189
32  1.4  0.113864
32  1.5  0.0922325
32  1.6  0.0763192
32  1.7  0.0611842
32  1.8  0.0499631
32  1.9  0.0415704
32  2.0  0.0348222
32  2.5  0.014331
32  3.0  0.00655252
32  3.5  0.00325823
30  12.0  7.05955e-06
32  4.0  0.0017611
32  4.5  0.000980984
32  5.0  0.000589887
32  6.5  0.000157852
32  5.5  0.000360004
32  7.0  0.000104422
32  6.0  0.000238551
32  7.5  7.27225e-05
32  8.0  5.0898e-05
32  9.5  2.00119e-05
32  8.5  3.72556e-05
32  9.0  2.63911e-05
32  10.5  1.1287e-05
32  10.0  1.44962e-05
34  0.2  0.335332
32  11.0  8.59701e-06
34  0.3  0.436263
34  0.4  0.452568
34  0.5  0.42976
34  0.6  0.38111
34  0.7  0.326304
34  0.9  0.22093
34  0.8  0.270481
34  1.0  0.178165
34  1.1  0.145139
34  1.2  0.116748
34  1.3  0.0941499
34  1.4  0.076081
34  1.5  0.0612473
34  1.6  0.0499966
34  1.7  0.0401156
34  1.8  0.0324647
34  1.9  0.0272791
34  2.0  0.0224389
34  2.5  0.00924005
34  3.5  0.00211485
34  3.0  0.00425182
32  11.5  6.5065e-06
32  12.0  5.10488e-06
34  4.0  0.00114477
34  4.5  0.000632316
34  5.0  0.000380871
34  6.5  9.8867e-05
34  5.5  0.000239542
34  6.0  0.000148447
34  8.0  3.26148e-05
34  7.5  4.75339e-05
34  7.0  6.71507e-05
34  8.5  2.34301e-05
34  9.5  1.26137e-05
34  9.0  1.70789e-05
34  10.0  9.35452e-06
34  11.0  5.5214e-06
4  0.2  0.590958
4  0.3  0.858154
4  0.4  1.07183
4  0.5  1.17381
34  10.5  7.09252e-06
4  0.6  1.20276
4  0.7  1.1398
4  0.8  1.01891
4  0.9  0.895142
4  1.0  0.764726
4  1.1  0.64424
4  1.2  0.537004
4  1.3  0.445109
4  1.4  0.366747
4  1.5  0.301972
4  1.6  0.248491
4  1.7  0.203168
4  1.8  0.170808
34  12.0  3.23665e-06
4  1.9  0.1391
4  2.0  0.118053
4  2.5  0.0497241
4  3.0  0.0230367
4  3.5  0.0115127
34  11.5  4.24979e-06
4  5.5  0.00131024
4  4.0  0.00622954
4  4.5  0.0035219
4  5.0  0.00211144
4  6.0  0.000843561
4  7.5  0.0002614
4  6.5  0.000564313
4  7.0  0.000382369
4  9.0  9.78689e-05
4  8.0  0.000187707
4  8.5  0.000133124
4  9.5  7.16281e-05
4  10.0  5.34391e-05
6  0.2  0.591552
6  0.3  0.842073
4  10.5  4.0066e-05
6  0.4  1.06732
6  0.5  1.17971
6  0.6  1.19581
6  0.7  1.13788
6  0.8  1.02884
6  0.9  0.896032
6  1.0  0.764183
6  1.1  0.641349
6  1.2  0.534922
6  1.3  0.442414
4  11.0  3.07739e-05
6  1.4  0.361402
6  1.5  0.295354
6  1.6  0.24518
6  1.7  0.200359
6  1.8  0.168824
6  1.9  0.13885
4  12.0  1.84055e-05
4  11.5  2.34261e-05
6  3.0  0.0226612
6  2.0  0.116627
6  2.5  0.0492753
6  3.5  0.0113161
6  4.0  0.00612415
6  4.5  0.0034919
6  5.0  0.00212274
6  5.5  0.00130031
6  6.0  0.000836134
6  7.5  0.000258965
6  6.5  0.00056125
6  7.0  0.000380647
6  8.5  0.000130708
6  9.0  9.62687e-05
6  8.0  0.000184525
6  9.5  7.02535e-05
6  10.0  5.27359e-05
6  11.0  3.09154e-05
8  0.2  0.557707
8  0.3  0.84045
6  10.5  3.83445e-05
8  0.4  1.06979
8  0.5  1.17726
8  0.6  1.20141
8  0.7  1.13773
8  0.8  1.01954
8  0.9  0.883162
8  1.0  0.74275
8  1.1  0.633449
8  1.2  0.52825
8  1.3  0.437492
8  1.4  0.36095
8  1.5  0.292065
8  1.6  0.242579
8  1.7  0.201211
8  1.8  0.167067
8  1.9  0.13553
8  2.0  0.115589
8  2.5  0.0485509
8  3.0  0.0225882
8  3.5  0.0112167
6  11.5  2.35798e-05
6  12.0  1.84406e-05
8  4.0  0.00611948
8  4.5  0.00355189
8  5.0  0.00206877
8  5.5  0.00127505
8  6.0  0.000823616
8  6.5  0.000536466
8  7.0  0.000367508
8  7.5  0.000255691
8  9.0  9.41698e-05
8  8.0  0.000180239
8  8.5  0.000128716
8  9.5  7.00122e-05
8  10.0  5.17717e-05
8  10.5  3.92929e-05
8  11.5  2.33097e-05
8  11.0  3.00724e-05
8  12.0  1.79238e-05
