# diffractive D0 cross section, Pb target, LHAPDF fragmentation, An0n channel
# generated      : 2026-08-19 15:25:13 EEST
# calls          : 1e5 (VEGAS calls per point, see CALLS_EXCL/CALLS_EXCL_FACTORIZED/CALLS_DIFF)
# dipole samples : data/Pb/bk_posterior/member_0058/glauber_mve_<b>
# pD0 sweep      : 0.2 0.3 0.4 0.5 0.6 0.7 0.8 0.9 1.0 1.1 1.2 1.3 1.4 1.5 1.6 1.7 1.8 1.9 2.0 2.5 3.0 3.5 4.0 4.5 5.0 5.5 6.0 6.5 7.0 7.5 8.0 8.5 9.0 9.5 10.0 10.5 11.0 11.5 12.0
# fixed rapidity y : 1.0
# ============================================================
# b  pD0  dsigma_dyd2pD0
0  0.2  0.421943
0  0.6  0.864617
0  0.3  0.615008
0  0.4  0.76962
0  0.5  0.849712
0  0.8  0.735574
0  0.7  0.808785
0  0.9  0.636186
0  1.0  0.536613
0  1.1  0.448921
0  1.2  0.376304
0  1.4  0.253648
0  1.3  0.309479
0  1.5  0.208816
0  1.6  0.171775
0  1.7  0.13955
0  1.9  0.0961945
0  1.8  0.116212
0  2.0  0.0790309
0  2.5  0.0329893
0  3.0  0.0147436
0  3.5  0.00720615
0  4.0  0.00378605
0  4.5  0.00207091
0  5.0  0.001231
0  6.0  0.000468853
0  5.5  0.000737942
0  6.5  0.000290532
0  7.0  0.000196413
0  8.0  9.22808e-05
0  7.5  0.000131863
0  8.5  6.37753e-05
0  9.0  4.52238e-05
0  9.5  3.23738e-05
0  10.0  2.45612e-05
10  0.2  0.419332
10  0.3  0.6058
10  0.4  0.755156
10  0.5  0.837584
0  11.0  1.30261e-05
10  0.6  0.840265
10  0.7  0.786174
10  0.8  0.704498
10  0.9  0.619238
0  10.5  1.80413e-05
10  1.0  0.523637
10  1.1  0.435135
10  1.2  0.360496
10  1.3  0.296069
10  1.5  0.201395
10  1.4  0.242763
10  1.6  0.16386
10  1.7  0.135178
10  1.8  0.110733
10  1.9  0.092401
10  2.0  0.0757452
10  2.5  0.0313676
10  3.0  0.0140832
10  3.5  0.00693703
0  11.5  1.01933e-05
0  12.0  7.45532e-06
10  4.0  0.00360431
10  4.5  0.00196566
10  5.0  0.0011654
10  5.5  0.000695959
10  6.0  0.000451742
10  6.5  0.000283787
10  7.0  0.000190626
10  7.5  0.000124869
10  8.0  8.72676e-05
10  8.5  5.94623e-05
10  9.0  4.30032e-05
10  9.5  3.09805e-05
10  10.0  2.27439e-05
12  0.2  0.414851
10  11.0  1.24209e-05
12  0.3  0.601575
12  0.4  0.749888
12  0.5  0.826223
10  10.5  1.71264e-05
12  0.6  0.833923
12  0.7  0.77799
12  0.8  0.707823
12  0.9  0.604719
12  1.0  0.514315
12  1.1  0.432342
12  1.2  0.358607
12  1.3  0.287558
12  1.4  0.23885
10  12.0  7.2903e-06
12  1.5  0.195833
12  1.6  0.160677
12  1.7  0.13075
12  1.8  0.108389
12  2.5  0.0301248
12  2.0  0.0738478
12  1.9  0.0892079
12  3.0  0.0137806
12  3.5  0.00674245
10  11.5  9.59529e-06
12  5.5  0.00069886
12  4.0  0.00347132
12  4.5  0.00196308
12  5.0  0.00112007
12  6.0  0.000432756
12  6.5  0.000279329
12  7.5  0.000115895
12  7.0  0.000188202
12  8.0  8.40348e-05
12  8.5  5.88259e-05
12  9.0  4.19025e-05
12  9.5  3.02242e-05
12  10.0  2.21416e-05
14  0.2  0.409797
12  11.0  1.24096e-05
14  0.3  0.599588
14  0.4  0.747752
14  0.5  0.812784
14  0.6  0.818431
12  10.5  1.62617e-05
14  0.8  0.690924
14  0.7  0.76759
14  1.0  0.500924
14  0.9  0.589974
14  1.1  0.419913
14  1.2  0.346484
14  1.3  0.284076
14  1.4  0.231182
14  1.5  0.190769
14  1.6  0.157547
14  1.8  0.10597
14  1.7  0.128819
14  1.9  0.0860406
14  2.0  0.0717408
14  2.5  0.0299673
14  3.0  0.0133025
14  3.5  0.00651716
12  11.5  9.36271e-06
12  12.0  6.98883e-06
14  5.0  0.00111747
14  5.5  0.000669999
14  4.5  0.00188217
14  4.0  0.00341908
14  6.0  0.000419752
14  6.5  0.000267728
14  7.5  0.000120299
14  7.0  0.000178445
14  8.0  8.06404e-05
14  8.5  5.76846e-05
14  9.0  4.0828e-05
14  9.5  2.92498e-05
14  10.5  1.55998e-05
16  0.2  0.406375
16  0.3  0.587031
14  10.0  2.16783e-05
16  0.4  0.737296
16  0.5  0.818373
16  0.6  0.805666
16  0.7  0.744949
14  11.0  1.21285e-05
16  0.8  0.670344
16  0.9  0.580068
16  1.0  0.491183
16  1.1  0.406917
16  1.2  0.331055
16  1.3  0.277729
16  1.4  0.230514
16  1.5  0.184748
16  1.6  0.153565
16  1.7  0.124791
16  1.8  0.101848
16  1.9  0.0851361
16  2.0  0.0696347
16  2.5  0.0286951
16  3.0  0.0129322
14  11.5  9.09225e-06
16  3.5  0.00629047
14  12.0  6.67682e-06
16  5.5  0.00064712
16  4.0  0.00335438
16  4.5  0.00183622
16  5.0  0.00105672
16  6.5  0.000263061
16  7.5  0.000115002
16  6.0  0.000407344
16  7.0  0.000169036
16  8.0  7.811e-05
16  8.5  5.51634e-05
16  9.0  3.94904e-05
16  9.5  2.84499e-05
16  10.5  1.55114e-05
16  10.0  2.11922e-05
18  0.2  0.402592
18  0.3  0.586116
16  11.0  1.15308e-05
18  0.4  0.730749
18  0.5  0.791241
18  0.6  0.788896
18  0.7  0.734171
18  0.8  0.655952
18  0.9  0.55631
16  11.5  8.72174e-06
18  1.0  0.474737
18  1.1  0.394054
18  1.2  0.32364
18  1.4  0.218003
18  1.3  0.264885
18  1.6  0.147089
18  1.5  0.181329
18  1.8  0.0988272
18  1.7  0.117865
18  2.0  0.0668814
18  1.9  0.0807754
18  2.5  0.0272593
18  3.0  0.0124695
18  3.5  0.00599238
16  12.0  6.65194e-06
18  5.5  0.000613777
18  4.0  0.00314313
18  4.5  0.00174542
18  5.0  0.000998265
18  7.5  0.00010962
18  6.5  0.000245645
18  6.0  0.000384659
18  7.0  0.000157845
18  8.0  7.60247e-05
18  9.0  3.71608e-05
18  8.5  5.33217e-05
18  9.5  2.70979e-05
18  10.0  1.9279e-05
2  0.2  0.425279
18  11.5  8.18483e-06
2  0.3  0.613204
18  11.0  1.12026e-05
2  0.4  0.771171
2  0.5  0.860474
2  0.6  0.85582
18  10.5  1.45768e-05
2  0.7  0.805795
2  0.8  0.729374
2  0.9  0.628365
2  1.0  0.547811
2  1.1  0.451393
2  1.2  0.374661
2  1.3  0.309579
2  1.4  0.250359
2  1.5  0.208979
2  1.6  0.170682
2  1.7  0.140185
2  1.9  0.0969396
2  1.8  0.115642
2  2.5  0.0327041
2  2.0  0.0785166
2  3.0  0.0147662
2  3.5  0.00718823
18  12.0  6.19906e-06
2  4.0  0.00381584
2  5.0  0.00122966
2  4.5  0.0021043
2  6.0  0.000451218
2  5.5  0.000737937
2  6.5  0.000300963
2  7.0  0.000194921
2  8.0  9.04568e-05
2  7.5  0.00012914
2  8.5  6.38206e-05
2  9.0  4.51308e-05
2  9.5  3.44193e-05
2  10.0  2.41468e-05
20  0.2  0.403126
20  0.3  0.573668
2  11.0  1.31951e-05
20  0.4  0.714166
20  0.5  0.779987
20  0.6  0.767736
20  0.7  0.712369
20  0.8  0.625135
2  10.5  1.72129e-05
20  0.9  0.541413
20  1.0  0.456181
20  1.1  0.375316
20  1.2  0.309255
20  1.4  0.207553
20  1.3  0.254117
20  1.5  0.16887
20  1.6  0.137118
20  1.8  0.0939074
20  1.7  0.112427
20  1.9  0.0764036
20  2.0  0.0637192
20  2.5  0.0259301
20  3.0  0.0115237
20  3.5  0.00569489
2  11.5  9.84862e-06
2  12.0  7.4177e-06
20  4.5  0.00166455
20  5.5  0.000589451
20  4.0  0.00299627
20  5.0  0.000970566
20  6.0  0.000357004
20  6.5  0.000227395
20  7.0  0.000154785
20  7.5  0.000103572
20  9.5  2.52852e-05
20  8.0  7.14264e-05
20  9.0  3.54651e-05
20  8.5  4.99099e-05
20  10.0  1.89797e-05
20  11.5  7.76802e-06
22  0.2  0.392679
22  0.3  0.566642
22  0.4  0.697785
20  11.0  1.02099e-05
22  0.5  0.75125
22  0.6  0.74146
22  0.7  0.672509
22  0.8  0.606734
20  10.5  1.39566e-05
22  0.9  0.514342
22  1.0  0.424666
22  1.1  0.354416
22  1.2  0.288102
22  1.3  0.243455
22  1.4  0.195817
22  1.5  0.157891
22  1.6  0.130603
22  1.8  0.0868645
22  1.7  0.10564
22  1.9  0.0713017
22  2.0  0.0592604
22  2.5  0.0241296
22  3.0  0.0108959
22  3.5  0.0052775
20  12.0  5.82286e-06
22  4.5  0.00154481
22  4.0  0.00278279
22  5.5  0.0005451
22  5.0  0.000895353
22  6.5  0.000217305
22  6.0  0.000338083
22  7.0  0.000143921
22  7.5  9.63525e-05
22  8.0  6.62007e-05
22  8.5  4.6634e-05
22  9.0  3.31333e-05
22  9.5  2.38576e-05
22  10.5  1.27461e-05
22  10.0  1.73942e-05
24  0.2  0.385117
22  11.5  7.21083e-06
24  0.3  0.54758
22  11.0  9.4227e-06
24  0.4  0.675376
24  0.5  0.719998
24  0.6  0.706802
24  0.7  0.644816
24  0.8  0.565614
24  0.9  0.478519
24  1.0  0.399761
24  1.1  0.330332
24  1.2  0.271329
24  1.3  0.220949
24  1.4  0.179837
24  1.6  0.119215
24  1.5  0.145639
24  1.7  0.0960537
24  1.8  0.0793459
24  1.9  0.0647921
24  2.0  0.0540145
24  2.5  0.0220131
24  3.5  0.00487367
24  3.0  0.00976499
22  12.0  5.53077e-06
24  5.0  0.000820469
24  4.0  0.00251078
24  5.5  0.000493834
24  4.5  0.00141517
24  6.5  0.000198161
24  6.0  0.00031073
24  7.5  8.84919e-05
24  7.0  0.000128514
24  8.0  5.95039e-05
24  8.5  4.27184e-05
24  9.0  3.01798e-05
24  9.5  2.14591e-05
24  10.0  1.58936e-05
26  0.2  0.365925
24  10.5  1.17529e-05
26  0.3  0.532273
24  11.5  6.51152e-06
26  0.4  0.643758
26  0.5  0.687197
26  0.6  0.661852
26  0.7  0.59277
26  0.8  0.511661
26  0.9  0.429775
24  11.0  8.79757e-06
26  1.0  0.360173
26  1.1  0.295417
26  1.2  0.240038
26  1.4  0.160048
26  1.3  0.197089
26  1.5  0.128867
26  1.6  0.104285
26  1.7  0.0858553
26  1.9  0.0581535
26  1.8  0.0711776
26  2.0  0.047871
26  2.5  0.0193181
26  3.5  0.00434507
26  3.0  0.00864446
24  12.0  4.94782e-06
26  5.5  0.000438336
26  4.0  0.00223448
26  4.5  0.00122141
26  5.0  0.000708507
26  6.0  0.000273597
26  6.5  0.000176311
26  8.0  5.35185e-05
26  7.0  0.000116446
26  7.5  7.73331e-05
26  8.5  3.73406e-05
26  10.0  1.39362e-05
26  9.0  2.66038e-05
26  9.5  1.89899e-05
28  0.2  0.355183
26  10.5  1.02204e-05
28  0.3  0.501641
28  0.4  0.593321
28  0.5  0.618597
28  0.6  0.591514
28  0.7  0.522724
26  11.0  7.67726e-06
28  0.8  0.448746
28  0.9  0.378561
28  1.0  0.31157
28  1.1  0.254104
28  1.3  0.170806
28  1.2  0.207238
28  1.4  0.137124
28  1.5  0.11041
28  1.6  0.0900234
28  1.8  0.0605593
28  1.7  0.0734652
28  1.9  0.0500968
28  2.0  0.040565
28  2.5  0.0162094
28  3.0  0.00734059
28  3.5  0.00364911
26  12.0  4.41033e-06
26  11.5  5.7301e-06
28  4.0  0.00179992
28  4.5  0.00104466
28  5.0  0.000613551
28  5.5  0.000368743
28  6.0  0.000227429
28  6.5  0.000145439
28  7.0  9.45809e-05
28  7.5  6.52139e-05
28  8.0  4.45968e-05
28  10.0  1.16553e-05
28  8.5  3.11082e-05
28  9.0  2.23179e-05
28  9.5  1.61361e-05
28  10.5  8.55765e-06
30  0.2  0.330289
30  0.3  0.453123
30  0.4  0.523869
30  0.5  0.53956
30  0.6  0.49595
28  11.0  6.4024e-06
30  0.7  0.443229
30  0.8  0.377531
30  1.0  0.25412
30  0.9  0.311919
30  1.1  0.206168
30  1.2  0.169105
30  1.3  0.131781
30  1.4  0.108402
30  1.5  0.0884187
30  1.6  0.0720511
28  11.5  4.86944e-06
30  1.7  0.0575694
30  1.8  0.0473939
30  1.9  0.0384915
30  2.0  0.0318524
30  3.0  0.00575578
30  2.5  0.0129095
30  3.5  0.00283198
28  12.0  3.6672e-06
30  4.5  0.000811533
30  5.0  0.000468199
30  4.0  0.00149215
30  5.5  0.000287491
30  6.5  0.000115166
30  6.0  0.000173351
30  7.5  5.07502e-05
30  7.0  7.44167e-05
30  8.5  2.41086e-05
30  8.0  3.474e-05
30  9.0  1.72343e-05
30  10.0  8.96746e-06
30  9.5  1.25684e-05
30  10.5  6.70763e-06
32  0.2  0.295174
32  0.3  0.392734
32  0.4  0.444919
32  0.5  0.433231
32  0.6  0.389138
32  0.7  0.339918
30  11.0  5.01716e-06
32  0.8  0.284086
32  0.9  0.232167
32  1.1  0.151925
32  1.0  0.189138
32  1.2  0.121644
32  1.3  0.0981068
32  1.4  0.079428
32  1.5  0.0635868
32  1.6  0.0514113
30  11.5  3.75292e-06
32  1.7  0.0410965
32  1.8  0.0332887
32  1.9  0.0285548
32  2.0  0.0226603
32  2.5  0.00951196
30  12.0  2.86931e-06
32  3.5  0.00204424
32  3.0  0.00413438
32  4.0  0.00108114
32  4.5  0.000598041
32  5.5  0.000200215
32  5.0  0.000340065
32  6.0  0.000127592
32  6.5  8.17918e-05
32  7.0  5.3444e-05
32  7.5  3.60975e-05
32  8.0  2.45718e-05
32  8.5  1.74828e-05
32  9.0  1.22455e-05
32  10.5  4.75174e-06
32  10.0  6.62276e-06
32  9.5  8.857e-06
34  0.2  0.242223
34  0.3  0.314355
32  11.0  3.64942e-06
34  0.4  0.336999
34  0.5  0.314047
34  0.6  0.277077
34  0.7  0.230714
34  0.8  0.195772
34  0.9  0.158553
34  1.0  0.126131
34  1.1  0.100519
34  1.3  0.0649285
34  1.2  0.080573
34  1.4  0.0522209
34  1.5  0.0412519
34  1.6  0.0335484
34  1.7  0.0277147
34  1.8  0.0223994
34  1.9  0.0182454
34  2.0  0.0150516
34  2.5  0.00606859
34  3.0  0.00274367
34  3.5  0.00130371
32  11.5  2.68107e-06
32  12.0  2.08293e-06
34  5.0  0.000217994
34  4.0  0.0006957
34  4.5  0.000377263
34  6.0  8.18525e-05
34  5.5  0.000131085
34  7.0  3.46678e-05
34  6.5  5.04307e-05
34  7.5  2.3294e-05
34  8.0  1.59721e-05
34  9.0  7.95464e-06
34  8.5  1.14436e-05
34  10.0  4.17301e-06
34  9.5  5.69575e-06
4  0.2  0.424152
34  11.0  2.38824e-06
4  0.3  0.613388
4  0.4  0.76822
34  12.0  1.33877e-06
4  0.5  0.856129
4  0.6  0.855448
4  0.8  0.730971
4  0.7  0.807152
34  10.5  3.05607e-06
4  0.9  0.624107
4  1.0  0.53022
34  11.5  1.76474e-06
4  1.1  0.448887
4  1.3  0.306734
4  1.2  0.373252
4  1.5  0.208923
4  1.4  0.251556
4  1.6  0.171179
4  1.7  0.139922
4  1.8  0.116561
4  2.0  0.0789824
4  1.9  0.0954897
4  3.0  0.0148623
4  2.5  0.032429
4  3.5  0.0072363
4  4.0  0.00377747
4  5.0  0.00121423
4  4.5  0.00208074
4  5.5  0.000741827
4  6.0  0.000458874
4  6.5  0.000286784
4  7.5  0.000126811
4  7.0  0.000194182
4  8.0  9.11934e-05
4  8.5  6.21649e-05
4  9.0  4.46276e-05
4  9.5  3.33193e-05
4  10.0  2.42476e-05
4  11.5  9.80729e-06
4  11.0  1.30449e-05
6  0.2  0.416061
6  0.3  0.610416
6  0.4  0.765009
6  0.5  0.85565
6  0.6  0.852054
6  0.7  0.798776
6  0.8  0.722642
6  0.9  0.626365
4  10.5  1.72899e-05
6  1.1  0.44729
6  1.0  0.53067
6  1.2  0.371574
6  1.3  0.306953
6  1.4  0.249525
6  1.5  0.203796
6  1.6  0.168016
6  1.7  0.138965
6  1.9  0.0943568
6  1.8  0.114077
6  2.0  0.0776337
6  2.5  0.0323338
6  3.0  0.0145356
4  12.0  7.72842e-06
6  3.5  0.00714483
6  4.0  0.00372694
6  5.0  0.00120182
6  4.5  0.00207227
6  5.5  0.000735372
6  6.0  0.000455167
6  7.5  0.000129861
6  6.5  0.000289913
6  7.0  0.000193328
6  8.0  8.98807e-05
6  8.5  6.2501e-05
6  9.0  4.48022e-05
6  9.5  3.19934e-05
6  10.5  1.72203e-05
8  0.2  0.415638
6  10.0  2.35246e-05
8  0.3  0.6053
8  0.4  0.766339
8  0.5  0.839429
8  0.6  0.862589
6  11.0  1.26678e-05
8  0.7  0.797348
8  0.8  0.71423
8  0.9  0.62046
8  1.0  0.526741
8  1.1  0.443441
8  1.2  0.369363
8  1.3  0.304373
8  1.4  0.246739
8  1.5  0.202164
8  1.6  0.166253
8  1.8  0.113403
8  1.7  0.137726
6  12.0  7.36479e-06
8  1.9  0.0929951
8  2.0  0.0775395
8  2.5  0.0318763
8  3.0  0.0146795
8  3.5  0.00698801
6  11.5  9.78886e-06
8  4.0  0.00369925
8  4.5  0.00202295
8  5.0  0.00119794
8  5.5  0.000716493
8  6.0  0.000445781
8  6.5  0.000291856
8  7.0  0.000187738
8  8.0  8.81778e-05
8  7.5  0.00012882
8  8.5  6.17618e-05
8  9.0  4.45064e-05
8  9.5  3.16692e-05
8  10.5  1.70395e-05
8  10.0  2.30402e-05
8  11.0  1.27537e-05
8  12.0  7.29347e-06
8  11.5  9.46998e-06
