# exclusive D0 cross section, Pb target, LHAPDF fragmentation, An0n channel
# generated      : 2026-08-19 15:25:13 EEST
# calls          : 1e5 below 4.0 GeV, 2e3 above (see EXCL_PT_THRESHOLD) (VEGAS calls per point, see CALLS_EXCL/CALLS_EXCL_FACTORIZED/CALLS_DIFF)
# dipole samples : data/Pb/bk_posterior/member_0058/glauber_mve_<b>
# pD0 sweep      : 0.2 0.3 0.4 0.5 0.6 0.7 0.8 0.9 1.0 1.1 1.2 1.3 1.4 1.5 1.6 1.7 1.8 1.9 2.0 2.5 3.0 3.5 4.0 4.5 5.0 5.5 6.0 6.5 7.0 7.5 8.0 8.5 9.0 9.5 10.0 10.5 11.0 11.5 12.0
# fixed rapidity y : -1.0
# ============================================================
# b  pD0  dsigma_dyd2pD0
0  0.4  1.9762
0  0.3  2.52696
0  0.2  3.12385
0  0.5  1.50464
0  0.7  0.826886
0  0.8  0.606359
0  0.6  1.12454
0  0.9  0.442557
0  1.1  0.236046
0  1.0  0.32288
0  1.2  0.173121
0  1.3  0.128467
0  1.4  0.0942861
0  1.5  0.07041
0  1.8  0.0307859
0  1.7  0.0399248
0  1.6  0.0521294
0  2.0  0.0176808
0  2.5  0.00447935
0  1.9  0.0226715
0  3.0  0.00158884
0  3.5  0.000452136
0  5.0  3.035e-05
0  4.0  0.000178672
0  4.5  7.08576e-05
0  5.5  1.38609e-05
0  6.0  6.6791e-06
0  6.5  3.39089e-06
0  7.5  9.84155e-07
0  8.5  3.31549e-07
0  7.0  1.79627e-06
0  8.0  5.70391e-07
0  9.0  2.05797e-07
0  9.5  1.28984e-07
0  11.0  3.62956e-08
0  10.0  8.31403e-08
0  10.5  5.372e-08
10  0.2  2.94908
10  0.3  2.37952
10  0.4  1.85841
10  0.5  1.41243
10  0.6  1.05252
0  12.0  1.72196e-08
10  0.7  0.7744
10  0.8  0.564815
10  0.9  0.412116
0  11.5  2.47826e-08
10  1.0  0.299015
10  1.1  0.21837
10  1.2  0.159862
10  1.3  0.117298
10  1.5  0.0646072
10  1.4  0.0865329
10  1.6  0.0480552
10  1.7  0.0368392
10  1.8  0.0269265
10  1.9  0.0208033
10  2.0  0.0158435
10  2.5  0.00417309
10  3.0  0.00124266
10  3.5  0.000472166
10  4.0  0.000161454
10  4.5  6.42531e-05
10  5.0  2.73585e-05
10  5.5  1.25367e-05
10  6.0  6.04926e-06
10  7.5  8.89255e-07
10  6.5  3.06014e-06
10  7.0  1.62369e-06
10  9.5  1.14227e-07
10  8.0  5.13789e-07
10  8.5  3.03421e-07
10  9.0  1.85985e-07
10  11.0  3.29104e-08
10  10.5  4.86673e-08
10  10.0  7.47539e-08
10  11.5  2.24692e-08
12  0.2  2.86948
12  0.3  2.3137
12  0.4  1.80318
12  0.5  1.36893
12  0.6  1.01852
12  0.7  0.74882
12  0.8  0.546015
12  0.9  0.396906
12  1.0  0.289182
12  1.1  0.211613
10  12.0  1.56048e-08
12  1.2  0.154044
12  1.3  0.11277
12  1.6  0.047142
12  1.4  0.0831525
12  1.5  0.0616694
12  1.7  0.0354401
12  1.8  0.0268904
12  1.9  0.0199621
12  2.0  0.0153577
12  2.5  0.00402788
12  3.0  0.00113765
12  3.5  0.000371587
12  4.0  0.000153622
12  4.5  6.1347e-05
12  5.0  2.61004e-05
12  5.5  1.19854e-05
12  6.0  5.76566e-06
12  7.5  8.48385e-07
12  6.5  2.92298e-06
12  7.0  1.54989e-06
12  8.5  2.85688e-07
12  9.5  1.09198e-07
12  8.0  4.89773e-07
12  9.0  1.77172e-07
12  10.0  7.15872e-08
12  10.5  4.72057e-08
14  0.2  2.77015
14  0.3  2.23204
14  0.4  1.73903
14  0.5  1.31778
14  0.6  0.979128
14  0.7  0.718426
14  0.8  0.523241
14  0.9  0.380248
14  1.0  0.275683
14  1.1  0.201327
12  11.0  3.15719e-08
14  1.2  0.14697
14  1.4  0.0804546
14  1.3  0.107223
12  12.0  1.49174e-08
14  1.6  0.0437195
14  1.5  0.0587999
14  1.7  0.033329
12  11.5  2.16124e-08
14  1.8  0.0246828
14  2.0  0.0146081
14  1.9  0.0195224
14  2.5  0.00410806
14  3.0  0.00129454
14  3.5  0.000530216
14  5.0  2.47084e-05
14  4.0  0.000145009
14  4.5  5.81065e-05
14  5.5  1.12685e-05
14  6.0  5.43075e-06
14  7.5  7.98463e-07
14  6.5  2.74908e-06
14  8.0  4.57606e-07
14  8.5  2.68779e-07
14  7.0  1.45822e-06
14  10.0  6.66307e-08
14  9.0  1.67019e-07
14  10.5  4.37557e-08
14  9.5  1.04742e-07
14  11.0  2.9531e-08
16  0.2  2.65181
16  0.3  2.13775
16  0.4  1.66026
16  0.5  1.25611
16  0.6  0.931977
16  0.7  0.681125
16  0.8  0.495833
16  0.9  0.359846
16  1.0  0.26159
16  1.2  0.138711
16  1.1  0.189574
16  1.3  0.101692
16  1.4  0.0752965
16  1.5  0.0557119
16  1.6  0.0408762
16  1.7  0.031535
16  1.9  0.018205
16  1.8  0.0231538
16  2.0  0.0135888
16  2.5  0.00357986
14  11.5  2.02261e-08
16  3.0  0.00104545
16  3.5  0.000484898
14  12.0  1.41554e-08
16  4.5  5.3798e-05
16  4.0  0.00013459
16  5.0  2.29558e-05
16  6.0  5.00287e-06
16  5.5  1.049e-05
16  8.0  4.22403e-07
16  6.5  2.55211e-06
16  7.5  7.41029e-07
16  8.5  2.4958e-07
16  7.0  1.35723e-06
16  9.0  1.55053e-07
16  10.5  4.08115e-08
16  9.5  9.71799e-08
16  10.0  6.25367e-08
18  0.2  2.51134
18  0.3  2.01802
18  0.4  1.56616
18  0.5  1.18186
18  0.6  0.875123
18  0.7  0.639162
18  0.8  0.463908
18  0.9  0.335975
18  1.0  0.242984
18  1.1  0.17567
16  11.0  2.75964e-08
18  1.2  0.128605
18  1.3  0.0950571
18  1.4  0.0698628
18  1.5  0.0506631
18  1.7  0.0294745
16  11.5  1.88254e-08
18  1.6  0.0379142
18  1.9  0.0165759
18  2.0  0.0126837
18  1.8  0.0214969
18  3.0  0.00100373
18  2.5  0.00335048
18  3.5  0.000208373
16  12.0  1.30874e-08
18  5.0  2.06855e-05
18  4.0  0.000123497
18  4.5  4.94092e-05
18  5.5  9.5703e-06
18  6.0  4.59038e-06
18  6.5  2.32435e-06
18  7.5  6.75794e-07
18  8.0  3.83981e-07
18  7.0  1.23649e-06
18  8.5  2.29794e-07
18  9.5  8.80351e-08
18  9.0  1.41457e-07
18  10.0  5.62398e-08
18  10.5  3.7e-08
2  0.2  3.11615
18  11.0  2.47951e-08
2  0.3  2.52252
2  0.4  1.97163
2  0.5  1.49969
2  0.6  1.12108
2  0.7  0.826818
2  0.8  0.605094
2  0.9  0.441707
2  1.0  0.321434
2  1.1  0.234872
2  1.2  0.172647
2  1.3  0.128331
2  1.5  0.0701995
2  1.4  0.0940013
2  1.6  0.0535151
2  1.7  0.0398901
2  1.8  0.0307116
2  1.9  0.0225865
18  11.5  1.71918e-08
2  2.5  0.00440304
2  2.0  0.0172118
2  3.0  0.00124392
2  3.5  0.00074089
18  12.0  1.19354e-08
2  4.0  0.000176881
2  5.0  3.0243e-05
2  4.5  7.05635e-05
2  5.5  1.38223e-05
2  6.0  6.63301e-06
2  6.5  3.36006e-06
2  7.5  9.80375e-07
2  7.0  1.79031e-06
2  8.5  3.30271e-07
2  8.0  5.67659e-07
2  9.0  2.0502e-07
2  9.5  1.28255e-07
2  10.5  5.35249e-08
2  10.0  8.28305e-08
20  0.2  2.34408
2  11.0  3.60344e-08
20  0.3  1.88014
2  12.0  1.7156e-08
20  0.4  1.4571
20  0.5  1.09567
20  0.6  0.809361
20  0.7  0.58934
20  0.8  0.426647
20  0.9  0.308192
20  1.0  0.222507
2  11.5  2.46927e-08
20  1.1  0.161119
20  1.2  0.117447
20  1.3  0.0854997
20  1.4  0.0631863
20  1.5  0.0462397
20  1.6  0.034308
20  1.7  0.0263516
20  1.8  0.0192974
20  1.9  0.0145026
20  2.0  0.0110383
20  2.5  0.00304053
20  3.0  0.000888247
20  3.5  0.000215835
20  4.5  4.41748e-05
20  4.0  0.000109873
20  5.0  1.8609e-05
20  5.5  8.54026e-06
20  7.0  1.08521e-06
20  7.5  5.97643e-07
20  6.0  4.0793e-06
20  8.0  3.42249e-07
20  6.5  2.06667e-06
20  8.5  2.05847e-07
20  9.5  7.77834e-08
20  9.0  1.2541e-07
20  10.0  5.00841e-08
20  11.0  2.23088e-08
20  10.5  3.29553e-08
22  0.2  2.14515
22  0.3  1.71585
22  0.4  1.32585
22  0.5  0.994499
22  0.6  0.731321
22  0.7  0.531255
22  0.8  0.383376
22  0.9  0.275599
22  1.1  0.143738
22  1.0  0.19844
22  1.2  0.103664
22  1.4  0.0562481
22  1.3  0.0755023
22  1.5  0.0407946
22  1.6  0.0302705
22  1.7  0.0231125
22  1.8  0.0173572
22  1.9  0.0130509
22  2.0  0.00983882
22  2.5  0.00258524
22  3.5  0.000385632
20  11.5  1.52576e-08
22  3.0  0.000677045
20  12.0  1.06534e-08
22  4.5  3.81449e-05
22  4.0  9.54753e-05
22  5.0  1.61024e-05
22  5.5  7.36738e-06
22  7.0  9.37112e-07
22  7.5  5.15746e-07
22  6.0  3.54366e-06
22  8.0  2.95369e-07
22  6.5  1.78051e-06
22  8.5  1.75962e-07
22  9.0  1.08375e-07
22  10.0  4.31637e-08
22  9.5  6.8112e-08
22  11.0  1.89931e-08
24  0.2  1.90845
22  10.5  2.88456e-08
24  0.3  1.5211
24  0.4  1.16934
24  0.5  0.874819
24  0.6  0.640207
24  0.7  0.463058
24  0.8  0.332871
24  0.9  0.238233
24  1.0  0.171146
24  1.1  0.123251
24  1.2  0.0896298
24  1.3  0.0645887
24  1.4  0.0470465
24  1.5  0.034816
24  1.6  0.0256568
24  1.7  0.01916
24  1.9  0.0108267
24  1.8  0.0143506
24  2.0  0.0083141
24  2.5  0.00215161
24  3.0  0.000627387
24  3.5  0.000375037
22  11.5  1.31633e-08
22  12.0  9.2289e-09
24  4.5  3.15582e-05
24  4.0  7.91029e-05
24  5.0  1.34204e-05
24  5.5  6.10588e-06
24  7.5  4.26199e-07
24  6.0  2.92322e-06
24  6.5  1.46959e-06
24  8.5  1.45228e-07
24  7.0  7.82027e-07
24  8.0  2.47984e-07
24  10.0  3.54983e-08
24  9.0  8.90973e-08
24  9.5  5.58641e-08
24  10.5  2.34345e-08
26  0.2  1.62585
26  0.3  1.29083
26  0.4  0.988258
24  12.0  7.54318e-09
26  0.5  0.734122
26  0.6  0.534746
24  11.0  1.56975e-08
26  0.7  0.384481
26  0.8  0.274537
26  0.9  0.195961
26  1.0  0.140195
26  1.1  0.100669
26  1.3  0.0526478
26  1.2  0.0722677
26  1.5  0.0283351
26  1.4  0.038034
26  1.6  0.0210673
26  1.7  0.0157675
26  1.8  0.0117854
26  1.9  0.00886734
26  2.0  0.00666718
26  2.5  0.00171771
26  3.0  0.000404426
26  3.5  0.000132045
24  11.5  1.09163e-08
26  4.0  6.16933e-05
26  4.5  2.45306e-05
26  5.0  1.04347e-05
26  5.5  4.74433e-06
26  6.5  1.1329e-06
26  7.0  6.04735e-07
26  7.5  3.30295e-07
26  6.0  2.26982e-06
26  8.0  1.90265e-07
26  9.5  4.26409e-08
26  8.5  1.13621e-07
26  9.0  6.9155e-08
26  10.0  2.75789e-08
26  11.0  1.22865e-08
26  10.5  1.81342e-08
28  0.2  1.29886
28  0.3  1.0264
28  0.4  0.780149
28  0.5  0.57548
28  0.6  0.415888
26  12.0  5.82323e-09
28  0.7  0.297219
28  0.8  0.210646
28  0.9  0.149398
26  11.5  8.35024e-09
28  1.0  0.106084
28  1.2  0.0544709
28  1.1  0.0757143
28  1.4  0.0285968
28  1.3  0.038995
28  1.6  0.01544
28  1.7  0.0116415
28  1.5  0.0205614
28  1.8  0.00866543
28  1.9  0.00632914
28  2.0  0.00481652
28  2.5  0.00129952
28  3.0  0.000316761
28  3.5  0.000152637
28  4.0  4.41695e-05
28  4.5  1.74374e-05
28  5.0  7.3561e-06
28  6.0  1.581e-06
28  5.5  3.35496e-06
28  6.5  7.9886e-07
28  7.5  2.32277e-07
28  8.0  1.33359e-07
28  7.0  4.28943e-07
28  9.5  3.02389e-08
28  9.0  4.80909e-08
28  8.5  7.97894e-08
28  10.5  1.27232e-08
28  10.0  1.96459e-08
30  0.2  0.94284
28  11.5  5.86998e-09
30  0.3  0.739372
30  0.4  0.55707
30  0.5  0.406996
30  0.6  0.291059
30  0.7  0.205955
30  0.8  0.144934
30  1.0  0.0718773
30  0.9  0.101846
30  1.1  0.0510324
30  1.2  0.0365369
30  1.3  0.0257666
30  1.4  0.0189087
30  1.5  0.0139204
30  1.6  0.0101545
30  1.7  0.00757954
30  1.8  0.00546244
30  2.0  0.0032003
30  1.9  0.00423088
28  11.0  8.69017e-09
30  2.5  0.00076406
30  3.0  0.000196895
30  3.5  2.37846e-05
30  4.0  2.74851e-05
28  12.0  4.12522e-09
30  4.5  1.0821e-05
30  5.0  4.5803e-06
30  5.5  2.07238e-06
30  6.0  9.83483e-07
30  6.5  4.95961e-07
30  8.5  4.85168e-08
30  7.0  2.63398e-07
30  7.5  1.44534e-07
30  8.0  8.25753e-08
30  9.0  2.98623e-08
30  10.0  1.18761e-08
30  9.5  1.86859e-08
30  11.0  5.27072e-09
32  0.2  0.600065
32  0.3  0.465858
30  11.5  3.5957e-09
32  0.4  0.346719
32  0.5  0.250004
32  0.6  0.176861
32  0.7  0.123642
30  10.5  7.9287e-09
32  0.8  0.0861082
32  0.9  0.0598642
32  1.0  0.0418161
32  1.1  0.0294105
32  1.2  0.0208397
32  1.3  0.01494
32  1.4  0.0105571
32  1.5  0.00758624
32  1.6  0.00554442
32  1.7  0.00411215
32  1.9  0.00235093
32  1.8  0.00300463
32  2.0  0.00169336
32  2.5  0.000419047
32  3.0  0.000122048
32  3.5  4.04263e-05
30  12.0  2.52132e-09
32  6.0  5.01426e-07
32  4.0  1.44739e-05
32  4.5  5.62012e-06
32  5.0  2.36273e-06
32  5.5  1.07093e-06
32  7.0  1.3405e-07
32  7.5  7.35951e-08
32  6.5  2.55441e-07
32  8.5  2.46435e-08
32  9.0  1.49865e-08
32  8.0  4.24423e-08
32  10.0  6.0559e-09
32  9.5  9.53608e-09
34  0.2  0.327598
34  0.3  0.251308
34  0.4  0.184319
32  10.5  4.04044e-09
34  0.5  0.131012
34  0.6  0.0914013
34  0.7  0.0630521
34  0.8  0.0433567
32  11.5  1.82441e-09
34  0.9  0.0297971
34  1.1  0.0143676
34  1.0  0.0205889
34  1.2  0.0100441
32  11.0  2.68916e-09
34  1.3  0.00719626
34  1.4  0.0050142
34  1.5  0.0036703
34  1.6  0.00271795
34  1.8  0.00143935
34  1.7  0.00190595
34  2.0  0.000783254
34  1.9  0.00102862
34  2.5  0.00018013
34  3.0  3.99542e-05
34  3.5  7.40537e-07
32  12.0  1.2837e-09
34  4.0  6.3127e-06
34  4.5  2.41707e-06
34  5.0  1.01578e-06
34  5.5  4.52133e-07
34  6.0  2.13746e-07
34  7.5  3.06804e-08
34  8.0  1.73739e-08
34  6.5  1.07521e-07
34  7.0  5.67985e-08
34  9.0  6.24184e-09
34  8.5  1.03063e-08
34  9.5  3.89814e-09
34  10.0  2.50643e-09
34  11.5  7.53048e-10
4  0.2  3.09487
34  11.0  1.10482e-09
4  0.3  2.50321
4  0.4  1.95771
4  0.5  1.49068
34  10.5  1.67441e-09
4  0.6  1.11175
4  0.7  0.819628
4  0.8  0.599763
4  1.0  0.31893
4  0.9  0.437028
4  1.1  0.233464
4  1.2  0.171142
4  1.3  0.125602
4  1.4  0.0927262
4  1.5  0.0700252
4  1.6  0.0512705
4  1.7  0.0396936
4  1.9  0.0229533
4  2.0  0.0174548
4  1.8  0.0293024
4  3.0  0.00161616
4  2.5  0.00443845
4  3.5  0.000559736
34  12.0  5.33109e-10
4  5.0  2.98619e-05
4  4.0  0.000176288
4  4.5  6.97484e-05
4  5.5  1.36869e-05
4  6.0  6.54694e-06
4  6.5  3.34032e-06
4  7.5  9.68833e-07
4  7.0  1.76627e-06
4  8.5  3.26529e-07
4  9.5  1.25704e-07
4  8.0  5.60671e-07
4  9.0  2.02559e-07
4  10.0  8.18462e-08
4  11.5  2.4518e-08
6  0.2  3.06256
4  11.0  3.55768e-08
4  10.5  5.38669e-08
4  12.0  1.69532e-08
6  0.3  2.47557
6  0.4  1.93437
6  0.5  1.47207
6  0.6  1.09791
6  0.7  0.808244
6  0.8  0.591528
6  0.9  0.431032
6  1.0  0.312309
6  1.2  0.168382
6  1.1  0.229928
6  1.3  0.125224
6  1.4  0.0910662
6  1.5  0.0676282
6  1.6  0.0507129
6  1.8  0.02986
6  1.7  0.0378809
6  1.9  0.0219227
6  2.0  0.0167494
6  2.5  0.00454914
6  3.0  0.00142172
6  3.5  0.000395809
6  5.0  2.93241e-05
6  4.0  0.000173038
6  4.5  6.84735e-05
6  5.5  1.33976e-05
6  6.0  6.45504e-06
6  6.5  3.2747e-06
6  8.0  5.44121e-07
6  7.5  9.50019e-07
6  7.0  1.73712e-06
6  8.5  3.20198e-07
6  9.0  1.98751e-07
6  9.5  1.24564e-07
6  10.0  8.01615e-08
6  10.5  5.20218e-08
8  0.2  3.01266
6  11.5  2.40496e-08
8  0.3  2.43404
8  0.4  1.90121
8  0.5  1.44682
8  0.6  1.07574
8  0.7  0.793728
8  0.8  0.580065
8  0.9  0.423145
8  1.0  0.307858
8  1.1  0.224697
8  1.2  0.165085
8  1.3  0.122452
8  1.4  0.0891404
6  11.0  3.53566e-08
8  1.5  0.0661939
8  1.6  0.0505407
8  1.7  0.0370817
8  1.8  0.0281169
8  1.9  0.0214997
8  2.0  0.0163975
8  2.5  0.00436418
8  3.0  0.00120787
8  3.5  0.000432525
6  12.0  1.68818e-08
8  4.0  0.000168152
8  4.5  6.65543e-05
8  5.0  2.83814e-05
8  5.5  1.3035e-05
8  6.0  6.27601e-06
8  7.5  9.23496e-07
8  6.5  3.18618e-06
8  7.0  1.68817e-06
8  8.5  3.11466e-07
8  9.5  1.18873e-07
8  8.0  5.34983e-07
8  9.0  1.93179e-07
8  10.0  7.69287e-08
8  10.5  5.05956e-08
8  11.5  2.33664e-08
8  12.0  1.6302e-08
8  11.0  3.43621e-08
