# diffractive D0 cross section, Pb target, HymnD fragmentation, An0n channel
# generated      : 2026-08-20 10:20:13 EEST
# calls          : 1e5 (VEGAS calls per point, see CALLS_EXCL/CALLS_EXCL_FACTORIZED/CALLS_DIFF)
# dipole samples : data/Pb/mve/glauber_mve_<b>
# pD0 sweep      : 0.2 0.3 0.4 0.5 0.6 0.7 0.8 0.9 1.0 1.1 1.2 1.3 1.4 1.5 1.6 1.7 1.8 1.9 2.0 2.5 3.0 3.5 4.0 4.5 5.0 5.5 6.0 6.5 7.0 7.5 8.0 8.5 9.0 9.5 10.0 10.5 11.0 11.5 12.0
# fixed rapidity y : 0.0
# ============================================================
# b  pD0  dsigma_dyd2pD0
0  0.2  0.756839
0  0.5  1.49346
0  0.4  1.38645
0  0.3  1.12307
0  0.6  1.44474
0  0.7  1.31723
0  0.8  1.13764
0  0.9  0.971401
0  1.0  0.794547
0  1.2  0.538579
0  1.3  0.440127
0  1.1  0.662225
0  1.5  0.290386
0  1.4  0.362094
0  1.7  0.196996
0  1.6  0.237638
0  1.8  0.160872
0  1.9  0.131974
0  2.0  0.109632
0  2.5  0.0450611
0  3.5  0.0100012
0  3.0  0.0204673
0  4.0  0.00510298
0  4.5  0.00303544
0  5.0  0.00175406
0  5.5  0.00107162
0  6.0  0.000672108
0  6.5  0.000445279
0  7.0  0.000296659
0  7.5  0.000203525
0  8.0  0.000140595
0  9.0  7.4458e-05
0  8.5  0.000101608
0  9.5  5.36563e-05
0  10.0  3.96984e-05
10  0.2  0.758443
10  0.3  1.10317
10  0.4  1.37116
0  10.5  2.99739e-05
10  0.5  1.44482
10  0.6  1.39665
10  0.7  1.27851
10  0.8  1.11013
10  0.9  0.93906
10  1.0  0.771793
10  1.1  0.636785
10  1.2  0.517841
0  11.0  2.26869e-05
10  1.3  0.421106
10  1.4  0.346362
10  1.6  0.225924
10  1.5  0.278505
10  1.8  0.154038
10  1.9  0.125822
10  1.7  0.187648
10  2.0  0.104373
10  2.5  0.0428212
10  3.0  0.019512
10  3.5  0.00957309
0  11.5  1.71841e-05
0  12.0  1.33091e-05
10  4.0  0.00503952
10  4.5  0.00283233
10  5.0  0.00169593
10  5.5  0.00101522
10  6.0  0.00064432
10  6.5  0.000432746
10  7.0  0.000288176
10  7.5  0.000198632
10  8.0  0.000134853
10  8.5  9.60242e-05
10  9.0  7.05526e-05
10  9.5  5.25872e-05
10  10.0  3.76918e-05
12  0.2  0.74455
12  0.3  1.09079
12  0.4  1.36542
10  10.5  2.85572e-05
12  0.5  1.43093
12  0.7  1.2588
12  0.6  1.39722
12  0.9  0.924815
12  0.8  1.10053
12  1.0  0.76369
10  11.0  2.13468e-05
12  1.1  0.624018
12  1.2  0.504147
12  1.3  0.414702
12  1.4  0.338923
12  1.5  0.276018
12  1.6  0.222842
12  1.7  0.184156
12  1.8  0.150661
12  2.0  0.101769
12  1.9  0.123731
12  2.5  0.0415997
10  11.5  1.63732e-05
12  3.5  0.00931645
12  3.0  0.019012
12  4.0  0.00498977
10  12.0  1.27138e-05
12  4.5  0.00278542
12  5.0  0.00163588
12  5.5  0.00100081
12  6.5  0.000417142
12  7.0  0.000275371
12  6.0  0.000637509
12  7.5  0.000189974
12  8.0  0.000132201
12  8.5  9.409e-05
12  9.0  6.85848e-05
12  9.5  4.89622e-05
12  10.0  3.65611e-05
14  0.2  0.748892
14  0.3  1.08819
12  10.5  2.76422e-05
14  0.4  1.33277
14  0.5  1.42167
14  0.6  1.35733
14  0.7  1.2213
14  0.8  1.07066
14  0.9  0.894979
14  1.0  0.749705
14  1.1  0.613608
14  1.2  0.49752
14  1.3  0.406017
14  1.4  0.325818
12  11.0  2.09207e-05
14  1.5  0.269854
14  1.6  0.219361
14  1.7  0.181182
14  1.9  0.118592
14  1.8  0.146759
14  2.0  0.0999649
14  2.5  0.0408528
14  3.5  0.00917764
12  11.5  1.5981e-05
14  3.0  0.0183954
12  12.0  1.26055e-05
14  4.0  0.00481428
14  4.5  0.00270622
14  5.0  0.00160022
14  5.5  0.000969301
14  6.0  0.00061859
14  6.5  0.000400204
14  7.0  0.000276213
14  7.5  0.000188024
14  8.0  0.000128076
14  9.0  6.55178e-05
14  8.5  9.33913e-05
14  9.5  4.82651e-05
14  10.0  3.55329e-05
16  0.2  0.734735
16  0.3  1.0836
16  0.4  1.31863
16  0.5  1.41132
14  10.5  2.68859e-05
16  0.6  1.34712
16  0.7  1.21449
16  0.8  1.041
16  0.9  0.87859
16  1.0  0.722015
16  1.1  0.588701
16  1.2  0.47952
14  11.0  2.03114e-05
16  1.3  0.388867
16  1.4  0.316368
16  1.5  0.259941
16  1.8  0.142538
16  1.6  0.210912
16  1.7  0.173203
16  1.9  0.116572
16  2.0  0.0955726
16  2.5  0.0393979
16  3.0  0.0179058
16  3.5  0.00887595
14  11.5  1.53312e-05
14  12.0  1.23982e-05
16  4.0  0.00463852
16  4.5  0.00261204
16  5.0  0.00153599
16  5.5  0.00093003
16  6.5  0.000388763
16  6.0  0.000593723
16  7.5  0.000176702
16  7.0  0.000260965
16  8.0  0.000123411
16  8.5  8.66651e-05
16  9.0  6.3627e-05
16  9.5  4.73915e-05
16  10.0  3.46217e-05
18  0.2  0.732882
18  0.3  1.08258
18  0.4  1.29422
16  10.5  2.65605e-05
18  0.5  1.36758
18  0.6  1.31393
18  0.7  1.1791
18  0.8  1.0079
18  0.9  0.839288
18  1.0  0.704967
18  1.1  0.575114
18  1.2  0.467145
16  11.0  1.94867e-05
18  1.3  0.378769
18  1.4  0.306762
18  1.5  0.249144
18  1.6  0.204318
18  1.7  0.16544
18  1.8  0.13518
18  1.9  0.112731
18  2.0  0.0925006
18  3.0  0.0170601
18  2.5  0.0376585
18  3.5  0.00839112
16  11.5  1.47088e-05
16  12.0  1.15811e-05
18  4.0  0.0044928
18  4.5  0.0024932
18  5.0  0.00147491
18  5.5  0.000888248
18  6.0  0.000566053
18  7.5  0.000172635
18  6.5  0.000370305
18  7.0  0.000252751
18  8.0  0.000117555
18  8.5  8.28741e-05
18  9.0  6.23296e-05
18  9.5  4.54479e-05
18  10.0  3.29721e-05
2  0.2  0.76394
2  0.3  1.12882
2  0.4  1.38351
2  0.5  1.46815
18  10.5  2.47402e-05
2  0.6  1.44722
2  0.7  1.28966
2  0.8  1.14393
2  0.9  0.965785
2  1.0  0.803383
2  1.1  0.659771
2  1.3  0.437193
2  1.2  0.535057
2  1.4  0.354233
2  1.5  0.289139
18  11.0  1.91121e-05
2  1.6  0.237159
2  1.7  0.194381
2  1.8  0.158813
2  1.9  0.130888
2  2.5  0.0450496
2  2.0  0.109347
2  3.0  0.0203792
2  3.5  0.010153
18  11.5  1.43321e-05
18  12.0  1.13451e-05
2  4.0  0.00531188
2  4.5  0.00297798
2  5.0  0.0017874
2  5.5  0.00110122
2  7.0  0.000296287
2  6.0  0.000677041
2  6.5  0.000453396
2  7.5  0.000202927
2  8.0  0.000140937
2  9.0  7.52328e-05
2  8.5  0.00010067
2  9.5  5.40205e-05
2  10.0  4.22391e-05
20  0.2  0.721194
20  0.3  1.05151
20  0.4  1.26939
20  0.5  1.34461
2  10.5  2.97512e-05
20  0.6  1.27474
20  0.7  1.13741
20  0.8  0.971715
20  0.9  0.810408
20  1.0  0.661961
20  1.1  0.546129
20  1.2  0.441189
20  1.3  0.361615
20  1.4  0.292737
2  11.0  2.31335e-05
20  1.5  0.239452
20  1.6  0.192293
20  1.8  0.129004
20  1.7  0.157425
20  1.9  0.105495
20  2.5  0.0358376
20  2.0  0.0871534
20  3.0  0.0161283
20  3.5  0.00790822
2  11.5  1.69565e-05
2  12.0  1.32436e-05
20  4.0  0.00421527
20  4.5  0.00235087
20  5.0  0.00137392
20  5.5  0.00084437
20  7.5  0.000158737
20  6.0  0.000543417
20  6.5  0.000358816
20  7.0  0.000233687
20  8.0  0.000113161
20  8.5  7.90595e-05
20  9.0  5.87699e-05
20  9.5  4.21255e-05
20  10.0  3.08708e-05
22  0.2  0.714167
22  0.3  1.01944
22  0.4  1.24098
22  0.5  1.29143
20  10.5  2.40112e-05
22  0.6  1.22768
22  0.7  1.0858
22  0.8  0.927291
22  0.9  0.763055
22  1.0  0.629284
22  1.1  0.517365
22  1.2  0.415039
22  1.3  0.337161
20  11.0  1.76192e-05
22  1.4  0.274246
22  1.5  0.222469
22  1.6  0.180466
22  1.7  0.146658
22  1.9  0.0998637
22  1.8  0.120639
22  2.0  0.0809467
22  2.5  0.0332967
20  11.5  1.37089e-05
22  3.0  0.0149104
22  3.5  0.00745776
20  12.0  1.06485e-05
22  4.5  0.00219259
22  5.0  0.00128687
22  4.0  0.00399866
22  5.5  0.000782099
22  6.0  0.000500328
22  8.0  0.000106181
22  6.5  0.000325845
22  7.0  0.000216219
22  7.5  0.000147335
22  8.5  7.53851e-05
22  9.0  5.45772e-05
22  9.5  3.89048e-05
22  10.0  2.88874e-05
24  0.2  0.694701
22  10.5  2.15888e-05
24  0.3  0.999052
24  0.4  1.18892
24  0.5  1.21976
24  0.6  1.17486
24  0.7  1.02086
24  0.8  0.863508
24  0.9  0.718244
24  1.0  0.591025
24  1.1  0.4768
24  1.2  0.385826
22  11.0  1.63217e-05
24  1.3  0.311694
24  1.4  0.25416
24  1.5  0.202238
24  1.7  0.133412
24  1.6  0.165566
24  1.8  0.109701
24  1.9  0.0901587
24  2.5  0.0304139
24  2.0  0.0739157
24  3.0  0.0136271
22  11.5  1.24288e-05
24  3.5  0.00672141
22  12.0  9.88414e-06
24  4.0  0.00363038
24  5.0  0.00115676
24  4.5  0.00197136
24  5.5  0.000710964
24  6.0  0.000449278
24  6.5  0.000302575
24  7.0  0.00020307
24  7.5  0.000137839
24  8.0  9.64602e-05
24  8.5  6.71204e-05
24  9.0  4.871e-05
24  9.5  3.48401e-05
24  11.0  1.48142e-05
26  0.2  0.6692
24  10.0  2.60324e-05
26  0.3  0.959964
26  0.4  1.11957
26  0.5  1.16204
24  10.5  1.96338e-05
26  0.6  1.0598
26  0.7  0.928199
26  0.8  0.787413
26  0.9  0.643709
26  1.0  0.531116
26  1.1  0.426004
26  1.2  0.343798
26  1.3  0.279094
26  1.4  0.224666
26  1.5  0.180965
26  1.6  0.146928
26  1.7  0.119139
26  1.8  0.0972431
26  1.9  0.0803625
26  2.0  0.0663925
24  11.5  1.13393e-05
26  2.5  0.0267927
26  3.0  0.0120828
26  3.5  0.00596552
24  12.0  8.73015e-06
26  4.0  0.00313603
26  5.0  0.0010098
26  4.5  0.00177479
26  6.0  0.000396357
26  5.5  0.000621604
26  6.5  0.000256766
26  7.0  0.000177576
26  7.5  0.000121865
26  8.0  8.31728e-05
26  8.5  5.95699e-05
26  9.0  4.20672e-05
26  9.5  3.18768e-05
26  11.0  1.30217e-05
26  10.0  2.36895e-05
28  0.2  0.638004
28  0.3  0.903111
28  0.4  1.03303
28  0.5  1.04178
28  0.6  0.948515
28  0.7  0.814556
26  10.5  1.71511e-05
28  0.8  0.690357
28  0.9  0.563466
28  1.0  0.458916
28  1.1  0.370743
28  1.2  0.296473
28  1.3  0.235683
28  1.4  0.191087
26  12.0  7.71592e-06
28  1.5  0.154219
28  1.6  0.12417
28  1.7  0.102001
28  1.8  0.0821071
28  1.9  0.0679004
28  2.0  0.054978
26  11.5  1.02501e-05
28  2.5  0.0228977
28  3.5  0.00492057
28  3.0  0.010222
28  5.0  0.000844613
28  4.5  0.00148322
28  4.0  0.00264827
28  5.5  0.000526338
28  7.0  0.000150356
28  6.0  0.000340264
28  6.5  0.000222179
28  7.5  0.000102139
28  8.5  4.89664e-05
28  8.0  7.00273e-05
28  9.0  3.65911e-05
28  9.5  2.60843e-05
28  11.0  1.09088e-05
28  10.0  1.92232e-05
30  0.2  0.588343
30  0.3  0.81743
28  10.5  1.45119e-05
30  0.4  0.909547
30  0.5  0.891776
30  0.6  0.799259
30  0.7  0.665115
30  0.8  0.567658
30  0.9  0.461525
30  1.0  0.370887
30  1.1  0.298274
30  1.2  0.238468
30  1.3  0.190836
30  1.4  0.153602
30  1.5  0.122097
30  1.6  0.100343
30  1.7  0.0794694
30  1.8  0.0640161
30  1.9  0.0537247
30  2.0  0.0441458
30  2.5  0.0178084
30  3.0  0.00801896
30  3.5  0.00394078
28  11.5  8.20947e-06
30  4.0  0.00208975
28  12.0  6.50724e-06
30  4.5  0.00114753
30  5.0  0.000680274
30  6.5  0.000169639
30  7.0  0.000116387
30  5.5  0.000424307
30  6.0  0.000267091
30  7.5  7.91006e-05
30  8.5  3.94633e-05
30  8.0  5.33896e-05
30  9.0  2.78711e-05
30  9.5  2.04268e-05
30  10.0  1.48618e-05
32  0.2  0.525686
32  0.3  0.701157
30  10.5  1.13216e-05
32  0.4  0.74692
32  0.5  0.704668
32  0.6  0.612517
32  0.7  0.517337
32  0.9  0.33805
32  0.8  0.423342
32  1.0  0.271951
32  1.1  0.217338
32  1.2  0.174567
32  1.3  0.140162
32  1.4  0.108775
30  11.0  8.51877e-06
32  1.5  0.0870037
32  1.6  0.0720406
32  1.7  0.0582612
32  1.8  0.047065
32  1.9  0.0377514
32  2.0  0.0315851
32  3.0  0.00571301
32  2.5  0.0128369
32  3.5  0.00280847
30  11.5  6.57289e-06
30  12.0  5.15482e-06
32  4.0  0.00147074
32  4.5  0.000819322
32  5.0  0.000495482
32  5.5  0.000293577
32  6.0  0.000183894
32  6.5  0.000121941
32  7.0  8.21359e-05
32  8.5  2.79462e-05
32  7.5  5.61383e-05
32  8.0  3.89556e-05
32  9.0  1.9829e-05
32  9.5  1.44844e-05
32  10.0  1.09045e-05
4  0.2  0.753032
4  0.3  1.12473
32  10.5  8.03681e-06
4  0.4  1.3851
4  0.5  1.47431
32  12.0  3.55277e-06
4  0.6  1.43874
4  0.7  1.30322
4  0.8  1.14433
4  0.9  0.962803
4  1.0  0.791193
4  1.2  0.538246
32  11.0  6.19155e-06
4  1.1  0.663222
4  1.3  0.435175
4  1.4  0.359235
4  1.5  0.289986
4  1.6  0.235413
4  1.7  0.191344
4  1.8  0.159052
4  2.0  0.108915
4  1.9  0.131948
4  2.5  0.0444985
4  3.0  0.0200934
4  3.5  0.0100958
32  11.5  4.79115e-06
4  4.0  0.00532822
4  4.5  0.00296289
4  5.0  0.00178792
4  5.5  0.00106706
4  7.0  0.000296144
4  6.0  0.000689647
4  6.5  0.000442352
4  7.5  0.000201983
4  8.0  0.000141084
4  9.0  7.23759e-05
4  8.5  0.000100155
4  9.5  5.42079e-05
4  10.0  4.02445e-05
6  0.2  0.759939
6  0.3  1.12249
6  0.4  1.37175
6  0.5  1.48206
4  10.5  3.00636e-05
6  0.6  1.43409
6  0.7  1.28566
6  0.9  0.952293
6  0.8  1.13004
6  1.0  0.793569
6  1.1  0.656928
6  1.2  0.5288
6  1.3  0.437024
6  1.4  0.352201
6  1.5  0.28314
4  11.0  2.21762e-05
6  1.6  0.233992
6  1.8  0.158486
6  1.7  0.192266
6  1.9  0.130535
6  2.5  0.0439461
6  2.0  0.1081
6  3.5  0.010065
6  3.0  0.0198839
4  11.5  1.69745e-05
4  12.0  1.36502e-05
6  4.0  0.00532824
6  4.5  0.00293164
6  5.0  0.00172139
6  5.5  0.00104802
6  6.5  0.000447526
6  6.0  0.000674724
6  7.0  0.00029699
6  7.5  0.000200198
6  8.0  0.000140621
6  8.5  0.000101922
6  9.0  7.20427e-05
6  9.5  5.26432e-05
6  10.0  3.99122e-05
8  0.2  0.757055
8  0.3  1.1172
6  10.5  3.00045e-05
8  0.4  1.37838
8  0.5  1.4743
8  0.7  1.29199
8  0.6  1.4098
8  0.9  0.9508
8  0.8  1.12194
8  1.1  0.642775
8  1.0  0.788736
8  1.3  0.427327
8  1.2  0.528431
8  1.4  0.349918
6  11.0  2.27669e-05
8  1.5  0.286006
8  1.6  0.234019
8  1.7  0.190402
8  1.8  0.156545
8  1.9  0.126409
8  2.0  0.106662
8  2.5  0.0436792
8  3.0  0.0200586
6  11.5  1.68897e-05
8  3.5  0.00979624
8  4.0  0.00513188
8  5.0  0.00171422
6  12.0  1.33363e-05
8  4.5  0.00291454
8  5.5  0.00103209
8  6.5  0.000428729
8  7.0  0.000289683
8  6.0  0.000658258
8  7.5  0.000198857
8  8.0  0.000137167
8  8.5  9.82135e-05
8  9.0  7.12768e-05
8  9.5  5.19987e-05
8  10.0  3.94729e-05
8  10.5  2.89912e-05
8  11.0  2.23281e-05
8  11.5  1.67702e-05
8  12.0  1.29119e-05
