# diffractive D0 cross section, Pb target, LHAPDF fragmentation, An0n channel
# generated      : 2026-08-20 10:21:42 EEST
# calls          : 1e5 (VEGAS calls per point, see CALLS_EXCL/CALLS_EXCL_FACTORIZED/CALLS_DIFF)
# dipole samples : data/Pb/mve/glauber_mve_<b>
# pD0 sweep      : 0.2 0.3 0.4 0.5 0.6 0.7 0.8 0.9 1.0 1.1 1.2 1.3 1.4 1.5 1.6 1.7 1.8 1.9 2.0 2.5 3.0 3.5 4.0 4.5 5.0 5.5 6.0 6.5 7.0 7.5 8.0 8.5 9.0 9.5 10.0 10.5 11.0 11.5 12.0
# fixed rapidity y : 2.0
# ============================================================
# b  pD0  dsigma_dyd2pD0
0  0.5  0.406201
0  0.2  0.19358
0  0.3  0.289271
0  0.4  0.366656
0  0.7  0.373929
0  0.6  0.398184
0  0.9  0.275489
0  0.8  0.327436
0  1.0  0.222345
0  1.1  0.181863
0  1.2  0.144913
0  1.4  0.0909845
0  1.3  0.115383
0  1.5  0.0719417
0  1.7  0.0443749
0  1.9  0.028603
0  1.6  0.0568984
0  1.8  0.0357077
0  2.5  0.00777336
0  2.0  0.022758
0  3.0  0.00302994
0  3.5  0.00127212
0  4.5  0.000278878
0  5.0  0.000137776
0  4.0  0.000579136
0  5.5  7.40539e-05
0  6.0  4.11688e-05
0  6.5  2.36474e-05
0  7.0  1.39671e-05
0  7.5  8.5341e-06
0  9.0  2.10586e-06
0  8.0  5.2851e-06
0  8.5  3.26501e-06
0  9.5  1.38786e-06
0  11.0  4.1081e-07
10  0.2  0.19198
10  0.3  0.284869
0  10.0  9.09146e-07
10  0.4  0.36509
10  0.5  0.397464
10  0.6  0.391882
10  0.7  0.362362
0  10.5  6.11921e-07
10  0.8  0.31875
10  0.9  0.267587
10  1.1  0.174333
10  1.0  0.217181
10  1.2  0.140155
10  1.4  0.0868104
10  1.3  0.111208
10  1.5  0.0693605
10  1.6  0.054504
10  1.7  0.0434689
10  1.8  0.03444
10  2.0  0.0216451
10  1.9  0.0271858
10  2.5  0.00742287
10  3.0  0.00292922
10  3.5  0.0011776
0  11.5  2.73119e-07
0  12.0  1.95333e-07
10  4.0  0.000548026
10  4.5  0.000264813
10  5.0  0.00012976
10  5.5  7.07516e-05
10  6.0  3.94168e-05
10  6.5  2.18429e-05
10  7.0  1.35423e-05
10  7.5  8.1201e-06
10  9.0  2.01271e-06
10  8.0  4.84051e-06
10  9.5  1.23558e-06
10  8.5  3.13771e-06
10  10.0  8.63189e-07
10  11.0  3.92576e-07
12  0.2  0.19094
10  10.5  5.81283e-07
12  0.3  0.286716
12  0.4  0.360384
12  0.6  0.390207
12  0.5  0.394852
12  0.7  0.359355
12  0.8  0.31501
12  0.9  0.259697
12  1.0  0.213382
12  1.1  0.17235
12  1.2  0.138044
12  1.3  0.10905
12  1.4  0.0859243
12  1.5  0.0678272
12  1.6  0.0533236
12  1.7  0.0425336
12  1.9  0.0265843
12  1.8  0.0334508
12  2.0  0.0209556
12  2.5  0.00729875
12  3.0  0.00273936
12  3.5  0.00116356
10  11.5  2.66194e-07
10  12.0  1.83289e-07
12  4.0  0.000532276
12  4.5  0.000261853
12  5.0  0.000130227
12  5.5  6.95206e-05
12  6.0  3.81604e-05
12  6.5  2.21335e-05
12  7.0  1.2713e-05
12  7.5  7.92678e-06
12  9.0  1.97002e-06
12  8.0  4.85628e-06
12  9.5  1.28107e-06
12  8.5  3.04104e-06
12  11.0  3.83585e-07
12  10.0  8.42863e-07
14  0.2  0.189573
14  0.3  0.282065
12  10.5  5.63279e-07
14  0.4  0.355206
14  0.6  0.384367
14  0.5  0.390381
14  0.7  0.350922
14  0.8  0.308554
14  0.9  0.255705
14  1.0  0.209961
14  1.1  0.168738
14  1.3  0.105948
14  1.2  0.136303
14  1.4  0.0833615
14  1.5  0.0669817
14  1.6  0.0516386
14  1.7  0.0413797
14  1.8  0.0324928
14  1.9  0.026077
14  2.0  0.0208777
14  2.5  0.00710461
14  3.0  0.0026642
14  3.5  0.00111915
12  11.5  2.63703e-07
12  12.0  1.79288e-07
14  5.5  6.86711e-05
14  4.0  0.000522485
14  4.5  0.000252739
14  5.0  0.000123481
14  7.5  7.65889e-06
14  6.0  3.77068e-05
14  6.5  2.14438e-05
14  7.0  1.23179e-05
14  8.5  2.98911e-06
14  9.0  1.91983e-06
14  8.0  4.74509e-06
14  9.5  1.23674e-06
14  10.5  5.48241e-07
14  11.0  3.72359e-07
14  10.0  8.20966e-07
16  0.2  0.191553
16  0.3  0.279213
16  0.4  0.350835
16  0.5  0.384115
16  0.6  0.385092
16  0.7  0.347791
16  0.8  0.29637
16  0.9  0.250312
16  1.0  0.202833
16  1.1  0.161799
16  1.4  0.0806355
16  1.2  0.130079
16  1.3  0.103643
16  1.6  0.0487608
16  1.5  0.064069
16  1.7  0.0399118
16  1.9  0.0252673
16  1.8  0.0315468
16  2.0  0.020157
16  2.5  0.00682443
16  3.0  0.00255656
16  3.5  0.00109214
14  11.5  2.5424e-07
14  12.0  1.65875e-07
16  5.5  6.61231e-05
16  4.0  0.000503754
16  4.5  0.000248761
16  5.0  0.000118387
16  6.0  3.62771e-05
16  7.5  7.41655e-06
16  6.5  2.05844e-05
16  7.0  1.14549e-05
16  9.0  1.83489e-06
16  8.0  4.6097e-06
16  9.5  1.19941e-06
16  8.5  2.8863e-06
16  10.5  5.28631e-07
18  0.2  0.18905
18  0.3  0.273634
16  10.0  7.93253e-07
18  0.4  0.345646
18  0.5  0.379964
18  0.6  0.367628
18  0.7  0.336002
18  0.8  0.294422
18  0.9  0.242517
18  1.0  0.19671
18  1.1  0.158752
16  11.0  3.55159e-07
18  1.2  0.125949
18  1.3  0.099798
18  1.4  0.077098
18  1.6  0.0484916
18  1.5  0.0612458
18  1.7  0.0383872
18  2.0  0.0191414
18  1.8  0.0302229
18  1.9  0.0245649
18  2.5  0.00652621
18  3.0  0.00247517
18  3.5  0.00104169
16  11.5  2.43792e-07
16  12.0  1.70919e-07
18  5.0  0.00011643
18  4.0  0.000477658
18  5.5  6.14245e-05
18  4.5  0.000229147
18  6.0  3.47773e-05
18  6.5  2.00316e-05
18  7.0  1.17705e-05
18  8.5  2.76297e-06
18  7.5  6.77329e-06
18  9.0  1.62321e-06
18  8.0  4.34703e-06
18  9.5  1.13587e-06
18  10.5  4.95903e-07
18  10.0  7.56192e-07
2  0.2  0.193864
2  0.3  0.293846
2  0.4  0.366666
2  0.5  0.404337
2  0.6  0.405135
2  0.7  0.365215
2  0.8  0.327581
2  0.9  0.274412
2  1.1  0.179437
2  1.0  0.223722
18  11.0  3.31354e-07
2  1.2  0.145316
2  1.3  0.116033
2  1.4  0.0907384
2  1.5  0.0731471
2  1.6  0.0562712
2  1.7  0.046083
2  1.8  0.0358871
2  1.9  0.0284658
2  2.5  0.00791346
2  2.0  0.0230106
2  3.0  0.00294669
2  3.5  0.00124095
18  11.5  2.32685e-07
18  12.0  1.5499e-07
2  4.5  0.000277539
2  5.0  0.000135035
2  4.0  0.000568629
2  5.5  7.26521e-05
2  6.5  2.36229e-05
2  6.0  4.13316e-05
2  7.0  1.40202e-05
2  7.5  8.24167e-06
2  9.0  2.00806e-06
2  8.0  5.22945e-06
2  8.5  3.25634e-06
2  9.5  1.36578e-06
2  10.0  9.07758e-07
20  0.2  0.186106
20  0.3  0.275692
20  0.4  0.342966
20  0.5  0.371503
20  0.6  0.361134
2  10.5  6.0797e-07
20  0.7  0.327806
20  0.8  0.281499
20  0.9  0.233299
2  11.0  4.01795e-07
20  1.0  0.189788
20  1.1  0.150579
20  1.3  0.0943232
20  1.2  0.12008
20  1.4  0.0742019
20  1.6  0.0458305
20  1.5  0.0585815
20  1.7  0.0362676
20  1.8  0.0283481
20  1.9  0.0227846
20  2.0  0.0182589
20  2.5  0.00617113
20  3.0  0.0023452
20  3.5  0.000990402
2  11.5  2.82439e-07
2  12.0  1.92825e-07
20  5.5  5.96023e-05
20  4.0  0.000451359
20  4.5  0.000218301
20  5.0  0.000109388
20  6.0  3.18375e-05
20  6.5  1.8539e-05
20  7.0  1.09654e-05
20  7.5  6.66226e-06
20  9.0  1.66044e-06
20  8.0  4.02764e-06
20  8.5  2.59123e-06
20  9.5  1.09479e-06
20  10.0  7.09423e-07
22  0.2  0.180872
22  0.3  0.270957
22  0.4  0.338282
22  0.5  0.362637
22  0.6  0.346561
20  10.5  4.60241e-07
22  0.8  0.268379
22  0.7  0.314802
22  0.9  0.221861
22  1.0  0.179482
22  1.1  0.141662
22  1.2  0.113576
22  1.3  0.0887396
20  11.0  3.21151e-07
22  1.4  0.0697738
22  1.5  0.0551234
22  1.7  0.0339096
22  1.6  0.0435309
22  1.8  0.0271362
22  2.0  0.0167679
22  1.9  0.0211505
22  2.5  0.00574137
22  3.0  0.00219166
20  11.5  2.12482e-07
22  3.5  0.000924047
22  4.0  0.000425197
20  12.0  1.53961e-07
22  5.5  5.38726e-05
22  4.5  0.000201412
22  5.0  0.000102028
22  6.0  2.98513e-05
22  6.5  1.73382e-05
22  7.0  9.87967e-06
22  7.5  6.16106e-06
22  8.0  3.62954e-06
22  8.5  2.39821e-06
22  9.0  1.54228e-06
22  9.5  9.9393e-07
22  10.0  6.24846e-07
24  0.2  0.180488
24  0.3  0.26086
22  10.5  4.4104e-07
24  0.4  0.323474
24  0.5  0.343644
24  0.6  0.332155
22  11.5  2.02953e-07
24  0.7  0.295474
24  0.8  0.25058
24  0.9  0.207343
22  11.0  2.9625e-07
24  1.0  0.165798
24  1.1  0.132525
24  1.2  0.105176
24  1.3  0.0807881
24  1.5  0.0502904
24  1.4  0.0641297
24  1.6  0.0403004
24  1.7  0.0308377
24  1.8  0.0242627
24  2.0  0.0153496
24  1.9  0.01937
24  2.5  0.00553549
24  3.0  0.00201182
24  3.5  0.000846397
22  12.0  1.42548e-07
24  4.0  0.00038432
24  4.5  0.000179126
24  5.0  9.28482e-05
24  5.5  4.82253e-05
24  6.0  2.71744e-05
24  6.5  1.59019e-05
24  7.0  9.3842e-06
24  8.5  2.16965e-06
24  7.5  5.43786e-06
24  9.0  1.38067e-06
24  8.0  3.40971e-06
24  9.5  9.04819e-07
24  10.0  5.98239e-07
26  0.2  0.174696
26  0.3  0.252534
26  0.4  0.312449
26  0.5  0.323291
24  10.5  4.05553e-07
26  0.7  0.272493
26  0.6  0.305275
26  0.8  0.231531
26  0.9  0.186502
26  1.0  0.151545
26  1.1  0.119892
26  1.2  0.0941143
26  1.3  0.0730484
26  1.4  0.0581538
26  1.5  0.0446992
24  11.0  2.71956e-07
26  1.6  0.0349753
26  1.7  0.0275094
26  1.8  0.0215997
26  1.9  0.0171553
26  2.0  0.0137306
26  2.5  0.00460267
26  3.0  0.0018142
26  3.5  0.000748239
24  11.5  1.8457e-07
24  12.0  1.29244e-07
26  5.0  8.32586e-05
26  6.0  2.39497e-05
26  4.0  0.0003318
26  4.5  0.000158944
26  5.5  4.37627e-05
26  6.5  1.37487e-05
26  7.0  8.12322e-06
26  7.5  4.90849e-06
26  8.0  3.04826e-06
26  8.5  1.85164e-06
26  9.0  1.2232e-06
26  9.5  7.90969e-07
26  10.0  5.19181e-07
26  10.5  3.51969e-07
28  0.2  0.165907
28  0.3  0.235709
28  0.4  0.285642
28  0.5  0.295207
28  0.6  0.277855
28  0.7  0.241457
28  0.8  0.201841
28  0.9  0.162098
28  1.1  0.101779
28  1.0  0.12994
28  1.2  0.0788472
28  1.3  0.062771
28  1.4  0.048789
28  1.5  0.0379154
26  11.0  2.39419e-07
28  1.7  0.02363
28  1.6  0.0297324
28  1.9  0.0143617
28  1.8  0.0179868
28  2.0  0.011427
28  3.0  0.00149292
28  2.5  0.00395508
28  3.5  0.000619863
26  11.5  1.62596e-07
26  12.0  1.12931e-07
28  4.5  0.000134537
28  4.0  0.000276689
28  6.0  2.02941e-05
28  5.0  6.85229e-05
28  5.5  3.66273e-05
28  7.5  4.0359e-06
28  8.0  2.58211e-06
28  6.5  1.14878e-05
28  7.0  6.77816e-06
28  9.0  1.01222e-06
28  8.5  1.57399e-06
28  10.5  2.89063e-07
28  9.5  6.70916e-07
28  10.0  4.42259e-07
30  0.2  0.155626
30  0.3  0.219229
30  0.4  0.259914
30  0.5  0.254615
30  0.6  0.236529
30  0.7  0.1997
30  0.8  0.166567
30  0.9  0.135934
30  1.0  0.105275
30  1.1  0.0835833
30  1.2  0.0642552
30  1.3  0.0496889
30  1.4  0.0390103
30  1.7  0.0186231
30  1.5  0.0305902
28  11.0  2.0148e-07
30  1.6  0.0236248
30  1.8  0.0145564
30  1.9  0.0115193
30  2.5  0.00295148
30  2.0  0.0092222
30  3.5  0.000484096
30  3.0  0.0011783
28  11.5  1.34861e-07
28  12.0  9.56197e-08
30  5.0  5.46999e-05
30  4.0  0.000218894
30  4.5  0.000105896
30  5.5  2.81655e-05
30  6.0  1.6126e-05
30  6.5  9.23374e-06
30  8.0  2.01564e-06
30  7.0  5.31623e-06
30  9.0  8.15039e-07
30  7.5  3.2956e-06
30  8.5  1.25269e-06
30  9.5  5.30713e-07
30  10.0  3.46391e-07
32  0.2  0.139394
32  0.3  0.192665
32  0.4  0.217265
30  12.0  7.27329e-08
30  10.5  2.33259e-07
32  0.5  0.205638
32  0.6  0.182094
32  0.7  0.153047
32  0.8  0.124743
32  0.9  0.100247
32  1.0  0.0779447
32  1.1  0.0604046
30  11.0  1.47202e-07
32  1.3  0.0369347
32  1.2  0.0459119
32  1.4  0.0287289
32  1.5  0.0224351
32  1.6  0.017384
32  1.7  0.0135371
32  1.8  0.0105
32  1.9  0.00838072
32  2.0  0.00672716
32  3.0  0.000835654
32  2.5  0.00220821
32  3.5  0.000359157
30  11.5  1.08384e-07
32  4.0  0.000153301
32  4.5  7.8022e-05
32  5.0  3.78704e-05
32  5.5  2.03912e-05
32  6.0  1.16156e-05
32  7.5  2.38962e-06
32  6.5  6.69547e-06
32  7.0  3.92269e-06
32  9.0  5.84805e-07
32  8.0  1.33701e-06
32  8.5  8.9725e-07
32  9.5  3.6965e-07
32  10.0  2.46521e-07
32  10.5  1.67901e-07
4  0.2  0.194992
4  0.3  0.289688
4  0.4  0.365804
4  0.5  0.404181
4  0.6  0.402031
4  0.8  0.321685
4  0.7  0.373093
4  0.9  0.273791
4  1.0  0.223802
4  1.1  0.180365
4  1.2  0.144511
4  1.3  0.114827
4  1.4  0.0924721
4  1.5  0.0715571
4  1.6  0.0571764
4  1.7  0.0448725
4  1.8  0.0354369
32  11.0  1.1241e-07
4  1.9  0.0282007
4  2.0  0.0227041
4  2.5  0.007804
4  3.0  0.00294446
4  3.5  0.0012324
32  11.5  7.66988e-08
32  12.0  5.31405e-08
4  4.5  0.000272898
4  5.0  0.000140067
4  4.0  0.000569107
4  5.5  7.50045e-05
4  6.0  4.10619e-05
4  6.5  2.35395e-05
4  7.0  1.39884e-05
4  7.5  8.47826e-06
4  9.0  2.10353e-06
4  8.0  5.19097e-06
4  8.5  3.17644e-06
4  9.5  1.37591e-06
6  0.2  0.192488
4  10.0  9.03105e-07
6  0.3  0.287926
6  0.4  0.3634
6  0.5  0.403451
6  0.6  0.395246
6  0.7  0.37122
4  10.5  6.00826e-07
6  0.8  0.325145
6  0.9  0.272152
6  1.0  0.222616
6  1.1  0.178508
6  1.2  0.1427
6  1.3  0.113207
6  1.4  0.0896786
6  1.5  0.0705161
6  1.6  0.0550206
4  11.0  3.93818e-07
6  1.7  0.0446733
6  1.8  0.0351922
6  1.9  0.0284626
6  2.0  0.0225116
6  2.5  0.00780107
6  3.0  0.00300949
6  3.5  0.0012361
4  11.5  2.78785e-07
4  12.0  1.91726e-07
6  5.0  0.000140413
6  4.0  0.000572232
6  4.5  0.000271856
6  5.5  7.35136e-05
6  7.0  1.39126e-05
6  6.0  4.14689e-05
6  6.5  2.34517e-05
6  8.5  3.24451e-06
6  7.5  8.10387e-06
6  9.0  2.11754e-06
6  8.0  5.18586e-06
6  9.5  1.30603e-06
8  0.2  0.192858
6  10.0  8.86575e-07
8  0.3  0.288727
8  0.4  0.365225
8  0.5  0.399991
8  0.6  0.393466
8  0.7  0.366506
8  0.8  0.321889
8  0.9  0.269502
6  10.5  5.92627e-07
8  1.0  0.220519
8  1.1  0.177209
8  1.2  0.141349
8  1.4  0.0878009
8  1.3  0.111606
8  1.5  0.0702626
8  1.6  0.0552429
6  11.0  4.10899e-07
8  1.7  0.044056
8  1.8  0.0345713
8  1.9  0.0273323
8  2.0  0.0219999
8  2.5  0.00764188
8  3.0  0.00293146
8  3.5  0.00123822
6  11.5  2.74091e-07
6  12.0  1.90299e-07
8  4.0  0.000554219
8  5.0  0.00013964
8  4.5  0.000269486
8  7.0  1.34265e-05
8  5.5  7.35906e-05
8  6.0  3.97813e-05
8  6.5  2.29934e-05
8  8.5  3.05584e-06
8  9.0  2.04567e-06
8  7.5  8.20395e-06
8  8.0  4.96115e-06
8  9.5  1.32302e-06
8  10.0  8.82439e-07
8  10.5  5.93709e-07
8  11.0  3.85958e-07
8  11.5  2.63927e-07
8  12.0  1.87744e-07
