# diffractive D0 cross section, Pb target, LHAPDF fragmentation, An0n channel
# generated      : 2026-08-20 10:21:42 EEST
# calls          : 1e5 (VEGAS calls per point, see CALLS_EXCL/CALLS_EXCL_FACTORIZED/CALLS_DIFF)
# dipole samples : data/Pb/mve/glauber_mve_<b>
# pD0 sweep      : 0.2 0.3 0.4 0.5 0.6 0.7 0.8 0.9 1.0 1.1 1.2 1.3 1.4 1.5 1.6 1.7 1.8 1.9 2.0 2.5 3.0 3.5 4.0 4.5 5.0 5.5 6.0 6.5 7.0 7.5 8.0 8.5 9.0 9.5 10.0 10.5 11.0 11.5 12.0
# fixed rapidity y : 1.0
# ============================================================
# b  pD0  dsigma_dyd2pD0
0  0.5  0.797803
0  0.2  0.376949
0  0.3  0.552183
0  0.4  0.705021
0  0.6  0.817555
0  0.7  0.76577
0  0.9  0.592017
0  0.8  0.679722
0  1.0  0.500183
0  1.2  0.345807
0  1.1  0.416895
0  1.3  0.282621
0  1.4  0.225752
0  1.6  0.149031
0  1.5  0.18164
0  1.7  0.120174
0  2.0  0.0654415
0  1.8  0.0971135
0  1.9  0.0787945
0  2.5  0.0249602
0  3.0  0.0108438
0  3.5  0.00504939
0  5.0  0.000739434
0  4.5  0.00132717
0  4.0  0.0024963
0  5.5  0.000447428
0  6.0  0.000268932
0  7.0  0.000107914
0  6.5  0.000164447
0  7.5  7.11693e-05
0  8.0  4.78239e-05
0  9.0  2.33529e-05
0  8.5  3.22324e-05
0  9.5  1.62154e-05
10  0.2  0.374471
0  10.0  1.15314e-05
10  0.3  0.545048
10  0.4  0.702202
10  0.5  0.780985
0  11.0  6.29776e-06
10  0.6  0.789618
10  0.7  0.746694
10  0.8  0.671737
10  0.9  0.574537
0  10.5  8.32472e-06
10  1.0  0.475665
0  11.5  4.68712e-06
10  1.1  0.397794
10  1.2  0.326746
10  1.3  0.266208
10  1.4  0.214161
10  1.5  0.172387
10  1.6  0.14185
10  1.7  0.114653
10  1.8  0.0924795
0  12.0  3.44337e-06
10  1.9  0.0746367
10  2.0  0.0617587
10  2.5  0.0240584
10  3.0  0.0102469
10  3.5  0.00473765
10  4.0  0.0023733
10  5.0  0.000724831
10  4.5  0.00128134
10  6.0  0.000258521
10  5.5  0.00041189
10  8.0  4.5687e-05
10  6.5  0.000155951
10  7.0  0.000102724
10  7.5  6.76595e-05
10  9.0  2.17703e-05
10  8.5  3.15704e-05
10  9.5  1.56585e-05
10  10.0  1.08994e-05
12  0.2  0.36614
10  11.0  5.99665e-06
12  0.3  0.541477
10  10.5  8.21959e-06
12  0.4  0.695376
12  0.5  0.782941
12  0.6  0.790509
12  0.7  0.736314
12  0.8  0.656886
12  0.9  0.562666
12  1.0  0.475941
12  1.1  0.394313
12  1.2  0.317381
12  1.3  0.260783
12  1.5  0.170265
12  1.4  0.209983
12  1.6  0.137058
12  1.7  0.11046
12  1.8  0.0915575
12  1.9  0.0736195
10  11.5  4.45742e-06
12  2.0  0.0601529
12  3.0  0.0103646
12  2.5  0.023366
12  3.5  0.00463035
10  12.0  3.24916e-06
12  5.0  0.000709884
12  4.5  0.00120835
12  4.0  0.00234691
12  5.5  0.000400494
12  6.5  0.000156037
12  6.0  0.000247936
12  7.5  6.62731e-05
12  7.0  0.00010006
12  8.0  4.33783e-05
12  8.5  3.04021e-05
12  9.0  2.10966e-05
12  9.5  1.51814e-05
12  10.0  1.07147e-05
12  11.0  5.63604e-06
14  0.2  0.368287
14  0.3  0.538647
12  10.5  7.78531e-06
14  0.4  0.700236
14  0.5  0.760244
14  0.6  0.773287
14  0.7  0.731948
14  0.8  0.648179
14  0.9  0.549187
14  1.0  0.465698
14  1.1  0.386008
14  1.2  0.314595
12  11.5  4.23809e-06
14  1.3  0.253789
14  1.5  0.166523
14  1.4  0.205634
14  1.6  0.134564
14  1.7  0.109128
14  1.9  0.0729221
14  1.8  0.0885734
14  2.0  0.0581951
14  2.5  0.0227035
14  3.0  0.0100654
14  3.5  0.00460761
14  4.0  0.00233226
12  12.0  3.20665e-06
14  4.5  0.0012147
14  5.5  0.000393062
14  5.0  0.000690548
14  7.0  9.76352e-05
14  7.5  6.3922e-05
14  6.0  0.00024534
14  6.5  0.000153389
14  8.5  2.92357e-05
14  8.0  4.25284e-05
14  9.0  2.06864e-05
14  9.5  1.44654e-05
14  11.0  5.52934e-06
14  10.0  1.04357e-05
16  0.2  0.365482
16  0.3  0.535133
16  0.4  0.680385
16  0.5  0.757385
14  10.5  7.52312e-06
16  0.7  0.717789
16  0.6  0.757715
16  0.8  0.631702
16  0.9  0.534336
14  11.5  4.03731e-06
16  1.0  0.453216
16  1.1  0.370585
16  1.2  0.304684
16  1.3  0.247572
16  1.4  0.199602
16  1.6  0.130095
16  1.5  0.160926
16  1.7  0.105861
16  1.9  0.0691481
16  1.8  0.0856872
16  2.0  0.0572348
16  2.5  0.0220147
16  3.0  0.00964117
16  3.5  0.00444912
16  4.0  0.00215938
14  12.0  3.07665e-06
16  4.5  0.00118045
16  5.0  0.00065795
16  6.5  0.000144949
16  5.5  0.000382296
16  7.0  9.36663e-05
16  6.0  0.000235281
16  7.5  6.19833e-05
16  8.0  4.04458e-05
16  8.5  2.81384e-05
16  9.0  1.97064e-05
16  10.0  1.00088e-05
16  9.5  1.41263e-05
18  0.2  0.362333
18  0.3  0.529079
18  0.4  0.662446
16  11.0  5.30497e-06
18  0.5  0.747891
18  0.6  0.740895
16  10.5  7.27004e-06
18  0.7  0.686703
18  0.8  0.611503
18  0.9  0.531751
18  1.0  0.438232
18  1.1  0.362144
16  11.5  3.89632e-06
18  1.2  0.295811
18  1.3  0.238773
18  1.4  0.191373
18  1.5  0.157061
16  12.0  3.05344e-06
18  1.6  0.122767
18  1.7  0.101221
18  1.8  0.0817072
18  1.9  0.0666623
18  2.5  0.0212741
18  2.0  0.0543917
18  3.0  0.00893827
18  3.5  0.0042361
18  5.0  0.000620345
18  4.5  0.00110721
18  4.0  0.00210167
18  5.5  0.000360731
18  7.0  9.0274e-05
18  6.0  0.000225871
18  7.5  5.93561e-05
18  6.5  0.000140051
18  9.0  1.8982e-05
18  8.0  4.02091e-05
18  9.5  1.33844e-05
18  8.5  2.71244e-05
18  10.0  9.78874e-06
18  11.0  5.24946e-06
2  0.2  0.378334
2  0.3  0.552972
2  0.4  0.704177
18  10.5  6.83494e-06
2  0.5  0.796082
2  0.6  0.823203
18  11.5  3.72077e-06
2  0.7  0.761236
2  0.8  0.684124
2  0.9  0.59086
2  1.0  0.495352
2  1.1  0.414335
2  1.2  0.340709
2  1.3  0.278312
2  1.5  0.182496
2  1.4  0.222891
2  1.6  0.149
2  1.7  0.117672
2  1.8  0.0964216
2  1.9  0.0794543
2  2.0  0.0648351
2  2.5  0.0248014
2  3.0  0.0108121
2  3.5  0.00494843
18  12.0  2.84289e-06
2  5.0  0.000762414
2  4.5  0.00133708
2  4.0  0.00253762
2  5.5  0.000434154
2  6.0  0.000272013
2  7.0  0.00011045
2  6.5  0.000164491
2  7.5  7.01954e-05
2  8.0  4.77184e-05
2  9.0  2.27969e-05
2  8.5  3.25665e-05
2  9.5  1.58754e-05
2  10.0  1.18666e-05
20  0.2  0.353775
20  0.3  0.516746
2  11.0  6.05407e-06
20  0.4  0.654505
20  0.5  0.72786
2  10.5  8.28277e-06
20  0.6  0.728646
20  0.7  0.668844
20  0.8  0.59702
20  0.9  0.511407
20  1.0  0.419144
2  11.5  4.59642e-06
20  1.1  0.346581
20  1.2  0.279801
20  1.3  0.226992
2  12.0  3.39215e-06
20  1.4  0.184091
20  1.5  0.147332
20  1.6  0.118632
20  1.7  0.0961522
20  1.9  0.0629942
20  1.8  0.0771262
20  2.0  0.0516674
20  2.5  0.0198703
20  3.0  0.00840069
20  3.5  0.00393178
20  4.5  0.00107638
20  4.0  0.0020077
20  5.0  0.000595296
20  5.5  0.000352525
20  6.5  0.000127315
20  6.0  0.000213646
20  7.5  5.58457e-05
20  7.0  8.55002e-05
20  8.0  3.64041e-05
20  8.5  2.56494e-05
20  9.0  1.79468e-05
20  9.5  1.26684e-05
20  10.0  8.99319e-06
22  0.2  0.346471
22  0.3  0.506206
20  10.5  6.57244e-06
20  11.0  4.79575e-06
22  0.4  0.638478
22  0.5  0.708317
22  0.6  0.695014
22  0.7  0.643485
22  0.8  0.558705
22  0.9  0.480728
22  1.0  0.400537
20  11.5  3.5262e-06
22  1.1  0.323533
22  1.2  0.264435
22  1.3  0.214282
22  1.4  0.169448
22  1.5  0.138114
22  1.6  0.111384
22  1.8  0.0722459
22  1.7  0.0890808
22  1.9  0.0590443
22  2.0  0.0481645
22  2.5  0.0185137
22  3.0  0.00778204
22  3.5  0.00368945
20  12.0  2.74228e-06
22  4.5  0.00100673
22  4.0  0.00185664
22  5.5  0.000329672
22  5.0  0.000556836
22  6.0  0.000198723
22  7.5  5.2283e-05
22  6.5  0.000119721
22  7.0  7.93913e-05
22  8.0  3.45336e-05
22  8.5  2.38277e-05
22  9.0  1.68013e-05
22  9.5  1.16542e-05
22  10.0  8.38416e-06
24  0.2  0.337243
22  11.0  4.49627e-06
24  0.3  0.497584
22  10.5  6.17316e-06
24  0.4  0.62233
24  0.5  0.680222
24  0.6  0.66142
22  11.5  3.38712e-06
24  0.7  0.606985
24  0.8  0.52621
24  0.9  0.445187
24  1.0  0.366276
24  1.2  0.2452
24  1.1  0.298549
24  1.3  0.197142
24  1.4  0.158541
24  1.5  0.126126
24  1.6  0.102366
24  1.7  0.0811253
24  1.8  0.0661586
24  1.9  0.0537091
24  2.0  0.04383
24  2.5  0.017133
24  3.5  0.00338858
24  3.0  0.00712587
22  12.0  2.49362e-06
24  4.0  0.00169629
24  4.5  0.000890937
24  5.0  0.000507927
24  5.5  0.000296469
24  6.0  0.000176325
24  6.5  0.000112261
24  7.0  6.97217e-05
24  7.5  4.56684e-05
24  8.0  3.18714e-05
24  9.0  1.52062e-05
24  8.5  2.1784e-05
24  9.5  1.05879e-05
24  10.0  7.57219e-06
24  10.5  5.50546e-06
26  0.2  0.324954
26  0.3  0.478245
24  11.0  4.03174e-06
26  0.4  0.595573
26  0.5  0.642583
26  0.6  0.616176
26  0.7  0.555216
26  0.8  0.481804
26  0.9  0.402225
26  1.0  0.334966
26  1.1  0.271702
26  1.2  0.218591
26  1.3  0.173669
26  1.4  0.140926
26  1.5  0.110978
26  1.6  0.0897825
26  1.7  0.0722749
26  1.9  0.0479059
26  1.8  0.0592213
26  2.0  0.0397293
26  2.5  0.0148704
26  3.0  0.00628685
26  3.5  0.00294249
24  11.5  3.0535e-06
26  4.0  0.00149101
26  4.5  0.000798795
24  12.0  2.27242e-06
26  6.0  0.000158916
26  5.0  0.000449015
26  5.5  0.00026214
26  6.5  9.76147e-05
26  7.0  6.33288e-05
26  7.5  4.1888e-05
26  8.0  2.82262e-05
26  9.5  9.29682e-06
26  8.5  1.91096e-05
26  9.0  1.32185e-05
26  10.0  6.66477e-06
26  10.5  4.79258e-06
28  0.2  0.315702
28  0.3  0.450574
28  0.4  0.551786
28  0.5  0.578516
26  11.0  3.57888e-06
28  0.6  0.554095
28  0.7  0.495577
28  0.8  0.428047
28  0.9  0.348222
28  1.0  0.289321
28  1.2  0.190793
28  1.1  0.23425
28  1.3  0.147491
28  1.4  0.119055
28  1.5  0.0951591
28  1.6  0.0762754
28  1.7  0.0614118
28  1.8  0.0502191
28  1.9  0.0405166
28  2.0  0.0327502
28  2.5  0.0124584
28  3.0  0.0053564
28  3.5  0.00253772
26  11.5  2.63453e-06
26  12.0  2.02147e-06
28  4.5  0.000675018
28  4.0  0.00127158
28  5.0  0.000374935
28  5.5  0.000219707
28  6.0  0.000133358
28  6.5  8.31922e-05
28  7.0  5.30558e-05
28  8.0  2.33181e-05
28  7.5  3.41561e-05
28  8.5  1.59545e-05
28  9.0  1.11061e-05
28  9.5  7.81575e-06
28  10.0  5.64109e-06
28  10.5  4.07114e-06
30  0.2  0.292989
30  0.3  0.416527
30  0.4  0.492571
28  11.0  3.03401e-06
30  0.5  0.505576
30  0.6  0.468188
30  0.7  0.417674
30  0.8  0.351151
30  0.9  0.28599
30  1.0  0.229106
30  1.1  0.18668
28  11.5  2.22018e-06
30  1.2  0.15027
30  1.3  0.120029
30  1.4  0.0939791
30  1.5  0.0755085
30  1.6  0.0612614
30  1.7  0.0491269
30  1.8  0.0394241
30  1.9  0.0314784
30  2.0  0.0254815
30  2.5  0.00980988
30  3.0  0.00428147
30  3.5  0.00190265
28  12.0  1.66558e-06
30  4.5  0.000519558
30  4.0  0.000973489
30  5.0  0.000284072
30  5.5  0.00016502
30  6.5  6.44044e-05
30  6.0  0.000102798
30  7.0  4.17038e-05
30  7.5  2.71517e-05
30  8.5  1.23215e-05
30  9.0  8.65922e-06
30  8.0  1.81887e-05
30  10.0  4.37992e-06
30  9.5  6.14476e-06
30  10.5  3.16524e-06
32  0.2  0.255839
30  11.0  2.33058e-06
32  0.3  0.360972
32  0.4  0.407025
32  0.5  0.405303
32  0.6  0.367193
32  0.7  0.315832
32  0.9  0.21624
32  0.8  0.264313
32  1.1  0.138717
32  1.0  0.172994
30  11.5  1.72459e-06
32  1.2  0.107285
32  1.3  0.0860648
32  1.4  0.0692348
32  1.5  0.0561683
30  12.0  1.31865e-06
32  1.6  0.0434459
32  1.7  0.0348288
32  1.8  0.0279455
32  2.0  0.0188468
32  1.9  0.0228929
32  2.5  0.00721352
32  3.0  0.00297842
32  3.5  0.00141617
32  4.5  0.000377908
32  5.0  0.00020812
32  4.0  0.000716795
32  5.5  0.000122745
32  6.0  7.44071e-05
32  6.5  4.5659e-05
32  7.0  2.87897e-05
32  7.5  1.92876e-05
32  8.5  8.77541e-06
32  8.0  1.28407e-05
32  9.0  6.29521e-06
32  10.0  3.2056e-06
32  9.5  4.47507e-06
32  10.5  2.27647e-06
4  0.2  0.371577
4  0.3  0.551057
4  0.4  0.710368
4  0.5  0.794643
4  0.6  0.806375
4  0.7  0.771575
32  11.0  1.68771e-06
4  0.8  0.681288
4  0.9  0.587365
4  1.0  0.49823
4  1.1  0.412315
4  1.2  0.33841
4  1.3  0.273375
32  11.5  1.26039e-06
4  1.4  0.221781
4  1.5  0.181448
4  1.6  0.145698
4  1.7  0.118448
4  1.8  0.0967279
4  1.9  0.0790413
4  2.0  0.064271
4  3.0  0.0105948
4  2.5  0.0250594
4  3.5  0.0049517
32  12.0  9.18656e-07
4  5.0  0.000754244
4  4.5  0.00136021
4  4.0  0.00253835
4  5.5  0.000441223
4  6.0  0.000266321
4  7.0  0.000107152
4  6.5  0.000161671
4  7.5  7.11886e-05
4  8.0  4.75295e-05
4  9.0  2.24408e-05
4  8.5  3.23995e-05
4  9.5  1.59815e-05
6  0.2  0.37436
4  11.0  6.24414e-06
4  10.0  1.14749e-05
6  0.3  0.548811
6  0.4  0.697087
6  0.5  0.791692
6  0.6  0.80849
6  0.7  0.752459
4  10.5  8.43545e-06
6  0.8  0.680127
6  0.9  0.583716
4  11.5  4.50126e-06
6  1.0  0.484819
6  1.2  0.335318
6  1.1  0.410787
6  1.3  0.271075
6  1.4  0.219692
6  1.5  0.180102
6  1.6  0.14416
6  1.7  0.1198
4  12.0  3.37464e-06
6  1.8  0.0939782
6  1.9  0.078345
6  2.0  0.0638303
6  2.5  0.024653
6  3.5  0.00495415
6  3.0  0.0105514
6  5.0  0.000742035
6  4.5  0.00131165
6  4.0  0.00246332
6  5.5  0.000437277
6  6.0  0.000267605
6  6.5  0.000166234
6  7.0  0.000104505
6  7.5  6.90655e-05
6  8.0  4.71892e-05
6  9.0  2.25453e-05
6  8.5  3.19339e-05
6  9.5  1.58471e-05
6  11.5  4.43402e-06
8  0.2  0.374638
6  10.0  1.15788e-05
8  0.3  0.552408
6  11.0  5.98766e-06
6  10.5  8.4492e-06
8  0.4  0.708542
8  0.5  0.78785
8  0.6  0.797553
8  0.7  0.748806
8  0.8  0.671117
8  0.9  0.585565
8  1.0  0.490171
8  1.1  0.40939
8  1.2  0.331097
8  1.3  0.268471
8  1.5  0.177209
8  1.4  0.220652
8  1.7  0.116019
8  1.6  0.14388
8  1.8  0.0939913
8  1.9  0.0769888
8  2.0  0.0623542
8  2.5  0.0243627
8  3.0  0.0105232
8  3.5  0.00486729
8  5.0  0.000741731
6  12.0  3.41682e-06
8  4.5  0.00128769
8  4.0  0.00245507
8  6.0  0.000255998
8  5.5  0.000415148
8  8.0  4.65041e-05
8  6.5  0.000164052
8  7.0  0.00010442
8  7.5  6.9436e-05
8  8.5  3.16028e-05
8  9.0  2.22234e-05
8  9.5  1.56419e-05
8  10.0  1.14183e-05
8  11.0  6.01347e-06
8  10.5  8.11545e-06
8  11.5  4.4072e-06
8  12.0  3.38928e-06
