# diffractive D0 cross section, Pb target, LHAPDF fragmentation, An0n channel
# generated      : 2026-08-20 11:00:49 EEST
# calls          : 1e5 (VEGAS calls per point, see CALLS_EXCL/CALLS_EXCL_FACTORIZED/CALLS_DIFF)
# dipole samples : data/Pb/bk_posterior/member_0009/glauber_mve_<b>
# pD0 sweep      : 0.2 0.3 0.4 0.5 0.6 0.7 0.8 0.9 1.0 1.1 1.2 1.3 1.4 1.5 1.6 1.7 1.8 1.9 2.0 2.5 3.0 3.5 4.0 4.5 5.0 5.5 6.0 6.5 7.0 7.5 8.0 8.5 9.0 9.5 10.0 10.5 11.0 11.5 12.0
# fixed rapidity y : 2.0
# ============================================================
# b  pD0  dsigma_dyd2pD0
0  0.5  0.442979
0  0.3  0.329775
0  0.2  0.221032
0  0.4  0.404942
0  0.6  0.431598
0  0.7  0.39459
0  0.9  0.282075
0  0.8  0.344844
0  1.0  0.234667
0  1.3  0.11844
0  1.1  0.188294
0  1.2  0.149539
0  1.6  0.0589997
0  1.4  0.0948584
0  1.5  0.0752242
0  1.7  0.047085
0  1.8  0.0365427
0  1.9  0.0295552
0  3.0  0.00311775
0  2.0  0.0235832
0  2.5  0.00811061
0  3.5  0.00127554
0  4.5  0.000284565
0  5.0  0.000139481
0  4.0  0.000586114
0  5.5  7.76691e-05
0  6.0  4.2233e-05
0  6.5  2.41526e-05
0  8.0  5.40506e-06
0  7.0  1.44529e-05
0  7.5  8.65913e-06
0  8.5  3.4029e-06
0  9.0  2.1585e-06
0  9.5  1.41199e-06
0  10.0  9.43773e-07
10  0.2  0.219504
10  0.3  0.327366
10  0.4  0.401299
10  0.5  0.432613
10  0.6  0.426148
10  0.7  0.382564
10  0.8  0.330629
0  10.5  6.27955e-07
10  1.0  0.225177
10  0.9  0.281273
10  1.1  0.18223
10  1.2  0.145834
10  1.3  0.113758
10  1.4  0.0930875
10  1.5  0.0711452
10  1.6  0.0554725
0  11.0  4.0647e-07
10  1.7  0.0448753
10  1.8  0.0353565
10  1.9  0.0283212
10  2.0  0.0224616
10  2.5  0.00764033
10  3.0  0.00304153
10  3.5  0.00121454
0  11.5  2.91393e-07
10  4.5  0.000274469
0  12.0  1.96532e-07
10  5.0  0.000136362
10  6.0  4.07559e-05
10  4.0  0.000560881
10  6.5  2.34816e-05
10  5.5  7.34682e-05
10  7.0  1.37183e-05
10  7.5  8.29049e-06
10  8.0  5.11694e-06
10  8.5  3.20398e-06
10  10.0  8.78176e-07
10  9.0  2.04259e-06
10  9.5  1.34396e-06
12  0.2  0.221544
12  0.3  0.322771
10  11.5  2.64122e-07
12  0.4  0.394531
12  0.5  0.428681
12  0.6  0.422464
12  0.7  0.38063
12  0.8  0.329478
12  0.9  0.276133
12  1.0  0.222663
12  1.1  0.177458
10  10.5  5.93051e-07
12  1.2  0.142361
12  1.3  0.112909
12  1.4  0.088765
12  1.5  0.0698605
12  1.6  0.0549016
12  1.8  0.0344776
12  1.7  0.0435686
12  1.9  0.0274236
12  2.0  0.0219176
10  11.0  4.01519e-07
12  2.5  0.00753524
12  3.0  0.0028415
12  3.5  0.00118176
12  4.5  0.000264106
10  12.0  1.88282e-07
12  5.0  0.000133971
12  6.0  3.97381e-05
12  4.0  0.00054898
12  5.5  6.71967e-05
12  6.5  2.28617e-05
12  7.0  1.33951e-05
12  7.5  8.11872e-06
12  8.0  4.86354e-06
12  8.5  3.17267e-06
12  9.0  1.99002e-06
12  9.5  1.31459e-06
12  10.0  8.6717e-07
14  0.2  0.216567
14  0.3  0.321234
14  0.4  0.391789
14  0.5  0.423442
14  0.6  0.414492
12  10.5  5.59187e-07
14  0.7  0.375192
14  0.8  0.322563
14  0.9  0.266217
14  1.1  0.174334
14  1.0  0.218967
14  1.2  0.139295
14  1.3  0.109835
14  1.5  0.0677921
14  1.4  0.0861022
14  1.6  0.0541197
14  1.7  0.04205
12  11.0  3.82047e-07
14  1.8  0.0333306
14  1.9  0.026751
14  2.0  0.0209295
14  2.5  0.00731813
14  3.5  0.00115551
14  3.0  0.00287454
12  11.5  2.68291e-07
14  4.0  0.000531573
12  12.0  1.88043e-07
14  5.0  0.000131213
14  4.5  0.000251399
14  6.0  3.752e-05
14  5.5  7.09031e-05
14  8.0  4.84255e-06
14  6.5  2.19167e-05
14  7.0  1.25523e-05
14  7.5  7.89627e-06
14  8.5  3.07876e-06
14  9.0  1.96586e-06
14  9.5  1.27574e-06
16  0.2  0.2156
16  0.3  0.318782
14  10.0  8.42677e-07
14  11.5  2.58452e-07
16  0.4  0.388881
16  0.5  0.417108
16  0.6  0.408776
16  0.7  0.366379
16  0.8  0.316073
16  0.9  0.263714
16  1.0  0.213375
16  1.1  0.169842
16  1.2  0.135309
16  1.3  0.106411
16  1.5  0.0659365
16  1.4  0.0840403
14  10.5  5.40507e-07
16  1.6  0.0515214
16  1.7  0.0412626
16  1.8  0.0331045
16  1.9  0.0258988
16  2.0  0.020701
16  2.5  0.00726691
16  3.0  0.00267482
14  11.0  3.71196e-07
16  3.5  0.00110882
14  12.0  1.77467e-07
16  5.0  0.000126225
16  4.0  0.000518673
16  4.5  0.0002486
16  5.5  6.71081e-05
16  6.0  3.71095e-05
16  8.0  4.66969e-06
16  6.5  2.14236e-05
16  7.0  1.19328e-05
16  7.5  7.54303e-06
16  8.5  2.98118e-06
16  9.0  1.89168e-06
16  9.5  1.23613e-06
18  0.2  0.217232
16  11.5  2.46748e-07
16  10.0  8.12605e-07
18  0.3  0.314239
18  0.4  0.384222
18  0.5  0.407629
18  0.6  0.395854
18  0.7  0.356534
16  10.5  5.47843e-07
18  0.8  0.304387
18  0.9  0.253246
18  1.0  0.205514
18  1.1  0.164577
18  1.2  0.131692
18  1.3  0.102314
18  1.5  0.0621556
18  1.4  0.0808402
16  11.0  3.65881e-07
18  1.6  0.0501123
18  1.7  0.0390296
18  1.8  0.0311872
18  1.9  0.0249964
18  2.5  0.00672414
18  2.0  0.0200253
18  3.0  0.00257526
18  3.5  0.00107337
16  12.0  1.65857e-07
18  5.0  0.000119823
18  4.0  0.000492415
18  4.5  0.000238115
18  5.5  6.35108e-05
18  6.0  3.53497e-05
18  8.0  4.47599e-06
18  6.5  2.02293e-05
18  7.0  1.19505e-05
18  7.5  7.22177e-06
18  8.5  2.78947e-06
18  9.0  1.77161e-06
18  9.5  1.15027e-06
18  10.0  7.75269e-07
2  0.2  0.220759
2  0.3  0.327992
2  0.4  0.410453
2  0.5  0.437356
2  0.6  0.42648
2  0.7  0.397451
2  0.8  0.342824
2  0.9  0.286679
2  1.0  0.2347
2  1.1  0.189387
2  1.2  0.147837
18  10.5  5.22028e-07
2  1.3  0.119782
2  1.4  0.0935978
2  1.5  0.0741886
2  1.6  0.058043
2  1.7  0.0466966
2  1.8  0.037015
2  1.9  0.0295051
2  2.0  0.0237565
2  2.5  0.00819588
2  3.0  0.00306229
2  3.5  0.00128369
18  11.0  3.5407e-07
18  11.5  2.38605e-07
2  4.5  0.000284148
18  12.0  1.67725e-07
2  5.0  0.000140249
2  4.0  0.000594162
2  5.5  7.73581e-05
2  6.5  2.43504e-05
2  6.0  4.22584e-05
2  8.0  5.14409e-06
2  7.0  1.44516e-05
2  7.5  8.23604e-06
2  10.0  9.37567e-07
2  8.5  3.38595e-06
2  9.0  2.18196e-06
2  9.5  1.41596e-06
20  0.2  0.212324
20  0.3  0.307217
20  0.4  0.381551
20  0.5  0.40058
20  0.6  0.383475
20  0.7  0.34917
20  0.8  0.298164
2  10.5  6.25309e-07
20  0.9  0.239873
20  1.0  0.196946
20  1.1  0.156246
20  1.4  0.0770895
20  1.2  0.124556
20  1.3  0.0973422
20  1.5  0.0603028
20  1.6  0.047967
20  1.7  0.0376129
20  1.8  0.0294537
20  1.9  0.0234706
20  2.5  0.00667381
20  2.0  0.0187319
20  3.0  0.00244989
2  11.0  4.26476e-07
20  3.5  0.00101226
2  11.5  2.8722e-07
2  12.0  2.02252e-07
20  6.0  3.35159e-05
20  4.0  0.000468626
20  4.5  0.000222494
20  5.0  0.000111884
20  6.5  1.88584e-05
20  5.5  6.05405e-05
20  7.0  1.12204e-05
20  7.5  6.83838e-06
20  9.0  1.67781e-06
20  8.0  4.12863e-06
20  8.5  2.63074e-06
20  9.5  1.06761e-06
20  10.0  7.39595e-07
22  0.2  0.210111
22  0.3  0.305275
22  0.4  0.372956
20  10.5  4.90311e-07
22  0.5  0.387139
22  0.6  0.369122
22  0.7  0.330591
22  0.8  0.284851
22  0.9  0.232652
22  1.0  0.18719
22  1.1  0.149769
22  1.2  0.117401
22  1.3  0.0920393
22  1.4  0.0723294
20  11.0  3.2753e-07
22  1.5  0.0565125
22  1.6  0.0441395
22  1.7  0.035163
22  1.8  0.0277552
22  2.5  0.00609601
22  1.9  0.0220931
22  2.0  0.0180882
22  3.0  0.00230013
22  3.5  0.000971478
20  11.5  2.24488e-07
20  12.0  1.54607e-07
22  4.0  0.000432635
22  4.5  0.000206299
22  5.0  0.000103494
22  5.5  5.57574e-05
22  6.0  3.05875e-05
22  6.5  1.79267e-05
22  7.0  1.05406e-05
22  7.5  6.35095e-06
22  9.0  1.57655e-06
22  8.0  3.8072e-06
22  9.5  1.02495e-06
22  8.5  2.48988e-06
22  10.0  6.85214e-07
24  0.2  0.202093
24  0.3  0.291139
22  10.5  4.5665e-07
24  0.4  0.354572
24  0.5  0.371557
24  0.6  0.350423
24  0.7  0.312398
24  0.8  0.262598
24  0.9  0.217627
24  1.0  0.174282
24  1.1  0.139013
22  11.0  3.09294e-07
24  1.2  0.109764
24  1.3  0.0848409
24  1.4  0.067189
24  1.5  0.0518157
24  1.7  0.0320181
24  1.6  0.0408733
24  1.8  0.0253011
24  2.0  0.0158556
24  1.9  0.0200174
24  2.5  0.00542025
22  11.5  2.11847e-07
24  3.0  0.00207141
24  3.5  0.000872243
22  12.0  1.47898e-07
24  5.0  9.67474e-05
24  4.0  0.000394193
24  4.5  0.00018738
24  5.5  5.17366e-05
24  6.0  2.80604e-05
24  6.5  1.63542e-05
24  7.0  9.43886e-06
24  8.5  2.28198e-06
24  7.5  5.77884e-06
24  8.0  3.56332e-06
24  10.5  4.10444e-07
24  9.0  1.4302e-06
24  9.5  9.39413e-07
24  10.0  6.24045e-07
26  0.2  0.195577
26  0.3  0.282767
26  0.4  0.34493
26  0.5  0.349291
26  0.6  0.330645
26  0.7  0.289202
26  0.8  0.240964
24  11.0  2.76814e-07
26  0.9  0.196603
26  1.0  0.156751
26  1.1  0.126916
26  1.3  0.0761136
26  1.2  0.0976545
26  1.4  0.0594556
26  1.6  0.036741
26  1.5  0.0464182
26  1.7  0.0284602
26  1.8  0.022309
26  1.9  0.0177524
26  2.0  0.0142043
26  2.5  0.00472624
26  3.0  0.00184471
26  3.5  0.000770793
24  11.5  1.92995e-07
24  12.0  1.30857e-07
26  4.5  0.000165298
26  4.0  0.000343504
26  5.5  4.4339e-05
26  5.0  8.40333e-05
26  7.0  8.38691e-06
26  6.0  2.45771e-05
26  6.5  1.41918e-05
26  7.5  5.10087e-06
26  8.5  1.9724e-06
26  8.0  3.10309e-06
26  9.0  1.26428e-06
26  10.5  3.60386e-07
26  9.5  8.28439e-07
26  10.0  5.41707e-07
28  0.2  0.189397
28  0.3  0.273181
28  0.4  0.316777
28  0.5  0.316977
28  0.6  0.291756
28  0.7  0.252647
28  0.8  0.211973
28  0.9  0.168889
28  1.0  0.136484
28  1.1  0.10499
28  1.2  0.0848458
28  1.3  0.0644377
28  1.4  0.0505784
28  1.5  0.0391037
26  11.0  2.45285e-07
28  1.6  0.0314424
28  1.7  0.0247401
28  1.8  0.0188322
28  2.0  0.0121339
28  1.9  0.0148464
28  2.5  0.00415314
28  3.0  0.00156464
26  11.5  1.65072e-07
28  3.5  0.000633395
26  12.0  1.1352e-07
28  5.5  3.67135e-05
28  4.5  0.000138138
28  5.0  7.06049e-05
28  4.0  0.000289364
28  6.0  2.05849e-05
28  6.5  1.17333e-05
28  7.0  7.11269e-06
28  7.5  4.19257e-06
28  8.5  1.6516e-06
28  8.0  2.63712e-06
28  9.0  1.05014e-06
28  9.5  6.92326e-07
28  11.0  2.07224e-07
30  0.2  0.176271
28  10.0  4.62777e-07
30  0.3  0.245253
30  0.4  0.279871
28  10.5  3.04987e-07
30  0.5  0.27948
30  0.6  0.25045
30  0.7  0.213633
30  0.8  0.174807
30  0.9  0.140812
30  1.0  0.110057
30  1.1  0.0863568
30  1.2  0.0669881
30  1.3  0.0518935
30  1.4  0.0409413
30  1.5  0.0309292
30  1.6  0.0244281
30  1.7  0.0189044
30  1.8  0.0149572
30  2.0  0.00973903
30  1.9  0.0117663
30  2.5  0.00328864
30  3.0  0.00120916
30  3.5  0.000491243
28  11.5  1.42363e-07
28  12.0  9.99779e-08
30  5.0  5.55103e-05
30  4.0  0.000229893
30  4.5  0.000111432
30  6.0  1.64084e-05
30  5.5  2.88489e-05
30  8.0  2.04214e-06
30  6.5  9.4537e-06
30  7.0  5.45232e-06
30  8.5  1.31082e-06
30  7.5  3.28588e-06
30  9.0  8.22714e-07
30  9.5  5.47806e-07
30  10.0  3.58546e-07
32  0.2  0.156214
32  0.3  0.212452
32  0.4  0.232392
32  0.5  0.222213
32  0.6  0.195643
32  0.7  0.161279
32  0.8  0.132839
30  10.5  2.40207e-07
32  0.9  0.103738
32  1.0  0.0811995
32  1.1  0.0641256
32  1.2  0.0483919
32  1.3  0.0387174
32  1.4  0.030655
32  1.5  0.0229412
32  1.6  0.0176665
32  1.7  0.0140728
32  2.0  0.00695366
32  1.8  0.0111638
32  1.9  0.00860534
30  11.0  1.62919e-07
32  3.0  0.000859047
32  2.5  0.00231067
32  3.5  0.000369722
30  11.5  1.11022e-07
30  12.0  7.68005e-08
32  4.0  0.00016808
32  4.5  8.05771e-05
32  5.0  3.94152e-05
32  5.5  2.18491e-05
32  6.0  1.15642e-05
32  6.5  6.8399e-06
32  7.0  3.89195e-06
32  7.5  2.37944e-06
32  8.0  1.51101e-06
32  8.5  9.55599e-07
32  9.0  6.02724e-07
32  10.5  1.67446e-07
32  9.5  3.82865e-07
32  10.0  2.52445e-07
32  11.5  7.6138e-08
34  0.2  0.132736
34  0.3  0.172192
34  0.4  0.174433
34  0.5  0.157826
34  0.6  0.134859
34  0.7  0.113006
34  0.8  0.0888519
34  0.9  0.0693161
34  1.0  0.0535234
34  1.2  0.0325721
34  1.1  0.0416224
34  1.3  0.0251374
34  1.4  0.0194104
34  1.5  0.015266
32  11.0  1.15989e-07
34  1.6  0.011575
34  1.8  0.00717291
34  1.7  0.00895033
34  2.0  0.0043561
34  1.9  0.00543618
34  2.5  0.00152591
34  3.5  0.000242083
34  3.0  0.000568663
32  12.0  5.50152e-08
34  5.0  2.66267e-05
34  4.5  4.97288e-05
34  4.0  0.000104029
34  5.5  1.37567e-05
34  7.0  2.63689e-06
34  6.0  7.65548e-06
34  6.5  4.42573e-06
34  7.5  1.52677e-06
34  8.0  9.34429e-07
34  10.0  1.66103e-07
34  8.5  6.02244e-07
34  9.0  3.86006e-07
34  10.5  1.07386e-07
34  9.5  2.57415e-07
4  0.2  0.222258
4  0.3  0.329028
4  0.4  0.404586
4  0.5  0.443582
4  0.6  0.431528
4  0.7  0.396787
4  0.8  0.342396
4  0.9  0.287664
4  1.0  0.231588
4  1.1  0.191172
4  1.3  0.115786
4  1.2  0.148554
4  1.4  0.0936087
4  1.5  0.0739827
4  1.6  0.0585247
4  1.7  0.0462302
4  1.8  0.0363127
4  1.9  0.0292515
4  2.0  0.0230665
4  2.5  0.00825001
4  3.0  0.00313431
34  11.0  7.35776e-08
4  3.5  0.00128109
34  11.5  5.08832e-08
34  12.0  3.48378e-08
4  4.5  0.000284761
4  5.0  0.000139902
4  4.0  0.000591215
4  6.0  4.13279e-05
4  5.5  7.65296e-05
4  8.0  5.37657e-06
4  6.5  2.42425e-05
4  7.0  1.43647e-05
4  7.5  8.50599e-06
4  10.0  9.35124e-07
4  8.5  3.36046e-06
4  9.0  2.10573e-06
4  9.5  1.39958e-06
6  0.2  0.219873
6  0.3  0.328574
6  0.4  0.400539
6  0.5  0.436083
6  0.6  0.420578
6  0.7  0.391502
6  0.8  0.338642
6  0.9  0.28387
6  1.0  0.232825
6  1.1  0.185915
6  1.2  0.147615
6  1.3  0.117941
4  10.5  6.07486e-07
6  1.4  0.0932087
6  1.5  0.0730814
6  1.6  0.0590175
6  1.7  0.0461315
6  1.8  0.0363
6  1.9  0.0290286
6  2.0  0.0227113
6  2.5  0.00793002
6  3.0  0.00302872
6  3.5  0.00125028
4  11.0  4.15247e-07
4  11.5  2.90244e-07
4  12.0  2.00659e-07
6  4.0  0.000577272
6  4.5  0.000279198
6  5.0  0.000140409
6  6.0  4.26324e-05
6  5.5  7.47761e-05
6  8.0  5.25892e-06
6  6.5  2.40442e-05
6  7.0  1.42041e-05
6  7.5  8.63677e-06
6  10.0  9.25953e-07
6  8.5  3.33536e-06
6  9.0  2.14054e-06
6  9.5  1.41087e-06
8  0.2  0.219555
8  0.3  0.326726
8  0.4  0.399432
8  0.5  0.435382
8  0.6  0.41927
8  0.7  0.391363
8  0.8  0.335891
6  10.5  6.22501e-07
8  0.9  0.279991
8  1.0  0.22956
8  1.1  0.183938
8  1.2  0.147509
8  1.3  0.116613
6  11.0  4.07494e-07
8  1.4  0.0918107
8  1.5  0.0723253
8  1.6  0.0571225
8  1.8  0.0357074
8  1.7  0.0453627
8  2.0  0.0228489
8  1.9  0.0290262
8  3.0  0.00302547
8  2.5  0.00782161
6  11.5  2.88322e-07
8  3.5  0.00123924
6  12.0  1.96132e-07
8  5.0  0.000140541
8  6.0  4.14607e-05
8  4.0  0.000563057
8  4.5  0.000278037
8  5.5  7.5955e-05
8  6.5  2.37696e-05
8  8.0  5.2401e-06
8  7.0  1.39387e-05
8  7.5  8.19071e-06
8  8.5  3.32804e-06
8  9.5  1.37059e-06
8  9.0  2.04639e-06
8  10.5  6.08834e-07
8  11.5  2.76175e-07
8  10.0  9.04595e-07
8  11.0  4.07402e-07
8  12.0  1.90107e-07
