# diffractive D0 cross section, Pb target, HymnD fragmentation, An0n channel
# generated      : 2026-08-20 11:00:49 EEST
# calls          : 1e5 (VEGAS calls per point, see CALLS_EXCL/CALLS_EXCL_FACTORIZED/CALLS_DIFF)
# dipole samples : data/Pb/bk_posterior/member_0009/glauber_mve_<b>
# pD0 sweep      : 0.2 0.3 0.4 0.5 0.6 0.7 0.8 0.9 1.0 1.1 1.2 1.3 1.4 1.5 1.6 1.7 1.8 1.9 2.0 2.5 3.0 3.5 4.0 4.5 5.0 5.5 6.0 6.5 7.0 7.5 8.0 8.5 9.0 9.5 10.0 10.5 11.0 11.5 12.0
# fixed rapidity y : 3.0
# ============================================================
# b  pD0  dsigma_dyd2pD0
0  0.2  0.0601941
0  0.3  0.0885643
0  0.4  0.106219
0  0.5  0.112023
0  0.7  0.093222
0  0.8  0.0766272
0  0.6  0.106921
0  0.9  0.0616286
0  1.0  0.0482326
0  1.2  0.0285167
0  1.3  0.0213046
0  1.4  0.0165535
0  1.1  0.037599
0  1.5  0.0125505
0  1.7  0.00732754
0  1.6  0.00951573
0  2.0  0.00313453
0  1.8  0.00543833
0  1.9  0.00416647
0  2.5  0.000874408
0  3.0  0.000262999
0  3.5  9.15664e-05
0  4.0  3.3637e-05
0  4.5  1.30564e-05
0  5.0  5.156e-06
0  5.5  2.21841e-06
0  7.5  1.08948e-07
0  6.0  9.80531e-07
0  6.5  4.57028e-07
0  7.0  2.28556e-07
0  9.5  8.06829e-09
0  8.0  5.72814e-08
0  9.0  1.53678e-08
0  8.5  2.89178e-08
0  10.0  4.41709e-09
10  0.2  0.0608862
10  0.3  0.0877264
10  0.4  0.104246
10  0.5  0.110532
10  0.6  0.102812
10  0.7  0.0919099
0  10.5  2.41374e-09
10  0.9  0.0607487
10  0.8  0.0754516
10  1.0  0.0470189
10  1.1  0.0364117
10  1.2  0.0275652
10  1.3  0.0210299
10  1.4  0.015713
10  1.5  0.0120057
10  1.6  0.00902381
0  11.0  1.36007e-09
10  1.8  0.00528601
10  1.7  0.00682064
10  1.9  0.00398849
10  2.0  0.00304249
10  2.5  0.000839546
10  3.0  0.000256915
10  3.5  8.7214e-05
0  12.0  4.34129e-10
0  11.5  7.5731e-10
10  4.5  1.21822e-05
10  4.0  3.18848e-05
10  5.0  4.99936e-06
10  5.5  2.1618e-06
10  6.0  9.32169e-07
10  7.5  1.05477e-07
10  6.5  4.45807e-07
10  7.0  2.10073e-07
10  9.0  1.43012e-08
10  8.0  5.41041e-08
10  10.0  4.15155e-09
10  8.5  2.77785e-08
10  9.5  7.7507e-09
12  0.2  0.0595761
12  0.3  0.0872116
12  0.4  0.10387
12  0.5  0.108997
12  0.6  0.102951
12  0.7  0.0896126
12  0.8  0.0740886
12  0.9  0.059098
12  1.0  0.0458157
10  10.5  2.2925e-09
12  1.1  0.0353978
12  1.2  0.0264238
12  1.3  0.0208495
12  1.4  0.0155289
12  1.5  0.01157
12  1.6  0.00889542
12  1.7  0.00685308
12  1.9  0.00398376
12  1.8  0.00512482
10  11.0  1.28175e-09
12  2.0  0.0030349
12  2.5  0.000802138
12  3.0  0.000247452
12  3.5  8.56608e-05
10  11.5  7.26196e-10
12  4.5  1.19984e-05
10  12.0  4.1935e-10
12  4.0  3.06688e-05
12  5.0  4.99159e-06
12  7.0  2.11283e-07
12  5.5  2.13097e-06
12  6.0  9.11035e-07
12  6.5  4.4988e-07
12  7.5  1.06155e-07
12  8.0  5.3026e-08
12  9.0  1.46582e-08
12  8.5  2.70127e-08
12  9.5  7.52934e-09
14  0.2  0.0590136
12  10.0  4.0566e-09
14  0.3  0.0871547
14  0.4  0.103239
14  0.5  0.108178
14  0.6  0.10079
12  10.5  2.26945e-09
14  0.7  0.0887539
14  0.8  0.0728752
14  0.9  0.0577836
14  1.0  0.0454811
14  1.2  0.0260352
14  1.1  0.0348246
14  1.3  0.0203744
14  1.4  0.0150487
14  1.5  0.0114262
14  1.6  0.00877503
14  1.8  0.00487808
14  1.7  0.00651789
12  11.0  1.26818e-09
14  2.0  0.0029545
14  1.9  0.00382269
14  2.5  0.000800098
14  3.0  0.000241169
14  3.5  8.13131e-05
12  11.5  7.17378e-10
14  4.5  1.18607e-05
12  12.0  4.11422e-10
14  4.0  3.0272e-05
14  5.0  4.65117e-06
14  5.5  2.02363e-06
14  6.0  9.28902e-07
14  6.5  4.33668e-07
14  7.0  2.08298e-07
14  7.5  9.91049e-08
14  8.0  4.96389e-08
14  8.5  2.62144e-08
14  9.0  1.38574e-08
14  9.5  7.11604e-09
14  10.5  2.20602e-09
16  0.2  0.0592491
14  10.0  3.93828e-09
16  0.3  0.0856391
16  0.4  0.102217
16  0.5  0.106882
16  0.6  0.0995744
16  0.7  0.0865979
16  0.8  0.0712971
16  0.9  0.0565303
16  1.0  0.0439622
16  1.1  0.034193
16  1.2  0.025806
16  1.3  0.0192707
14  11.5  6.86462e-10
16  1.4  0.0148603
16  1.5  0.0110281
16  1.6  0.00842049
16  1.7  0.00629635
16  1.8  0.00475648
16  1.9  0.00366817
16  2.0  0.00278855
16  2.5  0.000762539
16  3.0  0.000233373
16  3.5  7.87227e-05
14  11.0  1.20552e-09
14  12.0  4.14694e-10
16  4.0  2.86219e-05
16  4.5  1.09734e-05
16  5.0  4.66761e-06
16  6.0  8.8864e-07
16  6.5  4.14356e-07
16  7.0  1.9927e-07
16  5.5  1.99031e-06
16  7.5  9.5164e-08
16  9.0  1.33594e-08
16  8.0  4.88731e-08
16  8.5  2.46446e-08
16  10.5  2.08078e-09
16  9.5  6.87608e-09
18  0.2  0.0582067
18  0.3  0.0854259
16  10.0  3.80636e-09
18  0.4  0.100186
18  0.5  0.104242
18  0.6  0.0971464
18  0.7  0.0844976
18  0.8  0.0694003
18  0.9  0.0548079
18  1.0  0.0426936
18  1.1  0.0327569
18  1.2  0.0245903
18  1.3  0.0189586
16  11.5  6.68104e-10
18  1.4  0.0141937
18  1.5  0.0106383
18  1.7  0.00611699
18  1.6  0.00809737
18  1.8  0.00468064
18  1.9  0.00350237
16  11.0  1.19953e-09
18  2.0  0.00272129
18  2.5  0.000728064
18  3.0  0.000222675
18  3.5  7.64215e-05
18  4.5  1.06968e-05
16  12.0  3.8145e-10
18  4.0  2.8255e-05
18  5.0  4.27478e-06
18  5.5  1.91663e-06
18  6.0  8.61956e-07
18  6.5  4.05949e-07
18  7.0  1.9358e-07
18  7.5  9.50411e-08
18  8.5  2.3568e-08
18  8.0  4.73772e-08
18  9.0  1.26031e-08
18  10.5  2.03948e-09
18  9.5  6.53091e-09
2  0.2  0.0601383
2  0.3  0.0883049
18  11.5  6.41187e-10
18  10.0  3.58788e-09
2  0.4  0.106335
2  0.5  0.112001
2  0.6  0.104947
2  0.7  0.0940383
2  0.8  0.0775354
2  0.9  0.0621885
2  1.0  0.0483565
2  1.1  0.0376311
2  1.2  0.0288388
2  1.3  0.0214528
2  1.4  0.0170211
2  1.5  0.0125112
2  1.7  0.00718442
2  1.6  0.00938896
2  1.8  0.00552657
2  1.9  0.00415347
2  2.0  0.0031879
2  2.5  0.000882359
2  3.0  0.000273878
18  11.0  1.16029e-09
2  3.5  8.93844e-05
18  12.0  3.75859e-10
2  4.0  3.33492e-05
2  4.5  1.31396e-05
2  5.0  5.21669e-06
2  5.5  2.35114e-06
2  6.0  1.01991e-06
2  7.5  1.1308e-07
2  6.5  4.73862e-07
2  7.0  2.26689e-07
2  8.0  5.56985e-08
2  9.0  1.52589e-08
2  8.5  2.8246e-08
2  9.5  7.82175e-09
20  0.2  0.0574561
2  11.5  7.58456e-10
20  0.3  0.0834796
2  10.0  4.36095e-09
20  0.4  0.0982441
20  0.5  0.102163
20  0.6  0.093481
20  0.7  0.0812605
2  12.0  4.28846e-10
20  0.8  0.0669152
20  1.0  0.0413238
20  0.9  0.0527459
2  10.5  2.38426e-09
20  1.1  0.0314933
20  1.2  0.0236655
20  1.3  0.0179215
20  1.4  0.0134371
20  1.5  0.0102086
20  1.6  0.00767444
20  1.8  0.00436848
20  1.7  0.00578938
20  1.9  0.00334818
20  2.0  0.00256281
20  2.5  0.000690315
2  11.0  1.3392e-09
20  3.0  0.000211331
20  3.5  7.2461e-05
20  4.0  2.53403e-05
20  4.5  9.94576e-06
20  5.0  4.20581e-06
20  5.5  1.78229e-06
20  6.0  8.15541e-07
20  7.5  8.8908e-08
20  6.5  3.83596e-07
20  7.0  1.81983e-07
20  8.0  4.44641e-08
20  8.5  2.25764e-08
20  9.5  6.43691e-09
20  9.0  1.18688e-08
20  10.0  3.38766e-09
22  0.2  0.0569012
22  0.3  0.0825288
20  10.5  2.00765e-09
22  0.4  0.0966531
22  0.5  0.0991399
22  0.6  0.0911916
22  0.7  0.0778373
22  0.8  0.0642149
22  0.9  0.05002
22  1.0  0.0383869
22  1.1  0.0294898
22  1.2  0.0224879
22  1.3  0.0172156
20  11.5  5.94464e-10
22  1.4  0.0126047
22  1.5  0.00962946
22  1.7  0.00548876
22  1.6  0.00723226
20  11.0  1.07754e-09
22  2.0  0.0023278
22  1.8  0.0040888
22  1.9  0.00311015
20  12.0  3.37078e-10
22  3.5  6.57338e-05
22  2.5  0.000655026
22  3.0  0.000193522
22  4.0  2.37719e-05
22  4.5  9.2284e-06
22  5.0  3.96618e-06
22  5.5  1.6717e-06
22  6.0  7.64512e-07
22  6.5  3.53603e-07
22  7.0  1.68199e-07
22  7.5  8.23595e-08
22  8.0  4.00855e-08
22  9.0  1.08837e-08
22  10.0  3.18781e-09
22  8.5  2.15882e-08
22  9.5  6.02322e-09
24  0.2  0.0551686
24  0.3  0.0792798
24  0.4  0.0937485
24  0.5  0.0952482
24  0.6  0.0869049
24  0.7  0.0740667
22  10.5  1.76718e-09
24  0.9  0.0469058
24  0.8  0.0594931
24  1.0  0.0360359
22  11.5  5.65548e-10
24  1.1  0.0273722
24  1.3  0.0156725
24  1.2  0.0206901
24  1.4  0.0116651
22  11.0  1.00329e-09
24  1.5  0.00866649
24  1.6  0.0065821
24  1.7  0.00491628
24  1.8  0.00374803
24  1.9  0.00278575
24  2.0  0.0021459
24  2.5  0.000589709
24  3.5  6.15792e-05
24  3.0  0.000178518
24  4.5  8.50328e-06
22  12.0  3.16578e-10
24  4.0  2.21962e-05
24  5.0  3.60066e-06
24  5.5  1.54402e-06
24  6.0  6.93639e-07
24  6.5  3.08301e-07
24  8.0  3.77869e-08
24  7.0  1.52083e-07
24  7.5  7.45751e-08
24  9.5  5.35055e-09
24  8.5  1.94117e-08
24  9.0  1.01206e-08
24  10.0  2.96123e-09
26  0.2  0.0543748
26  0.3  0.07738
24  10.5  1.64606e-09
26  0.4  0.0889555
26  0.5  0.0894222
26  0.6  0.080673
26  0.8  0.0546482
26  0.7  0.0675554
26  0.9  0.0428627
26  1.0  0.0325388
26  1.1  0.0246749
26  1.2  0.0187235
24  11.0  8.89488e-10
26  1.4  0.0105701
26  1.3  0.0140767
26  1.5  0.00778922
26  1.6  0.00587473
26  1.7  0.00435588
26  1.8  0.00336871
26  1.9  0.00253146
26  2.0  0.0019597
26  2.5  0.000524828
26  3.0  0.000160461
26  3.5  5.2067e-05
24  11.5  5.03728e-10
24  12.0  2.8582e-10
26  4.0  1.96246e-05
26  4.5  7.68228e-06
26  5.0  3.03416e-06
26  5.5  1.35462e-06
26  7.5  6.73835e-08
26  6.0  5.98075e-07
26  6.5  2.76537e-07
26  7.0  1.30918e-07
26  8.0  3.3263e-08
26  8.5  1.67506e-08
26  9.0  8.74895e-09
26  9.5  4.64977e-09
26  10.0  2.50683e-09
28  0.2  0.0516271
28  0.3  0.0737866
28  0.4  0.0835788
28  0.5  0.0816291
28  0.6  0.0733645
28  0.7  0.0601663
26  10.5  1.42509e-09
28  0.8  0.0476403
28  0.9  0.0377545
28  1.0  0.0283457
28  1.1  0.021716
28  1.2  0.0162145
28  1.3  0.0120196
28  1.4  0.00891326
26  11.0  7.82158e-10
28  1.5  0.00676564
28  1.7  0.00371229
28  1.6  0.0049349
28  1.8  0.00280949
28  1.9  0.00214641
28  2.0  0.00157753
28  2.5  0.000442033
28  3.0  0.000135581
28  3.5  4.57809e-05
26  11.5  4.59614e-10
26  12.0  2.58747e-10
28  4.0  1.66195e-05
28  4.5  6.21872e-06
28  5.0  2.53613e-06
28  5.5  1.15263e-06
28  6.5  2.38535e-07
28  6.0  5.01888e-07
28  7.0  1.09783e-07
28  7.5  5.60712e-08
28  8.0  2.72634e-08
28  9.5  4.02126e-09
28  8.5  1.40145e-08
28  9.0  7.52641e-09
28  10.0  2.16565e-09
30  0.2  0.0487507
30  0.3  0.0672031
30  0.4  0.0743415
30  0.5  0.0706102
30  0.6  0.0610021
28  10.5  1.20236e-09
30  0.7  0.0501804
30  0.8  0.0397911
30  0.9  0.0308614
30  1.0  0.0234303
30  1.1  0.0174395
30  1.2  0.013144
30  1.3  0.00967127
30  1.5  0.00542485
30  1.4  0.00703837
30  1.6  0.00390961
30  1.7  0.00295428
30  1.8  0.00228564
30  1.9  0.00167002
30  2.0  0.0012946
30  2.5  0.000349222
30  3.0  0.000106285
28  11.0  6.71327e-10
30  3.5  3.64084e-05
28  11.5  3.71735e-10
28  12.0  2.18006e-10
30  4.0  1.27418e-05
30  4.5  4.9248e-06
30  5.0  2.03306e-06
30  5.5  8.96328e-07
30  7.0  8.92778e-08
30  6.0  3.94265e-07
30  6.5  1.77922e-07
30  7.5  4.31644e-08
30  8.0  2.18252e-08
30  8.5  1.14593e-08
30  9.0  5.96736e-09
30  9.5  3.17002e-09
30  11.0  5.33716e-10
30  10.0  1.72123e-09
32  0.2  0.043672
32  0.3  0.0582272
32  0.4  0.0618033
30  10.5  9.34374e-10
32  0.5  0.0568528
32  0.6  0.0483648
32  0.7  0.0386863
32  0.8  0.0297183
32  0.9  0.0231224
32  1.0  0.0171924
32  1.1  0.0129168
32  1.2  0.00956472
32  1.3  0.00705906
32  1.5  0.00387344
32  1.4  0.00524935
32  1.6  0.00290605
32  1.7  0.00221653
32  1.8  0.0016283
32  1.9  0.00123375
32  2.0  0.000910814
32  2.5  0.000259719
32  3.0  7.2694e-05
32  3.5  2.53843e-05
30  11.5  3.00196e-10
30  12.0  1.73815e-10
32  5.0  1.44272e-06
32  4.0  8.82338e-06
32  4.5  3.50121e-06
32  5.5  6.29838e-07
32  6.0  2.82305e-07
32  7.0  6.25161e-08
32  6.5  1.30214e-07
32  8.5  7.93349e-09
32  7.5  3.11472e-08
32  8.0  1.5723e-08
32  9.0  4.05813e-09
32  9.5  2.28456e-09
32  10.0  1.22841e-09
34  0.2  0.0369415
34  0.3  0.0467126
34  0.4  0.0467304
34  0.5  0.0408591
34  0.6  0.0342277
32  10.5  6.55038e-10
32  12.0  1.25175e-10
34  0.8  0.0200409
34  0.7  0.0266962
34  1.0  0.011561
34  0.9  0.0152886
34  1.1  0.00869113
34  1.2  0.00627411
34  1.5  0.00250996
34  1.3  0.00462985
34  1.4  0.00344413
34  1.6  0.00186187
32  11.0  3.72265e-10
34  1.7  0.00141042
34  1.8  0.00106866
34  1.9  0.000804185
34  2.5  0.000156988
34  2.0  0.000611716
34  3.5  1.54745e-05
34  3.0  4.93701e-05
32  11.5  2.14876e-10
34  4.5  2.2525e-06
34  4.0  5.85209e-06
34  5.0  9.1351e-07
34  7.0  4.01602e-08
34  5.5  3.92517e-07
34  6.0  1.7905e-07
34  7.5  1.99217e-08
34  6.5  8.27311e-08
34  8.5  5.18863e-09
34  8.0  1.00169e-08
34  9.0  2.64847e-09
34  9.5  1.42718e-09
4  0.2  0.0601953
34  10.0  7.90154e-10
4  0.3  0.0884281
4  0.4  0.105751
4  0.5  0.112282
4  0.6  0.106582
4  0.7  0.0929775
4  0.8  0.0772918
4  0.9  0.0617971
4  1.0  0.048202
34  10.5  4.42199e-10
4  1.1  0.0374865
4  1.2  0.0283759
4  1.3  0.0216573
4  1.5  0.0125291
4  1.4  0.0164417
4  1.6  0.00952035
4  1.7  0.00712134
4  1.8  0.00540025
4  1.9  0.00416357
4  2.0  0.00316111
4  2.5  0.000871334
34  11.0  2.4616e-10
4  3.0  0.000264852
4  3.5  9.00854e-05
34  11.5  1.36631e-10
34  12.0  7.67267e-11
4  4.0  3.30049e-05
4  4.5  1.26254e-05
4  5.0  5.10151e-06
4  5.5  2.23938e-06
4  7.0  2.20619e-07
4  6.0  9.80637e-07
4  7.5  1.08586e-07
4  6.5  4.74044e-07
4  8.0  5.64923e-08
4  8.5  2.91473e-08
4  9.0  1.51437e-08
4  9.5  8.2637e-09
6  0.2  0.060408
6  0.3  0.0880871
4  10.0  4.42487e-09
6  0.4  0.105849
4  11.5  7.58556e-10
6  0.5  0.112021
6  0.6  0.105465
6  0.7  0.0921837
6  0.8  0.0764484
6  0.9  0.0614512
6  1.0  0.0475945
6  1.1  0.0371241
6  1.2  0.0281607
6  1.3  0.0215645
6  1.4  0.0162092
6  1.5  0.0123432
4  10.5  2.459e-09
6  1.6  0.00929095
6  1.7  0.00717089
6  1.8  0.00530276
6  1.9  0.00411408
6  2.0  0.00311375
4  12.0  4.39187e-10
6  2.5  0.000851478
4  11.0  1.33828e-09
6  3.0  0.000259828
6  3.5  8.86742e-05
6  4.0  3.20886e-05
6  4.5  1.24683e-05
6  5.0  5.24744e-06
6  5.5  2.21417e-06
6  6.0  9.82565e-07
6  6.5  4.68932e-07
6  7.0  2.25777e-07
6  7.5  1.10884e-07
6  8.0  5.48059e-08
6  8.5  2.87608e-08
6  9.0  1.52386e-08
6  9.5  8.00277e-09
6  10.0  4.31855e-09
8  0.2  0.0600584
8  0.3  0.0881078
8  0.4  0.104597
8  0.5  0.108551
8  0.6  0.105027
8  0.7  0.0897142
6  10.5  2.4143e-09
8  0.8  0.0759191
8  0.9  0.0605836
8  1.0  0.047629
8  1.1  0.0368608
8  1.2  0.0282239
8  1.3  0.0211433
8  1.4  0.0161541
6  11.0  1.32559e-09
8  1.5  0.0121106
8  1.7  0.00712443
8  1.6  0.00916178
8  1.8  0.00525292
6  12.0  4.27805e-10
8  2.0  0.0030565
8  1.9  0.00404685
8  2.5  0.00084793
8  3.0  0.000255813
6  11.5  7.52986e-10
8  3.5  8.65063e-05
8  4.0  3.27149e-05
8  4.5  1.26812e-05
8  5.0  4.92781e-06
8  5.5  2.21584e-06
8  6.0  9.86279e-07
8  6.5  4.52486e-07
8  7.5  1.09094e-07
8  7.0  2.13559e-07
8  8.0  5.54769e-08
8  8.5  2.83402e-08
8  9.0  1.47393e-08
8  9.5  7.76268e-09
8  10.0  4.30554e-09
8  10.5  2.34055e-09
8  11.0  1.33352e-09
8  12.0  4.22953e-10
8  11.5  7.39814e-10
