# exclusive D0 cross section, Pb target, LHAPDF fragmentation, An0n channel
# generated      : 2026-08-19 15:24:05 EEST
# calls          : 1e5 below 4.0 GeV, 2e3 above (see EXCL_PT_THRESHOLD) (VEGAS calls per point, see CALLS_EXCL/CALLS_EXCL_FACTORIZED/CALLS_DIFF)
# dipole samples : data/Pb/bk_posterior/member_0009/glauber_mve_<b>
# pD0 sweep      : 0.2 0.3 0.4 0.5 0.6 0.7 0.8 0.9 1.0 1.1 1.2 1.3 1.4 1.5 1.6 1.7 1.8 1.9 2.0 2.5 3.0 3.5 4.0 4.5 5.0 5.5 6.0 6.5 7.0 7.5 8.0 8.5 9.0 9.5 10.0 10.5 11.0 11.5 12.0
# fixed rapidity y : -1.0
# ============================================================
# b  pD0  dsigma_dyd2pD0
0  0.4  1.94197
0  0.5  1.4765
0  0.2  3.07051
0  0.3  2.48267
0  0.6  1.10223
0  0.7  0.811623
0  0.9  0.433639
0  0.8  0.593713
0  1.0  0.315195
0  1.3  0.125173
0  1.2  0.169461
0  1.1  0.230206
0  1.6  0.0517374
0  1.4  0.0915337
0  1.5  0.068096
0  1.7  0.0380079
0  1.8  0.0288533
0  2.0  0.01688
0  1.9  0.0219532
0  3.0  0.00121702
0  2.5  0.00430404
0  3.5  0.000664335
0  4.5  6.78193e-05
0  4.0  0.0001722
0  5.0  2.91289e-05
0  5.5  1.32774e-05
0  7.5  9.27838e-07
0  6.0  6.38284e-06
0  8.0  5.29318e-07
0  6.5  3.21806e-06
0  7.0  1.69998e-06
0  9.5  1.19055e-07
0  8.5  3.15656e-07
0  10.0  7.60954e-08
0  9.0  1.92716e-07
10  0.2  2.89938
0  10.5  5.07008e-08
10  0.3  2.33821
10  0.4  1.8242
10  0.5  1.38495
10  0.6  1.0313
10  0.7  0.757634
10  0.8  0.552761
0  11.0  3.40064e-08
10  0.9  0.401842
10  1.0  0.292829
10  1.1  0.213356
10  1.2  0.156038
10  1.3  0.113914
10  1.4  0.0844786
10  1.5  0.0632023
10  1.6  0.0467913
0  11.5  2.31099e-08
10  1.7  0.0353696
10  1.8  0.0271557
10  1.9  0.0202723
10  2.0  0.0153872
10  2.5  0.00407969
10  3.0  0.00127244
10  3.5  0.000384381
0  12.0  1.61038e-08
10  4.5  6.17307e-05
10  5.0  2.6311e-05
10  4.0  0.000156105
10  5.5  1.19748e-05
10  7.0  1.529e-06
10  6.5  2.90191e-06
10  6.0  5.77518e-06
10  7.5  8.38559e-07
10  8.0  4.77226e-07
10  8.5  2.83555e-07
10  9.0  1.74075e-07
10  9.5  1.08941e-07
10  10.0  6.91388e-08
10  10.5  4.52138e-08
12  0.2  2.81969
12  0.3  2.27239
12  0.4  1.77087
10  11.0  3.03129e-08
12  0.5  1.34349
12  0.6  0.999253
12  0.7  0.733623
12  0.8  0.534427
12  0.9  0.38853
12  1.0  0.282356
12  1.1  0.205123
12  1.2  0.150324
12  1.3  0.110907
12  1.4  0.081783
12  1.5  0.0598102
12  1.7  0.0346317
12  1.6  0.0448738
12  1.9  0.020004
12  1.8  0.0254122
12  2.5  0.00423903
12  2.0  0.0149624
12  3.0  0.00118594
10  11.5  2.0829e-08
12  3.5  0.000381045
10  12.0  1.4376e-08
12  4.0  0.000148306
12  4.5  5.89537e-05
12  5.5  1.15457e-05
12  5.0  2.51371e-05
12  7.0  1.45459e-06
12  6.5  2.7676e-06
12  6.0  5.50945e-06
12  7.5  7.97748e-07
12  8.0  4.54714e-07
12  8.5  2.70728e-07
12  9.0  1.66123e-07
12  9.5  1.04038e-07
12  10.0  6.68271e-08
12  11.5  1.96121e-08
14  0.2  2.72226
12  11.0  2.89173e-08
14  0.3  2.1921
14  0.4  1.7053
14  0.5  1.2933
14  0.6  0.959727
14  0.7  0.703542
14  0.8  0.51187
12  10.5  4.37986e-08
14  1.0  0.269906
14  0.9  0.37163
14  1.1  0.197327
14  1.2  0.143694
14  1.3  0.104729
14  1.4  0.0771734
14  1.5  0.0570076
14  1.6  0.0431291
14  1.8  0.0248415
14  1.7  0.0318322
14  1.9  0.0189344
14  2.0  0.0140178
14  2.5  0.00374816
14  3.0  0.00124521
14  3.5  0.00047094
12  12.0  1.38412e-08
14  4.5  5.55735e-05
14  4.0  0.000139643
14  5.0  2.37051e-05
14  5.5  1.0797e-05
14  6.0  5.13268e-06
14  7.0  1.37133e-06
14  6.5  2.60881e-06
14  8.0  4.29654e-07
14  7.5  7.58901e-07
14  9.5  9.63029e-08
14  8.5  2.57368e-07
14  9.0  1.56287e-07
14  10.0  6.19701e-08
14  11.5  1.84635e-08
16  0.2  2.60643
14  11.0  2.72034e-08
16  0.3  2.09671
16  0.4  1.62879
16  0.5  1.23152
14  10.5  4.13495e-08
16  0.6  0.913026
16  0.7  0.668329
16  0.8  0.484695
16  0.9  0.352427
16  1.1  0.185643
16  1.0  0.255189
16  1.3  0.0994371
16  1.2  0.135045
16  1.4  0.0733016
16  1.5  0.0538436
16  1.7  0.0302999
16  1.6  0.0399534
14  12.0  1.29131e-08
16  1.9  0.0173059
16  1.8  0.0227127
16  2.0  0.0134023
16  2.5  0.00356152
16  3.0  0.000909815
16  3.5  0.000243472
16  4.0  0.000130187
16  4.5  5.17647e-05
16  5.0  2.20595e-05
16  5.5  1.0038e-05
16  7.0  1.27591e-06
16  6.5  2.42224e-06
16  6.0  4.81821e-06
16  8.0  3.9913e-07
16  7.5  7.02688e-07
16  8.5  2.36535e-07
16  9.5  8.9354e-08
16  9.0  1.45124e-07
16  10.0  5.75758e-08
16  11.5  1.71459e-08
18  0.2  2.46828
16  10.5  3.77156e-08
18  0.3  1.98208
18  0.4  1.53805
18  0.5  1.15871
16  12.0  1.19972e-08
18  0.6  0.858272
16  11.0  2.5246e-08
18  0.7  0.626258
18  0.8  0.454723
18  0.9  0.328519
18  1.0  0.237875
18  1.1  0.172793
18  1.2  0.125524
18  1.3  0.0915538
18  1.4  0.0676881
18  1.5  0.0497457
18  1.6  0.0368809
18  1.7  0.0275217
18  1.8  0.0213461
18  1.9  0.0163226
18  2.0  0.0120638
18  2.5  0.00302621
18  3.5  0.00013371
18  3.0  0.000905441
18  4.0  0.000118677
18  4.5  4.7498e-05
18  5.0  2.00687e-05
18  5.5  9.16577e-06
18  7.0  1.16588e-06
18  7.5  6.39011e-07
18  6.5  2.20811e-06
18  6.0  4.39484e-06
18  8.5  2.14297e-07
18  8.0  3.69128e-07
18  10.0  5.22102e-08
18  9.0  1.32383e-07
18  9.5  8.29389e-08
18  11.5  1.56158e-08
2  0.2  3.06765
18  12.0  1.09288e-08
18  10.5  3.49007e-08
2  0.3  2.47723
2  0.4  1.93571
2  0.6  1.09646
2  0.5  1.47375
2  0.7  0.808303
18  11.0  2.33102e-08
2  0.8  0.592373
2  0.9  0.43146
2  1.0  0.314221
2  1.1  0.229529
2  1.3  0.124785
2  1.2  0.168668
2  1.4  0.0913725
2  1.5  0.0678359
2  1.6  0.0515194
2  1.8  0.0298075
2  1.7  0.0390823
2  1.9  0.0218948
2  2.0  0.0168061
2  2.5  0.00443134
2  3.5  0.00080115
2  3.0  0.00130666
2  4.5  6.7576e-05
2  5.0  2.90119e-05
2  4.0  0.000171448
2  5.5  1.32403e-05
2  7.5  9.24274e-07
2  6.0  6.35848e-06
2  6.5  3.20543e-06
2  8.0  5.27457e-07
2  7.0  1.69307e-06
2  9.5  1.18609e-07
2  8.5  3.15219e-07
2  10.0  7.57323e-08
2  9.0  1.93181e-07
2  11.0  3.36558e-08
20  0.2  2.30427
20  0.3  1.84616
20  0.4  1.42896
20  0.5  1.07504
20  0.6  0.793164
20  0.7  0.578082
2  10.5  5.05306e-08
20  0.8  0.417345
20  0.9  0.301185
20  1.0  0.217086
20  1.1  0.157716
20  1.2  0.114195
20  1.3  0.0832072
20  1.4  0.0610433
20  1.5  0.0457898
20  1.7  0.0250619
2  11.5  2.30138e-08
20  1.6  0.0333935
20  1.8  0.0194065
20  1.9  0.0140701
20  2.0  0.0108923
20  2.5  0.00300122
20  3.0  0.000726751
20  3.5  0.00039464
2  12.0  1.60211e-08
20  4.5  4.21094e-05
20  4.0  0.000106028
20  5.0  1.79131e-05
20  5.5  8.16864e-06
20  7.0  1.03833e-06
20  6.5  1.96701e-06
20  6.0  3.89832e-06
20  7.5  5.68827e-07
20  8.5  1.90919e-07
20  9.5  7.33323e-08
20  8.0  3.27133e-07
20  10.0  4.66646e-08
20  9.0  1.17757e-07
20  10.5  3.06164e-08
20  11.0  2.05864e-08
22  0.2  2.10797
22  0.3  1.6858
22  0.4  1.30123
22  0.5  0.975301
22  0.6  0.716964
20  11.5  1.39879e-08
22  0.7  0.519934
22  0.8  0.375129
22  0.9  0.269639
22  1.0  0.194343
22  1.1  0.140214
22  1.2  0.101394
22  1.4  0.0550042
22  1.3  0.0737147
22  1.5  0.0404469
22  1.6  0.0299863
22  1.7  0.0219123
22  1.8  0.0165033
22  1.9  0.012452
22  2.0  0.00952849
22  2.5  0.00254075
22  3.0  0.00067409
22  3.5  0.000231722
20  12.0  9.8237e-09
22  4.0  9.20319e-05
22  4.5  3.66593e-05
22  5.0  1.54956e-05
22  6.5  1.67593e-06
22  5.5  7.0697e-06
22  7.0  8.93481e-07
22  6.0  3.36287e-06
22  7.5  4.90721e-07
22  8.5  1.6463e-07
22  8.0  2.82863e-07
22  10.0  4.06503e-08
22  9.0  1.01566e-07
22  9.5  6.31628e-08
24  0.2  1.87469
24  0.3  1.49339
22  10.5  2.68372e-08
24  0.4  1.14851
24  0.5  0.857696
24  0.6  0.627775
24  0.7  0.453686
24  0.8  0.325605
22  11.5  1.20629e-08
24  0.9  0.233331
24  1.1  0.120541
22  11.0  1.79225e-08
24  1.0  0.167527
24  1.2  0.0876104
24  1.3  0.0635248
24  1.4  0.0470068
24  1.5  0.033675
24  1.7  0.0192012
24  1.6  0.0249805
24  1.8  0.0144473
24  1.9  0.0105475
24  2.0  0.00817737
24  2.5  0.00212659
24  3.0  0.000534702
24  3.5  0.00013251
22  12.0  8.43582e-09
24  5.0  1.2833e-05
24  4.0  7.64639e-05
24  4.5  3.03828e-05
24  5.5  5.85346e-06
24  7.5  4.04675e-07
24  6.0  2.7965e-06
24  6.5  1.40229e-06
24  8.5  1.36091e-07
24  7.0  7.46418e-07
24  8.0  2.34151e-07
24  10.0  3.32798e-08
24  9.0  8.42223e-08
24  9.5  5.25926e-08
24  11.0  1.45904e-08
24  11.5  9.96278e-09
26  0.2  1.59783
24  10.5  2.21419e-08
26  0.3  1.26813
26  0.4  0.97029
26  0.5  0.720543
26  0.6  0.524247
26  0.7  0.376924
26  0.8  0.269049
26  0.9  0.192043
26  1.0  0.136909
26  1.1  0.0983923
26  1.2  0.0706663
26  1.3  0.0515271
26  1.4  0.037578
26  1.5  0.0276194
26  1.6  0.0200413
26  1.7  0.0153365
26  1.8  0.0111333
26  1.9  0.00876863
26  2.0  0.00635252
26  2.5  0.00157867
26  3.0  0.000442629
26  3.5  0.000125761
24  12.0  7.01144e-09
26  5.0  1.00182e-05
26  6.0  2.14337e-06
26  4.0  6.00406e-05
26  4.5  2.3554e-05
26  5.5  4.54293e-06
26  6.5  1.07996e-06
26  7.5  3.14147e-07
26  8.0  1.78977e-07
26  7.0  5.7635e-07
26  8.5  1.05888e-07
26  10.0  2.57578e-08
26  9.0  6.49856e-08
26  10.5  1.69379e-08
26  9.5  4.07173e-08
26  11.0  1.13447e-08
28  0.2  1.27698
28  0.3  1.00823
28  0.4  0.765891
28  0.5  0.56472
28  0.6  0.407873
26  11.5  7.71535e-09
28  0.7  0.29079
28  0.8  0.206524
28  0.9  0.146202
28  1.0  0.103819
28  1.1  0.074101
28  1.2  0.0528023
28  1.3  0.0380129
28  1.4  0.0275507
28  1.6  0.0151776
28  1.5  0.0200757
28  1.7  0.0109329
28  1.8  0.00855841
28  1.9  0.00625994
28  2.0  0.00480106
28  2.5  0.00119062
28  3.0  0.000413389
28  3.5  8.53453e-05
26  12.0  5.40067e-09
28  4.0  4.25655e-05
28  5.0  7.08723e-06
28  6.0  1.51335e-06
28  4.5  1.67239e-05
28  5.5  3.21147e-06
28  8.0  1.25376e-07
28  6.5  7.68188e-07
28  7.5  2.22078e-07
28  8.5  7.40598e-08
28  7.0  4.0725e-07
28  9.5  2.83275e-08
28  10.0  1.81029e-08
28  9.0  4.58037e-08
30  0.2  0.92743
30  0.3  0.726845
28  10.5  1.20266e-08
30  0.4  0.54717
30  0.5  0.399296
30  0.6  0.285427
30  0.7  0.201906
30  0.8  0.142208
30  0.9  0.0996565
30  1.0  0.0699415
30  1.1  0.0497503
30  1.2  0.0353997
28  11.0  8.03914e-09
30  1.4  0.0185556
30  1.3  0.0252891
30  1.5  0.0134199
30  1.6  0.00985318
30  1.7  0.00736402
28  12.0  3.74996e-09
30  1.8  0.00556046
30  1.9  0.00412908
30  2.0  0.00297953
30  2.5  0.000773448
30  3.0  0.000185634
30  3.5  6.67761e-05
28  11.5  5.43978e-09
30  4.0  2.64361e-05
30  4.5  1.04542e-05
30  5.0  4.381e-06
30  5.5  1.98539e-06
30  6.0  9.44559e-07
30  7.5  1.35902e-07
30  6.5  4.74996e-07
30  7.0  2.50628e-07
30  8.0  7.75422e-08
30  9.0  2.76987e-08
30  8.5  4.60958e-08
30  9.5  1.73004e-08
30  11.0  4.8556e-09
30  10.0  1.12295e-08
32  0.2  0.591143
30  11.5  3.30706e-09
32  0.3  0.458517
32  0.4  0.341277
32  0.5  0.246015
30  12.0  2.2984e-09
30  10.5  7.35841e-09
32  0.6  0.173656
32  0.7  0.121487
32  0.8  0.0844796
32  0.9  0.0587274
32  1.0  0.0410258
32  1.1  0.028775
32  1.2  0.0202972
32  1.3  0.0144405
32  1.4  0.0103088
32  1.5  0.00743315
32  1.6  0.00560128
32  1.7  0.0040004
32  1.8  0.00293157
32  1.9  0.00226218
32  2.0  0.00164502
32  3.0  0.000136602
32  2.5  0.000392123
32  3.5  5.02057e-05
32  4.0  1.38823e-05
32  4.5  5.39622e-06
32  6.0  4.79695e-07
32  5.0  2.27712e-06
32  5.5  1.02424e-06
32  7.5  6.96164e-08
32  6.5  2.45374e-07
32  8.5  2.33221e-08
32  7.0  1.28833e-07
32  9.0  1.41454e-08
32  8.0  4.0098e-08
32  9.5  8.8698e-09
32  10.5  3.71788e-09
32  10.0  5.63571e-09
34  0.2  0.323475
34  0.3  0.248193
34  0.4  0.182064
34  0.5  0.129321
34  0.6  0.0900951
34  0.7  0.0620505
32  11.5  1.68412e-09
32  11.0  2.49518e-09
34  0.8  0.0425988
34  0.9  0.0293037
34  1.1  0.014046
34  1.0  0.0202579
34  1.2  0.0098809
34  1.3  0.00703041
34  1.4  0.0049339
34  1.5  0.00353479
34  1.6  0.0026189
34  1.7  0.00184395
34  1.9  0.00102607
34  1.8  0.00144422
34  2.0  0.000744021
34  2.5  0.000172646
34  3.0  3.53641e-05
34  3.5  1.91389e-05
32  12.0  1.18429e-09
34  6.0  2.02941e-07
34  4.0  6.06218e-06
34  4.5  2.33193e-06
34  5.0  9.79869e-07
34  6.5  1.02246e-07
34  5.5  4.34846e-07
34  7.0  5.32079e-08
34  7.5  2.91514e-08
34  8.5  9.61446e-09
34  8.0  1.66735e-08
34  9.0  5.95317e-09
34  9.5  3.70945e-09
34  11.0  1.03133e-09
34  11.5  6.96455e-10
4  0.2  3.044
34  10.0  2.37836e-09
4  0.3  2.46091
4  0.4  1.92323
4  0.5  1.46123
34  10.5  1.55638e-09
4  0.6  1.089
4  0.7  0.803378
4  0.8  0.586646
4  0.9  0.428328
4  1.0  0.311459
4  1.1  0.227675
4  1.2  0.166948
4  1.3  0.123817
4  1.4  0.0906025
4  1.5  0.068158
4  1.6  0.0503956
4  1.7  0.0374366
4  1.8  0.0282929
4  2.0  0.0167418
4  1.9  0.0215378
4  2.5  0.00448789
4  3.0  0.00131908
4  3.5  0.000362792
34  12.0  4.89854e-10
4  5.0  2.86511e-05
4  4.0  0.000169108
4  4.5  6.75345e-05
4  6.5  3.15563e-06
4  5.5  1.30981e-05
4  7.5  9.1357e-07
4  6.0  6.28904e-06
4  8.0  5.21987e-07
4  7.0  1.67372e-06
4  8.5  3.09403e-07
4  9.5  1.17236e-07
4  9.0  1.9013e-07
4  10.0  7.53334e-08
4  10.5  4.92501e-08
4  11.0  3.29773e-08
6  0.2  3.00843
6  0.3  2.43052
6  0.4  1.90096
6  0.5  1.44415
6  0.6  1.0754
6  0.7  0.792749
6  0.8  0.579389
6  0.9  0.42151
6  1.0  0.307178
6  1.1  0.224347
6  1.2  0.16428
6  1.3  0.122125
6  1.4  0.0890365
6  1.6  0.0489984
4  11.5  2.25562e-08
6  1.5  0.0658084
6  1.7  0.0379841
6  1.8  0.0278072
6  1.9  0.0213317
6  2.5  0.00434459
6  2.0  0.016361
6  3.0  0.00140112
6  3.5  0.000470532
4  12.0  1.58606e-08
6  4.0  0.000164855
6  4.5  6.59362e-05
6  5.0  2.81805e-05
6  5.5  1.28214e-05
6  6.0  6.16788e-06
6  6.5  3.096e-06
6  7.5  8.95611e-07
6  8.0  5.12739e-07
6  7.0  1.64236e-06
6  8.5  3.04443e-07
6  9.0  1.86084e-07
6  10.0  7.36247e-08
6  9.5  1.1656e-07
6  10.5  4.82798e-08
6  11.0  3.23403e-08
8  0.2  2.96252
8  0.3  2.39211
8  0.4  1.86722
8  0.6  1.05596
8  0.5  1.41896
8  0.7  0.777626
8  0.8  0.568389
8  0.9  0.413394
8  1.0  0.300195
8  1.1  0.220066
6  12.0  1.53815e-08
8  1.2  0.160695
8  1.3  0.117692
8  1.4  0.0880306
8  1.6  0.0492615
8  1.5  0.0647352
8  1.7  0.0370051
6  11.5  2.23376e-08
8  1.8  0.0280265
8  1.9  0.0210363
8  2.0  0.0158737
8  2.5  0.0042348
8  3.5  0.000443667
8  3.0  0.00115793
8  5.0  2.73269e-05
8  4.0  0.000162007
8  4.5  6.4189e-05
8  5.5  1.24666e-05
8  6.5  3.01171e-06
8  7.5  8.7063e-07
8  6.0  5.99841e-06
8  7.0  1.60247e-06
8  8.0  5.04655e-07
8  8.5  2.9466e-07
8  9.5  1.12015e-07
8  9.0  1.8059e-07
8  10.0  7.17153e-08
8  10.5  4.70778e-08
8  11.0  3.18467e-08
8  11.5  2.17118e-08
8  12.0  1.50932e-08
