# diffractive D0 cross section, Pb target, HymnD fragmentation, An0n channel
# generated      : 2026-08-20 11:02:20 EEST
# calls          : 1e5 (VEGAS calls per point, see CALLS_EXCL/CALLS_EXCL_FACTORIZED/CALLS_DIFF)
# dipole samples : data/Pb/bk_posterior/member_0036/glauber_mve_<b>
# pD0 sweep      : 0.2 0.3 0.4 0.5 0.6 0.7 0.8 0.9 1.0 1.1 1.2 1.3 1.4 1.5 1.6 1.7 1.8 1.9 2.0 2.5 3.0 3.5 4.0 4.5 5.0 5.5 6.0 6.5 7.0 7.5 8.0 8.5 9.0 9.5 10.0 10.5 11.0 11.5 12.0
# fixed rapidity y : 0.0
# ============================================================
# b  pD0  dsigma_dyd2pD0
0  0.3  0.806034
0  0.4  1.01623
0  0.5  1.12855
0  0.2  0.559528
0  0.6  1.15556
0  0.7  1.08189
0  0.9  0.838298
0  0.8  0.976519
0  1.1  0.601613
0  1.0  0.71354
0  1.4  0.332481
0  1.3  0.410078
0  1.2  0.495651
0  1.5  0.27588
0  1.6  0.2241
0  1.8  0.155165
0  1.7  0.184174
0  1.9  0.12647
0  2.0  0.104291
0  2.5  0.0429987
0  3.0  0.0195413
0  3.5  0.00970569
0  4.0  0.00517337
0  4.5  0.00284963
0  6.0  0.000653158
0  5.0  0.001703
0  5.5  0.00103571
0  6.5  0.00042698
0  7.0  0.000285237
0  7.5  0.000201986
0  8.0  0.000140641
0  8.5  9.78933e-05
0  9.0  7.24861e-05
0  9.5  5.09441e-05
0  10.0  3.82929e-05
10  0.2  0.550387
10  0.3  0.792985
10  0.4  1.01285
0  10.5  2.93495e-05
10  0.5  1.10003
10  0.6  1.11382
10  0.7  1.04664
10  0.8  0.941893
10  0.9  0.813613
10  1.0  0.685344
10  1.1  0.576301
10  1.2  0.474443
10  1.3  0.39269
10  1.4  0.319347
10  1.5  0.261719
10  1.6  0.214848
10  1.7  0.176955
0  11.0  2.16921e-05
10  1.8  0.14543
10  2.0  0.0988164
10  1.9  0.120409
10  2.5  0.0416345
10  3.0  0.0186045
10  3.5  0.00928335
0  11.5  1.6824e-05
0  12.0  1.27624e-05
10  4.5  0.00273182
10  4.0  0.00486328
10  5.0  0.00164207
10  5.5  0.000978091
10  6.5  0.000418899
10  6.0  0.000619271
10  7.5  0.000191662
10  7.0  0.000271676
10  8.0  0.000133794
10  8.5  9.52221e-05
10  10.0  3.63112e-05
10  9.0  6.69604e-05
10  9.5  4.90672e-05
12  0.2  0.54605
12  0.3  0.770884
12  0.4  0.996579
12  0.5  1.08978
10  10.5  2.71957e-05
12  0.6  1.10506
12  0.8  0.932701
12  0.7  1.03739
12  0.9  0.799052
12  1.0  0.677435
12  1.1  0.572884
12  1.2  0.463053
12  1.3  0.381734
12  1.4  0.315688
12  1.5  0.259176
12  1.6  0.213191
12  1.7  0.17333
12  1.8  0.142673
10  11.0  2.05754e-05
12  2.0  0.0974658
12  1.9  0.117066
12  2.5  0.0401301
12  3.5  0.00911393
12  3.0  0.0181167
10  12.0  1.20584e-05
10  11.5  1.5731e-05
12  4.0  0.00474626
12  4.5  0.00264721
12  5.0  0.00160367
12  6.5  0.000408526
12  5.5  0.000963125
12  6.0  0.000612103
12  7.5  0.0001841
12  7.0  0.000274142
12  8.0  0.000129502
12  8.5  9.3419e-05
12  9.0  6.57675e-05
12  9.5  4.82217e-05
14  0.2  0.540856
12  10.0  3.48566e-05
14  0.3  0.787883
14  0.4  0.98071
14  0.5  1.08534
12  10.5  2.66171e-05
14  0.6  1.07621
14  0.7  1.02012
14  0.8  0.90714
14  0.9  0.787255
14  1.0  0.663759
14  1.1  0.554124
12  11.0  2.0619e-05
14  1.2  0.460314
14  1.3  0.372559
14  1.4  0.308224
14  1.5  0.251435
14  1.6  0.206533
14  1.8  0.138665
14  1.7  0.168625
14  2.0  0.0949231
14  1.9  0.114291
14  2.5  0.0389389
14  3.0  0.0174719
14  3.5  0.00873763
12  11.5  1.52762e-05
12  12.0  1.18407e-05
14  4.5  0.00262595
14  4.0  0.00454059
14  5.0  0.00151674
14  5.5  0.000921135
14  6.5  0.000385053
14  6.0  0.000605108
14  7.5  0.000182053
14  7.0  0.000264798
14  8.0  0.000123336
14  8.5  8.99397e-05
14  9.0  6.52464e-05
14  9.5  4.76911e-05
14  10.0  3.3946e-05
14  10.5  2.58989e-05
16  0.2  0.535914
16  0.3  0.781743
16  0.4  0.959728
16  0.5  1.06252
16  0.6  1.07886
16  0.7  0.997099
16  0.8  0.879652
16  0.9  0.765395
16  1.0  0.645519
16  1.1  0.53313
16  1.2  0.441727
14  11.0  1.99167e-05
16  1.3  0.363122
16  1.4  0.297831
16  1.5  0.244715
16  1.6  0.197425
16  1.7  0.162728
16  1.9  0.109655
16  1.8  0.134258
16  2.0  0.0913654
16  2.5  0.0376274
16  3.0  0.0170606
16  3.5  0.00848376
14  11.5  1.53028e-05
14  12.0  1.18659e-05
16  5.0  0.00146443
16  4.0  0.00446004
16  4.5  0.00247433
16  5.5  0.000908191
16  6.5  0.000368895
16  6.0  0.000569795
16  7.5  0.000173798
16  7.0  0.000248334
16  8.0  0.0001209
16  8.5  8.4824e-05
16  9.0  6.10743e-05
16  10.5  2.46299e-05
16  9.5  4.60834e-05
16  10.0  3.31742e-05
18  0.2  0.523861
18  0.3  0.771858
18  0.4  0.95546
18  0.5  1.05201
18  0.6  1.03963
18  0.7  0.970673
18  0.8  0.856938
18  0.9  0.738474
18  1.0  0.616338
18  1.1  0.517195
18  1.2  0.428884
18  1.3  0.34979
16  11.0  1.88678e-05
18  1.5  0.232627
18  1.4  0.288498
18  1.6  0.190051
18  1.8  0.127824
18  1.7  0.157575
18  1.9  0.105494
18  2.5  0.0361811
18  2.0  0.0876607
18  3.0  0.0163857
18  3.5  0.0081137
16  11.5  1.4319e-05
16  12.0  1.12255e-05
18  4.0  0.00428604
18  5.0  0.00139865
18  4.5  0.00237225
18  5.5  0.000857915
18  6.0  0.000538572
18  8.0  0.000113618
18  7.0  0.000238169
18  6.5  0.000364478
18  7.5  0.000160499
18  8.5  8.07672e-05
18  9.0  5.86325e-05
18  9.5  4.28795e-05
18  10.0  3.12062e-05
18  11.5  1.36887e-05
2  0.2  0.559573
2  0.3  0.802799
2  0.4  1.02306
2  0.5  1.11593
2  0.6  1.14748
2  0.7  1.07187
2  0.8  0.968528
2  0.9  0.832442
18  10.5  2.38445e-05
2  1.0  0.714943
2  1.1  0.606885
2  1.3  0.405609
2  1.2  0.496651
2  1.4  0.332674
2  1.5  0.275634
2  1.6  0.223771
2  1.7  0.185637
18  11.0  1.77934e-05
2  1.8  0.151647
2  1.9  0.125047
2  2.0  0.103768
2  2.5  0.0427823
2  3.0  0.0195875
2  3.5  0.00966539
18  12.0  1.06735e-05
2  4.0  0.00511853
2  4.5  0.00284889
2  5.0  0.00166544
2  5.5  0.00104346
2  6.5  0.000438893
2  6.0  0.00065681
2  7.0  0.000290827
2  7.5  0.000197604
2  8.0  0.000137435
2  8.5  0.000100353
2  9.0  7.24492e-05
2  9.5  5.12201e-05
2  10.0  3.79535e-05
20  0.2  0.522461
2  11.5  1.69029e-05
20  0.3  0.749814
20  0.4  0.94473
20  0.5  1.02658
2  10.5  2.92968e-05
20  0.6  1.01853
20  0.7  0.939139
20  0.8  0.835214
20  0.9  0.706444
20  1.0  0.598422
20  1.1  0.494432
20  1.2  0.400769
20  1.4  0.270517
20  1.3  0.333117
2  11.0  2.20474e-05
20  1.5  0.223039
20  1.6  0.181781
20  1.7  0.148328
20  1.8  0.121189
20  2.0  0.0842533
20  1.9  0.100203
20  2.5  0.0342036
20  3.0  0.0156546
20  3.5  0.00769177
2  12.0  1.31112e-05
20  4.0  0.00399488
20  5.0  0.00131251
20  4.5  0.00224792
20  5.5  0.000819092
20  6.0  0.000527604
20  7.5  0.000153858
20  6.5  0.00033385
20  8.0  0.000110226
20  7.0  0.000230287
20  8.5  7.69442e-05
20  9.0  5.56554e-05
20  9.5  4.03964e-05
22  0.2  0.511719
20  10.0  2.99107e-05
22  0.3  0.737508
22  0.4  0.911814
22  0.5  0.993322
22  0.6  0.969372
22  0.7  0.893983
20  10.5  2.29467e-05
22  0.8  0.789902
22  0.9  0.675034
22  1.0  0.566979
22  1.1  0.464898
22  1.3  0.315969
22  1.2  0.384212
22  1.4  0.254236
22  1.5  0.209366
22  1.6  0.167883
22  1.7  0.13976
22  1.8  0.113948
22  1.9  0.0935564
20  11.0  1.6885e-05
22  2.0  0.077014
22  3.0  0.0145395
22  2.5  0.0324795
22  3.5  0.00714878
20  11.5  1.29429e-05
20  12.0  1.02944e-05
22  5.5  0.000761489
22  4.0  0.00373051
22  4.5  0.00209461
22  5.0  0.00123999
22  6.0  0.000482431
22  7.5  0.000143033
22  6.5  0.000310551
22  7.0  0.000208502
22  8.0  0.000100277
22  8.5  6.99365e-05
22  9.0  5.26104e-05
22  9.5  3.78249e-05
22  10.0  2.77531e-05
24  0.2  0.496254
24  0.3  0.723464
24  0.4  0.880271
24  0.5  0.95787
24  0.6  0.932124
24  0.7  0.844449
24  0.8  0.745569
22  10.5  2.10035e-05
24  0.9  0.627833
24  1.0  0.52413
24  1.1  0.434756
24  1.2  0.350346
24  1.3  0.287381
24  1.4  0.235296
24  1.5  0.191765
24  1.6  0.156284
24  1.7  0.127457
22  11.0  1.61786e-05
24  1.8  0.103374
24  1.9  0.0857566
24  2.0  0.0706959
24  2.5  0.028875
24  3.0  0.013217
24  3.5  0.00645912
22  11.5  1.24086e-05
22  12.0  9.27788e-06
24  5.0  0.00113018
24  4.0  0.00339478
24  4.5  0.00189028
24  5.5  0.000701922
24  6.0  0.000435787
24  7.0  0.000189101
24  6.5  0.000290484
24  7.5  0.000129942
24  8.0  9.05766e-05
24  8.5  6.48412e-05
24  9.0  4.76747e-05
24  9.5  3.41168e-05
24  10.0  2.51e-05
26  0.2  0.479951
26  0.3  0.690922
24  10.5  1.89496e-05
26  0.4  0.839175
26  0.5  0.892477
26  0.6  0.86259
26  0.7  0.778399
26  0.8  0.677171
26  0.9  0.574801
26  1.0  0.476775
26  1.1  0.390098
26  1.2  0.31915
24  11.0  1.46822e-05
26  1.3  0.260153
24  12.0  8.44137e-06
26  1.4  0.210627
26  1.5  0.170436
26  1.6  0.137129
26  1.8  0.093659
26  1.7  0.111293
26  1.9  0.076448
26  2.0  0.0626219
24  11.5  1.09078e-05
26  2.5  0.0255146
26  3.0  0.0116074
26  3.5  0.0056428
26  4.0  0.0029935
26  5.0  0.00100711
26  4.5  0.00167767
26  5.5  0.000586066
26  6.0  0.000391354
26  7.5  0.000117019
26  8.0  8.18643e-05
26  6.5  0.000249524
26  7.0  0.000167979
26  8.5  5.7651e-05
26  9.0  4.1868e-05
26  9.5  2.9736e-05
26  10.0  2.21018e-05
28  0.2  0.453437
28  0.3  0.655623
28  0.4  0.772971
28  0.5  0.810095
28  0.6  0.763833
26  10.5  1.66229e-05
28  0.7  0.68521
28  0.8  0.592112
28  0.9  0.499785
28  1.0  0.408465
28  1.1  0.336703
28  1.2  0.273732
28  1.3  0.22181
28  1.4  0.178294
28  1.5  0.14565
28  1.6  0.117393
26  11.0  1.26058e-05
26  12.0  7.6071e-06
28  1.7  0.0957492
28  1.8  0.0783979
28  1.9  0.0633462
28  2.0  0.0532398
28  3.0  0.00970172
28  2.5  0.0215177
28  3.5  0.00484174
26  11.5  9.39674e-06
28  5.5  0.000517949
28  4.0  0.00255727
28  4.5  0.00140429
28  5.0  0.000819721
28  6.0  0.00033001
28  6.5  0.000210173
28  7.0  0.000140514
28  7.5  9.58339e-05
28  8.0  6.88325e-05
28  8.5  4.68873e-05
28  9.0  3.43419e-05
28  9.5  2.5035e-05
28  10.0  1.84028e-05
30  0.2  0.422512
30  0.3  0.599851
30  0.4  0.69091
28  10.5  1.38967e-05
30  0.5  0.70478
30  0.6  0.650359
30  0.7  0.576601
30  0.8  0.486626
30  0.9  0.406884
30  1.0  0.334955
30  1.1  0.268866
28  12.0  6.39986e-06
30  1.2  0.219056
28  11.0  1.0455e-05
30  1.3  0.175037
30  1.4  0.14222
30  1.5  0.114159
30  1.6  0.093611
30  1.7  0.076032
30  1.8  0.0617822
28  11.5  7.9794e-06
30  1.9  0.0510937
30  2.0  0.0422014
30  2.5  0.017204
30  3.0  0.00766527
30  3.5  0.00386729
30  5.0  0.000649202
30  4.0  0.00201227
30  4.5  0.00111824
30  5.5  0.000404856
30  6.0  0.000252093
30  7.0  0.000108844
30  6.5  0.000166537
30  7.5  7.59328e-05
30  8.0  5.39451e-05
30  8.5  3.79983e-05
30  9.0  2.73401e-05
30  9.5  1.93353e-05
30  10.0  1.4477e-05
32  0.2  0.374238
32  0.3  0.515231
30  10.5  1.07978e-05
32  0.4  0.566182
32  0.5  0.563052
32  0.6  0.504463
32  0.7  0.43799
32  0.8  0.370867
32  0.9  0.304947
30  11.0  8.13322e-06
32  1.0  0.246717
32  1.1  0.197506
32  1.2  0.159877
32  1.3  0.128862
32  1.4  0.102645
32  1.5  0.0845463
32  1.6  0.0680786
32  1.8  0.0444337
32  1.7  0.0552899
30  11.5  6.32746e-06
32  1.9  0.0367522
32  2.0  0.0300765
32  2.5  0.0122446
32  3.5  0.00270081
32  3.0  0.00550259
30  12.0  4.80602e-06
32  4.0  0.00141433
32  4.5  0.000790313
32  5.0  0.000458719
32  5.5  0.000290544
32  7.0  8.04455e-05
32  6.0  0.000178776
32  6.5  0.000117967
32  7.5  5.3997e-05
32  8.0  3.75043e-05
32  8.5  2.67983e-05
32  9.0  1.90883e-05
32  9.5  1.39471e-05
32  10.5  7.78962e-06
34  0.2  0.314112
32  10.0  1.04372e-05
34  0.3  0.404235
34  0.4  0.421185
34  0.5  0.398686
34  0.6  0.35452
34  0.7  0.302804
34  0.8  0.250892
34  0.9  0.20038
34  1.0  0.163303
34  1.1  0.130986
34  1.2  0.105941
34  1.3  0.0849288
32  11.0  5.90496e-06
34  1.4  0.0676935
34  1.5  0.0544445
34  1.6  0.0437261
34  1.7  0.0357897
34  1.8  0.0289975
34  1.9  0.0239858
34  2.0  0.0196843
34  2.5  0.00785189
34  3.0  0.00354239
34  3.5  0.00174377
32  11.5  4.53485e-06
32  12.0  3.44578e-06
34  4.5  0.000508548
34  5.0  0.000295865
34  4.0  0.000922483
34  5.5  0.000182766
34  7.5  3.42626e-05
34  6.0  0.000114771
34  6.5  7.59325e-05
34  7.0  5.00309e-05
34  8.0  2.56346e-05
34  8.5  1.69327e-05
34  9.0  1.24771e-05
34  9.5  8.9934e-06
34  11.0  3.7616e-06
34  10.0  6.82194e-06
4  0.2  0.557019
4  0.3  0.813843
4  0.4  1.01172
4  0.5  1.11919
4  0.6  1.14458
4  0.7  1.07546
34  10.5  5.02001e-06
4  0.8  0.960307
4  0.9  0.837869
4  1.0  0.718596
4  1.1  0.58803
4  1.2  0.489173
4  1.3  0.407772
4  1.4  0.333781
4  1.5  0.269888
4  1.6  0.223889
4  1.7  0.187247
4  1.9  0.124124
4  1.8  0.151106
4  2.0  0.102423
4  3.0  0.0195515
4  2.5  0.0426063
4  3.5  0.00956011
34  11.5  2.89126e-06
34  12.0  2.22212e-06
4  4.0  0.00507264
4  4.5  0.00287022
4  5.0  0.00166038
4  6.5  0.000422787
4  5.5  0.00102465
4  6.0  0.000664748
4  7.0  0.000284738
4  7.5  0.000194988
4  8.0  0.000136119
4  8.5  9.95835e-05
4  9.0  7.01778e-05
4  9.5  5.2568e-05
4  10.0  3.89558e-05
6  0.2  0.553918
4  11.5  1.6587e-05
6  0.3  0.811483
4  10.5  2.91948e-05
6  0.4  1.01871
6  0.5  1.1312
6  0.6  1.10784
6  0.7  1.05844
6  0.8  0.954282
6  0.9  0.829773
6  1.0  0.709852
6  1.1  0.591619
6  1.2  0.484873
6  1.3  0.401295
6  1.4  0.332968
6  1.5  0.27429
6  1.6  0.222887
6  1.7  0.180867
6  1.8  0.14934
6  1.9  0.124836
6  2.0  0.102722
4  11.0  2.14117e-05
6  2.5  0.0423622
6  3.0  0.0192606
6  3.5  0.00960163
4  12.0  1.27001e-05
6  4.0  0.00513541
6  4.5  0.00284912
6  5.0  0.00165938
6  6.5  0.000423522
6  5.5  0.0010049
6  6.0  0.00064112
6  7.0  0.000280883
6  7.5  0.000191875
6  8.0  0.000137696
6  9.0  7.08598e-05
6  8.5  9.55984e-05
6  9.5  5.20738e-05
6  10.0  3.8502e-05
8  0.2  0.554085
8  0.3  0.796613
8  0.4  1.00994
8  0.5  1.11975
6  10.5  2.77577e-05
8  0.6  1.13384
8  0.7  1.05082
8  0.8  0.95132
8  0.9  0.824387
8  1.0  0.69894
8  1.1  0.581749
8  1.2  0.487334
8  1.3  0.398196
8  1.4  0.32715
8  1.5  0.266791
8  1.6  0.217663
8  1.7  0.176352
8  1.8  0.147897
8  1.9  0.12259
8  2.0  0.101885
6  11.0  2.1343e-05
8  2.5  0.0417267
8  3.0  0.0190442
8  3.5  0.0094614
6  11.5  1.67551e-05
8  4.0  0.00496258
6  12.0  1.25145e-05
8  4.5  0.00281132
8  5.0  0.00163847
8  6.5  0.000414667
8  5.5  0.00100026
8  6.0  0.000635498
8  7.0  0.000274916
8  7.5  0.0001898
8  8.0  0.000136844
8  8.5  9.53253e-05
8  10.0  3.79473e-05
8  9.0  6.76155e-05
8  9.5  5.0453e-05
8  10.5  2.8563e-05
8  11.0  2.11357e-05
8  12.0  1.22948e-05
8  11.5  1.64327e-05
