# exclusive D0 cross section, Pb target, HymnD fragmentation, An0n channel
# generated      : 2026-08-20 11:02:20 EEST
# calls          : 1e5 below 4.0 GeV, 2e3 above (see EXCL_PT_THRESHOLD) (VEGAS calls per point, see CALLS_EXCL/CALLS_EXCL_FACTORIZED/CALLS_DIFF)
# dipole samples : data/Pb/bk_posterior/member_0036/glauber_mve_<b>
# pD0 sweep      : 0.2 0.3 0.4 0.5 0.6 0.7 0.8 0.9 1.0 1.1 1.2 1.3 1.4 1.5 1.6 1.7 1.8 1.9 2.0 2.5 3.0 3.5 4.0 4.5 5.0 5.5 6.0 6.5 7.0 7.5 8.0 8.5 9.0 9.5 10.0 10.5 11.0 11.5 12.0
# fixed rapidity y : 2.0
# ============================================================
# b  pD0  dsigma_dyd2pD0
0  0.2  1.74155
0  0.4  1.08813
0  0.3  1.40313
0  0.5  0.818247
0  0.7  0.435338
0  0.8  0.311904
0  0.9  0.222014
0  0.6  0.601324
0  1.1  0.112186
0  1.0  0.157937
0  1.5  0.0298948
0  1.2  0.0800678
0  1.3  0.0570754
0  1.7  0.0157466
0  1.4  0.0408916
0  1.6  0.0212547
0  1.8  0.0112341
0  1.9  0.00829932
0  2.5  0.00146456
0  2.0  0.00610954
0  3.0  0.00040714
0  3.5  0.000116672
0  5.0  4.56164e-06
0  4.0  3.57264e-05
0  4.5  1.23216e-05
0  5.5  1.78713e-06
0  6.0  7.40232e-07
0  6.5  3.21243e-07
0  7.0  1.45489e-07
0  7.5  6.83168e-08
0  8.0  3.32701e-08
0  8.5  1.66908e-08
0  9.0  8.6036e-09
0  9.5  4.55042e-09
0  10.0  2.47243e-09
0  11.0  7.72289e-10
10  0.2  1.66651
10  0.3  1.33979
10  0.4  1.03714
0  12.0  2.59603e-10
10  0.5  0.778812
10  0.6  0.570767
10  0.7  0.412739
10  0.8  0.295163
10  0.9  0.209707
0  10.5  1.36121e-09
10  1.0  0.14843
10  1.1  0.105514
10  1.2  0.0751843
10  1.3  0.0536866
10  1.4  0.038413
10  1.5  0.0275644
10  1.6  0.0199813
10  1.8  0.0107946
10  1.7  0.014357
10  2.0  0.00572748
10  1.9  0.00775326
10  2.5  0.00137864
10  3.0  0.000348784
10  3.5  9.88534e-05
0  11.5  4.41435e-10
10  5.0  4.18694e-06
10  4.0  3.28755e-05
10  4.5  1.1318e-05
10  6.0  6.8287e-07
10  5.5  1.63717e-06
10  6.5  2.93971e-07
10  7.0  1.33018e-07
10  8.5  1.53605e-08
10  7.5  6.25533e-08
10  8.0  3.0385e-08
10  9.0  7.84932e-09
10  9.5  4.18426e-09
10  11.0  7.03611e-10
12  0.2  1.63046
10  10.0  2.24427e-09
12  0.3  1.31032
12  0.4  1.01407
12  0.5  0.760106
12  0.6  0.557556
12  0.7  0.402138
12  0.8  0.287375
10  12.0  2.3658e-10
12  0.9  0.204048
12  1.0  0.14433
12  1.1  0.102674
10  10.5  1.24021e-09
12  1.2  0.0730592
12  1.3  0.0519595
12  1.4  0.0372491
12  1.5  0.0268274
12  1.6  0.0195851
12  1.7  0.0139118
12  1.8  0.0101674
12  1.9  0.00745945
12  2.0  0.0055985
12  2.5  0.00133007
12  3.0  0.000354318
12  3.5  0.000102475
10  11.5  4.01839e-10
12  4.5  1.08874e-05
12  5.0  4.02021e-06
12  6.0  6.54573e-07
12  4.0  3.1611e-05
12  5.5  1.57065e-06
12  8.5  1.47333e-08
12  6.5  2.82061e-07
12  7.0  1.27484e-07
12  7.5  5.99267e-08
12  8.0  2.90984e-08
12  9.0  7.51384e-09
12  9.5  3.96784e-09
12  11.0  6.72067e-10
14  0.2  1.58677
14  0.3  1.27365
12  10.0  2.14573e-09
14  0.4  0.984839
14  0.5  0.738016
14  0.6  0.540396
12  10.5  1.18597e-09
14  0.7  0.389619
14  0.8  0.278038
14  0.9  0.196879
14  1.0  0.139352
14  1.1  0.098882
14  1.2  0.0701107
14  1.3  0.0500901
14  1.4  0.0357159
14  1.5  0.0256149
14  1.6  0.0185467
14  1.8  0.0100705
14  1.9  0.00732875
14  1.7  0.0133547
14  2.5  0.00115645
14  2.0  0.00528608
12  12.0  2.25026e-10
14  3.0  0.000326673
14  3.5  8.99113e-05
12  11.5  3.8418e-10
14  4.5  1.03539e-05
14  4.0  3.00756e-05
14  6.0  6.20877e-07
14  5.0  3.80227e-06
14  5.5  1.49154e-06
14  6.5  2.67298e-07
14  7.0  1.20877e-07
14  7.5  5.67771e-08
14  9.0  7.17764e-09
14  8.0  2.75808e-08
14  8.5  1.38095e-08
14  9.5  3.75889e-09
14  10.0  2.03052e-09
16  0.2  1.53419
14  10.5  1.12309e-09
16  0.3  1.23022
16  0.4  0.949727
16  0.5  0.711051
16  0.6  0.519778
16  0.7  0.374251
16  0.8  0.266507
16  0.9  0.188502
16  1.0  0.133245
16  1.2  0.0673327
16  1.1  0.094551
16  1.3  0.0477887
14  11.0  6.32393e-10
16  1.4  0.0340922
16  1.6  0.0179109
16  1.5  0.0243771
16  1.7  0.0130473
16  1.9  0.00680222
16  1.8  0.00929958
16  2.5  0.00112503
16  2.0  0.00511399
14  12.0  2.12653e-10
16  3.0  0.000288059
16  3.5  9.03873e-05
14  11.5  3.6317e-10
16  5.0  3.58521e-06
16  4.0  2.82924e-05
16  4.5  9.74684e-06
16  6.0  5.81787e-07
16  5.5  1.4007e-06
16  8.0  2.59317e-08
16  6.5  2.49761e-07
16  7.0  1.13103e-07
16  7.5  5.30675e-08
16  8.5  1.29112e-08
16  9.0  6.64838e-09
16  9.5  3.50875e-09
16  10.0  1.89667e-09
18  0.2  1.47037
18  0.3  1.17896
18  0.4  0.908359
18  0.5  0.678815
18  0.6  0.495707
18  0.7  0.355914
18  0.8  0.253314
16  10.5  1.04814e-09
18  0.9  0.179341
18  1.0  0.126553
18  1.1  0.0893286
18  1.2  0.0633017
18  1.4  0.0321153
18  1.3  0.0450346
18  1.5  0.0230063
16  11.0  5.90176e-10
18  1.7  0.0118734
18  1.6  0.0165407
18  1.8  0.00885619
18  1.9  0.00636636
18  2.0  0.00469934
18  2.5  0.00104333
18  3.0  0.000307848
18  3.5  7.71933e-05
16  11.5  3.38655e-10
16  12.0  1.97629e-10
18  5.0  3.31407e-06
18  4.0  2.62428e-05
18  4.5  8.9916e-06
18  6.0  5.37465e-07
18  5.5  1.29337e-06
18  8.0  2.38548e-08
18  6.5  2.30468e-07
18  7.0  1.04177e-07
18  7.5  4.87846e-08
18  9.0  6.16958e-09
18  8.5  1.18647e-08
18  10.0  1.74861e-09
18  9.5  3.21979e-09
2  0.2  1.73897
2  0.3  1.40071
2  0.4  1.08618
2  0.5  0.816442
2  0.6  0.600128
2  0.7  0.434559
2  0.8  0.310845
2  0.9  0.222577
2  1.1  0.111884
2  1.0  0.157744
2  1.2  0.0799309
2  1.3  0.0570615
18  10.5  9.59806e-10
2  1.4  0.0408553
2  1.5  0.0298148
2  1.6  0.0212005
2  1.7  0.0157096
2  1.8  0.0112046
18  11.0  5.41302e-10
2  1.9  0.00828275
2  2.0  0.00607786
2  2.5  0.0014564
2  3.0  0.000410362
2  3.5  0.000107766
18  11.5  3.10506e-10
18  12.0  1.81126e-10
2  5.0  4.54676e-06
2  4.0  3.5614e-05
2  4.5  1.22846e-05
2  5.5  1.78126e-06
2  6.0  7.37298e-07
2  6.5  3.20158e-07
2  7.0  1.44992e-07
2  7.5  6.80836e-08
2  8.0  3.29657e-08
2  8.5  1.66336e-08
2  9.0  8.51162e-09
2  9.5  4.53436e-09
2  10.0  2.46369e-09
2  11.0  7.69605e-10
20  0.2  1.39464
20  0.3  1.11565
20  0.4  0.858289
20  0.5  0.640125
20  0.6  0.466146
20  0.7  0.33419
20  0.8  0.237127
20  0.9  0.167504
2  12.0  2.58695e-10
2  10.5  1.35662e-09
20  1.0  0.11814
20  1.1  0.0832208
20  1.3  0.0420185
20  1.2  0.0588904
20  1.4  0.0297269
20  1.5  0.0212434
20  1.6  0.0152491
20  1.7  0.0111529
20  1.8  0.00799801
20  1.9  0.00590401
20  2.5  0.000940322
20  2.0  0.00430127
20  3.5  6.42123e-05
20  3.0  0.000271174
2  11.5  4.39863e-10
20  4.0  2.38374e-05
20  4.5  8.13278e-06
20  5.0  2.99659e-06
20  5.5  1.16999e-06
20  6.0  4.82088e-07
20  6.5  2.07816e-07
20  7.0  9.40024e-08
20  8.5  1.07049e-08
20  7.5  4.40196e-08
20  9.0  5.5513e-09
20  8.0  2.13533e-08
20  9.5  2.89911e-09
22  0.2  1.30275
20  10.0  1.56593e-09
22  0.3  1.03993
22  0.4  0.798015
22  0.5  0.593435
22  0.6  0.431162
22  0.7  0.30779
20  10.5  8.62016e-10
22  0.8  0.218437
22  0.9  0.153791
22  1.0  0.108106
22  1.1  0.0759985
22  1.2  0.0536461
22  1.4  0.0271867
22  1.3  0.0379767
22  1.6  0.0139834
22  1.5  0.0192677
22  1.7  0.0102169
22  1.8  0.00735619
22  2.0  0.00394655
22  1.9  0.00529287
22  2.5  0.000857561
20  11.0  4.8611e-10
22  3.0  0.000244791
22  3.5  6.67807e-05
20  11.5  2.78319e-10
20  12.0  1.6246e-10
22  4.0  2.1115e-05
22  4.5  7.20945e-06
22  6.0  4.26379e-07
22  5.0  2.64251e-06
22  5.5  1.03005e-06
22  6.5  1.83207e-07
22  7.0  8.24827e-08
22  7.5  3.86438e-08
22  8.0  1.8702e-08
22  9.0  4.82381e-09
22  8.5  9.33519e-09
22  9.5  2.54139e-09
24  0.2  1.19024
22  10.0  1.36176e-09
24  0.3  0.94755
24  0.4  0.725881
24  0.5  0.53766
24  0.6  0.389101
24  0.7  0.276983
24  0.8  0.195422
24  0.9  0.136959
24  1.0  0.0961654
24  1.1  0.0675188
24  1.2  0.047452
22  10.5  7.56497e-10
24  1.3  0.0336395
24  1.4  0.023744
24  1.5  0.01724
24  1.6  0.0123803
24  1.7  0.00886567
24  1.8  0.00644223
24  1.9  0.00466777
22  11.0  4.23547e-10
24  2.5  0.00079336
24  2.0  0.00337817
24  3.0  0.000211695
24  3.5  5.46413e-05
22  11.5  2.43024e-10
22  12.0  1.41496e-10
24  5.0  2.25761e-06
24  4.0  1.80262e-05
24  4.5  6.14357e-06
24  5.5  8.7331e-07
24  6.0  3.59083e-07
24  6.5  1.54979e-07
24  7.0  6.96035e-08
24  7.5  3.25156e-08
24  9.0  4.07194e-09
24  8.0  1.57298e-08
24  8.5  7.84165e-09
24  9.5  2.12332e-09
24  10.5  6.33447e-10
24  10.0  1.14613e-09
26  0.2  1.05339
26  0.3  0.835333
26  0.4  0.637048
26  0.5  0.469793
26  0.6  0.338681
26  0.7  0.239931
26  0.8  0.168338
26  0.9  0.117821
26  1.0  0.082343
26  1.1  0.0574175
26  1.2  0.0403019
26  1.3  0.0284476
24  11.0  3.54296e-10
26  1.4  0.0200574
26  1.5  0.01426
26  1.6  0.0103105
26  1.7  0.00751393
26  1.9  0.00392048
26  1.8  0.00526831
26  2.0  0.00287412
26  3.0  0.000169354
26  2.5  0.000639363
26  3.5  4.46264e-05
24  11.5  2.03187e-10
24  12.0  1.18226e-10
26  5.0  1.80991e-06
26  4.0  1.45991e-05
26  4.5  4.95262e-06
26  5.5  7.02247e-07
26  6.0  2.88675e-07
26  6.5  1.23562e-07
26  8.0  1.26047e-08
26  7.0  5.54787e-08
26  7.5  2.5866e-08
26  9.0  3.21749e-09
26  8.5  6.22156e-09
26  9.5  1.68444e-09
26  10.5  4.96711e-10
28  0.2  0.887413
26  10.0  9.06583e-10
28  0.3  0.700722
28  0.4  0.531432
28  0.5  0.389776
28  0.6  0.278922
28  0.7  0.196459
28  0.8  0.137128
28  0.9  0.0951076
28  1.0  0.0661457
28  1.1  0.0460087
26  11.5  1.60296e-10
28  1.2  0.0321485
28  1.3  0.0226256
28  1.4  0.0158395
28  1.5  0.0112105
28  1.6  0.0082243
28  1.7  0.005893
26  11.0  2.7915e-10
28  1.8  0.00410754
28  2.0  0.00218434
28  1.9  0.00296484
28  2.5  0.000502798
28  3.0  0.000127234
28  3.5  3.44816e-05
26  12.0  9.29382e-11
28  4.0  1.09461e-05
28  5.0  1.3419e-06
28  4.5  3.68948e-06
28  5.5  5.18686e-07
28  6.0  2.11793e-07
28  6.5  9.05041e-08
28  7.0  4.06071e-08
28  7.5  1.88952e-08
28  8.0  9.10086e-09
28  8.5  4.52527e-09
28  9.0  2.31721e-09
28  9.5  1.21541e-09
30  0.2  0.695969
28  10.0  6.53631e-10
30  0.3  0.546069
30  0.4  0.410795
30  0.5  0.29873
28  10.5  3.58906e-10
30  0.6  0.212028
30  0.7  0.14815
30  0.8  0.102693
30  0.9  0.0708432
30  1.0  0.0487553
30  1.1  0.0336963
30  1.2  0.0233733
30  1.3  0.0163031
30  1.5  0.00820482
30  1.4  0.011426
28  11.0  2.01215e-10
30  1.6  0.00566399
30  1.7  0.00412049
28  11.5  1.14911e-10
30  1.8  0.00288997
30  2.0  0.00153178
30  1.9  0.00211068
30  2.5  0.000322215
30  3.0  8.96001e-05
30  3.5  2.29938e-05
28  12.0  6.67931e-11
30  4.5  2.45462e-06
30  5.0  8.85135e-07
30  4.0  7.30865e-06
30  5.5  3.4047e-07
30  6.0  1.38417e-07
30  6.5  5.90709e-08
30  7.0  2.63232e-08
30  7.5  1.22158e-08
30  8.0  5.86071e-09
30  8.5  2.90931e-09
30  10.0  4.19018e-10
30  9.0  1.48441e-09
30  9.5  7.76769e-10
32  0.2  0.494713
32  0.3  0.38493
32  0.4  0.286584
30  10.5  2.28369e-10
32  0.5  0.20621
32  0.6  0.144619
32  0.7  0.100017
30  11.0  1.27526e-10
32  0.8  0.0685875
32  0.9  0.0468031
32  1.0  0.0319322
32  1.1  0.0219062
32  1.2  0.0150405
32  1.4  0.00729937
32  1.3  0.0104494
32  1.5  0.00515929
32  1.6  0.00354906
32  1.8  0.00182582
32  1.7  0.00251049
30  11.5  7.2778e-11
32  1.9  0.00128448
32  2.0  0.000945749
32  3.0  4.85482e-05
32  2.5  0.000200456
32  3.5  1.54121e-05
30  12.0  4.21957e-11
32  4.5  1.40578e-06
32  6.0  7.77288e-08
32  4.0  4.23125e-06
32  5.5  1.91989e-07
32  5.0  5.02523e-07
32  6.5  3.28215e-08
32  7.0  1.4556e-08
32  7.5  6.71862e-09
32  8.0  3.214e-09
32  8.5  1.56482e-09
32  9.5  4.22277e-10
32  9.0  8.07119e-10
34  0.2  0.314515
32  10.0  2.24746e-10
34  0.3  0.242133
34  0.4  0.178101
34  0.5  0.126376
34  0.6  0.0874877
34  0.7  0.0596168
34  0.8  0.0403593
34  0.9  0.0271831
32  10.5  1.22785e-10
34  1.0  0.0183942
34  1.1  0.0124949
34  1.2  0.00854848
34  1.3  0.00585875
34  1.4  0.00402164
34  1.5  0.00285421
34  1.6  0.00194016
34  1.7  0.00140838
34  1.8  0.000971629
32  11.0  6.83839e-11
34  1.9  0.000697041
34  2.0  0.000503093
34  2.5  9.65426e-05
34  3.0  2.67337e-05
34  3.5  7.46516e-06
32  11.5  3.8893e-11
32  12.0  2.24697e-11
34  5.0  2.42191e-07
34  4.5  6.82103e-07
34  4.0  2.07912e-06
34  5.5  9.12128e-08
34  6.0  3.64152e-08
34  6.5  1.53373e-08
34  7.0  6.7474e-09
34  7.5  3.09101e-09
34  8.0  1.4686e-09
34  8.5  7.21855e-10
34  9.0  3.65321e-10
34  9.5  1.89511e-10
34  10.0  1.00689e-10
4  0.2  1.73027
4  0.3  1.39327
4  0.4  1.08012
4  0.5  0.812187
4  0.6  0.597012
4  0.7  0.431888
34  10.5  5.47611e-11
4  0.8  0.309119
4  0.9  0.2203
4  1.1  0.111461
4  1.0  0.156347
4  1.2  0.0791636
4  1.3  0.0565043
4  1.4  0.0405564
4  1.5  0.0296323
34  11.0  3.03747e-11
4  1.6  0.0210746
4  1.7  0.0152455
4  1.8  0.0113788
4  1.9  0.00818104
4  2.0  0.00605527
4  2.5  0.00147797
4  3.0  0.000345592
4  3.5  0.000115222
34  11.5  1.72655e-11
34  12.0  9.89803e-12
4  5.0  4.50204e-06
4  4.0  3.52241e-05
4  4.5  1.21711e-05
4  5.5  1.76359e-06
4  6.0  7.30357e-07
4  6.5  3.16863e-07
4  7.0  1.43476e-07
4  7.5  6.73832e-08
4  8.0  3.28163e-08
4  9.5  4.5184e-09
4  8.5  1.64616e-08
4  9.0  8.48375e-09
4  10.0  2.43816e-09
4  11.0  7.61466e-10
6  0.2  1.71556
6  0.3  1.37993
6  0.4  1.06953
6  0.5  0.804506
6  0.6  0.590979
4  12.0  2.55945e-10
6  0.7  0.427588
6  0.8  0.305759
6  0.9  0.217763
6  1.0  0.154529
6  1.1  0.110139
6  1.2  0.0785071
4  10.5  1.34114e-09
6  1.3  0.0558311
6  1.4  0.0400385
6  1.5  0.0292672
6  1.6  0.0207491
6  1.7  0.0153898
6  1.8  0.0109737
6  1.9  0.00811903
6  2.0  0.00591449
6  2.5  0.00145353
6  3.0  0.000401637
6  3.5  0.000112464
4  11.5  4.35134e-10
6  5.0  4.42732e-06
6  4.0  3.4693e-05
6  4.5  1.19623e-05
6  5.5  1.73414e-06
6  6.0  7.17922e-07
6  6.5  3.11373e-07
6  7.0  1.4109e-07
6  7.5  6.6212e-08
6  8.0  3.22418e-08
6  8.5  1.61651e-08
6  10.0  2.39352e-09
6  9.0  8.33342e-09
6  9.5  4.40521e-09
6  11.0  7.47792e-10
8  0.2  1.69294
8  0.3  1.36231
8  0.4  1.05549
8  0.5  0.792939
8  0.6  0.58229
8  0.7  0.421078
8  0.8  0.301382
6  12.0  2.51402e-10
8  0.9  0.21434
8  1.0  0.151801
6  10.5  1.31817e-09
8  1.1  0.108258
8  1.2  0.0771891
8  1.3  0.0549842
8  1.4  0.0392662
8  1.5  0.0282935
8  1.6  0.0203581
8  1.7  0.0151508
8  1.8  0.0108087
8  1.9  0.00793661
8  2.0  0.00589266
8  2.5  0.00137422
8  3.0  0.000396545
8  3.5  0.000117693
6  11.5  4.27264e-10
8  5.0  4.32238e-06
8  4.0  3.39154e-05
8  4.5  1.16814e-05
8  5.5  1.69265e-06
8  6.0  7.00503e-07
8  8.0  3.14845e-08
8  6.5  3.03786e-07
8  7.0  1.37519e-07
8  7.5  6.48097e-08
8  8.5  1.57505e-08
8  9.0  8.12229e-09
8  10.0  2.33181e-09
8  9.5  4.29235e-09
8  11.0  7.28463e-10
8  12.0  2.44959e-10
8  10.5  1.28378e-09
8  11.5  4.16179e-10
