# diffractive D0 cross section, Pb target, LHAPDF fragmentation, An0n channel
# generated      : 2026-08-20 10:20:13 EEST
# calls          : 1e5 (VEGAS calls per point, see CALLS_EXCL/CALLS_EXCL_FACTORIZED/CALLS_DIFF)
# dipole samples : data/Pb/mve/glauber_mve_<b>
# pD0 sweep      : 0.2 0.3 0.4 0.5 0.6 0.7 0.8 0.9 1.0 1.1 1.2 1.3 1.4 1.5 1.6 1.7 1.8 1.9 2.0 2.5 3.0 3.5 4.0 4.5 5.0 5.5 6.0 6.5 7.0 7.5 8.0 8.5 9.0 9.5 10.0 10.5 11.0 11.5 12.0
# fixed rapidity y : 2.0
# ============================================================
# b  pD0  dsigma_dyd2pD0
0  0.2  0.306326
0  0.4  0.5465
0  0.5  0.567075
0  0.3  0.452001
0  0.6  0.530931
0  0.7  0.466539
0  0.8  0.392049
0  0.9  0.324308
0  1.0  0.254335
0  1.1  0.200721
0  1.2  0.156842
0  1.3  0.125375
0  1.5  0.0762791
0  1.4  0.0960883
0  1.6  0.0604471
0  1.7  0.0475718
0  1.8  0.0377313
0  1.9  0.0301634
0  2.0  0.0240285
0  2.5  0.00816711
0  3.0  0.00311176
0  3.5  0.001293
0  4.5  0.000285798
0  4.0  0.000601233
0  5.0  0.000150514
0  5.5  7.94033e-05
0  6.0  4.27029e-05
0  6.5  2.44255e-05
0  7.0  1.48269e-05
0  7.5  8.77573e-06
0  9.5  1.46908e-06
0  8.0  5.67954e-06
0  8.5  3.55323e-06
0  9.0  2.28555e-06
0  11.5  3.03914e-07
0  10.0  9.78688e-07
10  0.2  0.307021
10  0.3  0.449234
0  10.5  6.29178e-07
10  0.4  0.534207
10  0.5  0.552901
10  0.6  0.523212
10  0.7  0.452039
10  0.9  0.307564
10  0.8  0.379363
10  1.0  0.241976
10  1.1  0.193588
0  11.0  4.43188e-07
10  1.2  0.153053
10  1.3  0.118786
10  1.5  0.0737137
10  1.4  0.0933009
10  1.6  0.0579057
10  1.7  0.0454641
10  1.8  0.0359201
10  1.9  0.0289467
10  2.0  0.0234657
10  2.5  0.00793589
10  3.0  0.00296221
10  3.5  0.00122945
0  12.0  2.10144e-07
10  4.5  0.000279291
10  4.0  0.000570663
10  5.0  0.000136571
10  5.5  7.35994e-05
10  6.0  4.24544e-05
10  6.5  2.35256e-05
10  7.0  1.40785e-05
10  7.5  8.50949e-06
10  8.0  5.32281e-06
10  8.5  3.3133e-06
10  9.5  1.39885e-06
10  9.0  2.14745e-06
10  11.5  2.90901e-07
10  10.0  9.24678e-07
12  0.2  0.303732
12  0.3  0.449194
12  0.4  0.532629
10  10.5  6.23628e-07
12  0.5  0.550346
12  0.6  0.515019
12  0.7  0.447159
12  0.8  0.375159
12  0.9  0.301649
12  1.0  0.239356
12  1.1  0.189942
12  1.2  0.148325
12  1.3  0.117069
12  1.4  0.0920274
12  1.5  0.0692692
12  1.7  0.0443086
12  1.6  0.056839
10  11.0  4.22143e-07
12  1.8  0.0351716
12  2.0  0.0221852
12  1.9  0.0282539
12  3.0  0.00293738
12  2.5  0.00774385
12  3.5  0.00121155
10  12.0  1.99346e-07
12  4.5  0.000264948
12  4.0  0.000561833
12  5.0  0.00013654
12  5.5  7.37116e-05
12  6.0  4.11938e-05
12  6.5  2.35413e-05
12  7.0  1.38307e-05
12  7.5  8.30932e-06
12  9.5  1.36773e-06
12  8.0  5.16789e-06
12  8.5  3.26964e-06
12  9.0  2.06607e-06
12  10.0  9.04179e-07
12  11.5  2.78905e-07
14  0.2  0.298849
14  0.3  0.4449
14  0.4  0.523804
14  0.5  0.544421
14  0.6  0.502939
14  0.7  0.441031
14  0.8  0.369849
12  10.5  6.10401e-07
14  1.0  0.235155
14  0.9  0.296746
14  1.1  0.1859
14  1.2  0.147559
14  1.3  0.113986
14  1.4  0.089679
14  1.5  0.0691134
12  11.0  4.09068e-07
14  1.6  0.0549066
14  1.7  0.0436004
14  1.8  0.0348339
14  1.9  0.0273032
14  2.5  0.00751521
14  2.0  0.0215352
14  3.0  0.0028322
14  3.5  0.00118662
12  12.0  1.93534e-07
14  5.0  0.000132492
14  4.0  0.000544644
14  4.5  0.000266263
14  5.5  7.15435e-05
14  6.0  3.96787e-05
14  6.5  2.23896e-05
14  7.0  1.33689e-05
14  7.5  8.10543e-06
14  8.0  4.9867e-06
14  9.5  1.33822e-06
14  8.5  3.08991e-06
14  9.0  1.97496e-06
14  10.0  8.60059e-07
16  0.2  0.303955
16  0.3  0.437817
16  0.4  0.52175
16  0.5  0.534106
14  10.5  5.8983e-07
16  0.6  0.495391
16  0.7  0.431366
16  0.8  0.360002
16  0.9  0.28856
16  1.0  0.229343
16  1.1  0.179477
16  1.2  0.141128
14  11.0  4.01427e-07
16  1.3  0.110968
16  1.4  0.0866527
16  1.5  0.0680212
16  1.6  0.0533763
16  1.7  0.0428479
16  1.8  0.0334809
16  1.9  0.0263268
16  2.0  0.0210559
16  3.0  0.00277092
16  2.5  0.00709935
16  3.5  0.00113884
14  11.5  2.74628e-07
14  12.0  1.84846e-07
16  5.0  0.000129141
16  4.0  0.000515718
16  4.5  0.000248554
16  5.5  6.78004e-05
16  6.0  3.76978e-05
16  6.5  2.17651e-05
16  7.0  1.29701e-05
16  7.5  7.88242e-06
16  8.0  4.77489e-06
16  9.5  1.27713e-06
16  8.5  3.12733e-06
16  9.0  1.88118e-06
16  10.0  8.17183e-07
18  0.2  0.297219
18  0.3  0.435801
18  0.4  0.515218
18  0.5  0.523013
18  0.6  0.48325
18  0.7  0.413054
18  0.8  0.348411
16  10.5  5.66563e-07
18  1.0  0.221053
18  0.9  0.280325
18  1.2  0.135971
18  1.1  0.174021
18  1.3  0.106681
18  1.4  0.0852524
18  1.5  0.0654594
16  11.0  3.82451e-07
18  1.6  0.0514972
18  1.7  0.0403497
18  1.8  0.0328471
16  11.5  2.58094e-07
18  1.9  0.0256263
18  2.0  0.0192733
18  2.5  0.00687658
18  3.0  0.0026157
18  3.5  0.00110418
16  12.0  1.82626e-07
18  4.0  0.000501464
18  4.5  0.000241264
18  5.0  0.000122588
18  5.5  6.49083e-05
18  6.0  3.57055e-05
18  6.5  2.06664e-05
18  7.0  1.22609e-05
18  7.5  7.52701e-06
18  8.0  4.61035e-06
18  8.5  2.94607e-06
18  9.0  1.87117e-06
18  9.5  1.15479e-06
18  10.0  8.13463e-07
2  0.2  0.305292
2  0.3  0.454791
2  0.4  0.542297
2  0.5  0.56817
2  0.6  0.527847
2  0.7  0.467882
18  10.5  5.45153e-07
2  0.8  0.392858
2  0.9  0.317154
2  1.0  0.25369
2  1.1  0.200946
2  1.2  0.155513
18  11.5  2.49709e-07
2  1.3  0.123832
2  1.4  0.0971675
2  1.6  0.0611424
2  1.5  0.0773444
2  1.7  0.0476561
2  1.8  0.0385292
2  2.0  0.0239507
18  11.0  3.68116e-07
2  1.9  0.029784
2  2.5  0.00864755
2  3.0  0.00313643
2  3.5  0.00129999
18  12.0  1.7332e-07
2  4.5  0.00029473
2  4.0  0.000588014
2  5.0  0.00014612
2  5.5  7.90145e-05
2  6.0  4.4383e-05
2  6.5  2.40922e-05
2  7.0  1.48525e-05
2  7.5  9.0675e-06
2  9.5  1.46029e-06
2  8.0  5.54646e-06
2  8.5  3.55013e-06
2  9.0  2.26753e-06
2  10.0  9.77059e-07
2  11.5  3.02885e-07
20  0.2  0.29423
20  0.3  0.43351
20  0.4  0.508598
20  0.5  0.510997
2  10.5  6.52127e-07
20  0.6  0.462965
20  0.7  0.402606
20  0.8  0.332354
20  1.0  0.212062
20  0.9  0.26886
20  1.1  0.171301
20  1.2  0.129231
20  1.3  0.103848
2  11.0  4.46698e-07
20  1.4  0.0791734
20  1.5  0.0619868
20  1.6  0.0485972
20  1.7  0.0386467
20  1.8  0.0301746
20  1.9  0.024164
20  2.5  0.00649801
20  2.0  0.0189082
20  3.0  0.00251162
20  3.5  0.00104587
2  12.0  2.10335e-07
20  4.0  0.000473203
20  5.0  0.000115741
20  4.5  0.000230739
20  5.5  6.05978e-05
20  6.0  3.41684e-05
20  6.5  1.94574e-05
20  7.0  1.14124e-05
20  7.5  7.09178e-06
20  8.0  4.32224e-06
20  8.5  2.74059e-06
20  9.0  1.76203e-06
20  9.5  1.1543e-06
20  10.0  7.49563e-07
22  0.2  0.290363
22  0.3  0.418092
22  0.4  0.48927
22  0.5  0.495425
20  10.5  5.1325e-07
22  0.6  0.448225
22  0.7  0.382527
22  0.8  0.316869
22  0.9  0.25305
22  1.0  0.202002
22  1.1  0.155897
22  1.2  0.122341
22  1.3  0.0946747
22  1.4  0.0755968
22  1.5  0.0582877
20  11.0  3.43385e-07
22  1.6  0.0455657
22  1.7  0.0360579
22  1.8  0.0286224
22  1.9  0.0220533
22  2.0  0.0176551
22  2.5  0.00620522
20  11.5  2.35914e-07
22  3.5  0.000964611
22  3.0  0.00232764
20  12.0  1.58603e-07
22  4.5  0.000208452
22  4.0  0.000441778
22  5.0  0.000106737
22  5.5  5.75898e-05
22  6.0  3.18694e-05
22  6.5  1.8466e-05
22  7.0  1.07831e-05
22  7.5  6.54058e-06
22  8.0  4.04127e-06
22  8.5  2.57593e-06
22  9.0  1.63625e-06
22  9.5  1.06037e-06
22  10.0  7.12982e-07
24  0.2  0.280126
22  10.5  4.73739e-07
24  0.3  0.405273
24  0.4  0.471213
24  0.5  0.473852
24  0.6  0.427068
24  0.7  0.362578
24  0.8  0.29451
24  0.9  0.23757
22  11.5  2.19727e-07
24  1.0  0.187018
24  1.1  0.14657
24  1.2  0.112881
24  1.3  0.0877461
24  1.5  0.0531521
24  1.4  0.0683171
22  11.0  3.19608e-07
24  1.7  0.0329238
24  1.6  0.0411487
24  1.8  0.0254906
24  2.0  0.0162801
24  1.9  0.0206307
24  2.5  0.00548995
24  3.0  0.00212445
24  3.5  0.000883963
22  12.0  1.51999e-07
24  5.0  9.90786e-05
24  4.5  0.000196369
24  4.0  0.000389673
24  5.5  5.25637e-05
24  6.0  2.85875e-05
24  6.5  1.65851e-05
24  7.0  9.69586e-06
24  7.5  5.85503e-06
24  8.0  3.64496e-06
24  8.5  2.30934e-06
24  10.0  6.34867e-07
24  9.0  1.48868e-06
24  9.5  9.68163e-07
26  0.2  0.273654
26  0.3  0.391693
26  0.4  0.441027
24  10.5  4.28627e-07
26  0.5  0.440136
26  0.6  0.399696
26  0.7  0.332977
26  0.8  0.265659
26  0.9  0.214344
26  1.0  0.167825
26  1.1  0.130402
26  1.2  0.102204
24  11.0  2.86206e-07
26  1.3  0.0786371
26  1.4  0.0611893
26  1.5  0.0480265
26  1.6  0.0373297
26  1.7  0.029389
26  1.9  0.0185282
26  1.8  0.0228776
26  2.0  0.0147458
26  2.5  0.00487254
24  11.5  2.027e-07
26  3.0  0.00190133
26  3.5  0.000767319
24  12.0  1.38432e-07
26  4.0  0.00034966
26  4.5  0.000168487
26  5.0  8.61985e-05
26  5.5  4.53192e-05
26  6.0  2.55168e-05
26  6.5  1.45305e-05
26  7.0  8.67185e-06
26  7.5  5.1364e-06
26  8.0  3.21048e-06
26  8.5  2.02882e-06
26  9.0  1.29831e-06
26  9.5  8.35744e-07
26  10.0  5.71099e-07
28  0.2  0.261575
28  0.3  0.372663
28  0.4  0.413222
28  0.5  0.394717
28  0.6  0.352487
26  10.5  3.82168e-07
28  0.7  0.292781
28  0.8  0.235146
28  0.9  0.185712
28  1.0  0.142908
28  1.1  0.113149
28  1.2  0.0847128
26  11.0  2.56809e-07
28  1.3  0.0669902
28  1.4  0.0527001
28  1.5  0.04021
28  1.6  0.0317712
28  1.8  0.0196967
28  1.9  0.0154158
28  1.7  0.0240886
28  2.0  0.012433
28  2.5  0.00415182
28  3.0  0.00156396
28  3.5  0.000646125
26  11.5  1.79466e-07
26  12.0  1.19906e-07
28  4.5  0.00013883
28  5.0  7.01962e-05
28  4.0  0.00028636
28  5.5  3.8049e-05
28  6.0  2.07206e-05
28  6.5  1.22267e-05
28  7.0  7.25832e-06
28  7.5  4.24046e-06
28  8.0  2.67449e-06
28  9.5  7.20127e-07
28  8.5  1.65117e-06
28  9.0  1.09697e-06
28  10.0  4.72585e-07
28  11.5  1.50873e-07
30  0.2  0.245605
30  0.3  0.3374
30  0.4  0.359533
30  0.5  0.34119
30  0.6  0.294991
28  10.5  3.20717e-07
30  0.7  0.242322
30  0.8  0.192371
30  0.9  0.150717
30  1.0  0.118107
30  1.1  0.0909437
30  1.2  0.0687558
30  1.4  0.0411256
30  1.3  0.0540259
30  1.5  0.0316963
30  1.6  0.025374
28  11.0  2.17821e-07
30  1.7  0.0191914
30  1.8  0.015349
30  1.9  0.0120546
30  2.0  0.00973247
30  2.5  0.00330198
30  3.0  0.00121789
30  3.5  0.00051601
28  12.0  9.97713e-08
30  4.0  0.000225368
30  5.0  5.41946e-05
30  4.5  0.000108274
30  5.5  3.04436e-05
30  6.0  1.6815e-05
30  6.5  9.6876e-06
30  7.0  5.64748e-06
30  8.5  1.36423e-06
30  7.5  3.4161e-06
30  8.0  2.13261e-06
30  9.0  8.73787e-07
30  9.5  5.63477e-07
30  10.5  2.50741e-07
30  10.0  3.7799e-07
32  0.2  0.213948
32  0.3  0.289388
32  0.4  0.297711
32  0.5  0.27066
32  0.6  0.230569
32  0.7  0.185238
32  0.8  0.146233
32  0.9  0.11166
32  1.0  0.085082
32  1.1  0.0662782
32  1.2  0.0505838
32  1.3  0.0387844
30  11.0  1.69052e-07
32  1.4  0.0310851
32  1.5  0.0235201
32  1.6  0.0184529
32  1.7  0.0141209
32  1.8  0.0113278
32  1.9  0.00883269
32  2.0  0.00688331
32  2.5  0.00230201
32  3.0  0.000859514
30  11.5  1.15978e-07
32  3.5  0.000377774
30  12.0  7.69375e-08
32  4.0  0.000161847
32  4.5  8.13605e-05
32  5.0  4.06244e-05
32  5.5  2.1727e-05
32  6.0  1.21729e-05
32  6.5  6.95895e-06
32  7.0  4.02547e-06
32  8.5  9.76956e-07
32  7.5  2.50514e-06
32  8.0  1.49949e-06
32  9.0  6.23947e-07
32  9.5  4.07984e-07
32  10.0  2.63751e-07
4  0.2  0.306568
32  10.5  1.76908e-07
4  0.3  0.454427
4  0.4  0.545617
4  0.5  0.563688
4  0.6  0.531999
4  0.7  0.457587
4  0.8  0.389108
4  0.9  0.315238
4  1.0  0.25085
32  11.0  1.21709e-07
4  1.1  0.200497
4  1.3  0.123961
4  1.2  0.156658
4  1.4  0.0983443
4  1.5  0.0765333
4  1.6  0.0594352
4  1.7  0.0470523
4  1.8  0.0372097
4  1.9  0.0298404
4  2.5  0.00810409
4  2.0  0.0238203
4  3.0  0.00306323
4  3.5  0.0013608
32  11.5  8.31281e-08
32  12.0  5.74965e-08
4  4.5  0.000289288
4  4.0  0.000594415
4  5.0  0.000144753
4  5.5  7.82588e-05
4  6.0  4.41549e-05
4  6.5  2.36702e-05
4  7.0  1.48066e-05
4  7.5  8.9495e-06
4  9.5  1.46909e-06
4  8.0  5.47168e-06
4  8.5  3.48908e-06
4  9.0  2.26289e-06
4  10.0  9.63961e-07
4  11.5  3.01636e-07
6  0.2  0.309661
6  0.3  0.452904
6  0.4  0.544114
6  0.5  0.561329
6  0.6  0.525537
4  10.5  6.47927e-07
4  12.0  2.09709e-07
6  0.7  0.464391
6  0.8  0.387635
6  0.9  0.309666
6  1.0  0.25096
4  11.0  4.22811e-07
6  1.1  0.199217
6  1.2  0.155198
6  1.3  0.122807
6  1.4  0.0960848
6  1.5  0.0759068
6  1.6  0.0593643
6  1.8  0.0366325
6  1.7  0.0468694
6  1.9  0.0296986
6  2.0  0.0236336
6  2.5  0.008195
6  3.0  0.00304052
6  3.5  0.00126963
6  4.5  0.000278298
6  4.0  0.000595189
6  5.0  0.000147448
6  5.5  7.74533e-05
6  6.0  4.36761e-05
6  6.5  2.45355e-05
6  7.0  1.42475e-05
6  7.5  8.81785e-06
6  8.0  5.2923e-06
6  9.5  1.45702e-06
6  8.5  3.45064e-06
6  9.0  2.24438e-06
6  11.5  3.03383e-07
6  10.0  9.6473e-07
8  0.2  0.304867
8  0.3  0.453576
8  0.4  0.539785
8  0.5  0.559515
8  0.6  0.522095
8  0.7  0.458195
6  10.5  6.38908e-07
8  0.8  0.383646
8  0.9  0.310163
6  12.0  2.02506e-07
8  1.1  0.197357
8  1.0  0.2469
6  11.0  4.25607e-07
8  1.2  0.154698
8  1.3  0.12124
8  1.5  0.0737337
8  1.4  0.0954409
8  1.6  0.0588039
8  1.7  0.0473847
8  1.8  0.0368412
8  1.9  0.0292061
8  2.0  0.0233568
8  2.5  0.00809591
8  3.5  0.00130432
8  3.0  0.00300445
8  4.5  0.00028306
8  5.0  0.000144772
8  4.0  0.000589744
8  5.5  7.60411e-05
8  6.0  4.27334e-05
8  6.5  2.44082e-05
8  7.0  1.40739e-05
8  7.5  8.76252e-06
8  8.0  5.19087e-06
8  9.5  1.43075e-06
8  8.5  3.40933e-06
8  9.0  2.22135e-06
8  10.0  9.23432e-07
8  11.5  2.94668e-07
8  10.5  6.28312e-07
8  12.0  2.04832e-07
8  11.0  4.16702e-07
