# diffractive D0 cross section, Pb target, HymnD fragmentation, An0n channel
# generated      : 2026-08-20 11:01:17 EEST
# calls          : 1e5 (VEGAS calls per point, see CALLS_EXCL/CALLS_EXCL_FACTORIZED/CALLS_DIFF)
# dipole samples : data/Pb/bk_posterior/member_0016/glauber_mve_<b>
# pD0 sweep      : 0.2 0.3 0.4 0.5 0.6 0.7 0.8 0.9 1.0 1.1 1.2 1.3 1.4 1.5 1.6 1.7 1.8 1.9 2.0 2.5 3.0 3.5 4.0 4.5 5.0 5.5 6.0 6.5 7.0 7.5 8.0 8.5 9.0 9.5 10.0 10.5 11.0 11.5 12.0
# fixed rapidity y : 3.0
# ============================================================
# b  pD0  dsigma_dyd2pD0
0  0.2  0.0600151
0  0.3  0.0880432
0  0.5  0.111078
0  0.4  0.105117
0  0.8  0.0761974
0  0.6  0.102128
0  0.7  0.0922233
0  1.0  0.0484065
0  0.9  0.0614401
0  1.1  0.0370702
0  1.2  0.0286221
0  1.3  0.0218869
0  1.4  0.0163379
0  1.6  0.00939785
0  1.5  0.0122641
0  1.8  0.00536934
0  1.7  0.00707796
0  2.0  0.00306072
0  1.9  0.00408545
0  2.5  0.000846818
0  3.0  0.000263499
0  3.5  8.95985e-05
0  4.0  3.3376e-05
0  4.5  1.2252e-05
0  5.0  5.28018e-06
0  5.5  2.23453e-06
0  6.0  1.01228e-06
0  6.5  4.56359e-07
0  7.0  2.31119e-07
0  7.5  1.07519e-07
0  8.0  5.43567e-08
0  9.5  7.96842e-09
0  8.5  2.90581e-08
0  9.0  1.5043e-08
0  10.0  4.36619e-09
10  0.2  0.0593886
10  0.3  0.0867272
10  0.4  0.104087
10  0.5  0.109567
10  0.6  0.102898
10  0.7  0.0879559
0  10.5  2.38971e-09
10  0.8  0.0739565
10  0.9  0.0587997
10  1.0  0.0463782
10  1.1  0.0359733
10  1.3  0.0210829
10  1.2  0.0270965
10  1.4  0.0155111
10  1.5  0.011823
0  11.0  1.36868e-09
10  1.6  0.00891554
10  1.7  0.00666889
10  1.9  0.00394006
10  1.8  0.00521197
10  2.0  0.00300063
10  3.0  0.000255012
10  2.5  0.000827875
10  3.5  8.63242e-05
0  11.5  7.55096e-10
10  4.5  1.24584e-05
0  12.0  4.2895e-10
10  4.0  3.14203e-05
10  5.0  5.01415e-06
10  5.5  2.08828e-06
10  6.0  9.31176e-07
10  6.5  4.45184e-07
10  7.0  2.14829e-07
10  7.5  1.02846e-07
10  8.0  5.16532e-08
10  8.5  2.77807e-08
10  10.0  4.12459e-09
10  10.5  2.24351e-09
10  9.0  1.45386e-08
10  9.5  7.73011e-09
10  11.0  1.28478e-09
12  0.2  0.0602263
12  0.3  0.0871279
12  0.4  0.10316
12  0.5  0.10821
12  0.6  0.101957
12  0.7  0.087197
12  0.8  0.073335
12  0.9  0.0583432
12  1.0  0.0450306
12  1.1  0.0352382
12  1.2  0.0266188
12  1.3  0.0205114
12  1.4  0.0152213
12  1.5  0.0115621
12  1.6  0.00869504
12  1.7  0.00672912
12  1.9  0.00383099
12  1.8  0.00503292
12  2.0  0.00300765
12  2.5  0.000793788
12  3.0  0.000245746
12  3.5  8.26203e-05
10  11.5  7.2407e-10
10  12.0  4.12229e-10
12  4.0  3.06539e-05
12  4.5  1.20547e-05
12  5.0  4.98354e-06
12  5.5  2.0586e-06
12  6.0  9.57987e-07
12  7.5  1.04414e-07
12  7.0  2.03847e-07
12  6.5  4.43735e-07
12  8.0  5.12046e-08
12  10.0  4.0158e-09
12  8.5  2.70866e-08
12  9.0  1.36943e-08
12  11.0  1.24453e-09
12  9.5  7.42513e-09
14  0.2  0.0599348
14  0.3  0.0859298
14  0.4  0.102338
14  0.5  0.107631
12  10.5  2.24878e-09
14  0.6  0.100623
14  0.8  0.0717734
14  0.7  0.0877442
14  0.9  0.0564754
14  1.0  0.0445789
14  1.1  0.0336231
14  1.2  0.0257504
14  1.3  0.0197003
14  1.5  0.0113167
14  1.4  0.0156054
14  1.6  0.00874625
14  1.7  0.00632511
14  1.8  0.00480204
14  1.9  0.00373709
14  2.0  0.00284419
14  2.5  0.000764282
14  3.0  0.000238171
14  3.5  8.02558e-05
12  11.5  6.9968e-10
12  12.0  4.04846e-10
14  4.0  3.03924e-05
14  4.5  1.16525e-05
14  5.0  4.84842e-06
14  5.5  2.04093e-06
14  7.0  2.07383e-07
14  6.0  9.28297e-07
14  6.5  4.27583e-07
14  7.5  1.01654e-07
14  8.0  5.00637e-08
14  10.0  3.97171e-09
14  8.5  2.56683e-08
14  9.0  1.36953e-08
14  9.5  7.25396e-09
14  11.0  1.21077e-09
14  11.5  7.04196e-10
16  0.2  0.0584419
16  0.3  0.0853932
16  0.4  0.102072
16  0.5  0.1056
16  0.6  0.0991294
14  10.5  2.1573e-09
16  0.7  0.0853631
16  0.8  0.0708954
16  0.9  0.0563321
16  1.0  0.0433825
16  1.1  0.0333926
16  1.2  0.025231
16  1.3  0.0194192
16  1.4  0.0144518
16  1.5  0.0109447
16  1.7  0.00625874
16  1.6  0.00823644
16  1.8  0.00473963
16  1.9  0.00358488
16  2.0  0.00276991
16  2.5  0.000756367
16  3.0  0.000235489
16  3.5  7.87754e-05
16  4.0  2.79806e-05
14  12.0  4.0248e-10
16  5.5  1.98735e-06
16  4.5  1.10781e-05
16  5.0  4.69436e-06
16  7.5  9.71693e-08
16  6.0  8.86178e-07
16  6.5  4.15107e-07
16  7.0  1.99104e-07
16  8.0  4.93052e-08
16  9.5  7.12658e-09
16  8.5  2.43379e-08
16  10.0  3.81568e-09
16  9.0  1.31949e-08
16  11.0  1.15836e-09
18  0.2  0.0582219
18  0.3  0.0843075
18  0.4  0.0994744
18  0.5  0.103619
16  10.5  2.10361e-09
18  0.6  0.0963763
18  0.7  0.0834406
18  0.8  0.0683562
18  0.9  0.054029
18  1.0  0.0421236
18  1.2  0.024201
18  1.1  0.0319355
18  1.3  0.0185728
18  1.4  0.013884
18  1.5  0.0104887
18  1.6  0.00799789
18  1.7  0.00595862
18  1.8  0.00452555
18  1.9  0.0035099
18  2.0  0.00263524
18  2.5  0.000709635
18  3.5  7.01668e-05
16  12.0  3.76013e-10
18  3.0  0.000219421
16  11.5  6.67015e-10
18  4.0  2.61626e-05
18  4.5  1.08684e-05
18  5.0  4.40738e-06
18  5.5  1.84285e-06
18  7.5  9.3249e-08
18  6.0  8.77092e-07
18  6.5  3.99867e-07
18  7.0  1.90576e-07
18  9.0  1.27903e-08
18  8.0  4.49552e-08
18  9.5  6.54999e-09
18  10.0  3.63854e-09
18  8.5  2.41177e-08
18  10.5  2.01547e-09
2  0.2  0.0607065
2  0.3  0.0881382
2  0.4  0.105412
2  0.5  0.110938
2  0.6  0.106204
2  0.7  0.0901995
2  0.8  0.0763684
2  0.9  0.0608783
2  1.0  0.0478452
2  1.1  0.0366224
2  1.2  0.0281076
2  1.3  0.0214134
2  1.4  0.0160438
2  1.5  0.0123423
2  1.6  0.00935403
2  1.7  0.00701677
2  1.8  0.00539467
18  11.0  1.10743e-09
2  1.9  0.00409629
2  2.0  0.00311964
2  2.5  0.000851004
2  3.0  0.000259597
18  11.5  6.18964e-10
2  3.5  8.96817e-05
18  12.0  3.64275e-10
2  4.0  3.27008e-05
2  4.5  1.29101e-05
2  5.0  5.34682e-06
2  5.5  2.22832e-06
2  6.0  1.02579e-06
2  6.5  4.61958e-07
2  7.0  2.2854e-07
2  7.5  1.12539e-07
2  8.5  2.93621e-08
2  8.0  5.64637e-08
2  10.0  4.35769e-09
2  9.0  1.51533e-08
2  9.5  7.91044e-09
20  0.2  0.0580666
20  0.3  0.0840093
20  0.4  0.0980666
20  0.5  0.10109
20  0.7  0.080663
20  0.6  0.0939068
2  10.5  2.39111e-09
20  0.8  0.0657732
20  0.9  0.0509163
20  1.0  0.0406003
20  1.1  0.0300621
20  1.2  0.0232036
20  1.3  0.0177013
20  1.4  0.0132848
20  1.5  0.00994895
20  1.6  0.00757101
2  11.0  1.33188e-09
20  1.7  0.00575758
20  1.8  0.00429422
20  1.9  0.00320678
20  2.0  0.00247713
20  2.5  0.000686269
20  3.0  0.000208194
20  3.5  7.17937e-05
2  11.5  7.58599e-10
2  12.0  4.3066e-10
20  4.0  2.51186e-05
20  4.5  9.56474e-06
20  5.0  4.22795e-06
20  5.5  1.71908e-06
20  6.0  7.55243e-07
20  6.5  3.5772e-07
20  7.0  1.78398e-07
20  7.5  8.94258e-08
20  8.0  4.30311e-08
20  8.5  2.23229e-08
20  9.0  1.18394e-08
20  9.5  6.32818e-09
20  10.0  3.45785e-09
22  0.2  0.0574529
22  0.3  0.081979
22  0.4  0.0963802
20  10.5  1.90303e-09
22  0.5  0.0984144
22  0.6  0.0899994
22  0.7  0.0775454
22  0.8  0.0628521
22  0.9  0.0489924
22  1.0  0.0380952
22  1.1  0.0290219
22  1.2  0.0218867
20  11.5  5.84054e-10
22  1.3  0.0164455
22  1.4  0.0126325
22  1.5  0.00946731
20  11.0  1.03705e-09
22  1.6  0.00704008
22  1.7  0.00526176
22  1.8  0.00407199
22  2.0  0.00230223
22  1.9  0.00304709
22  3.0  0.000190704
22  2.5  0.000636721
22  3.5  6.56682e-05
20  12.0  3.37931e-10
22  4.5  9.17778e-06
22  4.0  2.39021e-05
22  5.0  3.76899e-06
22  7.0  1.62177e-07
22  5.5  1.66405e-06
22  6.0  7.63991e-07
22  6.5  3.51034e-07
22  7.5  7.82966e-08
22  9.0  1.0689e-08
22  8.0  3.96854e-08
22  10.0  3.16586e-09
22  8.5  2.10183e-08
22  10.5  1.81999e-09
22  9.5  5.89693e-09
24  0.2  0.055909
24  0.3  0.0799476
24  0.4  0.0930754
24  0.5  0.0939643
24  0.6  0.0860563
24  0.7  0.0719349
24  0.9  0.0457332
24  0.8  0.0585926
24  1.0  0.0353708
24  1.1  0.0269292
24  1.2  0.0204098
24  1.3  0.0156596
24  1.4  0.0115409
24  1.5  0.00856725
24  1.7  0.00489099
24  1.6  0.0064324
24  1.8  0.00369172
24  1.9  0.0027859
24  2.0  0.00213435
24  3.0  0.000177808
24  2.5  0.000581593
24  3.5  5.90417e-05
22  11.0  9.60385e-10
22  11.5  5.60081e-10
22  12.0  3.10657e-10
24  4.5  8.36979e-06
24  4.0  2.26905e-05
24  5.0  3.38737e-06
24  5.5  1.54331e-06
24  7.5  7.36262e-08
24  6.0  6.83322e-07
24  6.5  3.14764e-07
24  7.0  1.51369e-07
24  8.0  3.77958e-08
24  10.0  2.85639e-09
24  9.5  5.26669e-09
24  8.5  1.87319e-08
24  9.0  9.8352e-09
26  0.2  0.053908
24  11.5  4.9153e-10
26  0.3  0.0767198
26  0.4  0.0877132
26  0.5  0.087883
24  10.5  1.57598e-09
26  0.6  0.0795225
26  0.7  0.0668566
26  0.8  0.0539191
26  0.9  0.0417909
26  1.0  0.0321505
26  1.1  0.0245189
26  1.2  0.01815
26  1.4  0.0102246
26  1.3  0.0137492
26  1.5  0.00764468
26  1.7  0.00439671
26  1.6  0.00575645
24  11.0  8.73526e-10
26  1.9  0.00247212
26  1.8  0.00323404
26  2.0  0.00183246
26  2.5  0.000510527
26  3.0  0.000158991
26  3.5  5.2987e-05
24  12.0  2.90189e-10
26  4.5  7.61492e-06
26  4.0  1.92825e-05
26  6.0  5.68267e-07
26  5.0  3.14169e-06
26  5.5  1.29207e-06
26  6.5  2.74661e-07
26  7.0  1.33943e-07
26  7.5  6.59952e-08
26  8.0  3.30127e-08
26  9.5  4.64145e-09
26  8.5  1.64657e-08
26  9.0  8.66139e-09
26  10.0  2.57637e-09
28  0.2  0.0514255
28  0.3  0.0719019
26  10.5  1.4064e-09
28  0.4  0.0826437
26  11.5  4.46786e-10
28  0.5  0.0803313
28  0.6  0.0707267
28  0.7  0.0586314
28  0.8  0.0473912
28  0.9  0.0364211
28  1.0  0.0279684
28  1.1  0.0209827
28  1.3  0.0117302
28  1.2  0.0156943
28  1.4  0.00878135
28  1.5  0.00644538
26  11.0  7.88348e-10
28  1.7  0.00370439
28  1.6  0.00479383
28  1.8  0.00274833
28  1.9  0.00206329
28  2.0  0.00158442
28  3.0  0.000134023
28  2.5  0.000437828
28  3.5  4.46827e-05
26  12.0  2.51111e-10
28  4.5  6.43051e-06
28  4.0  1.64554e-05
28  5.0  2.61811e-06
28  5.5  1.06617e-06
28  6.0  4.83672e-07
28  7.5  5.52522e-08
28  6.5  2.26633e-07
28  7.0  1.11899e-07
28  8.0  2.74192e-08
28  8.5  1.47589e-08
28  9.0  7.42735e-09
28  9.5  3.94721e-09
28  10.0  2.0697e-09
30  0.2  0.0474935
30  0.3  0.0664861
28  10.5  1.18273e-09
30  0.4  0.0730426
30  0.5  0.0699871
30  0.6  0.0596602
30  0.7  0.0490884
30  0.8  0.0388149
30  0.9  0.0298011
30  1.1  0.0169758
30  1.0  0.0228963
30  1.2  0.0124869
30  1.3  0.00939173
30  1.5  0.00523582
30  1.4  0.00688996
30  1.8  0.00213964
30  1.6  0.00383276
30  1.7  0.00298427
30  1.9  0.00165695
28  11.0  6.70208e-10
30  2.0  0.00125563
30  3.0  0.000104425
30  2.5  0.00033785
30  3.5  3.40951e-05
28  11.5  3.74464e-10
30  5.0  2.12647e-06
28  12.0  2.16943e-10
30  4.0  1.25169e-05
30  4.5  4.73113e-06
30  5.5  8.30348e-07
30  6.5  1.75942e-07
30  6.0  3.84055e-07
30  7.0  8.77233e-08
30  7.5  4.27861e-08
30  8.0  2.13374e-08
30  8.5  1.11326e-08
30  10.5  9.3813e-10
30  9.0  5.81085e-09
30  9.5  3.04118e-09
32  0.2  0.0442427
30  10.0  1.66244e-09
32  0.3  0.0581084
32  0.4  0.0607585
32  0.5  0.0559337
32  0.6  0.0470775
32  0.7  0.0382743
32  0.8  0.0292279
32  0.9  0.0223059
32  1.0  0.0168995
32  1.1  0.0125303
32  1.2  0.00932434
32  1.3  0.0068569
32  1.4  0.00502916
32  1.5  0.00383404
32  1.7  0.00213363
32  1.6  0.00282181
32  1.8  0.00157286
32  2.0  0.000931103
32  1.9  0.00119475
32  2.5  0.000244037
30  11.0  5.26369e-10
32  3.0  7.71293e-05
32  3.5  2.42499e-05
30  11.5  2.97957e-10
30  12.0  1.67275e-10
32  5.0  1.38455e-06
32  4.0  8.64804e-06
32  4.5  3.44898e-06
32  5.5  5.97704e-07
32  6.0  2.73904e-07
32  6.5  1.24841e-07
32  8.0  1.55482e-08
32  7.0  5.99402e-08
32  7.5  3.01396e-08
32  9.5  2.177e-09
32  8.5  7.8853e-09
32  10.5  6.4989e-10
32  9.0  4.11046e-09
34  0.2  0.0366715
34  0.3  0.046154
34  0.4  0.0459345
32  10.0  1.18979e-09
34  0.5  0.0398504
34  0.6  0.0330141
34  0.7  0.025814
34  0.8  0.0194983
34  0.9  0.0148425
34  1.0  0.0110299
32  12.0  1.21002e-10
34  1.1  0.00839304
34  1.2  0.00616019
32  11.0  3.70391e-10
34  1.3  0.00447181
34  1.5  0.00245887
34  1.4  0.00329763
34  1.6  0.00181089
34  1.7  0.00143574
34  1.9  0.00074256
34  1.8  0.00104549
34  2.5  0.000152881
34  2.0  0.000613302
34  3.0  4.58093e-05
34  3.5  1.60395e-05
32  11.5  2.11199e-10
34  4.5  2.16473e-06
34  4.0  5.61655e-06
34  5.0  8.89886e-07
34  5.5  3.92535e-07
34  6.0  1.7164e-07
34  7.0  3.87838e-08
34  6.5  7.91499e-08
34  7.5  1.94131e-08
34  8.0  9.55727e-09
34  8.5  5.07789e-09
34  9.0  2.59515e-09
34  9.5  1.41303e-09
34  11.0  2.39611e-10
34  10.0  7.83349e-10
4  0.2  0.0600125
34  10.5  4.21981e-10
4  0.3  0.0881213
4  0.4  0.107143
4  0.5  0.111437
4  0.6  0.103723
4  0.7  0.0903608
4  0.8  0.0753496
34  12.0  7.64337e-11
4  0.9  0.0607344
4  1.0  0.0478526
4  1.1  0.0364621
34  11.5  1.33425e-10
4  1.4  0.0163406
4  1.2  0.0283928
4  1.3  0.0212894
4  1.5  0.0121918
4  1.7  0.00710866
4  1.6  0.00921209
4  1.8  0.00527883
4  1.9  0.00413377
4  2.0  0.00308724
4  2.5  0.000863067
4  3.0  0.000260301
4  3.5  9.00695e-05
4  4.5  1.25195e-05
4  4.0  3.21477e-05
4  5.0  5.30939e-06
4  5.5  2.27702e-06
4  6.0  9.94056e-07
4  6.5  4.65298e-07
4  7.0  2.2268e-07
4  8.5  2.91097e-08
4  7.5  1.06755e-07
4  8.0  5.38354e-08
4  9.5  8.03907e-09
4  10.0  4.28805e-09
4  9.0  1.51391e-08
6  0.2  0.0598127
6  0.3  0.0892663
6  0.4  0.105087
6  0.5  0.111142
6  0.6  0.104524
6  0.7  0.0896061
6  0.8  0.076051
6  0.9  0.0603345
4  11.0  1.32244e-09
6  1.1  0.0366642
6  1.0  0.0475142
4  10.5  2.48861e-09
6  1.3  0.0212773
6  1.2  0.0279986
6  1.4  0.0161288
6  1.6  0.0093036
6  1.5  0.0121337
6  1.7  0.0070363
6  1.8  0.00528306
6  2.0  0.0030932
6  1.9  0.00402233
6  3.0  0.000258382
6  2.5  0.0008397
6  3.5  8.76809e-05
4  11.5  7.50678e-10
6  4.0  3.15081e-05
6  4.5  1.24446e-05
4  12.0  4.33044e-10
6  5.0  5.21776e-06
6  5.5  2.27786e-06
6  7.0  2.23463e-07
6  6.0  9.76234e-07
6  7.5  1.10097e-07
6  6.5  4.69878e-07
6  8.0  5.43405e-08
6  8.5  2.877e-08
6  9.0  1.50165e-08
6  10.0  4.33324e-09
6  9.5  7.76794e-09
8  0.2  0.0596155
8  0.4  0.105896
8  0.3  0.0876476
8  0.5  0.109892
8  0.6  0.103294
8  0.7  0.0891179
6  10.5  2.36596e-09
8  0.8  0.0747655
8  0.9  0.060872
8  1.0  0.0471881
8  1.1  0.0358106
6  11.0  1.32068e-09
8  1.2  0.027605
8  1.4  0.0158173
8  1.3  0.0209532
8  1.5  0.0118273
8  1.7  0.00686897
8  1.6  0.00910918
6  11.5  7.44513e-10
8  1.8  0.0052085
8  1.9  0.00397019
8  2.0  0.00304101
8  2.5  0.000838015
8  3.0  0.00025545
8  3.5  8.69076e-05
6  12.0  4.22723e-10
8  4.0  3.13885e-05
8  4.5  1.19176e-05
8  5.0  5.17424e-06
8  5.5  2.12652e-06
8  6.0  9.93423e-07
8  7.5  1.09238e-07
8  6.5  4.55274e-07
8  7.0  2.12695e-07
8  8.0  5.26047e-08
8  8.5  2.72888e-08
8  9.5  7.84175e-09
8  10.0  4.17158e-09
8  10.5  2.34666e-09
8  9.0  1.4705e-08
8  11.5  7.42354e-10
8  11.0  1.31312e-09
8  12.0  4.21669e-10
