# exclusive D0 cross section, Pb target, HymnD fragmentation, An0n channel
# generated      : 2026-08-20 11:01:17 EEST
# calls          : 1e5 below 4.0 GeV, 2e3 above (see EXCL_PT_THRESHOLD) (VEGAS calls per point, see CALLS_EXCL/CALLS_EXCL_FACTORIZED/CALLS_DIFF)
# dipole samples : data/Pb/bk_posterior/member_0016/glauber_mve_<b>
# pD0 sweep      : 0.2 0.3 0.4 0.5 0.6 0.7 0.8 0.9 1.0 1.1 1.2 1.3 1.4 1.5 1.6 1.7 1.8 1.9 2.0 2.5 3.0 3.5 4.0 4.5 5.0 5.5 6.0 6.5 7.0 7.5 8.0 8.5 9.0 9.5 10.0 10.5 11.0 11.5 12.0
# fixed rapidity y : 1.0
# ============================================================
# b  pD0  dsigma_dyd2pD0
0  0.2  2.86978
0  0.3  2.32459
0  0.5  1.38171
0  0.4  1.8189
0  0.6  1.02808
0  0.8  0.546413
0  0.7  0.753328
0  0.9  0.394587
0  1.0  0.285023
0  1.1  0.205603
0  1.2  0.148686
0  1.3  0.107703
0  1.4  0.0786629
0  1.5  0.057428
0  1.6  0.0428669
0  1.8  0.0230394
0  1.9  0.0175025
0  1.7  0.0314044
0  2.0  0.013201
0  2.5  0.00340962
0  3.0  0.000961667
0  3.5  0.000292416
0  5.0  1.59624e-05
0  4.0  0.000106183
0  4.5  3.98724e-05
0  5.5  6.88787e-06
0  7.0  7.343e-07
0  6.0  3.12166e-06
0  6.5  1.48701e-06
0  7.5  3.77688e-07
0  8.0  2.01102e-07
0  9.0  6.28637e-08
0  8.5  1.10737e-07
0  10.0  2.16219e-08
0  9.5  3.65398e-08
0  10.5  1.31768e-08
10  0.2  2.7317
10  0.3  2.20963
10  0.4  1.72627
10  0.5  1.30982
0  11.0  8.18801e-09
10  0.6  0.971597
10  0.7  0.710084
10  0.8  0.514559
10  0.9  0.370895
10  1.0  0.267167
10  1.1  0.192463
10  1.2  0.139032
10  1.3  0.100366
10  1.4  0.0733221
10  1.5  0.0534412
10  1.6  0.0391428
10  1.7  0.029469
10  1.8  0.0218228
10  1.9  0.0159622
10  2.0  0.0120701
10  2.5  0.00313284
10  3.0  0.000750879
10  3.5  0.00026484
0  11.5  5.14212e-09
0  12.0  3.31422e-09
10  5.0  1.46033e-05
10  4.0  9.72954e-05
10  4.5  3.64609e-05
10  5.5  6.29303e-06
10  7.0  6.7066e-07
10  6.0  2.84646e-06
10  6.5  1.35526e-06
10  8.5  1.01093e-07
10  7.5  3.43711e-07
10  8.0  1.82944e-07
10  9.0  5.72075e-08
10  9.5  3.31775e-08
10  11.0  7.43015e-09
12  0.2  2.66781
12  0.3  2.15708
10  10.0  1.97194e-08
12  0.4  1.68359
10  10.5  1.19545e-08
12  0.5  1.27505
12  0.6  0.945734
12  0.7  0.690358
12  0.8  0.499586
12  1.0  0.25845
12  0.9  0.359767
12  1.1  0.186386
12  1.2  0.134841
12  1.3  0.0972942
12  1.4  0.0705997
12  1.5  0.0515549
12  1.6  0.037761
12  1.7  0.0278051
12  1.8  0.0210824
12  1.9  0.0156003
12  2.0  0.0119802
12  2.5  0.00296082
12  3.0  0.000794393
12  3.5  0.00026963
10  11.5  4.66941e-09
10  12.0  3.00749e-09
12  5.0  1.39805e-05
12  4.0  9.3265e-05
12  4.5  3.5025e-05
12  5.5  6.02288e-06
12  7.0  6.42655e-07
12  6.5  1.2962e-06
12  6.0  2.72445e-06
12  7.5  3.25029e-07
12  8.5  9.67339e-08
12  8.0  1.74922e-07
12  9.0  5.46316e-08
12  10.0  1.88197e-08
12  9.5  3.17202e-08
14  0.2  2.59026
14  0.3  2.09336
14  0.4  1.63143
12  10.5  1.14011e-08
14  0.5  1.23461
14  0.6  0.913203
14  0.7  0.666459
14  0.9  0.346178
14  0.8  0.481288
14  1.0  0.24876
14  1.1  0.178767
14  1.2  0.129164
14  1.3  0.0937293
12  11.0  7.07482e-09
14  1.4  0.0676447
14  1.5  0.0499894
14  1.6  0.0367808
14  1.7  0.0274127
14  1.8  0.0202362
14  1.9  0.0150827
14  2.0  0.0113455
14  2.5  0.00284131
14  3.0  0.000719349
14  3.5  0.000280015
12  11.5  4.45819e-09
12  12.0  2.87446e-09
14  4.5  3.31381e-05
14  4.0  8.83858e-05
14  5.0  1.33395e-05
14  5.5  5.70744e-06
14  7.0  6.0724e-07
14  6.5  1.22669e-06
14  6.0  2.57896e-06
14  7.5  3.12421e-07
14  8.5  9.12448e-08
14  8.0  1.65349e-07
14  9.0  5.14209e-08
14  10.0  1.77697e-08
14  9.5  2.99531e-08
14  10.5  1.08025e-08
16  0.2  2.49483
16  0.3  2.01614
16  0.4  1.56861
16  0.5  1.18457
16  0.6  0.875926
16  0.7  0.63778
16  0.8  0.460388
16  0.9  0.330864
16  1.0  0.236294
16  1.1  0.170466
16  1.2  0.122972
16  1.3  0.0887788
16  1.4  0.0642374
16  1.5  0.0466909
16  1.6  0.0341998
16  1.7  0.0252234
16  1.8  0.0186571
14  11.0  6.66156e-09
16  1.9  0.0140819
16  2.0  0.010668
16  2.5  0.00263951
16  3.0  0.000819687
16  3.5  0.000259481
14  11.5  4.20686e-09
14  12.0  2.71534e-09
16  4.0  8.2861e-05
16  4.5  3.10269e-05
16  5.0  1.24734e-05
16  5.5  5.3304e-06
16  7.0  5.67114e-07
16  6.0  2.40908e-06
16  6.5  1.14515e-06
16  7.5  2.89957e-07
16  8.5  8.51748e-08
16  8.0  1.55597e-07
16  9.0  4.79268e-08
16  9.5  2.79039e-08
16  10.0  1.65548e-08
16  10.5  1.00666e-08
18  0.2  2.383
18  0.3  1.9165
18  0.4  1.49222
18  0.5  1.12579
18  0.6  0.830828
16  11.0  6.23026e-09
18  0.7  0.60345
18  0.9  0.312191
18  0.8  0.434677
18  1.0  0.223036
18  1.1  0.160238
18  1.2  0.115214
18  1.3  0.0835163
18  1.4  0.0601357
18  1.5  0.0445422
18  1.6  0.0319236
18  1.8  0.0176914
18  1.7  0.0235802
18  1.9  0.013159
18  2.0  0.00964841
18  2.5  0.00252743
18  3.0  0.000561802
18  3.5  0.000256539
16  11.5  3.9138e-09
16  12.0  2.52487e-09
18  4.0  7.62284e-05
18  5.0  1.13851e-05
18  4.5  2.85624e-05
18  5.5  4.9165e-06
18  6.0  2.21405e-06
18  7.5  2.6353e-07
18  6.5  1.05123e-06
18  7.0  5.20186e-07
18  8.5  7.80797e-08
18  8.0  1.41497e-07
18  9.0  4.38679e-08
18  10.0  1.51482e-08
18  9.5  2.55268e-08
18  10.5  9.20841e-09
2  0.2  2.86447
2  0.3  2.32127
2  0.4  1.81507
2  0.5  1.37993
2  0.6  1.02581
2  0.7  0.75083
2  0.8  0.545309
18  11.0  5.69846e-09
2  0.9  0.393658
2  1.0  0.284364
2  1.1  0.20465
2  1.2  0.148265
2  1.3  0.107289
2  1.4  0.0787021
2  1.5  0.0580855
2  1.6  0.0426708
2  1.7  0.0315321
2  1.8  0.0234892
2  1.9  0.0174282
2  2.0  0.0132493
2  3.0  0.000979707
2  2.5  0.00332332
18  11.5  3.57918e-09
2  3.5  0.000313836
18  12.0  2.3e-09
2  5.0  1.59083e-05
2  4.0  0.000105829
2  4.5  3.97364e-05
2  5.5  6.86395e-06
2  7.0  7.31689e-07
2  6.0  3.11082e-06
2  6.5  1.48155e-06
2  7.5  3.76267e-07
2  8.0  2.00376e-07
2  10.0  2.17484e-08
2  8.5  1.10385e-07
2  9.0  6.2585e-08
2  9.5  3.63354e-08
20  0.2  2.24599
20  0.3  1.80639
20  0.4  1.40177
20  0.5  1.05485
2  10.5  1.31754e-08
2  11.0  8.15796e-09
20  0.6  0.776647
20  0.7  0.563216
20  0.8  0.40504
20  0.9  0.289196
20  1.0  0.206456
20  1.1  0.148257
20  1.2  0.106341
20  1.3  0.0764366
20  1.4  0.0553974
20  1.5  0.0410191
20  1.6  0.0302577
20  1.7  0.0214723
20  1.8  0.0161718
20  1.9  0.0118148
20  2.0  0.00892842
20  2.5  0.00229767
20  3.0  0.000595869
20  3.5  0.000256241
2  11.5  5.12318e-09
2  12.0  3.30201e-09
20  4.0  6.8812e-05
20  5.0  1.02637e-05
20  4.5  2.57828e-05
20  5.5  4.4141e-06
20  6.0  1.99211e-06
20  7.5  2.35784e-07
20  7.0  4.67079e-07
20  6.5  9.43953e-07
20  8.5  6.99997e-08
20  8.0  1.26825e-07
20  9.5  2.29143e-08
20  9.0  3.93172e-08
20  10.0  1.35621e-08
20  10.5  8.23976e-09
22  0.2  2.08255
20  11.0  5.09361e-09
22  0.3  1.67159
22  0.4  1.29414
22  0.5  0.971017
22  0.6  0.712369
22  0.7  0.515369
22  0.9  0.262791
22  0.8  0.369101
22  1.0  0.187509
22  1.1  0.133992
22  1.3  0.0695121
22  1.2  0.0959161
22  1.4  0.0497758
22  1.5  0.0368707
22  1.6  0.0269539
22  1.7  0.0196167
22  1.8  0.0145779
22  1.9  0.0106995
20  12.0  2.06432e-09
22  2.0  0.0079368
22  3.0  0.000541859
22  2.5  0.00197932
22  3.5  0.000200111
20  11.5  3.20456e-09
22  4.0  6.06377e-05
22  5.0  9.01346e-06
22  4.5  2.2692e-05
22  5.5  3.86524e-06
22  6.0  1.74093e-06
22  6.5  8.21678e-07
22  7.0  4.06672e-07
22  8.5  6.02386e-08
22  7.5  2.08051e-07
22  8.0  1.10401e-07
22  9.0  3.41927e-08
22  10.0  1.17809e-08
22  10.5  7.13398e-09
22  9.5  1.9877e-08
24  0.2  1.88563
24  0.3  1.5089
24  0.4  1.16354
24  0.5  0.869808
24  0.6  0.636542
24  0.7  0.458345
24  0.8  0.327357
24  0.9  0.232954
22  11.0  4.41813e-09
24  1.0  0.16541
24  1.1  0.117781
24  1.2  0.08434
24  1.3  0.0601138
24  1.4  0.0433409
24  1.5  0.0314156
24  1.6  0.0227247
24  1.7  0.0166634
24  1.8  0.0124265
24  1.9  0.00932126
24  2.0  0.00703383
24  2.5  0.00169856
24  3.5  0.000165888
24  3.0  0.000380751
22  11.5  2.77388e-09
22  12.0  1.78727e-09
24  5.5  3.21867e-06
24  4.0  5.1441e-05
24  5.0  7.6332e-06
24  4.5  1.92049e-05
24  6.0  1.46641e-06
24  6.5  6.85652e-07
24  7.0  3.41044e-07
24  7.5  1.73911e-07
24  8.0  9.23329e-08
24  8.5  5.06642e-08
24  9.0  2.8529e-08
24  9.5  1.65742e-08
24  10.5  5.94389e-09
26  0.2  1.64668
26  0.3  1.31325
24  10.0  9.77364e-09
26  0.4  1.00872
26  0.5  0.750404
26  0.6  0.546224
26  0.7  0.391136
26  0.8  0.278142
26  0.9  0.197
26  1.0  0.139429
26  1.1  0.098997
26  1.3  0.0502505
26  1.2  0.0699954
24  11.0  3.66543e-09
26  1.4  0.0359211
26  1.6  0.0194286
26  1.5  0.0260115
26  1.7  0.0139355
26  1.8  0.0103166
26  1.9  0.00763061
26  2.0  0.00571664
24  11.5  2.30349e-09
26  2.5  0.0014194
26  3.0  0.000324597
26  3.5  0.000137581
24  12.0  1.48275e-09
26  4.0  4.08909e-05
26  5.0  6.08672e-06
26  4.5  1.52555e-05
26  5.5  2.57677e-06
26  6.0  1.15523e-06
26  6.5  5.45892e-07
26  7.0  2.68883e-07
26  7.5  1.3713e-07
26  8.5  3.99016e-08
26  8.0  7.26509e-08
26  9.5  1.29752e-08
26  9.0  2.23412e-08
26  10.5  4.6459e-09
28  0.2  1.36115
26  10.0  7.64509e-09
28  0.3  1.08113
28  0.4  0.825018
28  0.5  0.610127
28  0.6  0.441075
26  11.0  2.86934e-09
28  0.7  0.313692
28  0.8  0.221657
28  0.9  0.156069
28  1.0  0.109604
28  1.1  0.0776873
28  1.2  0.0548346
28  1.3  0.0391614
28  1.4  0.0277923
28  1.5  0.0200373
28  1.6  0.0147081
28  1.7  0.0105792
28  1.9  0.00577323
28  1.8  0.00788725
28  2.0  0.00420945
28  2.5  0.00105837
28  3.5  0.000104555
28  3.0  0.000247673
26  11.5  1.80208e-09
26  12.0  1.15597e-09
28  4.5  1.11823e-05
28  5.0  4.445e-06
28  4.0  3.02558e-05
28  5.5  1.88094e-06
28  6.0  8.38383e-07
28  6.5  3.93862e-07
28  7.0  1.93147e-07
28  7.5  9.86625e-08
28  8.5  2.86141e-08
28  8.0  5.21257e-08
28  10.0  5.4774e-09
28  9.0  1.58959e-08
28  9.5  9.28177e-09
28  10.5  3.31359e-09
30  0.2  1.03958
30  0.3  0.819749
30  0.4  0.620592
30  0.5  0.454716
30  0.6  0.325612
30  0.7  0.230131
30  0.8  0.161237
30  0.9  0.112329
30  1.0  0.0787345
30  1.1  0.0550946
28  11.0  2.0338e-09
30  1.3  0.0275038
30  1.2  0.0388757
30  1.4  0.0196169
30  1.5  0.0140443
30  1.6  0.0101642
30  1.7  0.00731396
30  1.8  0.00539756
30  1.9  0.00398336
30  2.0  0.00292772
30  2.5  0.000715944
30  3.5  6.37472e-05
30  3.0  0.000153401
28  11.5  1.2822e-09
28  12.0  8.21231e-10
30  5.5  1.20312e-06
30  5.0  2.87099e-06
30  4.0  1.97765e-05
30  4.5  7.25135e-06
30  6.0  5.38821e-07
30  6.5  2.51073e-07
30  7.0  1.22912e-07
30  7.5  6.24623e-08
30  8.0  3.2968e-08
30  9.5  5.84014e-09
30  8.5  1.79872e-08
30  9.0  1.01276e-08
30  11.0  1.27469e-09
32  0.2  0.709538
30  10.0  3.42596e-09
32  0.3  0.555113
32  0.4  0.415824
32  0.5  0.301233
32  0.6  0.21316
32  0.7  0.14884
30  10.5  2.06039e-09
32  0.9  0.0713854
32  0.8  0.103155
32  1.0  0.0494366
32  1.2  0.0241845
32  1.1  0.0342775
32  1.3  0.0169069
32  1.5  0.00860379
32  1.4  0.0118794
32  1.6  0.00610493
32  1.7  0.00452052
32  1.8  0.00323301
32  1.9  0.0023696
32  2.0  0.00177785
32  2.5  0.000420144
32  3.0  7.8326e-05
30  11.5  7.9554e-10
32  3.5  3.88907e-05
30  12.0  5.08854e-10
32  4.5  4.02073e-06
32  5.0  1.57726e-06
32  4.0  1.10479e-05
32  5.5  6.58542e-07
32  6.0  2.91242e-07
32  6.5  1.36014e-07
32  8.0  1.74154e-08
32  7.0  6.61308e-08
32  7.5  3.34269e-08
32  8.5  9.56781e-09
32  9.0  5.35085e-09
32  9.5  3.06919e-09
32  10.5  1.08465e-09
32  10.0  1.79569e-09
34  0.2  0.426369
32  11.0  6.67844e-10
34  0.3  0.329612
34  0.4  0.243694
34  0.5  0.174216
34  0.6  0.121602
34  0.7  0.0837894
34  0.8  0.057472
34  0.9  0.0391592
34  1.0  0.0268639
34  1.1  0.0185201
34  1.3  0.00903533
34  1.2  0.0128067
34  1.4  0.00636367
34  1.5  0.0044604
34  1.6  0.00313944
34  1.7  0.00231725
34  1.9  0.00121879
34  1.8  0.0016606
34  2.0  0.000849069
34  2.5  0.000202182
32  11.5  4.15449e-10
34  3.0  4.45503e-05
34  3.5  2.20172e-05
32  12.0  2.66715e-10
34  4.0  5.19267e-06
34  4.5  1.86651e-06
34  5.5  3.00151e-07
34  5.0  7.20891e-07
34  6.0  1.31554e-07
34  8.0  7.66416e-09
34  6.5  6.09543e-08
34  7.0  2.93973e-08
34  7.5  1.47955e-08
34  8.5  4.18696e-09
34  9.0  2.33278e-09
34  9.5  1.3341e-09
34  10.5  4.67471e-10
34  10.0  7.80043e-10
34  11.0  2.86011e-10
4  0.2  2.84748
4  0.3  2.30782
4  0.4  1.80433
4  0.5  1.37129
4  0.6  1.01914
4  0.7  0.746594
4  0.8  0.541932
4  0.9  0.390993
4  1.0  0.28178
4  1.1  0.203818
4  1.2  0.147305
4  1.3  0.10651
4  1.4  0.0779299
4  1.5  0.0565954
4  1.7  0.031461
4  1.6  0.0417624
4  1.8  0.0229542
4  1.9  0.017624
4  3.0  0.000991326
4  2.5  0.00344366
4  2.0  0.0129074
4  3.5  0.000241009
34  11.5  1.7793e-10
4  5.0  1.57891e-05
34  12.0  1.13114e-10
4  4.0  0.000104769
4  4.5  3.93283e-05
4  5.5  6.79238e-06
4  6.0  3.07791e-06
4  7.0  7.23847e-07
4  7.5  3.67772e-07
4  6.5  1.4592e-06
4  8.0  1.982e-07
4  9.0  6.19983e-08
4  10.0  2.15123e-08
4  8.5  1.09107e-07
4  9.5  3.60073e-08
4  11.0  8.06766e-09
6  0.2  2.82018
6  0.3  2.28354
6  0.4  1.78589
6  0.5  1.35579
6  0.7  0.737473
6  0.6  1.00801
6  0.8  0.535067
6  0.9  0.385662
4  10.5  1.28735e-08
6  1.0  0.277854
6  1.2  0.145424
6  1.1  0.20065
6  1.3  0.10505
6  1.4  0.0768823
6  1.5  0.0567218
6  1.6  0.0417837
4  11.5  5.06696e-09
6  1.7  0.0304844
6  1.8  0.0226978
6  2.0  0.0129154
6  1.9  0.0172439
6  2.5  0.00333194
6  3.0  0.000927621
6  3.5  0.000281384
4  12.0  3.26551e-09
6  5.0  1.5479e-05
6  4.0  0.000103
6  4.5  3.86496e-05
6  5.5  6.67388e-06
6  7.0  7.10815e-07
6  6.0  3.023e-06
6  6.5  1.43303e-06
6  7.5  3.64336e-07
6  8.5  1.08468e-07
6  9.0  6.08896e-08
6  8.0  1.9461e-07
6  9.5  3.53391e-08
8  0.2  2.78288
6  10.0  2.0992e-08
6  11.0  7.91551e-09
8  0.3  2.25209
8  0.4  1.76016
8  0.5  1.337
6  10.5  1.27921e-08
8  0.6  0.992493
8  0.7  0.725398
8  0.8  0.526274
8  0.9  0.379072
8  1.0  0.273369
8  1.1  0.197292
8  1.3  0.104222
8  1.2  0.142733
8  1.4  0.074767
8  1.6  0.0409698
8  1.5  0.0547291
8  1.7  0.030253
8  1.8  0.0220665
8  1.9  0.016524
8  2.0  0.012645
8  3.0  0.000925314
8  2.5  0.00324437
6  11.5  4.9723e-09
8  3.5  0.000277774
6  12.0  3.20407e-09
8  5.0  1.51022e-05
8  4.0  0.000100504
8  4.5  3.76893e-05
8  5.5  6.50745e-06
8  7.0  6.92753e-07
8  6.0  2.94592e-06
8  6.5  1.39618e-06
8  7.5  3.56086e-07
8  9.0  5.92924e-08
8  8.0  1.89542e-07
8  8.5  1.04413e-07
8  11.0  7.69231e-09
8  9.5  3.44081e-08
8  10.5  1.24363e-08
8  10.0  2.04278e-08
8  11.5  4.84151e-09
8  12.0  3.11856e-09
