# diffractive D0 cross section, Pb target, LHAPDF fragmentation, An0n channel
# generated      : 2026-08-20 10:20:23 EEST
# calls          : 1e5 (VEGAS calls per point, see CALLS_EXCL/CALLS_EXCL_FACTORIZED/CALLS_DIFF)
# dipole samples : data/Pb/mve/glauber_mve_<b>
# pD0 sweep      : 0.2 0.3 0.4 0.5 0.6 0.7 0.8 0.9 1.0 1.1 1.2 1.3 1.4 1.5 1.6 1.7 1.8 1.9 2.0 2.5 3.0 3.5 4.0 4.5 5.0 5.5 6.0 6.5 7.0 7.5 8.0 8.5 9.0 9.5 10.0 10.5 11.0 11.5 12.0
# fixed rapidity y : 0.0
# ============================================================
# b  pD0  dsigma_dyd2pD0
0  0.5  0.895065
0  0.3  0.598921
0  0.2  0.406704
0  0.4  0.787655
0  0.6  0.953516
0  0.9  0.749334
0  0.8  0.850343
0  0.7  0.927003
0  1.0  0.649468
0  1.1  0.552091
0  1.2  0.459597
0  1.3  0.380907
0  1.4  0.318756
0  1.6  0.2172
0  1.5  0.263658
0  1.8  0.14602
0  1.7  0.177542
0  2.0  0.101467
0  1.9  0.122693
0  2.5  0.0421917
0  3.0  0.0195154
0  3.5  0.00969477
0  5.5  0.00104851
0  4.0  0.00515753
0  4.5  0.00289102
0  5.0  0.00169335
0  6.5  0.000432673
0  6.0  0.000664831
0  7.5  0.000198367
0  8.5  9.93787e-05
0  7.0  0.00028834
0  8.0  0.000141662
0  9.0  7.25397e-05
0  9.5  5.42216e-05
0  10.0  3.97923e-05
10  0.2  0.40466
10  0.3  0.591043
0  10.5  3.01432e-05
10  0.4  0.769299
10  0.5  0.887424
10  0.6  0.935148
10  0.7  0.88994
10  0.8  0.829419
10  0.9  0.732999
0  11.0  2.27216e-05
10  1.0  0.630429
10  1.1  0.526402
10  1.2  0.445306
10  1.3  0.367859
10  1.4  0.302789
10  1.5  0.252898
10  1.6  0.209251
10  1.7  0.170642
10  1.8  0.142021
10  1.9  0.116574
10  2.0  0.097227
10  2.5  0.0405591
10  3.0  0.0185856
10  3.5  0.00915892
0  11.5  1.70512e-05
0  12.0  1.31873e-05
10  4.0  0.00494549
10  5.5  0.00100009
10  4.5  0.00277803
10  5.0  0.00164289
10  6.5  0.000411231
10  6.0  0.000632205
10  7.5  0.000189945
10  7.0  0.000278945
10  8.0  0.000136229
10  8.5  9.76486e-05
10  9.0  6.821e-05
10  9.5  5.13816e-05
10  10.0  3.82734e-05
12  0.2  0.401361
12  0.3  0.591441
12  0.4  0.769738
10  10.5  2.76621e-05
12  0.5  0.872624
12  0.6  0.91465
12  0.7  0.874047
12  0.8  0.82133
12  0.9  0.717546
10  11.0  2.10275e-05
12  1.0  0.620847
12  1.1  0.521152
12  1.2  0.440098
12  1.4  0.299972
12  1.3  0.365466
12  1.6  0.200518
12  1.5  0.247186
12  1.7  0.165466
12  1.8  0.139649
12  1.9  0.114517
12  2.0  0.0950618
12  2.5  0.0397754
10  11.5  1.66614e-05
12  3.5  0.00889928
12  3.0  0.0182262
10  12.0  1.28951e-05
12  4.0  0.00485195
12  5.5  0.0009696
12  4.5  0.00267999
12  5.0  0.00159351
12  6.5  0.000396755
12  7.5  0.000184405
12  6.0  0.000613773
12  7.0  0.000268671
12  9.0  6.85147e-05
12  8.0  0.000130074
12  8.5  9.26082e-05
12  9.5  4.87596e-05
12  10.0  3.70981e-05
14  0.2  0.396203
14  0.3  0.583389
12  10.5  2.80058e-05
14  0.4  0.752451
14  0.5  0.866624
14  0.6  0.896473
14  0.7  0.883092
14  0.8  0.800085
12  11.0  2.10483e-05
14  0.9  0.70272
14  1.0  0.607993
14  1.1  0.504713
14  1.2  0.428758
14  1.3  0.357451
14  1.4  0.290144
14  1.5  0.238046
14  1.6  0.197617
14  1.7  0.164201
14  1.8  0.133824
14  1.9  0.111435
14  2.0  0.0922799
14  2.5  0.038613
14  3.0  0.0175543
14  3.5  0.00882684
12  11.5  1.61614e-05
12  12.0  1.22074e-05
14  5.5  0.000946065
14  4.0  0.00464121
14  4.5  0.00260013
14  5.0  0.00152188
14  6.5  0.000393145
14  7.5  0.000179347
14  6.0  0.000596212
14  7.0  0.000263066
14  8.0  0.000128609
14  8.5  8.92757e-05
14  9.0  6.44525e-05
14  11.0  1.9805e-05
14  9.5  4.8727e-05
16  0.2  0.391183
16  0.3  0.581253
16  0.4  0.748334
14  10.0  3.60677e-05
16  0.5  0.853913
14  12.0  1.21404e-05
16  0.6  0.88639
16  0.7  0.864885
16  0.9  0.702662
16  0.8  0.78747
16  1.0  0.587903
16  1.1  0.496678
14  10.5  2.61867e-05
16  1.2  0.415776
16  1.3  0.341764
16  1.4  0.284957
16  1.6  0.194136
16  1.5  0.235182
16  1.7  0.157191
16  1.8  0.129976
16  1.9  0.106941
16  2.0  0.0889131
16  3.0  0.0170128
16  2.5  0.0371957
16  3.5  0.00857791
14  11.5  1.55097e-05
16  5.5  0.000904983
16  4.5  0.00253388
16  5.0  0.00151743
16  4.0  0.00454623
16  6.5  0.000374868
16  6.0  0.000572484
16  7.5  0.000173
16  7.0  0.000260624
16  9.0  6.25519e-05
16  8.0  0.000125299
16  8.5  8.68685e-05
16  9.5  4.611e-05
16  11.0  1.95221e-05
16  11.5  1.47925e-05
18  0.2  0.389644
18  0.3  0.558517
16  10.0  3.33929e-05
18  0.4  0.728346
18  0.5  0.840399
18  0.6  0.876298
18  0.7  0.831387
18  0.8  0.757896
18  0.9  0.664348
18  1.0  0.564335
16  10.5  2.55288e-05
18  1.1  0.481547
18  1.2  0.401838
18  1.3  0.327509
18  1.4  0.275254
18  1.5  0.225169
18  1.6  0.18384
18  1.7  0.15045
18  1.8  0.126178
18  1.9  0.103118
18  2.0  0.0847857
18  2.5  0.0357788
18  3.5  0.00805864
18  3.0  0.0161439
16  12.0  1.1408e-05
18  5.5  0.000882684
18  4.5  0.0023835
18  5.0  0.00142646
18  4.0  0.00423115
18  6.5  0.000356952
18  7.5  0.000167785
18  6.0  0.000552291
18  8.0  0.0001153
18  7.0  0.000242058
18  9.0  6.13787e-05
18  8.5  8.36927e-05
18  9.5  4.46383e-05
2  0.2  0.407239
2  0.3  0.601966
18  10.0  3.23351e-05
2  0.4  0.786057
2  0.5  0.893475
2  0.6  0.942924
2  0.7  0.924199
2  0.8  0.850446
2  0.9  0.752249
18  10.5  2.43648e-05
2  1.0  0.642815
2  1.2  0.460037
2  1.1  0.55223
2  1.3  0.386282
2  1.4  0.315546
2  1.5  0.259953
2  1.6  0.213313
2  1.7  0.177375
2  1.8  0.146423
18  11.0  1.83452e-05
2  1.9  0.122234
2  2.0  0.101737
2  3.0  0.0196704
2  2.5  0.0426336
2  3.5  0.00961784
18  11.5  1.44556e-05
18  12.0  1.08849e-05
2  5.5  0.00106729
2  4.0  0.0051492
2  4.5  0.00292608
2  6.5  0.000439644
2  5.0  0.00167902
2  6.0  0.000661785
2  7.5  0.000199645
2  8.5  9.86211e-05
2  7.0  0.000288887
2  8.0  0.000137362
2  9.0  7.10584e-05
2  9.5  5.26104e-05
2  10.0  3.96593e-05
20  0.2  0.381013
20  0.3  0.567888
20  0.4  0.715593
2  10.5  2.91988e-05
20  0.5  0.816791
2  12.0  1.31158e-05
20  0.7  0.812248
20  0.6  0.850985
20  0.8  0.730288
20  0.9  0.63985
20  1.0  0.549145
2  11.0  2.28436e-05
20  1.2  0.377542
20  1.1  0.459968
20  1.3  0.312379
20  1.4  0.256192
20  1.5  0.211693
20  1.6  0.174766
20  1.7  0.144099
20  1.8  0.118896
20  1.9  0.0977052
20  2.0  0.0814378
20  2.5  0.03391
20  3.0  0.015225
20  3.5  0.00764839
2  11.5  1.70146e-05
20  5.5  0.000831303
20  4.0  0.0040291
20  4.5  0.00225807
20  5.0  0.00133889
20  7.5  0.000155384
20  6.0  0.000515948
20  7.0  0.000225199
20  6.5  0.000339771
20  8.5  7.74601e-05
20  9.0  5.56474e-05
20  8.0  0.000109269
20  9.5  4.11681e-05
20  11.5  1.33993e-05
22  0.2  0.373055
20  10.0  3.13509e-05
22  0.3  0.559706
20  12.0  1.04465e-05
22  0.4  0.712872
22  0.5  0.79544
22  0.6  0.822538
22  0.7  0.771028
22  0.8  0.702671
22  0.9  0.61565
20  10.5  2.31046e-05
22  1.0  0.512607
22  1.1  0.432812
22  1.2  0.360599
22  1.3  0.295535
22  1.4  0.241356
22  1.5  0.20041
20  11.0  1.7111e-05
22  1.6  0.164105
22  1.7  0.134945
22  1.9  0.0927942
22  1.8  0.110525
22  2.0  0.0756893
22  2.5  0.0313415
22  3.0  0.0143105
22  3.5  0.00704515
22  5.5  0.000767408
22  4.0  0.00374506
22  4.5  0.00209573
22  5.0  0.00125381
22  6.0  0.000481647
22  7.0  0.000213342
22  6.5  0.000315324
22  7.5  0.000149153
22  9.0  5.21527e-05
22  8.0  0.000104893
22  8.5  7.26093e-05
22  9.5  3.78001e-05
24  0.2  0.364349
22  10.0  2.90538e-05
24  0.3  0.543331
24  0.4  0.68865
24  0.5  0.775743
24  0.6  0.776037
24  0.7  0.72817
24  0.8  0.654605
24  0.9  0.575173
22  10.5  2.09568e-05
24  1.0  0.481319
24  1.1  0.403979
24  1.2  0.330581
24  1.3  0.273829
24  1.5  0.183044
24  1.4  0.224648
24  1.6  0.151845
24  1.7  0.122186
24  1.8  0.101184
22  11.0  1.61223e-05
24  2.0  0.0694514
24  1.9  0.0842133
24  2.5  0.0285311
24  3.0  0.012995
24  3.5  0.00641028
22  11.5  1.22674e-05
24  4.0  0.00341343
24  4.5  0.00190814
22  12.0  9.8147e-06
24  5.0  0.00115095
24  5.5  0.000684783
24  6.0  0.000445697
24  7.0  0.000193564
24  6.5  0.000289004
24  7.5  0.000131773
24  8.0  9.4765e-05
24  8.5  6.73926e-05
24  9.0  4.72559e-05
24  9.5  3.54596e-05
24  11.0  1.44322e-05
24  10.0  2.57891e-05
26  0.2  0.353407
26  0.3  0.518706
26  0.4  0.658815
26  0.5  0.727217
26  0.6  0.721372
24  10.5  1.93137e-05
26  0.7  0.669985
26  0.8  0.601493
26  0.9  0.518695
26  1.0  0.435197
26  1.1  0.363577
26  1.2  0.293819
26  1.3  0.242744
26  1.4  0.201722
26  1.5  0.157736
26  1.6  0.135427
26  1.7  0.109168
26  1.8  0.0902273
26  1.9  0.0740284
26  2.5  0.0246917
26  2.0  0.0613151
26  3.0  0.0113612
24  11.5  1.12116e-05
26  3.5  0.00572342
24  12.0  8.91552e-06
26  4.5  0.00170091
26  5.5  0.000606102
26  4.0  0.00306049
26  5.0  0.00100795
26  7.5  0.000119105
26  6.0  0.0003839
26  6.5  0.000254326
26  8.0  8.05285e-05
26  7.0  0.000174449
26  8.5  5.78842e-05
26  9.0  4.12915e-05
26  9.5  3.05562e-05
26  10.0  2.26968e-05
28  0.2  0.335743
26  12.0  7.59906e-06
28  0.3  0.494382
28  0.4  0.608048
26  10.5  1.68152e-05
28  0.5  0.661255
28  0.6  0.648519
28  0.7  0.597904
28  0.8  0.529568
28  0.9  0.449881
26  11.0  1.28941e-05
28  1.0  0.377881
28  1.1  0.313568
28  1.2  0.258171
28  1.3  0.20983
28  1.4  0.171356
28  1.5  0.139292
28  1.7  0.0890146
28  1.6  0.113634
28  1.8  0.0763593
28  1.9  0.0625622
28  2.0  0.0518789
26  11.5  9.79211e-06
28  2.5  0.0214016
28  3.5  0.0048452
28  3.0  0.00975474
28  5.5  0.000520984
28  4.5  0.00142427
28  4.0  0.00256109
28  5.0  0.000855737
28  6.5  0.000210899
28  6.0  0.000332725
28  7.0  0.0001461
28  7.5  9.535e-05
28  8.0  6.82041e-05
28  9.5  2.54989e-05
28  9.0  3.58474e-05
28  8.5  4.96648e-05
28  10.0  1.90327e-05
30  0.2  0.310615
30  0.3  0.454956
28  10.5  1.41076e-05
30  0.4  0.550044
30  0.5  0.582799
30  0.6  0.553394
30  0.7  0.509232
30  0.8  0.440002
30  0.9  0.368515
28  11.0  1.0823e-05
30  1.0  0.306177
30  1.1  0.254174
30  1.3  0.168395
30  1.2  0.207434
30  1.4  0.135922
30  1.5  0.111262
30  1.6  0.0906038
30  1.7  0.0736084
30  1.9  0.0497192
30  1.8  0.0606255
30  2.0  0.040881
30  2.5  0.016835
30  3.0  0.00764416
28  11.5  8.18173e-06
30  3.5  0.00376783
28  12.0  6.32164e-06
30  4.0  0.00203732
30  4.5  0.00113919
30  5.0  0.000658006
30  5.5  0.000411168
30  6.0  0.00025918
30  7.5  7.81089e-05
30  7.0  0.000113148
30  8.0  5.34082e-05
30  6.5  0.000166213
30  8.5  3.75702e-05
30  9.0  2.7899e-05
30  9.5  1.99709e-05
30  10.0  1.46436e-05
32  0.2  0.283606
32  0.3  0.394996
32  0.4  0.459317
32  0.5  0.468126
30  10.5  1.10078e-05
32  0.6  0.440737
32  0.7  0.385925
32  0.8  0.332182
32  0.9  0.275323
32  1.0  0.229836
30  11.0  8.44621e-06
32  1.1  0.186307
32  1.2  0.152451
32  1.3  0.122681
32  1.4  0.0996882
32  1.5  0.0810636
32  1.7  0.0530736
32  1.6  0.0666221
32  1.8  0.0426058
32  1.9  0.0358433
32  2.0  0.0295936
32  2.5  0.0121004
32  3.0  0.00544549
32  3.5  0.00267299
30  11.5  6.3947e-06
30  12.0  5.00362e-06
32  4.0  0.00141457
32  4.5  0.000790544
32  5.0  0.00046489
32  5.5  0.00028537
32  6.0  0.000180409
32  6.5  0.000118321
32  7.0  7.7678e-05
32  7.5  5.39862e-05
32  8.0  3.7929e-05
32  8.5  2.66756e-05
32  9.0  1.96958e-05
32  9.5  1.45419e-05
32  10.0  1.04745e-05
4  0.2  0.407349
4  0.3  0.601399
4  0.4  0.782252
32  10.5  8.15322e-06
4  0.5  0.90562
4  0.6  0.950173
4  0.7  0.923752
4  0.8  0.851882
4  0.9  0.752731
4  1.0  0.638604
4  1.1  0.548884
32  11.0  6.16698e-06
4  1.2  0.458697
4  1.3  0.384192
4  1.4  0.316163
4  1.5  0.262189
4  1.6  0.213599
4  1.7  0.176266
4  1.8  0.146063
4  1.9  0.121376
4  2.0  0.101991
4  3.0  0.0192393
4  2.5  0.0414012
32  11.5  4.61071e-06
4  3.5  0.00969578
32  12.0  3.66536e-06
4  4.0  0.00496429
4  5.5  0.00104557
4  4.5  0.00283162
4  5.0  0.00168786
4  6.5  0.000439116
4  6.0  0.000660833
4  7.5  0.000197104
4  8.5  9.85034e-05
4  7.0  0.000289405
4  8.0  0.000141725
4  9.0  7.11808e-05
4  9.5  5.22755e-05
4  10.0  3.9908e-05
6  0.2  0.405333
6  0.3  0.596591
4  10.5  3.00027e-05
6  0.4  0.780305
6  0.5  0.896543
6  0.6  0.943284
6  0.7  0.926297
6  0.8  0.840779
6  0.9  0.745305
6  1.0  0.642357
6  1.1  0.541193
4  11.0  2.19797e-05
6  1.2  0.455863
6  1.3  0.37627
6  1.4  0.310744
6  1.5  0.260199
6  1.6  0.213981
6  1.7  0.176253
6  1.8  0.142274
6  1.9  0.120208
6  2.0  0.101485
6  3.0  0.0190861
6  2.5  0.0416193
6  3.5  0.00949138
4  11.5  1.72466e-05
4  12.0  1.33908e-05
6  4.0  0.00505988
6  5.5  0.00102507
6  4.5  0.00287944
6  5.0  0.00171323
6  6.5  0.000422536
6  6.0  0.000646723
6  7.5  0.000201041
6  7.0  0.00028429
6  9.5  5.12339e-05
6  8.0  0.000137137
6  8.5  0.000100267
6  9.0  7.23419e-05
8  0.2  0.403855
6  10.0  3.95846e-05
8  0.3  0.588593
8  0.4  0.771087
8  0.5  0.887646
8  0.6  0.928716
6  10.5  2.86708e-05
8  0.7  0.902258
8  0.8  0.840364
8  0.9  0.743835
8  1.0  0.638531
8  1.1  0.540196
8  1.2  0.446427
8  1.3  0.371497
8  1.5  0.253113
6  11.0  2.21426e-05
8  1.4  0.31066
8  1.6  0.210284
8  1.7  0.171009
8  1.8  0.143224
8  1.9  0.118197
8  2.0  0.0998823
8  2.5  0.0411862
8  3.5  0.00941476
8  3.0  0.0188464
6  11.5  1.72649e-05
6  12.0  1.32463e-05
8  5.5  0.00100268
8  4.5  0.00282591
8  4.0  0.00499271
8  5.0  0.00164997
8  6.5  0.00042338
8  6.0  0.000644045
8  7.5  0.000192987
8  8.0  0.000134267
8  7.0  0.000281827
8  9.0  7.11653e-05
8  9.5  5.13123e-05
8  8.5  9.92947e-05
8  10.0  3.80548e-05
8  10.5  2.89212e-05
8  11.0  2.21804e-05
8  11.5  1.66681e-05
8  12.0  1.31465e-05
