# diffractive D0 cross section, Pb target, BCFY fragmentation, An0n channel
# generated      : 2026-10-01 18:31:45 EEST
# flux_model     : EFF (TARGET=AA)
# calls         : 1e5 (VEGAS calls per point, see CALLS_EXCL/CALLS_EXCL_FACTORIZED/CALLS_DIFF)
# dipole samples : data/Pb/mve/glauber_mve_<b>
# pD0 sweep      : 0.2 0.3 0.4 0.5 0.6 0.7 0.8 0.9 1.0 1.1 1.2 1.3 1.4 1.5 1.6 1.7 1.8 1.9 2.0 2.5 3.0 3.5 4.0 4.5 5.0 5.5 6.0 6.5 7.0 7.5 8.0 8.5 9.0 9.5 10.0 10.5 11.0 11.5 12.0
# fixed rapidity y : -2.0
# ============================================================
# b  pD0  dsigma_dyd2pD0
0  0.2  4.53805
0  0.6  4.20982
0  0.8  3.52949
0  0.4  4.29369
0  0.7  3.84176
0  0.3  4.39775
0  0.5  4.39006
0  0.9  3.15061
0  1.1  2.35769
0  1.2  1.98691
0  1.4  1.38876
0  1.0  2.7549
0  1.5  1.14395
0  1.6  0.947856
0  1.3  1.66281
0  1.7  0.783483
0  2.0  0.443639
0  1.8  0.651568
0  1.9  0.53313
0  2.5  0.185961
0  3.0  0.0837726
0  5.0  0.00667504
0  4.0  0.0211578
0  3.5  0.0407747
0  4.5  0.0118706
0  5.5  0.00405455
0  6.0  0.00248165
0  6.5  0.00162243
0  9.5  0.000175005
0  7.0  0.00106571
0  7.5  0.000718929
0  8.0  0.000490527
0  8.5  0.000338143
10  0.2  4.50895
0  9.0  0.000243314
10  0.3  4.30507
10  0.4  4.25117
10  0.5  4.20777
10  0.6  4.02675
0  10.0  0.000126337
10  0.7  3.849
10  0.8  3.43024
0  10.5  9.18802e-05
10  0.9  3.06838
10  1.0  2.66378
10  1.1  2.26737
10  1.2  1.91197
10  1.4  1.30785
10  1.3  1.60124
10  1.5  1.09842
10  1.6  0.910077
10  1.7  0.754096
0  11.0  6.90894e-05
10  1.9  0.510799
10  1.8  0.624292
10  2.0  0.428947
10  2.5  0.179276
0  11.5  5.11832e-05
0  12.0  3.90425e-05
10  3.5  0.03886
10  4.0  0.0201638
10  5.0  0.00642783
10  4.5  0.0111446
10  3.0  0.0808067
10  5.5  0.00386086
10  6.0  0.00241146
10  6.5  0.00153985
10  9.5  0.000165699
10  7.0  0.00101454
10  7.5  0.000682672
10  8.0  0.00046816
12  0.2  4.52914
10  8.5  0.000326875
12  0.3  4.25929
10  9.0  0.000231093
12  0.4  4.29995
12  0.5  4.24447
12  0.6  4.07161
10  10.0  0.000120962
12  0.7  3.80613
12  0.8  3.43834
10  10.5  8.64964e-05
12  1.0  2.62704
12  0.9  3.04196
12  1.1  2.24201
12  1.2  1.88476
12  1.4  1.28509
12  1.3  1.57317
12  1.5  1.07911
12  1.6  0.887341
12  1.7  0.735611
12  1.8  0.609648
12  1.9  0.50646
12  2.0  0.418289
10  11.0  6.56284e-05
12  2.5  0.170538
10  11.5  4.88858e-05
10  12.0  3.70362e-05
12  3.5  0.0378256
12  4.0  0.0197282
12  5.0  0.00628399
12  3.0  0.0791512
12  4.5  0.0107787
12  5.5  0.00377764
12  6.0  0.00235308
12  6.5  0.0014861
12  9.5  0.000163098
12  7.0  0.000983507
12  7.5  0.000667617
12  8.0  0.000461557
14  0.2  4.41118
12  8.5  0.000319526
12  9.0  0.000226267
14  0.3  4.20562
14  0.4  4.23045
14  0.5  4.09591
14  0.6  4.03066
14  0.7  3.73074
12  10.0  0.00011807
14  0.8  3.39259
14  0.9  2.98975
12  10.5  8.63188e-05
14  1.0  2.5756
14  1.1  2.14091
14  1.2  1.84068
14  1.3  1.52948
14  1.4  1.27471
14  1.5  1.0546
14  1.6  0.868647
14  1.7  0.722644
12  11.0  6.40727e-05
14  1.9  0.492337
14  1.8  0.594005
14  2.0  0.404584
14  2.5  0.169155
12  11.5  4.81809e-05
12  12.0  3.602e-05
14  3.0  0.0758288
14  3.5  0.036865
14  5.0  0.00609282
14  4.0  0.0188316
14  4.5  0.0105588
14  5.5  0.00366688
14  6.0  0.00228415
14  6.5  0.00146786
14  9.5  0.000157121
14  7.0  0.000961961
14  7.5  0.000635821
16  0.2  4.31372
14  8.0  0.000450266
14  8.5  0.000310079
16  0.3  4.16658
14  9.0  0.000219521
16  0.4  4.08198
16  0.5  4.01587
16  0.6  3.94208
16  0.7  3.67464
16  0.8  3.31425
14  10.0  0.000114381
16  0.9  2.86633
14  10.5  8.33334e-05
16  1.0  2.50356
16  1.1  2.11232
14  11.5  4.65093e-05
16  1.2  1.79136
16  1.3  1.49301
16  1.4  1.22053
14  11.0  6.22319e-05
16  1.5  1.02261
16  1.6  0.844333
16  1.7  0.69686
16  1.8  0.575039
16  1.9  0.476868
16  2.0  0.397667
16  2.5  0.163122
14  12.0  3.51721e-05
16  3.0  0.0722533
16  4.5  0.0102179
16  5.0  0.00580611
16  3.5  0.0356619
16  4.0  0.0186946
16  5.5  0.0034956
16  6.0  0.0022082
16  6.5  0.00141506
16  7.0  0.00092965
16  9.5  0.000151324
16  8.0  0.000427707
16  7.5  0.000622391
18  0.2  4.23183
16  8.5  0.000297046
16  11.0  6.01265e-05
16  9.0  0.000205418
18  0.3  4.07357
18  0.4  4.08692
18  0.5  4.04602
18  0.6  3.86629
18  0.7  3.58245
18  0.8  3.21693
16  10.0  0.000110241
18  0.9  2.82548
18  1.0  2.43291
18  1.1  2.03119
16  10.5  8.05818e-05
18  1.2  1.72924
18  1.3  1.41801
18  1.5  0.987818
18  1.4  1.19427
18  1.6  0.808327
18  1.7  0.669051
18  1.8  0.549221
18  1.9  0.458066
18  2.5  0.155754
18  2.0  0.372381
16  11.5  4.5124e-05
16  12.0  3.33623e-05
18  3.0  0.0701717
18  3.5  0.0339734
18  4.5  0.00970726
18  4.0  0.0176534
18  6.0  0.00210126
18  5.0  0.00565813
18  5.5  0.00337573
18  7.0  0.000888436
18  6.5  0.00135916
18  7.5  0.000595809
18  8.0  0.000410756
18  11.0  5.73906e-05
2  0.2  4.67469
18  8.5  0.000284092
18  11.5  4.28755e-05
18  9.0  0.000202922
2  0.3  4.37776
18  9.5  0.000142056
2  0.4  4.3975
2  0.5  4.36857
2  0.6  4.21643
18  10.0  0.00010475
2  0.7  3.93794
2  0.8  3.58978
2  0.9  3.1779
2  1.0  2.7557
2  1.1  2.31952
18  10.5  7.68741e-05
2  1.2  1.95495
2  1.3  1.66388
2  1.4  1.37586
2  1.6  0.9415
2  1.5  1.14449
2  1.7  0.775917
18  12.0  3.12829e-05
2  1.8  0.647606
2  1.9  0.529422
2  2.0  0.446405
2  2.5  0.185975
2  3.0  0.0836267
2  3.5  0.0395209
2  5.0  0.00670915
2  4.0  0.0211829
2  4.5  0.0116871
2  5.5  0.00407247
2  6.0  0.00252574
2  6.5  0.00162027
2  9.5  0.000174853
2  7.0  0.00106806
2  7.5  0.000716711
2  8.0  0.000493104
2  8.5  0.000339869
20  0.2  4.14635
2  9.0  0.000242425
20  0.3  3.96721
2  11.5  5.16063e-05
20  0.4  3.96794
20  0.5  3.91668
2  10.0  0.000124512
20  0.6  3.6632
20  0.7  3.38365
20  0.8  3.09281
20  0.9  2.72004
2  10.5  9.29089e-05
20  1.0  2.34044
20  1.1  1.95471
20  1.2  1.64932
20  1.3  1.34446
20  1.4  1.14356
20  1.6  0.772307
20  1.5  0.936345
2  11.0  6.93216e-05
20  1.7  0.637577
20  1.8  0.526257
20  1.9  0.435109
20  2.0  0.359855
20  2.5  0.1478
2  12.0  3.90768e-05
20  3.0  0.0664097
20  4.5  0.00921792
20  5.0  0.0053156
20  4.0  0.0166787
20  3.5  0.0322431
20  5.5  0.00319238
20  6.0  0.0019831
20  8.5  0.000269574
20  6.5  0.00127086
20  7.0  0.000832914
20  7.5  0.000563773
20  9.5  0.000137611
20  8.0  0.000385313
22  0.2  4.07181
20  11.5  4.05977e-05
20  9.0  0.000189199
22  0.3  3.89121
22  0.4  3.75377
22  0.5  3.7942
22  0.6  3.62328
20  10.0  9.92566e-05
22  0.7  3.30507
22  0.8  2.9766
22  0.9  2.58775
22  1.0  2.21017
20  10.5  7.31087e-05
22  1.1  1.87392
22  1.2  1.56428
22  1.3  1.29754
22  1.4  1.07254
22  1.5  0.871571
20  11.0  5.31329e-05
22  1.6  0.72415
22  1.7  0.593862
22  1.9  0.40321
22  1.8  0.489846
22  2.0  0.338501
22  2.5  0.137666
20  12.0  3.04352e-05
22  3.0  0.0622562
22  3.5  0.0292458
22  5.0  0.00492262
22  4.0  0.0155819
22  4.5  0.00853341
22  5.5  0.00301316
22  6.5  0.00117673
22  6.0  0.00184729
22  7.0  0.000762702
22  8.5  0.000247144
22  7.5  0.000521268
22  8.0  0.000352282
22  11.0  5.02038e-05
24  0.2  3.75582
22  11.5  3.75249e-05
22  9.0  0.000175472
24  0.3  3.69681
24  0.4  3.69862
22  9.5  0.00012657
24  0.5  3.61282
24  0.6  3.42981
22  10.0  9.2083e-05
24  0.7  3.14086
24  0.8  2.76017
22  10.5  6.76573e-05
24  0.9  2.42968
24  1.0  2.05069
24  1.1  1.74388
24  1.2  1.44321
24  1.3  1.1862
24  1.4  0.98739
24  1.5  0.807479
24  1.6  0.666255
24  1.7  0.551094
24  1.8  0.451298
24  1.9  0.372634
24  2.0  0.30825
24  2.5  0.125815
22  12.0  2.82782e-05
24  3.0  0.0560607
24  3.5  0.0269749
24  4.5  0.00775033
24  4.0  0.0140308
24  5.0  0.00445629
24  5.5  0.00271363
24  6.0  0.00167439
24  7.0  0.000710612
24  8.0  0.000327201
24  8.5  0.000224646
24  6.5  0.00108206
24  9.5  0.000115216
24  10.0  8.35935e-05
24  7.5  0.000480036
24  11.0  4.57778e-05
26  0.2  3.65894
24  9.0  0.000160246
24  11.5  3.42255e-05
26  0.3  3.42087
26  0.4  3.45731
26  0.5  3.39471
26  0.6  3.19541
26  0.7  2.84744
26  0.8  2.55309
26  0.9  2.22298
24  10.5  6.14722e-05
26  1.0  1.83895
26  1.1  1.55705
26  1.2  1.3088
26  1.3  1.03993
26  1.4  0.883091
26  1.5  0.718114
26  1.6  0.596116
26  1.7  0.483537
26  1.8  0.40131
26  1.9  0.330264
26  2.0  0.273227
26  2.5  0.111568
24  12.0  2.55693e-05
26  4.5  0.00685611
26  5.0  0.00394506
26  3.5  0.024302
26  3.0  0.050028
26  4.0  0.0124268
26  5.5  0.00237839
26  6.0  0.00147534
26  8.0  0.000281722
26  8.5  0.000199485
26  6.5  0.000937468
26  7.0  0.000622034
26  7.5  0.000415391
28  0.2  3.21899
26  9.0  0.000135687
26  11.5  3.00864e-05
26  9.5  0.000100901
28  0.3  3.21229
28  0.4  3.20507
28  0.5  3.08474
28  0.6  2.87299
26  10.0  7.34307e-05
28  0.7  2.58808
28  0.8  2.26716
26  10.5  5.40116e-05
28  0.9  1.94298
28  1.0  1.63929
28  1.1  1.34541
28  1.2  1.11698
28  1.3  0.923426
28  1.4  0.759527
28  1.5  0.615586
26  11.0  3.99994e-05
28  1.6  0.503638
28  1.7  0.419081
28  1.8  0.337133
28  1.9  0.280867
28  2.0  0.234915
28  2.5  0.0942226
26  12.0  2.26869e-05
28  3.0  0.0416432
28  4.5  0.00570762
28  3.5  0.0203715
28  4.0  0.0104533
28  5.0  0.00330968
28  5.5  0.00200502
28  6.5  0.00078539
28  6.0  0.00123804
28  7.0  0.000522798
28  8.0  0.000239602
28  8.5  0.00016702
28  10.0  6.17745e-05
28  7.5  0.000350407
30  0.2  2.95153
28  11.5  2.50287e-05
30  0.3  2.82699
28  9.0  0.000118201
30  0.4  2.80384
28  9.5  8.36695e-05
30  0.5  2.67627
30  0.6  2.44392
30  0.7  2.17068
30  0.8  1.8915
28  10.5  4.50025e-05
30  0.9  1.60528
30  1.0  1.30122
30  1.1  1.09575
30  1.2  0.917167
30  1.4  0.597499
30  1.3  0.742829
28  11.0  3.37834e-05
30  1.5  0.493714
30  1.6  0.402769
30  1.7  0.332911
30  1.8  0.270214
30  1.9  0.222734
30  2.0  0.185513
30  2.5  0.0743979
28  12.0  1.905e-05
30  3.0  0.0328648
30  5.0  0.00259074
30  4.0  0.00819655
30  3.5  0.0157465
30  4.5  0.00451664
30  5.5  0.00157036
30  6.5  0.000613803
30  6.0  0.000967097
30  9.0  9.23525e-05
30  7.0  0.000407294
30  7.5  0.000273609
30  8.0  0.000187453
30  8.5  0.000130798
32  0.2  2.35203
32  0.3  2.36412
32  0.4  2.29012
30  9.5  6.60375e-05
32  0.5  2.14141
30  12.0  1.48704e-05
30  10.0  4.82639e-05
32  0.6  1.9432
32  0.7  1.67
32  0.8  1.43468
32  0.9  1.21374
32  1.0  1.00801
32  1.1  0.816381
32  1.2  0.668125
30  10.5  3.53467e-05
32  1.3  0.544895
32  1.5  0.361378
32  1.4  0.442207
32  1.6  0.293824
30  11.0  2.62379e-05
32  1.7  0.238615
32  1.8  0.192128
32  1.9  0.161156
32  2.0  0.132097
32  2.5  0.053111
30  11.5  1.97261e-05
32  4.5  0.003219
32  3.0  0.0238882
32  3.5  0.0113685
32  4.0  0.00585968
32  5.0  0.00184368
32  5.5  0.00109249
32  6.0  0.000699153
32  7.0  0.00029137
32  6.5  0.000444036
32  7.5  0.000190192
32  8.0  0.000131894
4  0.2  4.60154
32  8.5  9.2812e-05
32  9.0  6.60143e-05
4  0.3  4.36603
32  11.5  1.39826e-05
4  0.4  4.22617
32  9.5  4.76578e-05
32  12.0  1.04126e-05
4  0.5  4.35982
4  0.6  4.21991
4  0.7  3.91339
32  10.0  3.44044e-05
4  0.8  3.57436
4  0.9  3.16662
32  10.5  2.52876e-05
4  1.0  2.74713
4  1.1  2.34729
4  1.2  1.97754
4  1.3  1.65508
4  1.4  1.37483
4  1.5  1.13575
4  1.6  0.931791
4  1.7  0.780642
32  11.0  1.87601e-05
4  1.8  0.650267
4  1.9  0.53925
4  2.0  0.437411
4  2.5  0.183328
4  3.0  0.0839886
4  3.5  0.0406096
4  5.0  0.00670917
4  4.0  0.0210533
4  4.5  0.0116122
4  5.5  0.00402079
4  6.0  0.00250758
4  6.5  0.0016153
4  9.5  0.000170223
4  7.0  0.00105954
4  7.5  0.00072014
4  8.0  0.000487457
4  8.5  0.000340057
6  0.2  4.55883
4  9.0  0.000237468
6  0.3  4.41526
4  11.5  5.15936e-05
6  0.4  4.22983
6  0.5  4.23719
6  0.6  4.19438
4  10.0  0.000126714
6  0.7  3.92453
6  0.8  3.55085
6  0.9  3.13218
4  10.5  9.31031e-05
6  1.0  2.66048
6  1.1  2.32012
6  1.2  1.93813
6  1.3  1.64201
6  1.5  1.136
6  1.4  1.36374
6  1.7  0.762092
4  11.0  6.85727e-05
6  1.6  0.932975
6  1.8  0.642186
6  1.9  0.531614
6  2.0  0.440596
6  2.5  0.182954
4  12.0  3.77833e-05
6  3.0  0.0836701
6  5.0  0.00661244
6  3.5  0.0400427
6  4.0  0.0209051
6  4.5  0.0116089
6  5.5  0.00393656
6  6.0  0.00245091
6  6.5  0.00159498
6  9.5  0.000171021
6  7.0  0.0010487
6  7.5  0.000704261
6  8.0  0.000474172
8  0.2  4.62296
6  8.5  0.000339234
6  9.0  0.00023874
8  0.3  4.31156
8  0.4  4.3562
8  0.5  4.31125
8  0.6  4.11086
6  10.0  0.000124565
8  0.7  3.88495
8  0.8  3.48658
8  0.9  3.10712
6  10.5  9.01201e-05
8  1.0  2.70464
6  11.5  5.09379e-05
8  1.1  2.30137
8  1.2  1.95188
8  1.3  1.60125
8  1.4  1.32632
8  1.5  1.11992
8  1.6  0.92389
8  1.7  0.763551
6  11.0  6.79255e-05
8  1.8  0.632809
8  1.9  0.528008
8  2.0  0.434958
8  2.5  0.181005
6  12.0  3.85919e-05
8  3.5  0.0390869
8  5.0  0.00656738
8  4.0  0.0207876
8  3.0  0.0821188
8  4.5  0.0113523
8  5.5  0.00394703
8  6.0  0.00245618
8  6.5  0.00154847
8  9.5  0.000164786
8  7.0  0.00103229
8  8.5  0.000333605
8  7.5  0.000680061
8  8.0  0.00046398
8  9.0  0.00023658
8  10.0  0.000122976
8  10.5  9.00399e-05
8  11.0  6.6835e-05
8  11.5  5.01874e-05
8  12.0  3.78925e-05
