# exclusive D0 cross section, Pb target, LHAPDF fragmentation, An0n channel
# generated      : 2026-08-19 15:28:46 EEST
# calls          : 1e5 below 4.0 GeV, 2e3 above (see EXCL_PT_THRESHOLD) (VEGAS calls per point, see CALLS_EXCL/CALLS_EXCL_FACTORIZED/CALLS_DIFF)
# dipole samples : data/Pb/bk_posterior/member_0075/glauber_mve_<b>
# pD0 sweep      : 0.2 0.3 0.4 0.5 0.6 0.7 0.8 0.9 1.0 1.1 1.2 1.3 1.4 1.5 1.6 1.7 1.8 1.9 2.0 2.5 3.0 3.5 4.0 4.5 5.0 5.5 6.0 6.5 7.0 7.5 8.0 8.5 9.0 9.5 10.0 10.5 11.0 11.5 12.0
# fixed rapidity y : 0.0
# ============================================================
# b  pD0  dsigma_dyd2pD0
0  0.3  2.63712
0  0.2  3.25322
0  0.5  1.58224
0  0.4  2.07025
0  0.6  1.18665
0  0.8  0.64566
0  0.7  0.878192
0  0.9  0.473459
0  1.0  0.346979
0  1.1  0.254175
0  1.2  0.187277
0  1.3  0.138239
0  1.4  0.10357
0  1.5  0.0765239
0  1.6  0.0582496
0  1.7  0.0442031
0  1.8  0.032571
0  1.9  0.0248775
0  2.5  0.00517532
0  2.0  0.0192044
0  3.0  0.00182964
0  3.5  0.000430344
0  4.0  0.000217334
0  4.5  8.64213e-05
0  5.0  3.69945e-05
0  5.5  1.68026e-05
0  6.0  7.92461e-06
0  7.0  2.05811e-06
0  7.5  1.11128e-06
0  6.5  3.97766e-06
0  8.5  3.49849e-07
0  8.0  6.14236e-07
0  9.0  2.06353e-07
0  10.5  4.79856e-08
0  9.5  1.2521e-07
0  11.0  3.11751e-08
0  10.0  7.71246e-08
10  0.2  3.08475
10  0.3  2.49507
10  0.4  1.95648
10  0.5  1.49211
10  0.6  1.11629
10  0.8  0.605089
10  0.7  0.825222
10  0.9  0.442465
10  1.0  0.32339
10  1.1  0.236896
10  1.2  0.173858
10  1.3  0.128548
10  1.4  0.0961988
10  1.5  0.0713232
10  1.6  0.0547765
10  1.7  0.039965
10  1.8  0.0303347
10  1.9  0.0236162
10  2.0  0.0180261
10  2.5  0.00516068
10  3.0  0.00141691
10  3.5  0.00038247
0  11.5  2.03478e-08
0  12.0  1.3599e-08
10  5.5  1.50098e-05
10  4.0  0.000198245
10  6.0  7.2716e-06
10  4.5  7.87906e-05
10  5.0  3.36852e-05
10  7.0  1.8634e-06
10  6.5  3.60571e-06
10  7.5  1.01261e-06
10  8.0  5.57226e-07
10  8.5  3.19844e-07
10  9.0  1.87297e-07
10  9.5  1.13296e-07
10  10.0  6.98485e-08
12  0.2  3.00825
10  11.5  1.84125e-08
12  0.3  2.43187
12  0.4  1.90444
10  10.5  4.3981e-08
12  0.5  1.45061
12  0.6  1.08503
12  0.8  0.586524
12  0.7  0.800431
10  12.0  1.22161e-08
12  0.9  0.42823
12  1.0  0.313279
12  1.1  0.229275
12  1.2  0.168091
12  1.3  0.125057
10  11.0  2.81373e-08
12  1.4  0.0921006
12  1.5  0.0682939
12  1.6  0.0513965
12  1.7  0.0393968
12  1.8  0.0289053
12  1.9  0.0221198
12  2.0  0.0169667
12  2.5  0.00483058
12  3.0  0.00147073
12  3.5  0.00043392
12  4.0  0.00018969
12  4.5  7.53452e-05
12  5.0  3.2334e-05
12  5.5  1.45931e-05
12  7.0  1.77863e-06
12  6.0  6.94368e-06
12  7.5  9.7046e-07
12  6.5  3.45402e-06
12  8.0  5.31269e-07
12  8.5  3.0544e-07
12  9.0  1.78839e-07
12  9.5  1.08154e-07
12  10.0  6.66738e-08
14  0.2  2.91426
12  10.5  4.20251e-08
14  0.3  2.35402
14  0.4  1.83994
14  0.5  1.40076
14  0.6  1.04413
14  0.7  0.770265
14  0.8  0.56367
14  0.9  0.411246
14  1.0  0.300162
14  1.1  0.219497
14  1.2  0.160397
14  1.3  0.118807
12  11.0  2.68938e-08
14  1.4  0.088217
14  1.5  0.0652381
14  1.6  0.0494377
14  1.7  0.036693
14  1.8  0.0278576
14  1.9  0.0215853
14  2.0  0.0162334
14  2.5  0.00463146
14  3.0  0.00147818
14  3.5  0.000422904
12  11.5  1.76873e-08
12  12.0  1.17251e-08
14  4.0  0.000178795
14  5.5  1.37945e-05
14  4.5  7.12872e-05
14  6.0  6.56747e-06
14  5.0  3.05221e-05
14  7.0  1.6803e-06
14  6.5  3.25122e-06
14  8.0  4.98296e-07
14  7.5  9.07422e-07
14  8.5  2.89764e-07
14  9.0  1.6879e-07
14  9.5  1.0245e-07
14  10.0  6.28861e-08
16  0.2  2.79856
16  0.3  2.25803
16  0.4  1.76461
14  10.5  3.96379e-08
16  0.5  1.33971
16  0.7  0.733381
16  0.6  0.998594
16  0.8  0.537546
16  0.9  0.391415
16  1.0  0.28491
16  1.1  0.207871
16  1.2  0.152075
14  11.0  2.53464e-08
16  1.3  0.111969
16  1.4  0.0829434
16  1.6  0.0466127
16  1.5  0.0615186
16  1.7  0.0356944
16  1.8  0.0266222
16  1.9  0.0197515
16  2.0  0.0158603
16  2.5  0.00435936
16  3.5  0.000336627
16  3.0  0.00119256
14  11.5  1.65954e-08
14  12.0  1.1094e-08
16  4.0  0.000166814
16  5.5  1.2855e-05
16  4.5  6.65179e-05
16  5.0  2.84088e-05
16  6.0  6.11991e-06
16  8.0  4.63406e-07
16  6.5  3.02508e-06
16  7.0  1.56471e-06
16  7.5  8.44254e-07
16  8.5  2.67567e-07
16  10.5  3.65033e-08
16  9.0  1.57071e-07
16  9.5  9.51093e-08
18  0.2  2.66119
16  10.0  5.84559e-08
18  0.3  2.14609
18  0.4  1.67293
18  0.5  1.26814
18  0.6  0.943137
18  0.7  0.693093
18  0.8  0.505102
18  0.9  0.368159
18  1.0  0.267129
18  1.2  0.141899
18  1.1  0.194605
18  1.3  0.105204
18  1.4  0.0775104
16  11.0  2.3585e-08
18  1.5  0.0578571
18  1.6  0.0433737
18  1.7  0.0326847
18  1.8  0.0243023
18  1.9  0.018537
18  2.0  0.0142517
18  2.5  0.00358768
18  3.0  0.0013366
18  3.5  0.000435727
16  11.5  1.54662e-08
16  12.0  1.0302e-08
18  5.0  2.57476e-05
18  6.0  5.60703e-06
18  4.0  0.000153336
18  4.5  6.10714e-05
18  5.5  1.17844e-05
18  7.0  1.43824e-06
18  6.5  2.78218e-06
18  7.5  7.72703e-07
18  8.0  4.27704e-07
18  9.5  8.58154e-08
18  8.5  2.45127e-07
18  9.0  1.43603e-07
18  10.0  5.33927e-08
2  0.2  3.2476
2  0.3  2.63166
2  0.4  2.06596
18  10.5  3.35273e-08
2  0.5  1.57861
2  0.6  1.18335
2  0.7  0.875556
2  0.8  0.644161
2  0.9  0.471707
2  1.0  0.345768
2  1.1  0.253572
2  1.2  0.18675
18  11.0  2.1502e-08
2  1.4  0.103271
2  1.3  0.137939
2  1.5  0.0765374
2  1.6  0.0580486
2  1.7  0.0442138
2  1.8  0.0327006
2  1.9  0.0249548
18  11.5  1.41334e-08
2  2.0  0.0192414
2  2.5  0.00540199
2  3.5  0.000395044
2  3.0  0.00161382
18  12.0  9.37118e-09
2  4.0  0.000216573
2  4.5  8.62018e-05
2  5.0  3.68631e-05
2  5.5  1.67287e-05
2  6.0  7.89288e-06
2  7.0  2.05125e-06
2  6.5  3.9517e-06
2  7.5  1.10779e-06
2  8.5  3.48529e-07
2  8.0  6.0947e-07
2  9.0  2.05593e-07
2  10.5  4.78317e-08
2  9.5  1.24753e-07
2  11.0  3.10802e-08
20  0.2  2.49846
2  10.0  7.67916e-08
20  0.3  2.0105
20  0.4  1.56379
20  0.5  1.18283
20  0.6  0.876969
20  0.7  0.642021
20  0.9  0.339007
20  0.8  0.467367
20  1.0  0.246443
20  1.1  0.178918
20  1.2  0.131333
20  1.3  0.0960608
20  1.4  0.0708165
20  1.5  0.0528946
20  1.6  0.0390406
20  1.7  0.0298988
20  1.8  0.0228168
20  1.9  0.0165669
20  2.0  0.0128597
20  2.5  0.00359343
20  3.0  0.00107596
20  3.5  0.000236488
2  11.5  2.03086e-08
2  12.0  1.35337e-08
20  4.0  0.000138659
20  4.5  5.49428e-05
20  5.0  2.34203e-05
20  5.5  1.05798e-05
20  6.0  5.01247e-06
20  6.5  2.45251e-06
20  7.0  1.29446e-06
20  8.0  3.78054e-07
20  7.5  6.91223e-07
20  8.5  2.19172e-07
20  9.0  1.28372e-07
20  9.5  7.76106e-08
22  0.2  2.30392
20  10.0  4.77068e-08
22  0.3  1.8498
22  0.4  1.43432
22  0.5  1.08174
22  0.6  0.799737
22  0.7  0.583995
22  0.8  0.423466
20  10.5  3.00367e-08
22  0.9  0.306624
22  1.0  0.221935
22  1.1  0.160819
22  1.2  0.117418
22  1.3  0.0858001
22  1.4  0.06331
22  1.5  0.0471939
22  1.6  0.0354823
20  11.0  1.92673e-08
22  1.7  0.0259513
22  1.8  0.0195657
22  1.9  0.0149541
22  2.0  0.0117688
22  3.0  0.000979413
22  2.5  0.0031568
22  3.5  0.000251776
20  11.5  1.25857e-08
20  12.0  8.403e-09
22  4.0  0.000120708
22  4.5  4.79114e-05
22  5.0  2.03797e-05
22  5.5  9.22962e-06
22  6.0  4.36099e-06
22  7.5  6.04044e-07
22  8.0  3.28886e-07
22  6.5  2.16299e-06
22  7.0  1.12054e-06
22  8.5  1.88812e-07
22  9.0  1.11296e-07
22  9.5  6.71562e-08
22  10.0  4.13355e-08
24  0.2  2.06761
24  0.3  1.65536
24  0.4  1.27888
22  12.0  7.2146e-09
24  0.5  0.961001
24  0.6  0.707208
22  10.5  2.60085e-08
24  0.7  0.514882
24  0.8  0.372397
24  0.9  0.267564
24  1.0  0.193664
24  1.1  0.139918
24  1.2  0.101746
24  1.4  0.0548091
24  1.3  0.0745713
24  1.5  0.0405622
24  1.6  0.0307454
24  1.7  0.0225093
22  11.0  1.66247e-08
24  1.8  0.0167306
24  1.9  0.0127928
24  2.0  0.00977929
24  2.5  0.00254246
24  3.0  0.000858765
24  3.5  0.000222609
22  11.5  1.08829e-08
24  6.0  3.62023e-06
24  4.0  0.000101196
24  4.5  4.01604e-05
24  5.0  1.70813e-05
24  5.5  7.66975e-06
24  6.5  1.79942e-06
24  7.0  9.32907e-07
24  7.5  4.99957e-07
24  8.5  1.57702e-07
24  9.5  5.50453e-08
24  8.0  2.74882e-07
24  9.0  9.2371e-08
24  10.0  3.42787e-08
26  0.2  1.78537
26  0.3  1.42446
24  10.5  2.14498e-08
26  0.4  1.09567
26  0.5  0.818655
26  0.6  0.600167
26  0.7  0.434498
26  0.8  0.312206
26  0.9  0.224507
26  1.0  0.160954
26  1.1  0.11594
26  1.2  0.0840988
26  1.3  0.0612102
26  1.4  0.0448747
26  1.5  0.0332266
24  11.0  1.37922e-08
26  1.6  0.0248706
26  1.7  0.018133
26  1.8  0.0137676
26  1.9  0.0102726
26  2.0  0.00795423
26  2.5  0.00211435
26  3.0  0.000735239
24  11.5  9.0182e-09
26  3.5  0.000222168
24  12.0  6.02218e-09
26  5.5  5.94093e-06
26  4.0  8.00526e-05
26  4.5  3.17934e-05
26  6.0  2.85988e-06
26  5.0  1.34663e-05
26  6.5  1.41283e-06
26  7.0  7.34903e-07
26  7.5  3.92862e-07
26  8.5  1.23013e-07
26  8.0  2.15185e-07
26  9.5  4.29006e-08
26  10.5  1.65546e-08
26  9.0  7.2098e-08
26  10.0  2.66923e-08
28  0.2  1.45499
28  0.3  1.15442
28  0.4  0.882373
28  0.5  0.655086
28  0.6  0.476612
28  0.7  0.342224
28  0.8  0.245017
28  0.9  0.174784
28  1.0  0.124785
28  1.1  0.0891525
26  11.0  1.07333e-08
28  1.2  0.0644797
28  1.3  0.0467176
28  1.4  0.0340806
28  1.5  0.0254017
28  1.6  0.0184333
28  1.7  0.0136744
28  1.8  0.0101884
26  11.5  7.03439e-09
28  1.9  0.00774184
28  2.5  0.00153013
28  2.0  0.0058428
28  3.0  0.000511425
28  3.5  0.000168291
26  12.0  4.6714e-09
28  4.0  5.84439e-05
28  4.5  2.29667e-05
28  5.0  9.7103e-06
28  5.5  4.34429e-06
28  6.0  2.04435e-06
28  6.5  1.01311e-06
28  7.0  5.22204e-07
28  7.5  2.79005e-07
28  8.0  1.52994e-07
28  8.5  8.73477e-08
28  9.0  5.128e-08
28  10.5  1.1749e-08
28  9.5  3.07505e-08
28  10.0  1.89273e-08
30  0.2  1.08502
28  12.0  3.28604e-09
30  0.3  0.855058
30  0.4  0.648121
30  0.5  0.476545
30  0.6  0.343866
30  0.7  0.245077
30  0.8  0.173732
30  0.9  0.12303
28  11.0  7.59895e-09
30  1.0  0.0872709
30  1.1  0.0619898
30  1.2  0.0444822
30  1.4  0.0234201
30  1.3  0.0319502
30  1.5  0.0169544
30  1.6  0.0129098
30  1.7  0.00953033
30  1.9  0.00533239
30  1.8  0.00719499
30  2.5  0.00104013
30  2.0  0.00398742
30  3.0  0.000386267
30  3.5  8.24957e-05
28  11.5  4.97532e-09
30  4.0  3.73865e-05
30  4.5  1.46594e-05
30  5.0  6.13922e-06
30  5.5  2.74792e-06
30  6.0  1.29219e-06
30  6.5  6.35644e-07
30  7.0  3.27663e-07
30  7.5  1.74641e-07
30  8.0  9.57536e-08
30  8.5  5.45753e-08
30  9.0  3.1808e-08
30  9.5  1.91179e-08
32  0.2  0.717196
30  10.0  1.17404e-08
32  0.3  0.560135
30  10.5  7.34683e-09
32  0.4  0.420043
32  0.5  0.305538
32  0.6  0.217794
32  0.7  0.153719
32  0.8  0.107584
32  0.9  0.0755339
32  1.0  0.0529468
32  1.1  0.0374602
32  1.2  0.0265954
30  11.0  4.72306e-09
32  1.3  0.0191326
32  1.4  0.0137203
32  1.5  0.00997205
32  1.6  0.00749747
32  1.9  0.00306519
32  1.7  0.00550855
32  1.8  0.00394701
32  2.0  0.00229523
32  2.5  0.000595943
30  11.5  3.07078e-09
32  3.0  0.000137818
32  3.5  4.9831e-05
30  12.0  2.02575e-09
32  4.0  2.02373e-05
32  5.0  3.28406e-06
32  4.5  7.8719e-06
32  5.5  1.45382e-06
32  6.0  6.87966e-07
32  6.5  3.38935e-07
32  7.0  1.72121e-07
32  7.5  9.17042e-08
32  8.0  5.03793e-08
32  8.5  2.84584e-08
32  9.0  1.66029e-08
32  9.5  1.011e-08
32  10.0  6.08967e-09
34  0.2  0.412324
34  0.3  0.318507
32  10.5  3.8078e-09
34  0.4  0.235726
34  0.5  0.168874
34  0.7  0.0827028
34  0.6  0.118912
32  11.0  2.43003e-09
34  0.8  0.0571989
34  0.9  0.0397507
34  1.0  0.0275884
34  1.1  0.0193085
34  1.2  0.013625
34  1.3  0.00966961
34  1.4  0.00694901
34  1.5  0.00506968
34  1.6  0.00362627
34  1.7  0.00273513
34  1.8  0.00198134
34  2.0  0.0011277
34  1.9  0.00147135
34  2.5  0.00026714
32  11.5  1.59007e-09
34  3.0  8.37108e-05
34  3.5  2.10364e-05
32  12.0  1.05009e-09
34  4.0  9.19187e-06
34  5.0  1.46638e-06
34  5.5  6.54264e-07
34  4.5  3.56807e-06
34  6.5  1.47811e-07
34  6.0  3.03772e-07
34  7.0  7.4912e-08
34  7.5  3.96913e-08
34  8.0  2.16547e-08
34  8.5  1.22667e-08
34  10.0  2.5973e-09
34  9.0  7.10536e-09
34  9.5  4.24539e-09
4  0.2  3.2266
4  0.3  2.6139
34  10.5  1.6242e-09
4  0.4  2.05257
4  0.5  1.56796
4  0.6  1.17551
4  0.7  0.870258
4  0.8  0.638669
4  0.9  0.468211
34  11.0  1.0267e-09
4  1.0  0.342808
4  1.2  0.185583
4  1.1  0.251586
4  1.3  0.137525
4  1.4  0.102353
4  1.6  0.0579448
4  1.5  0.0759569
4  1.7  0.0427
4  1.8  0.0324774
4  1.9  0.024605
34  11.5  6.6941e-10
4  2.0  0.0190133
4  2.5  0.00529367
4  3.5  0.000633673
4  3.0  0.00160598
34  12.0  4.40435e-10
4  4.0  0.000214256
4  4.5  8.52032e-05
4  5.0  3.64687e-05
4  5.5  1.66291e-05
4  6.0  7.80799e-06
4  7.5  1.09682e-06
4  6.5  3.91285e-06
4  8.5  3.44629e-07
4  7.0  2.03082e-06
4  8.0  6.02725e-07
4  9.0  2.03311e-07
4  10.0  7.61504e-08
4  10.5  4.736e-08
4  9.5  1.23569e-07
6  0.2  3.19289
6  0.3  2.58577
6  0.4  2.02988
6  0.5  1.55035
6  0.6  1.1616
6  0.7  0.858375
6  0.8  0.631268
6  0.9  0.462564
6  1.0  0.338046
6  1.1  0.248145
6  1.2  0.182931
6  1.4  0.100686
6  1.3  0.135163
6  1.5  0.0750475
6  1.6  0.0558788
6  1.7  0.0422533
6  1.8  0.0319194
6  1.9  0.0249486
6  2.0  0.0187375
4  11.0  3.0793e-08
6  2.5  0.00502871
6  3.0  0.00153779
6  3.5  0.000402936
4  11.5  2.00963e-08
4  12.0  1.34185e-08
6  4.0  0.000210432
6  4.5  8.36191e-05
6  5.0  3.58104e-05
6  5.5  1.62463e-05
6  6.0  7.6757e-06
6  6.5  3.83261e-06
6  7.0  1.99271e-06
6  7.5  1.07135e-06
6  8.5  3.39928e-07
6  8.0  5.91342e-07
6  9.0  1.99509e-07
6  9.5  1.20719e-07
6  10.0  7.44394e-08
8  0.2  3.14641
8  0.3  2.54954
8  0.4  1.99932
8  0.5  1.52623
6  10.5  4.66972e-08
8  0.6  1.14198
8  0.7  0.84418
8  0.8  0.620497
8  0.9  0.453699
6  11.0  3.01737e-08
8  1.0  0.331724
8  1.1  0.243295
8  1.2  0.178602
8  1.4  0.0986819
8  1.3  0.132016
8  1.5  0.0736464
8  1.6  0.0561432
8  1.7  0.0417597
8  1.8  0.031241
8  1.9  0.0246001
8  2.0  0.0189288
8  2.5  0.00523133
8  3.5  0.000915228
8  3.0  0.0014975
6  11.5  1.96839e-08
6  12.0  1.31692e-08
8  4.0  0.000205094
8  4.5  8.15837e-05
8  5.0  3.48819e-05
8  6.5  3.74582e-06
8  5.5  1.58236e-05
8  6.0  7.52598e-06
8  7.0  1.93978e-06
8  7.5  1.04177e-06
8  8.0  5.75213e-07
8  8.5  3.31685e-07
8  9.0  1.94167e-07
8  9.5  1.17857e-07
8  10.0  7.24679e-08
8  10.5  4.54173e-08
8  11.0  2.93694e-08
8  11.5  1.91499e-08
8  12.0  1.27477e-08
