# diffractive D0 cross section, Pb target, HymnD fragmentation, An0n channel
# generated      : 2026-08-24 16:54:18 EEST
# calls          : 1e5 (VEGAS calls per point, see CALLS_EXCL/CALLS_EXCL_FACTORIZED/CALLS_DIFF)
# dipole samples : data/Pb/mve/glauber_mve_<b>
# pD0 sweep      : 0.2 0.3 0.4 0.5 0.6 0.7 0.8 0.9 1.0 1.1 1.2 1.3 1.4 1.5 1.6 1.7 1.8 1.9 2.0 2.5 3.0 3.5 4.0 4.5 5.0 5.5 6.0 6.5 7.0 7.5 8.0 8.5 9.0 9.5 10.0 10.5 11.0 11.5 12.0
# fixed rapidity y : -1.5
# ============================================================
# b  pD0  dsigma_dyd2pD0
0  0.2  0.550762
0  0.3  0.790834
0  0.4  0.989808
0  0.5  1.08912
0  0.6  1.12271
0  0.7  1.06552
0  0.8  0.965623
0  0.9  0.849546
0  1.0  0.729183
0  1.1  0.61892
0  1.2  0.521186
0  1.3  0.438455
0  1.4  0.357912
0  1.5  0.302816
0  1.6  0.251615
0  1.7  0.208877
0  1.8  0.176622
0  1.9  0.148204
0  2.0  0.125939
0  2.5  0.0557999
0  3.0  0.0256086
0  3.5  0.0129011
0  4.0  0.0069405
0  4.5  0.00388465
0  5.0  0.00232792
0  5.5  0.00141755
0  6.0  0.000921685
0  6.5  0.000597275
0  7.0  0.000401871
0  7.5  0.000279247
0  8.0  0.000194459
0  8.5  0.000138422
0  9.0  0.000100681
0  9.5  7.29364e-05
0  10.0  5.42818e-05
0  10.5  4.05435e-05
0  11.0  3.12296e-05
0  11.5  2.28671e-05
0  12.0  1.82243e-05
10  0.2  0.544446
10  0.3  0.765712
10  0.4  0.980515
10  0.5  1.0858
10  0.6  1.08796
10  0.7  1.03707
10  0.8  0.937742
10  0.9  0.790798
10  1.0  0.705668
10  1.1  0.601807
10  1.2  0.502579
10  1.3  0.420028
10  1.4  0.349168
10  1.5  0.290729
10  1.6  0.244757
10  1.7  0.201687
10  1.8  0.169453
10  1.9  0.142141
10  2.0  0.117172
10  2.5  0.0529049
10  3.0  0.0247127
10  3.5  0.012338
10  4.0  0.00661564
10  4.5  0.00370043
10  5.0  0.00219599
10  5.5  0.00135857
10  6.0  0.000864138
10  6.5  0.000568916
10  7.0  0.000383383
10  7.5  0.000261724
10  8.0  0.000183133
10  8.5  0.000130379
10  9.0  9.46308e-05
10  9.5  7.0049e-05
10  10.0  5.18882e-05
10  10.5  3.86953e-05
10  11.0  2.92357e-05
10  11.5  2.24891e-05
10  12.0  1.72613e-05
12  0.2  0.53976
12  0.3  0.782378
12  0.4  0.975927
12  0.5  1.06037
12  0.6  1.08397
12  0.7  1.02513
12  0.8  0.925759
12  0.9  0.810988
12  1.0  0.695929
12  1.1  0.586217
12  1.2  0.492995
12  1.3  0.412473
12  1.4  0.343636
12  1.5  0.280027
12  1.6  0.23692
12  1.7  0.197108
12  1.8  0.165376
12  1.9  0.139105
12  2.0  0.116828
12  2.5  0.0518875
12  3.0  0.024078
12  3.5  0.0120327
12  4.0  0.00633379
12  4.5  0.00361371
12  5.0  0.00214659
12  5.5  0.0013308
12  6.0  0.000848468
12  6.5  0.000554627
12  7.0  0.000371569
12  7.5  0.000258694
12  8.0  0.00017712
12  8.5  0.000126588
12  9.0  9.25575e-05
12  9.5  6.80962e-05
12  10.0  5.04174e-05
12  10.5  3.77091e-05
12  11.0  2.86056e-05
12  11.5  2.1727e-05
12  12.0  1.66035e-05
14  0.2  0.535023
14  0.3  0.772688
14  0.4  0.965395
14  0.5  1.04758
14  0.6  1.07303
14  0.7  1.00285
14  0.8  0.90927
14  0.9  0.793581
14  1.0  0.670309
14  1.1  0.567518
14  1.2  0.483605
14  1.3  0.401988
14  1.4  0.333157
14  1.5  0.272253
14  1.6  0.227892
14  1.7  0.190747
14  1.8  0.161414
14  1.9  0.13477
14  2.0  0.113837
14  2.5  0.0506068
14  3.0  0.0230881
14  3.5  0.011684
14  4.0  0.00624491
14  4.5  0.00349495
14  5.0  0.00206581
14  5.5  0.00129654
14  6.0  0.000817266
14  6.5  0.000532136
14  7.0  0.000360424
14  7.5  0.000246203
14  8.0  0.000174138
14  8.5  0.000125809
14  9.0  8.91772e-05
14  9.5  6.54579e-05
14  10.0  4.91251e-05
14  10.5  3.65587e-05
14  11.0  2.76654e-05
14  11.5  2.12702e-05
14  12.0  1.63817e-05
16  0.2  0.531288
16  0.3  0.768872
16  0.4  0.950538
16  0.5  1.04535
16  0.6  1.04101
16  0.7  0.989958
16  0.8  0.886153
16  0.9  0.772724
16  1.0  0.663032
16  1.1  0.560432
16  1.2  0.46758
16  1.3  0.390865
16  1.4  0.325182
16  1.5  0.266858
16  1.6  0.224144
16  1.7  0.186581
16  1.8  0.155383
16  1.9  0.130415
16  2.0  0.110009
16  2.5  0.0488636
16  3.0  0.0226334
16  3.5  0.0110023
16  4.0  0.00595485
16  4.5  0.0033824
16  5.0  0.0020039
16  5.5  0.00123435
16  6.0  0.000802818
16  6.5  0.000517777
16  7.0  0.000348288
16  7.5  0.000238855
16  8.0  0.000167622
16  8.5  0.000119638
16  9.0  8.51242e-05
16  9.5  6.35946e-05
16  10.0  4.68981e-05
16  10.5  3.54111e-05
16  11.0  2.70521e-05
16  11.5  2.055e-05
16  12.0  1.59182e-05
18  0.2  0.525297
18  0.3  0.761607
18  0.4  0.941183
18  0.5  1.01053
18  0.6  1.01553
18  0.7  0.964385
18  0.8  0.862647
18  0.9  0.74355
18  1.0  0.643972
18  1.1  0.534351
18  1.2  0.443491
18  1.3  0.375604
18  1.4  0.311786
18  1.5  0.258903
18  1.6  0.214699
18  1.7  0.179586
18  1.8  0.1507
18  1.9  0.123768
18  2.0  0.105425
18  2.5  0.0465872
18  3.0  0.0216957
18  3.5  0.0105069
18  4.0  0.00571325
18  4.5  0.00321889
18  5.0  0.0019206
18  5.5  0.00116085
18  6.0  0.000751268
18  6.5  0.000494425
18  7.0  0.00033166
18  7.5  0.000228106
18  8.0  0.00016026
18  8.5  0.000113869
18  9.0  8.23813e-05
18  9.5  6.08899e-05
18  10.0  4.49399e-05
18  10.5  3.3808e-05
18  11.0  2.59124e-05
18  11.5  1.93996e-05
18  12.0  1.44911e-05
2  0.2  0.548855
2  0.3  0.796251
2  0.4  0.996321
2  0.5  1.10521
2  0.6  1.09939
2  0.7  1.06312
2  0.8  0.966591
2  0.9  0.846711
2  1.0  0.72966
2  1.1  0.616571
2  1.2  0.520117
2  1.3  0.437215
2  1.4  0.363435
2  1.5  0.299996
2  1.6  0.251536
2  1.7  0.208744
2  1.8  0.173682
2  1.9  0.148296
2  2.0  0.124636
2  2.5  0.0555276
2  3.0  0.0259838
2  3.5  0.012799
2  4.0  0.00691852
2  4.5  0.00384912
2  5.0  0.00229483
2  5.5  0.0014169
2  6.0  0.000919853
2  6.5  0.000601701
2  7.0  0.00039938
2  7.5  0.000277253
2  8.0  0.000192671
2  8.5  0.000137707
2  9.0  9.92788e-05
2  9.5  7.29207e-05
2  10.0  5.46318e-05
2  10.5  4.07377e-05
2  11.0  3.06673e-05
2  11.5  2.3058e-05
2  12.0  1.78188e-05
20  0.2  0.51881
20  0.3  0.74254
20  0.4  0.918825
20  0.5  1.00545
20  0.6  0.999102
20  0.7  0.923263
20  0.8  0.830954
20  0.9  0.72543
20  1.0  0.616067
20  1.1  0.515641
20  1.2  0.432326
20  1.3  0.358141
20  1.4  0.296932
20  1.5  0.245926
20  1.6  0.204747
20  1.7  0.17019
20  1.8  0.142041
20  1.9  0.11568
20  2.0  0.0998999
20  2.5  0.0437586
20  3.0  0.0204329
20  3.5  0.0101347
20  4.0  0.00538402
20  4.5  0.00308756
20  5.0  0.00180047
20  5.5  0.00111252
20  6.0  0.000705879
20  6.5  0.000467471
20  7.0  0.000313552
20  7.5  0.000216285
20  8.0  0.000151762
20  8.5  0.000108168
20  9.0  7.79828e-05
20  9.5  5.6027e-05
20  10.0  4.21926e-05
20  10.5  3.1894e-05
20  11.0  2.3937e-05
20  11.5  1.82808e-05
20  12.0  1.41918e-05
22  0.2  0.508945
22  0.3  0.72999
22  0.4  0.886081
22  0.5  0.974157
22  0.6  0.932546
22  0.7  0.880917
22  0.8  0.791518
22  0.9  0.675906
22  1.0  0.580467
22  1.1  0.480469
22  1.2  0.407994
22  1.3  0.338131
22  1.4  0.277607
22  1.5  0.230119
22  1.6  0.19188
22  1.7  0.160598
22  1.8  0.129883
22  1.9  0.11109
22  2.0  0.0931929
22  2.5  0.0411378
22  3.0  0.018974
22  3.5  0.00954727
22  4.0  0.00499444
22  4.5  0.00284136
22  5.0  0.00170649
22  5.5  0.00103294
22  6.0  0.000659684
22  6.5  0.000432317
22  7.0  0.000295241
22  7.5  0.000201632
22  8.0  0.0001397
22  8.5  0.000100706
22  9.0  7.25534e-05
22  9.5  5.23986e-05
22  10.0  3.78396e-05
22  10.5  2.89598e-05
22  11.0  2.2286e-05
22  11.5  1.67511e-05
22  12.0  1.31116e-05
24  0.2  0.495827
24  0.3  0.710027
24  0.4  0.85798
24  0.5  0.924039
24  0.6  0.910941
24  0.7  0.835667
24  0.8  0.744825
24  0.9  0.639563
24  1.0  0.542275
24  1.1  0.453568
24  1.2  0.372603
24  1.3  0.308597
24  1.4  0.258027
24  1.5  0.212399
24  1.6  0.174867
24  1.7  0.146286
24  1.8  0.121954
24  1.9  0.102157
24  2.0  0.0855904
24  2.5  0.0374743
24  3.0  0.0173578
24  3.5  0.0085841
24  4.0  0.00453863
24  4.5  0.00258313
24  5.0  0.00152492
24  5.5  0.000967983
24  6.0  0.000603958
24  6.5  0.000395925
24  7.0  0.000265452
24  7.5  0.000179041
24  8.0  0.00012771
24  8.5  9.09933e-05
24  9.0  6.63403e-05
24  9.5  4.8193e-05
24  10.0  3.61631e-05
24  10.5  2.65359e-05
24  11.0  2.05031e-05
24  11.5  1.54965e-05
24  12.0  1.19409e-05
26  0.2  0.477819
26  0.3  0.684685
26  0.4  0.821968
26  0.5  0.856338
26  0.6  0.841662
26  0.7  0.772223
26  0.8  0.672417
26  0.9  0.583829
26  1.0  0.488704
26  1.1  0.409482
26  1.2  0.336821
26  1.3  0.278499
26  1.4  0.229835
26  1.5  0.190043
26  1.6  0.156694
26  1.7  0.13005
26  1.8  0.109378
26  1.9  0.0901385
26  2.0  0.0758797
26  2.5  0.0332818
26  3.0  0.0151251
26  3.5  0.00753559
26  4.0  0.00403433
26  4.5  0.00227735
26  5.0  0.00134259
26  5.5  0.000826839
26  6.0  0.000530016
26  6.5  0.000348417
26  7.0  0.000235412
26  7.5  0.000162734
26  8.0  0.000112673
26  8.5  8.10429e-05
26  9.0  5.75438e-05
26  9.5  4.25829e-05
26  10.0  3.17797e-05
26  10.5  2.34587e-05
26  11.0  1.77175e-05
26  11.5  1.3703e-05
26  12.0  1.06085e-05
28  0.2  0.44911
28  0.3  0.645973
28  0.4  0.756445
28  0.5  0.792011
28  0.6  0.756655
28  0.7  0.68643
28  0.8  0.596755
28  0.9  0.507312
28  1.0  0.424229
28  1.1  0.351906
28  1.2  0.287623
28  1.3  0.238708
28  1.4  0.19501
28  1.5  0.159809
28  1.6  0.131401
28  1.7  0.11055
28  1.8  0.0920376
28  1.9  0.0758526
28  2.0  0.0646941
28  2.5  0.027944
28  3.0  0.0129874
28  3.5  0.00635399
28  4.0  0.00337976
28  4.5  0.00191017
28  5.0  0.00112879
28  5.5  0.000697929
28  6.0  0.000441231
28  6.5  0.000294107
28  7.0  0.00019565
28  7.5  0.00013467
28  8.0  9.52674e-05
28  8.5  6.76238e-05
28  9.0  4.91544e-05
28  9.5  3.56112e-05
28  10.0  2.58939e-05
28  10.5  1.94885e-05
28  11.0  1.48466e-05
28  11.5  1.121e-05
28  12.0  8.82533e-06
30  0.2  0.420972
30  0.3  0.582446
30  0.4  0.67712
30  0.5  0.686333
30  0.6  0.632047
30  0.7  0.576309
30  0.8  0.493208
30  0.9  0.412993
30  1.0  0.342745
30  1.1  0.283287
30  1.2  0.232682
30  1.3  0.192127
30  1.4  0.156555
30  1.5  0.129155
30  1.6  0.106369
30  1.7  0.0873334
30  1.8  0.0724276
30  1.9  0.0604071
30  2.0  0.0505729
30  2.5  0.0219098
30  3.0  0.0102329
30  3.5  0.00498372
30  4.0  0.00269206
30  4.5  0.00148748
30  5.0  0.000882015
30  5.5  0.000546976
30  6.0  0.000346712
30  6.5  0.000226699
30  7.0  0.000153447
30  7.5  0.00010441
30  8.0  7.41112e-05
30  8.5  5.28264e-05
30  9.0  3.77722e-05
30  9.5  2.79414e-05
30  10.0  2.0844e-05
30  10.5  1.56608e-05
30  11.0  1.16339e-05
30  11.5  8.83763e-06
30  12.0  6.87817e-06
32  0.2  0.371915
32  0.3  0.505337
32  0.4  0.5605
32  0.5  0.551108
32  0.6  0.503977
32  0.7  0.438648
32  0.8  0.375829
32  0.9  0.310953
32  1.0  0.257454
32  1.1  0.209856
32  1.2  0.172283
32  1.3  0.139553
32  1.4  0.114049
32  1.5  0.0937202
32  1.6  0.0767362
32  1.7  0.0638198
32  1.8  0.0523146
32  1.9  0.0439772
32  2.0  0.0366251
32  2.5  0.0157125
32  3.0  0.00729792
32  3.5  0.00354254
32  4.0  0.0018934
32  4.5  0.00107586
32  5.0  0.000630115
32  5.5  0.00038998
32  6.0  0.000246497
32  6.5  0.000161927
32  7.0  0.000110651
32  7.5  7.41056e-05
32  8.0  5.31288e-05
32  8.5  3.75727e-05
32  9.0  2.69314e-05
32  9.5  1.98768e-05
32  10.0  1.48989e-05
32  10.5  1.11433e-05
32  11.0  8.33539e-06
32  11.5  6.42439e-06
32  12.0  4.90635e-06
4  0.2  0.549418
4  0.3  0.793336
4  0.4  0.99529
4  0.5  1.09052
4  0.6  1.10292
4  0.7  1.06121
4  0.8  0.947295
4  0.9  0.848801
4  1.0  0.731056
4  1.1  0.616562
4  1.2  0.51917
4  1.3  0.434502
4  1.4  0.356288
4  1.5  0.302395
4  1.6  0.248025
4  1.7  0.209972
4  1.8  0.177101
4  1.9  0.146499
4  2.0  0.123487
4  2.5  0.0546426
4  3.0  0.025608
4  3.5  0.0127756
4  4.0  0.0067864
4  4.5  0.0038493
4  5.0  0.00231802
4  5.5  0.00141247
4  6.0  0.000901331
4  6.5  0.000591916
4  7.0  0.000401692
4  7.5  0.000274416
4  8.0  0.000191101
4  8.5  0.000136367
4  9.0  9.90324e-05
4  9.5  7.20758e-05
4  10.0  5.36277e-05
4  10.5  4.05089e-05
4  11.0  3.07256e-05
4  11.5  2.32223e-05
4  12.0  1.79332e-05
6  0.2  0.546981
6  0.3  0.784802
6  0.4  0.976518
6  0.5  1.08463
6  0.6  1.08463
6  0.7  1.05681
6  0.8  0.956528
6  0.9  0.83531
6  1.0  0.721666
6  1.1  0.611774
6  1.2  0.511393
6  1.3  0.430842
6  1.4  0.359234
6  1.5  0.298172
6  1.6  0.249094
6  1.7  0.207488
6  1.8  0.17191
6  1.9  0.144551
6  2.0  0.123071
6  2.5  0.054603
6  3.0  0.0255173
6  3.5  0.0127395
6  4.0  0.00674181
6  4.5  0.00380714
6  5.0  0.00226912
6  5.5  0.00140442
6  6.0  0.000886704
6  6.5  0.000586128
6  7.0  0.000397552
6  7.5  0.000266952
6  8.0  0.000190385
6  8.5  0.000134896
6  9.0  9.84862e-05
6  9.5  7.16526e-05
6  10.0  5.37408e-05
6  10.5  4.01024e-05
6  11.0  3.02207e-05
6  11.5  2.31603e-05
6  12.0  1.78157e-05
8  0.2  0.546291
8  0.3  0.78974
8  0.4  0.984194
8  0.5  1.09277
8  0.6  1.10451
8  0.7  1.03273
8  0.8  0.951904
8  0.9  0.813406
8  1.0  0.718159
8  1.1  0.596926
8  1.2  0.510295
8  1.3  0.423633
8  1.4  0.351367
8  1.5  0.29564
8  1.6  0.246498
8  1.7  0.203375
8  1.8  0.171952
8  1.9  0.138851
8  2.0  0.119652
8  2.5  0.0540611
8  3.0  0.0250383
8  3.5  0.0125805
8  4.0  0.00667108
8  4.5  0.00376136
8  5.0  0.00223684
8  5.5  0.00137752
8  6.0  0.000886706
8  6.5  0.000576337
8  7.0  0.000390774
8  7.5  0.000266003
8  8.0  0.000186705
8  8.5  0.000132876
8  9.0  9.69402e-05
8  9.5  7.10244e-05
8  10.0  5.26189e-05
8  10.5  3.87683e-05
8  11.0  2.99457e-05
8  11.5  2.30029e-05
8  12.0  1.75534e-05
