# diffractive D0 cross section, Pb target, HymnD fragmentation, An0n channel
# generated      : 2026-08-24 16:54:18 EEST
# calls          : 1e5 (VEGAS calls per point, see CALLS_EXCL/CALLS_EXCL_FACTORIZED/CALLS_DIFF)
# dipole samples : data/Pb/mve/glauber_mve_<b>
# pD0 sweep      : 0.2 0.3 0.4 0.5 0.6 0.7 0.8 0.9 1.0 1.1 1.2 1.3 1.4 1.5 1.6 1.7 1.8 1.9 2.0 2.5 3.0 3.5 4.0 4.5 5.0 5.5 6.0 6.5 7.0 7.5 8.0 8.5 9.0 9.5 10.0 10.5 11.0 11.5 12.0
# fixed rapidity y : 2.5
# ============================================================
# b  pD0  dsigma_dyd2pD0
0  0.2  0.12573
0  0.3  0.185001
0  0.4  0.224621
0  0.5  0.243585
0  0.6  0.237957
0  0.7  0.214933
0  0.8  0.185232
0  0.9  0.154398
0  1.0  0.124745
0  1.1  0.101042
0  1.2  0.0785649
0  1.3  0.0621752
0  1.4  0.0501144
0  1.5  0.0394616
0  1.6  0.0310602
0  1.7  0.0246448
0  1.8  0.0193994
0  1.9  0.0153765
0  2.0  0.0123625
0  2.5  0.00420624
0  3.0  0.00145995
0  3.5  0.00056192
0  4.0  0.000234971
0  4.5  0.000100916
0  5.0  4.88662e-05
0  5.5  2.34636e-05
0  6.0  1.15563e-05
0  6.5  6.32868e-06
0  7.0  3.42701e-06
0  7.5  1.8922e-06
0  8.0  1.08497e-06
0  8.5  6.26362e-07
0  9.0  3.704e-07
0  9.5  2.22666e-07
0  10.0  1.35095e-07
0  10.5  8.37517e-08
0  11.0  5.31785e-08
0  11.5  3.38818e-08
10  0.2  0.126052
10  0.3  0.183382
0  12.0  2.12706e-08
10  0.4  0.221231
10  0.5  0.23837
10  0.6  0.231795
10  0.7  0.209006
10  0.8  0.181353
10  0.9  0.147463
10  1.0  0.11955
10  1.1  0.0961934
10  1.2  0.0769059
10  1.3  0.0603273
10  1.4  0.0477456
10  1.5  0.037384
10  1.6  0.0294965
10  1.7  0.0230734
10  1.8  0.0184268
10  1.9  0.0146316
10  2.0  0.0117617
10  2.5  0.00393889
10  3.0  0.00139071
10  3.5  0.000535585
10  4.0  0.000220783
10  4.5  9.83589e-05
10  5.0  4.57763e-05
10  5.5  2.17352e-05
10  6.0  1.12443e-05
10  6.5  5.9554e-06
10  7.0  3.20013e-06
10  7.5  1.8061e-06
10  8.0  1.01591e-06
10  8.5  6.00739e-07
10  9.0  3.53197e-07
10  9.5  2.12138e-07
10  10.0  1.31065e-07
10  10.5  7.86319e-08
10  11.0  5.08761e-08
10  11.5  3.14639e-08
12  0.2  0.125766
12  0.3  0.182541
10  12.0  1.96504e-08
12  0.4  0.220535
12  0.5  0.238694
12  0.6  0.228551
12  0.7  0.206368
12  0.8  0.178374
12  0.9  0.146673
12  1.0  0.118597
12  1.1  0.0946709
12  1.2  0.0757068
12  1.3  0.0584022
12  1.4  0.0466633
12  1.5  0.035968
12  1.6  0.0291138
12  1.7  0.0224177
12  1.8  0.017822
12  1.9  0.0142702
12  2.0  0.0113763
12  2.5  0.00388332
12  3.0  0.00135706
12  3.5  0.000523731
12  4.0  0.000218851
12  4.5  9.78853e-05
12  5.0  4.55003e-05
12  5.5  2.1891e-05
12  6.0  1.10373e-05
12  6.5  5.7965e-06
12  7.0  3.28347e-06
12  7.5  1.76479e-06
12  8.0  1.00499e-06
12  8.5  5.7502e-07
12  9.0  3.47813e-07
12  9.5  2.07108e-07
12  10.0  1.28568e-07
12  10.5  7.58239e-08
12  11.0  4.9138e-08
12  11.5  3.14791e-08
14  0.2  0.124131
12  12.0  1.92825e-08
14  0.3  0.180218
14  0.4  0.216698
14  0.5  0.232815
14  0.6  0.22534
14  0.7  0.203102
14  0.8  0.173629
14  0.9  0.143586
14  1.0  0.116304
14  1.1  0.0924915
14  1.2  0.0736138
14  1.3  0.0583899
14  1.4  0.0452452
14  1.5  0.035391
14  1.6  0.027889
14  1.7  0.0220553
14  1.8  0.017796
14  1.9  0.0140729
14  2.0  0.0112959
14  2.5  0.00374076
14  3.0  0.00133822
14  3.5  0.000518638
14  4.0  0.000214441
14  4.5  9.34467e-05
14  5.0  4.30791e-05
14  5.5  2.12825e-05
14  6.0  1.09863e-05
14  6.5  5.58268e-06
14  7.0  3.08323e-06
14  7.5  1.68945e-06
14  8.0  9.58257e-07
14  8.5  5.65789e-07
14  9.0  3.3052e-07
14  9.5  2.03302e-07
14  10.0  1.2262e-07
14  10.5  7.67033e-08
14  11.0  4.81505e-08
14  11.5  2.9893e-08
16  0.2  0.123869
16  0.3  0.179988
14  12.0  1.95644e-08
16  0.4  0.216416
16  0.5  0.230375
16  0.6  0.220872
16  0.7  0.19939
16  0.8  0.171234
16  0.9  0.140403
16  1.0  0.113448
16  1.1  0.0904952
16  1.2  0.070318
16  1.3  0.0565913
16  1.4  0.0438021
16  1.5  0.0345264
16  1.6  0.0273816
16  1.7  0.0215576
16  1.8  0.0173546
16  1.9  0.0136391
16  2.0  0.0107988
16  2.5  0.00369944
16  3.0  0.00127585
16  3.5  0.000493657
16  4.0  0.000208302
16  4.5  9.05555e-05
16  5.0  4.23747e-05
16  5.5  2.03418e-05
16  6.0  1.01946e-05
16  6.5  5.495e-06
16  7.0  2.93732e-06
16  7.5  1.66233e-06
16  8.0  9.36258e-07
16  8.5  5.30175e-07
16  9.0  3.22971e-07
16  9.5  1.88458e-07
16  10.0  1.18704e-07
16  10.5  7.31178e-08
16  11.0  4.6845e-08
16  11.5  2.9146e-08
18  0.2  0.121884
18  0.3  0.176957
18  0.4  0.212244
18  0.5  0.226999
16  12.0  1.88577e-08
18  0.6  0.216081
18  0.7  0.194516
18  0.8  0.165579
18  0.9  0.136319
18  1.0  0.106999
18  1.1  0.0867836
18  1.2  0.0698211
18  1.3  0.0539704
18  1.4  0.0425398
18  1.5  0.0335563
18  1.6  0.0268681
18  1.7  0.0207499
18  1.8  0.0162872
18  1.9  0.0131042
18  2.0  0.0102819
18  2.5  0.00347487
18  3.0  0.00123061
18  3.5  0.000455506
18  4.0  0.000199352
18  4.5  8.35675e-05
18  5.0  4.01425e-05
18  5.5  1.93246e-05
18  6.0  9.58873e-06
18  6.5  5.21928e-06
18  7.0  2.8539e-06
18  7.5  1.52106e-06
18  8.0  8.94677e-07
18  8.5  5.12006e-07
18  9.0  3.04324e-07
18  9.5  1.82339e-07
18  10.0  1.11555e-07
18  10.5  6.95634e-08
18  11.0  4.42311e-08
18  11.5  2.77954e-08
2  0.2  0.125513
2  0.3  0.18537
2  0.4  0.22565
18  12.0  1.80717e-08
2  0.5  0.243582
2  0.6  0.235645
2  0.7  0.215188
2  0.8  0.185684
2  0.9  0.153199
2  1.0  0.124275
2  1.1  0.100433
2  1.2  0.079067
2  1.3  0.0633645
2  1.4  0.049293
2  1.5  0.0390043
2  1.6  0.0310871
2  1.7  0.0249584
2  1.8  0.0192784
2  1.9  0.0152971
2  2.0  0.0122485
2  2.5  0.00414907
2  3.0  0.00147187
2  3.5  0.000559858
2  4.0  0.00023023
2  4.5  0.000103659
2  5.0  4.9131e-05
2  5.5  2.36081e-05
2  6.0  1.19962e-05
2  6.5  6.28411e-06
2  7.0  3.40753e-06
2  7.5  1.87393e-06
2  8.0  1.08199e-06
2  8.5  6.2386e-07
2  9.0  3.71682e-07
2  9.5  2.21321e-07
2  10.0  1.35911e-07
2  10.5  8.35458e-08
2  11.0  5.32182e-08
2  11.5  3.36439e-08
2  12.0  2.08893e-08
20  0.2  0.120091
20  0.3  0.175352
20  0.4  0.209837
20  0.5  0.220185
20  0.6  0.211123
20  0.7  0.187437
20  0.8  0.159647
20  0.9  0.131328
20  1.0  0.105329
20  1.1  0.0831858
20  1.2  0.0651882
20  1.3  0.0520034
20  1.4  0.0407073
20  1.5  0.0318654
20  1.6  0.0251373
20  1.7  0.0198927
20  1.8  0.0153069
20  1.9  0.0121804
20  2.0  0.00980752
20  2.5  0.00329873
20  3.0  0.00116531
20  3.5  0.000450547
20  4.0  0.000187589
20  4.5  8.06719e-05
20  5.0  3.58841e-05
20  5.5  1.87982e-05
20  6.0  9.45143e-06
20  6.5  4.81103e-06
20  7.0  2.69454e-06
20  7.5  1.42467e-06
20  8.0  8.37869e-07
20  8.5  4.87059e-07
20  9.0  2.8971e-07
20  9.5  1.73939e-07
20  10.0  1.06915e-07
20  10.5  6.54388e-08
20  11.0  4.14558e-08
20  11.5  2.61379e-08
22  0.2  0.119745
22  0.3  0.173316
22  0.4  0.207722
20  12.0  1.63417e-08
22  0.5  0.214154
22  0.6  0.20392
22  0.7  0.180457
22  0.8  0.152741
22  0.9  0.124518
22  1.0  0.100126
22  1.1  0.0781325
22  1.2  0.0622716
22  1.3  0.0489253
22  1.4  0.0383585
22  1.5  0.030101
22  1.6  0.0234394
22  1.7  0.0185611
22  1.8  0.0145721
22  1.9  0.0116383
22  2.0  0.00917612
22  2.5  0.003048
22  3.0  0.00109085
22  3.5  0.000420377
22  4.0  0.000171933
22  4.5  7.35139e-05
22  5.0  3.47682e-05
22  5.5  1.71467e-05
22  6.0  8.66894e-06
22  6.5  4.59938e-06
22  7.0  2.43093e-06
22  7.5  1.34356e-06
22  8.0  7.79702e-07
22  8.5  4.36171e-07
22  9.0  2.63527e-07
22  9.5  1.65558e-07
22  10.0  9.8965e-08
22  10.5  6.11895e-08
22  11.0  3.80528e-08
22  11.5  2.39046e-08
22  12.0  1.57688e-08
24  0.2  0.117616
24  0.3  0.167765
24  0.4  0.199781
24  0.5  0.205407
24  0.6  0.194444
24  0.7  0.169739
24  0.8  0.1427
24  0.9  0.116511
24  1.0  0.0922596
24  1.1  0.0727233
24  1.2  0.0578647
24  1.3  0.044674
24  1.4  0.0351136
24  1.5  0.0276128
24  1.6  0.0216609
24  1.7  0.0169616
24  1.8  0.0134031
24  1.9  0.010356
24  2.0  0.00835117
24  2.5  0.00276686
24  3.0  0.00099899
24  3.5  0.000376778
24  4.0  0.00015563
24  4.5  6.51418e-05
24  5.0  3.02293e-05
24  5.5  1.54712e-05
24  6.0  8.05269e-06
24  6.5  4.18573e-06
24  7.0  2.24165e-06
24  7.5  1.2687e-06
24  8.0  7.16944e-07
24  8.5  4.27429e-07
24  9.0  2.36688e-07
24  9.5  1.47385e-07
24  10.0  8.99605e-08
24  10.5  5.55085e-08
24  11.0  3.46546e-08
24  11.5  2.1593e-08
26  0.2  0.112906
24  12.0  1.43346e-08
26  0.3  0.161063
26  0.4  0.188435
26  0.5  0.194834
26  0.6  0.177044
26  0.7  0.157114
26  0.8  0.128923
26  0.9  0.10655
26  1.0  0.0836347
26  1.1  0.0662918
26  1.2  0.0512821
26  1.3  0.0400956
26  1.4  0.0313276
26  1.5  0.0246329
26  1.6  0.0188667
26  1.7  0.0150981
26  1.8  0.0118302
26  1.9  0.00924538
26  2.0  0.00743933
26  2.5  0.00253292
26  3.0  0.000871393
26  3.5  0.000338558
26  4.0  0.000138343
26  4.5  6.01954e-05
26  5.0  2.68572e-05
26  5.5  1.34493e-05
26  6.0  7.06769e-06
26  6.5  3.6762e-06
26  7.0  1.98435e-06
26  7.5  1.11278e-06
26  8.0  6.11946e-07
26  8.5  3.68192e-07
26  9.0  2.13076e-07
26  9.5  1.27964e-07
26  10.0  7.84013e-08
26  10.5  4.76499e-08
26  11.0  3.10732e-08
26  11.5  1.99168e-08
28  0.2  0.107476
28  0.3  0.152389
28  0.4  0.177882
28  0.5  0.177623
26  12.0  1.27354e-08
28  0.6  0.16223
28  0.7  0.137977
28  0.8  0.112854
28  0.9  0.0922186
28  1.0  0.0733122
28  1.1  0.0569624
28  1.2  0.0447305
28  1.3  0.0345546
28  1.4  0.0277736
28  1.5  0.0209012
28  1.6  0.016366
28  1.7  0.0126239
28  1.8  0.00982531
28  1.9  0.00792302
28  2.0  0.0061371
28  2.5  0.00211838
28  3.0  0.000745553
28  3.5  0.000278316
28  4.0  0.000115274
28  4.5  5.26004e-05
28  5.0  2.39729e-05
28  5.5  1.15844e-05
28  6.0  5.89043e-06
28  6.5  3.0616e-06
28  7.0  1.68318e-06
28  7.5  8.95321e-07
28  8.0  5.28053e-07
28  8.5  3.04911e-07
28  9.0  1.80906e-07
28  9.5  1.06965e-07
28  10.0  6.74483e-08
28  10.5  4.1516e-08
28  11.0  2.57286e-08
28  11.5  1.65066e-08
30  0.2  0.0996769
30  0.3  0.140266
30  0.4  0.158317
30  0.5  0.153856
28  12.0  1.06728e-08
30  0.6  0.136747
30  0.7  0.114654
30  0.8  0.095631
30  0.9  0.0757222
30  1.0  0.0592067
30  1.1  0.0460966
30  1.2  0.0360167
30  1.3  0.0280248
30  1.4  0.021242
30  1.5  0.016786
30  1.6  0.0128239
30  1.7  0.0101597
30  1.8  0.00772442
30  1.9  0.00627878
30  2.0  0.00496675
30  2.5  0.00160037
30  3.0  0.000574739
30  3.5  0.000215204
30  4.0  9.42355e-05
30  4.5  4.06455e-05
30  5.0  1.89627e-05
30  5.5  9.26765e-06
30  6.0  4.64452e-06
30  6.5  2.34871e-06
30  7.0  1.27627e-06
30  7.5  7.05048e-07
30  8.0  4.16895e-07
30  8.5  2.42286e-07
30  9.0  1.39707e-07
30  9.5  8.64498e-08
30  10.0  5.30592e-08
30  10.5  3.23463e-08
30  11.0  2.06965e-08
30  11.5  1.29188e-08
32  0.2  0.0925143
30  12.0  8.3562e-09
32  0.3  0.121811
32  0.4  0.130707
32  0.5  0.123409
32  0.6  0.105852
32  0.7  0.0879715
32  0.8  0.0699588
32  0.9  0.0567838
32  1.0  0.0440443
32  1.1  0.0339808
32  1.2  0.025776
32  1.3  0.0201111
32  1.4  0.0159471
32  1.5  0.012102
32  1.6  0.00941758
32  1.7  0.00725016
32  1.8  0.00565606
32  1.9  0.00466456
32  2.0  0.00363283
32  2.5  0.00118005
32  3.0  0.000430225
32  3.5  0.000158305
32  4.0  6.42528e-05
32  4.5  2.77755e-05
32  5.0  1.27387e-05
32  5.5  6.28388e-06
32  6.0  3.16867e-06
32  6.5  1.68219e-06
32  7.0  9.28071e-07
32  7.5  5.31521e-07
32  8.0  2.9221e-07
32  8.5  1.74155e-07
32  9.0  1.01214e-07
32  9.5  6.0217e-08
32  10.0  3.69432e-08
32  10.5  2.35655e-08
32  11.0  1.47822e-08
32  11.5  9.36681e-09
4  0.2  0.127222
32  12.0  5.86417e-09
4  0.3  0.184814
4  0.4  0.224464
4  0.5  0.242234
4  0.6  0.234997
4  0.7  0.213304
4  0.8  0.185011
4  0.9  0.152264
4  1.0  0.124312
4  1.1  0.0997916
4  1.2  0.0804027
4  1.3  0.0621345
4  1.4  0.0498315
4  1.5  0.0388264
4  1.6  0.030529
4  1.7  0.0240661
4  1.8  0.0187832
4  1.9  0.0153032
4  2.0  0.0122265
4  2.5  0.00408367
4  3.0  0.00145741
4  3.5  0.000564787
4  4.0  0.000228992
4  4.5  0.000105355
4  5.0  4.90384e-05
4  5.5  2.29338e-05
4  6.0  1.17776e-05
4  6.5  6.13213e-06
4  7.0  3.33918e-06
4  7.5  1.87318e-06
4  8.0  1.06199e-06
4  8.5  6.2675e-07
4  9.0  3.65313e-07
4  9.5  2.19815e-07
4  10.0  1.3454e-07
4  10.5  8.34208e-08
4  11.0  5.08565e-08
4  11.5  3.34666e-08
4  12.0  2.12285e-08
6  0.2  0.123921
6  0.3  0.183893
6  0.4  0.223628
6  0.5  0.241983
6  0.6  0.234823
6  0.7  0.212723
6  0.8  0.184228
6  0.9  0.152624
6  1.0  0.123499
6  1.1  0.0997139
6  1.2  0.0766391
6  1.3  0.0626919
6  1.4  0.0492254
6  1.5  0.0386359
6  1.6  0.0305751
6  1.7  0.0239447
6  1.8  0.0187621
6  1.9  0.0150523
6  2.0  0.0120561
6  2.5  0.00411275
6  3.0  0.00147303
6  3.5  0.000566288
6  4.0  0.000230824
6  4.5  0.000104013
6  5.0  4.8327e-05
6  5.5  2.26495e-05
6  6.0  1.17268e-05
6  6.5  6.1343e-06
6  7.0  3.31238e-06
6  7.5  1.87686e-06
6  8.0  1.05656e-06
6  8.5  6.11354e-07
6  9.0  3.57463e-07
6  9.5  2.18914e-07
6  10.0  1.32582e-07
6  10.5  8.18651e-08
6  11.0  5.19784e-08
6  11.5  3.27822e-08
8  0.2  0.126753
8  0.3  0.183986
6  12.0  2.14751e-08
8  0.4  0.223609
8  0.5  0.240817
8  0.6  0.234221
8  0.7  0.206821
8  0.8  0.182639
8  0.9  0.15129
8  1.0  0.122588
8  1.1  0.0981104
8  1.2  0.0781544
8  1.3  0.0618759
8  1.4  0.0482124
8  1.5  0.0380699
8  1.6  0.0301451
8  1.7  0.0238646
8  1.8  0.0185823
8  1.9  0.0146777
8  2.0  0.011864
8  2.5  0.00401521
8  3.0  0.00146416
8  3.5  0.000557927
8  4.0  0.000230263
8  4.5  0.000102437
8  5.0  4.74212e-05
8  5.5  2.29279e-05
8  6.0  1.15557e-05
8  6.5  6.00882e-06
8  7.0  3.27686e-06
8  7.5  1.81942e-06
8  8.0  1.04934e-06
8  8.5  6.18574e-07
8  9.0  3.56765e-07
8  9.5  2.12686e-07
8  10.0  1.3038e-07
8  10.5  8.25323e-08
8  11.0  5.1186e-08
8  11.5  3.22746e-08
8  12.0  2.08408e-08
