# diffractive D0 cross section, Pb target, LHAPDF fragmentation, An0n channel
# generated      : 2026-08-19 15:29:19 EEST
# calls          : 1e5 (VEGAS calls per point, see CALLS_EXCL/CALLS_EXCL_FACTORIZED/CALLS_DIFF)
# dipole samples : data/Pb/bk_posterior/member_0081/glauber_mve_<b>
# pD0 sweep      : 0.2 0.3 0.4 0.5 0.6 0.7 0.8 0.9 1.0 1.1 1.2 1.3 1.4 1.5 1.6 1.7 1.8 1.9 2.0 2.5 3.0 3.5 4.0 4.5 5.0 5.5 6.0 6.5 7.0 7.5 8.0 8.5 9.0 9.5 10.0 10.5 11.0 11.5 12.0
# fixed rapidity y : 0.0
# ============================================================
# b  pD0  dsigma_dyd2pD0
0  0.2  0.539401
0  0.3  0.802036
0  0.5  1.11122
0  0.4  0.990052
0  0.6  1.13648
0  0.8  0.975684
0  0.9  0.868489
0  0.7  1.0777
0  1.0  0.73614
0  1.1  0.619569
0  1.3  0.441343
0  1.4  0.363235
0  1.2  0.521579
0  1.7  0.207263
0  1.6  0.251397
0  1.5  0.303868
0  1.9  0.145316
0  1.8  0.175745
0  2.0  0.122049
0  3.0  0.025724
0  2.5  0.0535609
0  3.5  0.0132204
0  4.0  0.00730856
0  5.5  0.00163458
0  4.5  0.00431039
0  5.0  0.00257538
0  6.0  0.00107673
0  7.5  0.000338781
0  6.5  0.00071775
0  7.0  0.000484261
0  8.0  0.000240989
0  8.5  0.000176678
0  10.5  5.72107e-05
0  9.0  0.000132532
0  9.5  9.64379e-05
0  10.0  7.27007e-05
10  0.2  0.541422
10  0.3  0.777595
10  0.4  0.967967
10  0.5  1.0986
10  0.6  1.11319
10  0.7  1.04776
10  0.8  0.937796
10  0.9  0.836507
10  1.0  0.712382
10  1.1  0.604062
10  1.2  0.503794
10  1.3  0.417693
10  1.4  0.347294
10  1.5  0.290074
10  1.6  0.238834
10  1.7  0.198769
10  1.9  0.137425
10  1.8  0.165061
10  2.0  0.117616
10  2.5  0.0513067
0  11.0  4.27144e-05
10  3.0  0.0243767
10  3.5  0.0125166
0  11.5  3.31041e-05
0  12.0  2.58738e-05
10  4.0  0.00701907
10  4.5  0.00407357
10  5.0  0.00246446
10  6.0  0.0010206
10  5.5  0.00153524
10  7.5  0.000323444
10  6.5  0.000673807
10  7.0  0.000464235
10  8.0  0.000230856
10  8.5  0.000167124
10  9.0  0.000126233
10  10.5  5.28822e-05
10  9.5  9.37039e-05
10  10.0  6.89697e-05
12  0.2  0.537227
12  0.3  0.772262
12  0.4  0.9619
12  0.5  1.08545
12  0.6  1.07786
12  0.7  1.04031
12  0.8  0.929474
12  0.9  0.814844
12  1.0  0.700819
12  1.1  0.589853
12  1.2  0.496006
12  1.3  0.409632
12  1.5  0.283102
12  1.4  0.344191
12  1.6  0.233244
10  11.0  4.07815e-05
12  1.7  0.193793
10  12.0  2.48005e-05
12  1.8  0.164753
12  1.9  0.137667
12  2.0  0.113996
12  2.5  0.0500219
12  3.0  0.0235675
12  3.5  0.0123614
10  11.5  3.17197e-05
12  4.0  0.00690388
12  6.0  0.00100746
12  4.5  0.00393456
12  5.0  0.00243187
12  6.5  0.0006593
12  5.5  0.0015021
12  7.0  0.00044779
12  7.5  0.000312023
12  8.5  0.000163386
12  8.0  0.000230844
12  9.0  0.000123104
12  9.5  9.24856e-05
12  10.0  6.90521e-05
14  0.2  0.533293
12  10.5  5.12029e-05
14  0.3  0.768329
14  0.4  0.970385
14  0.5  1.07355
14  0.6  1.08886
14  0.7  1.00911
14  0.8  0.914375
14  0.9  0.805377
14  1.0  0.694521
14  1.1  0.574222
14  1.2  0.483955
14  1.3  0.399105
14  1.4  0.328903
12  11.0  4.02051e-05
14  1.5  0.279372
14  1.6  0.232106
14  1.7  0.190552
14  1.9  0.133089
14  1.8  0.159936
14  2.0  0.112245
14  2.5  0.048634
14  3.5  0.012134
14  3.0  0.0231878
12  11.5  3.08794e-05
12  12.0  2.41901e-05
14  5.0  0.00233942
14  4.0  0.0066564
14  5.5  0.00147401
14  4.5  0.00382869
14  6.0  0.000951938
14  6.5  0.000646568
14  7.0  0.000441051
14  8.5  0.000158616
14  7.5  0.000313343
14  8.0  0.000225367
14  9.0  0.000115774
14  9.5  8.78767e-05
14  10.0  6.56985e-05
16  0.2  0.523626
14  11.5  2.9699e-05
16  0.3  0.770828
16  0.4  0.949954
16  0.5  1.05048
14  10.5  5.00143e-05
16  0.6  1.05505
16  0.7  1.00035
16  0.8  0.894806
16  0.9  0.781549
16  1.0  0.662931
16  1.1  0.560177
16  1.2  0.472459
16  1.3  0.389798
16  1.4  0.324646
16  1.6  0.21821
16  1.5  0.265576
16  1.7  0.185758
16  1.8  0.15289
16  1.9  0.128567
14  11.0  3.85898e-05
16  2.0  0.107652
16  2.5  0.0472252
16  3.0  0.0221215
16  3.5  0.0115869
14  12.0  2.41991e-05
16  4.0  0.00629834
16  4.5  0.00367478
16  6.0  0.000922082
16  5.0  0.00221919
16  5.5  0.00139967
16  7.5  0.000304974
16  6.5  0.000617059
16  7.0  0.000426281
16  8.5  0.000155381
16  8.0  0.00021131
16  9.5  8.31435e-05
16  9.0  0.000115832
16  10.0  6.38621e-05
18  0.2  0.519973
18  0.3  0.752768
18  0.4  0.937978
16  11.5  2.8912e-05
18  0.5  1.03614
18  0.6  1.04279
16  10.5  4.96845e-05
18  0.7  0.972459
18  0.8  0.863908
18  0.9  0.765182
18  1.0  0.641227
18  1.1  0.54621
18  1.2  0.452156
18  1.3  0.377633
18  1.4  0.31123
18  1.5  0.256349
18  1.6  0.209916
18  1.7  0.177097
18  1.8  0.147274
18  1.9  0.122614
16  11.0  3.68101e-05
18  2.0  0.103082
18  3.0  0.0217786
18  2.5  0.044763
18  3.5  0.0110102
16  12.0  2.24555e-05
18  4.0  0.0061527
18  4.5  0.00349364
18  5.5  0.00137544
18  5.0  0.00211279
18  6.0  0.0008781
18  7.5  0.000283971
18  6.5  0.000590454
18  8.0  0.000201054
18  7.0  0.000400109
18  8.5  0.000149789
18  9.0  0.00010746
18  10.5  4.62626e-05
18  9.5  8.04506e-05
18  10.0  6.0246e-05
2  0.2  0.541256
2  0.3  0.781828
2  0.4  1.00067
2  0.5  1.11353
2  0.6  1.12013
2  0.7  1.06435
2  0.8  0.975272
2  0.9  0.859936
2  1.0  0.736848
2  1.1  0.622804
2  1.2  0.520025
18  11.0  3.53391e-05
2  1.3  0.433535
2  1.4  0.361029
2  1.5  0.296811
2  1.6  0.252186
2  1.7  0.208077
18  11.5  2.73517e-05
2  1.8  0.171622
2  1.9  0.146159
2  2.0  0.123002
2  3.5  0.0132373
2  2.5  0.0535444
2  3.0  0.0253574
18  12.0  2.1579e-05
2  4.0  0.00726326
2  5.5  0.00161789
2  4.5  0.00430657
2  5.0  0.00255695
2  6.0  0.00104616
2  7.5  0.00033344
2  6.5  0.000711084
2  7.0  0.000484716
2  8.0  0.000241003
2  8.5  0.000179897
2  10.5  5.71026e-05
2  9.0  0.000129289
2  9.5  9.46794e-05
2  10.0  7.28847e-05
20  0.2  0.511778
20  0.3  0.739104
20  0.4  0.919893
20  0.5  1.00448
20  0.6  0.999433
20  0.7  0.940833
20  0.8  0.84063
20  0.9  0.730106
20  1.0  0.616384
20  1.1  0.51996
20  1.2  0.428038
20  1.3  0.355489
20  1.4  0.293632
20  1.5  0.244561
20  1.6  0.20141
20  1.7  0.168209
20  1.8  0.140422
20  1.9  0.116688
2  11.0  4.38013e-05
20  2.0  0.0978313
20  2.5  0.0431837
20  3.5  0.0105124
20  3.0  0.0201847
2  11.5  3.41262e-05
2  12.0  2.65897e-05
20  5.5  0.00127149
20  4.0  0.00570342
20  4.5  0.00336816
20  5.0  0.00202775
20  6.0  0.000823257
20  6.5  0.000560859
20  8.0  0.000189394
20  7.0  0.000378726
20  7.5  0.000267458
20  8.5  0.000137339
20  9.0  0.000100294
20  9.5  7.40684e-05
20  10.5  4.33206e-05
20  10.0  5.76193e-05
22  0.2  0.502779
22  0.3  0.730871
22  0.4  0.899783
22  0.5  0.986572
22  0.6  0.966184
22  0.7  0.901924
22  0.8  0.798902
22  0.9  0.693042
22  1.0  0.58579
22  1.1  0.492541
22  1.2  0.411938
22  1.3  0.337434
22  1.4  0.28015
22  1.5  0.230243
22  1.6  0.188875
20  11.0  3.3825e-05
22  1.7  0.156713
22  1.9  0.109191
22  1.8  0.130595
22  2.0  0.0916453
22  2.5  0.0396271
22  3.5  0.00968515
22  3.0  0.0190056
20  11.5  2.58886e-05
20  12.0  2.06182e-05
22  4.0  0.00534194
22  6.0  0.000774302
22  4.5  0.00305799
22  5.0  0.00187794
22  5.5  0.00118184
22  6.5  0.000517711
22  7.0  0.000352184
22  7.5  0.000248385
22  8.0  0.000175168
22  9.5  6.98224e-05
22  8.5  0.000127938
22  9.0  9.45789e-05
22  10.0  5.41377e-05
24  0.2  0.489444
24  0.3  0.713225
24  0.4  0.868094
24  0.5  0.92529
24  0.6  0.916131
22  10.5  4.08474e-05
24  0.7  0.857447
24  0.8  0.745495
24  0.9  0.657019
24  1.0  0.541443
24  1.1  0.457894
24  1.2  0.378418
24  1.3  0.310803
24  1.4  0.255398
24  1.5  0.212318
24  1.6  0.174129
24  1.7  0.145114
24  1.8  0.120064
24  1.9  0.099667
24  2.5  0.0366601
24  2.0  0.0832199
22  11.0  3.10282e-05
24  3.0  0.0172623
24  3.5  0.00897785
22  11.5  2.43158e-05
22  12.0  1.87904e-05
24  5.5  0.00107218
24  4.0  0.00482009
24  4.5  0.00280375
24  5.0  0.00173677
24  6.5  0.000470771
24  6.0  0.000698968
24  7.0  0.000325417
24  7.5  0.000226002
24  8.0  0.000162038
24  8.5  0.000116536
24  9.0  8.60627e-05
24  9.5  6.56078e-05
26  0.2  0.474569
24  10.0  4.81593e-05
26  0.3  0.678922
26  0.4  0.825164
26  0.5  0.885527
26  0.6  0.85063
24  10.5  3.62895e-05
26  0.7  0.791058
26  0.8  0.684198
26  0.9  0.585264
26  1.0  0.48901
26  1.1  0.411846
26  1.2  0.334612
26  1.3  0.280035
24  11.0  2.8513e-05
26  1.4  0.228796
26  1.5  0.191094
26  1.6  0.155981
26  1.7  0.128721
26  1.8  0.106983
26  1.9  0.0890241
26  2.0  0.0744092
26  2.5  0.0319571
26  3.5  0.00777272
26  3.0  0.0151911
24  11.5  2.21448e-05
24  12.0  1.72849e-05
26  6.0  0.000630416
26  4.0  0.00426083
26  4.5  0.00247092
26  5.0  0.00148503
26  6.5  0.000420999
26  5.5  0.000943487
26  7.0  0.000282203
26  7.5  0.000199168
26  8.5  0.000105004
26  8.0  0.000139965
26  9.5  5.62097e-05
26  9.0  7.54419e-05
28  0.2  0.453607
26  10.0  4.27902e-05
28  0.3  0.643022
28  0.4  0.760675
28  0.5  0.800566
28  0.6  0.772735
26  10.5  3.19927e-05
28  0.7  0.691517
28  0.8  0.599919
28  0.9  0.509708
28  1.0  0.42753
28  1.2  0.291068
28  1.1  0.352402
28  1.4  0.19258
28  1.3  0.238461
28  1.5  0.159623
28  1.6  0.131526
28  1.7  0.108758
26  11.0  2.51804e-05
28  1.8  0.0902762
28  2.0  0.062353
28  1.9  0.0745555
28  2.5  0.0275814
28  3.0  0.0128577
28  3.5  0.00653166
26  11.5  1.90893e-05
26  12.0  1.5043e-05
28  4.0  0.00362948
28  4.5  0.00212221
28  6.0  0.000529744
28  5.0  0.00127101
28  5.5  0.000793564
28  7.5  0.000165474
28  6.5  0.000356269
28  7.0  0.000238023
28  8.0  0.000121849
28  8.5  8.52272e-05
28  9.0  6.5114e-05
28  9.5  4.67567e-05
28  10.0  3.5582e-05
30  0.2  0.4193
30  0.3  0.590521
30  0.4  0.673273
28  10.5  2.78279e-05
30  0.5  0.69135
30  0.6  0.651132
30  0.7  0.582639
30  0.8  0.495766
30  0.9  0.416955
30  1.0  0.345664
30  1.1  0.282588
30  1.2  0.23283
30  1.3  0.190458
30  1.4  0.156692
30  1.5  0.128076
28  11.0  2.0547e-05
30  1.6  0.105075
30  1.7  0.0863432
30  1.8  0.0715427
30  1.9  0.0591291
30  2.5  0.0213159
30  2.0  0.0490726
30  3.0  0.0102091
30  3.5  0.00521918
28  11.5  1.62729e-05
28  12.0  1.29994e-05
30  4.0  0.0028858
30  4.5  0.00166552
30  5.0  0.00101359
30  6.0  0.000412129
30  6.5  0.00027028
30  5.5  0.000618043
30  8.0  9.55068e-05
30  7.0  0.000187579
30  8.5  6.85474e-05
30  7.5  0.000132373
30  9.0  4.94818e-05
30  9.5  3.67385e-05
30  10.0  2.76056e-05
32  0.2  0.372765
30  10.5  2.10056e-05
32  0.3  0.510696
32  0.4  0.569707
32  0.5  0.559029
32  0.6  0.509838
32  0.7  0.447118
32  0.8  0.371737
32  0.9  0.315519
32  1.0  0.257528
32  1.1  0.211796
32  1.2  0.171268
32  1.3  0.137489
32  1.4  0.114032
32  1.5  0.0923043
32  1.6  0.0757563
32  1.7  0.0628572
30  11.0  1.62641e-05
32  1.9  0.0434003
32  1.8  0.0523654
32  2.0  0.0359948
32  2.5  0.0153804
32  3.5  0.00367847
32  3.0  0.00724239
30  11.5  1.27194e-05
30  12.0  9.78292e-06
32  4.0  0.00200331
32  4.5  0.00120154
32  5.0  0.000709736
32  6.0  0.00028743
32  6.5  0.000192499
32  5.5  0.000455031
32  8.5  4.80578e-05
32  7.0  0.000136041
32  7.5  9.27406e-05
32  9.5  2.64612e-05
32  8.0  6.65066e-05
32  9.0  3.50055e-05
32  10.0  1.96787e-05
34  0.2  0.315847
34  0.3  0.404023
34  0.4  0.421996
32  10.5  1.50004e-05
34  0.5  0.398948
32  12.0  6.99674e-06
34  0.6  0.357073
34  0.7  0.303757
34  0.8  0.254464
34  0.9  0.208597
34  1.0  0.169726
34  1.1  0.137103
34  1.2  0.113262
34  1.3  0.0927131
34  1.4  0.0748889
34  1.5  0.0614724
34  1.6  0.0491722
34  1.7  0.0405624
32  11.0  1.18165e-05
34  1.8  0.0335934
34  1.9  0.0280286
34  2.0  0.0234115
34  2.5  0.00999668
34  3.0  0.00465459
34  3.5  0.00239994
32  11.5  8.96046e-06
34  4.0  0.00130907
34  5.0  0.000456214
34  5.5  0.000287916
34  4.5  0.000753222
34  6.0  0.000186107
34  7.5  6.07502e-05
34  7.0  8.45604e-05
34  6.5  0.000124295
34  8.0  4.20073e-05
34  8.5  3.12936e-05
34  9.0  2.27198e-05
34  9.5  1.6856e-05
34  10.5  9.6729e-06
34  11.5  5.74646e-06
4  0.2  0.542243
34  10.0  1.27247e-05
4  0.3  0.789508
4  0.4  0.991975
4  0.5  1.10316
4  0.6  1.11794
4  0.7  1.06853
4  0.8  0.966966
4  0.9  0.845908
4  1.0  0.732249
4  1.1  0.620952
4  1.2  0.51791
4  1.3  0.435476
4  1.4  0.36419
4  1.5  0.295775
4  1.6  0.247859
4  1.7  0.207352
4  1.8  0.173039
4  1.9  0.144578
4  2.0  0.118529
34  11.0  7.41618e-06
4  2.5  0.0528207
4  3.0  0.0252857
4  3.5  0.0135167
34  12.0  4.63132e-06
4  4.0  0.00724062
4  6.0  0.00104039
4  4.5  0.00428127
4  5.5  0.00161563
4  5.0  0.00260083
4  6.5  0.000711743
4  7.0  0.000493489
4  7.5  0.000338404
4  8.0  0.000241134
4  8.5  0.000179948
4  10.5  5.54226e-05
4  9.0  0.000127127
4  9.5  9.66603e-05
4  10.0  7.42733e-05
6  0.2  0.543003
6  0.3  0.784647
6  0.4  0.995744
6  0.5  1.1007
6  0.6  1.12992
6  0.7  1.0697
6  0.8  0.953938
6  0.9  0.84411
6  1.0  0.724665
6  1.2  0.518619
6  1.1  0.618616
6  1.3  0.428107
6  1.4  0.354686
6  1.5  0.295201
6  1.6  0.245397
6  1.7  0.202504
6  1.8  0.171463
6  1.9  0.141161
6  2.0  0.121559
4  11.0  4.25714e-05
6  2.5  0.0527662
6  3.0  0.0253893
6  3.5  0.0131037
4  11.5  3.35848e-05
4  12.0  2.64277e-05
6  4.0  0.00718308
6  5.5  0.00163575
6  4.5  0.00421271
6  5.0  0.00253374
6  6.5  0.000715618
6  6.0  0.00104083
6  7.0  0.000478977
6  7.5  0.000331504
6  8.0  0.000237458
6  8.5  0.000176283
6  10.5  5.60082e-05
6  9.0  0.000127608
6  9.5  9.72276e-05
6  10.0  7.12808e-05
8  0.2  0.544344
8  0.3  0.791054
8  0.4  0.986867
8  0.5  1.09686
8  0.6  1.12381
8  0.7  1.06134
8  0.8  0.958618
8  0.9  0.835313
8  1.0  0.723232
8  1.2  0.518896
8  1.1  0.608977
8  1.3  0.423435
6  11.0  4.31435e-05
8  1.4  0.353564
8  1.5  0.292379
8  1.6  0.244068
8  1.7  0.202727
8  1.8  0.170432
8  1.9  0.141684
8  2.0  0.118284
8  2.5  0.0522893
8  3.0  0.025096
6  11.5  3.24468e-05
8  3.5  0.0127459
6  12.0  2.55973e-05
8  4.0  0.00702943
8  5.5  0.00157225
8  4.5  0.00408459
8  5.0  0.00255996
8  6.5  0.000685481
8  6.0  0.00102356
8  7.0  0.00048432
8  7.5  0.000327552
8  8.0  0.000235593
8  8.5  0.000170486
8  9.5  9.33058e-05
8  10.5  5.37531e-05
8  9.0  0.000129309
8  10.0  7.24801e-05
8  11.0  4.12554e-05
8  11.5  3.31192e-05
8  12.0  2.54927e-05
