# diffractive D0 cross section, Pb target, LHAPDF fragmentation, An0n channel
# generated      : 2026-08-20 11:03:19 EEST
# calls          : 1e5 (VEGAS calls per point, see CALLS_EXCL/CALLS_EXCL_FACTORIZED/CALLS_DIFF)
# dipole samples : data/Pb/bk_posterior/member_0048/glauber_mve_<b>
# pD0 sweep      : 0.2 0.3 0.4 0.5 0.6 0.7 0.8 0.9 1.0 1.1 1.2 1.3 1.4 1.5 1.6 1.7 1.8 1.9 2.0 2.5 3.0 3.5 4.0 4.5 5.0 5.5 6.0 6.5 7.0 7.5 8.0 8.5 9.0 9.5 10.0 10.5 11.0 11.5 12.0
# fixed rapidity y : 3.0
# ============================================================
# b  pD0  dsigma_dyd2pD0
0  0.2  0.0596918
0  0.3  0.0874563
0  0.4  0.104404
0  0.5  0.110538
0  0.7  0.0917858
0  0.6  0.104551
0  0.9  0.0605634
0  0.8  0.076045
0  1.1  0.0354253
0  1.0  0.0473934
0  1.2  0.0281397
0  1.3  0.0212316
0  1.4  0.0164675
0  1.5  0.0119561
0  1.6  0.00919982
0  1.7  0.00696231
0  2.0  0.00312406
0  1.8  0.00522713
0  1.9  0.00403713
0  2.5  0.000873869
0  3.0  0.000261179
0  3.5  8.92799e-05
0  4.0  3.30966e-05
0  4.5  1.24721e-05
0  5.0  5.2947e-06
0  5.5  2.22963e-06
0  7.0  2.20828e-07
0  6.0  9.82215e-07
0  7.5  1.12622e-07
0  6.5  4.59263e-07
0  8.0  5.69869e-08
0  8.5  2.89923e-08
0  9.0  1.52141e-08
0  9.5  7.90079e-09
0  10.0  4.33003e-09
10  0.2  0.059279
10  0.3  0.0870926
10  0.4  0.102803
0  10.5  2.41098e-09
10  0.5  0.107794
10  0.6  0.102233
10  0.7  0.0874333
10  0.8  0.0737666
10  0.9  0.0586783
10  1.1  0.0352407
10  1.0  0.0460385
10  1.3  0.0205989
10  1.2  0.0263993
10  1.4  0.0153729
10  1.5  0.0116055
10  1.6  0.00876923
10  1.7  0.00668964
10  1.8  0.00510823
10  1.9  0.00392278
0  11.0  1.33646e-09
10  2.0  0.00294854
10  2.5  0.000804201
10  3.0  0.00024647
10  3.5  8.50129e-05
0  11.5  7.55681e-10
0  12.0  4.41927e-10
10  4.0  3.11899e-05
10  4.5  1.22173e-05
10  5.0  4.99175e-06
10  5.5  2.16697e-06
10  7.5  1.06862e-07
10  6.0  9.64811e-07
10  7.0  2.16495e-07
10  6.5  4.4462e-07
10  8.0  5.15224e-08
10  9.0  1.41427e-08
10  8.5  2.75029e-08
10  10.0  4.29537e-09
10  10.5  2.28175e-09
10  9.5  7.72169e-09
10  11.5  7.1141e-10
12  0.2  0.0591085
12  0.3  0.0861507
12  0.4  0.103617
12  0.5  0.107449
12  0.6  0.100886
12  0.7  0.0877278
12  0.8  0.0722703
12  0.9  0.0576909
12  1.0  0.044699
12  1.1  0.0345538
12  1.2  0.0264227
12  1.3  0.0197254
10  11.0  1.26422e-09
12  1.5  0.0113507
12  1.4  0.0151168
12  1.8  0.00499015
12  1.6  0.00861834
12  1.9  0.00372671
12  1.7  0.00658082
12  2.5  0.00081359
12  2.0  0.00287145
12  3.0  0.000241809
12  3.5  8.30001e-05
10  12.0  4.08266e-10
12  4.5  1.15388e-05
12  5.5  2.09857e-06
12  4.0  3.04627e-05
12  5.0  4.88369e-06
12  7.0  2.05949e-07
12  6.0  8.92275e-07
12  6.5  4.20004e-07
12  8.5  2.59413e-08
12  7.5  1.03658e-07
12  8.0  5.00069e-08
12  9.5  7.29381e-09
12  10.0  4.03672e-09
12  10.5  2.20708e-09
12  9.0  1.39203e-08
14  0.2  0.0590956
14  0.3  0.0854136
14  0.4  0.102166
14  0.5  0.105628
14  0.6  0.0998635
14  0.7  0.0859295
14  0.8  0.0710984
14  0.9  0.0566397
14  1.1  0.0338212
14  1.0  0.0439404
14  1.2  0.025578
14  1.3  0.0196569
14  1.4  0.014683
14  1.5  0.0110606
12  11.0  1.23871e-09
14  1.6  0.00839833
14  1.7  0.00634579
14  1.8  0.00483812
14  1.9  0.00364659
14  2.0  0.00277824
14  2.5  0.000771776
14  3.0  0.000235757
14  3.5  7.95929e-05
12  12.0  3.9778e-10
12  11.5  7.04048e-10
14  4.0  2.90007e-05
14  4.5  1.15031e-05
14  5.0  4.5907e-06
14  5.5  2.0138e-06
14  6.0  9.05476e-07
14  6.5  4.31125e-07
14  7.5  1.00813e-07
14  7.0  2.03149e-07
14  9.0  1.36662e-08
14  8.0  5.08572e-08
14  8.5  2.60762e-08
14  10.0  3.91418e-09
14  9.5  7.24905e-09
16  0.2  0.0581851
16  0.3  0.0846117
16  0.4  0.100716
16  0.5  0.104687
16  0.6  0.0976221
16  0.7  0.0844293
14  10.5  2.24495e-09
16  0.8  0.0696564
16  0.9  0.0551647
16  1.0  0.042743
16  1.1  0.0330156
16  1.2  0.0252213
14  11.0  1.17963e-09
16  1.3  0.0191634
16  1.4  0.0144239
16  1.5  0.0105637
16  1.6  0.00832016
16  1.7  0.00616087
16  1.9  0.00346912
16  1.8  0.00467722
16  2.0  0.00269424
16  2.5  0.000750642
16  3.0  0.000226338
16  3.5  7.78727e-05
14  11.5  6.83978e-10
14  12.0  3.89824e-10
16  4.0  2.84915e-05
16  4.5  1.07179e-05
16  5.0  4.61866e-06
16  5.5  1.87098e-06
16  6.0  8.75724e-07
16  8.0  4.83091e-08
16  6.5  4.03848e-07
16  7.0  1.988e-07
16  8.5  2.48972e-08
16  7.5  9.89327e-08
16  10.5  2.0871e-09
16  9.0  1.29515e-08
16  9.5  6.99228e-09
16  11.0  1.15914e-09
18  0.2  0.0576256
16  10.0  3.75974e-09
18  0.3  0.0837784
18  0.4  0.100684
18  0.5  0.103328
18  0.6  0.0954878
18  0.7  0.0811989
18  0.8  0.0667894
18  0.9  0.0534572
18  1.0  0.0410923
18  1.1  0.0318694
18  1.2  0.0236768
18  1.3  0.0182166
18  1.4  0.0137174
18  1.5  0.0103439
18  1.6  0.00786218
18  1.7  0.00587988
18  1.8  0.00452317
18  2.0  0.00253725
18  1.9  0.00339723
18  2.5  0.000705839
16  12.0  3.75301e-10
18  3.0  0.000216331
18  3.5  7.47796e-05
16  11.5  6.53371e-10
18  4.5  1.11557e-05
18  4.0  2.74752e-05
18  5.0  4.30392e-06
18  5.5  1.82081e-06
18  7.0  1.87435e-07
18  6.0  8.40319e-07
18  6.5  3.90388e-07
18  7.5  9.08079e-08
18  8.0  4.48464e-08
18  9.5  6.67824e-09
18  8.5  2.37855e-08
18  10.0  3.53074e-09
18  9.0  1.2012e-08
18  10.5  1.90304e-09
18  11.5  6.21617e-10
2  0.2  0.0597914
2  0.3  0.0873658
2  0.4  0.104274
2  0.5  0.111841
2  0.6  0.102955
2  0.7  0.0915667
2  0.8  0.0755081
2  0.9  0.0603107
2  1.0  0.0477214
2  1.1  0.0358586
2  1.2  0.027773
2  1.3  0.0212113
2  1.4  0.0160081
2  1.5  0.0122931
18  11.0  1.1004e-09
2  1.6  0.00912658
2  1.7  0.00696517
2  1.9  0.0041298
2  1.8  0.00528544
2  2.5  0.000858122
2  2.0  0.00309918
2  3.0  0.000260674
2  3.5  8.82126e-05
18  12.0  3.55604e-10
2  4.0  3.24178e-05
2  4.5  1.23636e-05
2  5.0  5.23283e-06
2  5.5  2.25929e-06
2  7.0  2.2219e-07
2  6.0  1.01295e-06
2  8.0  5.59848e-08
2  6.5  4.62036e-07
2  7.5  1.05809e-07
2  8.5  2.89299e-08
2  9.0  1.507e-08
2  9.5  8.00668e-09
20  0.2  0.0570182
2  10.0  4.24752e-09
20  0.3  0.0826008
20  0.4  0.0969435
2  11.0  1.32256e-09
20  0.5  0.0997945
2  10.5  2.35687e-09
20  0.6  0.0919937
20  0.7  0.0794153
20  0.8  0.0635962
20  1.0  0.039487
20  0.9  0.0508709
20  1.1  0.0306896
20  1.2  0.0230369
20  1.3  0.0173798
20  1.4  0.0130192
20  1.5  0.00992895
20  1.6  0.00754778
20  1.8  0.00423056
20  1.7  0.0055884
20  1.9  0.00319419
20  2.0  0.00245886
20  2.5  0.000671632
20  3.0  0.000205974
20  3.5  6.72391e-05
2  11.5  7.57974e-10
2  12.0  4.29384e-10
20  4.0  2.56063e-05
20  4.5  9.69735e-06
20  5.0  4.00911e-06
20  5.5  1.76519e-06
20  6.0  7.93809e-07
20  7.5  8.71807e-08
20  8.0  4.41597e-08
20  6.5  3.74725e-07
20  7.0  1.71264e-07
20  8.5  2.22264e-08
20  9.5  6.29371e-09
20  9.0  1.14882e-08
20  10.5  1.84916e-09
20  11.0  1.03007e-09
22  0.2  0.0565326
22  0.4  0.0955819
22  0.3  0.0811784
22  0.5  0.0969483
20  10.0  3.38079e-09
22  0.6  0.0888548
22  0.7  0.0762619
22  0.8  0.0616235
22  0.9  0.0489197
22  1.0  0.0375484
22  1.1  0.0287554
22  1.2  0.0214246
22  1.3  0.0162673
22  1.4  0.0122361
22  1.5  0.00928148
22  1.6  0.00685803
22  1.7  0.00542
22  1.9  0.00302377
22  1.8  0.00413652
22  2.0  0.00230617
22  2.5  0.000627095
22  3.0  0.000192093
22  3.5  6.54361e-05
20  11.5  5.91343e-10
20  12.0  3.32391e-10
22  5.0  3.60498e-06
22  4.0  2.36586e-05
22  4.5  9.15079e-06
22  6.5  3.45976e-07
22  7.0  1.66147e-07
22  5.5  1.62508e-06
22  6.0  7.50651e-07
22  8.5  2.07855e-08
22  7.5  8.15246e-08
22  8.0  4.07813e-08
22  10.0  3.1476e-09
22  9.0  1.09558e-08
22  9.5  5.81998e-09
22  10.5  1.72691e-09
24  0.2  0.0552105
24  0.3  0.0790625
24  0.4  0.0919394
24  0.5  0.0907943
24  0.6  0.0844174
24  0.8  0.0576156
24  0.7  0.0715394
24  0.9  0.0448414
24  1.0  0.0348278
24  1.1  0.0262788
24  1.2  0.0198564
24  1.3  0.0148826
24  1.5  0.00839782
24  1.4  0.0112828
24  1.6  0.00633852
24  1.7  0.00487049
24  1.8  0.00356731
24  1.9  0.00271702
24  2.0  0.00208478
22  11.0  9.54068e-10
24  2.5  0.000574026
24  3.0  0.000178874
22  12.0  3.08092e-10
24  3.5  5.99433e-05
22  11.5  5.56617e-10
24  4.0  2.12474e-05
24  4.5  7.93219e-06
24  5.0  3.33068e-06
24  5.5  1.48467e-06
24  6.0  6.7714e-07
24  6.5  3.13975e-07
24  7.5  7.36783e-08
24  7.0  1.48582e-07
24  8.0  3.69993e-08
24  8.5  1.8587e-08
24  10.0  2.80503e-09
24  9.0  1.00334e-08
24  10.5  1.58665e-09
24  9.5  5.30502e-09
24  11.5  4.95942e-10
26  0.2  0.0535387
26  0.3  0.07674
26  0.4  0.0877879
26  0.5  0.0876362
26  0.7  0.0655488
26  0.6  0.0775958
26  0.8  0.0540157
26  0.9  0.0414049
26  1.0  0.0314286
26  1.1  0.0241542
26  1.3  0.0136657
26  1.2  0.0183179
26  1.4  0.0102464
26  1.5  0.00754355
26  1.7  0.00430853
26  1.6  0.00565963
26  1.8  0.00318625
26  1.9  0.00237402
26  2.0  0.00178953
24  11.0  8.73854e-10
26  2.5  0.00049635
26  3.0  0.000155954
26  3.5  5.20544e-05
24  12.0  2.86199e-10
26  4.0  1.89869e-05
26  4.5  7.05337e-06
26  5.5  1.35095e-06
26  5.0  3.09029e-06
26  6.0  5.9415e-07
26  6.5  2.70419e-07
26  7.0  1.31858e-07
26  7.5  6.49344e-08
26  9.0  8.7054e-09
26  8.0  3.24144e-08
26  8.5  1.65078e-08
26  9.5  4.63473e-09
26  10.0  2.55639e-09
28  0.2  0.0509412
28  0.3  0.0708848
26  10.5  1.404e-09
28  0.4  0.0812776
28  0.5  0.0780514
28  0.6  0.0702862
28  0.7  0.0583075
28  0.8  0.0466047
28  0.9  0.0362337
28  1.0  0.0274256
28  1.1  0.0209818
28  1.2  0.0152859
28  1.3  0.011444
26  11.0  7.66234e-10
28  1.4  0.00862646
28  1.5  0.00641382
28  1.6  0.00484244
28  1.7  0.00360738
28  2.0  0.00153819
28  1.8  0.00267677
28  1.9  0.00203431
28  2.5  0.000423874
28  3.0  0.000126093
28  3.5  4.35242e-05
26  11.5  4.31945e-10
26  12.0  2.5309e-10
28  4.0  1.54765e-05
28  4.5  5.98334e-06
28  5.0  2.60383e-06
28  5.5  1.13791e-06
28  7.0  1.05307e-07
28  6.0  4.84333e-07
28  6.5  2.26625e-07
28  8.0  2.72106e-08
28  7.5  5.41003e-08
28  8.5  1.40951e-08
28  9.0  7.44343e-09
28  9.5  3.92798e-09
28  10.0  2.1401e-09
30  0.2  0.0478698
30  0.3  0.0657762
30  0.4  0.0724858
30  0.5  0.0684339
30  0.6  0.0593921
28  10.5  1.13866e-09
30  0.7  0.0478326
30  0.8  0.0376287
30  0.9  0.0295294
30  1.0  0.0221976
30  1.1  0.0165932
30  1.2  0.0122565
30  1.3  0.00887858
30  1.4  0.00685994
30  1.5  0.00509393
30  1.6  0.00385288
30  1.8  0.00215177
30  1.7  0.00285951
30  1.9  0.00162141
30  2.0  0.0012372
30  2.5  0.000335273
28  11.0  6.50821e-10
30  3.5  3.50787e-05
30  3.0  0.000103009
28  12.0  2.11757e-10
28  11.5  3.69395e-10
30  4.0  1.23815e-05
30  4.5  4.78472e-06
30  5.0  1.9461e-06
30  5.5  8.38527e-07
30  6.0  3.73587e-07
30  6.5  1.79491e-07
30  7.0  8.53419e-08
30  7.5  4.22544e-08
30  8.0  2.11231e-08
30  9.5  3.02461e-09
30  8.5  1.11258e-08
30  9.0  5.75951e-09
30  11.5  2.93387e-10
32  0.2  0.0425116
30  10.0  1.63378e-09
32  0.3  0.0570247
32  0.4  0.06005
30  10.5  9.24125e-10
32  0.5  0.0548042
32  0.6  0.0454264
32  0.7  0.0372543
32  0.8  0.028927
32  0.9  0.0219606
32  1.0  0.0165572
32  1.1  0.0121176
32  1.3  0.00665431
32  1.2  0.00896386
32  1.4  0.00495164
32  1.5  0.0037412
32  1.6  0.00278201
32  1.7  0.002107
32  1.8  0.00156414
32  1.9  0.00118327
30  11.0  5.1188e-10
32  2.0  0.000871838
32  2.5  0.000243264
32  3.0  7.45771e-05
32  3.5  2.48105e-05
30  12.0  1.65789e-10
32  4.0  8.65205e-06
32  4.5  3.24396e-06
32  5.0  1.37351e-06
32  5.5  5.77485e-07
32  7.5  3.02231e-08
32  6.0  2.67954e-07
32  8.0  1.50772e-08
32  6.5  1.20289e-07
32  7.0  5.92456e-08
32  8.5  7.73274e-09
32  9.0  3.98497e-09
32  10.0  1.19416e-09
32  9.5  2.17682e-09
34  0.2  0.0360651
34  0.3  0.0458009
32  10.5  6.47711e-10
34  0.4  0.0442992
34  0.5  0.0386274
34  0.6  0.0321271
34  0.7  0.0253093
32  12.0  1.15662e-10
34  0.8  0.0193173
32  11.0  3.50947e-10
34  0.9  0.0142417
34  1.0  0.010925
34  1.2  0.00591853
34  1.1  0.00818887
34  1.3  0.00442487
34  1.4  0.00319505
34  1.5  0.00234045
34  1.7  0.0013148
34  1.6  0.00176506
34  1.8  0.00101525
34  1.9  0.000728532
34  2.0  0.000555814
34  3.0  4.46811e-05
34  2.5  0.00015703
34  3.5  1.52194e-05
32  11.5  2.05758e-10
34  4.0  5.66686e-06
34  4.5  2.13942e-06
34  5.0  8.84796e-07
34  5.5  3.80941e-07
34  7.0  3.83765e-08
34  6.0  1.72263e-07
34  8.0  9.14585e-09
34  6.5  8.05102e-08
34  7.5  1.8417e-08
34  8.5  4.8529e-09
34  9.0  2.63408e-09
34  9.5  1.40566e-09
34  10.0  7.6464e-10
4  0.2  0.060679
4  0.3  0.0883136
4  0.4  0.10516
4  0.5  0.110482
4  0.6  0.10266
4  0.7  0.0896923
34  10.5  4.19854e-10
4  0.8  0.0755828
4  0.9  0.0601106
4  1.0  0.0467847
4  1.2  0.0281787
4  1.1  0.0370431
4  1.4  0.0161177
4  1.3  0.0212458
4  1.5  0.0119742
4  1.6  0.00906083
4  1.7  0.0070063
34  11.0  2.29374e-10
4  1.8  0.00525404
4  1.9  0.00401809
4  2.0  0.00311016
4  3.0  0.000258772
4  2.5  0.000850997
4  3.5  8.96343e-05
34  11.5  1.26979e-10
34  12.0  7.45935e-11
4  4.0  3.26676e-05
4  4.5  1.24329e-05
4  5.0  5.2007e-06
4  5.5  2.16179e-06
4  7.0  2.17719e-07
4  6.0  9.64596e-07
4  8.0  5.58122e-08
4  6.5  4.56747e-07
4  7.5  1.0404e-07
4  8.5  2.76283e-08
4  9.0  1.47488e-08
4  9.5  7.78939e-09
6  0.2  0.0596325
6  0.3  0.0885509
4  10.0  4.34177e-09
6  0.4  0.104493
4  10.5  2.39187e-09
6  0.5  0.109751
6  0.6  0.102574
6  0.7  0.0909813
6  0.8  0.0746622
6  0.9  0.0589039
6  1.0  0.0469782
6  1.1  0.0361224
6  1.2  0.0269058
6  1.3  0.0209495
6  1.4  0.0156798
6  1.5  0.0120139
6  1.6  0.009021
6  1.7  0.00683778
6  1.8  0.00521611
6  1.9  0.00395798
6  2.5  0.00085418
6  2.0  0.00301327
6  3.5  9.00311e-05
6  3.0  0.00025482
4  11.0  1.3355e-09
4  11.5  7.51672e-10
4  12.0  4.31578e-10
6  5.5  2.12085e-06
6  4.0  3.23792e-05
6  4.5  1.24776e-05
6  5.0  5.1889e-06
6  7.0  2.09042e-07
6  6.0  9.8864e-07
6  7.5  1.09501e-07
6  8.5  2.8227e-08
6  6.5  4.56778e-07
6  8.0  5.26852e-08
6  10.5  2.3755e-09
6  9.0  1.47982e-08
6  9.5  7.93243e-09
8  0.2  0.0600502
8  0.3  0.0875999
6  10.0  4.29317e-09
8  0.4  0.104168
8  0.5  0.109037
8  0.7  0.0881125
8  0.6  0.102809
8  0.8  0.07418
8  0.9  0.0590728
8  1.0  0.0464913
8  1.1  0.0359285
8  1.2  0.0271487
8  1.3  0.0205479
8  1.4  0.015512
6  11.0  1.34081e-09
8  1.5  0.0117714
8  1.6  0.00895681
8  1.7  0.00683527
8  1.9  0.00390543
8  1.8  0.00516908
8  2.5  0.000825812
8  2.0  0.00300401
8  3.0  0.000253596
8  3.5  8.7438e-05
6  11.5  7.53669e-10
6  12.0  4.28611e-10
8  5.5  2.12935e-06
8  4.0  3.13846e-05
8  4.5  1.25399e-05
8  5.0  4.82453e-06
8  6.0  9.33981e-07
8  7.0  2.19911e-07
8  6.5  4.59257e-07
8  8.5  2.69504e-08
8  7.5  1.06739e-07
8  8.0  5.45049e-08
8  10.5  2.28946e-09
8  9.0  1.41544e-08
8  9.5  7.74812e-09
8  10.0  4.17946e-09
8  11.0  1.27714e-09
8  11.5  7.30392e-10
8  12.0  4.17797e-10
