# diffractive D0 cross section, Pb target, KniehlKramer fragmentation, Xn0n channel
# generated      : 2026-10-02 23:39:37 EEST
# flux_model     : EFF (TARGET=AA)
# calls         : 1e5 (VEGAS calls per point, see CALLS_EXCL/CALLS_EXCL_FACTORIZED/CALLS_DIFF)
# dipole samples : data/Pb/mve/glauber_mve_<b>
# pD0 sweep      : 0.2 0.3 0.4 0.5 0.6 0.7 0.8 0.9 1.0 1.1 1.2 1.3 1.4 1.5 1.6 1.7 1.8 1.9 2.0 2.5 3.0 3.5 4.0 4.5 5.0 5.5 6.0 6.5 7.0 7.5 8.0 8.5 9.0 9.5 10.0 10.5 11.0 11.5 12.0
# fixed rapidity y : -1.0
# ============================================================
# b  pD0  dsigma_dyd2pD0
0  0.3  0.403103
0  0.4  0.368093
0  0.2  0.440434
0  0.5  0.333684
0  0.6  0.294437
0  0.7  0.251829
0  0.8  0.213741
0  1.0  0.1464
0  0.9  0.178485
0  1.1  0.120678
0  1.2  0.100554
0  1.3  0.080893
0  1.4  0.0666196
0  1.5  0.0547259
0  1.6  0.0448061
0  1.8  0.0304335
0  1.7  0.0366109
0  1.9  0.0252362
0  2.0  0.021342
0  2.5  0.009009
0  5.0  0.000419562
0  3.0  0.00424425
0  3.5  0.00219946
0  4.0  0.00119964
0  4.5  0.000688162
0  5.5  0.000265279
0  6.5  0.000120394
0  6.0  0.000170787
0  8.0  4.18495e-05
0  9.0  2.22645e-05
0  7.0  8.12901e-05
0  7.5  5.71097e-05
0  9.5  1.66567e-05
10  0.2  0.434259
0  8.5  2.99858e-05
0  10.0  1.27904e-05
0  11.5  5.79117e-06
10  0.3  0.394569
0  10.5  9.70456e-06
10  0.4  0.358903
10  0.5  0.321999
0  12.0  4.71177e-06
10  0.6  0.284355
10  0.7  0.244081
0  11.0  7.53453e-06
10  0.8  0.205975
10  1.0  0.142467
10  0.9  0.172377
10  1.1  0.117498
10  1.2  0.095788
10  1.3  0.0774292
10  1.4  0.0636893
10  1.5  0.0531988
10  1.6  0.0416307
10  1.7  0.0349327
10  1.8  0.0286437
10  2.5  0.00857881
10  1.9  0.0241731
10  2.0  0.0203357
10  5.0  0.000403137
10  6.0  0.000168863
10  3.0  0.00407655
10  3.5  0.00210243
10  4.0  0.00115364
10  4.5  0.000671204
10  5.5  0.000255143
10  8.0  3.90794e-05
10  9.0  2.10658e-05
10  6.5  0.00011215
10  7.0  7.69156e-05
10  7.5  5.43413e-05
10  9.5  1.58789e-05
12  0.2  0.425561
10  8.5  2.90088e-05
10  10.0  1.20161e-05
10  11.5  5.50721e-06
12  0.3  0.393608
12  0.4  0.358097
10  10.5  9.21212e-06
12  0.6  0.275528
12  0.5  0.319752
10  12.0  4.39417e-06
12  0.7  0.241051
12  0.8  0.203072
10  11.0  7.13977e-06
12  0.9  0.169166
12  1.0  0.137049
12  1.1  0.11515
12  1.2  0.0930984
12  1.3  0.0755299
12  1.4  0.0622188
12  1.5  0.0501757
12  1.6  0.0421896
12  1.7  0.034502
12  1.8  0.0284064
12  1.9  0.0236892
12  2.0  0.0198217
12  2.5  0.00835352
12  5.0  0.000389871
12  3.0  0.00393772
12  3.5  0.00201456
12  6.0  0.00016383
12  4.0  0.00110675
12  4.5  0.000639951
12  5.5  0.000251314
12  9.0  2.09714e-05
12  6.5  0.000109941
12  7.0  7.48382e-05
12  7.5  5.41233e-05
12  8.0  3.77035e-05
12  9.5  1.57651e-05
12  8.5  2.77638e-05
12  10.0  1.18951e-05
14  0.2  0.423484
12  11.5  5.43788e-06
14  0.3  0.380679
12  10.5  9.01733e-06
14  0.4  0.351386
14  0.5  0.315532
14  0.6  0.273422
12  11.0  7.11553e-06
14  0.7  0.236718
12  12.0  4.23232e-06
14  0.8  0.201049
14  0.9  0.166599
14  1.0  0.134141
14  1.1  0.111609
14  1.2  0.0911838
14  1.3  0.0733149
14  1.4  0.0608368
14  1.5  0.0500746
14  1.6  0.0410407
14  1.8  0.0280867
14  1.7  0.0337385
14  1.9  0.0229456
14  2.0  0.0192061
14  2.5  0.0081462
14  5.0  0.000387494
14  3.0  0.00379379
14  3.5  0.00196802
14  4.0  0.0010923
14  4.5  0.000622667
14  5.5  0.000240308
14  8.0  3.69367e-05
14  6.0  0.000161321
14  6.5  0.000106076
14  7.0  7.36907e-05
14  7.5  5.17465e-05
14  9.5  1.50552e-05
14  8.5  2.69128e-05
16  0.2  0.411756
14  9.0  2.00732e-05
14  10.0  1.13999e-05
16  0.3  0.375481
14  11.5  5.27017e-06
16  0.4  0.344105
14  10.5  8.74752e-06
16  0.5  0.30752
14  12.0  4.16089e-06
16  0.6  0.268846
16  0.7  0.231798
16  0.8  0.192102
14  11.0  6.70723e-06
16  0.9  0.159388
16  1.0  0.133685
16  1.1  0.107933
16  1.2  0.0882083
16  1.3  0.0715873
16  1.4  0.0590336
16  1.6  0.0397411
16  1.7  0.0326022
16  1.5  0.0480067
16  1.8  0.0264168
16  1.9  0.0219638
16  2.0  0.018191
16  2.5  0.00801542
16  5.0  0.000367592
16  3.0  0.00365947
16  3.5  0.00189126
16  4.0  0.00103594
16  4.5  0.000611084
16  5.5  0.000237333
16  6.0  0.000154735
16  8.0  3.58104e-05
16  9.0  1.93446e-05
16  6.5  0.000102059
16  7.0  7.05993e-05
16  7.5  4.94372e-05
16  9.5  1.4256e-05
18  0.2  0.413112
16  8.5  2.64953e-05
18  0.3  0.368102
16  10.0  1.11625e-05
16  11.5  5.1727e-06
18  0.4  0.335941
16  12.0  3.97597e-06
18  0.5  0.299672
16  10.5  8.41605e-06
18  0.6  0.263878
18  0.7  0.224215
16  11.0  6.42657e-06
18  0.8  0.189145
18  0.9  0.154386
18  1.0  0.129122
18  1.1  0.104299
18  1.2  0.0853597
18  1.3  0.0685894
18  1.4  0.0568851
18  1.5  0.0462088
18  1.6  0.0379792
18  1.7  0.0311166
18  1.8  0.0257041
18  1.9  0.0213667
18  2.0  0.0176695
18  2.5  0.00747483
18  5.0  0.000357401
18  3.0  0.00350596
18  3.5  0.00179903
18  4.0  0.000973591
18  4.5  0.000575242
18  5.5  0.000220721
18  8.0  3.39418e-05
18  6.0  0.000145184
18  6.5  9.69737e-05
18  7.0  6.80871e-05
18  7.5  4.83043e-05
18  9.5  1.37386e-05
18  8.5  2.4802e-05
2  0.2  0.440259
18  10.0  1.06879e-05
18  11.5  4.86314e-06
18  9.0  1.87031e-05
2  0.3  0.404426
2  0.4  0.368271
18  12.0  3.80924e-06
18  10.5  8.17945e-06
2  0.5  0.326754
2  0.6  0.291948
2  0.7  0.251404
18  11.0  6.21938e-06
2  0.8  0.21448
2  0.9  0.178231
2  1.0  0.145763
2  1.1  0.119451
2  1.2  0.0994323
2  1.3  0.0814082
2  1.4  0.0664612
2  1.5  0.0541757
2  1.6  0.044359
2  1.7  0.0364965
2  1.8  0.0303825
2  1.9  0.0251759
2  2.5  0.00895103
2  2.0  0.0209749
2  5.0  0.000418348
2  3.0  0.00427868
2  3.5  0.00221429
2  4.0  0.00119622
2  4.5  0.000691182
2  5.5  0.000265398
2  6.5  0.000117808
2  8.0  4.09836e-05
2  6.0  0.000174014
2  9.0  2.20548e-05
2  7.0  8.10683e-05
2  7.5  5.71247e-05
2  9.5  1.64206e-05
2  8.5  3.03625e-05
20  0.2  0.393254
20  0.3  0.357791
2  10.0  1.26193e-05
2  11.5  5.85831e-06
2  10.5  9.48915e-06
20  0.4  0.3268
20  0.5  0.291021
2  12.0  4.59388e-06
20  0.6  0.248819
20  0.7  0.216736
2  11.0  7.47932e-06
20  0.8  0.182176
20  0.9  0.149887
20  1.0  0.122932
20  1.1  0.100526
20  1.2  0.0813548
20  1.3  0.0655599
20  1.4  0.0540271
20  1.5  0.0443625
20  1.6  0.036013
20  1.7  0.0295535
20  1.9  0.0202011
20  1.8  0.0243742
20  2.0  0.0167982
20  2.5  0.00711182
20  5.0  0.000337908
20  3.0  0.00332604
20  3.5  0.00171229
20  6.0  0.000138233
20  4.0  0.000937054
20  4.5  0.000542622
20  5.5  0.000207838
20  6.5  9.44806e-05
20  7.0  6.33531e-05
20  7.5  4.54061e-05
20  9.5  1.30389e-05
20  8.0  3.27112e-05
20  8.5  2.33863e-05
22  0.2  0.37958
20  10.0  9.92564e-06
20  9.0  1.71273e-05
20  11.5  4.59939e-06
22  0.3  0.343041
22  0.4  0.312588
22  0.5  0.277127
20  12.0  3.61631e-06
22  0.6  0.243217
22  0.7  0.204859
20  11.0  5.76837e-06
22  0.9  0.142751
22  0.8  0.168624
22  1.0  0.116419
22  1.1  0.0933979
22  1.2  0.0763608
22  1.3  0.0625934
20  10.5  7.70076e-06
22  1.4  0.0507604
22  1.5  0.04131
22  1.6  0.0337351
22  1.7  0.0274806
22  1.8  0.0230012
22  1.9  0.0189403
22  2.0  0.0156966
22  2.5  0.00662351
22  5.0  0.000306942
22  3.0  0.00310807
22  3.5  0.00162136
22  4.0  0.000897071
22  4.5  0.000513129
22  5.5  0.000199488
22  8.0  3.05165e-05
22  6.0  0.000127338
22  6.5  8.73685e-05
22  9.0  1.64205e-05
22  7.0  6.00565e-05
22  7.5  4.13105e-05
22  10.5  7.04457e-06
22  9.5  1.22229e-05
22  8.5  2.17338e-05
24  0.2  0.36294
24  0.3  0.334349
24  0.4  0.29692
24  0.5  0.263066
24  0.6  0.22931
24  0.7  0.189977
22  12.0  3.3304e-06
22  10.0  9.06695e-06
22  11.0  5.4612e-06
24  0.8  0.161267
24  0.9  0.131423
24  1.0  0.107816
24  1.1  0.0866729
24  1.2  0.0708879
24  1.3  0.0575053
24  1.4  0.0464334
24  1.5  0.0378973
24  1.6  0.0307987
24  1.7  0.0254939
24  1.8  0.0203722
24  2.0  0.0143001
24  1.9  0.0172936
24  2.5  0.00599467
22  11.5  4.14036e-06
24  3.0  0.00281154
24  3.5  0.00145187
24  4.0  0.000789567
24  4.5  0.000463905
24  5.0  0.000281644
24  5.5  0.000177907
24  8.0  2.72826e-05
24  6.0  0.000115054
24  9.0  1.46222e-05
24  6.5  7.74208e-05
24  7.0  5.467e-05
24  7.5  3.84095e-05
24  10.5  6.53733e-06
24  9.5  1.11718e-05
24  8.5  2.01719e-05
24  10.0  8.43962e-06
26  0.2  0.340426
24  11.5  3.7748e-06
26  0.3  0.306236
26  0.4  0.274955
26  0.5  0.242155
24  12.0  3.04979e-06
26  0.6  0.208965
26  0.7  0.176089
24  11.0  5.00053e-06
26  0.8  0.14675
26  0.9  0.119243
26  1.0  0.097097
26  1.1  0.078574
26  1.2  0.063721
26  1.4  0.0418792
26  1.3  0.0510923
26  1.5  0.0332597
26  1.6  0.0270991
26  1.7  0.022645
26  2.0  0.0126947
26  1.9  0.0154548
26  1.8  0.0183598
26  2.5  0.00529327
26  3.0  0.00248256
26  3.5  0.00126607
26  4.0  0.00070072
26  4.5  0.000403515
26  5.0  0.000245958
26  5.5  0.000158841
26  8.0  2.38416e-05
26  6.0  0.000101239
26  7.0  4.71377e-05
26  8.5  1.77737e-05
26  6.5  6.82147e-05
26  9.0  1.3162e-05
26  7.5  3.38954e-05
26  10.5  5.72957e-06
26  9.5  9.7912e-06
28  0.2  0.309486
26  11.5  3.46305e-06
26  10.0  7.34828e-06
28  0.3  0.27764
28  0.4  0.245519
26  12.0  2.72869e-06
28  0.5  0.215055
28  0.6  0.183837
26  11.0  4.43105e-06
28  0.7  0.154655
28  0.8  0.126302
28  0.9  0.103761
28  1.0  0.0829808
28  1.2  0.0535142
28  1.1  0.0676108
28  1.3  0.0437452
28  1.5  0.0286
28  1.4  0.0352737
28  1.6  0.0235183
28  1.7  0.0190633
28  1.8  0.0153818
28  1.9  0.0130414
28  2.0  0.0106058
28  2.5  0.00451441
28  3.0  0.00212247
28  3.5  0.00107633
28  4.0  0.000594575
28  4.5  0.000348059
28  5.0  0.000209408
28  5.5  0.000133021
28  6.0  8.70529e-05
28  8.0  2.03477e-05
28  8.5  1.45223e-05
28  6.5  5.60958e-05
28  7.0  3.9564e-05
28  7.5  2.76452e-05
28  10.5  4.72326e-06
28  9.5  8.24682e-06
28  11.0  3.63809e-06
30  0.2  0.26903
28  10.0  6.14475e-06
28  9.0  1.10306e-05
30  0.3  0.241171
30  0.4  0.213394
30  0.5  0.183446
28  12.0  2.23983e-06
30  0.6  0.155812
30  0.7  0.127399
30  0.8  0.102246
30  1.0  0.0670188
30  0.9  0.0840743
28  11.5  2.85802e-06
30  1.1  0.0536285
30  1.2  0.043339
30  1.3  0.03484
30  1.4  0.028339
30  1.5  0.0226691
30  1.6  0.0185362
30  1.7  0.0150471
30  1.8  0.0122249
30  1.9  0.0102426
30  2.0  0.00849947
30  2.5  0.00350239
30  3.0  0.00166728
30  3.5  0.00085481
30  4.0  0.000458186
30  4.5  0.000271566
30  5.0  0.000160605
30  8.0  1.55723e-05
30  6.0  6.82033e-05
30  5.5  0.000101813
30  8.5  1.1203e-05
30  6.5  4.48113e-05
30  7.0  3.17076e-05
30  7.5  2.17165e-05
30  10.5  3.69024e-06
30  9.5  6.47495e-06
30  11.0  2.91907e-06
32  0.2  0.221064
30  10.0  4.90406e-06
32  0.3  0.193711
30  9.0  8.40874e-06
32  0.4  0.168319
32  0.5  0.144486
32  0.6  0.119528
30  12.0  1.72896e-06
32  0.7  0.0966821
32  0.8  0.0776646
30  11.5  2.26715e-06
32  0.9  0.0619593
32  1.0  0.0494013
32  1.1  0.0395277
32  1.2  0.0312974
32  1.3  0.025282
32  1.4  0.020218
32  1.5  0.0163479
32  1.6  0.013122
32  1.7  0.0109179
32  1.8  0.00895569
32  1.9  0.00724116
32  2.0  0.00611749
32  2.5  0.00251066
32  5.0  0.000114322
32  3.0  0.00117763
32  3.5  0.000592245
32  4.0  0.000324044
32  4.5  0.000188035
32  5.5  7.48718e-05
32  6.0  4.69939e-05
32  8.5  8.11935e-06
32  7.0  2.18281e-05
32  6.5  3.19253e-05
32  7.5  1.55694e-05
32  10.5  2.67706e-06
32  9.5  4.52145e-06
32  8.0  1.14261e-05
4  0.2  0.441823
32  10.0  3.40835e-06
4  0.3  0.404155
32  9.0  6.15471e-06
4  0.4  0.368687
4  0.5  0.3317
4  0.6  0.293369
32  12.0  1.2506e-06
4  0.7  0.243752
4  0.8  0.211915
32  11.0  2.07411e-06
4  0.9  0.178841
4  1.0  0.146989
4  1.1  0.120943
4  1.2  0.0987159
4  1.3  0.0801064
4  1.4  0.0663786
4  1.5  0.0536413
4  1.7  0.03614
4  1.6  0.0445021
4  1.8  0.029987
4  1.9  0.0250083
4  2.0  0.0208132
4  2.5  0.00898534
32  11.5  1.58698e-06
4  5.0  0.00041858
4  3.0  0.00418614
4  3.5  0.0021389
4  6.0  0.000174624
4  4.0  0.00118047
4  4.5  0.000690632
4  5.5  0.00026451
4  8.0  4.07643e-05
4  9.0  2.20012e-05
4  6.5  0.000116068
4  7.0  8.06195e-05
4  7.5  5.71984e-05
4  9.5  1.65421e-05
6  0.2  0.436765
4  8.5  2.97975e-05
4  10.0  1.25584e-05
6  0.3  0.399013
4  11.5  5.805e-06
6  0.4  0.365784
4  10.5  9.62878e-06
6  0.5  0.327029
4  12.0  4.58386e-06
6  0.6  0.288415
6  0.7  0.250072
6  0.8  0.212983
6  0.9  0.177788
6  1.0  0.144114
6  1.1  0.117682
6  1.2  0.0982756
6  1.4  0.0651719
6  1.3  0.0801971
6  1.5  0.0534839
6  1.6  0.04432
6  1.7  0.0365286
6  1.8  0.0300114
4  11.0  7.38795e-06
6  1.9  0.0248175
6  2.0  0.0208702
6  2.5  0.00888935
6  5.0  0.000415134
6  3.0  0.00422993
6  3.5  0.0021476
6  4.0  0.00116458
6  4.5  0.00067571
6  5.5  0.000261359
6  6.0  0.000173266
6  8.0  4.06489e-05
6  9.0  2.22667e-05
6  6.5  0.000111332
6  7.0  7.99259e-05
6  7.5  5.7029e-05
6  9.5  1.64237e-05
6  8.5  2.98904e-05
6  10.0  1.24724e-05
8  0.2  0.434359
6  11.5  5.70978e-06
8  0.3  0.399331
8  0.4  0.364461
6  10.5  9.49785e-06
8  0.5  0.327764
6  12.0  4.52463e-06
8  0.6  0.283032
8  0.7  0.24664
8  0.8  0.208266
6  11.0  7.3702e-06
8  0.9  0.17641
8  1.1  0.118282
8  1.0  0.144411
8  1.2  0.0963574
8  1.3  0.0797714
8  1.4  0.0646308
8  1.5  0.0520506
8  1.6  0.0433949
8  1.7  0.0351718
8  1.8  0.0293784
8  1.9  0.0244395
8  2.0  0.0205826
8  2.5  0.0087948
8  5.0  0.000416079
8  3.0  0.00408629
8  6.0  0.00017323
8  3.5  0.00210722
8  4.0  0.00116854
8  4.5  0.000665022
8  5.5  0.000258231
8  8.0  4.00789e-05
8  6.5  0.000113714
8  9.0  2.19183e-05
8  7.0  7.95162e-05
8  7.5  5.47355e-05
8  9.5  1.58754e-05
8  8.5  2.96283e-05
8  10.0  1.22176e-05
8  11.5  5.80803e-06
8  10.5  9.41072e-06
8  12.0  4.48704e-06
8  11.0  7.2496e-06
