# diffractive D0 cross section, Pb target, KniehlKramer fragmentation, Xn0n channel
# generated      : 2026-10-02 23:39:37 EEST
# flux_model     : EFF (TARGET=AA)
# calls         : 1e5 (VEGAS calls per point, see CALLS_EXCL/CALLS_EXCL_FACTORIZED/CALLS_DIFF)
# dipole samples : data/Pb/mve/glauber_mve_<b>
# pD0 sweep      : 0.2 0.3 0.4 0.5 0.6 0.7 0.8 0.9 1.0 1.1 1.2 1.3 1.4 1.5 1.6 1.7 1.8 1.9 2.0 2.5 3.0 3.5 4.0 4.5 5.0 5.5 6.0 6.5 7.0 7.5 8.0 8.5 9.0 9.5 10.0 10.5 11.0 11.5 12.0
# fixed rapidity y : 2.0
# ============================================================
# b  pD0  dsigma_dyd2pD0
0  0.2  0.238103
0  0.4  0.195969
0  0.3  0.214549
0  0.5  0.174426
0  0.6  0.15155
0  0.7  0.128218
0  0.8  0.10638
0  0.9  0.0871982
0  1.1  0.0553606
0  1.2  0.0451049
0  1.0  0.0708057
0  1.3  0.0357344
0  1.4  0.0288721
0  1.5  0.0229698
0  1.6  0.0183665
0  1.7  0.0146092
0  1.8  0.0118922
0  1.9  0.00934435
0  2.0  0.00757191
0  2.5  0.00284742
0  3.5  0.000515278
0  3.0  0.00116608
0  4.0  0.000241579
0  4.5  0.000123801
0  5.0  6.79066e-05
0  5.5  3.71207e-05
0  6.0  2.17957e-05
0  7.0  7.75305e-06
0  6.5  1.26155e-05
0  8.0  3.11771e-06
0  8.5  2.08374e-06
0  9.0  1.36157e-06
0  7.5  4.79409e-06
0  9.5  9.21697e-07
0  10.0  6.26964e-07
10  0.2  0.232376
10  0.3  0.209673
10  0.4  0.19079
10  0.5  0.170802
0  10.5  4.29665e-07
10  0.6  0.148709
10  0.7  0.124725
10  0.8  0.102074
0  11.0  2.95048e-07
10  1.0  0.0679234
10  0.9  0.083399
10  1.2  0.0429498
10  1.1  0.0539423
10  1.4  0.0271511
10  1.3  0.0343691
0  12.0  1.46379e-07
10  1.5  0.0219174
10  1.6  0.0174183
10  1.7  0.0141969
10  1.8  0.0110276
10  1.9  0.00903661
10  2.0  0.00736249
10  2.5  0.00268674
0  11.5  2.06551e-07
10  3.5  0.000491421
10  3.0  0.00108915
10  4.0  0.000235198
10  4.5  0.000120311
10  5.5  3.58984e-05
10  5.0  6.38839e-05
10  6.0  2.02554e-05
10  6.5  1.22893e-05
10  7.5  4.74699e-06
10  8.0  3.00123e-06
10  8.5  1.94417e-06
10  7.0  7.45252e-06
10  9.0  1.3126e-06
10  9.5  8.7929e-07
12  0.2  0.229886
10  10.0  5.90991e-07
12  0.3  0.209722
12  0.4  0.189392
10  10.5  4.14174e-07
12  0.5  0.168513
12  0.6  0.146444
12  0.7  0.12385
12  0.8  0.103294
12  0.9  0.0827031
10  11.0  2.88856e-07
12  1.0  0.0668701
12  1.1  0.053868
12  1.2  0.0428349
12  1.3  0.0335521
12  1.4  0.0264106
12  1.5  0.0216242
12  1.6  0.0174132
12  1.7  0.0136794
12  1.8  0.011132
10  12.0  1.45256e-07
12  2.0  0.00712222
12  1.9  0.00893725
12  2.5  0.00260658
10  11.5  1.98487e-07
12  3.5  0.000478531
12  3.0  0.00105603
12  4.0  0.000229158
12  4.5  0.000116739
12  5.0  6.11659e-05
12  5.5  3.39156e-05
12  6.0  1.96062e-05
12  6.5  1.1981e-05
12  7.5  4.54805e-06
12  8.0  2.9326e-06
12  8.5  1.9408e-06
12  7.0  7.31958e-06
12  9.0  1.26988e-06
12  9.5  8.32137e-07
12  10.0  5.88421e-07
14  0.2  0.228132
14  0.3  0.205031
14  0.4  0.188421
14  0.5  0.165651
12  10.5  4.02169e-07
14  0.6  0.143609
14  0.7  0.121966
14  0.8  0.101285
12  11.0  2.80486e-07
14  0.9  0.0812899
14  1.1  0.0517724
14  1.0  0.0654854
14  1.2  0.041337
14  1.3  0.0333575
14  1.4  0.0264907
14  1.5  0.0207701
14  1.6  0.0164093
14  1.7  0.0135976
12  12.0  1.42867e-07
14  1.8  0.0108955
14  1.9  0.00875806
14  2.0  0.00707953
14  2.5  0.00256207
12  11.5  2.018e-07
14  3.5  0.000466207
14  3.0  0.00102917
14  4.5  0.00011245
14  4.0  0.000224525
14  5.0  5.9416e-05
14  5.5  3.35088e-05
14  6.0  1.97294e-05
14  7.5  4.49339e-06
14  6.5  1.16357e-05
14  8.0  2.83365e-06
14  7.0  7.00994e-06
14  9.0  1.23658e-06
14  8.5  1.82089e-06
14  9.5  8.3058e-07
16  0.2  0.22437
14  10.0  5.67999e-07
16  0.3  0.201881
16  0.4  0.185502
14  10.5  3.96755e-07
16  0.5  0.164408
16  0.6  0.141027
16  0.7  0.117604
16  0.8  0.0981063
16  0.9  0.0789341
14  11.0  2.77393e-07
16  1.0  0.0624436
16  1.1  0.0506754
16  1.2  0.0401056
16  1.3  0.0315764
14  12.0  1.3236e-07
16  1.6  0.016304
16  1.4  0.0254653
16  1.7  0.0128729
16  1.5  0.0200985
16  1.8  0.0102698
16  1.9  0.00825245
16  2.0  0.00684079
16  2.5  0.00244296
14  11.5  1.94576e-07
16  3.0  0.00101256
16  3.5  0.000453569
16  4.0  0.000217508
16  4.5  0.000108222
16  5.5  3.20032e-05
16  6.0  1.83372e-05
16  5.0  5.85251e-05
16  7.5  4.3012e-06
16  6.5  1.11042e-05
16  9.0  1.19092e-06
16  8.0  2.73844e-06
16  8.5  1.74046e-06
16  7.0  6.92869e-06
16  9.5  8.01901e-07
18  0.2  0.218045
16  10.0  5.46817e-07
18  0.3  0.19982
18  0.4  0.182025
16  10.5  3.81037e-07
18  0.5  0.159651
18  0.6  0.137444
18  0.7  0.11401
16  11.0  2.57688e-07
18  0.8  0.0953813
18  0.9  0.0767924
18  1.0  0.0604976
18  1.1  0.0476027
18  1.2  0.0388775
16  12.0  1.32673e-07
18  1.3  0.0312977
18  1.4  0.024372
18  1.5  0.0195855
18  1.7  0.0122501
18  1.6  0.01541
18  1.8  0.00981413
18  1.9  0.0080093
18  2.5  0.00232384
18  2.0  0.00647696
16  11.5  1.89312e-07
18  3.5  0.000427283
18  4.5  0.000105412
18  3.0  0.000955966
18  5.5  3.01408e-05
18  4.0  0.000204825
18  6.0  1.76746e-05
18  5.0  5.59164e-05
18  8.5  1.73149e-06
18  9.0  1.12981e-06
18  6.5  1.04086e-05
18  7.5  4.10431e-06
18  8.0  2.61184e-06
18  7.0  6.56422e-06
18  9.5  7.61526e-07
18  11.0  2.55343e-07
2  0.2  0.237915
2  0.3  0.214817
18  10.5  3.56519e-07
2  0.4  0.197773
2  0.5  0.174786
2  0.6  0.150825
2  0.7  0.127824
2  0.8  0.10673
2  0.9  0.0869277
18  10.0  4.99099e-07
2  1.0  0.0704061
2  1.1  0.0562105
2  1.2  0.0451205
2  1.3  0.0358446
2  1.4  0.0286294
2  1.5  0.0229957
2  1.6  0.0185465
2  1.7  0.0147623
2  1.8  0.0116626
18  12.0  1.28506e-07
2  1.9  0.00961619
2  2.0  0.00773017
2  2.5  0.00278207
18  11.5  1.78533e-07
2  3.5  0.000512764
2  3.0  0.00112977
2  4.0  0.000242153
2  4.5  0.000125797
2  5.0  6.75433e-05
2  5.5  3.71011e-05
2  6.0  2.16782e-05
2  7.0  7.76263e-06
2  8.0  3.02651e-06
2  6.5  1.28688e-05
2  8.5  2.08211e-06
2  9.0  1.37971e-06
2  7.5  4.98063e-06
2  9.5  9.1589e-07
2  10.0  6.31361e-07
20  0.2  0.213498
20  0.3  0.195676
20  0.4  0.177293
2  10.5  4.38809e-07
20  0.5  0.156786
20  0.6  0.134488
20  0.7  0.110015
20  0.8  0.0904082
2  11.0  3.05572e-07
20  1.0  0.05728
20  0.9  0.0736877
20  1.1  0.0460466
20  1.2  0.0365384
20  1.3  0.0295656
20  1.4  0.0227814
20  1.5  0.0185752
20  1.6  0.0145227
20  1.7  0.011693
20  1.8  0.00950021
20  2.0  0.00601002
20  1.9  0.00756381
2  12.0  1.5315e-07
20  2.5  0.00223331
2  11.5  2.16962e-07
20  3.5  0.000395689
20  3.0  0.000919237
20  5.5  2.89648e-05
20  4.0  0.000189805
20  4.5  9.92961e-05
20  5.0  5.18125e-05
20  6.0  1.66543e-05
20  8.0  2.4614e-06
20  8.5  1.59914e-06
20  7.5  3.79977e-06
20  6.5  1.0155e-05
20  7.0  6.20272e-06
20  9.0  1.0703e-06
20  9.5  7.19291e-07
20  10.0  4.98718e-07
22  0.2  0.205703
22  0.3  0.186683
22  0.4  0.169535
22  0.5  0.14692
20  10.5  3.41047e-07
22  0.6  0.127413
20  11.0  2.34782e-07
22  0.7  0.106359
22  0.8  0.0873612
22  0.9  0.0690444
22  1.0  0.0557236
22  1.1  0.0439424
22  1.2  0.0354834
22  1.4  0.0218708
22  1.3  0.0280533
22  1.5  0.0173054
22  1.6  0.0134634
20  12.0  1.17911e-07
22  1.7  0.0112011
22  1.8  0.00881649
22  1.9  0.00712036
22  2.0  0.00567378
22  2.5  0.0020726
20  11.5  1.7037e-07
22  3.5  0.00037123
22  3.0  0.000855603
22  4.0  0.000175888
22  5.5  2.69329e-05
22  4.5  9.02244e-05
22  5.0  4.80586e-05
22  6.0  1.56183e-05
22  8.0  2.29336e-06
22  8.5  1.49642e-06
22  7.5  3.62636e-06
22  6.5  9.32039e-06
22  7.0  5.68177e-06
22  9.0  1.00304e-06
22  9.5  6.68307e-07
24  0.2  0.200558
22  10.0  4.53222e-07
24  0.3  0.177937
24  0.4  0.160104
22  11.5  1.55905e-07
22  10.5  3.22423e-07
24  0.5  0.139598
24  0.6  0.119447
24  0.7  0.100627
24  0.8  0.0814644
24  0.9  0.0657544
24  1.0  0.0523237
24  1.1  0.0403429
24  1.2  0.0323836
24  1.3  0.0259181
24  1.4  0.0203186
24  1.5  0.0158821
24  1.6  0.0124593
22  12.0  1.12069e-07
24  1.7  0.010158
24  1.8  0.00817062
22  11.0  2.24492e-07
24  1.9  0.00644814
24  2.0  0.00514918
24  2.5  0.00191126
24  4.5  8.41039e-05
24  3.0  0.000744575
24  3.5  0.000343185
24  4.0  0.000164022
24  5.0  4.44153e-05
24  5.5  2.42403e-05
24  6.0  1.43067e-05
24  8.0  2.09759e-06
24  8.5  1.37055e-06
24  7.5  3.18252e-06
24  6.5  8.47627e-06
24  7.0  5.08579e-06
24  9.0  8.93538e-07
24  9.5  6.09066e-07
26  0.2  0.18735
24  10.0  4.13941e-07
26  0.3  0.168061
26  0.4  0.14948
26  0.5  0.13107
24  10.5  2.8784e-07
26  0.6  0.110842
26  0.7  0.0919258
26  0.8  0.0725609
26  0.9  0.0577592
26  1.0  0.0468382
26  1.1  0.0371
26  1.2  0.0291617
26  1.3  0.0226144
26  1.5  0.014263
26  1.4  0.0179632
26  1.6  0.0110544
26  1.7  0.008871
24  11.0  2.03612e-07
26  1.8  0.00704587
26  1.9  0.00563869
26  2.0  0.00453521
24  11.5  1.39709e-07
26  2.5  0.00169689
24  12.0  1.02634e-07
26  3.5  0.000295859
26  4.5  7.33149e-05
26  3.0  0.000691884
26  4.0  0.000144277
26  5.5  2.1072e-05
26  5.0  3.90879e-05
26  6.5  7.39572e-06
26  8.0  1.81938e-06
26  7.0  4.64107e-06
26  6.0  1.25895e-05
26  8.5  1.17961e-06
26  7.5  2.85899e-06
26  9.0  8.07887e-07
26  9.5  5.42206e-07
28  0.2  0.17083
26  10.0  3.55452e-07
28  0.3  0.153466
26  10.5  2.52653e-07
28  0.4  0.136695
28  0.5  0.115228
28  0.6  0.0966081
28  0.7  0.0802351
26  11.0  1.78602e-07
28  0.8  0.0639936
28  0.9  0.0502592
28  1.1  0.0316077
28  1.0  0.039985
28  1.2  0.0251879
28  1.3  0.0196061
28  1.4  0.0154161
28  1.5  0.0122474
28  1.6  0.00941481
28  1.7  0.00760519
28  1.8  0.00604172
28  1.9  0.00475693
28  2.0  0.00386564
28  2.5  0.00140906
26  11.5  1.27264e-07
28  3.0  0.000548428
26  12.0  9.02628e-08
28  3.5  0.000244305
28  4.0  0.000122001
28  4.5  6.08996e-05
28  5.0  3.21518e-05
28  5.5  1.78165e-05
28  7.5  2.44436e-06
28  8.0  1.56227e-06
28  6.0  1.06265e-05
28  8.5  1.02164e-06
28  7.0  3.85203e-06
28  6.5  6.251e-06
28  9.0  6.73509e-07
28  9.5  4.5633e-07
30  0.2  0.151266
28  10.0  3.02391e-07
30  0.3  0.132694
28  10.5  2.14435e-07
30  0.4  0.117844
30  0.5  0.101044
30  0.6  0.0822685
30  0.7  0.0666379
30  0.8  0.0521078
30  0.9  0.041946
30  1.0  0.0325481
28  11.5  1.04938e-07
30  1.2  0.020325
30  1.1  0.0258503
30  1.3  0.0154843
28  11.0  1.44989e-07
30  1.4  0.0121933
30  1.6  0.00756112
30  1.7  0.00596941
30  1.8  0.00471883
30  1.5  0.00945982
30  2.0  0.00308907
30  1.9  0.00388976
30  2.5  0.00112912
28  12.0  7.53098e-08
30  3.0  0.000429827
30  3.5  0.00020404
30  4.0  9.26205e-05
30  5.0  2.52537e-05
30  4.5  4.79404e-05
30  5.5  1.38889e-05
30  6.0  8.0303e-06
30  6.5  4.93711e-06
30  8.0  1.23844e-06
30  8.5  8.03023e-07
30  7.0  3.06088e-06
30  7.5  1.90052e-06
30  9.0  5.15243e-07
32  0.2  0.124128
30  10.0  2.45255e-07
32  0.3  0.108544
32  0.4  0.0918647
30  10.5  1.68108e-07
30  9.5  3.58339e-07
32  0.5  0.0785616
32  0.6  0.0638348
32  0.8  0.0395723
32  0.7  0.0514276
32  0.9  0.0305464
32  1.0  0.0240128
32  1.1  0.0184997
32  1.2  0.0144329
30  11.5  8.23847e-08
32  1.3  0.0111461
32  1.4  0.00884247
32  1.5  0.00713865
30  11.0  1.16603e-07
32  1.7  0.00429929
32  1.6  0.00545924
32  1.8  0.00350868
32  1.9  0.00273636
32  2.0  0.00222617
32  2.5  0.000800626
32  3.0  0.000309081
30  12.0  5.87625e-08
32  4.5  3.52345e-05
32  3.5  0.000145887
32  4.0  6.69991e-05
32  5.0  1.84904e-05
32  6.5  3.58024e-06
32  5.5  1.04816e-05
32  7.5  1.33842e-06
32  8.0  8.80328e-07
32  6.0  6.00601e-06
32  7.0  2.13531e-06
32  8.5  5.79081e-07
32  9.0  3.68704e-07
32  9.5  2.53974e-07
4  0.2  0.236618
32  10.0  1.738e-07
4  0.3  0.21391
4  0.4  0.197692
32  10.5  1.20041e-07
4  0.5  0.17557
4  0.6  0.151215
4  0.7  0.12755
4  0.8  0.106952
4  0.9  0.0868027
4  1.0  0.0701914
4  1.1  0.0566988
4  1.2  0.0446668
4  1.3  0.035844
4  1.4  0.0282405
32  11.5  5.92354e-08
4  1.5  0.0227342
4  1.6  0.018147
4  1.7  0.01475
4  1.8  0.0117729
4  1.9  0.00930238
4  2.0  0.00766886
4  2.5  0.00283305
32  11.0  8.46454e-08
4  3.5  0.000502967
32  12.0  4.23875e-08
4  3.0  0.00114129
4  4.0  0.000247702
4  4.5  0.000125741
4  5.0  6.71072e-05
4  5.5  3.71189e-05
4  7.0  7.6841e-06
4  6.0  2.14577e-05
4  6.5  1.2772e-05
4  7.5  4.92788e-06
4  8.0  3.15654e-06
4  8.5  1.99804e-06
4  9.0  1.36256e-06
4  9.5  9.15707e-07
6  0.2  0.236077
4  10.0  6.2908e-07
6  0.3  0.213484
6  0.4  0.196514
6  0.5  0.172143
4  10.5  4.35043e-07
6  0.6  0.149135
6  0.7  0.128341
6  0.8  0.106099
6  0.9  0.0854234
4  11.0  3.02702e-07
6  1.0  0.0697902
6  1.1  0.0559753
6  1.2  0.0447754
6  1.3  0.0352832
6  1.5  0.0224719
6  1.4  0.0277665
6  1.6  0.0180273
6  1.7  0.0142602
4  12.0  1.49607e-07
6  1.8  0.0113543
6  1.9  0.00952887
6  2.0  0.00763918
6  2.5  0.00276391
4  11.5  2.12135e-07
6  3.5  0.000494958
6  3.0  0.00112781
6  4.0  0.000242377
6  4.5  0.000124959
6  5.0  6.55702e-05
6  5.5  3.6894e-05
6  6.0  2.08411e-05
6  6.5  1.25881e-05
6  7.0  7.71151e-06
6  7.5  4.76763e-06
6  8.0  3.10367e-06
6  8.5  1.97435e-06
6  9.0  1.35581e-06
6  9.5  9.10376e-07
6  10.0  6.18967e-07
8  0.2  0.234462
8  0.3  0.215391
8  0.4  0.195119
6  10.5  4.22447e-07
8  0.5  0.172301
8  0.6  0.148398
8  0.7  0.127278
6  11.0  2.96794e-07
8  0.8  0.105322
8  0.9  0.0862841
8  1.0  0.0684947
8  1.1  0.0562696
8  1.2  0.0432872
8  1.3  0.0343775
8  1.5  0.021927
8  1.4  0.027626
8  1.6  0.0178509
8  1.7  0.0141277
8  1.8  0.0113643
8  1.9  0.00914226
6  12.0  1.50143e-07
8  2.0  0.00749485
8  2.5  0.00272916
6  11.5  2.12039e-07
8  3.5  0.000497157
8  3.0  0.00110659
8  4.0  0.000237226
8  4.5  0.0001197
8  5.0  6.50186e-05
8  5.5  3.6126e-05
8  6.0  2.05527e-05
8  6.5  1.24171e-05
8  7.0  7.52029e-06
8  7.5  4.81353e-06
8  8.0  3.08349e-06
8  8.5  1.99198e-06
8  9.0  1.33485e-06
8  9.5  8.91803e-07
8  10.0  6.11633e-07
8  10.5  4.21307e-07
8  11.0  2.9478e-07
8  12.0  1.49047e-07
8  11.5  2.08414e-07
