# diffractive D0 cross section, Pb target, KniehlKramer fragmentation, Xn0n channel
# generated      : 2026-10-02 23:39:37 EEST
# flux_model     : EFF (TARGET=AA)
# calls         : 1e5 (VEGAS calls per point, see CALLS_EXCL/CALLS_EXCL_FACTORIZED/CALLS_DIFF)
# dipole samples : data/Pb/mve/glauber_mve_<b>
# pD0 sweep      : 0.2 0.3 0.4 0.5 0.6 0.7 0.8 0.9 1.0 1.1 1.2 1.3 1.4 1.5 1.6 1.7 1.8 1.9 2.0 2.5 3.0 3.5 4.0 4.5 5.0 5.5 6.0 6.5 7.0 7.5 8.0 8.5 9.0 9.5 10.0 10.5 11.0 11.5 12.0
# fixed rapidity y : -2.0
# ============================================================
# b  pD0  dsigma_dyd2pD0
0  0.3  0.342544
0  0.2  0.374116
0  0.5  0.279421
0  0.4  0.311972
0  0.6  0.245426
0  0.8  0.175241
0  0.7  0.211246
0  0.9  0.148561
0  1.0  0.121766
0  1.1  0.0997689
0  1.2  0.081043
0  1.3  0.0667963
0  1.4  0.0536931
0  1.5  0.0436534
0  1.6  0.0359098
0  1.7  0.0294276
0  1.8  0.0237566
0  1.9  0.0200545
0  2.0  0.0164417
0  2.5  0.0068196
0  6.0  0.000110433
0  3.0  0.00315406
0  6.5  7.23622e-05
0  3.5  0.00156534
0  4.0  0.000836896
0  4.5  0.000474017
0  5.0  0.000276653
0  5.5  0.00017275
0  7.0  4.84091e-05
0  8.5  1.62654e-05
0  7.5  3.34462e-05
0  8.0  2.32784e-05
10  0.2  0.373049
0  9.0  1.16901e-05
10  0.3  0.330198
0  9.5  8.64861e-06
10  0.4  0.296945
10  0.5  0.270165
0  12.0  2.05355e-06
10  0.6  0.236641
10  0.7  0.204359
0  10.0  6.20573e-06
10  0.8  0.172274
0  10.5  4.71576e-06
10  1.0  0.117331
10  0.9  0.143109
10  1.1  0.0962051
10  1.2  0.0778051
0  11.0  3.49475e-06
10  1.3  0.0632636
10  1.4  0.0515775
10  1.5  0.0421395
10  1.7  0.0275636
10  1.6  0.0341781
10  1.8  0.0229674
10  1.9  0.0189933
0  11.5  2.69185e-06
10  2.0  0.015713
10  2.5  0.00659256
10  4.0  0.000805132
10  6.0  0.000105001
10  3.0  0.00300969
10  3.5  0.00149326
10  6.5  6.87422e-05
10  5.0  0.000267077
10  4.5  0.000449942
10  5.5  0.000164469
10  7.0  4.61397e-05
10  8.5  1.54711e-05
10  8.0  2.19199e-05
10  7.5  3.15818e-05
12  0.2  0.355791
10  9.0  1.12996e-05
12  0.3  0.323321
12  0.4  0.300916
10  9.5  8.17431e-06
10  12.0  1.95145e-06
12  0.5  0.269448
12  0.6  0.232819
12  0.7  0.202688
10  10.0  6.08638e-06
12  0.8  0.168107
12  0.9  0.138402
12  1.0  0.112814
12  1.1  0.0944056
10  10.5  4.51247e-06
12  1.2  0.0747581
12  1.3  0.0623105
12  1.4  0.0503591
12  1.5  0.0412468
12  1.6  0.0334508
12  1.7  0.0272809
10  11.0  3.38821e-06
12  1.8  0.0224812
12  1.9  0.018524
12  2.0  0.0151671
12  2.5  0.00635657
10  11.5  2.53293e-06
12  4.0  0.000778428
12  6.0  0.000103398
12  3.0  0.0029276
12  3.5  0.00144261
12  4.5  0.000440982
12  5.0  0.000261504
12  5.5  0.000160731
12  6.5  6.73128e-05
12  7.0  4.4925e-05
12  8.0  2.12469e-05
12  7.5  3.09346e-05
12  8.5  1.53007e-05
12  9.0  1.08082e-05
14  0.2  0.355275
12  11.0  3.29904e-06
14  0.3  0.3237
14  0.4  0.294513
12  9.5  8.00799e-06
14  0.5  0.265876
14  0.6  0.232512
12  12.0  1.90829e-06
12  10.0  5.9229e-06
14  0.7  0.197706
14  0.8  0.166416
14  0.9  0.137446
12  10.5  4.3926e-06
14  1.0  0.11287
14  1.1  0.0922233
14  1.2  0.0743723
14  1.3  0.0607562
14  1.4  0.049263
14  1.5  0.040047
14  1.6  0.0325203
14  1.8  0.021929
14  1.7  0.0263818
14  1.9  0.0180567
12  11.5  2.50123e-06
14  2.0  0.0148881
14  2.5  0.00620096
14  4.0  0.000755975
14  6.0  0.000100016
14  3.0  0.00283672
14  3.5  0.00140644
14  4.5  0.000427641
14  5.0  0.000254274
14  5.5  0.000155547
14  6.5  6.52071e-05
14  7.0  4.40711e-05
14  8.5  1.48105e-05
14  8.0  2.10649e-05
14  7.5  2.9986e-05
16  0.2  0.35035
14  9.0  1.0456e-05
16  0.3  0.323398
14  9.5  7.69264e-06
16  0.4  0.291042
14  12.0  1.8709e-06
16  0.5  0.260534
16  0.6  0.226955
16  0.7  0.193928
14  10.0  5.73076e-06
16  0.8  0.161574
16  1.0  0.108187
16  0.9  0.134197
16  1.1  0.0890216
14  10.5  4.24921e-06
16  1.2  0.0725566
16  1.3  0.0580153
16  1.4  0.0471069
16  1.5  0.0388972
16  1.6  0.0315311
14  11.0  3.21858e-06
16  1.7  0.0256681
16  1.8  0.0211093
16  2.0  0.0142616
16  1.9  0.0174752
14  11.5  2.42413e-06
16  2.5  0.00599804
16  3.5  0.00136639
16  4.0  0.000729481
16  5.0  0.000243177
16  6.0  9.45906e-05
16  3.0  0.00274037
16  4.5  0.00041666
16  6.5  6.27463e-05
16  5.5  0.000150821
16  7.0  4.19898e-05
16  8.5  1.40668e-05
16  8.0  2.01418e-05
16  7.5  2.89469e-05
18  0.2  0.349533
18  0.3  0.312947
16  9.0  1.0301e-05
18  0.4  0.283977
18  0.5  0.25358
18  0.6  0.221816
16  10.0  5.45387e-06
16  9.5  7.46695e-06
18  0.7  0.188719
18  0.8  0.157349
18  0.9  0.130129
18  1.0  0.106305
18  1.1  0.0860278
18  1.2  0.0699244
16  12.0  1.77729e-06
16  10.5  4.11598e-06
18  1.3  0.0561957
18  1.4  0.0461933
18  1.5  0.0369127
16  11.0  3.08179e-06
18  1.6  0.0303136
18  1.7  0.0245069
18  1.8  0.0202866
18  1.9  0.0167034
16  11.5  2.3425e-06
18  2.0  0.0138485
18  2.5  0.00568124
18  3.5  0.00130616
18  4.0  0.000686303
18  3.0  0.00261706
18  6.0  9.15519e-05
18  6.5  5.89011e-05
18  4.5  0.000392541
18  5.0  0.000234117
18  5.5  0.000140806
18  7.0  4.07309e-05
18  8.5  1.36612e-05
18  7.5  2.72678e-05
18  8.0  1.92483e-05
2  0.2  0.376769
18  9.0  9.74741e-06
2  0.3  0.341528
18  9.5  7.01184e-06
2  0.4  0.309079
18  12.0  1.69918e-06
2  0.5  0.278684
2  0.6  0.24458
2  0.7  0.211015
18  10.0  5.27106e-06
2  0.8  0.17576
2  0.9  0.143849
2  1.0  0.121626
2  1.1  0.0967959
2  1.3  0.0645105
2  1.2  0.0807423
2  1.4  0.0536656
18  10.5  3.93068e-06
2  1.5  0.0437146
2  1.6  0.0357339
18  11.0  2.93789e-06
2  1.7  0.0291982
2  1.8  0.0240309
2  1.9  0.0198585
18  11.5  2.22947e-06
2  2.0  0.0164258
2  2.5  0.00680092
2  3.0  0.00314237
2  3.5  0.00155336
2  6.0  0.000108947
2  4.0  0.000838875
2  4.5  0.000473694
2  5.0  0.000280741
2  6.5  7.16339e-05
2  5.5  0.000170196
2  7.0  4.85594e-05
2  8.5  1.63574e-05
2  7.5  3.31422e-05
2  8.0  2.31963e-05
20  0.2  0.340659
2  9.0  1.18264e-05
20  0.3  0.293917
2  9.5  8.60885e-06
20  0.4  0.276457
2  12.0  2.06005e-06
20  0.5  0.24702
20  0.6  0.213427
2  10.0  6.18403e-06
20  0.7  0.181159
20  0.8  0.148872
20  1.0  0.100935
20  0.9  0.124414
20  1.1  0.0815465
2  10.5  4.7194e-06
20  1.2  0.0666868
20  1.4  0.043827
20  1.3  0.0543053
20  1.5  0.0357102
20  1.6  0.0286677
2  11.0  3.55584e-06
20  1.7  0.0234978
20  1.8  0.0191736
20  1.9  0.0158616
20  2.0  0.0132627
20  2.5  0.00542379
2  11.5  2.66151e-06
20  3.0  0.0024816
20  3.5  0.00123105
20  4.0  0.000654127
20  4.5  0.000371319
20  5.5  0.000135416
20  6.0  8.66643e-05
20  6.5  5.72572e-05
20  5.0  0.000220154
20  7.0  3.80805e-05
20  8.5  1.28873e-05
20  8.0  1.81404e-05
20  7.5  2.60297e-05
22  0.2  0.323968
20  9.0  9.25992e-06
22  0.3  0.294166
20  9.5  6.7217e-06
22  0.4  0.265605
20  12.0  1.60518e-06
22  0.5  0.235963
22  0.6  0.203354
20  10.0  4.84985e-06
22  0.7  0.172628
22  0.8  0.140765
22  0.9  0.11629
22  1.0  0.0962673
20  10.5  3.64661e-06
22  1.1  0.0776144
22  1.2  0.062005
22  1.3  0.0505403
22  1.4  0.0407423
22  1.5  0.0334013
20  11.0  2.78592e-06
22  1.6  0.0268855
22  1.7  0.0218146
22  1.8  0.0182541
22  1.9  0.0146322
22  2.0  0.0121233
20  11.5  2.08692e-06
22  2.5  0.00504856
22  3.5  0.00114822
22  4.0  0.000610448
22  4.5  0.000346556
22  5.5  0.000126388
22  6.0  8.09062e-05
22  5.0  0.000205086
22  6.5  5.30954e-05
22  3.0  0.00230338
22  7.0  3.53312e-05
22  8.5  1.16484e-05
22  7.5  2.39441e-05
22  8.0  1.6872e-05
22  11.0  2.54909e-06
24  0.2  0.308204
22  9.0  8.56621e-06
24  0.3  0.280738
22  9.5  6.26979e-06
24  0.4  0.252011
24  0.5  0.223405
22  12.0  1.49058e-06
24  0.6  0.192033
24  0.7  0.159519
22  10.0  4.60379e-06
24  0.8  0.133014
24  1.0  0.0889767
24  0.9  0.109181
22  10.5  3.44307e-06
24  1.1  0.0711637
24  1.2  0.0575764
24  1.3  0.0464674
24  1.4  0.0376079
24  1.5  0.0304504
24  1.6  0.0246814
24  1.8  0.0164806
24  1.7  0.020176
24  1.9  0.0135676
22  11.5  1.95655e-06
24  2.0  0.0112291
24  2.5  0.00459986
24  3.5  0.00104211
24  4.0  0.000556756
24  4.5  0.000312669
24  5.5  0.000114672
24  3.0  0.00208411
24  5.0  0.000186272
24  6.5  4.77712e-05
24  6.0  7.31254e-05
24  7.0  3.24162e-05
24  8.5  1.06922e-05
24  7.5  2.21458e-05
24  8.0  1.53742e-05
24  9.0  7.83703e-06
26  0.2  0.291395
26  0.3  0.260443
24  12.0  1.3587e-06
26  0.4  0.23534
24  9.5  5.67489e-06
26  0.5  0.206102
26  0.6  0.173045
24  10.0  4.19009e-06
26  0.7  0.147428
26  0.8  0.119972
26  0.9  0.0980755
24  10.5  3.03648e-06
26  1.0  0.079892
26  1.1  0.0642581
26  1.2  0.0514672
26  1.3  0.0418038
26  1.4  0.0338729
26  1.5  0.027037
26  1.6  0.0216932
24  11.0  2.34869e-06
26  1.7  0.0179452
26  1.8  0.014629
26  1.9  0.0119509
24  11.5  1.77955e-06
26  2.0  0.00992892
26  2.5  0.00406953
26  4.0  0.000497355
26  4.5  0.00027705
26  5.5  0.000102163
26  3.0  0.00184588
26  5.0  0.000163837
26  6.5  4.21979e-05
26  6.0  6.40898e-05
26  3.5  0.000917096
26  7.0  2.83275e-05
26  8.5  9.56531e-06
26  7.5  1.95148e-05
26  8.0  1.33728e-05
26  11.0  2.0488e-06
28  0.2  0.26531
26  9.0  6.70375e-06
28  0.3  0.236457
26  10.5  2.74531e-06
26  12.0  1.19681e-06
28  0.4  0.213121
26  9.5  5.01535e-06
28  0.5  0.180749
28  0.6  0.156791
26  10.0  3.58635e-06
28  0.7  0.129492
28  0.8  0.106604
28  0.9  0.0856284
28  1.0  0.0686115
28  1.1  0.0550373
28  1.2  0.0440478
28  1.3  0.035477
28  1.4  0.0284813
28  1.5  0.0232889
28  1.6  0.018688
28  1.7  0.0151912
26  11.5  1.55937e-06
28  1.8  0.0123519
28  1.9  0.0102184
28  2.0  0.00840039
28  2.5  0.00342068
28  5.5  8.40993e-05
28  6.0  5.37565e-05
28  3.0  0.00155427
28  4.0  0.000411798
28  4.5  0.000234892
28  5.0  0.000139109
28  6.5  3.52677e-05
28  3.5  0.000771737
28  7.0  2.38806e-05
28  8.5  7.99034e-06
28  7.5  1.62014e-05
28  8.0  1.11243e-05
30  0.2  0.229902
28  9.0  5.76233e-06
30  0.3  0.208289
30  0.4  0.181598
28  9.5  4.19661e-06
30  0.6  0.130751
30  0.5  0.153964
28  10.0  3.04812e-06
30  0.8  0.0863986
30  0.9  0.0693294
28  10.5  2.27388e-06
30  0.7  0.10681
30  1.0  0.0554742
30  1.1  0.0441855
28  12.0  9.90648e-07
30  1.2  0.0352312
28  11.0  1.71358e-06
30  1.3  0.0282729
30  1.4  0.0227389
30  1.5  0.0183086
28  11.5  1.29412e-06
30  1.7  0.0122038
30  1.6  0.0148612
30  1.8  0.00983642
30  1.9  0.00798057
30  2.0  0.00658534
30  2.5  0.00268742
30  5.5  6.64261e-05
30  6.0  4.2152e-05
30  3.0  0.00121883
30  4.5  0.000181795
30  5.0  0.000106075
30  6.5  2.75973e-05
30  3.5  0.000613066
30  4.0  0.000322188
30  7.0  1.86565e-05
30  8.5  6.27122e-06
30  7.5  1.26916e-05
30  8.0  8.549e-06
32  0.2  0.189473
30  9.0  4.52566e-06
32  0.3  0.166603
30  9.5  3.27654e-06
30  10.5  1.80212e-06
32  0.4  0.144421
30  12.0  7.83845e-07
32  0.5  0.120861
30  10.0  2.43805e-06
32  0.6  0.0991951
32  0.7  0.080201
32  0.8  0.0640015
32  0.9  0.0514601
32  1.0  0.0407576
32  1.1  0.0325421
32  1.2  0.0260035
32  1.3  0.0207235
32  1.4  0.0165213
32  1.5  0.0133302
32  1.6  0.0106991
30  11.0  1.35008e-06
32  1.7  0.00864789
30  11.5  1.02567e-06
32  1.8  0.00709825
32  1.9  0.00581952
32  2.0  0.00479688
32  2.5  0.00193253
32  3.0  0.000869248
32  6.0  3.01317e-05
32  4.0  0.000233425
32  4.5  0.000131083
32  5.0  7.75747e-05
32  5.5  4.72958e-05
32  6.5  1.97287e-05
32  3.5  0.000432588
32  7.0  1.33741e-05
32  7.5  9.0555e-06
32  8.0  6.36522e-06
32  8.5  4.47879e-06
4  0.2  0.379179
32  9.0  3.22705e-06
4  0.3  0.337668
32  10.5  1.28772e-06
4  0.4  0.311913
32  9.5  2.33334e-06
32  12.0  5.61606e-07
4  0.5  0.279467
4  0.6  0.244082
4  0.7  0.209946
4  0.8  0.177352
4  0.9  0.147302
32  10.0  1.72121e-06
4  1.0  0.121338
4  1.1  0.0988355
4  1.2  0.0804795
4  1.3  0.064577
4  1.4  0.0531146
4  1.5  0.0439236
4  1.6  0.0352957
32  11.0  9.6228e-07
4  1.7  0.0290037
4  1.8  0.0238122
4  1.9  0.0197325
4  2.0  0.0163149
4  2.5  0.00679819
32  11.5  7.30925e-07
4  3.0  0.00308633
4  6.0  0.000108092
4  3.5  0.00155097
4  4.0  0.000832214
4  4.5  0.000469643
4  5.0  0.000279098
4  5.5  0.000171834
4  6.5  7.12203e-05
4  7.0  4.71548e-05
4  7.5  3.31092e-05
4  8.0  2.31468e-05
4  11.0  3.53968e-06
4  8.5  1.63254e-05
6  0.2  0.37211
4  9.0  1.17184e-05
6  0.3  0.338856
6  0.4  0.308911
4  12.0  2.04527e-06
4  9.5  8.57463e-06
6  0.5  0.278194
6  0.6  0.243494
4  10.0  6.34325e-06
6  0.7  0.208966
6  0.8  0.176378
6  0.9  0.146552
6  1.0  0.120252
6  1.1  0.0983901
4  10.5  4.70087e-06
6  1.2  0.0798721
6  1.3  0.0638684
6  1.5  0.0429097
6  1.6  0.0353749
6  1.4  0.0528483
6  1.8  0.0234904
6  1.7  0.0288132
6  1.9  0.0194575
6  2.0  0.0161975
6  2.5  0.00679688
4  11.5  2.66892e-06
6  4.0  0.000823613
6  6.0  0.00010858
6  3.0  0.00308955
6  3.5  0.00153611
6  4.5  0.00047141
6  5.0  0.000275584
6  6.5  7.13894e-05
6  5.5  0.000170856
6  7.0  4.82803e-05
6  7.5  3.28501e-05
6  8.0  2.29259e-05
8  0.2  0.368405
6  8.5  1.62223e-05
6  9.0  1.15658e-05
8  0.3  0.336703
6  9.5  8.49518e-06
8  0.4  0.308142
6  12.0  2.01287e-06
8  0.5  0.275804
8  0.6  0.241549
8  0.7  0.207248
6  10.0  6.25044e-06
8  0.8  0.174976
8  0.9  0.145303
8  1.0  0.119347
6  10.5  4.64873e-06
8  1.1  0.0973049
8  1.2  0.0792751
8  1.3  0.0643855
8  1.4  0.0517601
8  1.5  0.0423785
8  1.6  0.0348088
6  11.0  3.48115e-06
8  1.7  0.0285096
8  1.8  0.0233578
8  1.9  0.0192611
6  11.5  2.60534e-06
8  2.0  0.0158111
8  2.5  0.0066195
8  4.0  0.000811603
8  6.0  0.000107113
8  3.0  0.00304932
8  3.5  0.00152168
8  4.5  0.000457167
8  5.0  0.000271205
8  5.5  0.000168101
8  6.5  7.07523e-05
8  7.0  4.70625e-05
8  8.0  2.24648e-05
8  7.5  3.22301e-05
8  8.5  1.59648e-05
8  9.0  1.15598e-05
8  9.5  8.38447e-06
8  12.0  1.98679e-06
8  10.0  6.15761e-06
8  10.5  4.63298e-06
8  11.0  3.40731e-06
8  11.5  2.60101e-06
