# exclusive D0 cross section, Pb target, KniehlKramer fragmentation, Xn0n channel
# generated      : 2026-10-02 23:39:37 EEST
# flux_model     : EFF (TARGET=AA)
# calls         : 1e5 below 3.0 GeV, 2e3 above (see EXCL_PT_THRESHOLD) (VEGAS calls per point, see CALLS_EXCL/CALLS_EXCL_FACTORIZED/CALLS_DIFF)
# dipole samples : data/Pb/mve/glauber_mve_<b>
# pD0 sweep      : 0.2 0.3 0.4 0.5 0.6 0.7 0.8 0.9 1.0 1.1 1.2 1.3 1.4 1.5 1.6 1.7 1.8 1.9 2.0 2.5 3.0 3.5 4.0 4.5 5.0 5.5 6.0 6.5 7.0 7.5 8.0 8.5 9.0 9.5 10.0 10.5 11.0 11.5 12.0
# fixed rapidity y : 2.0
# ============================================================
# b  pD0  dsigma_dyd2pD0
0  0.2  0.748158
0  0.4  0.353192
0  0.3  0.50729
0  0.5  0.248365
0  0.6  0.175096
0  0.7  0.123608
0  0.8  0.0873861
0  0.9  0.0618663
0  1.1  0.0315754
0  1.2  0.0227963
0  1.0  0.0441155
0  1.3  0.0161873
0  1.4  0.0119606
0  1.5  0.00875295
0  1.6  0.00621602
0  1.7  0.00460414
0  1.8  0.00347106
0  1.9  0.00254719
0  2.0  0.00192667
0  2.5  0.000492478
0  3.5  4.18029e-05
0  3.0  0.000135239
0  4.0  1.40514e-05
0  4.5  5.09174e-06
0  5.0  1.96773e-06
0  5.5  8.08101e-07
0  6.0  3.51206e-07
0  7.0  7.44796e-08
0  6.5  1.58746e-07
0  8.0  1.84068e-08
0  8.5  9.5802e-09
0  9.0  5.13217e-09
0  7.5  3.6615e-08
0  9.5  2.81547e-09
0  10.0  1.58419e-09
10  0.2  0.713732
10  0.3  0.482326
10  0.4  0.335672
10  0.5  0.23552
0  10.5  9.08299e-10
10  0.6  0.165736
10  0.7  0.116945
10  0.8  0.0825423
0  11.0  5.31781e-10
10  1.0  0.0415866
10  0.9  0.0584115
10  1.2  0.0213281
10  1.1  0.0295606
10  1.4  0.0112252
10  1.3  0.0151456
0  12.0  1.91624e-10
10  1.5  0.00795495
10  1.6  0.0057816
10  1.7  0.0043646
10  1.8  0.00318622
10  1.9  0.00244316
10  2.0  0.00180116
10  2.5  0.000456941
0  11.5  3.18087e-10
10  3.5  3.85631e-05
10  3.0  0.000124906
10  4.0  1.29337e-05
10  4.5  4.6782e-06
10  5.5  7.40177e-07
10  5.0  1.80543e-06
10  6.0  3.19638e-07
10  6.5  1.44505e-07
10  7.5  3.32623e-08
10  8.0  1.68114e-08
10  8.5  8.7391e-09
10  7.0  6.84427e-08
10  9.0  4.67869e-09
10  9.5  2.56636e-09
12  0.2  0.697858
10  10.0  1.44345e-09
12  0.3  0.471736
12  0.4  0.328192
10  10.5  8.27194e-10
12  0.5  0.230103
12  0.6  0.16184
12  0.7  0.113931
12  0.8  0.0802877
12  0.9  0.0568005
10  11.0  4.84113e-10
12  1.0  0.0403535
12  1.1  0.0289249
12  1.2  0.0204779
12  1.3  0.0146837
12  1.4  0.010612
12  1.5  0.00788223
12  1.6  0.00573608
12  1.7  0.0042277
12  1.8  0.00310437
10  12.0  1.74314e-10
12  2.0  0.00173201
12  1.9  0.00230756
12  2.5  0.000428614
10  11.5  2.89378e-10
12  3.5  3.71118e-05
12  3.0  0.000120295
12  4.0  1.24255e-05
12  4.5  4.4925e-06
12  5.0  1.73256e-06
12  5.5  7.14247e-07
12  6.0  3.06491e-07
12  6.5  1.38507e-07
12  7.5  3.18568e-08
12  8.0  1.60974e-08
12  8.5  8.36435e-09
12  7.0  6.55781e-08
12  9.0  4.47719e-09
12  9.5  2.45564e-09
12  10.0  1.38071e-09
14  0.2  0.678216
14  0.3  0.458474
14  0.4  0.318261
14  0.5  0.223091
12  10.5  7.91125e-10
14  0.6  0.156674
14  0.7  0.110303
14  0.8  0.0776793
12  11.0  4.62919e-10
14  0.9  0.0549044
14  1.1  0.0279092
14  1.0  0.0390965
14  1.2  0.0199305
14  1.3  0.0141103
14  1.4  0.0101808
14  1.5  0.00735278
14  1.6  0.00537229
14  1.7  0.00407453
12  12.0  1.6661e-10
14  1.8  0.00300585
14  1.9  0.00222555
14  2.0  0.00166888
14  2.5  0.000421111
12  11.5  2.71949e-10
14  3.5  3.53392e-05
14  3.0  0.000114749
14  4.5  4.27113e-06
14  4.0  1.18222e-05
14  5.0  1.64601e-06
14  5.5  6.77962e-07
14  6.0  2.90814e-07
14  7.5  3.02252e-08
14  6.5  1.31302e-07
14  8.0  1.5245e-08
14  7.0  6.21565e-08
14  9.0  4.23693e-09
14  8.5  7.97176e-09
14  9.5  2.32366e-09
16  0.2  0.654645
14  10.0  1.30605e-09
16  0.3  0.441753
16  0.4  0.306313
14  10.5  7.48129e-10
16  0.5  0.214315
16  0.6  0.15056
16  0.7  0.1058
16  0.8  0.0744361
16  0.9  0.0525197
14  11.0  4.37684e-10
16  1.0  0.0372722
16  1.1  0.0264196
16  1.2  0.0190713
16  1.3  0.0134557
14  12.0  1.57426e-10
16  1.6  0.00514291
16  1.4  0.00981719
16  1.7  0.00385782
16  1.5  0.00699631
16  1.8  0.00280842
16  1.9  0.00210428
16  2.0  0.00156712
16  2.5  0.000388805
14  11.5  2.61439e-10
16  3.0  0.00010865
16  3.5  3.32581e-05
16  4.0  1.11144e-05
16  4.5  4.01317e-06
16  5.5  6.31713e-07
16  6.0  2.72411e-07
16  5.0  1.55441e-06
16  7.5  2.82633e-08
16  6.5  1.23533e-07
16  9.0  3.96464e-09
16  8.0  1.42498e-08
16  8.5  7.40331e-09
16  7.0  5.81548e-08
16  9.5  2.16941e-09
18  0.2  0.626077
16  10.0  1.21896e-09
18  0.3  0.422519
18  0.4  0.292178
16  10.5  6.97969e-10
18  0.5  0.2044
18  0.6  0.143145
18  0.7  0.100446
16  11.0  4.08234e-10
18  0.8  0.0705071
18  0.9  0.0497306
18  1.0  0.0352028
18  1.1  0.0249248
18  1.2  0.0179579
16  12.0  1.46752e-10
18  1.3  0.0126559
18  1.4  0.0093237
18  1.5  0.00665643
18  1.7  0.00361058
18  1.6  0.00479388
18  1.8  0.00266385
18  1.9  0.00194245
18  2.5  0.000366428
18  2.0  0.0014681
16  11.5  2.43734e-10
18  3.5  3.08164e-05
18  4.5  3.70525e-06
18  3.0  0.000101129
18  5.5  5.83259e-07
18  4.0  1.03368e-05
18  6.0  2.51087e-07
18  5.0  1.43572e-06
18  8.5  6.81962e-09
18  9.0  3.64126e-09
18  6.5  1.1383e-07
18  7.5  2.59681e-08
18  8.0  1.3111e-08
18  7.0  5.35411e-08
18  9.5  1.99198e-09
18  11.0  3.74614e-10
2  0.2  0.747157
2  0.3  0.505882
18  10.5  6.40316e-10
2  0.4  0.35275
2  0.5  0.247279
2  0.6  0.174746
2  0.7  0.12335
2  0.8  0.0872196
2  0.9  0.0617707
18  10.0  1.12405e-09
2  1.0  0.0440104
2  1.1  0.0315002
2  1.2  0.0227498
2  1.3  0.0161133
2  1.4  0.0116578
2  1.5  0.00847043
2  1.6  0.00627708
2  1.7  0.00468772
2  1.8  0.00341994
18  12.0  1.34463e-10
2  1.9  0.00253329
2  2.0  0.00192832
2  2.5  0.000493325
18  11.5  2.23427e-10
2  3.5  4.16737e-05
2  3.0  0.000134831
2  4.0  1.40122e-05
2  4.5  5.07536e-06
2  5.0  1.96131e-06
2  5.5  8.05414e-07
2  6.0  3.49974e-07
2  7.0  7.42261e-08
2  8.0  1.83464e-08
2  6.5  1.58209e-07
2  8.5  9.54674e-09
2  9.0  5.11418e-09
2  7.5  3.65218e-08
2  9.5  2.80557e-09
2  10.0  1.5786e-09
20  0.2  0.591958
20  0.3  0.39869
20  0.4  0.275712
2  10.5  9.05071e-10
20  0.5  0.192308
20  0.6  0.134516
20  0.7  0.0941715
20  0.8  0.066102
2  11.0  5.29885e-10
20  1.0  0.0328659
20  0.9  0.0464018
20  1.1  0.0233853
20  1.2  0.0164654
20  1.3  0.0117543
20  1.4  0.00841769
20  1.5  0.00611012
20  1.6  0.00456547
20  1.7  0.00334583
20  1.8  0.00244629
20  2.0  0.00133595
20  1.9  0.00180715
2  12.0  1.90935e-10
20  2.5  0.000329116
2  11.5  3.16944e-10
20  3.5  2.80333e-05
20  3.0  9.18205e-05
20  5.5  5.2773e-07
20  4.0  9.39034e-06
20  4.5  3.3791e-06
20  5.0  1.30006e-06
20  6.0  2.26915e-07
20  8.0  1.18086e-08
20  8.5  6.12391e-09
20  7.5  2.33992e-08
20  6.5  1.02709e-07
20  7.0  4.82739e-08
20  9.0  3.26761e-09
20  9.5  1.79015e-09
20  10.0  1.00467e-09
22  0.2  0.550056
22  0.3  0.370134
22  0.4  0.255596
22  0.5  0.177604
20  10.5  5.74767e-10
22  0.6  0.123921
20  11.0  3.35878e-10
22  0.7  0.0865542
22  0.8  0.0605476
22  0.9  0.0425099
22  1.0  0.0299122
22  1.1  0.0212842
22  1.2  0.0149828
22  1.4  0.00763356
22  1.3  0.0106484
22  1.5  0.00550936
22  1.6  0.00410544
20  12.0  1.20519e-10
22  1.7  0.00294739
22  1.8  0.00217103
22  1.9  0.00163769
22  2.0  0.00119774
22  2.5  0.000305032
20  11.5  2.00367e-10
22  3.5  2.48997e-05
22  3.0  8.17647e-05
22  4.0  8.27406e-06
22  5.5  4.64766e-07
22  4.5  2.98331e-06
22  5.0  1.14601e-06
22  6.0  1.99412e-07
22  8.0  1.03468e-08
22  8.5  5.35597e-09
22  7.5  2.04959e-08
22  6.5  9.0105e-08
22  7.0  4.23292e-08
22  9.0  2.855e-09
22  9.5  1.56235e-09
24  0.2  0.500914
22  10.0  8.76185e-10
24  0.3  0.335906
24  0.4  0.230885
22  11.5  1.72295e-10
22  10.5  5.01118e-10
24  0.5  0.160409
24  0.6  0.111426
24  0.7  0.0775475
24  0.8  0.0542084
24  0.9  0.0378283
24  1.0  0.0265802
24  1.1  0.0187047
24  1.2  0.0132088
24  1.3  0.00938174
24  1.4  0.00670407
24  1.5  0.00482997
24  1.6  0.00360621
22  12.0  1.04865e-10
24  1.7  0.00263318
24  1.8  0.00187893
22  11.0  2.93772e-10
24  1.9  0.00141876
24  2.0  0.00105938
24  2.5  0.000256418
24  4.5  2.52458e-06
24  3.0  7.0276e-05
24  3.5  2.12909e-05
24  4.0  7.05242e-06
24  5.0  9.65318e-07
24  5.5  3.93478e-07
24  6.0  1.68533e-07
24  8.0  8.68591e-09
24  8.5  4.49715e-09
24  7.5  1.72512e-08
24  6.5  7.60472e-08
24  7.0  3.5665e-08
24  9.0  2.3949e-09
24  9.5  1.30932e-09
26  0.2  0.440314
24  10.0  7.33298e-10
26  0.3  0.294035
26  0.4  0.201678
26  0.5  0.139148
24  10.5  4.19109e-10
26  0.6  0.0965372
26  0.7  0.0669439
26  0.8  0.0464643
26  0.9  0.0324169
26  1.0  0.0226567
26  1.1  0.0158941
26  1.2  0.0111755
26  1.3  0.00789671
26  1.5  0.00413307
26  1.4  0.00564067
26  1.6  0.00301023
26  1.7  0.00214538
24  11.0  2.45622e-10
26  1.8  0.00158997
26  1.9  0.00117507
26  2.0  0.000897473
24  11.5  1.45733e-10
26  2.5  0.000214472
24  12.0  8.80956e-11
26  3.5  1.72701e-05
26  4.5  2.0359e-06
26  3.0  5.73327e-05
26  4.0  5.69617e-06
26  5.5  3.14667e-07
26  5.0  7.78965e-07
26  6.5  6.02965e-08
26  8.0  6.88079e-09
26  7.0  2.82242e-08
26  6.0  1.3536e-07
26  8.5  3.56203e-09
26  7.5  1.36951e-08
26  9.0  1.89353e-09
26  9.5  1.03393e-09
28  0.2  0.36749
26  10.0  5.78062e-10
28  0.3  0.244791
26  10.5  3.30063e-10
28  0.4  0.166641
28  0.5  0.114775
28  0.6  0.0790382
28  0.7  0.0544524
26  11.0  1.9217e-10
28  0.8  0.0376124
28  0.9  0.0260958
28  1.1  0.0128237
28  1.0  0.0181336
28  1.2  0.0088663
28  1.3  0.00623339
28  1.4  0.00458179
28  1.5  0.00317189
28  1.6  0.00234981
28  1.7  0.00171494
28  1.8  0.00126421
28  1.9  0.000909353
28  2.0  0.000683375
28  2.5  0.000167607
26  11.5  1.14543e-10
28  3.0  4.34552e-05
26  12.0  6.91168e-11
28  3.5  1.2982e-05
28  4.0  4.25544e-06
28  4.5  1.50978e-06
28  5.0  5.77448e-07
28  5.5  2.33326e-07
28  7.5  1.00083e-08
28  8.0  4.9998e-09
28  6.0  9.94547e-08
28  8.5  2.58641e-09
28  7.0  2.06169e-08
28  6.5  4.4407e-08
28  9.0  1.37151e-09
28  9.5  7.47853e-10
30  0.2  0.284307
28  10.0  4.17283e-10
30  0.3  0.188227
28  10.5  2.378e-10
30  0.4  0.127318
30  0.5  0.0868844
30  0.6  0.0593853
30  0.7  0.0406705
30  0.8  0.0278731
30  0.9  0.0192129
30  1.0  0.0132739
28  11.5  8.19123e-11
30  1.2  0.00640415
30  1.1  0.00918409
30  1.3  0.00449328
28  11.0  1.38978e-10
30  1.4  0.00317327
30  1.6  0.00163041
30  1.7  0.00119242
30  1.8  0.000870354
30  1.5  0.00229314
30  2.0  0.000476709
30  1.9  0.000650457
30  2.5  0.000111156
28  12.0  4.95767e-11
30  3.0  2.94187e-05
30  3.5  8.71618e-06
30  4.0  2.83565e-06
30  5.0  3.77549e-07
30  4.5  1.00505e-06
30  5.5  1.52693e-07
30  6.0  6.47674e-08
30  6.5  2.86767e-08
30  8.0  3.21412e-09
30  8.5  1.65606e-09
30  7.0  1.33253e-08
30  7.5  6.42641e-09
30  9.0  8.76068e-10
32  0.2  0.198062
30  10.0  2.65195e-10
32  0.3  0.130007
32  0.4  0.0872922
30  10.5  1.50743e-10
30  9.5  4.77729e-10
32  0.5  0.0590279
32  0.6  0.0399203
32  0.8  0.0184234
32  0.7  0.0270603
32  0.9  0.0125551
32  1.0  0.00863915
32  1.1  0.0059775
32  1.2  0.00412921
30  11.5  5.17257e-11
32  1.3  0.00291694
32  1.4  0.0020462
32  1.5  0.00145885
30  11.0  8.78561e-11
32  1.7  0.000742164
32  1.6  0.00100995
32  1.8  0.000548945
32  1.9  0.000399788
32  2.0  0.000281584
32  2.5  6.68655e-05
32  3.0  1.72981e-05
30  12.0  3.12279e-11
32  4.5  5.69438e-07
32  3.5  5.05676e-06
32  4.0  1.62653e-06
32  5.0  2.12699e-07
32  6.5  1.58687e-08
32  5.5  8.54253e-08
32  7.5  3.52163e-09
32  8.0  1.74903e-09
32  6.0  3.59972e-08
32  7.0  7.32572e-09
32  8.5  8.96678e-10
32  9.0  4.73703e-10
32  9.5  2.56444e-10
4  0.2  0.742843
32  10.0  1.42404e-10
4  0.3  0.503487
4  0.4  0.350746
32  10.5  8.06917e-11
4  0.5  0.246472
4  0.6  0.173693
4  0.7  0.122509
4  0.8  0.0866568
4  0.9  0.0614348
4  1.0  0.0437427
4  1.1  0.0311958
4  1.2  0.0222489
4  1.3  0.0162448
4  1.4  0.0115925
32  11.5  2.75206e-11
4  1.5  0.00863525
4  1.6  0.00617802
4  1.7  0.0045117
4  1.8  0.00337256
4  1.9  0.00252975
4  2.0  0.00189959
4  2.5  0.000474755
32  11.0  4.68572e-11
4  3.5  4.12833e-05
32  12.0  1.659e-11
4  3.0  0.000133602
4  4.0  1.38754e-05
4  4.5  5.02642e-06
4  5.0  1.94214e-06
4  5.5  7.97296e-07
4  7.0  7.34629e-08
4  6.0  3.46478e-07
4  6.5  1.56585e-07
4  7.5  3.59113e-08
4  8.0  1.81562e-08
4  8.5  9.44603e-09
4  9.0  5.06013e-09
4  9.5  2.77581e-09
6  0.2  0.736025
4  10.0  1.56181e-09
6  0.3  0.498749
6  0.4  0.347366
6  0.5  0.243928
4  10.5  8.95391e-10
6  0.6  0.171886
6  0.7  0.12117
6  0.8  0.085675
6  0.9  0.0607086
4  11.0  5.24197e-10
6  1.0  0.043169
6  1.1  0.0307836
6  1.2  0.0220033
6  1.3  0.0160246
6  1.5  0.00854396
6  1.4  0.0114029
6  1.6  0.00620723
6  1.7  0.0045979
4  12.0  1.8885e-10
6  1.8  0.00334826
6  1.9  0.00246294
6  2.0  0.00188205
6  2.5  0.000449755
4  11.5  3.1402e-10
6  3.5  4.06408e-05
6  3.0  0.000131557
6  4.0  1.36598e-05
6  4.5  4.9438e-06
6  5.0  1.90973e-06
6  5.5  7.83816e-07
6  6.0  3.38653e-07
6  6.5  1.53124e-07
6  7.0  7.21916e-08
6  7.5  3.52865e-08
6  8.0  1.78377e-08
6  8.5  9.27825e-09
6  9.0  4.96994e-09
6  9.5  2.72612e-09
6  10.0  1.53369e-09
8  0.2  0.72643
8  0.3  0.491633
8  0.4  0.342236
6  10.5  8.79869e-10
8  0.5  0.240461
8  0.6  0.169346
8  0.7  0.119307
6  11.0  5.14694e-10
8  0.8  0.0843468
8  0.9  0.0596991
8  1.0  0.0425311
8  1.1  0.030258
8  1.2  0.0216096
8  1.3  0.015721
8  1.5  0.00839999
8  1.4  0.0112088
8  1.6  0.00610326
8  1.7  0.0045021
8  1.8  0.00323206
8  1.9  0.00250978
6  12.0  1.85399e-10
8  2.0  0.00185607
8  2.5  0.000465101
6  11.5  3.07843e-10
8  3.5  3.97389e-05
8  3.0  0.00012867
8  4.0  1.3342e-05
8  4.5  4.8279e-06
8  5.0  1.86422e-06
8  5.5  7.64798e-07
8  6.0  3.30375e-07
8  6.5  1.49367e-07
8  7.0  7.04024e-08
8  7.5  3.44027e-08
8  8.0  1.73905e-08
8  8.5  9.04357e-09
8  9.0  4.84316e-09
8  9.5  2.65637e-09
8  10.0  1.4943e-09
8  10.5  8.56513e-10
8  11.0  5.01347e-10
8  12.0  1.80548e-10
8  11.5  2.99751e-10
