# exclusive D0 cross section, Pb target, KniehlKramer fragmentation, Xn0n channel
# generated      : 2026-10-02 23:39:37 EEST
# flux_model     : EFF (TARGET=AA)
# calls         : 1e5 below 3.0 GeV, 2e3 above (see EXCL_PT_THRESHOLD) (VEGAS calls per point, see CALLS_EXCL/CALLS_EXCL_FACTORIZED/CALLS_DIFF)
# dipole samples : data/Pb/mve/glauber_mve_<b>
# pD0 sweep      : 0.2 0.3 0.4 0.5 0.6 0.7 0.8 0.9 1.0 1.1 1.2 1.3 1.4 1.5 1.6 1.7 1.8 1.9 2.0 2.5 3.0 3.5 4.0 4.5 5.0 5.5 6.0 6.5 7.0 7.5 8.0 8.5 9.0 9.5 10.0 10.5 11.0 11.5 12.0
# fixed rapidity y : -1.5
# ============================================================
# b  pD0  dsigma_dyd2pD0
0  0.2  0.823177
0  0.3  0.555445
0  0.5  0.267773
0  0.4  0.383825
0  0.6  0.188654
0  0.7  0.132299
0  0.8  0.0929326
0  0.9  0.0653807
0  1.0  0.0464021
0  1.1  0.0329501
0  1.3  0.0167439
0  1.2  0.0231232
0  1.4  0.0122811
0  1.5  0.00907042
0  1.6  0.00661301
0  1.7  0.00486522
0  1.8  0.00357597
0  1.9  0.00270446
0  2.5  0.000443347
0  2.0  0.00199515
0  4.0  1.51495e-05
0  3.0  0.000136485
0  3.5  4.33238e-05
0  7.0  1.57781e-07
0  4.5  5.95872e-06
0  5.0  2.52963e-06
0  5.5  1.15479e-06
0  6.5  2.89158e-07
0  6.0  5.65835e-07
0  7.5  8.99268e-08
0  8.0  5.34287e-08
0  8.5  3.27832e-08
0  9.0  2.0776e-08
0  9.5  1.35016e-08
10  0.2  0.771373
0  10.0  8.99711e-09
0  10.5  6.08942e-09
10  0.3  0.52008
10  0.4  0.359611
10  0.5  0.250801
10  0.6  0.175561
0  11.0  4.21281e-09
10  0.7  0.122169
10  0.8  0.0858162
10  1.0  0.0425172
10  0.9  0.0604405
10  1.3  0.0154122
10  1.2  0.0213054
10  1.1  0.0303604
0  12.0  2.11292e-09
10  1.4  0.0112239
10  1.5  0.00835246
10  1.6  0.00601505
10  1.7  0.0044556
10  1.8  0.00310679
10  1.9  0.00242527
0  11.5  2.99034e-09
10  2.5  0.000332865
10  2.0  0.00190899
10  4.0  1.36863e-05
10  3.0  0.000123458
10  3.5  3.91364e-05
10  4.5  5.38036e-06
10  5.0  2.28373e-06
10  7.0  1.42549e-07
10  5.5  1.04461e-06
10  6.5  2.61099e-07
10  6.0  5.1074e-07
10  7.5  8.13107e-08
10  9.5  1.22185e-08
10  8.0  4.82115e-08
10  8.5  2.96536e-08
10  9.0  1.87938e-08
12  0.2  0.749161
10  10.0  8.13436e-09
12  0.3  0.503036
10  10.5  5.50559e-09
12  0.4  0.348124
12  0.5  0.241746
12  0.6  0.168711
12  0.7  0.118512
12  0.8  0.0830011
10  11.0  3.8055e-09
12  0.9  0.0582131
12  1.0  0.0408314
12  1.1  0.0289018
12  1.2  0.0204533
12  1.3  0.0146959
12  1.4  0.0107012
12  1.5  0.00794579
12  1.6  0.0057008
12  1.7  0.00414849
12  1.8  0.00312652
12  1.9  0.00240192
12  2.0  0.00168675
12  2.5  0.000242306
10  11.5  2.70639e-09
10  12.0  1.93381e-09
12  3.5  3.69773e-05
12  5.0  2.15226e-06
12  3.0  0.000117711
12  7.0  1.35803e-07
12  4.0  1.31771e-05
12  4.5  5.1291e-06
12  5.5  9.94802e-07
12  6.0  4.86466e-07
12  6.5  2.48674e-07
12  7.5  7.74636e-08
12  8.0  4.58734e-08
12  8.5  2.82512e-08
12  9.0  1.78935e-08
12  9.5  1.16115e-08
12  10.0  7.75268e-09
14  0.2  0.720196
12  10.5  5.24969e-09
14  0.3  0.484868
14  0.4  0.334101
14  0.5  0.232377
14  0.6  0.16226
14  0.8  0.0793431
12  11.0  3.62935e-09
14  0.7  0.112966
14  0.9  0.0553745
14  1.0  0.0391796
14  1.1  0.0275875
14  1.2  0.0193406
14  1.3  0.0139829
14  1.4  0.0102081
14  1.5  0.00746449
14  1.6  0.00556161
14  1.8  0.00295983
14  1.7  0.00402199
14  1.9  0.00209401
14  2.0  0.00154079
12  11.5  2.57568e-09
14  2.5  0.000300414
12  12.0  1.84351e-09
14  3.5  3.48044e-05
14  4.0  1.22781e-05
14  3.0  0.000110823
14  5.0  2.02369e-06
14  7.0  1.27815e-07
14  4.5  4.82635e-06
14  5.5  9.35774e-07
14  6.5  2.34165e-07
14  6.0  4.57743e-07
14  7.5  7.2884e-08
14  8.0  4.3168e-08
14  8.5  2.66002e-08
14  9.0  1.68485e-08
14  9.5  1.09341e-08
16  0.2  0.686486
14  10.0  7.29937e-09
16  0.3  0.461184
14  10.5  4.94111e-09
16  0.4  0.317522
16  0.5  0.220005
16  0.6  0.153569
16  0.7  0.106736
16  0.8  0.0748998
14  11.0  3.41798e-09
16  0.9  0.0525249
16  1.0  0.0367828
16  1.1  0.0260872
16  1.2  0.0181992
16  1.3  0.0130783
16  1.4  0.00947471
16  1.5  0.00693276
16  1.6  0.00510234
16  1.7  0.00373736
16  1.8  0.00272689
16  1.9  0.00213642
16  2.0  0.00144992
16  2.5  0.000377351
14  11.5  2.42814e-09
14  12.0  1.73579e-09
16  4.0  1.13851e-05
16  5.0  1.87969e-06
16  3.0  0.000102901
16  3.5  3.2605e-05
16  7.0  1.18518e-07
16  4.5  4.47152e-06
16  6.5  2.16978e-07
16  5.5  8.67986e-07
16  6.0  4.24649e-07
16  7.5  6.75931e-08
16  8.0  4.00556e-08
16  8.5  2.45527e-08
16  9.5  1.01466e-08
16  9.0  1.56313e-08
18  0.2  0.645425
18  0.3  0.431988
16  10.0  6.77169e-09
18  0.4  0.298103
18  0.5  0.206301
16  10.5  4.58413e-09
18  0.6  0.142937
18  0.7  0.0997402
16  11.0  3.17588e-09
18  0.8  0.0693179
18  0.9  0.0484579
18  1.0  0.0340997
18  1.1  0.0241802
18  1.2  0.0169138
18  1.3  0.0121713
18  1.4  0.00879454
18  1.5  0.00649618
18  1.6  0.00462018
18  1.7  0.00341605
18  1.9  0.00190866
18  1.8  0.00253623
18  2.0  0.00129271
18  2.5  0.000451057
16  11.5  2.25015e-09
16  12.0  1.6081e-09
18  5.5  7.82846e-07
18  4.0  1.03679e-05
18  3.0  9.38016e-05
18  3.5  2.96873e-05
18  5.0  1.72789e-06
18  6.5  1.97611e-07
18  4.5  4.07625e-06
18  7.0  1.07726e-07
18  6.0  3.86713e-07
18  7.5  6.16345e-08
18  8.5  2.24945e-08
18  9.0  1.42449e-08
18  9.5  9.25707e-09
18  8.0  3.69103e-08
2  0.2  0.821146
18  10.0  6.17129e-09
2  0.3  0.554104
2  0.4  0.382757
18  10.5  4.18481e-09
2  0.5  0.267154
18  11.0  2.89337e-09
2  0.6  0.187223
2  0.7  0.132004
2  0.8  0.0925537
2  0.9  0.0652324
2  1.0  0.0460491
2  1.1  0.032551
2  1.2  0.0230578
2  1.3  0.016635
2  1.4  0.0122036
2  1.5  0.00894334
2  1.6  0.00668756
2  1.7  0.00472947
2  1.8  0.0034742
2  1.9  0.00268379
2  2.0  0.00210008
18  11.5  2.05133e-09
2  2.5  0.000394732
18  12.0  1.46372e-09
2  3.0  0.000135968
2  3.5  4.31565e-05
2  4.0  1.5268e-05
2  4.5  5.93563e-06
2  7.0  1.57171e-07
2  5.0  2.51887e-06
2  5.5  1.15057e-06
2  6.5  2.88008e-07
2  6.0  5.63077e-07
2  7.5  8.95848e-08
2  8.0  5.32303e-08
2  8.5  3.26592e-08
2  9.0  2.06991e-08
2  9.5  1.34233e-08
20  0.2  0.598987
2  10.0  8.96288e-09
20  0.3  0.401365
2  10.5  6.0682e-09
20  0.4  0.275036
20  0.5  0.189546
20  0.6  0.131275
2  11.0  4.19672e-09
20  0.7  0.0914269
20  0.8  0.0634553
20  0.9  0.0444666
20  1.0  0.0310746
20  1.2  0.0155549
20  1.1  0.0214756
20  1.3  0.0111462
20  1.4  0.00802791
20  1.5  0.00584354
20  1.7  0.00303241
20  1.6  0.00434967
2  12.0  2.10545e-09
20  1.8  0.00220864
20  2.0  0.00130529
20  1.9  0.00162278
20  2.5  0.000266272
2  11.5  2.97907e-09
20  6.0  3.39989e-07
20  3.0  8.35566e-05
20  3.5  2.64268e-05
20  4.0  9.31244e-06
20  4.5  3.62455e-06
20  5.0  1.53733e-06
20  5.5  7.02902e-07
20  6.5  1.75868e-07
20  7.0  9.58897e-08
20  7.5  5.48166e-08
20  8.0  3.25364e-08
20  8.5  2.00182e-08
20  9.0  1.26792e-08
20  9.5  8.24444e-09
20  10.0  5.49384e-09
22  0.2  0.543298
22  0.3  0.361748
20  10.5  3.72497e-09
22  0.4  0.247969
22  0.5  0.170355
22  0.6  0.11755
22  0.7  0.0814271
20  11.0  2.57341e-09
22  0.8  0.0566013
22  0.9  0.0393674
22  1.0  0.0274299
22  1.1  0.0193947
22  1.2  0.013383
22  1.3  0.009672
22  1.4  0.00700304
22  1.5  0.00519352
22  1.6  0.00361299
22  1.7  0.00270344
22  1.8  0.00191003
22  1.9  0.00151532
22  2.5  0.000369008
22  2.0  0.00108753
20  11.5  1.82727e-09
20  12.0  1.30297e-09
22  3.0  7.21808e-05
22  3.5  2.27988e-05
22  4.0  8.0275e-06
22  4.5  3.12367e-06
22  5.0  1.32397e-06
22  5.5  6.05337e-07
22  6.5  1.51418e-07
22  6.0  2.96046e-07
22  7.0  8.26079e-08
22  7.5  4.68817e-08
22  8.0  2.80327e-08
22  8.5  1.72529e-08
22  9.0  1.09387e-08
22  9.5  7.10874e-09
24  0.2  0.476803
22  10.0  4.73933e-09
24  0.3  0.317031
24  0.4  0.215514
24  0.5  0.148098
24  0.6  0.101803
22  11.0  2.22431e-09
24  0.7  0.0701347
24  0.8  0.0486214
24  1.0  0.0233574
24  0.9  0.0336128
24  1.1  0.0161688
22  10.5  3.2453e-09
24  1.2  0.0114433
24  1.3  0.00826211
24  1.4  0.00601943
24  1.5  0.0043957
24  1.6  0.00314617
24  1.7  0.00220748
24  1.8  0.00160175
24  1.9  0.00113182
24  2.0  0.000978913
24  2.5  0.000291047
22  11.5  1.57844e-09
22  12.0  1.12427e-09
24  5.0  1.07931e-06
24  3.0  5.97049e-05
24  6.5  1.25531e-07
24  3.5  1.88164e-05
24  4.0  6.61795e-06
24  4.5  2.57517e-06
24  5.5  4.98603e-07
24  6.0  2.4378e-07
24  7.0  6.80885e-08
24  7.5  3.8916e-08
24  8.0  2.31356e-08
24  9.5  5.85754e-09
24  8.5  1.42254e-08
24  9.0  9.01877e-09
26  0.2  0.399725
24  10.0  3.9089e-09
26  0.3  0.26522
26  0.4  0.179159
26  0.5  0.122432
26  0.6  0.0837218
24  11.0  1.83467e-09
26  0.7  0.0577682
26  0.8  0.0394248
26  0.9  0.0272007
26  1.0  0.018798
24  10.5  2.67603e-09
26  1.1  0.0129539
26  1.2  0.00926196
26  1.3  0.00651375
26  1.4  0.00478242
26  1.5  0.00336215
26  1.7  0.00173041
26  1.6  0.00248169
26  1.9  0.000936574
26  1.8  0.00128743
24  11.5  1.30849e-09
26  2.0  0.00074402
26  2.5  0.000149275
24  12.0  9.29549e-10
26  6.5  9.67439e-08
26  3.0  4.63436e-05
26  3.5  1.45566e-05
26  4.0  5.1192e-06
26  4.5  1.99007e-06
26  5.0  8.42241e-07
26  5.5  3.85428e-07
26  6.0  1.88689e-07
26  7.0  5.25965e-08
26  7.5  3.0061e-08
26  8.0  1.7869e-08
26  8.5  1.09901e-08
26  9.0  6.96847e-09
26  9.5  4.53369e-09
28  0.2  0.312111
26  10.0  3.02176e-09
28  0.3  0.205081
26  10.5  2.051e-09
28  0.4  0.138643
28  0.5  0.0939765
28  0.7  0.0434909
28  0.6  0.0636613
26  11.0  1.41674e-09
28  0.8  0.0296925
28  0.9  0.0203469
28  1.0  0.0139895
28  1.2  0.00675172
28  1.1  0.00960013
28  1.3  0.00477352
28  1.4  0.00348684
28  1.5  0.00246693
28  1.7  0.00124547
28  1.6  0.00177128
28  1.8  0.000923131
28  1.9  0.000654522
28  2.0  0.000440984
26  11.5  1.00584e-09
28  2.5  0.000117656
26  12.0  7.1815e-10
28  4.0  3.58335e-06
28  5.5  2.66525e-07
28  3.0  3.27636e-05
28  6.5  6.79145e-08
28  3.5  1.02441e-05
28  4.5  1.3964e-06
28  5.0  5.91442e-07
28  6.0  1.32211e-07
28  7.0  3.69029e-08
28  7.5  2.10954e-08
28  8.0  1.25653e-08
28  8.5  7.71519e-09
28  9.0  4.89885e-09
28  9.5  3.18328e-09
30  0.2  0.219419
28  10.0  2.1224e-09
30  0.3  0.143056
30  0.4  0.0960077
30  0.5  0.0643963
28  11.0  9.94552e-10
30  0.6  0.0432558
30  0.7  0.0292382
30  0.8  0.0198844
30  0.9  0.01351
30  1.0  0.00919189
28  10.5  1.40816e-09
30  1.1  0.00634183
30  1.2  0.00437915
30  1.4  0.00221738
30  1.3  0.00307895
30  1.6  0.00109794
30  1.5  0.0015704
30  1.8  0.000573125
30  1.7  0.000797368
28  11.5  7.06514e-10
30  2.0  0.000264006
30  1.9  0.000392681
30  2.5  7.30242e-05
28  12.0  5.04412e-10
30  6.0  8.00411e-08
30  5.0  3.58267e-07
30  6.5  4.15039e-08
30  3.0  2.02815e-05
30  3.5  6.31848e-06
30  4.0  2.21111e-06
30  4.5  8.55939e-07
30  5.5  1.65135e-07
30  7.0  2.25502e-08
30  7.5  1.28821e-08
30  8.0  7.67597e-09
30  8.5  4.71611e-09
30  9.0  2.99505e-09
30  9.5  1.94627e-09
32  0.2  0.133117
30  10.0  1.29797e-09
32  0.3  0.0861557
30  10.5  8.805e-10
32  0.4  0.0570045
32  0.6  0.0251987
32  0.5  0.0378521
30  11.0  6.08883e-10
32  0.7  0.0169145
32  0.8  0.011344
32  0.9  0.00764187
32  1.0  0.00519422
32  1.1  0.00349235
32  1.2  0.00244757
32  1.3  0.00172142
32  1.4  0.00121287
32  1.5  0.000853337
32  1.6  0.000606397
32  1.7  0.000444539
32  1.8  0.000312205
32  1.9  0.000210559
32  2.0  0.0001381
30  11.5  4.32425e-10
32  2.5  4.06495e-05
30  12.0  3.08692e-10
32  4.0  1.12287e-06
32  5.0  1.82796e-07
32  3.0  1.05094e-05
32  6.5  2.10492e-08
32  3.5  3.25304e-06
32  4.5  4.37755e-07
32  5.5  8.414e-08
32  6.0  4.11933e-08
32  7.0  1.14674e-08
32  7.5  6.55619e-09
32  8.5  2.40495e-09
32  9.0  1.5247e-09
32  8.0  3.94886e-09
32  9.5  9.91065e-10
4  0.2  0.815028
4  0.3  0.549128
32  10.0  6.61201e-10
32  10.5  4.49001e-10
4  0.4  0.379874
4  0.5  0.265067
4  0.6  0.186278
32  11.0  3.10384e-10
4  0.7  0.131015
4  0.8  0.0918273
4  0.9  0.0645035
4  1.0  0.0458724
4  1.1  0.0320356
4  1.2  0.0227179
4  1.4  0.0120793
4  1.3  0.0165016
4  1.5  0.00885062
4  1.6  0.00636956
4  1.7  0.00485476
32  12.0  1.56165e-10
4  1.8  0.00345573
4  1.9  0.00245612
4  2.0  0.00207098
4  2.5  0.000318016
32  11.5  2.20284e-10
4  5.5  1.12731e-06
4  3.5  4.23037e-05
4  4.0  1.49211e-05
4  3.0  0.00013441
4  4.5  5.86631e-06
4  7.0  1.55343e-07
4  5.0  2.48969e-06
4  6.0  5.56271e-07
4  6.5  2.84735e-07
4  7.5  8.85444e-08
4  8.0  5.25771e-08
4  8.5  3.22877e-08
4  9.0  2.04576e-08
4  9.5  1.32712e-08
6  0.2  0.805656
4  10.0  8.85932e-09
6  0.3  0.543119
4  10.5  5.99864e-09
6  0.4  0.375756
6  0.5  0.262223
6  0.6  0.183207
4  11.0  4.14853e-09
6  0.7  0.128702
6  0.8  0.0905711
6  0.9  0.0635559
6  1.0  0.0450265
6  1.1  0.031641
6  1.2  0.0224437
6  1.3  0.0164025
6  1.4  0.0121483
6  1.5  0.00861779
4  12.0  2.08516e-09
6  1.6  0.00641815
6  1.7  0.00473992
6  1.9  0.00240936
6  1.8  0.00345716
6  2.0  0.00206733
6  2.5  0.000423745
4  11.5  2.94455e-09
6  5.5  1.10523e-06
6  4.0  1.46264e-05
6  3.0  0.000131806
6  3.5  4.18208e-05
6  7.0  1.5229e-07
6  4.5  5.75065e-06
6  5.0  2.44096e-06
6  6.5  2.77257e-07
6  6.0  5.45384e-07
6  7.5  8.68106e-08
6  8.0  5.1496e-08
6  8.5  3.16646e-08
6  9.0  2.0075e-08
6  9.5  1.30111e-08
8  0.2  0.791193
6  10.0  8.68766e-09
8  0.3  0.533535
6  10.5  5.88342e-09
8  0.4  0.36843
8  0.5  0.256497
8  0.6  0.179406
6  11.0  4.06741e-09
8  0.7  0.126086
8  0.8  0.0883881
8  0.9  0.0624852
8  1.0  0.0441627
8  1.1  0.0312138
8  1.2  0.0220742
8  1.3  0.0158986
8  1.4  0.0115855
8  1.5  0.00857067
8  1.6  0.00623312
6  12.0  2.04384e-09
8  1.7  0.00450626
8  1.8  0.00310489
8  1.9  0.00259614
8  2.0  0.00207362
8  2.5  0.000418308
6  11.5  2.88684e-09
8  4.0  1.42138e-05
8  3.0  0.000128139
8  3.5  4.06471e-05
8  4.5  5.58867e-06
8  7.0  1.4801e-07
8  5.0  2.37228e-06
8  5.5  1.08479e-06
8  6.5  2.71277e-07
8  6.0  5.28317e-07
8  7.5  8.43955e-08
8  8.0  5.00313e-08
8  8.5  3.07909e-08
8  9.0  1.95174e-08
8  9.5  1.26517e-08
8  10.0  8.4456e-09
8  10.5  5.71877e-09
8  11.0  3.99693e-09
8  11.5  2.79237e-09
8  12.0  2.00514e-09
