# diffractive D0 cross section, Pb target, LHAPDF fragmentation, An0n channel
# generated      : 2026-08-20 10:20:14 EEST
# calls          : 1e5 (VEGAS calls per point, see CALLS_EXCL/CALLS_EXCL_FACTORIZED/CALLS_DIFF)
# dipole samples : data/Pb/mve/glauber_mve_<b>
# pD0 sweep      : 0.2 0.3 0.4 0.5 0.6 0.7 0.8 0.9 1.0 1.1 1.2 1.3 1.4 1.5 1.6 1.7 1.8 1.9 2.0 2.5 3.0 3.5 4.0 4.5 5.0 5.5 6.0 6.5 7.0 7.5 8.0 8.5 9.0 9.5 10.0 10.5 11.0 11.5 12.0
# fixed rapidity y : 2.0
# ============================================================
# b  pD0  dsigma_dyd2pD0
0  0.2  0.297309
0  0.5  0.531908
0  0.4  0.512921
0  0.3  0.442044
0  0.7  0.447251
0  0.6  0.501348
0  0.8  0.377025
0  0.9  0.308591
0  1.0  0.247669
0  1.1  0.195233
0  1.2  0.155939
0  1.3  0.122551
0  1.5  0.0779911
0  1.4  0.0971134
0  1.8  0.0367062
0  1.7  0.0472688
0  1.6  0.059862
0  2.5  0.00807309
0  1.9  0.0301013
0  2.0  0.0237744
0  3.0  0.00302553
0  3.5  0.00126152
0  5.0  0.000140607
0  4.0  0.000579773
0  4.5  0.000269829
0  5.5  7.42768e-05
0  6.0  4.11843e-05
0  6.5  2.39861e-05
0  7.0  1.393e-05
0  7.5  8.59354e-06
0  9.0  2.08858e-06
0  9.5  1.36343e-06
0  8.0  5.16926e-06
0  8.5  3.27713e-06
0  10.5  6.02362e-07
0  10.0  9.08624e-07
0  11.5  2.81831e-07
10  0.2  0.29947
0  11.0  4.10032e-07
10  0.3  0.426891
10  0.4  0.50764
10  0.5  0.52484
10  0.6  0.50005
10  0.7  0.432019
10  0.8  0.368152
10  0.9  0.300876
10  1.0  0.239562
10  1.1  0.188589
10  1.2  0.149197
10  1.3  0.118301
10  1.4  0.0916053
10  1.5  0.0726981
10  1.6  0.057522
10  1.7  0.0439297
10  1.8  0.0358322
10  1.9  0.0282251
10  2.0  0.0224584
10  3.0  0.00288245
10  2.5  0.00760636
10  3.5  0.00119812
0  12.0  1.90867e-07
10  4.0  0.000548513
10  5.5  7.10675e-05
10  4.5  0.000267369
10  5.0  0.00013297
10  6.0  3.9292e-05
10  6.5  2.22544e-05
10  7.0  1.31635e-05
10  8.5  3.10371e-06
10  7.5  7.65978e-06
10  9.0  2.0057e-06
10  8.0  4.88358e-06
10  10.5  5.72565e-07
10  9.5  1.31303e-06
10  10.0  8.68193e-07
12  0.2  0.294522
12  0.3  0.428925
12  0.4  0.504875
12  0.5  0.516853
12  0.6  0.4852
12  0.7  0.428417
10  11.0  3.7478e-07
12  0.8  0.358205
12  0.9  0.293819
12  1.1  0.186203
12  1.0  0.236261
12  1.2  0.146071
12  1.3  0.115644
12  1.4  0.0894527
12  1.5  0.0723083
12  1.6  0.0565393
12  1.7  0.0425475
12  1.8  0.0353248
12  1.9  0.0280053
12  2.0  0.0218248
12  2.5  0.00746523
12  3.0  0.00284329
12  3.5  0.00118362
10  11.5  2.59825e-07
10  12.0  1.80484e-07
12  4.0  0.000534054
12  4.5  0.000261253
12  5.0  0.000130909
12  6.5  2.15544e-05
12  5.5  6.87358e-05
12  6.0  3.85403e-05
12  7.0  1.242e-05
12  8.5  2.99282e-06
12  7.5  7.76045e-06
12  8.0  4.83349e-06
12  9.5  1.27484e-06
12  9.0  1.9051e-06
12  10.0  8.4205e-07
14  0.2  0.295324
14  0.3  0.425943
12  10.5  5.38443e-07
14  0.4  0.495494
14  0.5  0.51524
14  0.6  0.47885
14  0.7  0.419465
14  0.8  0.35358
14  0.9  0.28843
12  11.0  3.74852e-07
14  1.0  0.230603
14  1.1  0.182238
14  1.3  0.113038
14  1.2  0.144621
14  1.4  0.0881439
14  1.5  0.0693625
14  1.6  0.0548264
14  1.7  0.0430209
14  1.9  0.0267943
14  1.8  0.0341187
14  2.0  0.0210186
14  2.5  0.00710287
14  3.0  0.00273888
14  3.5  0.00115126
12  11.5  2.57238e-07
12  12.0  1.773e-07
14  4.0  0.000529928
14  4.5  0.000251561
14  5.0  0.000127392
14  5.5  6.70063e-05
14  7.0  1.25432e-05
14  6.0  3.70655e-05
14  6.5  2.16187e-05
14  8.5  2.95862e-06
14  7.5  7.61138e-06
14  8.0  4.69496e-06
14  9.0  1.89013e-06
14  9.5  1.23388e-06
14  10.0  8.0952e-07
16  0.2  0.289096
16  0.3  0.423463
14  10.5  5.44284e-07
16  0.4  0.492958
16  0.5  0.501304
16  0.7  0.414327
16  0.6  0.469888
16  0.8  0.347515
14  11.0  3.70176e-07
16  0.9  0.282274
16  1.0  0.223812
16  1.2  0.138446
16  1.1  0.176852
14  12.0  1.72094e-07
16  1.3  0.109446
16  1.4  0.085276
16  1.5  0.0670443
16  1.6  0.0533385
16  1.8  0.032455
16  1.7  0.0413473
14  11.5  2.34442e-07
16  1.9  0.0262586
16  2.5  0.00697594
16  2.0  0.0207159
16  3.0  0.00264753
16  3.5  0.00109999
16  4.0  0.000507088
16  4.5  0.000239191
16  5.0  0.000123403
16  5.5  6.60592e-05
16  7.0  1.20698e-05
16  6.0  3.63367e-05
16  6.5  1.99828e-05
16  7.5  7.31079e-06
16  8.0  4.54657e-06
16  8.5  2.82854e-06
16  9.5  1.1745e-06
16  9.0  1.81424e-06
16  10.0  7.78136e-07
18  0.2  0.291214
16  10.5  5.27093e-07
18  0.3  0.413475
18  0.4  0.486987
18  0.5  0.493238
18  0.6  0.464384
18  0.7  0.402234
18  0.8  0.336389
18  0.9  0.26816
16  11.0  3.50819e-07
18  1.0  0.216522
18  1.1  0.171246
18  1.2  0.135591
18  1.3  0.105502
18  1.4  0.0820752
18  1.5  0.0643932
18  1.6  0.0513955
18  1.7  0.0404325
18  2.0  0.0195996
18  1.8  0.0316964
18  1.9  0.0250617
18  2.5  0.00680197
18  3.5  0.00101899
18  3.0  0.00251848
16  11.5  2.3793e-07
16  12.0  1.63321e-07
18  4.5  0.000233814
18  5.5  6.09944e-05
18  4.0  0.000485031
18  5.0  0.0001179
18  6.0  3.4526e-05
18  6.5  1.96098e-05
18  7.0  1.16378e-05
18  7.5  6.97376e-06
18  8.0  4.31766e-06
18  8.5  2.63985e-06
18  9.0  1.73939e-06
18  11.0  3.33051e-07
18  9.5  1.13549e-06
18  10.0  7.46122e-07
2  0.2  0.298623
2  0.3  0.433743
2  0.4  0.513752
2  0.5  0.531155
2  0.6  0.508511
18  10.5  4.80284e-07
2  0.7  0.445451
2  0.8  0.377042
2  0.9  0.307606
2  1.0  0.247848
2  1.1  0.197846
2  1.2  0.155284
2  1.3  0.122375
2  1.4  0.0961847
2  1.5  0.0780208
2  1.7  0.0478871
2  1.6  0.0597648
2  1.8  0.036258
2  1.9  0.0294507
2  2.0  0.0238301
2  3.5  0.00125714
2  2.5  0.00801428
2  3.0  0.00300908
18  11.5  2.31573e-07
18  12.0  1.61681e-07
2  5.0  0.000141666
2  4.0  0.000574146
2  4.5  0.000281696
2  5.5  7.50255e-05
2  6.0  4.17703e-05
2  6.5  2.33529e-05
2  7.0  1.35415e-05
2  7.5  8.34322e-06
2  9.0  2.06389e-06
2  8.0  5.2082e-06
2  9.5  1.35902e-06
2  8.5  3.29453e-06
2  10.5  5.99882e-07
2  11.5  2.76669e-07
20  0.2  0.288564
20  0.3  0.408456
2  10.0  8.97287e-07
20  0.4  0.472058
2  11.0  4.08417e-07
20  0.5  0.480672
20  0.7  0.388573
20  0.6  0.444212
20  0.8  0.322678
20  1.0  0.20686
20  0.9  0.265212
20  1.2  0.126823
20  1.1  0.163604
20  1.3  0.0995288
20  1.4  0.0776957
20  1.5  0.0627344
20  1.6  0.0480657
20  1.7  0.0385105
20  1.9  0.0244092
20  1.8  0.0297664
20  2.0  0.0187761
20  2.5  0.00626984
20  3.0  0.00235529
20  3.5  0.000994183
2  12.0  1.89701e-07
20  5.5  5.80694e-05
20  4.0  0.00046176
20  4.5  0.000217272
20  5.0  0.000110553
20  6.0  3.2416e-05
20  6.5  1.85686e-05
20  7.0  1.08476e-05
20  7.5  6.62357e-06
20  8.0  4.14054e-06
20  8.5  2.52877e-06
20  9.0  1.64345e-06
20  9.5  1.07492e-06
22  0.2  0.282759
20  10.0  6.98939e-07
22  0.3  0.39743
22  0.4  0.460824
22  0.5  0.463537
20  10.5  4.77243e-07
22  0.6  0.425141
22  0.8  0.307111
22  0.7  0.369888
22  0.9  0.24839
22  1.0  0.196071
22  1.2  0.118346
22  1.1  0.155303
22  1.4  0.0728439
22  1.3  0.0945346
22  1.5  0.0575072
20  11.0  3.17796e-07
22  1.6  0.0455647
22  1.7  0.0353181
22  1.8  0.0278124
22  1.9  0.0221236
22  2.0  0.0175843
22  2.5  0.00593017
22  3.0  0.00226575
22  3.5  0.000941934
20  11.5  2.16095e-07
20  12.0  1.48967e-07
22  5.0  0.000102881
22  5.5  5.4712e-05
22  4.0  0.000426612
22  4.5  0.000203236
22  6.0  2.97152e-05
22  6.5  1.75948e-05
22  7.0  1.02825e-05
22  7.5  6.19255e-06
22  9.0  1.5388e-06
22  8.0  3.71499e-06
22  8.5  2.37501e-06
22  9.5  9.97981e-07
22  10.0  6.57645e-07
22  11.0  2.9219e-07
24  0.2  0.273474
24  0.3  0.395267
24  0.4  0.44201
24  0.5  0.447024
22  10.5  4.38301e-07
24  0.6  0.405453
24  0.7  0.349164
22  11.5  1.96201e-07
24  0.9  0.22839
24  0.8  0.287982
24  1.0  0.182135
24  1.1  0.143423
24  1.2  0.11243
24  1.3  0.0881105
24  1.4  0.0674642
24  1.5  0.0531793
24  1.6  0.0421401
24  1.7  0.0326437
24  1.8  0.0253794
24  1.9  0.0206533
24  2.0  0.0157259
24  2.5  0.00534394
24  3.0  0.00202945
24  3.5  0.000871819
22  12.0  1.38994e-07
24  5.0  9.29483e-05
24  4.0  0.000389034
24  4.5  0.000184197
24  5.5  4.95384e-05
24  6.0  2.72499e-05
24  6.5  1.57041e-05
24  7.0  9.30967e-06
24  7.5  5.51122e-06
24  9.0  1.39109e-06
24  8.0  3.41831e-06
24  8.5  2.14249e-06
24  10.5  3.99433e-07
24  9.5  8.99237e-07
24  10.0  5.86941e-07
26  0.2  0.266543
26  0.3  0.379386
26  0.4  0.421273
26  0.5  0.412434
26  0.6  0.376397
26  0.7  0.320048
26  0.8  0.261313
26  0.9  0.206702
26  1.0  0.167422
26  1.1  0.129302
26  1.3  0.0762805
26  1.2  0.100077
26  1.4  0.0603369
26  1.6  0.0371027
24  11.0  2.65815e-07
26  1.5  0.0465427
26  1.7  0.0286202
26  1.8  0.0230318
26  1.9  0.0175521
26  2.0  0.0139806
26  2.5  0.00473386
26  3.5  0.000754094
26  3.0  0.00184598
24  11.5  1.78501e-07
24  12.0  1.26545e-07
26  4.0  0.000336718
26  4.5  0.000160675
26  5.0  8.11262e-05
26  5.5  4.33449e-05
26  6.0  2.39955e-05
26  6.5  1.38881e-05
26  7.0  8.04987e-06
26  7.5  4.89165e-06
26  9.0  1.20805e-06
26  8.0  2.86142e-06
26  8.5  1.90984e-06
26  10.5  3.47768e-07
26  9.5  7.96055e-07
26  10.0  5.17669e-07
28  0.2  0.253244
28  0.3  0.349885
28  0.4  0.38467
28  0.5  0.370272
28  0.6  0.330754
28  0.7  0.281079
28  0.8  0.228121
28  0.9  0.181541
28  1.0  0.141961
28  1.1  0.110445
28  1.2  0.0864808
28  1.3  0.0670445
28  1.4  0.0514051
28  1.5  0.0412749
28  1.6  0.0314549
28  1.7  0.0242814
26  11.0  2.34912e-07
28  1.8  0.0187495
28  2.0  0.0119493
28  1.9  0.0147932
28  3.0  0.00150392
28  2.5  0.00405248
28  3.5  0.000638359
26  11.5  1.57195e-07
26  12.0  1.1097e-07
28  4.0  0.000278954
28  4.5  0.000134233
28  5.5  3.64852e-05
28  5.0  7.06697e-05
28  6.0  2.02686e-05
28  6.5  1.16874e-05
28  7.0  6.93208e-06
28  7.5  4.07704e-06
28  8.0  2.51038e-06
28  8.5  1.61343e-06
28  9.5  6.68919e-07
28  9.0  1.01011e-06
28  10.5  2.94753e-07
30  0.2  0.236457
28  10.0  4.40226e-07
30  0.3  0.314679
30  0.4  0.342209
30  0.5  0.326766
30  0.7  0.234989
30  0.6  0.281518
30  0.8  0.188082
30  0.9  0.148185
30  1.0  0.116469
30  1.1  0.0893297
30  1.2  0.0685396
30  1.4  0.0413041
30  1.3  0.054417
30  1.5  0.0314283
28  11.0  1.967e-07
30  1.6  0.0244334
30  1.7  0.0193548
30  1.9  0.0121815
30  1.8  0.0150088
28  12.0  9.23991e-08
30  2.5  0.00319402
30  2.0  0.00936532
30  3.5  0.000497094
30  3.0  0.00118454
28  11.5  1.36901e-07
30  5.0  5.51179e-05
30  4.0  0.000223697
30  4.5  0.000107502
30  5.5  2.80198e-05
30  6.0  1.61861e-05
30  8.0  2.01923e-06
30  6.5  9.35088e-06
30  7.0  5.36038e-06
30  7.5  3.1311e-06
30  10.0  3.4279e-07
30  8.5  1.2806e-06
30  9.0  8.08966e-07
30  9.5  5.24925e-07
32  0.2  0.210903
32  0.3  0.270448
32  0.4  0.285926
32  0.5  0.256109
30  10.5  2.2898e-07
32  0.6  0.216855
32  0.7  0.176528
32  0.8  0.143486
32  0.9  0.109032
32  1.0  0.0835223
30  11.0  1.56926e-07
32  1.1  0.0647107
32  1.2  0.0501976
32  1.3  0.0382538
32  1.4  0.0296106
32  1.5  0.0228344
32  1.7  0.0138525
32  1.8  0.0109214
32  1.6  0.0180564
32  1.9  0.00869685
32  2.0  0.00683635
30  12.0  7.35118e-08
32  2.5  0.00230351
32  3.0  0.000873341
30  11.5  1.06449e-07
32  3.5  0.000362234
32  4.0  0.000154418
32  5.0  3.94285e-05
32  4.5  7.71614e-05
32  6.0  1.14326e-05
32  5.5  2.07961e-05
32  7.0  3.74013e-06
32  6.5  6.5952e-06
32  7.5  2.29496e-06
32  8.0  1.37127e-06
32  8.5  9.10996e-07
32  10.0  2.48321e-07
32  9.0  5.66198e-07
32  9.5  3.7516e-07
4  0.2  0.297755
32  10.5  1.65232e-07
4  0.3  0.437287
4  0.4  0.512517
4  0.5  0.529228
4  0.6  0.501764
4  0.7  0.441728
4  0.8  0.377603
4  1.0  0.250802
4  0.9  0.306444
4  1.2  0.15633
4  1.1  0.196553
4  1.3  0.122038
4  1.4  0.0950821
32  11.0  1.12181e-07
4  1.5  0.0753093
4  1.6  0.0587849
4  1.7  0.0469401
4  1.8  0.0376333
4  1.9  0.0293137
4  2.0  0.0226488
4  2.5  0.00803604
4  3.0  0.00294823
4  3.5  0.00124085
32  11.5  7.61436e-08
32  12.0  5.26163e-08
4  4.0  0.000569552
4  4.5  0.000276085
4  5.0  0.00014342
4  5.5  7.32975e-05
4  6.0  4.1582e-05
4  6.5  2.38764e-05
4  7.0  1.38887e-05
4  7.5  8.06552e-06
4  9.0  2.05993e-06
4  8.0  5.14606e-06
4  9.5  1.30939e-06
4  8.5  3.29162e-06
4  10.5  5.91045e-07
4  10.0  8.54459e-07
4  11.0  4.02883e-07
6  0.2  0.297687
6  0.3  0.434136
6  0.4  0.511519
6  0.5  0.526921
6  0.6  0.487763
6  0.7  0.441283
6  0.8  0.375075
6  0.9  0.306565
6  1.1  0.194068
6  1.0  0.245072
6  1.2  0.157383
6  1.3  0.119316
6  1.4  0.0948467
6  1.5  0.0752449
6  1.7  0.0455232
6  1.6  0.0582179
6  1.8  0.0371805
6  1.9  0.0295261
6  2.0  0.0232033
4  11.5  2.81304e-07
6  2.5  0.00789703
6  3.0  0.00307456
6  3.5  0.00122985
4  12.0  1.88375e-07
6  5.5  7.43078e-05
6  4.0  0.000556128
6  4.5  0.000274183
6  5.0  0.000140252
6  7.0  1.38035e-05
6  6.0  4.1451e-05
6  6.5  2.34401e-05
6  8.5  3.22444e-06
6  7.5  8.3239e-06
6  9.0  2.0509e-06
6  8.0  4.96017e-06
6  9.5  1.34334e-06
6  10.5  5.91751e-07
6  10.0  8.88053e-07
8  0.2  0.295811
8  0.3  0.433372
8  0.4  0.508195
8  0.5  0.538451
8  0.6  0.499224
8  0.7  0.438717
8  0.8  0.371656
8  0.9  0.301829
8  1.0  0.241811
8  1.1  0.19195
8  1.2  0.150291
8  1.4  0.0918808
8  1.3  0.119556
8  1.5  0.0738733
6  11.0  3.95706e-07
8  1.7  0.0455607
8  1.6  0.0578183
8  1.9  0.0287315
8  1.8  0.0364118
8  2.0  0.0224116
8  3.0  0.00298076
8  2.5  0.00780359
8  3.5  0.00122743
6  11.5  2.78357e-07
6  12.0  1.87755e-07
8  5.5  7.31327e-05
8  4.0  0.000556727
8  4.5  0.000274162
8  5.0  0.000137765
8  6.0  3.95227e-05
8  6.5  2.26544e-05
8  7.0  1.36364e-05
8  7.5  8.10486e-06
8  8.0  4.94519e-06
8  9.0  2.0397e-06
8  9.5  1.32325e-06
8  8.5  3.17715e-06
8  10.5  5.87038e-07
8  10.0  8.69528e-07
8  11.0  3.93407e-07
8  11.5  2.65919e-07
8  12.0  1.87185e-07
