# diffractive D0 cross section, Pb target, LHAPDF fragmentation, An0n channel
# generated      : 2026-08-19 15:24:09 EEST
# calls          : 1e5 (VEGAS calls per point, see CALLS_EXCL/CALLS_EXCL_FACTORIZED/CALLS_DIFF)
# dipole samples : data/Pb/bk_posterior/member_0027/glauber_mve_<b>
# pD0 sweep      : 0.2 0.3 0.4 0.5 0.6 0.7 0.8 0.9 1.0 1.1 1.2 1.3 1.4 1.5 1.6 1.7 1.8 1.9 2.0 2.5 3.0 3.5 4.0 4.5 5.0 5.5 6.0 6.5 7.0 7.5 8.0 8.5 9.0 9.5 10.0 10.5 11.0 11.5 12.0
# fixed rapidity y : -1.0
# ============================================================
# b  pD0  dsigma_dyd2pD0
0  0.4  1.03581
0  0.3  0.83042
0  0.5  1.15567
0  0.2  0.573263
0  0.6  1.16981
0  0.9  0.894099
0  0.7  1.11592
0  1.0  0.755147
0  0.8  1.01345
0  1.1  0.650161
0  1.3  0.459235
0  1.2  0.549355
0  1.5  0.316979
0  1.4  0.383641
0  1.6  0.265329
0  1.7  0.222592
0  1.9  0.154664
0  1.8  0.187189
0  2.5  0.0596458
0  2.0  0.132009
0  3.0  0.0286841
0  3.5  0.0150388
0  4.0  0.00836595
0  4.5  0.00503989
0  5.0  0.00311203
0  5.5  0.00201159
0  6.0  0.00130439
0  7.5  0.000428142
0  6.5  0.000871442
0  7.0  0.000607337
0  9.5  0.000128625
0  8.0  0.000310375
0  8.5  0.000226127
0  9.0  0.000170648
0  10.5  7.43702e-05
0  10.0  9.72358e-05
10  0.2  0.567543
10  0.3  0.817322
10  0.4  1.01928
10  0.5  1.12256
10  0.6  1.14057
0  11.0  5.75725e-05
10  0.7  1.08597
10  0.8  0.98428
10  0.9  0.86045
10  1.0  0.743739
10  1.1  0.62949
10  1.3  0.430349
10  1.2  0.528275
10  1.4  0.365832
10  1.5  0.307874
10  1.6  0.255561
10  1.7  0.213349
10  1.8  0.176918
10  1.9  0.148642
0  12.0  3.43633e-05
10  2.0  0.125756
10  2.5  0.0563229
10  3.0  0.0273922
10  3.5  0.0143504
0  11.5  4.54268e-05
10  4.5  0.00478123
10  5.5  0.00185818
10  5.0  0.00288616
10  4.0  0.00806976
10  6.0  0.00117774
10  7.5  0.000408173
10  7.0  0.000575662
10  6.5  0.000830803
10  9.0  0.000160662
10  9.5  0.000121959
10  8.0  0.000295297
10  8.5  0.000216165
10  10.0  9.31905e-05
10  11.0  5.49392e-05
10  10.5  7.14334e-05
12  0.2  0.549605
12  0.3  0.796995
12  0.4  1.01412
12  0.5  1.10852
10  11.5  4.32002e-05
12  0.6  1.13681
12  0.7  1.06668
12  0.8  0.958381
12  0.9  0.841585
12  1.0  0.721562
12  1.1  0.607178
12  1.2  0.517053
12  1.3  0.428749
12  1.4  0.359048
12  1.5  0.301217
10  12.0  3.36939e-05
12  1.6  0.25029
12  1.7  0.20821
12  1.8  0.176342
12  2.0  0.122487
12  1.9  0.146827
12  2.5  0.0538144
12  3.0  0.0265743
12  3.5  0.013957
12  4.5  0.00459498
12  5.5  0.00178436
12  5.0  0.0028278
12  4.0  0.00795849
12  6.0  0.00121032
12  6.5  0.000810193
12  8.5  0.00020984
12  8.0  0.000286975
12  7.0  0.000562735
12  7.5  0.00040164
12  9.0  0.000156762
12  9.5  0.000119726
12  10.0  8.97022e-05
12  10.5  6.85683e-05
14  0.2  0.557851
14  0.3  0.798997
14  0.4  0.998936
14  0.5  1.10598
14  0.6  1.11256
12  11.5  4.16067e-05
14  0.7  1.05795
14  0.8  0.944401
14  0.9  0.834217
14  1.0  0.714402
14  1.1  0.600438
12  11.0  5.36037e-05
14  1.2  0.505656
14  1.3  0.423811
14  1.4  0.351981
14  1.5  0.294001
14  1.6  0.240311
14  1.7  0.201413
14  1.9  0.139476
14  1.8  0.169719
14  2.0  0.12006
14  2.5  0.0536751
14  3.5  0.0135259
14  3.0  0.026038
12  12.0  3.32312e-05
14  5.5  0.00178118
14  5.0  0.00274484
14  4.0  0.00750661
14  4.5  0.00444482
14  7.5  0.000386815
14  6.0  0.00116272
14  6.5  0.000786406
14  8.5  0.000204412
14  7.0  0.000551174
14  9.5  0.000114246
14  8.0  0.000286547
14  10.5  6.6794e-05
14  9.0  0.000155299
14  10.0  8.74436e-05
16  0.2  0.552956
16  0.3  0.795133
16  0.4  0.992418
16  0.5  1.07824
14  11.0  5.1488e-05
16  0.6  1.09907
16  0.7  1.00765
16  0.8  0.93033
16  1.0  0.696672
16  0.9  0.813669
16  1.1  0.580835
16  1.2  0.491089
16  1.3  0.410223
14  11.5  4.02947e-05
16  1.4  0.335829
16  1.5  0.281693
16  1.6  0.233749
16  1.8  0.159558
16  1.7  0.197103
16  1.9  0.137962
14  12.0  3.20289e-05
16  2.0  0.114569
16  2.5  0.0517157
16  3.5  0.0132853
16  3.0  0.0250181
16  4.0  0.00727864
16  4.5  0.0042765
16  5.0  0.00264624
16  5.5  0.00170939
16  7.5  0.000378018
16  6.0  0.00111758
16  7.0  0.000528677
16  8.5  0.000199392
16  6.5  0.000772325
16  8.0  0.000268695
16  9.0  0.000146867
16  10.5  6.41844e-05
16  9.5  0.000111778
16  11.0  4.94143e-05
16  10.0  8.40935e-05
18  0.2  0.54826
18  0.3  0.780975
18  0.4  0.958919
18  0.5  1.06941
18  0.6  1.06464
18  0.7  0.9992
18  0.8  0.905765
18  0.9  0.787445
18  1.0  0.673364
18  1.1  0.562037
18  1.2  0.476601
18  1.3  0.391937
18  1.4  0.323265
18  1.5  0.272728
18  1.6  0.227568
18  1.7  0.189527
16  12.0  3.08465e-05
18  1.8  0.156565
18  1.9  0.132901
18  2.0  0.111104
18  2.5  0.04957
18  3.0  0.0239875
18  3.5  0.0124942
16  11.5  3.90554e-05
18  5.0  0.00257936
18  4.0  0.00701783
18  4.5  0.00411002
18  5.5  0.00162026
18  6.0  0.00106998
18  7.5  0.00035441
18  6.5  0.000724824
18  7.0  0.000502729
18  8.0  0.000260875
18  9.5  0.000107335
18  8.5  0.000190656
18  9.0  0.000140478
18  10.0  8.01616e-05
18  10.5  6.18727e-05
18  11.5  3.77093e-05
2  0.2  0.563884
2  0.3  0.829975
2  0.4  1.022
2  0.5  1.14535
2  0.6  1.17203
2  0.7  1.10219
2  0.8  1.01021
2  1.0  0.777334
2  0.9  0.891756
2  1.1  0.655085
18  11.0  4.81685e-05
2  1.2  0.549192
2  1.3  0.456462
2  1.4  0.378953
2  1.5  0.316006
2  1.7  0.220773
2  1.6  0.266247
2  1.8  0.186382
2  1.9  0.156206
2  2.0  0.131603
2  2.5  0.0590769
2  3.0  0.0286812
2  3.5  0.0150305
18  12.0  2.96465e-05
2  4.0  0.00828629
2  5.0  0.00304788
2  4.5  0.00497758
2  5.5  0.00187012
2  6.0  0.00128685
2  7.5  0.000430655
2  6.5  0.000875473
2  7.0  0.000609315
2  8.0  0.000311328
2  9.5  0.000126912
2  8.5  0.000226581
2  9.0  0.000170892
2  10.5  7.48693e-05
2  10.0  9.65238e-05
20  0.2  0.529637
20  0.3  0.774338
2  11.0  5.75236e-05
20  0.4  0.959112
20  0.5  1.04493
20  0.6  1.02911
20  0.7  0.965518
20  0.8  0.871734
20  0.9  0.75537
20  1.0  0.646783
20  1.1  0.53854
20  1.2  0.449204
20  1.3  0.378809
20  1.4  0.313412
20  1.5  0.258139
20  1.7  0.178632
20  1.6  0.214864
20  1.8  0.150364
20  1.9  0.125803
20  2.0  0.106086
20  2.5  0.0467713
20  3.0  0.0225932
20  3.5  0.0120126
2  11.5  4.48212e-05
2  12.0  3.56691e-05
20  4.5  0.00396232
20  4.0  0.00669344
20  5.0  0.00242279
20  5.5  0.00155769
20  6.0  0.00100928
20  6.5  0.000685329
20  7.0  0.000476009
20  8.0  0.000242436
20  7.5  0.000337729
20  8.5  0.000178475
20  9.0  0.000132258
20  10.0  7.544e-05
20  9.5  9.74566e-05
20  10.5  5.79784e-05
22  0.2  0.525635
20  11.5  3.53324e-05
22  0.3  0.76247
22  0.4  0.937892
22  0.5  1.00756
22  0.6  1.00276
22  0.7  0.933215
22  0.8  0.828599
22  0.9  0.716444
20  11.0  4.50785e-05
22  1.1  0.509281
22  1.0  0.60703
22  1.2  0.424281
22  1.3  0.354818
22  1.4  0.294721
22  1.5  0.24408
22  1.6  0.201935
22  1.8  0.141457
22  1.7  0.168371
22  1.9  0.118063
22  2.0  0.0995162
22  2.5  0.0433767
22  3.5  0.0110297
22  3.0  0.0208649
20  12.0  2.75917e-05
22  4.5  0.00360822
22  5.0  0.00224726
22  4.0  0.00625659
22  5.5  0.00142081
22  7.0  0.000440057
22  6.0  0.000937599
22  6.5  0.000634609
22  7.5  0.000312599
22  9.5  9.33723e-05
22  8.0  0.000227765
22  8.5  0.000167249
22  9.0  0.000122961
22  10.5  5.3679e-05
22  10.0  7.0263e-05
22  11.5  3.2691e-05
24  0.2  0.512298
24  0.3  0.739865
24  0.4  0.881513
24  0.5  0.960934
24  0.6  0.944972
22  12.0  2.49343e-05
24  0.7  0.880568
24  0.8  0.776737
24  0.9  0.669899
24  1.0  0.567488
24  1.1  0.476917
24  1.2  0.393832
24  1.3  0.32574
22  11.0  4.18541e-05
24  1.4  0.271262
24  1.5  0.223505
24  1.6  0.186142
24  1.7  0.154057
24  1.8  0.129799
24  1.9  0.105734
24  2.5  0.0393718
24  2.0  0.0903037
24  3.0  0.0191421
24  3.5  0.0101282
24  4.0  0.00568534
24  4.5  0.00328498
24  5.0  0.00201683
24  5.5  0.00129569
24  6.0  0.00085147
24  6.5  0.000590922
24  8.0  0.000204085
24  7.0  0.000408015
24  7.5  0.000282001
24  8.5  0.000151609
24  10.0  6.37393e-05
24  9.0  0.000111457
24  9.5  8.37802e-05
24  11.0  3.80628e-05
24  10.5  4.92015e-05
26  0.2  0.494537
26  0.3  0.709473
26  0.4  0.855303
26  0.5  0.907432
26  0.6  0.883996
26  0.7  0.801603
24  11.5  2.87939e-05
26  0.8  0.702889
26  0.9  0.604221
26  1.1  0.426071
26  1.0  0.511782
26  1.2  0.35143
26  1.3  0.292064
26  1.4  0.241931
26  1.5  0.199517
26  1.6  0.165342
26  1.7  0.135714
26  1.9  0.0939055
26  1.8  0.114372
26  2.0  0.0799448
26  2.5  0.0352911
26  3.0  0.0173415
26  3.5  0.00891608
24  12.0  2.31885e-05
26  5.0  0.0017719
26  4.0  0.00489317
26  4.5  0.00293797
26  5.5  0.00113804
26  6.0  0.000767239
26  8.0  0.000184894
26  6.5  0.00051001
26  7.0  0.00035486
26  7.5  0.000256073
26  9.0  9.76235e-05
26  10.0  5.59694e-05
26  8.5  0.000134907
26  10.5  4.30186e-05
26  9.5  7.48595e-05
28  0.2  0.471314
28  0.3  0.668232
28  0.4  0.791019
28  0.5  0.830813
28  0.6  0.785786
28  0.7  0.712645
28  0.8  0.623444
28  0.9  0.526708
28  1.0  0.445975
28  1.1  0.369447
26  11.5  2.65814e-05
26  11.0  3.34385e-05
28  1.2  0.304305
28  1.4  0.202959
28  1.3  0.25007
28  1.5  0.17057
28  1.6  0.141146
28  1.7  0.116705
28  1.8  0.0966851
28  1.9  0.0805593
28  2.0  0.0674079
28  2.5  0.029697
28  3.0  0.0143432
26  12.0  2.09202e-05
28  3.5  0.00758597
28  4.0  0.00412254
28  5.5  0.000975341
28  4.5  0.00239461
28  5.0  0.00151335
28  6.0  0.000637888
28  8.0  0.000151956
28  6.5  0.000436242
28  7.0  0.000299484
28  7.5  0.000211948
28  9.5  6.18468e-05
28  8.5  0.000113156
28  9.0  8.23644e-05
28  10.0  4.75417e-05
28  10.5  3.65787e-05
30  0.2  0.437864
28  11.5  2.18622e-05
30  0.3  0.612783
30  0.4  0.707014
30  0.5  0.723
30  0.6  0.671569
30  0.7  0.599141
30  0.8  0.512752
30  0.9  0.43387
30  1.0  0.360464
30  1.1  0.295561
30  1.2  0.244733
30  1.3  0.200521
28  11.0  2.82189e-05
30  1.4  0.162335
30  1.5  0.135465
30  1.6  0.11196
30  1.7  0.0930774
30  1.9  0.0640605
30  1.8  0.0762138
30  2.0  0.0526931
30  2.5  0.0231695
30  3.0  0.0111282
30  3.5  0.00586665
28  12.0  1.69555e-05
30  4.0  0.00323598
30  4.5  0.00193617
30  5.0  0.00117015
30  5.5  0.000768536
30  7.0  0.000231789
30  6.0  0.000502638
30  7.5  0.000168388
30  6.5  0.000329138
30  8.0  0.000118479
30  9.0  6.40263e-05
30  8.5  8.59917e-05
30  9.5  4.8399e-05
30  11.5  1.73535e-05
30  10.0  3.67821e-05
32  0.2  0.385038
32  0.3  0.530357
30  10.5  2.84636e-05
32  0.4  0.586348
32  0.5  0.577683
32  0.6  0.527732
32  0.7  0.456152
32  0.8  0.388569
30  12.0  1.35083e-05
32  0.9  0.325117
32  1.0  0.268133
32  1.1  0.220796
32  1.2  0.178576
30  11.0  2.1889e-05
32  1.3  0.146307
32  1.4  0.120589
32  1.5  0.0980856
32  1.6  0.0802593
32  1.7  0.0658728
32  1.8  0.0554655
32  1.9  0.0461718
32  2.0  0.0383299
32  2.5  0.0171956
32  3.5  0.00424082
32  3.0  0.00797404
32  5.0  0.000839771
32  5.5  0.000545813
32  4.0  0.00236366
32  4.5  0.0013945
32  6.5  0.000236528
32  6.0  0.000351942
32  7.5  0.00011719
32  8.5  6.17222e-05
32  7.0  0.000166082
32  8.0  8.46479e-05
32  9.5  3.46057e-05
32  10.5  2.05377e-05
32  9.0  4.68558e-05
32  10.0  2.62702e-05
32  11.0  1.55461e-05
34  0.2  0.317197
34  0.3  0.42064
34  0.4  0.438059
34  0.5  0.410451
34  0.6  0.365088
34  0.7  0.314319
34  0.8  0.263178
34  0.9  0.218123
34  1.0  0.175717
32  11.5  1.21173e-05
34  1.1  0.142796
34  1.2  0.116646
34  1.3  0.0970665
34  1.4  0.0785234
34  1.5  0.0642537
32  12.0  9.62369e-06
34  1.7  0.0427982
34  1.6  0.0516767
34  1.8  0.0353991
34  1.9  0.0297258
34  2.0  0.0246442
34  2.5  0.0109328
34  3.0  0.00512481
34  3.5  0.00275629
34  4.5  0.00087996
34  5.0  0.000546097
34  6.0  0.000229867
34  4.0  0.00149681
34  5.5  0.000348539
34  8.0  5.38843e-05
34  6.5  0.000154118
34  7.5  7.53249e-05
34  7.0  0.000105729
34  8.5  3.98001e-05
34  10.5  1.2925e-05
34  9.0  2.94418e-05
34  9.5  2.22607e-05
34  10.0  1.67746e-05
4  0.2  0.575534
4  0.3  0.828397
4  0.4  1.0312
4  0.5  1.15051
34  12.0  6.28275e-06
4  0.6  1.16063
34  11.0  1.0036e-05
4  0.7  1.09703
4  0.8  0.990835
4  0.9  0.886499
4  1.0  0.765438
4  1.1  0.648112
34  11.5  7.83201e-06
4  1.2  0.54579
4  1.3  0.454115
4  1.4  0.380871
4  1.5  0.317412
4  1.6  0.265068
4  1.7  0.221057
4  1.8  0.184544
4  2.0  0.128683
4  1.9  0.155167
4  2.5  0.0591211
4  3.0  0.0285386
4  3.5  0.014889
4  4.0  0.00835888
4  5.0  0.00302509
4  4.5  0.00489362
4  5.5  0.00193078
4  6.0  0.00129751
4  7.5  0.00042598
4  6.5  0.000863757
4  7.0  0.00060578
4  9.5  0.000125232
4  8.0  0.000309301
4  8.5  0.000226671
4  9.0  0.000168359
4  10.5  7.29646e-05
4  10.0  9.56239e-05
6  0.2  0.573394
6  0.3  0.818503
4  11.0  5.66077e-05
6  0.4  1.03583
6  0.5  1.14897
6  0.6  1.16436
6  0.7  1.10203
6  0.8  0.983191
6  0.9  0.894645
6  1.0  0.755394
6  1.1  0.642187
4  11.5  4.43819e-05
6  1.3  0.449995
6  1.2  0.538717
6  1.4  0.377058
6  1.5  0.314538
6  1.7  0.217599
6  1.6  0.261264
6  1.8  0.18144
6  2.0  0.130112
6  1.9  0.15383
6  2.5  0.0579774
6  3.0  0.0282953
6  3.5  0.0147268
4  12.0  3.48528e-05
6  4.0  0.00842447
6  4.5  0.00484031
6  5.0  0.00298798
6  5.5  0.00195527
6  6.0  0.00127516
6  7.5  0.0004283
6  6.5  0.000857217
6  7.0  0.000594859
6  8.0  0.000303891
6  9.5  0.000124154
6  8.5  0.000221241
6  10.0  9.57686e-05
6  9.0  0.000167309
6  10.5  7.34491e-05
6  11.5  4.45393e-05
8  0.2  0.567658
8  0.3  0.813819
6  11.0  5.6484e-05
8  0.4  1.01433
8  0.5  1.14425
8  0.6  1.16037
8  0.7  1.09231
8  0.8  0.987873
8  0.9  0.870448
8  1.0  0.751932
8  1.1  0.637085
8  1.2  0.534654
8  1.3  0.449813
6  12.0  3.46822e-05
8  1.4  0.373571
8  1.5  0.31128
8  1.7  0.212475
8  1.6  0.255567
8  1.8  0.17926
8  1.9  0.151793
8  2.0  0.127701
8  2.5  0.0574497
8  3.0  0.0278825
8  3.5  0.0145785
8  5.0  0.00300977
8  4.0  0.00826856
8  4.5  0.00487238
8  5.5  0.00192591
8  7.5  0.000422352
8  6.0  0.00124374
8  6.5  0.000845722
8  7.0  0.000587648
8  8.0  0.00030136
8  9.5  0.000125022
8  8.5  0.000219989
8  9.0  0.00016327
8  10.5  7.22105e-05
8  10.0  9.45918e-05
8  11.0  5.52099e-05
8  12.0  3.43426e-05
8  11.5  4.3756e-05
