# exclusive D0 cross section, Pb target, HymnD fragmentation, An0n channel
# generated      : 2026-08-20 11:01:47 EEST
# calls          : 1e5 below 4.0 GeV, 2e3 above (see EXCL_PT_THRESHOLD) (VEGAS calls per point, see CALLS_EXCL/CALLS_EXCL_FACTORIZED/CALLS_DIFF)
# dipole samples : data/Pb/bk_posterior/member_0027/glauber_mve_<b>
# pD0 sweep      : 0.2 0.3 0.4 0.5 0.6 0.7 0.8 0.9 1.0 1.1 1.2 1.3 1.4 1.5 1.6 1.7 1.8 1.9 2.0 2.5 3.0 3.5 4.0 4.5 5.0 5.5 6.0 6.5 7.0 7.5 8.0 8.5 9.0 9.5 10.0 10.5 11.0 11.5 12.0
# fixed rapidity y : 3.0
# ============================================================
# b  pD0  dsigma_dyd2pD0
0  0.4  0.324605
0  0.5  0.238952
0  0.3  0.425948
0  0.2  0.536513
0  0.7  0.120979
0  0.6  0.171601
0  0.8  0.0844615
0  0.9  0.0585277
0  1.1  0.0277998
0  1.0  0.040374
0  1.2  0.0191799
0  1.4  0.00925643
0  1.3  0.0132531
0  1.5  0.00639698
0  1.6  0.00446114
0  1.8  0.00220518
0  1.7  0.00313885
0  1.9  0.00159407
0  2.0  0.00112839
0  2.5  0.00021817
0  3.0  4.79564e-05
0  3.5  1.10261e-05
0  4.0  3.03546e-06
0  5.0  2.62469e-07
0  4.5  8.57699e-07
0  5.5  8.40361e-08
0  6.0  2.86776e-08
0  6.5  1.02392e-08
0  7.0  3.81964e-09
0  7.5  1.47719e-09
0  9.0  1.04135e-10
0  8.0  5.9185e-10
0  8.5  2.45069e-10
0  10.0  2.05067e-11
0  9.5  4.54854e-11
0  11.0  4.31195e-12
10  0.2  0.514637
10  0.3  0.407601
10  0.4  0.310201
10  0.5  0.228194
10  0.6  0.163466
0  10.5  9.27263e-12
10  0.7  0.115135
10  0.8  0.0801729
10  0.9  0.0553805
10  1.0  0.0381874
0  11.5  2.04743e-12
10  1.1  0.0262529
10  1.3  0.0125816
10  1.2  0.0180681
10  1.4  0.00865874
10  1.5  0.00601742
10  1.6  0.00419821
10  1.7  0.00294868
10  1.8  0.00207272
10  1.9  0.00147085
10  2.0  0.00104312
10  2.5  0.000203319
10  3.0  4.35115e-05
10  3.5  1.00569e-05
0  12.0  9.8918e-13
10  4.0  2.79507e-06
10  4.5  7.90408e-07
10  5.0  2.40061e-07
10  5.5  7.72606e-08
10  6.0  2.63279e-08
10  7.0  3.51398e-09
10  6.5  9.39458e-09
10  7.5  1.35232e-09
10  8.0  5.42227e-10
10  8.5  2.24116e-10
10  10.0  1.86188e-11
10  9.0  9.51233e-11
10  9.5  4.15311e-11
10  11.0  3.93053e-12
12  0.2  0.504142
12  0.3  0.399219
12  0.4  0.303662
12  0.5  0.22312
12  0.6  0.159777
12  0.7  0.11243
12  0.8  0.0782502
12  0.9  0.0539984
10  10.5  8.46123e-12
12  1.0  0.0372918
10  12.0  9.07485e-13
12  1.1  0.0255429
12  1.3  0.0122347
12  1.2  0.0175694
12  1.5  0.00584851
12  1.4  0.00839481
12  1.6  0.00409263
12  1.7  0.0028545
12  2.0  0.00103767
12  1.9  0.0014534
12  1.8  0.00201808
12  2.5  0.000195944
12  3.0  4.27258e-05
12  3.5  1.00787e-05
10  11.5  1.86972e-12
12  5.0  2.31192e-07
12  4.0  2.68745e-06
12  4.5  7.60649e-07
12  5.5  7.41436e-08
12  6.0  2.52625e-08
12  7.5  1.2984e-09
12  6.5  9.01872e-09
12  7.0  3.3617e-09
12  9.0  9.168e-11
12  8.0  5.19461e-10
12  8.5  2.14785e-10
12  10.0  1.77916e-11
12  11.0  3.76225e-12
12  9.5  3.97627e-11
14  0.2  0.49156
14  0.3  0.389398
14  0.4  0.295551
14  0.5  0.216986
14  0.6  0.155192
12  12.0  8.69209e-13
12  10.5  8.12875e-12
14  0.7  0.109151
14  0.8  0.0758493
14  0.9  0.0523767
14  1.0  0.0360709
14  1.2  0.0169909
14  1.1  0.024691
14  1.3  0.0117371
14  1.4  0.00814278
14  1.6  0.00393657
14  1.5  0.00562666
14  1.7  0.00273904
14  1.9  0.00136843
14  1.8  0.00192839
14  2.0  0.000987448
14  2.5  0.000192284
14  3.0  3.95722e-05
14  3.5  9.3519e-06
12  11.5  1.78964e-12
14  4.5  7.29679e-07
14  4.0  2.57031e-06
14  5.0  2.19789e-07
14  7.0  3.21583e-09
14  5.5  7.06778e-08
14  6.0  2.40031e-08
14  6.5  8.56845e-09
14  7.5  1.23211e-09
14  8.0  4.92615e-10
14  10.0  1.68344e-11
14  8.5  2.03664e-10
14  9.0  8.63793e-11
14  9.5  3.7682e-11
16  0.2  0.476199
16  0.3  0.3769
16  0.4  0.285721
16  0.5  0.209509
16  0.6  0.149635
14  11.0  3.58883e-12
16  0.7  0.105045
16  0.8  0.0728789
16  0.9  0.0503057
14  10.5  7.66507e-12
16  1.0  0.0345277
16  1.1  0.0236745
14  12.0  8.2354e-13
16  1.2  0.0162675
16  1.3  0.0112892
16  1.4  0.00779223
16  1.5  0.00539921
16  1.6  0.00372349
16  1.8  0.00186829
16  1.7  0.00260992
16  1.9  0.00132446
16  2.0  0.000938806
16  2.5  0.000180237
16  3.0  3.83513e-05
16  3.5  9.00671e-06
14  11.5  1.69188e-12
16  4.0  2.41348e-06
16  4.5  6.8171e-07
16  5.0  2.06605e-07
16  5.5  6.64365e-08
16  6.0  2.25503e-08
16  7.5  1.15248e-09
16  8.0  4.65767e-10
16  6.5  8.0448e-09
16  7.0  2.99099e-09
16  8.5  1.93375e-10
16  10.0  1.57982e-11
16  9.0  8.08038e-11
16  9.5  3.52926e-11
18  0.2  0.457812
18  0.3  0.361769
18  0.4  0.274047
16  11.5  1.58916e-12
18  0.5  0.200527
18  0.6  0.143008
18  0.7  0.100254
18  0.9  0.0477759
16  10.5  7.17189e-12
18  0.8  0.069469
16  12.0  7.69301e-13
18  1.1  0.022507
18  1.0  0.0327207
18  1.2  0.0154221
18  1.3  0.0105983
18  1.4  0.00735604
18  1.5  0.00510943
18  1.6  0.00351529
18  1.7  0.00245546
18  1.9  0.00124987
18  1.8  0.00175809
18  2.5  0.000167994
16  11.0  3.33301e-12
18  2.0  0.000869149
18  3.0  3.558e-05
18  3.5  8.6155e-06
18  4.5  6.37635e-07
18  4.0  2.2457e-06
18  5.0  1.91346e-07
18  5.5  6.14177e-08
18  6.0  2.08529e-08
18  8.0  4.29646e-10
18  6.5  7.42539e-09
18  7.0  2.75826e-09
18  7.5  1.06636e-09
18  8.5  1.75618e-10
18  9.0  7.44473e-11
18  9.5  3.24812e-11
18  10.0  1.44553e-11
2  0.2  0.535666
2  0.3  0.425255
18  11.5  1.45936e-12
18  10.5  6.66623e-12
2  0.4  0.324075
2  0.5  0.238628
2  0.6  0.171295
2  0.7  0.120758
2  0.8  0.0842994
2  0.9  0.0584053
2  1.0  0.0402875
2  1.1  0.0277395
2  1.2  0.0191347
2  1.3  0.0132241
2  1.4  0.00923508
2  1.5  0.00637966
2  1.6  0.00445293
2  1.7  0.00312973
2  1.8  0.00220558
18  11.0  3.06277e-12
2  2.0  0.00111514
2  1.9  0.00156696
2  2.5  0.00021572
2  3.0  4.77832e-05
2  3.5  1.18193e-05
18  12.0  6.99189e-13
2  4.0  3.02628e-06
2  5.0  2.61645e-07
2  4.5  8.54986e-07
2  5.5  8.37679e-08
2  6.0  2.85839e-08
2  6.5  1.02057e-08
2  7.0  3.8067e-09
2  7.5  1.47442e-09
2  9.0  1.0407e-10
2  8.0  5.89787e-10
2  9.5  4.56228e-11
2  8.5  2.44208e-10
2  10.0  2.01924e-11
2  11.0  4.29687e-12
20  0.2  0.435623
20  0.3  0.343418
20  0.4  0.259784
20  0.5  0.189747
20  0.6  0.135042
2  10.5  9.24119e-12
20  0.7  0.09445
20  0.8  0.0653528
20  0.9  0.0448478
20  1.0  0.0306469
20  1.1  0.0210192
20  1.2  0.0143789
20  1.3  0.00986886
20  1.4  0.00685339
20  1.5  0.00474451
20  1.6  0.00329485
20  1.8  0.00159679
20  1.7  0.00227423
20  1.9  0.00113174
20  2.5  0.000153283
20  2.0  0.000807882
20  3.0  3.06735e-05
20  3.5  7.8333e-06
2  11.5  2.04447e-12
2  12.0  9.85668e-13
20  4.0  2.04683e-06
20  4.5  5.75811e-07
20  5.0  1.7392e-07
20  6.5  6.73714e-09
20  5.5  5.57801e-08
20  6.0  1.89003e-08
20  8.0  3.88908e-10
20  7.0  2.49563e-09
20  7.5  9.62821e-10
20  10.0  1.30856e-11
20  8.5  1.58505e-10
20  9.0  6.71539e-11
20  9.5  2.9218e-11
22  0.2  0.408189
22  0.3  0.32138
22  0.4  0.242601
22  0.5  0.176747
22  0.6  0.125485
22  0.7  0.0875345
22  0.8  0.0603806
20  10.5  5.93797e-12
22  0.9  0.041338
22  1.0  0.0281853
22  1.1  0.0193053
22  1.2  0.0131793
22  1.3  0.00903257
20  11.0  2.75444e-12
22  1.4  0.00625882
22  1.5  0.00427745
22  1.6  0.00297018
22  1.7  0.00206663
22  1.8  0.00147414
22  1.9  0.00103975
22  2.0  0.000732064
22  2.5  0.000139481
22  3.0  3.00498e-05
22  3.5  7.0308e-06
20  11.5  1.27834e-12
20  12.0  6.28453e-13
22  4.0  1.82059e-06
22  4.5  5.11181e-07
22  5.0  1.54023e-07
22  5.5  4.93165e-08
22  6.0  1.66937e-08
22  6.5  5.92653e-09
22  7.0  2.19545e-09
22  7.5  8.46376e-10
22  8.0  3.37529e-10
22  9.5  2.56806e-11
22  10.5  5.2236e-12
22  8.5  1.3901e-10
22  9.0  5.8875e-11
22  11.0  2.40713e-12
24  0.2  0.374808
24  0.3  0.294571
22  10.0  1.13826e-11
24  0.4  0.221545
24  0.5  0.161002
24  0.7  0.0792101
24  0.6  0.113934
24  0.9  0.0371961
24  0.8  0.0544479
24  1.0  0.0253074
24  1.1  0.0172411
24  1.2  0.0117483
24  1.3  0.00802362
24  1.4  0.00551621
24  1.5  0.00381867
24  1.6  0.00262918
24  1.7  0.00182849
24  1.8  0.00130297
24  1.9  0.000897412
24  2.0  0.00063978
24  2.5  0.000121552
24  3.5  6.7331e-06
24  3.0  2.61461e-05
22  11.5  1.14007e-12
22  12.0  5.47894e-13
24  4.0  1.56316e-06
24  4.5  4.37544e-07
24  5.0  1.31551e-07
24  5.5  4.20332e-08
24  6.0  1.41906e-08
24  6.5  5.02721e-09
24  7.0  1.85994e-09
24  8.5  1.18399e-10
24  7.5  7.15785e-10
24  8.0  2.85341e-10
24  9.0  4.97023e-11
24  10.5  4.40101e-12
24  9.5  2.15451e-11
24  11.0  2.02944e-12
24  10.0  9.58386e-12
26  0.2  0.333795
26  0.3  0.261515
26  0.4  0.195993
26  0.5  0.14181
26  0.6  0.0997993
26  0.7  0.0690564
26  0.8  0.0473679
26  0.9  0.0322016
26  1.0  0.0218415
26  1.1  0.0148052
26  1.2  0.0100765
26  1.3  0.00685158
26  1.4  0.00471723
26  1.5  0.00324034
26  1.6  0.00221959
26  1.7  0.00154607
24  11.5  9.60394e-13
26  1.8  0.0010783
26  1.9  0.000758126
26  2.0  0.000532852
26  2.5  0.000101781
26  3.0  2.08252e-05
26  3.5  5.22716e-06
24  12.0  4.60918e-13
26  4.0  1.27543e-06
26  4.5  3.55327e-07
26  5.0  1.06491e-07
26  5.5  3.38759e-08
26  6.0  1.14252e-08
26  6.5  4.03999e-09
26  7.0  1.49313e-09
26  8.0  2.28016e-10
26  7.5  5.72592e-10
26  8.5  9.37126e-11
26  9.5  1.71523e-11
26  9.0  3.94826e-11
26  10.0  7.60427e-12
28  0.2  0.283842
28  0.3  0.221396
28  0.4  0.164957
28  0.5  0.118691
28  0.6  0.0831808
28  0.7  0.0572568
28  0.8  0.0390024
28  0.9  0.0263602
26  10.5  3.45381e-12
28  1.0  0.017819
28  1.1  0.0119925
28  1.2  0.00811679
28  1.3  0.00551585
26  11.5  7.58754e-13
28  1.4  0.00375318
28  1.5  0.00259133
28  1.6  0.00176257
28  1.7  0.00123934
28  1.8  0.000855615
26  11.0  1.60072e-12
28  1.9  0.000605295
28  2.5  7.76715e-05
28  2.0  0.00041683
28  3.0  1.6535e-05
28  3.5  3.7713e-06
26  12.0  3.62753e-13
28  4.0  9.64736e-07
28  4.5  2.67321e-07
28  5.0  7.96539e-08
28  5.5  2.5266e-08
28  7.0  1.11429e-09
28  6.0  8.48705e-09
28  6.5  2.9865e-09
28  7.5  4.21047e-10
28  9.0  2.89921e-11
28  8.0  1.6707e-10
28  8.5  6.83429e-11
28  10.5  2.50273e-12
28  9.5  1.24882e-11
30  0.2  0.225152
28  10.0  5.53051e-12
30  0.3  0.174598
30  0.4  0.129252
28  12.0  2.64531e-13
30  0.5  0.0922285
30  0.6  0.0641139
30  0.7  0.0437736
30  0.8  0.0295687
30  0.9  0.0198787
30  1.0  0.0132857
30  1.1  0.00892351
30  1.2  0.00602433
30  1.3  0.00404511
28  11.0  1.16017e-12
30  1.4  0.00273269
30  1.5  0.00185838
30  1.6  0.00128989
30  1.7  0.000881311
30  1.9  0.000436382
30  1.8  0.000609539
30  2.0  0.000298266
30  2.5  5.42899e-05
30  3.5  3.02823e-06
30  3.0  1.17998e-05
28  11.5  5.46821e-13
30  4.5  1.81168e-07
30  4.0  6.53954e-07
30  5.0  5.32264e-08
30  5.5  1.67715e-08
30  6.0  5.60784e-09
30  7.5  2.75787e-10
30  6.5  1.96484e-09
30  8.0  1.0904e-10
30  7.0  7.20702e-10
30  9.5  8.11071e-12
30  8.5  4.43532e-11
30  9.0  1.86399e-11
30  10.5  1.60717e-12
32  0.2  0.162496
32  0.3  0.124982
30  10.0  3.55701e-12
32  0.4  0.0916351
32  0.5  0.0647244
32  0.6  0.0445181
32  0.7  0.0300889
32  0.8  0.0201169
32  0.9  0.0133994
32  1.0  0.00888878
32  1.1  0.00592519
30  11.0  7.4281e-13
32  1.2  0.00395814
32  1.3  0.00263732
32  1.4  0.00177159
32  1.5  0.00120062
32  1.7  0.000564917
32  1.6  0.000816685
32  1.8  0.000384744
32  1.9  0.000267923
32  2.0  0.000187152
32  2.5  3.30847e-05
32  3.0  7.13423e-06
30  11.5  3.49581e-13
32  3.5  1.46363e-06
30  12.0  1.6717e-13
32  4.0  3.8351e-07
32  4.5  1.04384e-07
32  5.0  3.06385e-08
32  5.5  9.59485e-09
32  7.5  1.54196e-10
32  6.0  3.17979e-09
32  6.5  1.10875e-09
32  7.0  4.03902e-10
32  9.0  1.03013e-11
32  8.0  6.03094e-11
32  8.5  2.44961e-11
32  9.5  4.41138e-12
34  0.2  0.104972
34  0.3  0.0799798
34  0.4  0.05793
32  10.0  1.94473e-12
34  0.5  0.0404082
34  0.6  0.0274276
34  0.7  0.0182849
32  12.0  9.10415e-14
34  0.8  0.0120704
34  0.9  0.00795888
34  1.0  0.00523681
34  1.1  0.00344784
34  1.2  0.00227035
32  10.5  8.75753e-13
34  1.3  0.00151629
34  1.5  0.000678377
34  1.4  0.00100619
34  1.6  0.000459009
34  1.7  0.000313036
34  1.8  0.000216372
34  1.9  0.000149243
34  2.5  1.76278e-05
34  3.0  3.40469e-06
34  2.0  0.000101131
32  11.0  4.02989e-13
34  3.5  7.66554e-07
32  11.5  1.88665e-13
34  4.0  1.9192e-07
34  4.5  5.16578e-08
34  5.0  1.49682e-08
34  5.5  4.63832e-09
34  6.0  1.52241e-09
34  6.5  5.2653e-10
34  7.0  1.90369e-10
34  7.5  7.17931e-11
34  8.5  1.13607e-11
34  8.0  2.80162e-11
34  9.0  4.70973e-12
34  10.5  3.992e-13
34  9.5  2.01488e-12
34  10.0  8.84479e-13
4  0.2  0.533122
4  0.3  0.423102
4  0.4  0.322326
4  0.5  0.237337
4  0.6  0.170356
4  0.7  0.120097
34  11.0  1.81512e-13
4  0.8  0.0838213
4  0.9  0.0580742
4  1.0  0.0399984
4  1.1  0.0275586
4  1.2  0.0189817
4  1.3  0.013138
4  1.4  0.00912688
4  1.5  0.00635086
4  1.6  0.00444952
4  1.7  0.0031046
4  1.8  0.00218869
4  1.9  0.00155175
4  2.0  0.00110974
4  3.0  4.559e-05
4  2.5  0.000216082
4  3.5  1.11102e-05
34  11.5  8.458e-14
4  4.0  2.99867e-06
34  12.0  4.02787e-14
4  5.0  2.59247e-07
4  4.5  8.46822e-07
4  5.5  8.29536e-08
4  6.0  2.83058e-08
4  6.5  1.01051e-08
4  7.0  3.77106e-09
4  7.5  1.45748e-09
4  9.0  1.0281e-10
4  8.0  5.83767e-10
4  8.5  2.41738e-10
4  10.0  1.99843e-11
4  11.0  4.25177e-12
4  9.5  4.48188e-11
6  0.2  0.528781
6  0.3  0.419427
6  0.4  0.319589
6  0.5  0.234816
6  0.6  0.168781
6  0.7  0.119045
6  0.8  0.0828854
6  0.9  0.0573984
6  1.0  0.0395502
6  1.1  0.02726
4  10.5  9.14432e-12
6  1.2  0.0187962
6  1.3  0.0129885
6  1.4  0.00900849
6  1.6  0.00441728
6  1.5  0.00627549
6  1.7  0.00306458
6  1.8  0.00216073
6  1.9  0.00153436
6  2.0  0.00109302
6  2.5  0.000212615
6  3.0  4.6349e-05
6  3.5  1.1036e-05
4  11.5  2.02232e-12
6  5.0  2.55456e-07
4  12.0  9.75327e-13
6  4.0  2.95327e-06
6  4.5  8.33449e-07
6  5.5  8.1582e-08
6  6.0  2.78362e-08
6  6.5  9.93685e-09
6  7.0  3.70632e-09
6  7.5  1.4329e-09
6  9.0  1.01378e-10
6  8.5  2.3907e-10
6  8.0  5.73821e-10
6  10.0  1.96344e-11
6  11.0  4.17644e-12
6  9.5  4.40476e-11
8  0.2  0.522703
8  0.3  0.414381
8  0.4  0.315595
8  0.5  0.23217
8  0.6  0.166475
8  0.7  0.11737
6  10.5  8.98192e-12
8  0.8  0.0817836
8  0.9  0.0564079
6  12.0  9.66249e-13
8  1.0  0.0389976
8  1.1  0.0268237
8  1.3  0.0128619
8  1.2  0.0184603
8  1.4  0.00884941
8  1.5  0.00616132
8  1.6  0.00430182
8  1.8  0.00212132
8  1.7  0.0030174
8  1.9  0.00151253
8  2.0  0.00107132
8  2.5  0.000209381
8  3.0  4.50719e-05
8  3.5  1.05223e-05
6  11.5  1.98641e-12
8  4.0  2.88596e-06
8  4.5  8.14784e-07
8  5.0  2.47747e-07
8  5.5  7.96964e-08
8  7.5  1.40889e-09
8  6.5  9.73665e-09
8  6.0  2.71776e-08
8  7.0  3.61646e-09
8  8.0  5.59713e-10
8  8.5  2.31674e-10
8  10.0  1.91979e-11
8  9.0  9.84107e-11
8  9.5  4.29016e-11
8  11.0  4.07177e-12
8  10.5  8.75474e-12
8  12.0  9.40564e-13
8  11.5  1.93528e-12
