# exclusive D0 cross section, Pb target, KniehlKramer fragmentation, An0n channel
# dipole samples : data/Pb/mve/glauber_mve_<b>
# pD0 sweep      : 0.2 to 12.0 GeV, step 0.5
# fixed rapidity y : 3
# ============================================================
# b  pD0  dsigma_dyd2pD0
0  0.7  0.131872
0  0.2  0.720526
0  1.7  0.00393875
0  1.2  0.0221383
0  2.2  0.000777002
0  2.7  0.000170068
0  3.2  4.09093e-05
0  3.7  1.06877e-05
0  4.7  9.23108e-07
0  4.2  3.04348e-06
0  5.2  2.90566e-07
0  5.7  1.01234e-07
0  6.2  3.50995e-08
0  6.7  1.26405e-08
0  7.2  5.48835e-09
0  7.7  2.4088e-09
0  8.2  1.23134e-09
0  8.7  4.8329e-10
0  9.2  2.17114e-10
0  9.7  8.73019e-11
0  10.2  2.48866e-11
0  10.7  7.1611e-11
0  11.2  2.89797e-11
10  0.2  0.690042
0  11.7  7.93609e-12
10  0.7  0.12537
10  1.7  0.00369108
10  1.2  0.0208813
10  2.7  0.000157871
10  2.2  0.000724536
10  3.2  3.78807e-05
10  3.7  9.87001e-06
10  4.2  2.80827e-06
10  5.2  2.69905e-07
10  4.7  8.48993e-07
10  6.2  3.37668e-08
10  5.7  9.13304e-08
10  6.7  1.20186e-08
10  7.2  5.51766e-09
10  7.7  2.13916e-09
10  8.2  9.95543e-10
10  8.7  2.08903e-10
10  9.2  1.92236e-10
10  9.7  1.08185e-10
10  10.2  2.60062e-11
10  10.7  2.7235e-11
10  11.2  -7.21147e-12
10  11.7  6.94849e-12
12  0.2  0.675916
12  0.7  0.122373
12  1.7  0.00357812
12  1.2  0.0203055
12  2.7  0.000152411
12  2.2  0.000700702
12  3.2  3.65201e-05
12  3.7  9.5042e-06
12  4.2  2.70075e-06
12  5.2  2.59274e-07
12  4.7  8.07371e-07
12  5.7  8.78919e-08
12  6.2  3.21675e-08
12  6.7  1.16195e-08
12  7.2  5.27173e-09
12  7.7  2.07466e-09
12  8.2  8.95289e-10
12  8.7  4.66261e-10
12  9.2  1.82443e-10
12  9.7  1.11365e-10
12  10.2  3.90519e-11
12  10.7  2.8378e-11
12  11.2  3.36513e-11
14  0.2  0.658509
12  11.7  4.17443e-12
14  0.7  0.118701
14  1.7  0.00344136
14  1.2  0.0196043
14  2.7  0.000145833
14  2.2  0.000671953
14  3.2  3.488e-05
14  3.7  9.06375e-06
14  4.2  2.57241e-06
14  4.7  7.68178e-07
