# exclusive D0 cross section, Pb target, KniehlKramer fragmentation, An0n channel
# dipole samples : data/Pb/mve/glauber_mve_<b>
# pD0 sweep      : 0.2 to 12.0 GeV, step 0.5
# fixed rapidity y : 3.5
# ============================================================
# b  pD0  dsigma_dyd2pD0
0  0.7  0.0455123
0  0.2  0.271358
0  1.7  0.00102063
0  1.2  0.00671496
0  2.2  0.000168836
0  2.7  3.07282e-05
0  3.2  6.12402e-06
0  3.7  1.32633e-06
0  4.2  3.06276e-07
0  4.7  7.63486e-08
0  5.2  2.00399e-08
0  5.7  5.48824e-09
0  6.7  4.99052e-10
0  6.2  1.68516e-09
0  7.2  1.7373e-10
0  7.7  5.92665e-11
0  8.2  2.00742e-11
0  8.7  7.85705e-12
0  9.2  1.03115e-12
0  9.7  5.6935e-13
0  10.2  3.42066e-13
0  10.7  6.50581e-14
0  11.2  4.42578e-14
10  0.2  0.260268
10  0.7  0.0433479
0  11.7  -4.50232e-14
10  1.2  0.00634669
10  1.7  0.00095839
10  2.2  0.000157728
10  2.7  2.85929e-05
10  3.2  5.67822e-06
10  4.2  2.82666e-07
10  3.7  1.22996e-06
10  4.7  7.04331e-08
10  5.2  1.88686e-08
10  5.7  5.21027e-09
10  6.2  1.53396e-09
10  6.7  4.51322e-10
10  7.2  1.60932e-10
10  7.7  5.25816e-11
10  8.2  2.4173e-11
10  8.7  8.03317e-12
10  9.2  1.39901e-12
10  10.7  2.04839e-13
10  9.7  4.25278e-13
10  10.2  5.11589e-13
10  11.2  3.66859e-14
12  0.7  0.0423489
10  11.7  2.80502e-14
12  0.2  0.255119
12  1.2  0.00617766
12  1.7  0.000929964
12  2.2  0.000152674
12  2.7  2.7626e-05
12  3.2  5.48036e-06
12  4.2  2.72074e-07
12  4.7  6.77183e-08
12  3.7  1.1842e-06
12  5.2  1.78149e-08
12  5.7  4.96164e-09
12  6.2  1.53337e-09
12  6.7  4.48508e-10
12  7.2  1.55162e-10
12  7.7  4.89668e-11
12  8.2  2.13522e-11
12  8.7  7.63407e-12
12  9.2  3.06976e-12
12  9.7  4.43626e-13
12  10.2  3.56511e-13
12  11.2  1.31892e-13
12  10.7  7.05748e-14
12  11.7  9.37059e-14
14  0.7  0.0411234
14  0.2  0.24877
14  1.2  0.00597163
14  1.7  0.0008955
14  2.2  0.000146572
14  3.2  5.23393e-06
14  2.7  2.64577e-05
14  4.2  2.59361e-07
14  4.7  6.44527e-08
14  3.7  1.13028e-06
