# diffractive D0 cross section, Pb target, KniehlKramer fragmentation, An0n channel
# dipole samples : data/Pb/mve/glauber_mve_<b>
# pD0 sweep      : 0.2 to 12.0 GeV, step 0.5
# fixed rapidity y : 3.5
# ============================================================
# b  pD0  dsigma_dyd2pD0
0  0.7  0.0318426
0  0.2  0.0451983
0  1.7  0.00196725
0  1.2  0.00872796
0  2.2  0.000458546
0  2.7  0.000116796
0  3.2  3.24574e-05
0  3.7  9.77722e-06
0  4.2  3.1461e-06
0  4.7  1.07171e-06
0  5.2  3.83614e-07
0  5.7  1.42933e-07
0  6.7  2.20139e-08
0  6.2  5.51851e-08
0  7.2  9.01831e-09
0  7.7  3.78902e-09
0  8.2  1.62458e-09
0  8.7  7.11701e-10
0  9.2  3.17135e-10
0  9.7  1.43481e-10
0  10.2  6.59336e-11
0  10.7  3.06884e-11
0  11.2  1.44517e-11
10  0.2  0.0446018
10  0.7  0.0310469
0  11.7  6.88986e-12
10  1.2  0.00840714
10  1.7  0.00188476
10  2.2  0.000438079
10  2.7  0.000111406
10  3.2  3.09412e-05
10  4.2  2.99469e-06
10  3.7  9.30595e-06
10  4.7  1.02077e-06
10  5.2  3.65178e-07
10  5.7  1.35999e-07
10  6.2  5.25208e-08
10  6.7  2.09278e-08
10  7.2  8.57652e-09
10  7.7  3.60499e-09
10  8.2  1.54659e-09
10  8.7  6.76958e-10
10  9.2  3.01606e-10
10  10.7  2.91309e-11
10  9.7  1.36482e-10
10  10.2  6.26937e-11
10  11.2  1.37297e-11
12  0.7  0.0306653
10  11.7  6.55188e-12
12  0.2  0.0443169
12  1.2  0.00825837
12  1.7  0.00184643
12  2.2  0.0004286
12  2.7  0.00010891
12  3.2  3.02427e-05
12  4.2  2.92561e-06
12  4.7  9.97191e-07
12  3.7  9.09364e-06
12  5.2  3.5663e-07
12  5.7  1.32795e-07
12  6.2  5.13107e-08
12  6.7  2.04383e-08
12  7.2  8.37367e-09
12  7.7  3.52029e-09
12  8.2  1.50976e-09
12  8.7  6.60903e-10
12  9.2  2.9453e-10
12  9.7  1.33284e-10
12  10.2  6.1212e-11
12  11.2  1.34063e-11
12  10.7  2.8439e-11
12  11.7  6.3958e-12
14  0.7  0.030189
14  0.2  0.043957
14  1.2  0.00807452
14  1.7  0.00179941
14  2.2  0.0004169
14  3.2  2.93881e-05
14  2.7  0.00010586
14  4.2  2.84081e-06
14  4.7  9.68432e-07
14  3.7  8.83205e-06
