# exclusive D0 cross section, Pb target, KniehlKramer fragmentation, An0n channel
# dipole samples : data/Pb/mve/glauber_mve_<b>
# pD0 sweep      : 0.2 to 12.0 GeV, step 0.5
# fixed rapidity y : 0
# ============================================================
# b  pD0  dsigma_dyd2pD0
0  0.7  0.936527
0  0.2  4.41751
0  1.2  0.19457
0  1.7  0.0447456
0  2.7  0.00340087
0  2.2  0.0116547
0  3.2  0.00108859
0  3.7  0.000382403
0  4.2  0.000143932
0  4.7  6.13512e-05
0  5.7  1.40172e-05
0  5.2  2.94554e-05
0  6.2  6.74932e-06
0  6.7  3.32158e-06
0  7.2  2.78483e-06
0  7.7  -1.05421e-06
0  8.2  3.15938e-06
0  8.7  4.96317e-07
0  9.2  1.04631e-06
0  9.7  1.46292e-06
0  10.2  -8.83334e-07
0  10.7  2.49464e-07
0  11.2  1.09369e-06
0  11.7  -8.42779e-09
10  0.2  4.18215
10  0.7  0.878384
10  1.2  0.180811
10  1.7  0.0412954
10  2.2  0.0107032
10  2.7  0.00311254
10  3.2  0.000997316
10  3.7  0.000343834
10  4.2  0.000130996
10  4.7  5.57994e-05
10  5.2  2.67511e-05
10  5.7  1.14452e-05
10  6.2  4.31374e-06
10  6.7  3.35518e-06
10  7.2  1.37398e-06
10  7.7  -4.50184e-07
10  8.2  9.93279e-07
10  8.7  5.4758e-07
10  9.2  1.77875e-06
10  10.2  -1.40476e-06
10  9.7  1.24917e-06
10  10.7  1.08747e-06
10  11.2  1.91126e-07
10  11.7  1.54344e-08
12  0.2  4.07371
12  0.7  0.851825
12  1.2  0.174548
12  2.2  0.0102807
12  1.7  0.0397757
12  2.7  0.00298475
12  3.2  0.000951403
12  3.7  0.00033661
12  4.2  0.000126373
12  4.7  5.14268e-05
12  5.2  2.4314e-05
12  6.2  7.29449e-06
12  5.7  1.09914e-05
12  6.7  2.79683e-06
12  7.7  -9.79918e-07
12  7.2  1.44294e-06
12  8.2  2.13301e-06
12  8.7  1.8364e-06
12  9.2  1.63209e-06
12  10.2  -1.28881e-06
12  9.7  1.33692e-06
12  10.7  1.62845e-06
12  11.2  1.115e-06
14  0.2  3.94115
12  11.7  2.8365e-07
14  0.7  0.819577
14  1.2  0.167052
14  1.7  0.0379083
14  2.2  0.00977247
14  2.7  0.00283194
14  3.2  0.000903717
14  3.7  0.000320451
14  4.2  0.000113456
14  4.7  4.87645e-05
14  5.7  1.23468e-05
14  5.2  2.25704e-05
