# diffractive D0 cross section, Pb target, KniehlKramer fragmentation, An0n channel
# dipole samples : data/Pb/mve/glauber_mve_<b>
# pD0 sweep      : 0.2 to 12.0 GeV, step 0.5
# fixed rapidity y : 2.5
# ============================================================
# b  pD0  dsigma_dyd2pD0
0  0.2  0.287429
0  0.7  0.237698
0  1.7  0.0255044
0  1.2  0.0842342
0  2.2  0.0081344
0  3.2  0.00110152
0  2.7  0.00285767
0  3.7  0.000460155
0  4.2  0.000205682
0  4.7  9.71306e-05
0  5.2  4.8159e-05
0  5.7  2.48355e-05
0  6.2  1.32582e-05
0  6.7  7.28909e-06
0  7.2  4.11277e-06
0  7.7  2.37406e-06
0  8.2  1.40037e-06
0  8.7  8.37949e-07
0  9.2  5.1068e-07
0  9.7  3.16395e-07
0  10.2  1.97927e-07
0  10.7  1.25747e-07
0  11.2  8.06748e-08
10  0.2  0.283158
0  11.7  5.22805e-08
10  0.7  0.231475
10  1.7  0.0244153
10  1.2  0.0811203
10  2.2  0.00777272
10  2.7  0.00272478
10  3.2  0.00104903
10  3.7  0.000438333
10  4.2  0.000195811
10  4.7  9.24444e-05
10  5.2  4.58167e-05
10  5.7  2.36331e-05
10  6.2  1.26275e-05
10  6.7  6.93575e-06
10  7.2  3.91255e-06
10  7.7  2.2579e-06
10  8.2  1.33043e-06
10  8.7  7.97109e-07
10  9.2  4.86291e-07
10  9.7  3.00955e-07
10  10.7  1.1965e-07
10  10.2  1.88538e-07
10  11.2  7.67275e-08
10  11.7  4.9721e-08
12  0.2  0.281104
12  0.7  0.228364
12  1.2  0.0796661
12  1.7  0.0239177
12  2.2  0.00760258
12  2.7  0.00266344
12  3.7  0.000428001
12  3.2  0.00102534
12  4.2  0.000191151
12  4.7  9.02909e-05
12  5.2  4.47637e-05
12  5.7  2.30811e-05
12  6.2  1.23201e-05
12  6.7  6.77258e-06
12  7.2  3.82058e-06
12  7.7  2.20476e-06
12  8.2  1.29904e-06
12  8.7  7.7902e-07
12  9.2  4.74961e-07
12  9.7  2.93424e-07
12  10.2  1.83768e-07
12  11.2  7.49197e-08
12  10.7  1.16841e-07
12  11.7  4.85443e-08
14  0.2  0.278519
14  0.7  0.224685
14  1.2  0.0778613
14  1.7  0.0233029
14  2.2  0.00739458
14  2.7  0.00258863
14  3.7  0.000415703
14  3.2  0.000996123
14  4.2  0.000185616
14  4.7  8.76777e-05
