# diffractive D0 cross section, Pb target, HymnD fragmentation, An0n channel
# generated      : 2026-08-20 10:20:14 EEST
# calls          : 1e5 (VEGAS calls per point, see CALLS_EXCL/CALLS_EXCL_FACTORIZED/CALLS_DIFF)
# dipole samples : data/Pb/mve/glauber_mve_<b>
# pD0 sweep      : 0.2 0.3 0.4 0.5 0.6 0.7 0.8 0.9 1.0 1.1 1.2 1.3 1.4 1.5 1.6 1.7 1.8 1.9 2.0 2.5 3.0 3.5 4.0 4.5 5.0 5.5 6.0 6.5 7.0 7.5 8.0 8.5 9.0 9.5 10.0 10.5 11.0 11.5 12.0
# fixed rapidity y : -1.0
# ============================================================
# b  pD0  dsigma_dyd2pD0
0  0.4  1.06408
0  0.5  1.18225
0  0.6  1.19542
0  0.2  0.560297
0  0.3  0.823628
0  0.7  1.13303
0  0.8  1.02536
0  1.0  0.766747
0  0.9  0.901241
0  1.2  0.534055
0  1.1  0.646371
0  1.3  0.442389
0  1.4  0.365356
0  1.6  0.245385
0  1.5  0.299208
0  1.7  0.205581
0  1.9  0.139835
0  1.8  0.169682
0  2.0  0.117104
0  3.5  0.0117082
0  3.0  0.0229824
0  2.5  0.0497748
0  5.5  0.00131475
0  4.0  0.0062917
0  4.5  0.00359998
0  5.0  0.0020972
0  6.5  0.000569828
0  7.0  0.000380491
0  6.0  0.000839499
0  8.0  0.000185052
0  8.5  0.000133435
0  9.0  9.69375e-05
0  7.5  0.000263096
0  10.0  5.40518e-05
0  9.5  7.31364e-05
0  10.5  4.05354e-05
10  0.2  0.541304
0  11.0  3.12871e-05
10  0.3  0.814318
10  0.4  1.03208
10  0.6  1.1621
10  0.5  1.1544
10  0.7  1.10745
10  0.8  1.00026
10  0.9  0.865383
10  1.0  0.741149
10  1.1  0.621919
10  1.2  0.516071
10  1.3  0.42501
10  1.4  0.349765
10  1.5  0.289703
10  1.6  0.234358
10  1.7  0.195203
10  1.8  0.162198
10  1.9  0.134728
10  2.0  0.112103
10  2.5  0.0466423
0  11.5  2.38048e-05
10  3.0  0.021785
10  3.5  0.0109296
0  12.0  1.836e-05
10  4.0  0.00589701
10  4.5  0.00337032
10  5.0  0.00200904
10  5.5  0.00124893
10  6.5  0.00053764
10  7.0  0.000360892
10  8.0  0.00017873
10  6.0  0.000805852
10  7.5  0.000250247
10  9.0  9.25117e-05
10  8.5  0.000127061
10  10.5  3.85923e-05
10  10.0  5.17108e-05
10  9.5  6.9033e-05
12  0.2  0.543939
10  11.0  2.92157e-05
12  0.3  0.808886
12  0.4  1.02659
12  0.5  1.13502
12  0.6  1.16806
10  11.5  2.24587e-05
12  0.7  1.09793
12  0.8  0.964385
12  0.9  0.857738
12  1.0  0.720908
12  1.1  0.611363
12  1.2  0.504936
12  1.3  0.419988
12  1.5  0.281588
12  1.4  0.343079
12  1.6  0.232395
12  1.7  0.189683
12  1.9  0.132478
12  1.8  0.158853
12  2.0  0.109718
12  2.5  0.0461534
12  3.0  0.0214287
12  3.5  0.0106397
10  12.0  1.79899e-05
12  5.0  0.00195639
12  4.0  0.00572121
12  4.5  0.00328392
12  5.5  0.00124251
12  6.5  0.000520728
12  7.0  0.000354662
12  8.0  0.000171781
12  6.0  0.000784754
12  7.5  0.000245325
12  9.0  9.03075e-05
12  9.5  6.81137e-05
12  8.5  0.000123386
12  10.0  4.97186e-05
12  10.5  3.78934e-05
14  0.2  0.536145
14  0.3  0.791351
14  0.4  1.01212
14  0.6  1.12882
14  0.5  1.13105
14  0.7  1.08193
14  0.8  0.959257
12  11.0  2.91354e-05
14  0.9  0.837541
14  1.0  0.714767
14  1.1  0.596508
14  1.2  0.492392
14  1.3  0.407188
14  1.4  0.333124
14  1.5  0.272413
14  1.7  0.187405
14  1.6  0.225755
14  1.8  0.151244
14  1.9  0.126689
14  2.0  0.106257
14  2.5  0.0453652
14  3.5  0.0104217
14  3.0  0.020627
12  11.5  2.21982e-05
12  12.0  1.72299e-05
14  4.0  0.0056182
14  5.5  0.00120613
14  4.5  0.00319416
14  5.0  0.00194428
14  6.5  0.000505744
14  7.0  0.000343296
14  6.0  0.000772959
14  8.0  0.000170076
14  7.5  0.000237109
14  9.0  8.76434e-05
14  9.5  6.50539e-05
14  8.5  0.000120184
14  10.0  4.90757e-05
16  0.2  0.542264
14  10.5  3.63338e-05
16  0.3  0.793416
16  0.4  1.00449
16  0.5  1.09404
16  0.6  1.11994
16  0.7  1.04718
16  0.8  0.935176
16  0.9  0.816554
14  11.0  2.78633e-05
16  1.0  0.691879
16  1.1  0.580712
16  1.2  0.478478
16  1.3  0.396159
16  1.4  0.324168
16  1.5  0.267321
16  1.6  0.220577
16  1.7  0.180856
16  1.8  0.149815
16  1.9  0.123739
16  2.0  0.103761
14  11.5  2.14974e-05
16  2.5  0.0428525
16  3.0  0.0200333
16  3.5  0.00999415
14  12.0  1.68598e-05
16  4.0  0.00543981
16  4.5  0.00309142
16  5.0  0.00183342
16  6.5  0.000496256
16  5.5  0.00115
16  7.0  0.000329378
16  6.0  0.000743065
16  8.0  0.000160993
16  7.5  0.000228089
16  9.0  8.42342e-05
16  9.5  6.32459e-05
16  8.5  0.0001174
16  10.0  4.73528e-05
16  10.5  3.51309e-05
18  0.2  0.530578
18  0.3  0.786829
18  0.4  0.990195
18  0.5  1.09941
18  0.6  1.08603
18  0.7  1.02091
18  0.8  0.916329
18  0.9  0.794583
16  11.0  2.70256e-05
18  1.0  0.671978
18  1.1  0.55687
18  1.2  0.460011
18  1.4  0.308086
18  1.3  0.378263
18  1.5  0.254009
18  1.7  0.171782
18  1.6  0.209702
18  1.8  0.141545
18  1.9  0.118683
18  2.0  0.0988594
18  2.5  0.0414137
18  3.5  0.00966193
18  3.0  0.0190101
16  11.5  2.05185e-05
16  12.0  1.60406e-05
18  4.0  0.00524631
18  5.0  0.00178833
18  4.5  0.00291752
18  6.5  0.000472683
18  5.5  0.00109226
18  6.0  0.000700178
18  7.0  0.000314335
18  7.5  0.000216721
18  9.0  8.02699e-05
18  9.5  5.74863e-05
18  8.0  0.000153445
18  8.5  0.00011161
18  10.0  4.50751e-05
2  0.2  0.559147
18  10.5  3.37386e-05
2  0.3  0.826378
2  0.4  1.04447
2  0.5  1.17612
2  0.6  1.19349
2  0.7  1.12207
2  0.8  1.01621
2  0.9  0.898828
2  1.0  0.762472
18  11.0  2.57733e-05
2  1.2  0.534016
2  1.1  0.644221
2  1.3  0.442341
2  1.4  0.362131
2  1.6  0.2418
2  1.5  0.300344
2  1.7  0.203501
2  1.8  0.169105
2  1.9  0.14183
2  2.0  0.117279
2  2.5  0.0496566
18  11.5  1.96961e-05
2  3.0  0.022824
2  3.5  0.0114494
18  12.0  1.55257e-05
2  4.0  0.00616648
2  4.5  0.00356645
2  5.0  0.00211686
2  5.5  0.00131481
2  6.5  0.000556511
2  7.0  0.000378298
2  6.0  0.000846779
2  8.0  0.000185862
2  8.5  0.000133031
2  7.5  0.000267406
2  9.0  9.68602e-05
2  9.5  7.12052e-05
2  10.0  5.35423e-05
2  10.5  4.08499e-05
2  11.0  3.07367e-05
20  0.2  0.516907
20  0.3  0.771662
20  0.4  0.963969
20  0.5  1.05779
20  0.6  1.06493
20  0.7  0.996573
20  0.8  0.884031
20  0.9  0.751368
20  1.0  0.632285
20  1.1  0.532607
20  1.2  0.434663
20  1.3  0.362099
20  1.4  0.297822
20  1.5  0.240801
20  1.6  0.200029
20  1.7  0.16408
20  1.8  0.135253
20  1.9  0.111786
20  2.0  0.0934786
20  2.5  0.0392835
2  11.5  2.3861e-05
20  3.5  0.00905228
20  3.0  0.0180094
2  12.0  1.79779e-05
20  4.0  0.00485091
20  5.0  0.00165815
20  4.5  0.00276356
20  6.5  0.000436524
20  5.5  0.00104234
20  6.0  0.000666791
20  7.5  0.000208423
20  7.0  0.000302384
20  9.0  7.59558e-05
20  8.0  0.000145809
20  9.5  5.60624e-05
20  8.5  0.000103947
20  10.5  3.17099e-05
20  10.0  4.26122e-05
22  0.2  0.514827
22  0.3  0.756908
20  11.5  1.82982e-05
22  0.4  0.949714
22  0.5  1.03273
22  0.6  1.01674
22  0.7  0.950815
22  0.9  0.715777
22  0.8  0.839657
22  1.0  0.613533
20  11.0  2.42172e-05
22  1.2  0.416476
22  1.1  0.504978
22  1.3  0.342509
22  1.4  0.277561
22  1.6  0.181281
22  1.5  0.228932
22  1.8  0.125961
22  1.7  0.154592
22  1.9  0.105467
22  2.0  0.0873175
22  2.5  0.0364639
22  3.0  0.0170854
22  3.5  0.00861441
20  12.0  1.45658e-05
22  4.0  0.00451252
22  4.5  0.00258367
22  5.0  0.00154668
22  6.5  0.00041477
22  5.5  0.000956947
22  7.0  0.000276371
22  6.0  0.000615016
22  8.0  0.000135946
22  7.5  0.00019089
22  9.0  7.16837e-05
22  9.5  5.26353e-05
22  8.5  9.81426e-05
22  10.0  3.91756e-05
24  0.2  0.500466
24  0.3  0.71946
24  0.4  0.911102
24  0.5  0.976563
22  11.5  1.7208e-05
22  10.5  2.9558e-05
24  0.6  0.972473
24  0.7  0.89564
24  0.9  0.664768
24  0.8  0.788506
24  1.0  0.564269
24  1.1  0.468454
24  1.2  0.377683
24  1.3  0.313995
22  11.0  2.27097e-05
22  12.0  1.33748e-05
24  1.4  0.256875
24  1.5  0.209491
24  1.8  0.115478
24  1.6  0.172779
24  1.7  0.141437
24  2.0  0.0791289
24  1.9  0.0963167
24  2.5  0.0335659
24  3.0  0.0152138
24  3.5  0.00776314
24  4.0  0.00410527
24  4.5  0.00239003
24  5.0  0.00140044
24  5.5  0.000876966
24  6.5  0.000370258
24  6.0  0.000569881
24  8.0  0.000124053
24  7.5  0.000174454
24  7.0  0.000250227
24  9.0  6.42663e-05
24  9.5  4.5972e-05
24  8.5  8.95768e-05
24  10.0  3.52482e-05
26  0.2  0.492747
24  10.5  2.72355e-05
26  0.3  0.708277
26  0.4  0.858251
26  0.5  0.906896
26  0.6  0.902742
26  0.7  0.820598
26  0.8  0.717706
26  0.9  0.60858
24  11.0  2.07355e-05
26  1.0  0.509012
26  1.1  0.419536
24  11.5  1.60196e-05
26  1.2  0.344133
26  1.4  0.226253
26  1.3  0.281173
26  1.5  0.18433
26  1.6  0.153399
26  1.7  0.125179
26  1.8  0.104393
26  2.0  0.0703984
26  1.9  0.0854079
26  2.5  0.0290903
26  3.0  0.0134926
26  3.5  0.00671659
24  12.0  1.21569e-05
26  4.0  0.00362864
26  4.5  0.0020623
26  5.0  0.00125858
26  5.5  0.000784268
26  6.5  0.00032749
26  7.0  0.00022499
26  7.5  0.000156224
26  6.0  0.000501359
26  8.0  0.000107865
26  9.0  5.72597e-05
26  9.5  4.25212e-05
26  8.5  7.91651e-05
26  10.5  2.35985e-05
26  10.0  3.09795e-05
26  11.5  1.37618e-05
26  11.0  1.80463e-05
28  0.2  0.456381
28  0.3  0.668811
28  0.4  0.798681
28  0.5  0.845805
28  0.6  0.803849
28  0.7  0.726629
28  0.8  0.632627
28  0.9  0.533023
28  1.0  0.442023
28  1.1  0.359409
28  1.2  0.295214
28  1.3  0.24067
28  1.5  0.158844
28  1.4  0.195016
28  1.6  0.129432
26  12.0  1.09102e-05
28  1.7  0.106832
28  1.8  0.0882848
28  1.9  0.0716336
28  2.5  0.0258521
28  2.0  0.0589493
28  3.5  0.00569632
28  3.0  0.0115069
28  4.0  0.0030981
28  4.5  0.00172724
28  5.0  0.00106157
28  6.5  0.000273414
28  5.5  0.000641271
28  6.0  0.00041565
28  8.0  9.16049e-05
28  7.0  0.000185942
28  9.0  4.73801e-05
28  7.5  0.000128346
28  9.5  3.44984e-05
28  8.5  6.6536e-05
28  10.0  2.60985e-05
28  10.5  1.98453e-05
30  0.2  0.427545
28  11.0  1.49807e-05
30  0.3  0.61136
30  0.4  0.713049
30  0.5  0.729453
30  0.6  0.681779
30  0.7  0.608506
30  0.8  0.520079
30  0.9  0.432841
30  1.0  0.355913
30  1.1  0.289769
30  1.2  0.236275
30  1.3  0.19489
30  1.4  0.155205
30  1.5  0.126608
30  1.6  0.103319
30  1.7  0.0831616
30  1.8  0.068448
30  1.9  0.0564957
30  2.0  0.0472879
28  11.5  1.18046e-05
30  3.0  0.00888659
30  2.5  0.0192943
30  3.5  0.00441086
28  12.0  9.16617e-06
30  4.0  0.00236524
30  4.5  0.00135349
30  6.5  0.000218698
30  5.0  0.000828487
30  5.5  0.000516027
30  6.0  0.000330494
30  8.0  7.19783e-05
30  7.0  0.000145648
30  7.5  0.000102046
30  9.0  3.72931e-05
30  8.5  5.17704e-05
30  10.0  2.04396e-05
30  9.5  2.78775e-05
32  0.2  0.378883
30  10.5  1.56726e-05
32  0.3  0.517321
32  0.4  0.593003
30  11.5  9.22817e-06
32  0.5  0.582292
32  0.6  0.532276
30  11.0  1.17082e-05
32  0.7  0.471252
32  0.8  0.393697
32  0.9  0.324881
32  1.0  0.265333
32  1.1  0.2152
32  1.2  0.175704
32  1.3  0.141197
32  1.5  0.0914688
32  1.4  0.112676
32  1.6  0.0756284
32  1.8  0.0501721
32  1.7  0.0608896
32  1.9  0.0412126
32  2.5  0.0140508
32  2.0  0.0334159
32  3.0  0.00630297
32  3.5  0.00315672
30  12.0  6.79369e-06
32  4.5  0.000972174
32  4.0  0.00174457
32  5.0  0.000592454
32  6.5  0.000150781
32  5.5  0.000361955
32  6.0  0.000230522
32  8.0  5.04165e-05
32  7.0  0.000102264
32  7.5  7.10172e-05
32  9.0  2.63147e-05
32  8.5  3.627e-05
32  10.0  1.48497e-05
32  10.5  1.08352e-05
32  9.5  1.94964e-05
4  0.2  0.560427
4  0.3  0.811767
4  0.4  1.03675
4  0.5  1.16306
4  0.6  1.19042
4  0.7  1.14177
4  0.8  1.02028
4  0.9  0.886837
32  11.0  8.50771e-06
4  1.0  0.762772
4  1.1  0.640222
4  1.2  0.533091
4  1.3  0.440046
4  1.6  0.242214
4  1.4  0.363016
4  1.5  0.302891
4  1.7  0.203754
4  1.8  0.167763
4  1.9  0.140439
4  2.0  0.11444
32  11.5  6.46038e-06
4  2.5  0.0491984
4  3.0  0.0229999
4  3.5  0.0114419
32  12.0  4.97486e-06
4  5.5  0.00132349
4  4.0  0.00624486
4  4.5  0.00349923
4  5.0  0.00209178
4  6.5  0.000540225
4  7.0  0.000381948
4  6.0  0.00085077
4  8.0  0.00018858
4  8.5  0.000132965
4  7.5  0.00026194
4  9.0  9.51222e-05
4  10.0  5.31434e-05
4  9.5  7.09183e-05
4  10.5  4.10687e-05
4  11.0  3.10099e-05
6  0.2  0.546483
6  0.3  0.823003
6  0.4  1.04466
6  0.5  1.15344
6  0.7  1.10803
6  0.6  1.19848
6  0.8  1.00883
6  0.9  0.887393
6  1.0  0.757218
6  1.1  0.635986
6  1.2  0.52988
6  1.3  0.436944
6  1.4  0.360894
6  1.5  0.297074
6  1.6  0.244477
6  1.7  0.202457
6  1.8  0.167431
6  1.9  0.13775
6  2.0  0.116113
6  2.5  0.0488599
6  3.0  0.0224991
6  3.5  0.0112515
4  11.5  2.35547e-05
4  12.0  1.84333e-05
6  4.0  0.00607454
6  4.5  0.00344942
6  5.0  0.00208239
6  5.5  0.00128701
6  6.5  0.000549711
6  7.0  0.000379567
6  6.0  0.000829008
6  8.0  0.000183051
6  9.0  9.50575e-05
6  7.5  0.00025901
6  8.5  0.000131747
6  10.0  5.3478e-05
6  9.5  6.9592e-05
6  10.5  4.01733e-05
6  11.0  3.02719e-05
8  0.2  0.553811
8  0.3  0.817895
8  0.4  1.04197
8  0.5  1.15764
8  0.6  1.18701
8  0.7  1.12732
8  0.8  1.01257
8  0.9  0.880756
8  1.0  0.750168
8  1.1  0.630167
8  1.2  0.511592
8  1.4  0.357381
8  1.3  0.432939
8  1.5  0.293897
8  1.6  0.237584
8  1.7  0.19908
6  11.5  2.33399e-05
8  1.8  0.164898
8  1.9  0.136837
8  2.0  0.113654
8  2.5  0.0472794
8  3.0  0.0224138
8  3.5  0.0111449
6  12.0  1.83148e-05
8  4.0  0.00598767
8  4.5  0.00346232
8  5.0  0.0020536
8  5.5  0.00127831
8  6.5  0.000554164
8  6.0  0.000820679
8  8.0  0.000181577
8  7.0  0.000368942
8  7.5  0.000254961
8  9.0  9.59221e-05
8  9.5  7.03657e-05
8  8.5  0.000131103
8  10.5  3.9394e-05
8  10.0  5.18801e-05
8  11.0  3.03896e-05
8  11.5  2.33755e-05
8  12.0  1.78296e-05
