# exclusive D0 cross section, Pb target, HymnD fragmentation, An0n channel
# generated      : 2026-08-20 10:20:14 EEST
# calls          : 1e5 below 4.0 GeV, 2e3 above (see EXCL_PT_THRESHOLD) (VEGAS calls per point, see CALLS_EXCL/CALLS_EXCL_FACTORIZED/CALLS_DIFF)
# dipole samples : data/Pb/mve/glauber_mve_<b>
# pD0 sweep      : 0.2 0.3 0.4 0.5 0.6 0.7 0.8 0.9 1.0 1.1 1.2 1.3 1.4 1.5 1.6 1.7 1.8 1.9 2.0 2.5 3.0 3.5 4.0 4.5 5.0 5.5 6.0 6.5 7.0 7.5 8.0 8.5 9.0 9.5 10.0 10.5 11.0 11.5 12.0
# fixed rapidity y : -1.0
# ============================================================
# b  pD0  dsigma_dyd2pD0
0  0.4  1.95261
0  0.5  1.48386
0  0.6  1.10191
0  0.2  3.05726
0  0.3  2.48685
0  0.7  0.805741
0  0.8  0.582716
0  1.0  0.302788
0  0.9  0.419876
0  1.2  0.158494
0  1.1  0.218081
0  1.3  0.113209
0  1.4  0.0823208
0  1.6  0.0450716
0  1.5  0.0597718
0  1.7  0.0328674
0  1.9  0.0188044
0  1.8  0.0247331
0  2.0  0.0141114
0  3.5  0.000175298
0  3.0  0.0008792
0  2.5  0.00332375
0  5.5  7.95542e-06
0  4.0  0.00011235
0  4.5  4.30113e-05
0  5.0  1.78612e-05
0  6.5  1.87206e-06
0  7.0  9.76643e-07
0  6.0  3.77808e-06
0  8.0  3.06975e-07
0  8.5  1.79375e-07
0  9.0  1.09768e-07
0  7.5  5.43722e-07
0  10.0  4.45118e-08
0  9.5  6.98841e-08
0  10.5  2.93543e-08
10  0.2  2.88719
0  11.0  1.9753e-08
10  0.3  2.34389
10  0.4  1.83366
10  0.6  1.02978
10  0.5  1.39103
10  0.7  0.75074
10  0.8  0.542674
10  0.9  0.390497
10  1.0  0.281251
10  1.1  0.201537
10  1.2  0.145442
10  1.3  0.106137
10  1.4  0.0756868
10  1.5  0.0569291
10  1.6  0.0410567
10  1.7  0.0308316
10  1.8  0.022547
10  1.9  0.0168483
10  2.0  0.0131415
10  2.5  0.0030561
0  11.5  1.36698e-08
10  3.0  0.000802208
10  3.5  0.000220191
0  12.0  9.62159e-09
10  4.0  0.000101897
10  4.5  3.89728e-05
10  5.0  1.61661e-05
10  5.5  7.21937e-06
10  6.5  1.69098e-06
10  7.0  8.82052e-07
10  8.0  2.77533e-07
10  6.0  3.41891e-06
10  7.5  4.91851e-07
10  9.0  9.91914e-08
10  8.5  1.65375e-07
10  10.5  2.64036e-08
10  10.0  4.02382e-08
10  9.5  6.31567e-08
12  0.2  2.80435
10  11.0  1.78633e-08
12  0.3  2.27602
12  0.4  1.78125
12  0.5  1.34902
12  0.6  0.998157
10  11.5  1.23568e-08
12  0.7  0.726298
12  0.8  0.524708
12  0.9  0.377509
12  1.0  0.270795
12  1.1  0.193961
12  1.2  0.140588
12  1.3  0.101137
12  1.5  0.0541876
12  1.4  0.0728319
12  1.6  0.039768
12  1.7  0.0289721
12  1.9  0.0164464
12  1.8  0.0218109
12  2.0  0.0124731
12  2.5  0.00316277
12  3.0  0.000855288
12  3.5  0.000183091
10  12.0  8.69853e-09
12  5.0  1.5461e-05
12  4.0  9.74453e-05
12  4.5  3.71722e-05
12  5.5  6.89177e-06
12  6.5  1.61206e-06
12  7.0  8.41294e-07
12  8.0  2.64571e-07
12  6.0  3.25823e-06
12  7.5  4.68023e-07
12  9.0  9.45638e-08
12  9.5  5.96891e-08
12  8.5  1.57583e-07
12  10.0  3.83564e-08
12  10.5  2.531e-08
14  0.2  2.70779
14  0.3  2.19562
14  0.4  1.71545
14  0.6  0.957191
14  0.5  1.29783
14  0.7  0.695954
14  0.8  0.502144
12  11.0  1.72391e-08
14  0.9  0.359973
14  1.0  0.258317
14  1.1  0.185319
14  1.2  0.132813
14  1.3  0.0975336
14  1.4  0.0699604
14  1.5  0.0512802
14  1.7  0.0281983
14  1.6  0.0366922
14  1.8  0.0206443
14  1.9  0.0153449
14  2.0  0.0117885
14  2.5  0.00247572
14  3.5  0.000201208
14  3.0  0.000863362
12  11.5  1.17737e-08
12  12.0  8.30035e-09
14  4.0  9.13286e-05
14  5.5  6.43027e-06
14  4.5  3.50366e-05
14  5.0  1.45697e-05
14  6.5  1.51824e-06
14  7.0  7.94459e-07
14  6.0  3.0696e-06
14  8.0  2.49532e-07
14  7.5  4.40804e-07
14  9.0  8.8991e-08
14  9.5  5.60821e-08
14  8.5  1.4842e-07
14  10.0  3.61339e-08
16  0.2  2.5907
14  10.5  2.4006e-08
16  0.3  2.09794
16  0.4  1.63535
16  0.5  1.23499
16  0.6  0.909871
16  0.7  0.661227
16  0.8  0.475806
16  0.9  0.340767
14  11.0  1.62632e-08
16  1.0  0.243869
16  1.1  0.17428
16  1.2  0.126095
16  1.3  0.0915518
16  1.4  0.0654841
16  1.5  0.0471056
16  1.6  0.0345151
16  1.7  0.0262285
16  1.8  0.0193158
16  1.9  0.0147203
16  2.0  0.0110601
14  11.5  1.10712e-08
16  2.5  0.00298286
16  3.0  0.000661222
16  3.5  0.000293971
14  12.0  7.824e-09
16  4.0  8.48415e-05
16  4.5  3.25332e-05
16  5.0  1.34994e-05
16  6.5  1.40898e-06
16  5.5  6.01079e-06
16  7.0  7.36361e-07
16  6.0  2.84847e-06
16  8.0  2.30418e-07
16  7.5  4.09226e-07
16  9.0  8.26782e-08
16  9.5  5.20422e-08
16  8.5  1.3781e-07
16  10.0  3.35302e-08
16  10.5  2.21114e-08
18  0.2  2.45179
18  0.3  1.98284
18  0.4  1.5427
18  0.5  1.16332
18  0.6  0.853225
18  0.7  0.618736
18  0.8  0.445181
18  0.9  0.317752
16  11.0  1.50582e-08
18  1.0  0.22775
18  1.1  0.162065
18  1.2  0.116258
18  1.4  0.061234
18  1.3  0.0833918
18  1.5  0.0444545
18  1.7  0.0242827
18  1.6  0.0317846
18  1.8  0.0175728
18  1.9  0.0135332
18  2.0  0.0101632
18  2.5  0.00232778
18  3.5  0.000354933
18  3.0  0.000677408
16  11.5  1.03289e-08
16  12.0  7.26216e-09
18  4.0  7.73554e-05
18  5.0  1.23505e-05
18  4.5  2.94197e-05
18  6.5  1.2845e-06
18  5.5  5.48645e-06
18  6.0  2.59707e-06
18  7.0  6.7899e-07
18  7.5  3.71931e-07
18  9.0  7.52955e-08
18  9.5  4.72837e-08
18  8.0  2.13292e-07
18  8.5  1.25947e-07
18  10.0  3.08323e-08
2  0.2  3.05049
18  10.5  2.03086e-08
2  0.3  2.48524
2  0.4  1.948
2  0.5  1.48028
2  0.6  1.09871
2  0.7  0.803029
2  0.8  0.581544
2  0.9  0.418871
2  1.0  0.302241
18  11.0  1.37207e-08
2  1.2  0.158127
2  1.1  0.21723
2  1.3  0.113004
2  1.4  0.0838435
2  1.6  0.0438402
2  1.5  0.0597586
2  1.7  0.0327988
2  1.8  0.0245314
2  1.9  0.0187622
2  2.0  0.0138093
2  2.5  0.00382116
18  11.5  9.43812e-09
2  3.0  0.00104702
2  3.5  0.000363702
18  12.0  6.60997e-09
2  4.0  0.000111927
2  4.5  4.28398e-05
2  5.0  1.78303e-05
2  5.5  7.92513e-06
2  6.5  1.86487e-06
2  7.0  9.72719e-07
2  6.0  3.76365e-06
2  8.0  3.05801e-07
2  8.5  1.78693e-07
2  7.5  5.41626e-07
2  9.0  1.09257e-07
2  9.5  6.87954e-08
2  10.0  4.43233e-08
2  10.5  2.92149e-08
2  11.0  1.96756e-08
20  0.2  2.28584
20  0.3  1.8451
20  0.4  1.43146
20  0.5  1.07558
20  0.6  0.78865
20  0.7  0.569789
20  0.8  0.407455
20  0.9  0.291656
20  1.0  0.207997
20  1.1  0.147571
20  1.2  0.105718
20  1.3  0.0757143
20  1.4  0.0556969
20  1.5  0.0395171
20  1.6  0.0288993
20  1.7  0.0214725
20  1.8  0.0163305
20  1.9  0.0117096
20  2.0  0.0092767
20  2.5  0.00205445
2  11.5  1.3617e-08
20  3.5  8.85616e-06
20  3.0  0.000636989
2  12.0  9.57541e-09
20  4.0  6.93101e-05
20  5.0  1.10064e-05
20  4.5  2.65843e-05
20  6.5  1.14347e-06
20  5.5  4.89589e-06
20  6.0  2.31421e-06
20  7.5  3.30594e-07
20  7.0  6.05336e-07
20  9.0  6.70792e-08
20  8.0  1.89872e-07
20  9.5  4.21558e-08
20  8.5  1.11638e-07
20  10.5  1.79251e-08
20  10.0  2.74492e-08
22  0.2  2.08856
22  0.3  1.68157
20  11.5  8.34325e-09
22  0.4  1.30091
22  0.5  0.974878
22  0.6  0.712238
22  0.7  0.51242
22  0.9  0.260417
22  0.8  0.36594
22  1.0  0.184845
20  11.0  1.21999e-08
22  1.2  0.0934882
22  1.1  0.131515
22  1.3  0.0675562
22  1.4  0.0480667
22  1.6  0.0264491
22  1.5  0.0360441
22  1.8  0.0143912
22  1.7  0.019368
22  1.9  0.0104381
22  2.0  0.00803547
22  2.5  0.00183517
22  3.0  0.000458938
22  3.5  -6.41107e-05
20  12.0  5.88488e-09
22  4.0  6.03336e-05
22  4.5  2.28511e-05
22  5.0  9.56469e-06
22  6.5  9.87137e-07
22  5.5  4.24701e-06
22  7.0  5.18629e-07
22  6.0  1.99652e-06
22  8.0  1.62495e-07
22  7.5  2.85396e-07
22  9.0  5.77566e-08
22  9.5  3.63498e-08
22  8.5  9.68185e-08
22  10.0  2.36874e-08
24  0.2  1.85518
24  0.3  1.48818
24  0.4  1.1471
24  0.5  0.854354
22  11.5  7.19725e-09
22  10.5  1.56022e-08
24  0.6  0.622882
24  0.7  0.446314
24  0.9  0.224327
24  0.8  0.316929
24  1.0  0.159174
24  1.1  0.113047
24  1.2  0.0800965
24  1.3  0.0582482
22  11.0  1.05464e-08
22  12.0  5.0249e-09
24  1.4  0.0409006
24  1.5  0.0293499
24  1.8  0.0119048
24  1.6  0.0217244
24  1.7  0.0161459
24  2.0  0.00624943
24  1.9  0.00903879
24  2.5  0.00145824
24  3.0  0.000520477
24  3.5  0.000210665
24  4.0  4.99571e-05
24  4.5  1.90927e-05
24  5.0  7.90923e-06
24  5.5  3.51012e-06
24  6.5  8.15533e-07
24  6.0  1.64819e-06
24  8.0  1.34169e-07
24  7.5  2.34828e-07
24  7.0  4.3145e-07
24  9.0  4.77887e-08
24  9.5  3.0087e-08
24  8.5  7.96212e-08
24  10.0  1.95552e-08
26  0.2  1.57643
24  10.5  1.28805e-08
26  0.3  1.26035
26  0.4  0.967109
26  0.5  0.716891
26  0.6  0.517639
26  0.7  0.369295
26  0.8  0.261298
26  0.9  0.184262
24  11.0  8.68154e-09
26  1.0  0.129525
26  1.1  0.0914178
24  11.5  5.96395e-09
26  1.2  0.0648303
26  1.4  0.0337202
26  1.3  0.0461141
26  1.5  0.0234203
26  1.6  0.0175733
26  1.7  0.0127998
26  1.8  0.00945631
26  2.0  0.00531802
26  1.9  0.0069938
26  2.5  0.00121738
26  3.0  0.000370588
26  3.5  0.000199307
24  12.0  4.19008e-09
26  4.0  3.89539e-05
26  4.5  1.48585e-05
26  5.0  6.08809e-06
26  5.5  2.73076e-06
26  6.5  6.31429e-07
26  7.0  3.31266e-07
26  7.5  1.81712e-07
26  6.0  1.2815e-06
26  8.0  1.03761e-07
26  9.0  3.70103e-08
26  9.5  2.32292e-08
26  8.5  6.16037e-08
26  10.5  9.87653e-09
26  10.0  1.5121e-08
26  11.5  4.59366e-09
26  11.0  6.64483e-09
28  0.2  1.25494
28  0.3  0.9968
28  0.4  0.758963
28  0.5  0.558827
28  0.6  0.401245
28  0.7  0.283757
28  0.8  0.199298
28  0.9  0.140329
28  1.0  0.0977013
28  1.1  0.0685932
28  1.2  0.0482076
28  1.3  0.0345425
28  1.5  0.0177153
28  1.4  0.0243402
28  1.6  0.0125806
26  12.0  3.21593e-09
28  1.7  0.00945684
28  1.8  0.00693592
28  1.9  0.00518609
28  2.5  0.000750869
28  2.0  0.00390218
28  3.5  0.000115841
28  3.0  0.000262627
28  4.0  2.75964e-05
28  4.5  1.04531e-05
28  5.0  4.33804e-06
28  6.5  4.45673e-07
28  5.5  1.92786e-06
28  6.0  9.0639e-07
28  8.0  7.2965e-08
28  7.0  2.36484e-07
28  9.0  2.59752e-08
28  7.5  1.28765e-07
28  9.5  1.63083e-08
28  8.5  4.32493e-08
28  10.0  1.05333e-08
28  10.5  6.9394e-09
30  0.2  0.90526
28  11.0  4.67249e-09
30  0.3  0.714197
30  0.4  0.538838
30  0.5  0.392408
30  0.6  0.279097
30  0.7  0.195574
30  0.8  0.136107
30  0.9  0.0944739
30  1.0  0.0659916
30  1.1  0.0458964
30  1.2  0.0320246
30  1.3  0.0228757
30  1.4  0.0162962
30  1.5  0.0116492
30  1.6  0.00820793
30  1.7  0.00612801
30  1.8  0.00459113
30  1.9  0.00316277
30  2.0  0.00260803
28  11.5  3.23082e-09
30  3.0  0.000168436
30  2.5  0.000580581
30  3.5  9.4927e-05
28  12.0  2.2817e-09
30  4.0  1.71293e-05
30  4.5  6.48546e-06
30  6.5  2.73789e-07
30  5.0  2.68012e-06
30  5.5  1.18875e-06
30  6.0  5.54545e-07
30  8.0  4.45409e-08
30  7.0  1.4453e-07
30  7.5  7.94024e-08
30  9.0  1.59797e-08
30  8.5  2.66403e-08
30  10.0  6.44035e-09
30  9.5  1.01175e-08
32  0.2  0.569804
30  10.5  4.29104e-09
32  0.3  0.445069
32  0.4  0.331841
30  11.5  1.97048e-09
32  0.5  0.238874
32  0.6  0.167638
30  11.0  2.88319e-09
32  0.7  0.11639
32  0.8  0.0800254
32  0.9  0.0551827
32  1.0  0.0381105
32  1.1  0.0264258
32  1.2  0.0182057
32  1.3  0.0130468
32  1.5  0.00655228
32  1.4  0.00914463
32  1.6  0.00458195
32  1.8  0.00241951
32  1.7  0.00330223
32  1.9  0.00185606
32  2.5  0.000342248
32  2.0  0.00140652
32  3.0  1.98294e-05
32  3.5  4.89019e-05
30  12.0  1.39269e-09
32  4.5  3.39211e-06
32  4.0  8.95891e-06
32  5.0  1.38498e-06
32  6.5  1.40793e-07
32  5.5  6.11432e-07
32  6.0  2.85122e-07
32  8.0  2.28621e-08
32  7.0  7.44196e-08
32  7.5  4.0438e-08
32  9.0  8.10486e-09
32  8.5  1.35503e-08
32  10.0  3.28824e-09
32  10.5  2.15851e-09
32  9.5  5.16216e-09
4  0.2  3.03003
4  0.3  2.46423
4  0.4  1.93346
4  0.5  1.4687
4  0.6  1.09036
4  0.7  0.796525
4  0.8  0.576745
4  0.9  0.415806
32  11.0  1.4694e-09
4  1.0  0.299887
4  1.1  0.215429
4  1.2  0.155734
4  1.3  0.113908
4  1.6  0.0443122
4  1.4  0.0812891
4  1.5  0.0590913
4  1.7  0.0324699
4  1.8  0.0245977
4  1.9  0.01842
4  2.0  0.0135967
32  11.5  1.01027e-09
4  2.5  0.00357961
4  3.0  0.00111146
4  3.5  5.48267e-05
32  12.0  7.09731e-10
4  5.5  7.82664e-06
4  4.0  0.000110646
4  4.5  4.23306e-05
4  5.0  1.76264e-05
4  6.5  1.84332e-06
4  7.0  9.61475e-07
4  6.0  3.72099e-06
4  8.0  3.02353e-07
4  8.5  1.76732e-07
4  7.5  5.35199e-07
4  9.0  1.07998e-07
4  10.0  4.3827e-08
4  9.5  6.87956e-08
4  10.5  2.88953e-08
4  11.0  1.94483e-08
6  0.2  2.99663
6  0.3  2.43763
6  0.4  1.90874
6  0.5  1.4511
6  0.7  0.786822
6  0.6  1.07726
6  0.8  0.568387
6  0.9  0.409694
6  1.0  0.294789
6  1.1  0.212157
6  1.2  0.153539
6  1.3  0.111188
6  1.4  0.0823402
6  1.5  0.0593988
6  1.6  0.043557
6  1.7  0.0331547
6  1.8  0.0240085
6  1.9  0.018329
6  2.0  0.013082
6  2.5  0.00319628
6  3.0  0.000911606
6  3.5  0.000326144
4  11.5  1.34598e-08
4  12.0  9.46885e-09
6  4.0  0.000108541
6  4.5  4.1534e-05
6  5.0  1.73074e-05
6  5.5  7.69471e-06
6  6.5  1.80739e-06
6  7.0  9.42701e-07
6  6.0  3.64904e-06
6  8.0  2.9633e-07
6  9.0  1.05968e-07
6  7.5  5.24793e-07
6  8.5  1.76737e-07
6  10.0  4.2971e-08
6  9.5  6.74652e-08
6  10.5  2.836e-08
6  11.0  1.90673e-08
8  0.2  2.94783
8  0.3  2.39523
8  0.4  1.87709
8  0.5  1.42452
8  0.6  1.05597
8  0.7  0.770654
8  0.8  0.556686
8  0.9  0.401612
8  1.0  0.288475
8  1.1  0.207009
8  1.2  0.148551
8  1.4  0.0793709
8  1.3  0.107594
8  1.5  0.0567906
8  1.6  0.0417029
8  1.7  0.0317576
6  11.5  1.32132e-08
8  1.8  0.0235423
8  1.9  0.0177405
8  2.0  0.0133116
8  2.5  0.00342377
8  3.0  0.000796187
8  3.5  0.000106187
6  12.0  9.29819e-09
8  4.0  0.000105644
8  4.5  4.04237e-05
8  5.0  1.67687e-05
8  5.5  7.48734e-06
8  6.5  1.75571e-06
8  6.0  3.54856e-06
8  8.0  2.87418e-07
8  7.0  9.26639e-07
8  7.5  5.10637e-07
8  9.0  1.02995e-07
8  9.5  6.49734e-08
8  8.5  1.71671e-07
8  10.5  2.74224e-08
8  10.0  4.18197e-08
8  11.0  1.85422e-08
8  11.5  1.28445e-08
8  12.0  9.02229e-09
