# diffractive D0 cross section, Pb target, LHAPDF fragmentation, An0n channel
# generated      : 2026-08-20 11:04:20 EEST
# calls          : 1e5 (VEGAS calls per point, see CALLS_EXCL/CALLS_EXCL_FACTORIZED/CALLS_DIFF)
# dipole samples : data/Pb/bk_posterior/member_0064/glauber_mve_<b>
# pD0 sweep      : 0.2 0.3 0.4 0.5 0.6 0.7 0.8 0.9 1.0 1.1 1.2 1.3 1.4 1.5 1.6 1.7 1.8 1.9 2.0 2.5 3.0 3.5 4.0 4.5 5.0 5.5 6.0 6.5 7.0 7.5 8.0 8.5 9.0 9.5 10.0 10.5 11.0 11.5 12.0
# fixed rapidity y : -1.0
# ============================================================
# b  pD0  dsigma_dyd2pD0
0  0.4  1.0571
0  0.2  0.548804
0  0.5  1.1811
0  0.3  0.850855
0  0.6  1.19136
0  0.7  1.12999
0  0.8  1.0084
0  0.9  0.886996
0  1.2  0.529508
0  1.0  0.758437
0  1.1  0.637065
0  1.3  0.44145
0  1.4  0.357888
0  1.5  0.29542
0  1.6  0.242961
0  1.7  0.201331
0  1.8  0.16397
0  2.0  0.115284
0  2.5  0.0487826
0  1.9  0.138032
0  3.0  0.0226746
0  3.5  0.0111507
0  4.0  0.00613022
0  4.5  0.00344391
0  5.0  0.00203364
0  5.5  0.00127888
0  6.0  0.000824404
0  6.5  0.00054604
0  7.5  0.0002598
0  8.5  0.000130325
0  7.0  0.000368683
0  8.0  0.000180892
0  10.5  3.9796e-05
0  9.0  9.40118e-05
0  9.5  7.00509e-05
0  10.0  5.10749e-05
10  0.2  0.581383
10  0.3  0.836916
10  0.4  1.04828
10  0.5  1.16266
0  12.0  1.80164e-05
10  0.6  1.16393
10  0.7  1.0907
10  0.8  0.978876
10  0.9  0.862128
10  1.0  0.72984
0  11.5  2.31542e-05
10  1.1  0.612299
10  1.3  0.41584
10  1.2  0.509133
10  1.4  0.344846
10  1.6  0.232236
10  1.5  0.283708
10  1.7  0.191282
10  1.9  0.130856
10  1.8  0.15834
0  11.0  2.97404e-05
10  2.0  0.109177
10  2.5  0.0459042
10  3.0  0.0216422
10  3.5  0.0107084
10  4.0  0.00583055
10  5.5  0.00122053
10  4.5  0.00327691
10  5.0  0.00195086
10  6.5  0.00051841
10  6.0  0.000802309
10  8.5  0.000123783
10  7.0  0.000349714
10  7.5  0.000243348
10  8.0  0.000173831
10  9.0  8.98721e-05
10  9.5  6.76252e-05
10  10.5  3.76729e-05
10  10.0  5.10055e-05
12  0.2  0.57619
12  0.3  0.836888
10  12.0  1.733e-05
12  0.4  1.03145
12  0.5  1.15389
12  0.6  1.14638
12  0.7  1.07938
12  0.8  0.978032
12  0.9  0.840814
12  1.0  0.716499
10  11.0  2.86061e-05
12  1.1  0.599749
12  1.2  0.495737
12  1.3  0.411271
12  1.4  0.335862
12  1.5  0.277561
12  1.6  0.228034
12  1.7  0.186324
12  1.8  0.153544
12  2.0  0.106278
12  1.9  0.129011
12  2.5  0.0451571
12  3.0  0.0208643
10  11.5  2.19928e-05
12  3.5  0.0104953
12  4.0  0.00559002
12  5.5  0.00119509
12  4.5  0.00320903
12  5.0  0.00191196
12  6.5  0.00050734
12  6.0  0.000765422
12  7.0  0.000348393
12  7.5  0.000239023
12  9.0  8.75161e-05
12  8.0  0.000169909
12  8.5  0.000122453
12  10.0  4.91487e-05
12  9.5  6.4989e-05
12  10.5  3.71629e-05
14  0.2  0.565031
12  12.0  1.66929e-05
14  0.3  0.830478
14  0.4  1.03545
14  0.5  1.13766
14  0.6  1.14236
14  0.7  1.06641
14  0.8  0.957444
14  0.9  0.829423
14  1.0  0.700326
12  11.0  2.81264e-05
14  1.1  0.59053
14  1.2  0.488129
14  1.4  0.327108
14  1.3  0.401704
14  1.5  0.268389
14  1.6  0.222548
14  1.7  0.183475
14  1.8  0.15231
14  1.9  0.125836
14  2.0  0.104347
12  11.5  2.15782e-05
14  2.5  0.0441696
14  3.0  0.0201176
14  3.5  0.0102975
14  5.5  0.00116206
14  4.0  0.00538353
14  4.5  0.00310368
14  5.0  0.00185175
14  6.0  0.000744869
14  6.5  0.000491236
14  7.0  0.000333111
14  9.0  8.45765e-05
14  7.5  0.000232948
14  8.0  0.000163132
14  8.5  0.000116591
14  9.5  6.33735e-05
14  10.0  4.70801e-05
14  11.0  2.71119e-05
16  0.2  0.565387
16  0.3  0.812509
14  12.0  1.64629e-05
16  0.4  1.01965
16  0.5  1.10894
14  10.5  3.51851e-05
16  0.6  1.11074
16  0.7  1.03723
14  11.5  2.07275e-05
16  0.8  0.930783
16  1.0  0.679823
16  0.9  0.798464
16  1.1  0.571659
16  1.2  0.471342
16  1.3  0.391319
16  1.4  0.314323
16  1.5  0.260497
16  1.6  0.216303
16  1.9  0.121083
16  1.8  0.146833
16  1.7  0.178251
16  2.0  0.1008
16  3.0  0.0196895
16  2.5  0.0421436
16  3.5  0.00979668
16  5.0  0.00178171
16  5.5  0.00111534
16  4.0  0.00536926
16  4.5  0.00304695
16  7.0  0.000321514
16  6.5  0.0004735
16  7.5  0.000226461
16  6.0  0.000730564
16  8.0  0.000160204
16  9.0  8.34305e-05
16  8.5  0.000111964
16  9.5  6.14323e-05
16  10.0  4.54245e-05
16  10.5  3.45499e-05
18  0.2  0.55978
16  11.5  2.00052e-05
18  0.3  0.800768
18  0.4  0.997843
16  11.0  2.65751e-05
16  12.0  1.57827e-05
18  0.5  1.08447
18  0.6  1.08341
18  0.7  0.989602
18  0.8  0.906337
18  0.9  0.782371
18  1.0  0.662888
18  1.1  0.551447
18  1.2  0.450035
18  1.3  0.370646
18  1.4  0.3061
18  1.5  0.251528
18  1.6  0.207146
18  1.7  0.170334
18  1.8  0.140537
18  1.9  0.116564
18  2.0  0.0969759
18  2.5  0.0406498
18  3.5  0.00934989
18  3.0  0.0188998
18  4.0  0.00502963
18  4.5  0.00286289
18  5.0  0.00171608
18  5.5  0.00106113
18  7.0  0.000306687
18  6.5  0.000452943
18  6.0  0.000671762
18  8.0  0.000149763
18  7.5  0.000213186
18  9.0  8.00827e-05
18  8.5  0.00010781
18  11.0  2.49172e-05
18  9.5  5.69175e-05
18  10.5  3.32535e-05
18  10.0  4.33742e-05
2  0.2  0.591394
2  0.3  0.852423
2  0.4  1.05501
2  0.5  1.17583
2  0.6  1.18698
2  0.7  1.13058
2  0.8  1.00971
2  0.9  0.88287
2  1.0  0.749439
2  1.1  0.632584
2  1.2  0.525099
2  1.3  0.436517
2  1.4  0.357455
2  1.5  0.294282
2  1.6  0.243544
2  1.7  0.20091
2  1.8  0.166152
2  1.9  0.136332
2  2.0  0.112312
2  3.0  0.0223656
2  2.5  0.0482702
18  11.5  1.92857e-05
2  3.5  0.0112024
18  12.0  1.50997e-05
2  4.0  0.00608393
2  4.5  0.00340919
2  5.0  0.00205538
2  5.5  0.00129779
2  6.5  0.000544291
2  6.0  0.000820239
2  7.5  0.000261121
2  8.5  0.000128359
2  7.0  0.000370067
2  8.0  0.000183825
2  9.0  9.45396e-05
2  9.5  7.07811e-05
2  10.5  3.93711e-05
2  11.5  2.34507e-05
20  0.2  0.549095
2  10.0  5.20545e-05
20  0.3  0.790283
20  0.4  0.983807
20  0.5  1.0635
20  0.6  1.05237
20  0.7  0.984937
20  0.8  0.865577
20  0.9  0.7519
20  1.0  0.6342
20  1.1  0.527344
20  1.2  0.437099
20  1.3  0.358517
2  12.0  1.79382e-05
20  1.4  0.293808
20  1.5  0.237058
20  1.6  0.197225
20  1.7  0.161067
20  1.9  0.110998
20  1.8  0.133125
2  11.0  3.00421e-05
20  2.0  0.0922643
20  2.5  0.0384331
20  3.0  0.0178699
20  3.5  0.0088664
20  4.0  0.00481261
20  4.5  0.00267798
20  5.0  0.00164199
20  5.5  0.00100566
20  7.0  0.00028898
20  7.5  0.000200982
20  6.0  0.00064668
20  6.5  0.000428046
20  8.0  0.000141214
20  9.5  5.40598e-05
20  8.5  0.000101574
20  9.0  7.41771e-05
20  10.0  4.13911e-05
20  11.5  1.83639e-05
22  0.2  0.523414
22  0.3  0.776985
20  10.5  3.12329e-05
22  0.4  0.955358
22  0.5  1.02468
22  0.6  1.01431
22  0.7  0.941541
22  0.8  0.818337
20  11.0  2.35413e-05
22  0.9  0.714702
22  1.0  0.600929
22  1.1  0.497892
22  1.3  0.335208
22  1.2  0.407491
22  1.4  0.272685
22  1.5  0.22431
22  1.6  0.182623
22  1.8  0.124404
22  1.7  0.151663
22  1.9  0.104365
22  2.5  0.035688
22  2.0  0.0858262
22  3.5  0.00825954
22  3.0  0.0163998
20  12.0  1.4295e-05
22  4.0  0.00440825
22  4.5  0.00251644
22  5.0  0.00150743
22  6.0  0.00060017
22  5.5  0.000932237
22  7.0  0.000269918
22  7.5  0.000190134
22  6.5  0.000396924
22  8.0  0.000130396
22  8.5  9.61165e-05
22  9.0  6.86663e-05
22  10.0  3.78355e-05
22  9.5  5.1466e-05
24  0.2  0.523052
22  11.0  2.21152e-05
24  0.3  0.758935
24  0.4  0.911234
22  10.5  2.92659e-05
24  0.5  0.992095
24  0.6  0.97051
24  0.7  0.884
24  0.9  0.663343
24  0.8  0.779958
24  1.0  0.554858
24  1.1  0.457681
24  1.2  0.374627
24  1.3  0.309097
24  1.4  0.25251
24  1.5  0.206111
24  1.6  0.168974
24  1.7  0.136275
24  1.8  0.112831
22  12.0  1.33114e-05
24  1.9  0.0920175
24  2.5  0.0327346
24  2.0  0.0785638
24  3.5  0.00758193
24  3.0  0.0148606
22  11.5  1.69704e-05
24  4.0  0.00403324
24  4.5  0.00229239
24  5.0  0.00135621
24  6.0  0.000554344
24  5.5  0.000858172
24  6.5  0.000360794
24  7.0  0.00024806
24  8.5  8.57611e-05
24  7.5  0.000168825
24  8.0  0.000120742
24  9.0  6.24004e-05
24  9.5  4.59172e-05
24  10.0  3.46361e-05
24  10.5  2.60363e-05
26  0.2  0.503842
24  11.0  2.01908e-05
26  0.3  0.719736
24  12.0  1.18459e-05
26  0.4  0.872572
26  0.5  0.923856
26  0.6  0.895763
26  0.7  0.812422
26  0.8  0.708338
24  11.5  1.51815e-05
26  0.9  0.603775
26  1.1  0.40805
26  1.0  0.501708
26  1.2  0.338147
26  1.3  0.276178
26  1.4  0.220153
26  1.5  0.180828
26  1.6  0.149907
26  1.7  0.121641
26  1.8  0.101214
26  1.9  0.083512
26  2.5  0.0286434
26  2.0  0.0695983
26  3.0  0.0133105
26  3.5  0.00668169
26  4.0  0.00354607
26  4.5  0.00200989
26  5.0  0.00121766
26  5.5  0.000757255
26  6.5  0.000317794
26  6.0  0.000485172
26  8.0  0.00010517
26  7.0  0.000220689
26  7.5  0.000150012
26  10.0  3.02456e-05
26  8.5  7.54484e-05
26  9.0  5.48354e-05
26  9.5  4.1137e-05
26  10.5  2.29275e-05
28  0.2  0.474089
26  11.5  1.35683e-05
28  0.3  0.682948
26  12.0  1.0584e-05
26  11.0  1.73859e-05
28  0.4  0.808359
28  0.5  0.849518
28  0.6  0.800931
28  0.7  0.719786
28  0.8  0.621311
28  0.9  0.526407
28  1.0  0.437554
28  1.1  0.353407
28  1.3  0.239062
28  1.2  0.290399
28  1.4  0.192819
28  1.5  0.156695
28  1.6  0.12742
28  1.7  0.105484
28  1.8  0.0838741
28  1.9  0.0706044
28  2.0  0.0583205
28  2.5  0.0245372
28  3.0  0.0112774
28  3.5  0.00563982
28  5.5  0.000640238
28  4.5  0.00169428
28  5.0  0.00101073
28  4.0  0.00302568
28  6.0  0.000402845
28  7.0  0.00018003
28  7.5  0.000124243
28  6.5  0.000270752
28  8.5  6.3886e-05
28  9.0  4.65555e-05
28  9.5  3.17444e-05
28  8.0  8.79558e-05
28  10.0  2.59272e-05
28  10.5  1.94276e-05
28  11.5  1.12141e-05
30  0.2  0.442995
28  12.0  8.65261e-06
30  0.3  0.624521
30  0.4  0.715581
30  0.5  0.73106
30  0.6  0.680512
28  11.0  1.46233e-05
30  0.7  0.601693
30  0.8  0.509605
30  0.9  0.428811
30  1.0  0.352424
30  1.1  0.285961
30  1.2  0.23227
30  1.4  0.153538
30  1.3  0.188669
30  1.5  0.123433
30  1.6  0.101552
30  1.7  0.0829849
30  1.8  0.0672811
30  1.9  0.0560369
30  2.5  0.019136
30  2.0  0.0461817
30  3.0  0.0086927
30  3.5  0.0043154
30  4.0  0.00238869
30  4.5  0.00136113
30  5.0  0.000790688
30  5.5  0.000500438
30  6.0  0.00031064
30  6.5  0.000211493
30  7.0  0.000141939
30  7.5  0.000100062
30  8.5  4.92486e-05
30  8.0  7.03771e-05
30  9.0  3.60103e-05
30  9.5  2.64633e-05
30  10.0  1.98069e-05
30  10.5  1.51488e-05
32  0.2  0.396169
30  11.5  8.77271e-06
32  0.3  0.537691
32  0.4  0.596175
32  0.5  0.586056
32  0.6  0.53291
30  11.0  1.14363e-05
32  0.7  0.458471
32  0.8  0.384821
32  0.9  0.318211
32  1.1  0.20998
32  1.0  0.261191
32  1.2  0.169828
32  1.3  0.138026
32  1.4  0.111053
30  12.0  6.93414e-06
32  1.5  0.0888897
32  1.6  0.0723978
32  1.7  0.058692
32  1.8  0.0482937
32  1.9  0.0400504
32  2.0  0.0334858
32  3.0  0.00633443
32  2.5  0.0136153
32  3.5  0.00318335
32  4.5  0.000967281
32  4.0  0.00171072
32  5.0  0.000567211
32  5.5  0.000358694
32  6.0  0.000225741
32  6.5  0.000148646
32  7.0  9.94151e-05
32  8.5  3.51766e-05
32  7.5  6.90146e-05
32  8.0  4.96087e-05
32  9.0  2.58031e-05
32  10.5  1.06715e-05
32  9.5  1.93684e-05
34  0.2  0.325695
32  10.0  1.41103e-05
34  0.3  0.423934
34  0.4  0.447406
34  0.5  0.418501
34  0.6  0.372158
34  0.7  0.313379
34  0.8  0.261699
34  0.9  0.212867
34  1.0  0.175837
34  1.1  0.138114
34  1.2  0.110481
32  11.5  6.26572e-06
34  1.3  0.0890571
34  1.4  0.0727998
34  1.5  0.0598687
32  11.0  8.10162e-06
34  1.6  0.0477324
34  1.7  0.039165
34  1.9  0.0261697
34  1.8  0.0313209
34  2.0  0.0214508
34  2.5  0.00871514
34  3.0  0.00398664
34  3.5  0.00197412
32  12.0  4.90136e-06
34  4.0  0.00108692
34  4.5  0.000616868
34  5.0  0.000360394
34  6.0  0.000144305
34  6.5  9.44432e-05
34  5.5  0.00023021
34  7.5  4.45779e-05
34  7.0  6.49682e-05
34  9.0  1.64353e-05
34  8.0  3.15307e-05
34  9.5  1.21474e-05
34  8.5  2.25358e-05
34  10.0  9.29728e-06
34  11.5  4.02467e-06
4  0.2  0.591539
34  10.5  6.83549e-06
4  0.3  0.851022
4  0.4  1.06096
4  0.5  1.17407
4  0.6  1.16749
4  0.7  1.12682
4  0.8  1.0134
4  0.9  0.881109
4  1.0  0.751412
4  1.1  0.628032
4  1.2  0.518618
34  11.0  5.32077e-06
4  1.3  0.432205
4  1.4  0.355522
4  1.5  0.294968
4  1.6  0.241236
4  1.7  0.20025
4  1.8  0.164559
4  1.9  0.137285
4  2.0  0.114034
4  2.5  0.0484859
4  3.0  0.0221693
4  3.5  0.0110852
34  12.0  3.1333e-06
4  4.0  0.00601572
4  5.5  0.00127054
4  4.5  0.00342452
4  5.0  0.00207131
4  6.5  0.000550336
4  7.5  0.000257445
4  6.0  0.000819461
4  7.0  0.000365793
4  8.5  0.000128725
4  9.0  9.44552e-05
4  8.0  0.000180767
4  9.5  6.93256e-05
4  11.0  2.92146e-05
4  10.0  5.2478e-05
6  0.2  0.582224
4  10.5  3.90617e-05
6  0.3  0.849824
6  0.4  1.03981
6  0.5  1.17821
6  0.6  1.17893
6  0.7  1.11098
6  0.8  0.996414
6  0.9  0.869625
6  1.0  0.75
6  1.2  0.515774
6  1.1  0.62779
4  12.0  1.77883e-05
6  1.3  0.427354
6  1.4  0.350591
6  1.5  0.290524
6  1.6  0.240165
6  1.7  0.197798
6  1.8  0.164789
6  1.9  0.135602
6  2.0  0.113193
6  3.0  0.0224872
6  2.5  0.0475797
6  3.5  0.0110293
4  11.5  2.33352e-05
6  5.5  0.0012772
6  4.0  0.00604942
6  4.5  0.00338912
6  5.0  0.00204933
6  6.0  0.000812524
6  6.5  0.000543227
6  7.5  0.00025256
6  8.5  0.000127822
6  7.0  0.000367075
6  9.0  9.27536e-05
6  8.0  0.00017913
6  10.0  5.20822e-05
6  9.5  6.89765e-05
6  11.0  2.96575e-05
6  11.5  2.30913e-05
8  0.2  0.581561
6  10.5  3.91564e-05
8  0.3  0.846533
8  0.4  1.05409
8  0.5  1.15513
8  0.6  1.18395
8  0.7  1.10172
8  0.8  0.998537
8  0.9  0.866146
8  1.0  0.736103
8  1.1  0.618763
8  1.3  0.423013
8  1.2  0.514391
8  1.4  0.349739
8  1.5  0.285599
8  1.6  0.236963
8  1.7  0.195444
8  1.9  0.132028
8  1.8  0.161782
8  2.0  0.11151
8  2.5  0.0471467
8  3.0  0.0217083
8  3.5  0.0108921
6  12.0  1.76575e-05
8  4.0  0.00583071
8  4.5  0.00346185
8  5.0  0.00198865
8  5.5  0.00126503
8  6.5  0.000535056
8  6.0  0.000811232
8  7.5  0.000247928
8  7.0  0.000354918
8  8.5  0.000127618
8  8.0  0.000175268
8  9.0  9.12138e-05
8  10.0  5.03327e-05
8  9.5  6.75141e-05
8  10.5  3.92152e-05
8  12.0  1.72939e-05
8  11.0  2.91457e-05
8  11.5  2.24488e-05
