# diffractive D0 cross section, Pb target, LHAPDF fragmentation, An0n channel
# generated      : 2026-08-20 11:04:20 EEST
# calls          : 1e5 (VEGAS calls per point, see CALLS_EXCL/CALLS_EXCL_FACTORIZED/CALLS_DIFF)
# dipole samples : data/Pb/bk_posterior/member_0064/glauber_mve_<b>
# pD0 sweep      : 0.2 0.3 0.4 0.5 0.6 0.7 0.8 0.9 1.0 1.1 1.2 1.3 1.4 1.5 1.6 1.7 1.8 1.9 2.0 2.5 3.0 3.5 4.0 4.5 5.0 5.5 6.0 6.5 7.0 7.5 8.0 8.5 9.0 9.5 10.0 10.5 11.0 11.5 12.0
# fixed rapidity y : 3.0
# ============================================================
# b  pD0  dsigma_dyd2pD0
0  0.4  0.106023
0  0.2  0.0604897
0  0.5  0.111798
0  0.3  0.0885452
0  0.6  0.104683
0  0.7  0.0930302
0  0.8  0.0773194
0  0.9  0.0615153
0  1.0  0.0486252
0  1.3  0.0214773
0  1.1  0.0372114
0  1.2  0.0287273
0  1.4  0.016545
0  1.5  0.0125158
0  1.7  0.00709963
0  1.6  0.00942434
0  1.8  0.00541766
0  2.5  0.000856354
0  1.9  0.00413234
0  2.0  0.00318846
0  3.0  0.00026398
0  3.5  8.9609e-05
0  4.0  3.34212e-05
0  4.5  1.32104e-05
0  5.0  5.26236e-06
0  5.5  2.22286e-06
0  6.0  9.88903e-07
0  6.5  4.72235e-07
0  7.0  2.24637e-07
0  7.5  1.0806e-07
0  8.0  5.44951e-08
0  10.0  4.3837e-09
0  8.5  2.85289e-08
0  9.0  1.49512e-08
0  9.5  7.98428e-09
0  10.5  2.37392e-09
10  0.2  0.0594783
10  0.3  0.0875932
10  0.4  0.105275
0  11.5  7.57744e-10
10  0.5  0.109775
10  0.6  0.102886
10  0.7  0.0894576
10  0.8  0.0753432
10  0.9  0.0597757
10  1.0  0.046828
10  1.1  0.0361939
10  1.2  0.0277677
10  1.3  0.0209497
10  1.4  0.0157918
10  1.5  0.0118759
10  1.7  0.00685798
10  1.6  0.00898923
10  1.8  0.00516506
10  1.9  0.00392697
10  2.0  0.00308756
10  2.5  0.000808916
10  3.0  0.000263626
10  3.5  8.64451e-05
0  11.0  1.36068e-09
10  5.0  5.17651e-06
0  12.0  4.36203e-10
10  4.0  3.12949e-05
10  4.5  1.1997e-05
10  5.5  2.16967e-06
10  7.0  2.19762e-07
10  6.0  9.68013e-07
10  6.5  4.52782e-07
10  7.5  1.06409e-07
10  8.0  5.42471e-08
10  10.0  4.19218e-09
10  8.5  2.80003e-08
10  9.0  1.49712e-08
10  9.5  7.74709e-09
12  0.2  0.059231
12  0.3  0.0868498
12  0.4  0.104769
12  0.5  0.109021
12  0.6  0.102963
12  0.8  0.0737094
12  0.7  0.089711
12  0.9  0.0589898
12  1.0  0.0459481
10  10.5  2.31042e-09
12  1.1  0.0352619
12  1.2  0.0269122
12  1.3  0.0203817
12  1.5  0.0115202
12  1.4  0.0153764
12  1.6  0.0087866
12  1.7  0.00667649
12  1.8  0.00508053
10  11.0  1.27778e-09
12  2.0  0.00294505
12  1.9  0.00385534
12  2.5  0.000826074
12  3.0  0.000243649
12  3.5  8.328e-05
10  11.5  7.32467e-10
10  12.0  4.04709e-10
12  5.0  4.87192e-06
12  4.0  2.99174e-05
12  4.5  1.18133e-05
12  5.5  2.13064e-06
12  7.0  2.02542e-07
12  6.0  9.24781e-07
12  6.5  4.23387e-07
12  7.5  1.01439e-07
12  8.0  5.29929e-08
12  8.5  2.71705e-08
12  10.0  4.15046e-09
12  9.0  1.38432e-08
12  9.5  7.55261e-09
14  0.2  0.0587228
14  0.3  0.0860719
14  0.4  0.10344
14  0.5  0.107645
14  0.6  0.100167
12  10.5  2.25975e-09
14  0.7  0.0876828
14  0.8  0.0718316
14  1.0  0.0452216
14  0.9  0.0578097
14  1.1  0.0345243
14  1.2  0.0262443
14  1.3  0.0198556
14  1.4  0.0153213
14  1.6  0.00879129
14  1.5  0.0115437
14  1.7  0.00653619
12  11.0  1.26186e-09
14  1.8  0.00500468
14  1.9  0.00377459
14  2.0  0.00288533
14  3.0  0.000237409
14  2.5  0.000782111
12  11.5  6.9982e-10
14  3.5  8.30438e-05
14  4.0  3.03224e-05
12  12.0  4.04765e-10
14  4.5  1.16988e-05
14  5.0  4.62787e-06
14  5.5  1.98816e-06
14  6.0  9.22491e-07
14  7.5  9.74639e-08
14  6.5  4.32536e-07
14  7.0  2.05791e-07
14  8.0  5.14857e-08
14  8.5  2.52427e-08
14  10.0  3.97782e-09
14  9.0  1.38267e-08
14  9.5  7.31249e-09
16  0.2  0.0583258
14  11.5  7.04675e-10
16  0.3  0.0851642
16  0.4  0.101759
16  0.5  0.106293
14  10.5  2.16174e-09
16  0.6  0.0989263
16  0.7  0.0860024
16  0.8  0.0710983
16  0.9  0.056332
16  1.0  0.0437148
16  1.2  0.0256381
16  1.1  0.0335795
16  1.4  0.014725
16  1.3  0.0193835
16  1.5  0.011059
16  1.8  0.00484698
16  1.6  0.00831692
16  1.7  0.00634973
16  1.9  0.00363079
16  2.0  0.00282035
16  2.5  0.000771953
16  3.0  0.000231499
14  11.0  1.21152e-09
16  3.5  7.69858e-05
14  12.0  3.93993e-10
16  4.0  2.83984e-05
16  5.0  4.45532e-06
16  4.5  1.08719e-05
16  5.5  1.91247e-06
16  7.0  1.9542e-07
16  6.0  8.92649e-07
16  6.5  4.15806e-07
16  9.0  1.32405e-08
16  7.5  9.88739e-08
16  8.0  5.00131e-08
16  8.5  2.47288e-08
16  10.0  3.77375e-09
16  9.5  7.25659e-09
18  0.2  0.058064
18  0.3  0.0844852
16  10.5  2.11601e-09
18  0.4  0.100338
18  0.5  0.104651
18  0.6  0.0970885
18  0.7  0.0841658
18  0.8  0.0692316
18  0.9  0.0549835
18  1.0  0.0425474
18  1.1  0.032135
18  1.2  0.0248845
16  11.0  1.16524e-09
18  1.3  0.0184958
18  1.4  0.0142098
18  1.5  0.0105583
18  1.6  0.00816633
18  1.7  0.00617378
18  1.8  0.00459458
18  1.9  0.00348616
18  2.0  0.00270222
16  11.5  6.68162e-10
18  3.5  7.44893e-05
18  2.5  0.000736623
18  3.0  0.00022506
18  4.5  1.08993e-05
18  5.0  4.44815e-06
16  12.0  3.78934e-10
18  4.0  2.77649e-05
18  5.5  1.85058e-06
18  6.0  8.6827e-07
18  7.0  1.92102e-07
18  6.5  3.98747e-07
18  8.0  4.7566e-08
18  7.5  9.41032e-08
18  9.0  1.27465e-08
18  8.5  2.34678e-08
18  10.0  3.68494e-09
18  10.5  2.04745e-09
18  9.5  6.5881e-09
2  0.2  0.0600334
2  0.3  0.0876872
2  0.4  0.105717
2  0.5  0.112413
2  0.6  0.103898
2  0.7  0.0932615
2  0.8  0.077119
2  0.9  0.062007
2  1.0  0.0480491
2  1.1  0.0374296
2  1.3  0.0217861
2  1.2  0.0286476
2  1.4  0.0163505
2  1.5  0.0123317
2  1.6  0.00944812
2  1.7  0.00710832
2  1.8  0.00538996
2  1.9  0.0041285
2  2.0  0.00319717
2  2.5  0.000860445
18  11.0  1.13597e-09
2  3.0  0.000267221
2  3.5  8.99982e-05
18  11.5  6.43205e-10
18  12.0  3.63619e-10
2  4.0  3.35066e-05
2  4.5  1.30374e-05
2  5.0  5.38557e-06
2  5.5  2.19183e-06
2  6.0  1.01471e-06
2  6.5  4.64267e-07
2  7.0  2.26111e-07
2  9.0  1.50575e-08
2  7.5  1.13022e-07
2  8.0  5.73986e-08
2  9.5  8.0458e-09
2  10.0  4.43951e-09
2  8.5  2.9184e-08
2  10.5  2.43521e-09
2  11.5  7.70698e-10
20  0.2  0.0578753
20  0.3  0.0832515
20  0.4  0.0989929
20  0.5  0.102469
20  0.7  0.0810175
20  0.6  0.0949951
20  0.8  0.0660484
20  0.9  0.0525153
20  1.0  0.0409103
20  1.1  0.031213
20  1.2  0.023463
20  1.3  0.0177732
20  1.4  0.0137576
20  1.6  0.00765325
20  1.5  0.0100215
20  1.7  0.00575084
20  1.9  0.00331696
20  1.8  0.00437283
20  2.0  0.00251633
20  2.5  0.000691096
20  3.0  0.000210965
20  3.5  7.18232e-05
2  11.0  1.36867e-09
2  12.0  4.33064e-10
20  4.0  2.57854e-05
20  4.5  1.00847e-05
20  5.0  4.01915e-06
20  6.0  8.2255e-07
20  5.5  1.79236e-06
20  7.0  1.78232e-07
20  7.5  8.91439e-08
20  6.5  3.76781e-07
20  8.5  2.27051e-08
20  9.0  1.20478e-08
20  8.0  4.43596e-08
20  10.0  3.52881e-09
20  9.5  6.34338e-09
22  0.2  0.0563297
22  0.3  0.0812628
22  0.4  0.0957469
20  10.5  1.90639e-09
22  0.5  0.0983861
22  0.6  0.0910143
22  0.7  0.0777197
22  0.8  0.0632234
22  1.0  0.0387332
22  0.9  0.0503125
22  1.1  0.0292043
22  1.2  0.0221529
22  1.4  0.0126257
22  1.3  0.0168458
20  11.0  1.07843e-09
22  1.5  0.00942098
22  1.6  0.00711686
22  1.7  0.0053717
22  1.8  0.00407669
22  1.9  0.00306902
22  2.0  0.00232919
22  2.5  0.000636003
22  3.0  0.000200887
22  3.5  6.60752e-05
20  11.5  6.10072e-10
20  12.0  3.37185e-10
22  4.0  2.36197e-05
22  4.5  9.46236e-06
22  5.0  3.6749e-06
22  5.5  1.67549e-06
22  6.0  7.57601e-07
22  6.5  3.5314e-07
22  7.0  1.62983e-07
22  7.5  8.24518e-08
22  8.0  4.03593e-08
22  8.5  2.17091e-08
22  9.0  1.09566e-08
22  9.5  6.0262e-09
22  10.5  1.75018e-09
22  10.0  3.1848e-09
24  0.2  0.0559552
24  0.3  0.0809583
24  0.4  0.093257
24  0.5  0.0945731
24  0.6  0.0862173
24  0.7  0.0732348
24  0.8  0.0594934
24  0.9  0.0469286
24  1.0  0.0357768
24  1.1  0.0271517
24  1.2  0.0204694
24  1.3  0.0157585
24  1.4  0.0115891
24  1.5  0.00862761
22  11.0  9.83251e-10
24  1.6  0.00658098
24  1.8  0.00377564
24  1.7  0.00487426
24  2.0  0.00209664
24  1.9  0.00282826
24  2.5  0.000591438
24  3.0  0.000176756
24  3.5  6.10794e-05
22  12.0  3.24573e-10
22  11.5  5.47107e-10
24  4.0  2.15919e-05
24  4.5  8.22718e-06
24  5.0  3.59249e-06
24  6.0  6.80388e-07
24  5.5  1.55043e-06
24  7.0  1.48642e-07
24  6.5  3.2031e-07
24  7.5  7.59719e-08
24  8.0  3.79278e-08
24  8.5  1.90107e-08
24  9.0  1.01467e-08
24  9.5  5.39059e-09
24  10.0  2.94066e-09
26  0.2  0.0538908
26  0.3  0.0766845
26  0.4  0.0888982
26  0.5  0.0886625
26  0.6  0.0804154
26  0.7  0.0676477
24  10.5  1.59951e-09
26  0.8  0.0543715
26  0.9  0.0426214
26  1.0  0.0321748
26  1.1  0.0244768
26  1.2  0.0184652
26  1.3  0.0139413
26  1.4  0.0102618
26  1.5  0.00774372
26  1.6  0.00583511
24  11.0  8.86492e-10
26  1.7  0.00441553
26  1.8  0.0033093
26  1.9  0.00245459
26  2.5  0.00050511
26  2.0  0.00193298
26  3.0  0.000157046
26  3.5  5.35094e-05
24  11.5  5.10211e-10
24  12.0  2.95115e-10
26  4.0  1.92127e-05
26  4.5  7.49996e-06
26  5.0  3.1284e-06
26  5.5  1.36047e-06
26  6.0  5.65663e-07
26  6.5  2.73057e-07
26  8.0  3.33878e-08
26  7.0  1.3492e-07
26  7.5  6.47555e-08
26  9.0  8.65062e-09
26  10.0  2.52143e-09
26  8.5  1.7015e-08
26  9.5  4.81875e-09
28  0.2  0.0517826
28  0.3  0.0727432
28  0.4  0.0825481
28  0.5  0.0800412
28  0.6  0.071896
28  0.7  0.0599539
28  0.8  0.0475885
28  0.9  0.0371322
28  1.0  0.0279904
28  1.1  0.0213455
26  10.5  1.43402e-09
28  1.2  0.0158103
28  1.3  0.0117287
28  1.4  0.00881657
28  1.5  0.0065788
28  1.6  0.00498006
28  1.7  0.00366282
28  1.8  0.00283616
28  2.0  0.00159655
28  1.9  0.00209228
26  11.0  8.08995e-10
28  2.5  0.000445071
28  3.0  0.000132981
28  3.5  4.45421e-05
26  12.0  2.58715e-10
26  11.5  4.45499e-10
28  4.0  1.66216e-05
28  4.5  6.2917e-06
28  5.0  2.52395e-06
28  5.5  1.12951e-06
28  7.5  5.51638e-08
28  6.0  5.01058e-07
28  6.5  2.32548e-07
28  7.0  1.17207e-07
28  8.5  1.45531e-08
28  9.0  7.44532e-09
28  9.5  4.05899e-09
28  8.0  2.7056e-08
28  10.0  2.12733e-09
30  0.2  0.0484735
30  0.3  0.0672305
30  0.4  0.0735607
28  10.5  1.19883e-09
30  0.5  0.0711497
30  0.6  0.0608967
30  0.8  0.039116
30  0.7  0.049205
30  0.9  0.0303107
30  1.0  0.0230108
30  1.1  0.0173283
28  11.0  6.66896e-10
30  1.3  0.00951008
30  1.2  0.0127525
30  1.5  0.00514845
30  1.4  0.00705105
30  1.6  0.00389193
30  1.7  0.00296044
30  1.8  0.00221321
30  1.9  0.00169006
30  2.0  0.00129793
30  2.5  0.000345317
30  3.0  0.000102432
30  3.5  3.56717e-05
28  11.5  3.78912e-10
28  12.0  2.14089e-10
30  4.0  1.31211e-05
30  4.5  4.90283e-06
30  5.0  1.98245e-06
30  5.5  8.88952e-07
30  6.0  3.9396e-07
30  6.5  1.75776e-07
30  7.0  8.99107e-08
30  7.5  4.32733e-08
30  9.5  3.20504e-09
30  8.0  2.18296e-08
30  10.0  1.70055e-09
30  8.5  1.13945e-08
30  9.0  5.81536e-09
32  0.2  0.0436329
32  0.3  0.0585878
32  0.4  0.0613907
32  0.5  0.0560636
32  0.6  0.0478661
32  0.7  0.0383114
32  0.8  0.0297429
32  0.9  0.022814
32  1.0  0.017107
32  1.1  0.0125965
32  1.2  0.00932565
30  10.5  9.44299e-10
32  1.4  0.00500397
32  1.3  0.00682357
32  1.5  0.00387807
30  11.0  5.31124e-10
32  1.6  0.00289376
32  1.7  0.00217388
32  1.8  0.00159924
32  1.9  0.00117155
30  12.0  1.65117e-10
32  2.0  0.000916623
32  2.5  0.000255253
32  3.0  7.57007e-05
32  3.5  2.48808e-05
30  11.5  3.0046e-10
32  4.0  8.89806e-06
32  4.5  3.48521e-06
32  5.0  1.42544e-06
32  5.5  6.21835e-07
32  6.0  2.72812e-07
32  6.5  1.25881e-07
32  7.0  6.26397e-08
32  7.5  3.09928e-08
32  8.5  8.05091e-09
32  9.0  4.15738e-09
32  8.0  1.52747e-08
32  10.0  1.21242e-09
32  10.5  6.57152e-10
32  9.5  2.24114e-09
32  11.0  3.69045e-10
34  0.2  0.0368434
34  0.3  0.0461754
34  0.4  0.0465426
34  0.5  0.0403493
34  0.6  0.0337883
34  0.7  0.0262342
34  0.8  0.0198334
34  0.9  0.0149734
32  12.0  1.22389e-10
34  1.0  0.0114246
34  1.1  0.00845012
34  1.2  0.00623313
34  1.3  0.00461411
34  1.5  0.00245857
34  1.4  0.0033038
34  1.6  0.00179671
34  1.8  0.00102883
34  1.7  0.00139969
34  1.9  0.00081503
34  2.5  0.000157179
34  2.0  0.000610243
34  3.0  4.87177e-05
34  3.5  1.58293e-05
32  11.5  2.17332e-10
34  4.5  2.20221e-06
34  4.0  5.71714e-06
34  5.0  9.00816e-07
34  5.5  4.01664e-07
34  6.0  1.78039e-07
34  7.0  3.94105e-08
34  6.5  8.242e-08
34  7.5  2.00614e-08
34  8.5  5.10944e-09
34  8.0  9.7885e-09
34  9.5  1.42928e-09
34  9.0  2.76127e-09
34  10.0  7.86345e-10
4  0.2  0.0600699
4  0.3  0.0885047
4  0.4  0.105359
4  0.5  0.111155
4  0.6  0.105528
34  10.5  4.31152e-10
4  0.7  0.0932279
4  0.8  0.0763548
4  0.9  0.0611272
4  1.0  0.0479264
4  1.1  0.0370456
4  1.2  0.0284707
4  1.4  0.0163804
4  1.3  0.0216536
4  1.5  0.0123119
4  1.7  0.00718015
34  11.0  2.4291e-10
4  1.6  0.00930929
4  1.9  0.0041277
4  1.8  0.00539861
4  2.0  0.00312457
4  2.5  0.000851588
4  3.5  9.10371e-05
4  3.0  0.000262661
34  11.5  1.32194e-10
34  12.0  7.82711e-11
4  4.0  3.15597e-05
4  4.5  1.25401e-05
4  5.0  5.2979e-06
4  5.5  2.19484e-06
4  6.0  1.0308e-06
4  6.5  4.60282e-07
4  7.0  2.25806e-07
4  7.5  1.10832e-07
4  9.0  1.49166e-08
4  8.0  5.43131e-08
4  9.5  7.89946e-09
4  10.0  4.38566e-09
4  8.5  2.96693e-08
4  10.5  2.36494e-09
6  0.2  0.0598697
6  0.3  0.0881619
6  0.4  0.106371
6  0.5  0.111393
6  0.6  0.105541
6  0.7  0.0915487
6  0.8  0.0761434
6  0.9  0.0605409
6  1.0  0.0479724
6  1.1  0.0369772
6  1.2  0.0282444
6  1.3  0.0213528
6  1.4  0.0163007
6  1.5  0.0122116
6  1.6  0.00928076
6  1.7  0.00702566
6  1.8  0.00531604
4  11.0  1.32601e-09
6  1.9  0.00407048
6  2.5  0.000839932
6  2.0  0.00314063
6  3.0  0.000266254
6  3.5  8.93898e-05
4  11.5  7.59424e-10
4  12.0  4.36866e-10
6  4.0  3.26628e-05
6  4.5  1.28172e-05
6  5.0  5.2862e-06
6  5.5  2.26451e-06
6  6.0  1.01989e-06
6  6.5  4.63352e-07
6  7.0  2.25849e-07
6  7.5  1.06867e-07
6  9.0  1.51084e-08
6  8.0  5.45256e-08
6  8.5  2.81801e-08
6  9.5  7.92004e-09
6  11.5  7.49076e-10
8  0.2  0.0604011
6  10.0  4.48167e-09
8  0.3  0.0880728
8  0.4  0.104509
8  0.5  0.110726
8  0.6  0.104795
8  0.7  0.0894047
8  0.8  0.0756798
6  10.5  2.34337e-09
8  0.9  0.0601395
8  1.0  0.0471385
8  1.1  0.0366196
8  1.3  0.0208203
8  1.2  0.027762
8  1.4  0.0158989
8  1.5  0.0120955
8  1.6  0.00919753
8  1.7  0.00685003
8  1.8  0.00525344
8  1.9  0.00401525
6  11.0  1.35026e-09
8  2.0  0.00307899
8  2.5  0.000834932
8  3.0  0.000259996
8  3.5  8.78486e-05
6  12.0  4.23121e-10
8  4.0  3.24489e-05
8  4.5  1.26387e-05
8  5.0  5.03714e-06
8  5.5  2.10797e-06
8  6.0  9.76438e-07
8  6.5  4.4938e-07
8  7.0  2.20305e-07
8  7.5  1.09735e-07
8  8.0  5.51107e-08
8  8.5  2.80531e-08
8  9.0  1.50105e-08
8  10.0  4.27541e-09
8  9.5  7.95509e-09
8  11.5  7.43168e-10
8  10.5  2.3611e-09
8  11.0  1.31127e-09
8  12.0  4.26645e-10
