# exclusive D0 cross section, Pb target, HymnD fragmentation, An0n channel
# generated      : 2026-08-20 11:04:20 EEST
# calls          : 1e5 below 4.0 GeV, 2e3 above (see EXCL_PT_THRESHOLD) (VEGAS calls per point, see CALLS_EXCL/CALLS_EXCL_FACTORIZED/CALLS_DIFF)
# dipole samples : data/Pb/bk_posterior/member_0064/glauber_mve_<b>
# pD0 sweep      : 0.2 0.3 0.4 0.5 0.6 0.7 0.8 0.9 1.0 1.1 1.2 1.3 1.4 1.5 1.6 1.7 1.8 1.9 2.0 2.5 3.0 3.5 4.0 4.5 5.0 5.5 6.0 6.5 7.0 7.5 8.0 8.5 9.0 9.5 10.0 10.5 11.0 11.5 12.0
# fixed rapidity y : -1.0
# ============================================================
# b  pD0  dsigma_dyd2pD0
0  0.4  1.92883
0  0.2  3.05944
0  0.5  1.46075
0  0.3  2.47207
0  0.6  1.08212
0  0.7  0.790003
0  0.8  0.57245
0  0.9  0.411261
0  1.2  0.154858
0  1.0  0.297586
0  1.1  0.21318
0  1.3  0.110672
0  1.4  0.0805205
0  1.5  0.0596957
0  1.6  0.0429469
0  1.7  0.0333067
0  1.8  0.0242479
0  2.0  0.0133939
0  2.5  0.00381175
0  1.9  0.0184643
0  3.0  0.00101769
0  3.5  0.000392948
0  4.0  0.000108079
0  4.5  4.12503e-05
0  5.0  1.71856e-05
0  5.5  7.59447e-06
0  6.0  3.59714e-06
0  6.5  1.79228e-06
0  7.5  5.16302e-07
0  8.5  1.71221e-07
0  7.0  9.40997e-07
0  8.0  3.00938e-07
0  10.5  2.7815e-08
0  9.0  1.06602e-07
0  9.5  6.62991e-08
0  10.0  4.29306e-08
10  0.2  2.88636
10  0.3  2.32716
10  0.4  1.81191
10  0.5  1.3699
0  12.0  9.01434e-09
10  0.6  1.01191
10  0.7  0.736881
10  0.8  0.53212
10  0.9  0.382292
10  1.0  0.274579
0  11.5  1.29898e-08
10  1.1  0.196788
10  1.3  0.103773
10  1.2  0.142685
10  1.4  0.0754041
10  1.6  0.0401227
10  1.5  0.0548955
10  1.7  0.0297599
10  1.9  0.0167044
10  1.8  0.0227961
0  11.0  1.90639e-08
10  2.0  0.0120951
10  2.5  0.00304533
10  3.0  0.000712879
10  3.5  0.000315556
10  4.0  9.7759e-05
10  5.5  6.88256e-06
10  4.5  3.73676e-05
10  5.0  1.55907e-05
10  6.5  1.62106e-06
10  6.0  3.27207e-06
10  8.5  1.54767e-07
10  7.0  8.52348e-07
10  7.5  4.70208e-07
10  8.0  2.66797e-07
10  9.0  9.49184e-08
10  9.5  5.94027e-08
10  10.5  2.53318e-08
10  10.0  3.88029e-08
12  0.2  2.80545
12  0.3  2.2621
10  12.0  8.13918e-09
12  0.4  1.75969
12  0.5  1.32852
12  0.6  0.978861
12  0.7  0.711444
12  0.8  0.513801
12  0.9  0.36969
12  1.0  0.26492
10  11.0  1.70736e-08
12  1.1  0.190481
12  1.2  0.136104
12  1.3  0.099222
12  1.4  0.0722276
12  1.5  0.0526254
12  1.6  0.0390877
12  1.7  0.0289093
12  1.8  0.0212646
12  2.0  0.012286
12  1.9  0.0161188
12  2.5  0.00325228
12  3.0  0.000868114
10  11.5  1.18144e-08
12  3.5  0.000211824
12  4.0  9.32811e-05
12  5.5  6.55889e-06
12  4.5  3.56762e-05
12  5.0  1.48634e-05
12  6.5  1.54545e-06
12  6.0  3.13373e-06
12  7.0  8.12871e-07
12  7.5  4.43728e-07
12  9.0  9.03447e-08
12  8.0  2.54082e-07
12  8.5  1.49543e-07
12  10.0  3.65645e-08
12  9.5  5.65443e-08
12  10.5  2.40459e-08
14  0.2  2.70858
12  12.0  7.7886e-09
14  0.3  2.18096
14  0.4  1.69462
14  0.5  1.27503
14  0.6  0.942126
14  0.7  0.682757
14  0.8  0.492488
14  0.9  0.353346
14  1.0  0.25288
12  11.0  1.62759e-08
14  1.1  0.181576
14  1.2  0.131797
14  1.4  0.0687282
14  1.3  0.0944602
14  1.5  0.0500734
14  1.6  0.0360624
14  1.7  0.0271586
14  1.8  0.0196147
14  1.9  0.015273
14  2.0  0.0115221
12  11.5  1.13259e-08
14  2.5  0.00271251
14  3.0  0.000727519
14  3.5  0.00025625
14  5.5  6.17745e-06
14  4.0  8.76222e-05
14  4.5  3.36572e-05
14  5.0  1.39966e-05
14  6.0  2.94039e-06
14  6.5  1.45686e-06
14  7.0  7.65718e-07
14  9.0  8.52944e-08
14  7.5  4.1966e-07
14  8.0  2.39133e-07
14  8.5  1.40924e-07
14  9.5  5.38595e-08
14  10.0  3.50366e-08
14  11.0  1.52716e-08
16  0.2  2.59057
16  0.3  2.08413
14  12.0  7.29072e-09
16  0.4  1.61663
16  0.5  1.21647
14  10.5  2.29026e-08
16  0.6  0.894677
16  0.7  0.64887
14  11.5  1.05584e-08
16  0.8  0.466416
16  1.0  0.239805
16  0.9  0.334313
16  1.1  0.17131
16  1.2  0.122506
16  1.3  0.0879088
16  1.4  0.0646742
16  1.5  0.0472659
16  1.6  0.0343208
16  1.9  0.0138406
16  1.8  0.0191947
16  1.7  0.0251191
16  2.0  0.010721
16  3.0  0.000770609
16  2.5  0.00263731
16  3.5  0.000313433
16  5.0  1.29437e-05
16  5.5  5.74596e-06
16  4.0  8.14739e-05
16  4.5  3.1247e-05
16  7.0  7.00384e-07
16  6.5  1.35186e-06
16  7.5  3.86616e-07
16  6.0  2.73138e-06
16  8.0  2.18571e-07
16  9.0  7.91463e-08
16  8.5  1.31288e-07
16  9.5  4.94876e-08
16  10.0  3.18067e-08
16  10.5  2.10596e-08
18  0.2  2.45199
16  11.5  9.81533e-09
18  0.3  1.96907
18  0.4  1.52412
16  11.0  1.43461e-08
16  12.0  6.85137e-09
18  0.5  1.14439
18  0.6  0.840527
18  0.7  0.607959
18  0.8  0.436339
18  0.9  0.311701
18  1.0  0.222275
18  1.1  0.158729
18  1.2  0.113766
18  1.3  0.0815748
18  1.4  0.0602321
18  1.5  0.0439772
18  1.6  0.0315367
18  1.7  0.0235085
18  1.8  0.0173609
18  1.9  0.0132553
18  2.0  0.00985173
18  2.5  0.00238131
18  3.5  0.000268091
18  3.0  0.000729275
18  4.0  7.44675e-05
18  4.5  2.85096e-05
18  5.0  1.18521e-05
18  5.5  5.2482e-06
18  7.0  6.38864e-07
18  6.5  1.23273e-06
18  6.0  2.49159e-06
18  8.0  1.99583e-07
18  7.5  3.53236e-07
18  9.0  7.19531e-08
18  8.5  1.19443e-07
18  11.0  1.28566e-08
18  9.5  4.58481e-08
18  10.5  1.91755e-08
18  10.0  2.93111e-08
2  0.2  3.05039
2  0.3  2.46641
2  0.4  1.92516
2  0.5  1.45649
2  0.6  1.07892
2  0.7  0.788404
2  0.8  0.570307
2  0.9  0.410289
2  1.0  0.296313
2  1.1  0.213063
2  1.2  0.154411
2  1.3  0.110251
2  1.4  0.0810979
2  1.5  0.059819
2  1.6  0.0430253
2  1.7  0.0325039
2  1.8  0.02482
2  1.9  0.0179094
2  2.0  0.0138842
2  3.0  0.00108718
2  2.5  0.00324389
18  11.5  9.01204e-09
2  3.5  0.000421805
18  12.0  6.31439e-09
2  4.0  0.000107011
2  4.5  4.10877e-05
2  5.0  1.71111e-05
2  5.5  7.56541e-06
2  6.5  1.78548e-06
2  6.0  3.58316e-06
2  7.5  5.14315e-07
2  8.5  1.70528e-07
2  7.0  9.37456e-07
2  8.0  2.94359e-07
2  9.0  1.06162e-07
2  9.5  6.60369e-08
2  10.5  2.78879e-08
2  11.5  1.27671e-08
20  0.2  2.28521
2  10.0  4.27708e-08
20  0.3  1.83218
20  0.4  1.41623
20  0.5  1.05759
20  0.6  0.775621
20  0.7  0.559736
20  0.8  0.40041
20  0.9  0.286885
20  1.0  0.203537
20  1.1  0.145226
20  1.2  0.103424
20  1.3  0.0745416
2  12.0  9.06089e-09
20  1.4  0.0543802
20  1.5  0.0396032
20  1.6  0.0283476
20  1.7  0.0217069
20  1.9  0.0115469
20  1.8  0.0159695
2  11.0  1.8954e-08
20  2.0  0.0090384
20  2.5  0.00203666
20  3.0  0.000541649
20  3.5  -7.32999e-05
20  4.0  6.65781e-05
20  4.5  2.53481e-05
20  5.0  1.05647e-05
20  5.5  4.66956e-06
20  7.0  5.69934e-07
20  7.5  3.13648e-07
20  6.0  2.21937e-06
20  6.5  1.09826e-06
20  8.0  1.79383e-07
20  9.5  3.98955e-08
20  8.5  1.06355e-07
20  9.0  6.48371e-08
20  10.0  2.58858e-08
20  11.5  7.87446e-09
22  0.2  2.08886
22  0.3  1.66955
20  10.5  1.73476e-08
22  0.4  1.28551
22  0.5  0.958146
22  0.6  0.6997
22  0.7  0.503728
22  0.8  0.35977
20  11.0  1.16191e-08
22  0.9  0.255252
22  1.0  0.180945
22  1.1  0.129159
22  1.3  0.0669055
22  1.2  0.0915641
22  1.4  0.0479571
22  1.5  0.0340367
22  1.6  0.024999
22  1.8  0.013697
22  1.7  0.0184935
22  1.9  0.010088
22  2.5  0.00207467
22  2.0  0.00788735
22  3.5  0.000227101
22  3.0  0.000481901
20  12.0  5.61693e-09
22  4.0  5.7618e-05
22  4.5  2.19857e-05
22  5.0  9.05986e-06
22  6.0  1.90385e-06
22  5.5  4.03503e-06
22  7.0  4.92105e-07
22  7.5  2.7085e-07
22  6.5  9.48011e-07
22  8.0  1.53569e-07
22  8.5  9.097e-08
22  9.0  5.5466e-08
22  10.0  2.23759e-08
22  9.5  3.51195e-08
24  0.2  1.85461
22  11.0  9.9585e-09
24  0.3  1.4782
24  0.4  1.1336
22  10.5  1.48839e-08
24  0.5  0.842045
24  0.6  0.611671
24  0.7  0.43837
24  0.9  0.220638
24  0.8  0.311627
24  1.0  0.156041
24  1.1  0.11048
24  1.2  0.0783693
24  1.3  0.0570755
24  1.4  0.0407622
24  1.5  0.0293206
24  1.6  0.021134
24  1.7  0.015949
24  1.8  0.0114105
22  12.0  4.80536e-09
24  1.9  0.00872347
24  2.5  0.00175027
24  2.0  0.00664149
24  3.5  0.000187523
24  3.0  0.000473829
22  11.5  6.92249e-09
24  4.0  4.77962e-05
24  4.5  1.81726e-05
24  5.0  7.50647e-06
24  6.0  1.57299e-06
24  5.5  3.34127e-06
24  6.5  7.75402e-07
24  7.0  4.06489e-07
24  8.5  7.41061e-08
24  7.5  2.25438e-07
24  8.0  1.29616e-07
24  9.0  4.62822e-08
24  9.5  2.82902e-08
24  10.0  1.87137e-08
24  10.5  1.22094e-08
26  0.2  1.57654
24  11.0  8.23308e-09
26  0.3  1.25085
24  12.0  3.93943e-09
26  0.4  0.954821
26  0.5  0.704846
26  0.6  0.509885
26  0.7  0.362606
26  0.8  0.256204
24  11.5  5.6442e-09
26  0.9  0.180932
26  1.1  0.089861
26  1.0  0.127188
26  1.2  0.0635955
26  1.3  0.0450988
26  1.4  0.0322601
26  1.5  0.0235723
26  1.6  0.0173332
26  1.7  0.012578
26  1.8  0.00909396
26  1.9  0.00704603
26  2.5  0.00133973
26  2.0  0.00525461
26  3.0  0.00018932
26  3.5  0.000255685
26  4.0  3.72512e-05
26  4.5  1.41905e-05
26  5.0  5.83859e-06
26  5.5  2.59273e-06
26  6.5  6.00721e-07
26  6.0  1.21898e-06
26  8.0  9.78997e-08
26  7.0  3.18549e-07
26  7.5  1.73588e-07
26  10.0  1.4246e-08
26  8.5  5.82612e-08
26  9.0  3.58506e-08
26  9.5  2.23919e-08
26  10.5  9.41045e-09
28  0.2  1.25516
26  11.5  4.36281e-09
28  0.3  0.990991
26  12.0  3.06822e-09
26  11.0  6.35577e-09
28  0.4  0.750843
28  0.5  0.550652
28  0.6  0.394515
28  0.7  0.279075
28  0.8  0.195753
28  0.9  0.137359
28  1.0  0.0963025
28  1.1  0.067388
28  1.3  0.0340391
28  1.2  0.0472972
28  1.4  0.024329
28  1.5  0.0169609
28  1.6  0.0127199
28  1.7  0.00920551
28  1.8  0.00682407
28  1.9  0.00501535
28  2.0  0.00394741
28  2.5  0.000811429
28  3.0  0.00025844
28  3.5  0.00017544
28  5.5  1.81419e-06
28  4.5  1.00781e-05
28  5.0  4.14722e-06
28  4.0  2.65076e-05
28  6.0  8.60334e-07
28  7.0  2.21277e-07
28  7.5  1.2108e-07
28  6.5  4.27879e-07
28  8.5  4.04617e-08
28  9.0  2.48855e-08
28  9.5  1.56407e-08
28  8.0  6.97564e-08
28  10.0  9.98562e-09
28  10.5  6.61245e-09
28  11.5  3.05817e-09
30  0.2  0.906
28  12.0  2.14787e-09
30  0.3  0.709889
30  0.4  0.532826
30  0.5  0.386721
30  0.6  0.274313
28  11.0  4.51074e-09
30  0.7  0.192524
30  0.8  0.134028
30  0.9  0.0930788
30  1.0  0.0647898
30  1.1  0.0448474
30  1.2  0.031392
30  1.4  0.0158786
30  1.3  0.0220355
30  1.5  0.0114486
30  1.6  0.00835313
30  1.7  0.00588125
30  1.8  0.00449071
30  1.9  0.00328142
30  2.5  0.00064383
30  2.0  0.00246034
30  3.0  0.000167086
30  3.5  8.01462e-05
30  4.0  1.65278e-05
30  4.5  6.20843e-06
30  5.0  2.57489e-06
30  5.5  1.1314e-06
30  6.0  5.29662e-07
30  6.5  2.62619e-07
30  7.0  1.37646e-07
30  7.5  7.5249e-08
30  8.5  2.48082e-08
30  8.0  4.28119e-08
30  9.0  1.52107e-08
30  9.5  9.62067e-09
30  10.0  6.20864e-09
30  10.5  4.04525e-09
32  0.2  0.57112
30  11.5  1.88158e-09
32  0.3  0.442959
32  0.4  0.328652
32  0.5  0.235822
32  0.6  0.165595
30  11.0  2.7382e-09
32  0.7  0.114481
32  0.8  0.0786618
32  0.9  0.0542143
32  1.1  0.0259938
32  1.0  0.037268
32  1.2  0.0178935
32  1.3  0.0124416
32  1.4  0.00879804
30  12.0  1.31515e-09
32  1.5  0.00637425
32  1.6  0.00458501
32  1.7  0.00330576
32  1.8  0.00243328
32  1.9  0.00182233
32  2.0  0.00135988
32  3.0  9.71281e-05
32  2.5  0.000291447
32  3.5  4.4541e-05
32  4.5  3.25144e-06
32  4.0  8.60853e-06
32  5.0  1.3275e-06
32  5.5  5.87418e-07
32  6.0  2.72526e-07
32  6.5  1.35488e-07
32  7.0  7.03583e-08
32  8.5  1.27171e-08
32  7.5  3.86006e-08
32  8.0  2.18594e-08
32  9.0  7.7654e-09
32  10.5  2.05833e-09
32  9.5  4.92849e-09
34  0.2  0.306859
32  10.0  3.14784e-09
34  0.3  0.235138
34  0.4  0.172256
34  0.5  0.121876
34  0.6  0.0842172
34  0.7  0.0575447
34  0.8  0.039085
34  0.9  0.0266476
34  1.0  0.018135
34  1.1  0.0124172
34  1.2  0.00854258
32  11.5  9.58965e-10
34  1.3  0.00590192
34  1.4  0.00420322
34  1.5  0.00297756
32  11.0  1.39744e-09
34  1.6  0.00208884
34  1.7  0.00152745
34  1.9  0.000823106
34  1.8  0.00112773
34  2.0  0.000613215
34  2.5  9.53862e-05
34  3.0  5.30741e-05
34  3.5  3.12847e-05
32  12.0  6.79198e-10
34  4.0  3.70572e-06
34  4.5  1.37945e-06
34  5.0  5.63059e-07
34  6.0  1.14478e-07
34  6.5  5.58094e-08
34  5.5  2.45656e-07
34  7.5  1.59188e-08
34  7.0  2.9396e-08
34  9.0  3.20339e-09
34  8.0  9.11745e-09
34  9.5  2.00804e-09
34  8.5  5.35629e-09
34  10.0  1.3162e-09
34  11.5  3.97349e-10
4  0.2  3.03177
34  10.5  8.65821e-10
4  0.3  2.44961
4  0.4  1.91059
4  0.5  1.44841
4  0.6  1.07141
4  0.7  0.782327
4  0.8  0.566053
4  0.9  0.407324
4  1.0  0.292945
4  1.1  0.210781
4  1.2  0.153163
34  11.0  5.80395e-10
4  1.3  0.110079
4  1.4  0.0806133
4  1.5  0.0579167
4  1.6  0.0427018
4  1.7  0.0320773
4  1.8  0.0242991
4  1.9  0.0180432
4  2.0  0.013755
4  2.5  0.00294953
4  3.0  0.00107124
4  3.5  -4.55976e-05
34  12.0  2.81458e-10
4  4.0  0.000105861
4  5.5  7.49984e-06
4  4.5  4.06141e-05
4  5.0  1.68868e-05
4  6.5  1.76482e-06
4  7.5  5.084e-07
4  6.0  3.54213e-06
4  7.0  9.26744e-07
4  8.5  1.68621e-07
4  9.0  1.03762e-07
4  8.0  2.90686e-07
4  9.5  6.52874e-08
4  11.0  1.83818e-08
4  10.0  4.22199e-08
6  0.2  2.99699
4  10.5  2.78231e-08
6  0.3  2.42081
6  0.4  1.88799
6  0.5  1.42905
6  0.6  1.05881
6  0.7  0.771979
6  0.8  0.557869
6  0.9  0.401433
6  1.0  0.289295
6  1.2  0.150773
6  1.1  0.207422
4  12.0  8.96262e-09
6  1.3  0.107697
6  1.4  0.078486
6  1.5  0.0568236
6  1.6  0.0417974
6  1.7  0.0317805
6  1.8  0.0237428
6  1.9  0.017478
6  2.0  0.012269
6  3.0  0.00087258
6  2.5  0.00318049
6  3.5  0.000261857
4  11.5  1.28777e-08
6  5.5  7.34818e-06
6  4.0  0.000103747
6  4.5  3.99822e-05
6  5.0  1.65075e-05
6  6.0  3.47795e-06
6  6.5  1.73112e-06
6  7.5  4.98431e-07
6  8.5  1.65285e-07
6  7.0  9.09251e-07
6  9.0  1.01653e-07
6  8.0  2.84746e-07
6  10.0  4.12953e-08
6  9.5  6.3501e-08
6  11.0  1.79925e-08
6  11.5  1.24839e-08
8  0.2  2.9463
6  10.5  2.73149e-08
8  0.3  2.38149
8  0.4  1.8544
8  0.5  1.40419
8  0.6  1.03608
8  0.7  0.756591
8  0.8  0.547213
8  0.9  0.3933
8  1.0  0.282605
8  1.1  0.203005
8  1.3  0.107215
8  1.2  0.145914
8  1.4  0.0779045
8  1.5  0.0550461
8  1.6  0.0409386
8  1.7  0.0305595
8  1.9  0.0173008
8  1.8  0.0235154
8  2.0  0.013218
8  2.5  0.00326936
8  3.0  0.000438031
8  3.5  0.000263476
6  12.0  8.82382e-09
8  4.0  0.000101521
8  4.5  3.87734e-05
8  5.0  1.61583e-05
8  5.5  7.12791e-06
8  6.5  1.68288e-06
8  6.0  3.38619e-06
8  7.5  4.839e-07
8  7.0  8.84878e-07
8  8.5  1.61414e-07
8  8.0  2.77534e-07
8  9.0  9.96741e-08
8  10.0  3.97585e-08
8  9.5  6.22035e-08
8  10.5  2.63114e-08
8  12.0  8.43623e-09
8  11.0  1.77962e-08
8  11.5  1.22771e-08
